ElapsedTime_s	Ti49_CPS	Al27_CPS	S33_CPS	Sc45_CPS	V51_CPS	Mn55_CPS	Fe57_CPS	Co59_CPS	Ni60_CPS	Ga71_CPS	Zr90_CPS	Nb93_CPS	Mo97_CPS	In113_CPS	Sn119_CPS	Sn118_CPS	Sb121_CPS	Hf177_CPS	Ta181_CPS	W183_CPS	Pb206_CPS	Th232_CPS	U238_CPS	Tc97_CPS	Cd113_CPS	U232_CPS	Pu238_CPS
0	-12.81139	-585.3594	39.70117	61.92175	7.117439	-1989.754	792.5267	-67.97156	690.0356	-53.73666	82.91815	-6.049822	-5.338078	-17.08185	-30.60498	9345.772	-31.6726	-4.270463	-6.049822	193.9502	82.56228	-4.626335	-8.185054	-5.338078	-17.08185	-4.626335	-8.185054
																											
69.17	87.18861	214.6406	239.7012	-38.07825	-92.88256	-288.7544	92.52673	332.0284	-309.9644	-53.73666	82.91815	-6.049822	-5.338078	-17.08185	69.39502	143.7722	-31.6726	-4.270463	-6.049822	193.9502	-17.43772	-4.626335	-8.185054	-5.338078	-17.08185	-4.626335	-8.185054
69.46	-12.81139	214.6406	639.7012	161.9218	107.1174	-88.75439	-207.4733	332.0284	490.0356	-53.73666	-17.08185	-6.049822	-5.338078	82.91815	-30.60498	43.77225	-31.6726	-4.270463	-6.049822	-6.049822	-17.43772	-4.626335	-8.185054	-5.338078	82.91815	-4.626335	-8.185054
69.74	-12.81139	1614.641	-560.2988	61.92175	-92.88256	-288.7544	292.5267	432.0284	390.0356	46.26334	-17.08185	-6.049822	-5.338078	-17.08185	-130.605	43.77225	-31.6726	-4.270463	-6.049822	-6.049822	-17.43772	-4.626335	-8.185054	-5.338078	-17.08185	-4.626335	-8.185054
70.03	187.1886	-485.3594	-460.2988	-238.0782	7.117439	-689.7544	-107.4733	-367.9716	290.0356	-53.73666	-17.08185	-6.049822	-5.338078	-17.08185	69.39502	-156.2278	-31.6726	-4.270463	-6.049822	-6.049822	-17.43772	-4.626335	-8.185054	-5.338078	-17.08185	-4.626335	-8.185054
70.31	-12.81139	-385.3594	-1361.299	-38.07825	7.117439	-588.7544	-1107.473	-267.9716	-209.9644	46.26334	-17.08185	-6.049822	-5.338078	-17.08185	-30.60498	43.77225	-31.6726	-4.270463	-6.049822	-6.049822	-17.43772	-4.626335	-8.185054	-5.338078	-17.08185	-4.626335	-8.185054
70.6	-12.81139	-185.3594	1039.701	561.9218	107.1174	-188.7544	-507.4733	132.0284	-9.964355	46.26334	-17.08185	-6.049822	-5.338078	-17.08185	-130.605	43.77225	-31.6726	-4.270463	-6.049822	-6.049822	-17.43772	-4.626335	91.81495	-5.338078	-17.08185	-4.626335	91.81495
70.88	-12.81139	614.6406	739.7012	261.9218	-92.88256	-1289.754	792.5267	-67.97156	-509.9644	46.26334	-17.08185	-6.049822	-5.338078	-17.08185	-30.60498	-256.2278	-31.6726	95.72954	-6.049822	-6.049822	-17.43772	-4.626335	-8.185054	-5.338078	-17.08185	-4.626335	-8.185054
71.17	-12.81139	-285.3594	139.7012	61.92175	107.1174	-1189.754	-507.4733	832.0284	-109.9644	-53.73666	-17.08185	93.95018	-5.338078	-17.08185	-30.60498	-156.2278	-31.6726	-4.270463	-6.049822	-6.049822	82.56228	-4.626335	-8.185054	-5.338078	-17.08185	-4.626335	-8.185054
71.45	-12.81139	414.6406	1139.701	-338.0782	-92.88256	-388.7544	-207.4733	732.0284	-309.9644	-53.73666	-17.08185	-6.049822	-5.338078	-17.08185	-130.605	-56.22775	-31.6726	-4.270463	-6.049822	-6.049822	-17.43772	-4.626335	-8.185054	-5.338078	-17.08185	-4.626335	-8.185054
71.74	-12.81139	14.64062	-2361.299	661.9218	107.1174	-689.7544	-807.4733	-367.9716	1090.036	-53.73666	-17.08185	-6.049822	-5.338078	-17.08185	-30.60498	43.77225	-31.6726	-4.270463	-6.049822	-6.049822	-17.43772	-4.626335	-8.185054	-5.338078	-17.08185	-4.626335	-8.185054
72.02	-12.81139	814.6406	-961.2988	-238.0782	-92.88256	-989.7544	-307.4733	-67.97156	190.0356	46.26334	-17.08185	-6.049822	-5.338078	-17.08185	-30.60498	43.77225	-31.6726	-4.270463	-6.049822	-6.049822	-17.43772	-4.626335	-8.185054	-5.338078	-17.08185	-4.626335	-8.185054
72.31	87.18861	1214.641	439.7012	161.9218	107.1174	-989.7544	-207.4733	-67.97156	-109.9644	46.26334	-17.08185	-6.049822	-5.338078	-17.08185	169.395	-256.2278	-31.6726	-4.270463	-6.049822	-6.049822	-17.43772	-4.626335	-8.185054	-5.338078	-17.08185	-4.626335	-8.185054
72.59	-12.81139	-985.3594	339.7012	-538.0782	107.1174	-1189.754	-807.4733	-367.9716	490.0356	-53.73666	-17.08185	93.95018	-5.338078	-17.08185	-130.605	143.7722	-31.6726	-4.270463	-6.049822	-6.049822	-17.43772	-4.626335	-8.185054	-5.338078	-17.08185	-4.626335	-8.185054
72.88	87.18861	1014.641	239.7012	461.9218	107.1174	-789.7544	392.5267	32.02844	90.03564	46.26334	-17.08185	-6.049822	-5.338078	-17.08185	-30.60498	243.7722	-31.6726	-4.270463	-6.049822	-6.049822	-17.43772	-4.626335	91.81495	-5.338078	-17.08185	-4.626335	91.81495
73.16	-12.81139	214.6406	839.7012	-138.0782	-92.88256	111.2456	492.5267	-67.97156	-509.9644	-53.73666	-17.08185	-6.049822	-5.338078	-17.08185	269.395	-56.22775	-31.6726	-4.270463	-6.049822	93.95018	-17.43772	-4.626335	-8.185054	-5.338078	-17.08185	-4.626335	-8.185054
73.45	-12.81139	-685.3594	-360.2988	-38.07825	7.117439	-1089.754	892.5267	232.0284	190.0356	146.2633	-17.08185	-6.049822	-5.338078	-17.08185	-30.60498	43.77225	-31.6726	-4.270463	-6.049822	-6.049822	-17.43772	-4.626335	-8.185054	-5.338078	-17.08185	-4.626335	-8.185054
73.73	-12.81139	414.6406	-460.2988	361.9218	-92.88256	11.24561	-107.4733	32.02844	290.0356	246.2633	-17.08185	-6.049822	-5.338078	-17.08185	-30.60498	43.77225	-31.6726	-4.270463	-6.049822	-6.049822	-17.43772	-4.626335	-8.185054	-5.338078	-17.08185	-4.626335	-8.185054
74.02	-12.81139	114.6406	-360.2988	61.92175	7.117439	-889.7544	392.5267	-167.9716	-9.964355	146.2633	82.91815	-6.049822	-5.338078	-17.08185	69.39502	643.7722	68.3274	-4.270463	-6.049822	-6.049822	82.56228	-4.626335	-8.185054	-5.338078	-17.08185	-4.626335	-8.185054
74.3	-12.81139	2315.641	-360.2988	761.9218	7.117439	-1689.754	492.5267	232.0284	690.0356	46.26334	-17.08185	-6.049822	-5.338078	-17.08185	-130.605	-256.2278	-31.6726	-4.270463	-6.049822	-6.049822	82.56228	-4.626335	-8.185054	-5.338078	-17.08185	-4.626335	-8.185054
74.59	-12.81139	414.6406	639.7012	-38.07825	107.1174	-889.7544	292.5267	-567.9716	-109.9644	46.26334	-17.08185	-6.049822	94.66192	-17.08185	69.39502	43.77225	-31.6726	-4.270463	-6.049822	-6.049822	-17.43772	-4.626335	-8.185054	94.66192	-17.08185	-4.626335	-8.185054
74.87	-12.81139	1314.641	1039.701	-38.07825	7.117439	-1489.754	392.5267	-267.9716	-109.9644	46.26334	-17.08185	-6.049822	-5.338078	-17.08185	-130.605	-56.22775	-31.6726	-4.270463	-6.049822	-6.049822	-17.43772	-4.626335	-8.185054	-5.338078	-17.08185	-4.626335	-8.185054
75.16	-12.81139	214.6406	239.7012	261.9218	207.1174	-588.7544	-7.473267	432.0284	290.0356	-53.73666	-17.08185	-6.049822	-5.338078	-17.08185	-130.605	143.7722	-31.6726	-4.270463	-6.049822	-6.049822	-17.43772	-4.626335	-8.185054	-5.338078	-17.08185	-4.626335	-8.185054
75.44	-12.81139	314.6406	539.7012	261.9218	-92.88256	-1889.754	-407.4733	-67.97156	-9.964355	-53.73666	82.91815	-6.049822	94.66192	-17.08185	69.39502	-256.2278	-31.6726	-4.270463	-6.049822	-6.049822	-17.43772	-4.626335	-8.185054	94.66192	-17.08185	-4.626335	-8.185054
75.73	-12.81139	414.6406	-60.29883	-238.0782	-92.88256	-789.7544	92.52673	32.02844	190.0356	-53.73666	-17.08185	-6.049822	-5.338078	-17.08185	69.39502	-156.2278	68.3274	-4.270463	-6.049822	-6.049822	82.56228	-4.626335	-8.185054	-5.338078	-17.08185	-4.626335	-8.185054
76.02	87.18861	-85.35938	39.70117	261.9218	7.117439	-1989.754	92.52673	-167.9716	190.0356	46.26334	-17.08185	-6.049822	-5.338078	-17.08185	69.39502	243.7722	-31.6726	-4.270463	-6.049822	-6.049822	-17.43772	-4.626335	-8.185054	-5.338078	-17.08185	-4.626335	-8.185054
76.3	-12.81139	1314.641	-460.2988	361.9218	-92.88256	-488.7544	-307.4733	232.0284	390.0356	46.26334	-17.08185	-6.049822	-5.338078	-17.08185	-30.60498	43.77225	-31.6726	-4.270463	-6.049822	-6.049822	-17.43772	-4.626335	-8.185054	-5.338078	-17.08185	-4.626335	-8.185054
76.59	-12.81139	1214.641	939.7012	361.9218	-92.88256	-989.7544	92.52673	32.02844	90.03564	46.26334	-17.08185	-6.049822	-5.338078	-17.08185	-30.60498	-56.22775	-31.6726	-4.270463	-6.049822	-6.049822	-17.43772	-4.626335	-8.185054	-5.338078	-17.08185	-4.626335	-8.185054
76.87	-12.81139	714.6406	1139.701	261.9218	107.1174	211.2456	-207.4733	-367.9716	-709.9644	-53.73666	-17.08185	-6.049822	-5.338078	-17.08185	-30.60498	143.7722	-31.6726	-4.270463	-6.049822	-6.049822	-17.43772	-4.626335	-8.185054	-5.338078	-17.08185	-4.626335	-8.185054
77.16	-12.81139	714.6406	-460.2988	-338.0782	-92.88256	-288.7544	-307.4733	32.02844	-9.964355	-53.73666	-17.08185	-6.049822	-5.338078	-17.08185	69.39502	-56.22775	-31.6726	-4.270463	-6.049822	93.95018	82.56228	-4.626335	-8.185054	-5.338078	-17.08185	-4.626335	-8.185054
77.44	87.18861	414.6406	439.7012	261.9218	7.117439	-989.7544	192.5267	332.0284	-209.9644	-53.73666	-17.08185	-6.049822	-5.338078	82.91815	-30.60498	-56.22775	-31.6726	-4.270463	-6.049822	-6.049822	-17.43772	-4.626335	-8.185054	-5.338078	82.91815	-4.626335	-8.185054
77.73	-12.81139	514.6406	39.70117	161.9218	-92.88256	-1589.754	-407.4733	-67.97156	890.0356	46.26334	-17.08185	-6.049822	-5.338078	82.91815	-130.605	43.77225	-31.6726	-4.270463	-6.049822	-6.049822	-17.43772	-4.626335	-8.185054	-5.338078	82.91815	-4.626335	-8.185054
78.01	-12.81139	714.6406	-861.2988	61.92175	107.1174	-1389.754	-807.4733	-167.9716	-309.9644	-53.73666	-17.08185	-6.049822	-5.338078	-17.08185	-30.60498	-256.2278	-31.6726	-4.270463	-6.049822	-6.049822	-17.43772	-4.626335	-8.185054	-5.338078	-17.08185	-4.626335	-8.185054
78.29	-12.81139	-385.3594	-260.2988	-138.0782	-92.88256	-1089.754	-1207.473	-67.97156	-9.964355	46.26334	-17.08185	-6.049822	94.66192	-17.08185	69.39502	343.7722	-31.6726	-4.270463	-6.049822	-6.049822	-17.43772	-4.626335	-8.185054	94.66192	-17.08185	-4.626335	-8.185054
78.58	87.18861	-685.3594	-460.2988	-38.07825	-92.88256	-1489.754	192.5267	-467.9716	390.0356	46.26334	-17.08185	-6.049822	-5.338078	-17.08185	69.39502	-56.22775	-31.6726	-4.270463	-6.049822	-6.049822	-17.43772	-4.626335	-8.185054	-5.338078	-17.08185	-4.626335	-8.185054
78.87	-12.81139	1014.641	-560.2988	-438.0782	-92.88256	-789.7544	-207.4733	232.0284	90.03564	-53.73666	-17.08185	-6.049822	-5.338078	-17.08185	-130.605	43.77225	-31.6726	-4.270463	-6.049822	-6.049822	-17.43772	-4.626335	-8.185054	-5.338078	-17.08185	-4.626335	-8.185054
79.15	-12.81139	-385.3594	-560.2988	-38.07825	7.117439	-1189.754	-107.4733	-167.9716	-809.9644	-53.73666	82.91815	-6.049822	94.66192	-17.08185	69.39502	-356.2278	-31.6726	-4.270463	-6.049822	-6.049822	-17.43772	-4.626335	-8.185054	94.66192	-17.08185	-4.626335	-8.185054
79.44	-12.81139	1614.641	39.70117	-38.07825	-92.88256	-989.7544	-207.4733	-267.9716	-509.9644	46.26334	-17.08185	-6.049822	-5.338078	-17.08185	-130.605	43.77225	-31.6726	-4.270463	-6.049822	-6.049822	-17.43772	-4.626335	-8.185054	-5.338078	-17.08185	-4.626335	-8.185054
79.72	-12.81139	2915.641	-160.2988	61.92175	7.117439	-989.7544	-407.4733	132.0284	390.0356	46.26334	-17.08185	-6.049822	-5.338078	-17.08185	-30.60498	143.7722	-31.6726	-4.270463	-6.049822	-6.049822	-17.43772	-4.626335	-8.185054	-5.338078	-17.08185	-4.626335	-8.185054
80	-12.81139	-85.35938	-761.2988	-338.0782	7.117439	-1289.754	-207.4733	132.0284	-9.964355	-53.73666	182.9182	-6.049822	-5.338078	-17.08185	-130.605	-156.2278	-31.6726	95.72954	-6.049822	-6.049822	-17.43772	-4.626335	-8.185054	-5.338078	-17.08185	-4.626335	-8.185054
80.29	-12.81139	114.6406	-460.2988	-38.07825	7.117439	-588.7544	-7.473267	132.0284	290.0356	-53.73666	-17.08185	-6.049822	-5.338078	-17.08185	-130.605	243.7722	68.3274	-4.270463	-6.049822	-6.049822	-17.43772	-4.626335	-8.185054	-5.338078	-17.08185	-4.626335	-8.185054
80.58	-12.81139	-485.3594	239.7012	-538.0782	7.117439	-1289.754	192.5267	-167.9716	290.0356	46.26334	-17.08185	-6.049822	-5.338078	-17.08185	-30.60498	-56.22775	-31.6726	-4.270463	-6.049822	-6.049822	-17.43772	95.37366	-8.185054	-5.338078	-17.08185	95.37366	-8.185054
80.86	-12.81139	-385.3594	-560.2988	-238.0782	7.117439	111.2456	-307.4733	132.0284	290.0356	-53.73666	-17.08185	-6.049822	94.66192	-17.08185	269.395	-56.22775	-31.6726	-4.270463	-6.049822	-6.049822	82.56228	-4.626335	-8.185054	94.66192	-17.08185	-4.626335	-8.185054
81.15	-12.81139	114.6406	339.7012	-538.0782	107.1174	-488.7544	-7.473267	432.0284	90.03564	-53.73666	-17.08185	-6.049822	-5.338078	-17.08185	-30.60498	-256.2278	-31.6726	-4.270463	-6.049822	-6.049822	-17.43772	-4.626335	-8.185054	-5.338078	-17.08185	-4.626335	-8.185054
81.43	87.18861	-85.35938	1039.701	61.92175	7.117439	-1389.754	92.52673	332.0284	290.0356	-53.73666	-17.08185	-6.049822	-5.338078	-17.08185	-130.605	-156.2278	-31.6726	-4.270463	-6.049822	-6.049822	-17.43772	-4.626335	-8.185054	-5.338078	-17.08185	-4.626335	-8.185054
81.72	-12.81139	-385.3594	39.70117	-238.0782	107.1174	-689.7544	-607.4733	32.02844	490.0356	46.26334	-17.08185	93.95018	-5.338078	-17.08185	-30.60498	-56.22775	-31.6726	-4.270463	-6.049822	-6.049822	-17.43772	-4.626335	-8.185054	-5.338078	-17.08185	-4.626335	-8.185054
82	-12.81139	214.6406	639.7012	-438.0782	7.117439	-588.7544	592.5267	-367.9716	490.0356	46.26334	-17.08185	-6.049822	-5.338078	-17.08185	-30.60498	-156.2278	-31.6726	-4.270463	-6.049822	-6.049822	82.56228	-4.626335	-8.185054	-5.338078	-17.08185	-4.626335	-8.185054
82.29	-12.81139	1014.641	-560.2988	-38.07825	107.1174	-1889.754	-307.4733	432.0284	390.0356	46.26334	-17.08185	-6.049822	-5.338078	-17.08185	-130.605	-56.22775	-31.6726	-4.270463	-6.049822	-6.049822	-17.43772	-4.626335	-8.185054	-5.338078	-17.08185	-4.626335	-8.185054
82.57	-12.81139	1414.641	-560.2988	-238.0782	-92.88256	511.2456	-407.4733	-367.9716	190.0356	46.26334	-17.08185	-6.049822	-5.338078	-17.08185	-130.605	243.7722	-31.6726	-4.270463	-6.049822	93.95018	-17.43772	-4.626335	-8.185054	-5.338078	-17.08185	-4.626335	-8.185054
82.86	-12.81139	-85.35938	-560.2988	-338.0782	7.117439	-588.7544	92.52673	-167.9716	290.0356	46.26334	82.91815	-6.049822	-5.338078	-17.08185	-130.605	-56.22775	68.3274	-4.270463	-6.049822	-6.049822	-17.43772	-4.626335	-8.185054	-5.338078	-17.08185	-4.626335	-8.185054
83.14	-12.81139	514.6406	39.70117	61.92175	-92.88256	-1589.754	-307.4733	32.02844	290.0356	46.26334	-17.08185	-6.049822	-5.338078	-17.08185	169.395	43.77225	-31.6726	-4.270463	-6.049822	-6.049822	-17.43772	-4.626335	-8.185054	-5.338078	-17.08185	-4.626335	-8.185054
83.43	-12.81139	1014.641	-1461.299	-138.0782	-92.88256	-889.7544	-1007.473	132.0284	690.0356	-53.73666	-17.08185	-6.049822	-5.338078	-17.08185	-30.60498	-256.2278	-31.6726	95.72954	-6.049822	-6.049822	82.56228	-4.626335	91.81495	-5.338078	-17.08185	-4.626335	91.81495
83.71	-12.81139	-285.3594	-360.2988	-38.07825	-92.88256	-1689.754	-207.4733	232.0284	-509.9644	146.2633	-17.08185	-6.049822	-5.338078	-17.08185	69.39502	243.7722	-31.6726	-4.270463	-6.049822	-6.049822	-17.43772	-4.626335	-8.185054	-5.338078	-17.08185	-4.626335	-8.185054
84	-12.81139	514.6406	-260.2988	61.92175	-92.88256	-889.7544	292.5267	332.0284	-9.964355	-53.73666	-17.08185	-6.049822	-5.338078	-17.08185	-30.60498	-256.2278	-31.6726	-4.270463	-6.049822	-6.049822	-17.43772	-4.626335	-8.185054	-5.338078	-17.08185	-4.626335	-8.185054
84.28	-12.81139	914.6406	-560.2988	-738.0782	-92.88256	-88.75439	192.5267	32.02844	490.0356	-53.73666	-17.08185	-6.049822	94.66192	-17.08185	-30.60498	243.7722	-31.6726	-4.270463	-6.049822	193.9502	-17.43772	-4.626335	-8.185054	94.66192	-17.08185	-4.626335	-8.185054
84.57	-12.81139	614.6406	439.7012	561.9218	-92.88256	-1389.754	-207.4733	332.0284	490.0356	46.26334	82.91815	93.95018	-5.338078	-17.08185	-130.605	-56.22775	-31.6726	-4.270463	-6.049822	-6.049822	-17.43772	-4.626335	-8.185054	-5.338078	-17.08185	-4.626335	-8.185054
84.85	-12.81139	414.6406	339.7012	161.9218	-92.88256	-2189.754	392.5267	-267.9716	90.03564	-53.73666	-17.08185	-6.049822	-5.338078	82.91815	-30.60498	-56.22775	-31.6726	-4.270463	-6.049822	-6.049822	82.56228	-4.626335	91.81495	-5.338078	82.91815	-4.626335	91.81495
85.14	87.18861	914.6406	-861.2988	-338.0782	-92.88256	-2689.754	792.5267	-167.9716	90.03564	46.26334	-17.08185	-6.049822	-5.338078	-17.08185	-130.605	43.77225	-31.6726	-4.270463	-6.049822	-6.049822	-17.43772	-4.626335	-8.185054	-5.338078	-17.08185	-4.626335	-8.185054
85.42	-12.81139	314.6406	639.7012	-138.0782	-92.88256	-2489.754	292.5267	-167.9716	-9.964355	46.26334	-17.08185	-6.049822	-5.338078	-17.08185	-130.605	-156.2278	-31.6726	-4.270463	-6.049822	-6.049822	-17.43772	-4.626335	-8.185054	-5.338078	-17.08185	-4.626335	-8.185054
85.71	-12.81139	14.64062	-260.2988	-238.0782	107.1174	-188.7544	-407.4733	-67.97156	1490.036	-53.73666	-17.08185	-6.049822	-5.338078	-17.08185	-30.60498	143.7722	-31.6726	-4.270463	-6.049822	-6.049822	-17.43772	-4.626335	-8.185054	-5.338078	-17.08185	-4.626335	-8.185054
85.99	-12.81139	-85.35938	1139.701	661.9218	7.117439	-889.7544	-307.4733	-367.9716	290.0356	46.26334	-17.08185	-6.049822	-5.338078	-17.08185	-30.60498	-156.2278	-31.6726	-4.270463	-6.049822	-6.049822	-17.43772	95.37366	-8.185054	-5.338078	-17.08185	95.37366	-8.185054
86.28	-12.81139	314.6406	-260.2988	-138.0782	107.1174	-689.7544	-407.4733	-267.9716	-9.964355	-53.73666	-17.08185	-6.049822	-5.338078	82.91815	69.39502	143.7722	68.3274	-4.270463	-6.049822	-6.049822	-17.43772	-4.626335	-8.185054	-5.338078	82.91815	-4.626335	-8.185054
86.56	-12.81139	914.6406	-761.2988	-138.0782	7.117439	211.2456	-307.4733	-167.9716	90.03564	146.2633	-17.08185	-6.049822	-5.338078	-17.08185	-130.605	-156.2278	-31.6726	-4.270463	-6.049822	-6.049822	-17.43772	-4.626335	-8.185054	-5.338078	-17.08185	-4.626335	-8.185054
86.84	-12.81139	14.64062	-961.2988	161.9218	-92.88256	-388.7544	92.52673	-467.9716	890.0356	146.2633	-17.08185	-6.049822	-5.338078	-17.08185	-30.60498	43.77225	-31.6726	-4.270463	-6.049822	-6.049822	-17.43772	-4.626335	-8.185054	-5.338078	-17.08185	-4.626335	-8.185054
87.13	87.18861	814.6406	-160.2988	-38.07825	7.117439	-1589.754	92.52673	-167.9716	-9.964355	46.26334	-17.08185	-6.049822	-5.338078	-17.08185	-130.605	43.77225	-31.6726	-4.270463	-6.049822	-6.049822	-17.43772	-4.626335	-8.185054	-5.338078	-17.08185	-4.626335	-8.185054
87.42	-12.81139	514.6406	739.7012	-138.0782	-92.88256	-1189.754	392.5267	132.0284	990.0356	-53.73666	-17.08185	-6.049822	-5.338078	-17.08185	-130.605	143.7722	-31.6726	-4.270463	-6.049822	-6.049822	-17.43772	-4.626335	-8.185054	-5.338078	-17.08185	-4.626335	-8.185054
87.7	87.18861	2114.641	-1161.299	61.92175	-92.88256	11.24561	-307.4733	32.02844	1090.036	-53.73666	-17.08185	-6.049822	-5.338078	-17.08185	69.39502	-56.22775	-31.6726	-4.270463	193.9502	-6.049822	-17.43772	-4.626335	-8.185054	-5.338078	-17.08185	-4.626335	-8.185054
87.99	-12.81139	1514.641	39.70117	161.9218	7.117439	211.2456	692.5267	332.0284	-609.9644	-53.73666	-17.08185	-6.049822	-5.338078	-17.08185	69.39502	-256.2278	-31.6726	-4.270463	-6.049822	-6.049822	-17.43772	-4.626335	-8.185054	-5.338078	-17.08185	-4.626335	-8.185054
88.27	-12.81139	-585.3594	539.7012	-338.0782	207.1174	-1889.754	-507.4733	-67.97156	390.0356	-53.73666	-17.08185	-6.049822	-5.338078	-17.08185	-30.60498	43.77225	268.3274	-4.270463	-6.049822	-6.049822	-17.43772	-4.626335	-8.185054	-5.338078	-17.08185	-4.626335	-8.185054
88.56	-12.81139	1114.641	939.7012	-138.0782	107.1174	-288.7544	-507.4733	-67.97156	-109.9644	46.26334	-17.08185	-6.049822	-5.338078	-17.08185	-130.605	-156.2278	-31.6726	-4.270463	-6.049822	-6.049822	-17.43772	-4.626335	-8.185054	-5.338078	-17.08185	-4.626335	-8.185054
88.84	87.18861	-685.3594	139.7012	-438.0782	-92.88256	-588.7544	192.5267	232.0284	290.0356	46.26334	-17.08185	-6.049822	-5.338078	-17.08185	-130.605	43.77225	68.3274	-4.270463	-6.049822	-6.049822	-17.43772	-4.626335	-8.185054	-5.338078	-17.08185	-4.626335	-8.185054
89.13	-12.81139	614.6406	-761.2988	361.9218	-92.88256	-1589.754	492.5267	-167.9716	390.0356	46.26334	-17.08185	-6.049822	-5.338078	-17.08185	169.395	-256.2278	-31.6726	-4.270463	-6.049822	-6.049822	-17.43772	-4.626335	-8.185054	-5.338078	-17.08185	-4.626335	-8.185054
89.41	-12.81139	-785.3594	-1761.299	-438.0782	7.117439	-689.7544	592.5267	132.0284	390.0356	146.2633	-17.08185	-6.049822	-5.338078	-17.08185	69.39502	-256.2278	-31.6726	-4.270463	-6.049822	-6.049822	-17.43772	-4.626335	-8.185054	-5.338078	-17.08185	-4.626335	-8.185054
89.7	-12.81139	-585.3594	339.7012	261.9218	207.1174	-388.7544	-107.4733	132.0284	690.0356	46.26334	-17.08185	-6.049822	-5.338078	-17.08185	-130.605	-56.22775	-31.6726	-4.270463	-6.049822	-6.049822	-17.43772	-4.626335	-8.185054	-5.338078	-17.08185	-4.626335	-8.185054
89.98	-12.81139	1414.641	-961.2988	-238.0782	507.1174	-789.7544	-207.4733	32.02844	90.03564	746.2634	682.9182	-6.049822	94.66192	182.9182	9629203	2.267802e+07	168.3274	95.72954	193.9502	4293.95	9584.562	-4.626335	691.8149	94.66192	182.9182	-4.626335	691.8149
90.27	87.18861	58998.64	139.7012	35087.92	7.117439	111.2456	15198.53	332.0284	1790.036	9248.264	18689.92	-6.049822	-5.338078	1382.918	5.284504e+07	1.12136e+08	1768.327	195.7295	93.95018	26407.95	10984.56	-4.626335	3591.815	-5.338078	1382.918	-4.626335	3591.815
90.55	1087.189	60703.64	1339.701	87618.92	207.1174	911.2456	27409.53	1432.028	2890.036	17352.26	33304.92	93.95018	94.66192	1782.918	7.129831e+07	1.602021e+08	3168.327	495.7295	93.95018	134957	11585.56	-4.626335	3891.815	94.66192	1782.918	-4.626335	3891.815
90.84	287.1886	71635.64	1439.701	109204.9	107.1174	-789.7544	35420.53	2232.028	2090.036	22356.26	40815.92	393.9502	194.6619	2682.918	9.057088e+07	2.483354e+08	3168.327	1895.729	93.95018	363618.9	9984.562	-4.626335	3991.815	194.6619	2682.918	-4.626335	3991.815
91.13	1687.189	79560.64	3440.701	128395.9	3507.117	3612.246	49344.53	2132.028	2590.036	27862.26	50333.92	893.9502	-5.338078	2882.918	1.053989e+08	2.76381e+08	3268.327	2395.729	493.9502	638032.9	9484.562	95.37366	5192.815	-5.338078	2882.918	95.37366	5192.815
91.41	2587.189	150806.6	3040.701	126284.9	5708.118	6613.246	67990.52	1732.028	3290.036	23057.26	50433.92	1993.95	-5.338078	2882.918	1.0768e+08	2.904044e+08	2668.327	1495.729	793.9502	913587.9	7083.562	-4.626335	5192.815	-5.338078	2882.918	-4.626335	5192.815
91.7	3487.189	476329.6	3240.701	122164.9	7608.118	10815.25	95080.52	3432.028	4291.036	23557.26	56746.92	2893.95	-5.338078	2182.918	1.130471e+08	3.32477e+08	2868.327	2095.729	193.9502	1249246	10284.56	95.37366	5192.815	-5.338078	2182.918	95.37366	5192.815
91.98	4487.188	384952.6	2539.701	119551.9	10009.12	12417.25	83136.52	1532.028	3591.036	16251.26	54141.92	4093.95	-5.338078	1382.918	1.288166e+08	3.364841e+08	2568.327	1995.729	93.95018	1569034	9684.562	-4.626335	3991.815	-5.338078	1382.918	-4.626335	3991.815
92.27	5088.188	326819.6	3740.701	112418.9	8609.117	13117.25	87552.52	2332.028	3591.036	12049.26	61758.92	3393.95	-5.338078	1582.918	1.238638e+08	4.00602e+08	3068.327	1295.729	93.95018	1664308	11885.56	-4.626335	3791.815	-5.338078	1582.918	-4.626335	3791.815
92.56	4487.188	498766.6	2039.701	97957.92	7508.118	10015.25	57262.53	2532.028	3791.036	14550.26	49832.92	3193.95	-5.338078	1782.918	1.288458e+08	3.044282e+08	2468.327	1395.729	93.95018	1612578	9284.562	-4.626335	2991.815	-5.338078	1782.918	-4.626335	2991.815
92.84	3087.189	263563.6	4240.701	91131.92	6308.118	7513.246	55758.53	2232.028	4191.036	11249.26	50032.92	2593.95	-5.338078	1282.918	1.30235e+08	3.665384e+08	2668.327	895.7296	-6.049822	1416308	8383.562	95.37366	1891.815	-5.338078	1282.918	95.37366	1891.815
93.13	3587.189	229824.6	4440.701	78889.92	6608.118	9415.246	51349.53	2332.028	3691.036	8147.263	47026.92	3293.95	-5.338078	1082.918	1.299425e+08	3.565201e+08	2168.327	1695.729	293.9502	1370772	9684.562	-4.626335	2291.815	-5.338078	1082.918	-4.626335	2291.815
93.41	4487.188	198953.6	1739.701	69260.92	9809.117	7113.246	61873.53	3432.028	3090.036	7447.263	48028.92	2693.95	-5.338078	682.9182	1.29416e+08	3.585237e+08	2568.327	1795.729	393.9502	1129444	10484.56	-4.626335	2391.815	-5.338078	682.9182	-4.626335	2391.815
93.7	6988.188	274988.6	3740.701	60036.92	14511.12	13317.25	82434.52	2532.028	2490.036	6247.263	44822.92	4793.95	-5.338078	882.9182	1.291382e+08	3.444984e+08	1568.327	1995.729	293.9502	905293.9	12585.56	-4.626335	2091.815	-5.338078	882.9182	-4.626335	2091.815
93.98	8188.188	246081.6	2739.701	52017.92	19815.12	12016.25	77819.52	3132.028	3390.036	6847.263	46525.92	2593.95	-5.338078	482.9182	1.327808e+08	3.084351e+08	1468.327	1795.729	393.9502	695536.9	11084.56	-4.626335	1691.815	-5.338078	482.9182	-4.626335	1691.815
94.27	8388.188	232247.6	2940.701	49211.92	19014.12	11616.25	92269.52	3132.028	4791.036	8447.264	41717.92	2893.95	-5.338078	682.9182	1.371596e+08	3.384877e+08	2368.327	1495.729	-6.049822	542414.9	12385.56	-4.626335	2491.815	-5.338078	682.9182	-4.626335	2491.815
94.56	9089.188	218117.6	4240.701	65349.92	16412.12	6913.246	60770.53	3032.028	3090.036	11249.26	41917.92	2493.95	-5.338078	2082.918	1.361193e+08	3.805643e+08	2068.327	1895.729	93.95018	424771.9	10684.56	-4.626335	2091.815	-5.338078	2082.918	-4.626335	2091.815
94.84	5588.188	172450.6	4940.701	73271.92	11210.12	7714.246	55157.53	3832.028	4491.036	13450.26	46625.92	1293.95	-5.338078	1982.918	1.296792e+08	3.444984e+08	2668.327	1695.729	-6.049822	325701.9	10584.56	95.37366	2791.815	-5.338078	1982.918	95.37366	2791.815
95.13	2587.189	248607.6	3440.701	98559.92	9209.117	4812.246	59668.53	1732.028	3791.036	16552.26	47427.92	993.9502	-5.338078	2782.918	1.372769e+08	3.645347e+08	2968.327	2195.729	-6.049822	255594	10584.56	-4.626335	3391.815	-5.338078	2782.918	-4.626335	3391.815
95.41	2387.189	93010.64	3440.701	115432.9	6508.118	2211.246	66586.52	1932.028	4291.036	20655.26	45724.92	1293.95	-5.338078	3582.918	1.342154e+08	4.34668e+08	4168.328	1695.729	-6.049822	222480	10384.56	-4.626335	5792.815	-5.338078	3582.918	-4.626335	5792.815
95.7	2287.189	76851.64	2739.701	144081.9	4207.118	3212.246	62475.53	3232.028	3090.036	28562.26	63663.92	493.9502	94.66192	4282.918	1.462272e+08	4.166328e+08	3568.327	1295.729	93.95018	203418	12185.56	95.37366	6392.815	94.66192	4282.918	95.37366	6392.815
95.99	1687.189	84779.64	2839.701	167829.9	5308.118	1411.246	64179.53	2332.028	3090.036	31165.26	64666.92	993.9502	-5.338078	4582.918	1.232774e+08	3.505092e+08	4168.328	1595.729	93.95018	158897	11485.56	-4.626335	6692.815	-5.338078	4582.918	-4.626335	6692.815
96.27	1487.189	57996.64	3640.701	180619.9	3707.117	2011.246	54355.53	2332.028	3791.036	35371.26	63663.92	593.9502	-5.338078	4982.918	1.396517e+08	3.565201e+08	4868.328	2495.729	-6.049822	140789	10884.56	-4.626335	6092.815	-5.338078	4982.918	-4.626335	6092.815
96.56	1287.189	54788.64	3140.701	198353.9	3207.117	811.2456	58064.53	3232.028	4191.036	39077.26	68476.92	693.9502	194.6619	4982.918	1.367493e+08	3.765569e+08	5469.328	1795.729	93.95018	120584	8984.562	195.3737	7192.815	194.6619	4982.918	195.3737	7192.815
96.84	587.1886	48072.64	2739.701	202184.9	2407.117	211.2456	55758.53	2332.028	4991.036	39978.26	70381.92	293.9502	-5.338078	4582.918	1.383321e+08	3.605274e+08	4368.328	2795.729	93.95018	111844	12985.56	-4.626335	6992.815	-5.338078	4582.918	-4.626335	6992.815
97.13	887.1886	53886.64	5340.701	231538.9	1607.117	-188.7544	62575.53	2332.028	5091.036	40579.26	83321.92	93.95018	-5.338078	4282.918	1.511184e+08	3.665384e+08	4168.328	1795.729	93.95018	85840.95	10884.56	-4.626335	6392.815	-5.338078	4282.918	-4.626335	6392.815
97.42	2987.189	38654.64	3140.701	220438.9	2707.117	411.2456	61472.53	3832.028	4091.036	43183.26	88438.92	93.95018	-5.338078	2282.918	1.339665e+08	4.00602e+08	4168.328	3395.729	93.95018	81827.95	11885.56	-4.626335	6192.815	-5.338078	2282.918	-4.626335	6192.815
97.7	2987.189	41158.64	3640.701	223666.9	3007.117	111.2456	47841.53	3032.028	2890.036	41781.26	84725.92	393.9502	-5.338078	3382.918	1.332491e+08	4.166328e+08	3468.327	3595.729	93.95018	63774.95	9484.562	-4.626335	4891.815	-5.338078	3382.918	-4.626335	4891.815
97.99	2887.189	32944.64	2940.701	194019.9	5708.118	-989.7544	37623.53	3232.028	4491.036	34370.26	80311.92	593.9502	-5.338078	2982.918	1.371977e+08	4.206406e+08	3068.327	3095.729	193.9502	57860.95	10284.56	-4.626335	4291.815	-5.338078	2982.918	-4.626335	4291.815
98.27	3987.189	25133.64	4040.701	150016.9	15212.12	-889.7544	33918.53	3232.028	3791.036	30465.26	71183.92	93.95018	-5.338078	1682.918	1.392264e+08	3.485056e+08	2468.327	3895.729	-6.049822	44232.95	11585.56	-4.626335	3391.815	-5.338078	1682.918	-4.626335	3391.815
98.56	6688.188	25934.64	2940.701	118144.9	23118.12	-588.7544	25907.53	2932.028	4091.036	23057.26	67473.92	493.9502	-5.338078	1882.918	1.337908e+08	3.965944e+08	2568.327	2195.729	-6.049822	39725.95	11885.56	-4.626335	1891.815	-5.338078	1882.918	-4.626335	1891.815
98.84	13291.19	25533.64	2039.701	94543.92	32228.12	-1189.754	23705.53	4032.028	2690.036	18753.26	59954.92	193.9502	-5.338078	1682.918	1.402823e+08	3.82568e+08	968.3274	2595.729	293.9502	21502.95	10584.56	-4.626335	1591.815	-5.338078	1682.918	-4.626335	1591.815
99.13	15392.19	10519.64	4740.701	76481.92	39038.12	811.2456	17500.53	2332.028	3691.036	14050.26	57348.92	393.9502	-5.338078	982.9182	1.370571e+08	3.925868e+08	1468.327	2795.729	-6.049822	22003.95	12385.56	-4.626335	1691.815	-5.338078	982.9182	-4.626335	1691.815
99.42	22397.19	14722.64	3940.701	77484.92	52663.12	-889.7544	15698.53	1932.028	4191.036	16251.26	48729.92	193.9502	-5.338078	1282.918	1.38596e+08	3.945906e+08	1368.327	1895.729	93.95018	22203.95	10084.56	-4.626335	2491.815	-5.338078	1282.918	-4.626335	2491.815
99.7	21797.19	11720.64	3140.701	81497.92	59879.12	-488.7544	19401.53	2432.028	4591.036	15251.26	49230.92	293.9502	-5.338078	2482.918	1.310395e+08	3.485056e+08	1768.327	1195.729	-6.049822	15698.95	8984.562	-4.626335	1991.815	-5.338078	2482.918	-4.626335	1991.815
99.99	14291.19	10719.64	3840.701	82801.92	38236.12	-288.7544	18801.53	2132.028	3390.036	20054.26	54942.92	293.9502	-5.338078	2082.918	1.322832e+08	3.184524e+08	1268.327	1495.729	193.9502	18200.95	11185.56	95.37366	1491.815	-5.338078	2082.918	95.37366	1491.815
100.28	16492.19	38453.64	5340.701	84808.92	32628.12	-488.7544	25307.53	2532.028	3691.036	25059.26	56045.92	293.9502	94.66192	2382.918	1.380097e+08	3.845718e+08	1568.327	1695.729	93.95018	21402.95	10184.56	-4.626335	2591.815	94.66192	2382.918	-4.626335	2591.815
100.56	10189.19	18726.64	3540.701	92737.92	22517.12	-1389.754	32315.53	2732.028	3791.036	30164.26	51335.92	193.9502	-5.338078	2982.918	1.414705e+08	3.304735e+08	1468.327	1595.729	-6.049822	25906.95	10784.56	-4.626335	3591.815	-5.338078	2982.918	-4.626335	3591.815
100.85	9489.188	17424.64	1839.701	87618.92	17413.12	-789.7544	36722.53	1632.028	3991.036	34670.26	55443.92	93.95018	-5.338078	3682.918	1.346693e+08	3.424948e+08	2568.327	1695.729	193.9502	24005.95	11585.56	-4.626335	2591.815	-5.338078	3682.918	-4.626335	2591.815
101.13	7388.188	18325.64	3440.701	74174.92	14811.12	-1989.754	39526.53	2132.028	2990.036	35872.26	55844.92	93.95018	-5.338078	3382.918	1.324588e+08	3.424948e+08	2668.327	1995.729	-6.049822	31713.95	9084.562	-4.626335	3891.815	-5.338078	3382.918	-4.626335	3891.815
101.42	8288.188	24332.64	3040.701	75879.92	9509.117	111.2456	38024.53	2432.028	2890.036	42182.26	60555.92	193.9502	-5.338078	3382.918	1.378924e+08	3.104385e+08	3768.327	2295.729	-6.049822	39925.95	9984.562	-4.626335	4591.815	-5.338078	3382.918	-4.626335	4591.815
101.71	5588.188	23130.64	2839.701	63244.92	7908.118	-188.7544	48643.53	1932.028	3390.036	46489.26	55143.92	-6.049822	94.66192	3682.918	1.349622e+08	3.505092e+08	2968.327	1795.729	-6.049822	49442.95	11785.56	-4.626335	5292.815	94.66192	3682.918	-4.626335	5292.815
101.99	5488.188	28237.64	5040.701	71566.92	6008.118	-388.7544	52651.53	1432.028	3591.036	54004.26	62761.92	93.95018	-5.338078	5683.918	1.369984e+08	4.226444e+08	2768.327	1595.729	93.95018	66381.95	12185.56	-4.626335	6392.815	-5.338078	5683.918	-4.626335	6392.815
102.28	5788.188	39154.64	639.7012	73271.92	5208.118	1511.246	52952.53	2732.028	3591.036	57212.26	61057.92	-6.049822	-5.338078	4282.918	1.502107e+08	3.62531e+08	3768.327	2995.729	93.95018	81827.95	12685.56	-4.626335	6492.815	-5.338078	4282.918	-4.626335	6492.815
102.56	8088.188	38353.64	2839.701	86213.92	5308.118	-1689.754	50848.53	2932.028	2490.036	57312.26	57949.92	-6.049822	-5.338078	5383.918	1.260252e+08	3.865756e+08	3268.327	2795.729	-6.049822	80322.95	11685.56	-4.626335	6392.815	-5.338078	5383.918	-4.626335	6392.815
102.85	14391.19	35748.64	4840.701	84808.92	5308.118	-488.7544	51950.53	1732.028	3290.036	49996.26	54642.92	293.9502	-5.338078	4682.918	1.28378e+08	3.46502e+08	3268.327	1695.729	93.95018	71094.95	11385.56	95.37366	5892.815	-5.338078	4682.918	95.37366	5892.815
103.14	20796.19	34346.64	5441.701	84206.92	6908.118	-1189.754	45437.53	2932.028	3290.036	47491.26	57648.92	493.9502	-5.338078	5583.918	1.25266e+08	3.865756e+08	2168.327	2095.729	93.95018	75507.95	10984.56	-4.626335	4891.815	-5.338078	5583.918	-4.626335	4891.815
103.42	26901.19	42861.64	2639.701	83905.92	8909.117	-989.7544	41730.53	2932.028	4291.036	44185.26	60756.92	993.9502	-5.338078	4682.918	1.354309e+08	3.485056e+08	2868.327	1795.729	-6.049822	58060.95	10584.56	-4.626335	5092.815	-5.338078	4682.918	-4.626335	5092.815
103.71	28503.19	36249.64	4240.701	70965.92	8508.117	-1389.754	41029.53	3532.028	4391.036	45287.26	57749.92	693.9502	-5.338078	4682.918	1.393291e+08	3.565201e+08	3168.327	2395.729	93.95018	59764.95	10884.56	-4.626335	4291.815	-5.338078	4682.918	-4.626335	4291.815
104	30105.19	35348.64	1639.701	65850.92	10809.12	-789.7544	44936.53	3132.028	5191.036	44486.26	59453.92	493.9502	-5.338078	4882.918	1.432462e+08	3.845718e+08	3968.327	1695.729	93.95018	61268.95	11385.56	95.37366	5592.815	-5.338078	4882.918	95.37366	5592.815
104.28	30005.19	36249.64	4540.701	65650.92	10709.12	211.2456	46739.53	3432.028	4691.036	37474.26	59453.92	493.9502	-5.338078	3982.918	1.414265e+08	4.026059e+08	3168.327	1595.729	-6.049822	60566.95	12585.56	-4.626335	5292.815	-5.338078	3982.918	-4.626335	5292.815
104.57	27302.19	53585.64	1839.701	64346.92	15712.12	311.2456	47741.53	2632.028	2290.036	34770.26	52838.92	293.9502	-5.338078	4182.918	1.344497e+08	3.404912e+08	3668.327	1495.729	193.9502	59865.95	8884.562	-4.626335	3691.815	-5.338078	4182.918	-4.626335	3691.815
104.85	26401.19	83775.64	3240.701	58833.92	27422.12	411.2456	50146.53	2332.028	3791.036	32367.26	58250.92	893.9502	-5.338078	3282.918	1.327661e+08	3.485056e+08	3168.327	1895.729	493.9502	57058.95	9884.562	-4.626335	3791.815	-5.338078	3282.918	-4.626335	3791.815
105.14	35512.19	170940.6	3840.701	58933.92	62786.12	2311.246	60871.53	3532.028	4291.036	31666.26	63262.92	1493.95	94.66192	3882.918	1.301911e+08	3.144455e+08	4068.327	1195.729	-6.049822	51045.95	12385.56	-4.626335	3491.815	94.66192	3882.918	-4.626335	3491.815
105.42	43224.19	257094.6	3540.701	67154.92	108543.1	3712.246	60169.53	2232.028	3791.036	29564.26	64666.92	1993.95	-5.338078	2482.918	1.304251e+08	3.62531e+08	3468.327	3495.729	293.9502	54853.95	10784.56	-4.626335	3891.815	-5.338078	2482.918	-4.626335	3891.815
105.71	55649.19	345979.6	2239.701	73973.92	153678.1	4112.246	87652.52	2132.028	4991.036	32768.26	69478.92	1793.95	-5.338078	2782.918	1.376139e+08	3.945906e+08	2868.327	1595.729	193.9502	44332.95	9184.562	95.37366	4091.815	-5.338078	2782.918	95.37366	4091.815
106	61663.19	471946.6	3840.701	69561.92	153175.1	6213.246	85444.52	3032.028	2690.036	28763.26	65267.92	1393.95	-5.338078	2282.918	1.337908e+08	3.82568e+08	1568.327	1795.729	193.9502	46436.95	9284.562	-4.626335	3191.815	-5.338078	2282.918	-4.626335	3191.815
106.28	70988.19	455643.6	2539.701	70062.92	177939.1	6513.246	84943.52	2432.028	2790.036	23457.26	70180.92	1593.95	-5.338078	1282.918	1.383468e+08	3.424948e+08	2568.327	2495.729	293.9502	40225.95	11985.56	-4.626335	3691.815	-5.338078	1282.918	-4.626335	3691.815
106.57	84128.19	560467.6	3240.701	64246.92	246820.1	8614.246	86950.52	2532.028	2390.036	22556.26	69579.92	2193.95	-5.338078	2482.918	1.34435e+08	3.144455e+08	2268.327	2395.729	193.9502	36920.95	9184.562	-4.626335	3391.815	-5.338078	2482.918	-4.626335	3391.815
106.85	98280.19	570186.6	4140.701	63143.92	364953.1	8114.246	93273.52	2432.028	4091.036	22156.26	80311.92	2393.95	-5.338078	2282.918	1.356945e+08	3.785605e+08	2768.327	3095.729	393.9502	41928.95	11385.56	-4.626335	4391.815	-5.338078	2282.918	-4.626335	4391.815
107.14	111334.2	621603.6	4040.701	61339.92	539263.1	15219.25	105623.5	2332.028	2990.036	21255.26	82217.92	2593.95	-5.338078	2082.918	1.318003e+08	3.304735e+08	2768.327	3895.729	493.9502	53851.95	9384.562	-4.626335	4491.815	-5.338078	2082.918	-4.626335	4491.815
107.43	124396.2	610839.6	2139.701	68357.92	614469.1	13818.25	95582.52	1632.028	2490.036	27962.26	85227.92	6294.95	-5.338078	2282.918	1.455368e+08	4.767527e+08	3768.327	2995.729	493.9502	65178.95	10584.56	-4.626335	5692.815	-5.338078	2282.918	-4.626335	5692.815
107.71	117161.2	538282.6	3040.701	80795.92	613649.1	10415.25	88656.52	2132.028	3290.036	36072.26	83622.92	7094.95	94.66192	1882.918	1.3672e+08	3.665384e+08	5169.328	2595.729	193.9502	80222.95	11785.56	-4.626335	5392.815	94.66192	1882.918	-4.626335	5392.815
108	113745.2	441082.6	2439.701	82300.92	568193.1	9915.246	84140.52	3432.028	3090.036	42682.26	81816.92	9195.95	-5.338078	2482.918	1.3423e+08	3.32477e+08	6769.328	4195.729	293.9502	118776	9884.562	-4.626335	5492.815	-5.338078	2482.918	-4.626335	5492.815
108.28	108823.2	425003.6	2839.701	103479.9	474673.1	9715.246	79324.52	3532.028	4391.036	43083.26	84023.92	9195.95	-5.338078	2482.918	1.344497e+08	3.68542e+08	5969.328	3995.729	393.9502	185278	11885.56	-4.626335	7592.815	-5.338078	2482.918	-4.626335	7592.815
108.57	110631.2	628986.6	4340.701	100165.9	431501.1	18622.25	107631.5	2232.028	4591.036	43584.26	82016.92	12796.95	-5.338078	1882.918	1.295915e+08	4.106212e+08	5569.328	2995.729	1093.95	214914	10384.56	-4.626335	8893.815	-5.338078	1882.918	-4.626335	8893.815
108.86	109727.2	1291449	3740.701	102977.9	406588.1	34542.25	177131.5	2532.028	2890.036	35071.26	90546.92	11296.95	94.66192	1882.918	1.29533e+08	3.925868e+08	5469.328	2895.729	1093.95	267820.9	8383.562	95.37366	8793.815	94.66192	1882.918	95.37366	8793.815
109.14	112640.2	1871166	3340.701	90428.92	346087.1	45763.25	198290.5	2332.028	2790.036	30565.26	88639.92	18100.95	-5.338078	1882.918	1.234842e+08	2.884011e+08	4568.328	2895.729	1193.95	379045.9	8383.562	-4.626335	9193.815	-5.338078	1882.918	-4.626335	9193.815
109.43	119271.2	2182848	2439.701	84607.92	300402.1	40653.25	189724.5	1032.028	3591.036	26160.26	94360.92	20802.95	-5.338078	1382.918	1.255724e+08	3.404912e+08	3968.327	3795.729	1793.95	515147.9	7683.562	-4.626335	12594.82	-5.338078	1382.918	-4.626335	12594.82
109.71	132135.2	2211844	2739.701	71466.92	283709.1	37347.25	155285.5	3432.028	3491.036	22957.26	92653.92	21102.95	-5.338078	1082.918	1.221852e+08	3.525128e+08	3668.327	3095.729	993.9502	481893.9	8984.562	-4.626335	9893.815	-5.338078	1082.918	-4.626335	9893.815
110	128818.2	1944041	2739.701	59635.92	242579.1	30436.25	135066.5	1832.028	4691.036	20154.26	92152.92	20101.95	-5.338078	1882.918	1.154787e+08	3.68542e+08	4068.327	3595.729	793.9502	456116.9	9484.562	-4.626335	9293.815	-5.338078	1882.918	-4.626335	9293.815
110.29	106413.2	1525874	4040.701	60236.92	198089.1	23527.25	111549.5	1732.028	2690.036	20254.26	81113.92	17199.95	-5.338078	2482.918	1.182035e+08	3.12442e+08	3168.327	3295.729	1093.95	401390.9	8884.562	-4.626335	8793.815	-5.338078	2482.918	-4.626335	8793.815
110.57	108623.2	1226797	4640.701	57830.92	158810.1	18722.25	90663.52	2732.028	3390.036	17952.26	78806.92	13397.95	-5.338078	3082.918	1.191366e+08	3.144455e+08	3668.327	3295.729	993.9502	439727.9	11785.56	-4.626335	7492.815	-5.338078	3082.918	-4.626335	7492.815
110.86	92859.19	995286.6	2940.701	53821.92	141306.1	17621.25	93072.52	2732.028	2690.036	21055.26	83321.92	12496.95	-5.338078	4382.918	1.381709e+08	3.745531e+08	4768.328	2995.729	493.9502	753479.9	10584.56	-4.626335	8592.815	-5.338078	4382.918	-4.626335	8592.815
111.14	102999.2	694502.6	739.7012	52518.92	124919.1	12216.25	86649.52	2132.028	2090.036	20955.26	79910.92	13497.95	-5.338078	2582.918	1.376579e+08	3.585237e+08	5569.328	1895.729	693.9502	1117316	10284.56	95.37366	10093.82	-5.338078	2582.918	95.37366	10093.82
111.43	98681.19	660080.6	2539.701	44302.92	93783.12	10815.25	68792.52	3032.028	3090.036	17652.26	83020.92	19801.95	-5.338078	2782.918	1.209596e+08	3.364841e+08	5369.328	2895.729	293.9502	1270161	8383.562	95.37366	9093.815	-5.338078	2782.918	95.37366	9093.815
111.72	98079.19	497133.6	1939.701	41297.92	79233.12	11116.25	62976.53	2532.028	3090.036	11449.26	91048.92	36420.95	-5.338078	2382.918	1.338201e+08	3.82568e+08	4268.328	2995.729	1493.95	1547342	11685.56	-4.626335	11894.82	-5.338078	2382.918	-4.626335	11894.82
112	123592.2	426326.6	4940.701	32884.92	68601.12	8514.246	44936.53	2332.028	4091.036	12049.26	97773.92	52749.95	-5.338078	1682.918	1.377458e+08	3.32477e+08	4368.328	4295.729	1493.95	1713789	11485.56	-4.626335	14095.82	-5.338078	1682.918	-4.626335	14095.82
112.29	148225.2	471130.6	2940.701	23773.92	84550.12	10315.25	44335.53	1732.028	2990.036	9748.264	98375.92	59664.95	-5.338078	1582.918	1.292432e+08	3.144455e+08	3668.327	3795.729	3093.95	1506455	12085.56	195.3737	15796.82	-5.338078	1582.918	195.3737	15796.82
112.57	156475.2	483364.6	2839.701	20170.92	86256.12	7013.246	37723.53	3032.028	4491.036	9848.264	96167.92	63774.95	-5.338078	982.9182	1.282172e+08	3.82568e+08	5369.328	3695.729	3093.95	1324263	11985.56	295.3737	14495.82	-5.338078	982.9182	295.3737	14495.82
112.86	147521.2	510298.6	2940.701	26276.92	90571.12	7413.246	41430.53	2032.028	2990.036	8047.263	98978.92	58461.95	94.66192	1382.918	1.301033e+08	3.705457e+08	1668.327	4495.729	3793.95	1224884	11985.56	295.3737	13995.82	94.66192	1382.918	295.3737	13995.82
113.15	137363.2	496521.6	5240.701	21471.92	121803.1	5613.246	38324.53	3232.028	3791.036	11449.26	98375.92	58161.95	-5.338078	882.9182	1.34435e+08	3.46502e+08	3368.327	3695.729	3793.95	1041444	10684.56	95.37366	15396.82	-5.338078	882.9182	95.37366	15396.82
113.43	123089.2	423986.6	2940.701	30681.92	125924.1	8514.246	36321.53	2232.028	3090.036	12149.26	96066.92	48540.95	-5.338078	1182.918	1.336151e+08	3.525128e+08	1868.327	4195.729	4193.95	869040.9	8784.562	95.37366	9593.815	-5.338078	1182.918	95.37366	9593.815
113.72	114850.2	299270.6	4640.701	30581.92	132457.1	18322.25	35420.53	1832.028	4291.036	12649.26	91650.92	43831.95	94.66192	1582.918	1.43437e+08	3.765569e+08	3468.327	4295.729	3893.95	1178533	10184.56	195.3737	11494.82	94.66192	1582.918	195.3737	11494.82
114	103400.2	242647.6	3840.701	31082.92	115875.1	13918.25	34519.53	1832.028	2990.036	9948.264	85628.92	37020.95	94.66192	1282.918	1.262736e+08	3.32477e+08	3068.327	3295.729	3293.95	1299303	11385.56	95.37366	12194.82	94.66192	1282.918	95.37366	12194.82
114.29	105108.2	209037.6	4640.701	34286.92	104325.1	37046.25	32816.53	2932.028	3491.036	13350.26	87134.92	32214.95	-5.338078	2982.918	1.343764e+08	3.364841e+08	4468.328	2895.729	2293.95	1823562	10584.56	95.37366	13595.82	-5.338078	2982.918	95.37366	13595.82
114.58	92859.19	249011.6	3540.701	47208.92	100409.1	65110.25	43333.53	2832.028	3390.036	19554.26	92352.92	31413.95	-5.338078	2182.918	1.350354e+08	4.046097e+08	4568.328	3895.729	1693.95	1876470	12885.56	195.3737	13495.82	-5.338078	2182.918	195.3737	13495.82
114.86	84831.19	238507.6	3840.701	55926.92	86958.12	63004.25	47541.53	2332.028	3491.036	20755.26	89241.92	25906.95	94.66192	2582.918	1.329125e+08	3.384877e+08	3968.327	2995.729	1093.95	1702132	11285.56	-4.626335	11994.82	94.66192	2582.918	-4.626335	11994.82
115.15	77708.19	196432.6	4440.701	48911.92	81339.12	51175.25	45737.53	3032.028	4591.036	19954.26	73390.92	19401.95	-5.338078	3482.918	1.272818e+08	3.745531e+08	4268.328	2895.729	1293.95	1403304	12185.56	95.37366	12694.82	-5.338078	3482.918	95.37366	12694.82
115.43	71790.19	255578.6	2940.701	56227.92	85654.12	37547.25	54556.53	1532.028	3491.036	27561.26	81013.92	18100.95	-5.338078	4282.918	1.369838e+08	3.885793e+08	4568.328	2895.729	1393.95	1160834	12485.56	-4.626335	9093.815	-5.338078	4282.918	-4.626335	9093.815
115.72	65172.19	182020.6	2239.701	52318.92	84349.12	27332.25	52451.53	2832.028	3791.036	24358.26	70782.92	16999.95	94.66192	3282.918	1.420868e+08	3.665384e+08	3868.327	2895.729	1593.95	1021964	12685.56	-4.626335	12194.82	94.66192	3282.918	-4.626335	12194.82
116.01	65673.19	182323.6	3340.701	66151.92	89567.12	21224.25	56059.53	3032.028	3491.036	38175.26	72788.92	11596.95	-5.338078	3382.918	1.404436e+08	4.126251e+08	6069.328	2495.729	993.9502	848864.9	11785.56	95.37366	12294.82	-5.338078	3382.918	95.37366	12294.82
116.29	59458.19	155334.6	4040.701	64747.92	77828.12	14618.25	61071.53	3332.028	4191.036	36773.26	70782.92	9795.95	-5.338078	4282.918	1.353137e+08	4.36672e+08	5469.328	1995.729	793.9502	728454.9	14286.56	-4.626335	10593.82	-5.338078	4282.918	-4.626335	10593.82
116.58	57253.19	192904.6	4640.701	64547.92	69203.12	12316.25	69293.52	1732.028	4791.036	34870.26	66871.92	7594.95	-5.338078	4282.918	1.390065e+08	3.785605e+08	3868.327	1995.729	393.9502	660505.9	10184.56	-4.626335	11794.82	-5.338078	4282.918	-4.626335	11794.82
116.86	52242.19	139336.6	2940.701	67054.92	74017.12	9214.246	60169.53	1932.028	4991.036	36172.26	63362.92	8594.95	-5.338078	6283.918	1.392997e+08	3.945906e+08	4168.328	2095.729	193.9502	545173.9	10984.56	-4.626335	10593.82	-5.338078	6283.918	-4.626335	10593.82
117.15	52041.19	121841.6	2639.701	69661.92	65393.12	8014.246	63277.53	2632.028	3390.036	34270.26	62159.92	4693.95	-5.338078	5083.918	1.384054e+08	3.765569e+08	6369.328	1395.729	593.9502	520455.9	10184.56	-4.626335	10993.82	-5.338078	5083.918	-4.626335	10993.82
117.44	59959.19	117117.6	1639.701	64046.92	76324.12	7213.246	65382.53	2532.028	4491.036	35672.26	69478.92	7394.95	-5.338078	3382.918	1.570846e+08	4.627241e+08	4868.328	1495.729	393.9502	439625.9	10184.56	-4.626335	11294.82	-5.338078	3382.918	-4.626335	11294.82
117.72	51640.19	89396.64	4940.701	56728.92	75922.12	4512.246	59167.53	2432.028	2590.036	31065.26	61758.92	4993.95	-5.338078	4182.918	1.260544e+08	3.785605e+08	3968.327	1595.729	393.9502	354894.9	6683.562	195.3737	7892.815	-5.338078	4182.918	195.3737	7892.815
118.01	48935.19	83273.64	2739.701	50614.92	66295.12	5613.246	46839.53	2232.028	2890.036	24258.26	58150.92	5694.95	-5.338078	3382.918	1.158283e+08	3.444984e+08	2968.327	1495.729	393.9502	282783.9	5783.562	-4.626335	7392.815	-5.338078	3382.918	-4.626335	7392.815
118.3	45629.19	57495.64	3240.701	42499.92	59077.12	5112.246	40628.53	2932.028	1990.036	21956.26	54141.92	6494.95	-5.338078	4082.918	8.549552e+07	2.643612e+08	2968.327	1595.729	693.9502	299577.9	5383.562	-4.626335	5192.815	-5.338078	4082.918	-4.626335	5192.815
118.59	48234.19	61305.64	1539.701	36189.92	62986.12	6313.246	38124.53	1432.028	2490.036	17052.26	50132.92	9995.95	-5.338078	2782.918	9.327678e+07	2.583515e+08	4268.328	2195.729	693.9502	448073.9	8383.562	-4.626335	5092.815	-5.338078	2782.918	-4.626335	5092.815
118.88	65473.19	57294.64	4540.701	33485.92	75722.12	8414.246	62475.53	1932.028	2690.036	13550.26	54783.92	16899.95	-5.338078	2082.918	1.046146e+08	3.304735e+08	1968.327	1795.729	1293.95	504125.9	8383.562	-4.626335	8092.815	-5.338078	2082.918	-4.626335	8092.815
119.16	86336.19	57795.64	3940.701	26576.92	134669.1	7914.246	39626.53	1432.028	3290.036	12349.26	70682.92	17699.95	-5.338078	1882.918	1.159303e+08	2.904044e+08	3468.327	2295.729	1893.95	516576.9	11185.56	95.37366	9693.815	-5.338078	1882.918	95.37366	9693.815
119.45	92257.19	53485.64	1739.701	30581.92	169480.1	5613.246	32916.53	2132.028	3591.036	17752.26	82919.92	14697.95	-5.338078	2782.918	1.154496e+08	3.024248e+08	2468.327	3095.729	1593.95	499636.9	9484.562	-4.626335	8793.815	-5.338078	2782.918	-4.626335	8793.815
119.75	101191.2	61806.64	2339.701	43701.92	213314.1	4812.246	36021.53	2032.028	3691.036	24058.26	80511.92	13196.95	-5.338078	2882.918	1.193002e+08	3.424948e+08	1768.327	2995.729	1093.95	354387.9	11285.56	-4.626335	8993.815	-5.338078	2882.918	-4.626335	8993.815
120.03	96674.19	54587.64	3540.701	51917.92	220980.1	3412.246	31815.53	3432.028	3991.036	28362.26	84525.92	10495.95	-5.338078	1982.918	1.113459e+08	3.424948e+08	4268.328	2595.729	2293.95	314863.9	10284.56	95.37366	9293.815	-5.338078	1982.918	95.37366	9293.815
120.32	88945.19	42160.64	3240.701	55826.92	239853.1	2511.246	35620.53	2232.028	3290.036	30865.26	88238.92	8995.95	-5.338078	1682.918	1.241704e+08	3.304735e+08	3568.327	3295.729	493.9502	317091.9	11785.56	95.37366	7692.815	-5.338078	1682.918	95.37366	7692.815
120.6	80817.19	34947.64	1139.701	63845.92	226328.1	1911.246	36221.53	1332.028	3390.036	43484.26	83521.92	5694.95	-5.338078	3182.918	1.331906e+08	3.645347e+08	4468.328	1995.729	2093.95	364937.9	11685.56	-4.626335	9493.815	-5.338078	3182.918	-4.626335	9493.815
120.89	83827.19	33244.64	2439.701	80092.92	198493.1	2011.246	35019.53	2432.028	4691.036	49094.26	80311.92	5094.95	-5.338078	1482.918	1.345082e+08	3.745531e+08	4568.328	1695.729	393.9502	382192.9	8483.562	-4.626335	9593.815	-5.338078	1482.918	-4.626335	9593.815
121.18	74999.19	35248.64	2739.701	80092.92	174011.1	1311.246	36922.53	1732.028	3591.036	57011.26	81916.92	8494.95	-5.338078	2082.918	1.379071e+08	3.184524e+08	5169.328	2595.729	1593.95	531075.9	11885.56	-4.626335	8292.815	-5.338078	2082.918	-4.626335	8292.815
121.46	81018.19	38654.64	2940.701	80694.92	173608.1	2711.246	36922.53	2332.028	3591.036	55107.26	78104.92	20301.95	-5.338078	2182.918	1.380536e+08	3.90583e+08	3468.327	3795.729	1393.95	582911.9	16087.56	95.37366	9493.815	-5.338078	2182.918	95.37366	9493.815
121.75	97376.19	44865.64	3540.701	68056.92	169480.1	4912.246	32315.53	2232.028	3791.036	37674.26	80411.92	27708.95	94.66192	1782.918	1.286557e+08	3.404912e+08	4168.328	2995.729	1393.95	677963.9	9884.562	-4.626335	9993.815	94.66192	1782.918	-4.626335	9993.815
122.03	100288.2	38052.64	2439.701	61238.92	241670.1	2111.246	28110.53	1932.028	4291.036	33368.26	78906.92	39124.95	-5.338078	2682.918	1.306592e+08	3.765569e+08	3868.327	4195.729	893.9502	758425.9	12185.56	95.37366	9093.815	-5.338078	2682.918	95.37366	9093.815
122.32	109125.2	38654.64	4140.701	52318.92	278753.1	911.2456	26408.53	2032.028	2190.036	27161.26	89642.92	58161.95	194.6619	782.9182	1.342593e+08	4.00602e+08	4368.328	4695.729	1993.95	813311.9	9184.562	-4.626335	7392.815	194.6619	782.9182	-4.626335	7392.815
122.61	131030.2	35548.64	2439.701	50113.92	330580.1	1411.246	22304.53	2832.028	5291.036	23257.26	94259.92	69389.95	-5.338078	882.9182	1.333955e+08	3.785605e+08	3368.327	3695.729	2193.95	914416.9	12985.56	-4.626335	7392.815	-5.338078	882.9182	-4.626335	7392.815
122.89	130929.2	54688.64	3840.701	42299.92	295646.1	2411.246	19101.53	2632.028	3390.036	18853.26	95866.92	73701.95	-5.338078	282.9182	1.380243e+08	3.46502e+08	2768.327	3995.729	2193.95	1110628	11985.56	-4.626335	8292.815	-5.338078	282.9182	-4.626335	8292.815
123.18	122285.2	101847.6	2039.701	37491.92	212810.1	2911.246	17900.53	2732.028	3390.036	15751.26	89843.92	68888.95	-5.338078	1082.918	1.292844e+08	3.104385e+08	3468.327	3895.729	1893.95	1309305	11685.56	95.37366	5992.815	-5.338078	1082.918	95.37366	5992.815
123.46	105911.2	179703.6	3540.701	33485.92	191539.1	1411.246	17700.53	3732.028	3190.036	14850.26	91048.92	59865.95	-5.338078	682.9182	1.290505e+08	3.424948e+08	2568.327	4495.729	1193.95	1504757	8684.562	95.37366	8092.815	-5.338078	682.9182	95.37366	8092.815
123.75	100489.2	159763.6	3440.701	34887.92	152169.1	5112.246	18901.53	2432.028	4091.036	11949.26	91549.92	49041.95	-5.338078	982.9182	1.370864e+08	3.68542e+08	2568.327	5896.729	2093.95	1599794	14886.56	-4.626335	8693.815	-5.338078	982.9182	-4.626335	8693.815
124.03	99987.19	144366.6	2839.701	47308.92	181464.1	3312.246	20302.53	1732.028	2590.036	13450.26	89642.92	34717.95	-5.338078	782.9182	1.298401e+08	3.585237e+08	1268.327	5896.729	1693.95	1387984	12485.56	-4.626335	8592.815	-5.338078	782.9182	-4.626335	8592.815
124.32	92357.19	138230.6	3940.701	57229.92	225621.1	3212.246	19401.53	1532.028	3390.036	13750.26	98275.92	28409.95	-5.338078	882.9182	1.38083e+08	3.344805e+08	2168.327	4595.729	893.9502	1126725	11485.56	-4.626335	5892.815	-5.338078	882.9182	-4.626335	5892.815
124.61	84530.19	100541.6	2739.701	60436.92	221686.1	1311.246	17700.53	1932.028	2890.036	14750.26	88739.92	22203.95	-5.338078	1982.918	1.341275e+08	3.705457e+08	3768.327	3595.729	493.9502	851346.9	11885.56	-4.626335	5292.815	-5.338078	1982.918	-4.626335	5292.815
124.89	70185.19	69027.64	2039.701	72970.92	209482.1	2111.246	18700.53	2832.028	3791.036	12649.26	86130.92	17299.95	-5.338078	2282.918	1.17125e+08	3.32477e+08	2668.327	3395.729	293.9502	617322.9	9184.562	-4.626335	3591.815	-5.338078	2282.918	-4.626335	3591.815
125.18	54747.19	73440.64	2139.701	71967.92	165252.1	911.2456	18801.53	2732.028	3290.036	11749.26	74894.92	12296.95	94.66192	2082.918	1.157555e+08	3.204559e+08	1468.327	2995.729	-6.049822	500861.9	7483.562	-4.626335	4391.815	94.66192	2082.918	-4.626335	4391.815
125.46	49536.19	167314.6	1639.701	71366.92	129542.1	1311.246	21503.53	2532.028	3390.036	13550.26	66972.92	10595.95	-5.338078	2282.918	1.160323e+08	3.064316e+08	2268.327	2595.729	593.9502	435453.9	6683.562	-4.626335	4691.815	-5.338078	2282.918	-4.626335	4691.815
125.75	43725.19	249516.6	2639.701	72569.92	104425.1	2211.246	29111.53	1632.028	3190.036	15451.26	66370.92	10895.95	-5.338078	2782.918	1.16921e+08	3.264664e+08	2068.327	2595.729	93.95018	396513.9	5983.562	95.37366	3391.815	-5.338078	2782.918	95.37366	3391.815
126.04	40219.19	822841.6	3340.701	61238.92	76324.12	2811.246	30713.53	1632.028	3791.036	15051.26	52838.92	8394.95	-5.338078	2382.918	1.01668e+08	2.643612e+08	1968.327	1895.729	-6.049822	322459.9	4682.562	-4.626335	2991.815	-5.338078	2382.918	-4.626335	2991.815
126.32	31006.19	1517272	2039.701	51416.92	58275.12	4612.246	31414.53	1532.028	2590.036	14350.26	47327.92	6594.95	-5.338078	1982.918	8.432762e+07	2.202913e+08	1768.327	2495.729	-6.049822	381989.9	4382.562	-4.626335	2691.815	-5.338078	1982.918	-4.626335	2691.815
126.61	25900.19	1810415	3740.701	34486.92	54667.12	6813.246	27109.53	932.0284	1490.036	10148.26	47728.92	8995.95	-5.338078	1282.918	7.354334e+07	2.082729e+08	1468.327	2795.729	193.9502	600110.9	2582.562	-4.626335	2991.815	-5.338078	1282.918	-4.626335	2991.815
126.9	24299.19	1571059	1439.701	32083.92	43946.12	6113.246	26308.53	532.0284	2190.036	8447.264	41316.92	6794.95	-5.338078	982.9182	7.305391e+07	2.283037e+08	1668.327	2495.729	93.95018	903427.9	2282.562	95.37366	2991.815	-5.338078	982.9182	95.37366	2991.815
127.18	18394.19	1073233	2639.701	25675.92	32829.12	4612.246	24306.53	2432.028	1790.036	7047.263	51234.92	8594.95	-5.338078	882.9182	8.665311e+07	2.363163e+08	968.3274	1695.729	93.95018	1396541	3282.562	95.37366	3391.815	-5.338078	882.9182	95.37366	3391.815
127.47	15592.19	703038.6	3340.701	20771.92	28724.12	3312.246	27109.53	1532.028	2190.036	7947.263	55343.92	7994.95	-5.338078	982.9182	9.086018e+07	2.102759e+08	768.3274	3495.729	93.95018	1666550	4282.562	95.37366	3191.815	-5.338078	982.9182	95.37366	3191.815
127.75	17293.19	546459.6	4040.701	16267.92	23518.12	3112.246	23004.53	1132.028	1890.036	5047.263	45123.92	7294.95	-5.338078	882.9182	8.809829e+07	1.882428e+08	1168.327	1895.729	93.95018	1671142	6283.562	-4.626335	3991.815	-5.338078	882.9182	-4.626335	3991.815
128.04	16593.19	418696.6	1639.701	15567.92	17013.12	5112.246	16799.53	1232.028	2590.036	5547.263	54141.92	9895.95	-5.338078	182.9182	9.940521e+07	2.383194e+08	1068.327	2195.729	-6.049822	2292388	8083.562	95.37366	5492.815	-5.338078	182.9182	95.37366	5492.815
128.33	19094.19	330873.6	1839.701	13565.92	15912.12	3212.246	13397.53	1432.028	4091.036	5647.263	55243.92	9295.95	-5.338078	382.9182	1.160177e+08	2.964146e+08	1068.327	2795.729	93.95018	2479328	6883.562	-4.626335	4291.815	-5.338078	382.9182	-4.626335	4291.815
128.61	24499.19	259419.6	2839.701	10664.92	17213.12	4112.246	12596.53	1832.028	3691.036	3846.263	61257.92	9595.95	-5.338078	582.9182	1.201136e+08	3.705457e+08	1068.327	2295.729	93.95018	2616508	11885.56	-4.626335	5392.815	-5.338078	582.9182	-4.626335	5392.815
128.9	26701.19	237598.6	2139.701	10164.92	21316.12	6013.246	14698.53	1932.028	4791.036	2646.263	58450.92	10295.95	-5.338078	182.9182	1.245647e+08	3.344805e+08	1368.327	2495.729	193.9502	2576230	10584.56	-4.626335	5792.815	-5.338078	182.9182	-4.626335	5792.815
129.18	34311.19	187764.6	2539.701	12164.92	30926.12	6113.246	15498.53	2732.028	4291.036	4246.263	68877.92	16398.95	-5.338078	382.9182	1.25923e+08	3.104385e+08	1368.327	3595.729	693.9502	2607872	8483.562	95.37366	5792.815	-5.338078	382.9182	95.37366	5792.815
129.47	41922.19	142254.6	3240.701	13165.92	27722.12	2411.246	13097.53	2032.028	3691.036	3946.263	72788.92	23404.95	-5.338078	182.9182	1.267703e+08	3.32477e+08	1668.327	4395.729	393.9502	2794848	9884.562	-4.626335	5292.815	-5.338078	182.9182	-4.626335	5292.815
129.75	62465.19	127973.6	2539.701	11664.92	56772.12	1911.246	10295.53	2732.028	4391.036	3446.263	72286.92	34817.95	-5.338078	482.9182	1.205804e+08	3.705457e+08	1168.327	2795.729	793.9502	2765987	10384.56	-4.626335	9393.815	-5.338078	482.9182	-4.626335	9393.815
130.04	81720.19	145272.6	1339.701	15366.92	100710.1	2611.246	11896.53	2832.028	3190.036	4546.263	80110.92	45034.95	-5.338078	482.9182	1.271064e+08	3.344805e+08	1568.327	3895.729	393.9502	2612190	8283.562	-4.626335	9193.815	-5.338078	482.9182	-4.626335	9193.815
130.33	110430.2	73039.64	3740.701	19469.92	275012.1	4412.246	11496.53	1932.028	3691.036	8247.264	84324.92	46336.95	-5.338078	382.9182	1.249882e+08	3.605274e+08	1768.327	4095.729	893.9502	2185851	10584.56	-4.626335	8793.815	-5.338078	382.9182	-4.626335	8793.815
130.61	101392.2	85682.64	3840.701	23273.92	264197.1	811.2456	15198.53	3132.028	2890.036	12149.26	80511.92	36420.95	-5.338078	882.9182	1.266535e+08	3.444984e+08	1468.327	3895.729	2093.95	1783093	9584.562	95.37366	9593.815	-5.338078	882.9182	95.37366	9593.815
130.9	113745.2	81467.64	1539.701	42699.92	388301.1	911.2456	18100.53	3032.028	2790.036	19954.26	83722.92	34917.95	-5.338078	882.9182	1.292259e+08	3.545164e+08	1568.327	2895.729	593.9502	1470401	10884.56	-4.626335	8893.815	-5.338078	882.9182	-4.626335	8893.815
131.18	104103.2	39555.64	1539.701	48811.92	347304.1	-188.7544	19401.53	2032.028	3090.036	26360.26	85026.92	23504.95	-5.338078	1082.918	1.436278e+08	4.166328e+08	2368.327	3095.729	293.9502	1078882	13286.56	-4.626335	5892.815	-5.338078	1082.918	-4.626335	5892.815
131.47	112038.2	45567.64	1739.701	60737.92	360489.1	-789.7544	24005.53	2132.028	3591.036	38075.26	86331.92	16398.95	-5.338078	1882.918	1.34069e+08	3.62531e+08	1768.327	3795.729	193.9502	865624.9	12685.56	-4.626335	6292.815	-5.338078	1882.918	-4.626335	6292.815
131.76	101292.2	29939.64	2339.701	61639.92	325311.1	211.2456	22704.53	1632.028	3491.036	35972.26	81615.92	12296.95	-5.338078	1082.918	1.274133e+08	3.68542e+08	2168.327	2495.729	493.9502	658041.9	9784.562	-4.626335	6192.815	-5.338078	1082.918	-4.626335	6192.815
132.04	101292.2	44565.64	2439.701	58632.92	310626.1	1211.246	19701.53	1732.028	3491.036	34670.26	75596.92	10895.95	-5.338078	2082.918	1.257769e+08	3.264664e+08	1368.327	2495.729	393.9502	539145.9	10084.56	595.3737	6492.815	-5.338078	2082.918	595.3737	6492.815
132.33	106714.2	50879.64	1439.701	54222.92	305767.1	11516.25	17600.53	2732.028	2790.036	33669.26	74693.92	9195.95	-5.338078	2282.918	1.128724e+08	3.224594e+08	1568.327	2195.729	293.9502	406776.9	8283.562	695.3737	4291.815	-5.338078	2282.918	695.3737	4291.815
132.61	79413.19	24532.64	2639.701	46206.92	270867.1	20023.25	16799.53	1432.028	2490.036	23157.26	62861.92	8494.95	-5.338078	982.9182	8.598854e+07	2.3231e+08	1868.327	2395.729	193.9502	350939.9	6983.562	595.3737	2791.815	-5.338078	982.9182	595.3737	2791.815
132.9	58556.19	23431.64	2239.701	36890.92	171494.1	9114.246	12696.53	532.0284	1590.036	18453.26	51134.92	6794.95	-5.338078	1382.918	6.386818e+07	1.742223e+08	1368.327	1995.729	-6.049822	271863.9	5883.562	295.3737	2091.815	-5.338078	1382.918	295.3737	2091.815
133.19	48835.19	17825.64	839.7012	25175.92	128738.1	8714.246	8494.526	432.0284	1490.036	12649.26	34506.92	3693.95	-5.338078	482.9182	5.101355e+07	1.50188e+08	1068.327	1695.729	193.9502	201100	3382.562	95.37366	1991.815	-5.338078	482.9182	95.37366	1991.815
133.47	28703.19	24732.64	-761.2988	20170.92	102015.1	2311.246	5893.527	1132.028	290.0356	7947.263	27697.92	3793.95	94.66192	482.9182	3.713646e+07	1.02474e+08	868.3274	1195.729	-6.049822	178429	2082.562	395.3737	2191.815	94.66192	482.9182	395.3737	2191.815
133.76	26601.19	17524.64	-360.2988	15166.92	76825.12	2811.246	7594.527	932.0284	990.0356	9648.264	22392.92	2093.95	-5.338078	82.91815	3.168332e+07	8.58177e+07	168.3274	795.7296	193.9502	138476	2482.562	395.3737	1391.815	-5.338078	82.91815	395.3737	1391.815
134.04	21296.19	10018.64	839.7012	13365.92	63387.12	2211.246	3893.527	332.0284	490.0356	5947.263	17988.92	2693.95	-5.338078	182.9182	2.578403e+07	6.909414e+07	468.3274	295.7295	-6.049822	116364	1782.562	95.37366	891.8149	-5.338078	182.9182	95.37366	891.8149
134.33	19294.19	5216.641	-160.2988	8263.922	49656.12	1011.246	3493.527	732.0284	-309.9644	4446.263	12485.92	2493.95	-5.338078	-17.08185	2.155397e+07	5.575415e+07	468.3274	195.7295	-6.049822	105918	1982.562	95.37366	591.8149	-5.338078	-17.08185	95.37366	591.8149
134.62	14091.19	6816.641	539.7012	8263.922	41842.12	2411.246	3793.527	32.02844	1390.036	2946.263	10684.92	1093.95	-5.338078	182.9182	1.616726e+07	4.730922e+07	168.3274	-4.270463	193.9502	84937.95	1082.562	95.37366	691.8149	-5.338078	182.9182	95.37366	691.8149
134.9	11490.19	4415.641	-460.2988	5762.922	37635.12	1111.246	2792.527	732.0284	-209.9644	3446.263	7783.918	993.9502	-5.338078	382.9182	1.327883e+07	3.711012e+07	368.3274	595.7296	-6.049822	79620.95	1682.562	95.37366	191.8149	-5.338078	382.9182	95.37366	191.8149
135.19	10089.19	9318.641	-1461.299	3961.922	24619.12	-588.7544	1392.527	132.0284	790.0356	2846.263	5783.918	1093.95	94.66192	82.91815	1.027964e+07	2.94942e+07	368.3274	295.7295	193.9502	59263.95	482.5623	-4.626335	891.8149	94.66192	82.91815	-4.626335	891.8149
135.47	7588.188	7717.641	-1461.299	3461.922	20716.12	-288.7544	1492.527	132.0284	290.0356	2346.263	6183.918	993.9502	-5.338078	-17.08185	7396020	2.478707e+07	-31.6726	295.7295	-6.049822	53751.95	682.5623	-4.626335	591.8149	-5.338078	-17.08185	-4.626335	591.8149
135.76	4587.188	4115.641	239.7012	2661.922	16212.12	-188.7544	292.5267	332.0284	490.0356	1346.263	6683.918	693.9502	-5.338078	82.91815	7523190	2.481558e+07	-31.6726	-4.270463	-6.049822	40326.95	382.5623	95.37366	291.8149	-5.338078	82.91815	95.37366	291.8149
136.04	4787.188	4315.641	-1261.299	3161.922	15412.12	-889.7544	1192.527	232.0284	390.0356	1946.263	4082.918	1093.95	-5.338078	182.9182	6138710	1.560475e+07	168.3274	-4.270463	-6.049822	38923.95	182.5623	-4.626335	291.8149	-5.338078	182.9182	-4.626335	291.8149
136.33	4887.188	2815.641	-360.2988	2761.922	10809.12	411.2456	592.5267	-67.97156	290.0356	846.2634	2082.918	293.9502	-5.338078	-17.08185	5206612	1.352957e+07	-31.6726	-4.270463	-6.049822	34717.95	82.56228	-4.626335	-8.185054	-5.338078	-17.08185	-4.626335	-8.185054
136.61	3387.189	3015.641	-961.2988	2461.922	7408.118	211.2456	92.52673	-167.9716	290.0356	846.2634	1982.918	393.9502	-5.338078	-17.08185	4458288	1.026291e+07	68.3274	-4.270463	-6.049822	26207.95	282.5623	-4.626335	191.8149	-5.338078	-17.08185	-4.626335	191.8149
136.9	2087.189	3315.641	-260.2988	1161.922	5808.118	-889.7544	592.5267	132.0284	-9.964355	746.2634	3282.918	593.9502	-5.338078	82.91815	2905666	9468004	-31.6726	195.7295	-6.049822	16398.95	382.5623	95.37366	191.8149	-5.338078	82.91815	95.37366	191.8149
137.19	2187.189	2114.641	339.7012	961.9218	7308.118	-1289.754	492.5267	-67.97156	90.03564	746.2634	2282.918	193.9502	-5.338078	-17.08185	2736332	8616516	-31.6726	95.72954	-6.049822	17199.95	382.5623	-4.626335	91.81495	-5.338078	-17.08185	-4.626335	91.81495
137.47	1387.189	2214.641	-761.2988	1161.922	6308.118	-889.7544	192.5267	-367.9716	-9.964355	746.2634	1182.918	193.9502	-5.338078	-17.08185	3046786	6729783	68.3274	-4.270463	-6.049822	10695.95	182.5623	-4.626335	91.81495	-5.338078	-17.08185	-4.626335	91.81495
137.76	987.1886	714.6406	-2061.299	61.92175	4207.118	-1089.754	-607.4733	-67.97156	-309.9644	746.2634	1382.918	93.95018	-5.338078	-17.08185	2087287	5907312	-31.6726	95.72954	-6.049822	11696.95	82.56228	-4.626335	91.81495	-5.338078	-17.08185	-4.626335	91.81495
138.05	2887.189	6616.641	1139.701	161.9218	3007.117	-689.7544	1192.527	-267.9716	-109.9644	346.2633	882.9182	193.9502	-5.338078	-17.08185	1706382	4999978	-31.6726	95.72954	-6.049822	9795.95	-17.43772	95.37366	-8.185054	-5.338078	-17.08185	95.37366	-8.185054
138.34	487.1886	314.6406	-1561.299	761.9218	3207.117	-588.7544	92.52673	-67.97156	390.0356	146.2633	982.9182	-6.049822	-5.338078	-17.08185	2567004	4163737	-31.6726	-4.270463	-6.049822	9095.95	182.5623	-4.626335	291.8149	-5.338078	-17.08185	-4.626335	291.8149
138.63	1287.189	1014.641	139.7012	-38.07825	2607.117	-1589.754	-407.4733	332.0284	-309.9644	446.2633	682.9182	-6.049822	-5.338078	82.91815	930592.4	3143506	-31.6726	-4.270463	-6.049822	3893.95	82.56228	-4.626335	91.81495	-5.338078	82.91815	-4.626335	91.81495
138.91	1287.189	514.6406	-560.2988	561.9218	1707.117	-2089.754	-407.4733	432.0284	-609.9644	346.2633	82.91815	193.9502	-5.338078	182.9182	930592.4	2052751	-31.6726	-4.270463	-6.049822	9695.95	-17.43772	-4.626335	-8.185054	-5.338078	182.9182	-4.626335	-8.185054
139.2	1387.189	3715.641	-761.2988	461.9218	3207.117	-1189.754	92.52673	-467.9716	-309.9644	346.2633	782.9182	93.95018	194.6619	-17.08185	789031.4	2052751	-31.6726	95.72954	-6.049822	3793.95	-17.43772	-4.626335	91.81495	194.6619	-17.08185	-4.626335	91.81495
139.49	687.1886	-985.3594	-1161.299	-138.0782	1507.117	-2089.754	-7.473267	132.0284	490.0356	346.2633	182.9182	93.95018	-5.338078	-17.08185	640165.4	2364361	-31.6726	-4.270463	-6.049822	2793.95	-17.43772	-4.626335	-8.185054	-5.338078	-17.08185	-4.626335	-8.185054
139.77	187.1886	-985.3594	-1261.299	61.92175	2207.117	11.24561	-507.4733	-67.97156	290.0356	146.2633	182.9182	93.95018	-5.338078	-17.08185	547604.4	1670358	-31.6726	-4.270463	-6.049822	3893.95	-17.43772	-4.626335	91.81495	-5.338078	-17.08185	-4.626335	91.81495
140.06	587.1886	914.6406	-2061.299	361.9218	1307.117	-2089.754	-507.4733	32.02844	390.0356	646.2634	282.9182	293.9502	-5.338078	-17.08185	549342.4	1925282	68.3274	-4.270463	-6.049822	4393.95	-17.43772	-4.626335	-8.185054	-5.338078	-17.08185	-4.626335	-8.185054
140.35	287.1886	3115.641	-1161.299	261.9218	1207.117	-1589.754	-7.473267	-167.9716	-109.9644	446.2633	182.9182	-6.049822	-5.338078	-17.08185	733145.4	1486258	-31.6726	-4.270463	-6.049822	4093.95	-17.43772	-4.626335	-8.185054	-5.338078	-17.08185	-4.626335	-8.185054
140.63	187.1886	1314.641	-460.2988	-438.0782	707.1174	-1889.754	-207.4733	132.0284	-109.9644	246.2633	282.9182	93.95018	-5.338078	-17.08185	454567.4	891536.8	-31.6726	-4.270463	-6.049822	3493.95	82.56228	95.37366	-8.185054	-5.338078	-17.08185	95.37366	-8.185054
140.92	387.1886	1114.641	-1661.299	-38.07825	507.1174	-1589.754	-707.4733	-167.9716	-209.9644	146.2633	282.9182	93.95018	-5.338078	-17.08185	342805.4	396012.8	-31.6726	-4.270463	-6.049822	1593.95	-17.43772	-4.626335	-8.185054	-5.338078	-17.08185	-4.626335	-8.185054
141.21	87.18861	514.6406	-160.2988	461.9218	707.1174	-1489.754	-907.4733	-67.97156	390.0356	146.2633	82.91815	93.95018	94.66192	-17.08185	233354.4	863219.8	68.3274	-4.270463	-6.049822	1593.95	-17.43772	-4.626335	91.81495	94.66192	-17.08185	-4.626335	91.81495
141.5	187.1886	714.6406	-1561.299	361.9218	1507.117	-1889.754	-407.4733	-167.9716	590.0356	146.2633	82.91815	-6.049822	-5.338078	-17.08185	216806.4	891536.8	-31.6726	-4.270463	-6.049822	1093.95	-17.43772	-4.626335	191.8149	-5.338078	-17.08185	-4.626335	191.8149
141.79	87.18861	514.6406	-360.2988	161.9218	307.1174	-1589.754	-607.4733	-67.97156	190.0356	246.2633	182.9182	-6.049822	-5.338078	82.91815	151628.4	594214.8	-31.6726	-4.270463	-6.049822	3993.95	82.56228	-4.626335	-8.185054	-5.338078	82.91815	-4.626335	-8.185054
142.07	87.18861	1014.641	-2661.299	61.92175	407.1174	-1389.754	-707.4733	-267.9716	-609.9644	146.2633	82.91815	-6.049822	-5.338078	-17.08185	182836.4	472880.8	-31.6726	-4.270463	-6.049822	4693.95	-17.43772	95.37366	-8.185054	-5.338078	-17.08185	95.37366	-8.185054
142.37	587.1886	-885.3594	-360.2988	-238.0782	507.1174	-588.7544	-107.4733	-67.97156	290.0356	146.2633	-17.08185	-6.049822	-5.338078	-17.08185	111216.4	466797.8	-31.6726	-4.270463	-6.049822	2993.95	-17.43772	-4.626335	-8.185054	-5.338078	-17.08185	-4.626335	-8.185054
142.66	-12.81139	-185.3594	-961.2988	361.9218	7.117439	-1589.754	-1107.473	232.0284	390.0356	-53.73666	182.9182	-6.049822	-5.338078	82.91815	114330.4	353542.8	-31.6726	-4.270463	-6.049822	293.9502	-17.43772	-4.626335	-8.185054	-5.338078	82.91815	-4.626335	-8.185054
142.95	-12.81139	-485.3594	-861.2988	-38.07825	207.1174	-1489.754	92.52673	-367.9716	90.03564	-53.73666	82.91815	-6.049822	-5.338078	-17.08185	251327.4	565898.8	-31.6726	-4.270463	-6.049822	1493.95	-17.43772	-4.626335	-8.185054	-5.338078	-17.08185	-4.626335	-8.185054
143.23	-12.81139	-785.3594	-761.2988	461.9218	407.1174	-1389.754	-7.473267	-67.97156	590.0356	46.26334	-17.08185	-6.049822	-5.338078	-17.08185	138553.4	282759.8	68.3274	95.72954	-6.049822	2293.95	-17.43772	-4.626335	-8.185054	-5.338078	-17.08185	-4.626335	-8.185054
143.52	-12.81139	1114.641	-2361.299	61.92175	107.1174	-1989.754	-307.4733	532.0284	90.03564	-53.73666	-17.08185	-6.049822	94.66192	-17.08185	38499.39	495112.8	68.3274	-4.270463	-6.049822	-6.049822	-17.43772	95.37366	-8.185054	94.66192	-17.08185	95.37366	-8.185054
143.81	87.18861	-785.3594	-961.2988	161.9218	207.1174	-588.7544	-407.4733	-267.9716	290.0356	246.2633	-17.08185	-6.049822	-5.338078	-17.08185	103785.4	84576.77	-31.6726	-4.270463	-6.049822	1093.95	-17.43772	-4.626335	-8.185054	-5.338078	-17.08185	-4.626335	-8.185054
144.1	187.1886	214.6406	-560.2988	361.9218	407.1174	-1789.754	192.5267	232.0284	-209.9644	46.26334	-17.08185	-6.049822	-5.338078	-17.08185	97158.4	98731.77	-31.6726	95.72954	-6.049822	-6.049822	-17.43772	95.37366	-8.185054	-5.338078	-17.08185	95.37366	-8.185054
144.4	87.18861	-685.3594	-1261.299	-338.0782	107.1174	-1889.754	92.52673	-67.97156	90.03564	-53.73666	-17.08185	-6.049822	-5.338078	-17.08185	124077.4	381855.8	-31.6726	95.72954	93.95018	-6.049822	-17.43772	-4.626335	-8.185054	-5.338078	-17.08185	-4.626335	-8.185054
144.68	-12.81139	214.6406	-360.2988	361.9218	307.1174	-1289.754	92.52673	-167.9716	490.0356	46.26334	82.91815	-6.049822	-5.338078	-17.08185	55230.39	85791.77	-31.6726	-4.270463	-6.049822	893.9502	-17.43772	-4.626335	-8.185054	-5.338078	-17.08185	-4.626335	-8.185054
144.97	87.18861	2214.641	1639.701	-38.07825	7.117439	11.24561	-7.473267	132.0284	290.0356	46.26334	82.91815	-6.049822	-5.338078	-17.08185	59841.39	44684.77	-31.6726	-4.270463	-6.049822	1093.95	-17.43772	-4.626335	-8.185054	-5.338078	-17.08185	-4.626335	-8.185054
145.25	-12.81139	814.6406	-1261.299	-538.0782	-92.88256	-588.7544	392.5267	432.0284	490.0356	-53.73666	-17.08185	-6.049822	-5.338078	-17.08185	164610.4	155354.8	-31.6726	-4.270463	-6.049822	-6.049822	-17.43772	-4.626335	-8.185054	-5.338078	-17.08185	-4.626335	-8.185054
145.54	-12.81139	1714.641	-2161.299	-538.0782	207.1174	-188.7544	392.5267	-67.97156	190.0356	46.26334	-17.08185	-6.049822	-5.338078	-17.08185	28986.39	49693.77	-31.6726	-4.270463	-6.049822	893.9502	-17.43772	-4.626335	-8.185054	-5.338078	-17.08185	-4.626335	-8.185054
145.82	87.18861	1114.641	39.70117	-438.0782	107.1174	-1689.754	-307.4733	232.0284	290.0356	46.26334	82.91815	-6.049822	-5.338078	-17.08185	57235.39	15848.77	-31.6726	-4.270463	-6.049822	-6.049822	-17.43772	-4.626335	-8.185054	-5.338078	-17.08185	-4.626335	-8.185054
146.12	-12.81139	-285.3594	-560.2988	161.9218	207.1174	-689.7544	392.5267	-167.9716	-409.9644	-53.73666	-17.08185	-6.049822	-5.338078	-17.08185	17175.39	381855.8	-31.6726	-4.270463	-6.049822	493.9502	-17.43772	-4.626335	-8.185054	-5.338078	-17.08185	-4.626335	-8.185054
146.41	187.1886	214.6406	339.7012	-638.0782	-92.88256	-488.7544	-707.4733	-167.9716	-109.9644	-53.73666	-17.08185	-6.049822	-5.338078	-17.08185	24481.39	42109.77	-31.6726	-4.270463	-6.049822	1493.95	-17.43772	-4.626335	-8.185054	-5.338078	-17.08185	-4.626335	-8.185054
146.7	87.18861	-485.3594	139.7012	261.9218	-92.88256	-1689.754	-607.4733	-367.9716	-309.9644	-53.73666	-17.08185	-6.049822	-5.338078	-17.08185	17675.39	112887.8	-31.6726	-4.270463	-6.049822	93.95018	-17.43772	-4.626335	-8.185054	-5.338078	-17.08185	-4.626335	-8.185054
146.99	87.18861	-185.3594	-761.2988	161.9218	-92.88256	-989.7544	292.5267	232.0284	190.0356	-53.73666	-17.08185	-6.049822	94.66192	-17.08185	469.395	42109.77	68.3274	-4.270463	-6.049822	-6.049822	-17.43772	-4.626335	-8.185054	94.66192	-17.08185	-4.626335	-8.185054
147.27	-12.81139	-285.3594	-360.2988	261.9218	107.1174	-588.7544	192.5267	-267.9716	90.03564	146.2633	-17.08185	-6.049822	-5.338078	-17.08185	26683.39	77665.77	-31.6726	-4.270463	-6.049822	193.9502	-17.43772	-4.626335	-8.185054	-5.338078	-17.08185	-4.626335	-8.185054
147.56	87.18861	-1886.359	-560.2988	-138.0782	7.117439	-789.7544	-407.4733	-167.9716	-9.964355	-53.73666	-17.08185	-6.049822	-5.338078	-17.08185	25582.39	343.7722	-31.6726	-4.270463	-6.049822	493.9502	-17.43772	-4.626335	-8.185054	-5.338078	-17.08185	-4.626335	-8.185054
147.85	-12.81139	-585.3594	-1061.299	-138.0782	7.117439	-88.75439	-907.4733	32.02844	290.0356	-53.73666	-17.08185	-6.049822	-5.338078	-17.08185	46913.39	58312.77	-31.6726	-4.270463	-6.049822	-6.049822	-17.43772	-4.626335	-8.185054	-5.338078	-17.08185	-4.626335	-8.185054
148.13	-12.81139	-385.3594	-1861.299	561.9218	7.117439	-1789.754	292.5267	-67.97156	-9.964355	-53.73666	-17.08185	-6.049822	-5.338078	182.9182	44008.39	70420.77	-31.6726	-4.270463	93.95018	593.9502	-17.43772	95.37366	-8.185054	-5.338078	182.9182	95.37366	-8.185054
148.43	-12.81139	-85.35938	-2261.299	61.92175	7.117439	-188.7544	-407.4733	-67.97156	-109.9644	-53.73666	82.91815	-6.049822	-5.338078	-17.08185	33792.39	27954.77	-31.6726	-4.270463	-6.049822	393.9502	82.56228	-4.626335	-8.185054	-5.338078	-17.08185	-4.626335	-8.185054
148.71	-12.81139	1014.641	-1261.299	-238.0782	-92.88256	-989.7544	-507.4733	-267.9716	-309.9644	-53.73666	-17.08185	-6.049822	-5.338078	-17.08185	169.395	18650.77	-31.6726	95.72954	-6.049822	93.95018	82.56228	-4.626335	-8.185054	-5.338078	-17.08185	-4.626335	-8.185054
149	87.18861	14.64062	-60.29883	-338.0782	307.1174	-1189.754	-107.4733	32.02844	-509.9644	146.2633	-17.08185	-6.049822	-5.338078	-17.08185	6170.395	9845.772	-31.6726	-4.270463	-6.049822	-6.049822	-17.43772	-4.626335	-8.185054	-5.338078	-17.08185	-4.626335	-8.185054
