ElapsedTime_s	Ti49_CPS	Al27_CPS	S33_CPS	Sc45_CPS	V51_CPS	Mn55_CPS	Fe57_CPS	Co59_CPS	Ni60_CPS	Ga71_CPS	Zr90_CPS	Nb93_CPS	Mo97_CPS	In113_CPS	Sn119_CPS	Sn118_CPS	Sb121_CPS	Hf177_CPS	Ta181_CPS	W183_CPS	Pb206_CPS	Th232_CPS	U238_CPS	Tc97_CPS	Cd113_CPS	U232_CPS	Pu238_CPS
0	-12.81139	14.64062	-1461.299	-338.0782	107.1174	-2089.754	-307.4733	232.0284	290.0356	-53.73666	-17.08185	-6.049822	-5.338078	-17.08185	23380.39	743.7722	-31.6726	-4.270463	-6.049822	-6.049822	-17.43772	-4.626335	-8.185054	-5.338078	-17.08185	-4.626335	-8.185054
																											
10.16	-12.81139	414.6406	-1761.299	-138.0782	-92.88256	-388.7544	-407.4733	132.0284	190.0356	46.26334	-17.08185	93.95018	-5.338078	-17.08185	169.395	-156.2278	-31.6726	-4.270463	-6.049822	-6.049822	-17.43772	95.37366	-8.185054	-5.338078	-17.08185	95.37366	-8.185054
10.45	-12.81139	514.6406	39.70117	161.9218	-92.88256	-1789.754	492.5267	132.0284	-909.9644	-53.73666	-17.08185	-6.049822	-5.338078	-17.08185	69.39502	-256.2278	-31.6726	-4.270463	-6.049822	-6.049822	-17.43772	-4.626335	-8.185054	-5.338078	-17.08185	-4.626335	-8.185054
10.73	-12.81139	-285.3594	339.7012	-138.0782	7.117439	-1789.754	-807.4733	-367.9716	-9.964355	46.26334	-17.08185	-6.049822	-5.338078	-17.08185	-30.60498	3743.772	68.3274	-4.270463	-6.049822	-6.049822	-17.43772	-4.626335	-8.185054	-5.338078	-17.08185	-4.626335	-8.185054
11.02	-12.81139	1014.641	-1461.299	261.9218	107.1174	-1589.754	292.5267	-67.97156	90.03564	-53.73666	82.91815	-6.049822	-5.338078	-17.08185	169.395	76361.77	68.3274	-4.270463	-6.049822	-6.049822	-17.43772	-4.626335	-8.185054	-5.338078	-17.08185	-4.626335	-8.185054
11.3	-12.81139	914.6406	-460.2988	-138.0782	407.1174	-488.7544	492.5267	32.02844	590.0356	146.2633	-17.08185	-6.049822	-5.338078	-17.08185	45110.39	-256.2278	-31.6726	-4.270463	-6.049822	-6.049822	-17.43772	-4.626335	-8.185054	-5.338078	-17.08185	-4.626335	-8.185054
11.59	87.18861	2515.641	-961.2988	161.9218	-92.88256	-889.7544	292.5267	232.0284	290.0356	-53.73666	82.91815	-6.049822	-5.338078	-17.08185	-30.60498	142148.8	-31.6726	-4.270463	-6.049822	-6.049822	-17.43772	95.37366	-8.185054	-5.338078	-17.08185	95.37366	-8.185054
11.87	-12.81139	-185.3594	-660.2988	161.9218	-92.88256	-1789.754	-907.4733	32.02844	-9.964355	46.26334	-17.08185	-6.049822	-5.338078	-17.08185	369.395	26457.77	-31.6726	-4.270463	-6.049822	-6.049822	-17.43772	-4.626335	-8.185054	-5.338078	-17.08185	-4.626335	-8.185054
12.16	-12.81139	-485.3594	-1161.299	561.9218	-92.88256	11.24561	292.5267	-367.9716	490.0356	-53.73666	-17.08185	-6.049822	-5.338078	-17.08185	-30.60498	34567.77	-31.6726	-4.270463	-6.049822	-6.049822	-17.43772	-4.626335	-8.185054	-5.338078	-17.08185	-4.626335	-8.185054
12.44	-12.81139	-385.3594	-861.2988	161.9218	-92.88256	-288.7544	392.5267	332.0284	-409.9644	-53.73666	-17.08185	-6.049822	-5.338078	-17.08185	1869.395	-56.22775	68.3274	-4.270463	-6.049822	93.95018	-17.43772	-4.626335	-8.185054	-5.338078	-17.08185	-4.626335	-8.185054
12.73	-12.81139	614.6406	539.7012	-238.0782	107.1174	-2089.754	292.5267	232.0284	90.03564	46.26334	-17.08185	93.95018	-5.338078	-17.08185	-130.605	43.77225	-31.6726	-4.270463	-6.049822	-6.049822	82.56228	-4.626335	-8.185054	-5.338078	-17.08185	-4.626335	-8.185054
13.01	87.18861	114.6406	-1161.299	-38.07825	-92.88256	-1689.754	-507.4733	32.02844	690.0356	-53.73666	82.91815	-6.049822	-5.338078	-17.08185	-30.60498	4243.772	-31.6726	-4.270463	-6.049822	-6.049822	-17.43772	-4.626335	-8.185054	-5.338078	-17.08185	-4.626335	-8.185054
13.3	-12.81139	-885.3594	-660.2988	361.9218	7.117439	-1089.754	-707.4733	32.02844	390.0356	146.2633	-17.08185	-6.049822	-5.338078	-17.08185	-130.605	43.77225	-31.6726	-4.270463	-6.049822	93.95018	-17.43772	-4.626335	-8.185054	-5.338078	-17.08185	-4.626335	-8.185054
13.58	-12.81139	314.6406	-1061.299	-238.0782	-92.88256	-1889.754	-407.4733	32.02844	-209.9644	-53.73666	-17.08185	-6.049822	-5.338078	82.91815	-130.605	-56.22775	-31.6726	-4.270463	-6.049822	-6.049822	-17.43772	-4.626335	-8.185054	-5.338078	82.91815	-4.626335	-8.185054
13.87	-12.81139	-685.3594	-260.2988	361.9218	107.1174	-488.7544	692.5267	532.0284	990.0356	-53.73666	-17.08185	-6.049822	-5.338078	-17.08185	5270.395	43.77225	-31.6726	-4.270463	-6.049822	-6.049822	-17.43772	-4.626335	-8.185054	-5.338078	-17.08185	-4.626335	-8.185054
14.15	-12.81139	514.6406	-1161.299	161.9218	7.117439	11.24561	-707.4733	132.0284	-409.9644	46.26334	-17.08185	-6.049822	-5.338078	-17.08185	69.39502	28460.77	-31.6726	-4.270463	-6.049822	-6.049822	82.56228	-4.626335	91.81495	-5.338078	-17.08185	-4.626335	91.81495
14.44	-12.81139	914.6406	-1861.299	-38.07825	-92.88256	-1589.754	-1307.473	132.0284	390.0356	-53.73666	-17.08185	-6.049822	-5.338078	-17.08185	69.39502	-356.2278	-31.6726	-4.270463	-6.049822	-6.049822	-17.43772	95.37366	-8.185054	-5.338078	-17.08185	95.37366	-8.185054
14.72	-12.81139	914.6406	539.7012	-38.07825	107.1174	-1189.754	-407.4733	132.0284	-309.9644	146.2633	-17.08185	-6.049822	-5.338078	-17.08185	5570.395	-56.22775	-31.6726	95.72954	-6.049822	-6.049822	-17.43772	-4.626335	-8.185054	-5.338078	-17.08185	-4.626335	-8.185054
15.01	-12.81139	-585.3594	-60.29883	-638.0782	7.117439	-1089.754	-307.4733	32.02844	490.0356	46.26334	-17.08185	-6.049822	-5.338078	-17.08185	269.395	43.77225	-31.6726	-4.270463	-6.049822	-6.049822	-17.43772	-4.626335	-8.185054	-5.338078	-17.08185	-4.626335	-8.185054
15.29	287.1886	1014.641	39.70117	-538.0782	7.117439	-1189.754	-307.4733	132.0284	90.03564	46.26334	-17.08185	-6.049822	-5.338078	-17.08185	-30.60498	-156.2278	-31.6726	-4.270463	-6.049822	93.95018	-17.43772	-4.626335	-8.185054	-5.338078	-17.08185	-4.626335	-8.185054
15.58	-12.81139	-1185.359	-1661.299	-638.0782	7.117439	-2489.754	392.5267	-67.97156	90.03564	46.26334	-17.08185	-6.049822	-5.338078	-17.08185	169.395	443.7722	-31.6726	-4.270463	-6.049822	-6.049822	82.56228	-4.626335	-8.185054	-5.338078	-17.08185	-4.626335	-8.185054
15.86	-12.81139	314.6406	-660.2988	361.9218	7.117439	-1189.754	-507.4733	-167.9716	-9.964355	-53.73666	-17.08185	-6.049822	-5.338078	-17.08185	-130.605	43.77225	-31.6726	-4.270463	-6.049822	-6.049822	82.56228	-4.626335	-8.185054	-5.338078	-17.08185	-4.626335	-8.185054
16.15	-12.81139	914.6406	-961.2988	661.9218	-92.88256	-1589.754	-7.473267	632.0284	390.0356	-53.73666	-17.08185	-6.049822	-5.338078	-17.08185	-30.60498	43.77225	-31.6726	-4.270463	-6.049822	-6.049822	-17.43772	-4.626335	-8.185054	-5.338078	-17.08185	-4.626335	-8.185054
16.43	-12.81139	1414.641	-360.2988	61.92175	-92.88256	-1289.754	592.5267	132.0284	-509.9644	46.26334	-17.08185	-6.049822	94.66192	-17.08185	-30.60498	47789.77	-31.6726	-4.270463	-6.049822	-6.049822	-17.43772	-4.626335	-8.185054	94.66192	-17.08185	-4.626335	-8.185054
16.72	-12.81139	614.6406	39.70117	-138.0782	107.1174	-1089.754	-407.4733	-67.97156	290.0356	-53.73666	-17.08185	-6.049822	-5.338078	-17.08185	169.395	243.7722	-31.6726	-4.270463	-6.049822	-6.049822	-17.43772	-4.626335	-8.185054	-5.338078	-17.08185	-4.626335	-8.185054
17	87.18861	1014.641	-861.2988	-238.0782	7.117439	-789.7544	92.52673	532.0284	90.03564	-53.73666	-17.08185	-6.049822	-5.338078	-17.08185	-30.60498	-56.22775	-31.6726	-4.270463	-6.049822	-6.049822	-17.43772	-4.626335	-8.185054	-5.338078	-17.08185	-4.626335	-8.185054
17.29	-12.81139	214.6406	-560.2988	-38.07825	-92.88256	-989.7544	-7.473267	-167.9716	-9.964355	-53.73666	-17.08185	-6.049822	-5.338078	-17.08185	-130.605	-156.2278	-31.6726	-4.270463	-6.049822	-6.049822	-17.43772	-4.626335	-8.185054	-5.338078	-17.08185	-4.626335	-8.185054
17.57	-12.81139	914.6406	539.7012	-638.0782	-92.88256	-1489.754	-207.4733	-167.9716	-609.9644	-53.73666	-17.08185	-6.049822	-5.338078	-17.08185	169.395	-156.2278	-31.6726	-4.270463	-6.049822	-6.049822	82.56228	-4.626335	-8.185054	-5.338078	-17.08185	-4.626335	-8.185054
17.85	-12.81139	614.6406	39.70117	-238.0782	-92.88256	-989.7544	392.5267	232.0284	290.0356	-53.73666	-17.08185	-6.049822	-5.338078	-17.08185	-130.605	-56.22775	-31.6726	-4.270463	-6.049822	-6.049822	-17.43772	-4.626335	-8.185054	-5.338078	-17.08185	-4.626335	-8.185054
18.14	-12.81139	-585.3594	-160.2988	-138.0782	7.117439	-2889.754	-1007.473	332.0284	-409.9644	-53.73666	-17.08185	-6.049822	-5.338078	-17.08185	-30.60498	-356.2278	-31.6726	-4.270463	-6.049822	-6.049822	82.56228	-4.626335	-8.185054	-5.338078	-17.08185	-4.626335	-8.185054
18.43	-12.81139	214.6406	39.70117	361.9218	7.117439	-1589.754	-507.4733	-467.9716	-109.9644	46.26334	-17.08185	-6.049822	-5.338078	-17.08185	31088.39	243.7722	-31.6726	-4.270463	-6.049822	-6.049822	82.56228	-4.626335	-8.185054	-5.338078	-17.08185	-4.626335	-8.185054
18.71	-12.81139	14.64062	239.7012	61.92175	-92.88256	-1589.754	1092.527	-67.97156	90.03564	-53.73666	-17.08185	-6.049822	-5.338078	-17.08185	12572.39	-56.22775	-31.6726	-4.270463	-6.049822	-6.049822	-17.43772	-4.626335	-8.185054	-5.338078	-17.08185	-4.626335	-8.185054
19	-12.81139	614.6406	-1561.299	-38.07825	107.1174	-989.7544	-207.4733	-267.9716	390.0356	146.2633	-17.08185	-6.049822	-5.338078	-17.08185	-30.60498	-156.2278	-31.6726	-4.270463	93.95018	-6.049822	-17.43772	-4.626335	-8.185054	-5.338078	-17.08185	-4.626335	-8.185054
19.28	-12.81139	-1386.359	-1061.299	261.9218	7.117439	-2089.754	-407.4733	-667.9716	590.0356	46.26334	-17.08185	-6.049822	-5.338078	-17.08185	-30.60498	243.7722	-31.6726	-4.270463	-6.049822	-6.049822	82.56228	-4.626335	-8.185054	-5.338078	-17.08185	-4.626335	-8.185054
19.57	-12.81139	1714.641	-1061.299	61.92175	7.117439	-2489.754	992.5267	332.0284	190.0356	46.26334	-17.08185	-6.049822	-5.338078	-17.08185	-130.605	43.77225	-31.6726	-4.270463	-6.049822	-6.049822	-17.43772	-4.626335	-8.185054	-5.338078	-17.08185	-4.626335	-8.185054
19.85	-12.81139	-585.3594	-1061.299	361.9218	107.1174	-1789.754	-107.4733	32.02844	-209.9644	-53.73666	-17.08185	-6.049822	-5.338078	-17.08185	69.39502	143.7722	-31.6726	-4.270463	-6.049822	-6.049822	-17.43772	-4.626335	-8.185054	-5.338078	-17.08185	-4.626335	-8.185054
20.14	-12.81139	2214.641	-60.29883	-638.0782	7.117439	-989.7544	-7.473267	32.02844	-9.964355	146.2633	-17.08185	-6.049822	94.66192	-17.08185	-30.60498	-56.22775	-31.6726	-4.270463	-6.049822	-6.049822	-17.43772	-4.626335	-8.185054	94.66192	-17.08185	-4.626335	-8.185054
20.42	-12.81139	614.6406	-1461.299	61.92175	7.117439	-288.7544	-907.4733	32.02844	290.0356	-53.73666	82.91815	-6.049822	-5.338078	-17.08185	69.39502	243.7722	-31.6726	-4.270463	93.95018	-6.049822	-17.43772	-4.626335	-8.185054	-5.338078	-17.08185	-4.626335	-8.185054
20.71	-12.81139	814.6406	-460.2988	-238.0782	-92.88256	-1589.754	992.5267	732.0284	90.03564	46.26334	182.9182	-6.049822	-5.338078	-17.08185	69.39502	-156.2278	-31.6726	-4.270463	-6.049822	-6.049822	82.56228	-4.626335	-8.185054	-5.338078	-17.08185	-4.626335	-8.185054
20.99	-12.81139	914.6406	-60.29883	261.9218	7.117439	-1889.754	92.52673	432.0284	190.0356	246.2633	82.91815	-6.049822	94.66192	-17.08185	-130.605	43.77225	-31.6726	-4.270463	-6.049822	93.95018	-17.43772	-4.626335	-8.185054	94.66192	-17.08185	-4.626335	-8.185054
21.28	-12.81139	14.64062	-360.2988	-238.0782	107.1174	-689.7544	-1007.473	32.02844	-9.964355	-53.73666	-17.08185	-6.049822	-5.338078	-17.08185	-130.605	-256.2278	-31.6726	-4.270463	-6.049822	-6.049822	-17.43772	-4.626335	-8.185054	-5.338078	-17.08185	-4.626335	-8.185054
21.56	-12.81139	1714.641	-1561.299	61.92175	-92.88256	-989.7544	-7.473267	-267.9716	-409.9644	-53.73666	-17.08185	-6.049822	-5.338078	-17.08185	69.39502	-156.2278	68.3274	-4.270463	-6.049822	-6.049822	-17.43772	-4.626335	-8.185054	-5.338078	-17.08185	-4.626335	-8.185054
21.85	-12.81139	-585.3594	-1661.299	-338.0782	7.117439	-1189.754	-607.4733	-167.9716	690.0356	46.26334	-17.08185	-6.049822	-5.338078	-17.08185	-130.605	-56.22775	-31.6726	-4.270463	-6.049822	-6.049822	-17.43772	-4.626335	-8.185054	-5.338078	-17.08185	-4.626335	-8.185054
22.14	-12.81139	214.6406	-460.2988	-338.0782	-92.88256	-989.7544	-1207.473	132.0284	590.0356	46.26334	-17.08185	-6.049822	-5.338078	-17.08185	-30.60498	-356.2278	-31.6726	-4.270463	-6.049822	-6.049822	-17.43772	-4.626335	91.81495	-5.338078	-17.08185	-4.626335	91.81495
22.43	-12.81139	614.6406	-1061.299	-738.0782	7.117439	-1489.754	-507.4733	-367.9716	90.03564	-53.73666	-17.08185	-6.049822	-5.338078	-17.08185	-130.605	143.7722	168.3274	-4.270463	-6.049822	-6.049822	-17.43772	-4.626335	-8.185054	-5.338078	-17.08185	-4.626335	-8.185054
22.71	-12.81139	814.6406	539.7012	-138.0782	-92.88256	-1789.754	-407.4733	32.02844	-9.964355	246.2633	-17.08185	-6.049822	-5.338078	-17.08185	-30.60498	-56.22775	-31.6726	-4.270463	-6.049822	-6.049822	-17.43772	-4.626335	-8.185054	-5.338078	-17.08185	-4.626335	-8.185054
23	-12.81139	2114.641	-1161.299	161.9218	-92.88256	-1989.754	-507.4733	432.0284	490.0356	46.26334	-17.08185	-6.049822	-5.338078	-17.08185	-130.605	143.7722	-31.6726	-4.270463	-6.049822	-6.049822	-17.43772	-4.626335	-8.185054	-5.338078	-17.08185	-4.626335	-8.185054
23.28	-12.81139	314.6406	139.7012	861.9218	7.117439	-588.7544	292.5267	132.0284	-309.9644	-53.73666	-17.08185	-6.049822	-5.338078	-17.08185	69.39502	-56.22775	-31.6726	-4.270463	-6.049822	-6.049822	-17.43772	-4.626335	-8.185054	-5.338078	-17.08185	-4.626335	-8.185054
23.57	-12.81139	14.64062	-1661.299	861.9218	207.1174	-2189.754	592.5267	-267.9716	-109.9644	146.2633	-17.08185	-6.049822	-5.338078	82.91815	69.39502	-256.2278	-31.6726	-4.270463	-6.049822	-6.049822	182.5623	-4.626335	-8.185054	-5.338078	82.91815	-4.626335	-8.185054
23.85	-12.81139	1214.641	139.7012	561.9218	-92.88256	-1489.754	92.52673	132.0284	-209.9644	-53.73666	-17.08185	-6.049822	-5.338078	-17.08185	-30.60498	43.77225	368.3274	-4.270463	-6.049822	-6.049822	-17.43772	-4.626335	-8.185054	-5.338078	-17.08185	-4.626335	-8.185054
24.14	-12.81139	14.64062	-460.2988	161.9218	7.117439	-1489.754	-607.4733	632.0284	-609.9644	146.2633	-17.08185	-6.049822	-5.338078	-17.08185	-30.60498	-256.2278	-31.6726	-4.270463	-6.049822	-6.049822	-17.43772	-4.626335	-8.185054	-5.338078	-17.08185	-4.626335	-8.185054
24.42	-12.81139	2515.641	-60.29883	-538.0782	-92.88256	-1289.754	-207.4733	232.0284	90.03564	46.26334	-17.08185	-6.049822	-5.338078	-17.08185	-30.60498	43.77225	-31.6726	-4.270463	-6.049822	-6.049822	-17.43772	-4.626335	-8.185054	-5.338078	-17.08185	-4.626335	-8.185054
24.71	-12.81139	614.6406	-660.2988	61.92175	-92.88256	-1589.754	-107.4733	332.0284	990.0356	46.26334	-17.08185	-6.049822	-5.338078	-17.08185	-30.60498	-56.22775	68.3274	-4.270463	-6.049822	93.95018	-17.43772	-4.626335	-8.185054	-5.338078	-17.08185	-4.626335	-8.185054
24.99	-12.81139	1014.641	339.7012	461.9218	7.117439	-388.7544	192.5267	-167.9716	-9.964355	-53.73666	-17.08185	-6.049822	-5.338078	-17.08185	69.39502	-156.2278	-31.6726	-4.270463	-6.049822	-6.049822	-17.43772	-4.626335	-8.185054	-5.338078	-17.08185	-4.626335	-8.185054
25.28	-12.81139	-485.3594	-260.2988	661.9218	107.1174	-488.7544	-1007.473	32.02844	90.03564	-53.73666	82.91815	-6.049822	-5.338078	-17.08185	69.39502	43.77225	-31.6726	-4.270463	-6.049822	-6.049822	-17.43772	-4.626335	-8.185054	-5.338078	-17.08185	-4.626335	-8.185054
25.56	-12.81139	2515.641	-360.2988	-338.0782	-92.88256	-1189.754	-207.4733	-67.97156	-209.9644	-53.73666	82.91815	-6.049822	-5.338078	82.91815	-30.60498	243.7722	68.3274	-4.270463	-6.049822	-6.049822	-17.43772	-4.626335	-8.185054	-5.338078	82.91815	-4.626335	-8.185054
25.85	87.18861	-785.3594	-1261.299	461.9218	-92.88256	-2189.754	-207.4733	132.0284	-109.9644	-53.73666	82.91815	-6.049822	-5.338078	-17.08185	-130.605	143.7722	68.3274	-4.270463	-6.049822	-6.049822	-17.43772	-4.626335	-8.185054	-5.338078	-17.08185	-4.626335	-8.185054
26.13	-12.81139	-385.3594	1239.701	-538.0782	-92.88256	-1389.754	-607.4733	232.0284	-109.9644	46.26334	-17.08185	-6.049822	94.66192	-17.08185	69.39502	-156.2278	-31.6726	-4.270463	-6.049822	-6.049822	-17.43772	-4.626335	-8.185054	94.66192	-17.08185	-4.626335	-8.185054
26.42	-12.81139	-685.3594	-1061.299	-238.0782	-92.88256	-2089.754	92.52673	332.0284	290.0356	-53.73666	-17.08185	-6.049822	-5.338078	-17.08185	-130.605	-256.2278	68.3274	-4.270463	-6.049822	-6.049822	-17.43772	-4.626335	-8.185054	-5.338078	-17.08185	-4.626335	-8.185054
26.7	-12.81139	-1386.359	-761.2988	-138.0782	-92.88256	-1889.754	1092.527	-67.97156	90.03564	46.26334	-17.08185	-6.049822	-5.338078	-17.08185	-30.60498	-156.2278	68.3274	-4.270463	-6.049822	-6.049822	-17.43772	-4.626335	-8.185054	-5.338078	-17.08185	-4.626335	-8.185054
26.99	-12.81139	114.6406	-961.2988	461.9218	207.1174	-889.7544	-207.4733	232.0284	90.03564	-53.73666	-17.08185	-6.049822	-5.338078	-17.08185	-30.60498	-256.2278	-31.6726	-4.270463	-6.049822	-6.049822	-17.43772	-4.626335	91.81495	-5.338078	-17.08185	-4.626335	91.81495
27.27	-12.81139	2214.641	-560.2988	61.92175	-92.88256	-388.7544	-307.4733	-267.9716	-309.9644	-53.73666	-17.08185	-6.049822	-5.338078	-17.08185	-130.605	143.7722	-31.6726	-4.270463	-6.049822	-6.049822	-17.43772	-4.626335	-8.185054	-5.338078	-17.08185	-4.626335	-8.185054
27.56	87.18861	14.64062	-1761.299	-338.0782	7.117439	-1789.754	-607.4733	-267.9716	290.0356	-53.73666	82.91815	-6.049822	-5.338078	-17.08185	69.39502	-356.2278	-31.6726	-4.270463	-6.049822	-6.049822	-17.43772	-4.626335	-8.185054	-5.338078	-17.08185	-4.626335	-8.185054
27.84	-12.81139	1814.641	-1561.299	261.9218	-92.88256	-1389.754	-207.4733	-467.9716	1590.036	146.2633	-17.08185	-6.049822	-5.338078	-17.08185	-30.60498	14047.77	-31.6726	-4.270463	93.95018	-6.049822	-17.43772	-4.626335	-8.185054	-5.338078	-17.08185	-4.626335	-8.185054
28.13	-12.81139	-285.3594	-660.2988	-438.0782	-92.88256	-1089.754	92.52673	232.0284	790.0356	-53.73666	-17.08185	93.95018	-5.338078	-17.08185	-130.605	-256.2278	-31.6726	-4.270463	-6.049822	-6.049822	-17.43772	-4.626335	-8.185054	-5.338078	-17.08185	-4.626335	-8.185054
28.41	-12.81139	514.6406	-1361.299	261.9218	107.1174	-889.7544	-907.4733	-467.9716	90.03564	46.26334	-17.08185	93.95018	-5.338078	-17.08185	-130.605	243.7722	-31.6726	-4.270463	-6.049822	-6.049822	-17.43772	-4.626335	-8.185054	-5.338078	-17.08185	-4.626335	-8.185054
28.7	-12.81139	114.6406	-861.2988	-138.0782	7.117439	-1989.754	-607.4733	-567.9716	-109.9644	346.2633	-17.08185	-6.049822	-5.338078	-17.08185	-130.605	-256.2278	68.3274	-4.270463	-6.049822	-6.049822	-17.43772	-4.626335	-8.185054	-5.338078	-17.08185	-4.626335	-8.185054
28.98	87.18861	514.6406	-460.2988	-138.0782	-92.88256	-488.7544	692.5267	-167.9716	-109.9644	46.26334	-17.08185	-6.049822	-5.338078	-17.08185	169.395	343.7722	-31.6726	-4.270463	-6.049822	-6.049822	-17.43772	-4.626335	-8.185054	-5.338078	-17.08185	-4.626335	-8.185054
29.27	-12.81139	214.6406	-1361.299	-438.0782	-92.88256	-689.7544	-7.473267	-267.9716	-9.964355	-53.73666	-17.08185	-6.049822	-5.338078	-17.08185	-30.60498	343.7722	-31.6726	-4.270463	-6.049822	-6.049822	-17.43772	-4.626335	-8.185054	-5.338078	-17.08185	-4.626335	-8.185054
29.55	-12.81139	-985.3594	-1261.299	-238.0782	7.117439	-789.7544	-1207.473	232.0284	-109.9644	46.26334	-17.08185	-6.049822	94.66192	-17.08185	169.395	-56.22775	68.3274	-4.270463	-6.049822	-6.049822	-17.43772	-4.626335	-8.185054	94.66192	-17.08185	-4.626335	-8.185054
29.84	-12.81139	1214.641	-260.2988	-238.0782	-92.88256	-2389.754	-407.4733	-67.97156	-9.964355	146.2633	82.91815	-6.049822	-5.338078	-17.08185	69.39502	43.77225	-31.6726	-4.270463	-6.049822	-6.049822	-17.43772	-4.626335	-8.185054	-5.338078	-17.08185	-4.626335	-8.185054
30.12	-12.81139	214.6406	-861.2988	-238.0782	-92.88256	-789.7544	-507.4733	-367.9716	390.0356	46.26334	-17.08185	-6.049822	-5.338078	82.91815	-30.60498	-156.2278	-31.6726	-4.270463	-6.049822	-6.049822	-17.43772	-4.626335	-8.185054	-5.338078	82.91815	-4.626335	-8.185054
30.41	87.18861	314.6406	-2161.299	661.9218	-92.88256	-1189.754	592.5267	432.0284	-709.9644	46.26334	82.91815	-6.049822	-5.338078	-17.08185	69.39502	-56.22775	-31.6726	-4.270463	-6.049822	-6.049822	-17.43772	-4.626335	-8.185054	-5.338078	-17.08185	-4.626335	-8.185054
30.69	-12.81139	1414.641	-460.2988	961.9218	-92.88256	-1189.754	-7.473267	232.0284	790.0356	46.26334	-17.08185	-6.049822	-5.338078	-17.08185	69.39502	43.77225	68.3274	-4.270463	-6.049822	-6.049822	-17.43772	-4.626335	-8.185054	-5.338078	-17.08185	-4.626335	-8.185054
30.98	-12.81139	1414.641	-260.2988	-38.07825	107.1174	-689.7544	-1007.473	32.02844	390.0356	46.26334	-17.08185	-6.049822	-5.338078	-17.08185	-130.605	-156.2278	-31.6726	-4.270463	-6.049822	-6.049822	-17.43772	-4.626335	-8.185054	-5.338078	-17.08185	-4.626335	-8.185054
31.26	-12.81139	214.6406	-1261.299	61.92175	-92.88256	-1389.754	-307.4733	332.0284	-209.9644	46.26334	-17.08185	-6.049822	-5.338078	-17.08185	-30.60498	43.77225	-31.6726	-4.270463	-6.049822	-6.049822	-17.43772	-4.626335	-8.185054	-5.338078	-17.08185	-4.626335	-8.185054
31.55	-12.81139	814.6406	-1661.299	861.9218	-92.88256	-989.7544	492.5267	-167.9716	190.0356	-53.73666	82.91815	-6.049822	-5.338078	-17.08185	58939.39	152006.8	68.3274	-4.270463	93.95018	93.95018	-17.43772	-4.626335	-8.185054	-5.338078	-17.08185	-4.626335	-8.185054
31.83	-12.81139	1088370	-1361.299	-138.0782	107.1174	14718.25	136876.5	-367.9716	290.0356	1546.263	1482.918	193.9502	-5.338078	-17.08185	196943.4	665003.8	368.3274	-4.270463	293.9502	493.9502	682.5623	95.37366	391.8149	-5.338078	-17.08185	95.37366	391.8149
32.12	87.18861	4081349	439.7012	661.9218	207.1174	41755.25	395120.5	-367.9716	290.0356	2646.263	2482.918	393.9502	-5.338078	-17.08185	213074.4	531235.8	-31.6726	95.72954	93.95018	493.9502	1182.562	-4.626335	291.8149	-5.338078	-17.08185	-4.626335	291.8149
32.4	387.1886		-160.2988	261.9218	607.1174	48368.25	416260.5	32.02844	290.0356	2246.263	4282.918	693.9502	-5.338078	-17.08185	156257.4	529601.8	168.3274	295.7295	593.9502	693.9502	1282.562	95.37366	91.81495	-5.338078	-17.08185	95.37366	91.81495
32.69	487.1886		-660.2988	-38.07825	707.1174	66915.24	480604.5	232.0284	90.03564	3146.263	4282.918	1093.95	-5.338078	182.9182	174980.4	461673.8	168.3274	195.7295	293.9502	293.9502	782.5623	-4.626335	591.8149	-5.338078	182.9182	-4.626335	591.8149
32.97	387.1886		1939.701	161.9218	307.1174	66013.24	489270.5	132.0284	-509.9644	4246.263	4882.918	1493.95	-5.338078	-17.08185	170550.4	421981.8	68.3274	395.7295	393.9502	93.95018	782.5623	95.37366	591.8149	-5.338078	-17.08185	95.37366	591.8149
33.26	787.1886		839.7012	1161.922	707.1174	65110.25	591758.5	-267.9716	490.0356	3946.263	5183.918	393.9502	-5.338078	-17.08185	198757.4	512653.8	-31.6726	195.7295	793.9502	593.9502	982.5623	95.37366	491.8149	-5.338078	-17.08185	95.37366	491.8149
33.55	187.1886		2339.701	61.92175	407.1174	69222.24	590939.5	432.0284	890.0356	4146.263	6583.918	493.9502	-5.338078	82.91815	236988.4	387427.8	68.3274	-4.270463	593.9502	193.9502	1382.562	-4.626335	691.8149	-5.338078	82.91815	-4.626335	691.8149
33.83	287.1886		1639.701	1961.922	407.1174	74639.24	556868.5	432.0284	-409.9644	4846.263	6583.918	793.9502	-5.338078	282.9182	125886.4	410491.8	68.3274	95.72954	593.9502	293.9502	1282.562	195.3737	291.8149	-5.338078	282.9182	195.3737	291.8149
34.12	287.1886		2239.701	661.9218	707.1174	82967.24	604867.5	-167.9716	-209.9644	5247.263	6383.918	893.9502	-5.338078	-17.08185	132922.4	413439.8	-31.6726	-4.270463	193.9502	493.9502	1682.562	-4.626335	191.8149	-5.338078	-17.08185	-4.626335	191.8149
34.4	387.1886		3340.701	461.9218	107.1174	90394.24	637054.5	-367.9716	90.03564	5447.263	5683.918	793.9502	94.66192	-17.08185	132118.4	383975.8	168.3274	295.7295	293.9502	293.9502	1082.562	195.3737	591.8149	94.66192	-17.08185	195.3737	591.8149
34.69	287.1886		3740.701	861.9218	1107.117	95012.24	690654.5	32.02844	-509.9644	4146.263	6283.918	993.9502	-5.338078	-17.08185	178203.4	440089.8	68.3274	195.7295	193.9502	593.9502	682.5623	395.3737	291.8149	-5.338078	-17.08185	395.3737	291.8149
34.97	87.18861		1539.701	361.9218	407.1174	85175.24	635618.5	32.02844	-209.9644	3346.263	5483.918	493.9502	-5.338078	-17.08185	179814.4	532665.8	-31.6726	-4.270463	193.9502	393.9502	1282.562	-4.626335	91.81495	-5.338078	-17.08185	-4.626335	91.81495
35.26	187.1886		2439.701	61.92175	1307.117	99029.24	635413.5	-467.9716	-409.9644	5647.263	6083.918	593.9502	-5.338078	-17.08185	225281.4	600375.8	-31.6726	195.7295	93.95018	293.9502	1882.562	-4.626335	591.8149	-5.338078	-17.08185	-4.626335	591.8149
35.54	187.1886		1539.701	1761.922	207.1174	90294.24	631926.5	132.0284	-209.9644	5547.263	5683.918	593.9502	94.66192	82.91815	305121.4	783234.8	-31.6726	195.7295	793.9502	593.9502	1682.562	95.37366	791.8149	94.66192	82.91815	95.37366	791.8149
35.83	287.1886		2039.701	1161.922	407.1174	108269.2	666818.5	32.02844	190.0356	6047.263	5383.918	593.9502	94.66192	-17.08185	352387.4	1146249	68.3274	195.7295	393.9502	293.9502	1582.562	195.3737	891.8149	94.66192	-17.08185	195.3737	891.8149
36.11	187.1886		3240.701	1661.922	807.1174	100033.2	772606.5	-267.9716	790.0356	5047.263	6483.918	993.9502	-5.338078	-17.08185	678044.4	1891841	168.3274	-4.270463	693.9502	93.95018	1382.562	295.3737	991.8149	-5.338078	-17.08185	295.3737	991.8149
36.41	887.1886		2940.701	61.92175	1207.117	101037.2	800981.5	432.0284	-9.964355	4746.263	7483.918	1093.95	-5.338078	182.9182	2002638	4376322	-31.6726	295.7295	1793.95	193.9502	1982.562	95.37366	791.8149	-5.338078	182.9182	95.37366	791.8149
36.69	787.1886		4640.701	2161.922	1107.117	107968.2	736642.5	332.0284	690.0356	7347.263	10684.92	693.9502	94.66192	82.91815	2.013562e+07	5.270708e+07	368.3274	295.7295	593.9502	2193.95	6083.562	295.3737	791.8149	94.66192	82.91815	295.3737	791.8149
36.98	3187.189		3040.701	10063.92	4707.118	92302.24	686954.5	632.0284	1490.036	6947.263	17888.92	793.9502	-5.338078	482.9182	2.872534e+07	8.386066e+07	568.3274	695.7296	593.9502	4093.95	8383.562	195.3737	691.8149	-5.338078	482.9182	195.3737	691.8149
37.26	3987.189		2839.701	12064.92	5808.118	75943.24	565969.5	832.0284	1090.036	10348.26	24094.92	1093.95	94.66192	682.9182	5.273054e+07	1.47449e+08	268.3274	1395.729	193.9502	3993.95	6883.562	195.3737	1091.815	94.66192	682.9182	195.3737	1091.815
37.55	5288.188		-60.29883	17768.92	7608.118	54683.25	413312.5	832.0284	1990.036	10648.26	29199.92	693.9502	-5.338078	582.9182	7.36729e+07	2.202913e+08	568.3274	795.7296	293.9502	2593.95	8383.562	295.3737	391.8149	-5.338078	582.9182	295.3737	391.8149
37.83	4187.188		1139.701	26776.92	10209.12	50072.25	330082.5	2432.028	1890.036	11649.26	37410.92	293.9502	94.66192	782.9182	9.204657e+07	2.403226e+08	568.3274	2095.729	393.9502	4493.95	10084.56	95.37366	1291.815	94.66192	782.9182	95.37366	1291.815
38.12	4187.188	4133824	5340.701	41297.92	10809.12	35744.25	346807.5	2932.028	2190.036	14350.26	35808.92	393.9502	-5.338078	1682.918	1.040338e+08	2.523418e+08	1268.327	1195.729	1393.95	5494.95	12385.56	95.37366	1591.815	-5.338078	1682.918	95.37366	1591.815
38.41	3087.189	3606708	3640.701	53821.92	6408.118	26431.25	220981.5	2732.028	3190.036	15851.26	34506.92	293.9502	-5.338078	2682.918	1.090028e+08	2.643612e+08	1268.327	1395.729	593.9502	6294.95	10484.56	195.3737	1891.815	-5.338078	2682.918	195.3737	1891.815
38.69	1487.189	2607470	3040.701	76581.92	5908.118	21925.25	188817.5	932.0284	3891.036	19754.26	39714.92	93.95018	94.66192	2082.918	1.205804e+08	3.2847e+08	2468.327	1295.729	593.9502	9695.95	11685.56	-4.626335	3491.815	94.66192	2082.918	-4.626335	3491.815
38.98	2087.189	2291478	3440.701	99463.92	3007.117	33441.25	173405.5	2932.028	3491.036	23157.26	43520.92	93.95018	-5.338078	3182.918	1.26332e+08	3.32477e+08	2668.327	1495.729	293.9502	13397.95	13686.56	-4.626335	2891.815	-5.338078	3182.918	-4.626335	2891.815
39.27	1087.189	1768348	3040.701	122365.9	2407.117	19523.25	161424.5	2432.028	3390.036	28763.26	47928.92	293.9502	-5.338078	3482.918	1.248859e+08	3.404912e+08	4068.327	895.7296	293.9502	20501.95	13786.56	-4.626335	4391.815	-5.338078	3482.918	-4.626335	4391.815
39.55	687.1886	1590645	4440.701	149211.9	3007.117	12917.25	135468.5	1532.028	4491.036	31466.26	57749.92	93.95018	-5.338078	3782.918	1.30352e+08	3.404912e+08	4168.328	1595.729	193.9502	20401.95	11785.56	-4.626335	6992.815	-5.338078	3782.918	-4.626335	6992.815
39.84	1187.189	1507929	3140.701	161689.9	2307.117	10215.25	136172.5	1632.028	5091.036	36272.26	58250.92	93.95018	-5.338078	4582.918	1.322685e+08	3.865756e+08	4568.328	1995.729	393.9502	25006.95	11485.56	-4.626335	6992.815	-5.338078	4582.918	-4.626335	6992.815
40.12	687.1886	1330952	2539.701	185253.9	2107.117	9615.246	116170.5	2732.028	3591.036	41681.26	58049.92	93.95018	94.66192	4282.918	1.351526e+08	3.745531e+08	3368.327	1795.729	193.9502	24905.95	11485.56	-4.626335	7692.815	94.66192	4282.918	-4.626335	7692.815
40.41	1487.189	917681.6	2139.701	200369.9	1207.117	6313.246	98694.52	2332.028	2790.036	44486.26	69980.92	-6.049822	-5.338078	3282.918	1.284511e+08	3.765569e+08	4468.328	2595.729	293.9502	26507.95	11685.56	-4.626335	6192.815	-5.338078	3282.918	-4.626335	6192.815
40.7	387.1886	808377.6	2639.701	192507.9	1207.117	6213.246	99899.52	2032.028	3991.036	44486.26	75396.92	-6.049822	-5.338078	4582.918	1.402236e+08	3.585237e+08	4768.328	3495.729	-6.049822	31813.95	12385.56	-4.626335	7592.815	-5.338078	4582.918	-4.626335	7592.815
40.98	1787.189	602130.6	2940.701	201780.9	1307.117	4112.246	101706.5	3132.028	2690.036	45187.26	79508.92	93.95018	-5.338078	3482.918	1.266535e+08	3.2847e+08	3868.327	3095.729	-6.049822	27909.95	12785.56	-4.626335	6792.815	-5.338078	3482.918	-4.626335	6792.815
41.27	3287.189	553002.6	1739.701	211259.9	1007.117	6613.246	79524.52	2432.028	2290.036	43784.26	80913.92	93.95018	-5.338078	3182.918	1.329125e+08	3.785605e+08	4468.328	3695.729	293.9502	26607.95	14786.56	-4.626335	4691.815	-5.338078	3182.918	-4.626335	4691.815
41.55	3287.189	428564.6	2339.701	201478.9	2807.117	2011.246	67187.52	1532.028	3691.036	38976.26	82719.92	-6.049822	-5.338078	1982.918	1.349329e+08	3.765569e+08	3568.327	4995.729	293.9502	21002.95	13486.56	-4.626335	4191.815	-5.338078	1982.918	-4.626335	4191.815
41.84	3087.189	493971.6	1739.701	188074.9	6408.118	611.2456	56059.53	3032.028	3891.036	37074.26	80311.92	-6.049822	-5.338078	2882.918	1.365589e+08	3.46502e+08	3568.327	3095.729	293.9502	13897.95	11185.56	-4.626335	2991.815	-5.338078	2882.918	-4.626335	2991.815
42.12	5188.188	240223.6	2339.701	143679.9	13811.12	611.2456	49044.53	2832.028	2690.036	32567.26	67272.92	93.95018	-5.338078	1882.918	1.369838e+08	3.805643e+08	2068.327	2295.729	-6.049822	14697.95	13185.56	-4.626335	3091.815	-5.338078	1882.918	-4.626335	3091.815
42.41	7588.188	362718.6	3540.701	117140.9	21717.12	111.2456	45737.53	2532.028	2390.036	23657.26	62360.92	-6.049822	-5.338078	1982.918	1.317417e+08	4.106212e+08	1568.327	2795.729	93.95018	10295.95	12985.56	-4.626335	2591.815	-5.338078	1982.918	-4.626335	2591.815
42.7	10189.19	236285.6	2139.701	99764.92	27222.12	3012.246	32315.53	3332.028	3390.036	18253.26	61858.92	-6.049822	-5.338078	1382.918	1.41045e+08	3.705457e+08	1268.327	2095.729	193.9502	6694.95	11385.56	-4.626335	2091.815	-5.338078	1382.918	-4.626335	2091.815
42.98	13190.19	177587.6	3840.701	80494.92	34631.12	1311.246	27109.53	1632.028	3390.036	14951.26	52838.92	-6.049822	-5.338078	1182.918	1.362365e+08	3.46502e+08	1268.327	1995.729	293.9502	8294.95	11985.56	-4.626335	991.8149	-5.338078	1182.918	-4.626335	991.8149
43.27	22097.19	135112.6	3340.701	65650.92	51661.12	-989.7544	28711.53	2932.028	2990.036	14951.26	61658.92	93.95018	-5.338078	1282.918	1.435691e+08	3.485056e+08	768.3274	1895.729	193.9502	8294.95	11285.56	-4.626335	1891.815	-5.338078	1282.918	-4.626335	1891.815
43.55	24699.19	141046.6	4340.701	65048.92	50057.12	611.2456	24706.53	2732.028	2890.036	15651.26	59152.92	293.9502	-5.338078	1282.918	1.358996e+08	3.545164e+08	1068.327	1695.729	93.95018	8094.95	11885.56	-4.626335	1991.815	-5.338078	1282.918	-4.626335	1991.815
43.84	23999.19	106568.6	2439.701	78287.92	52763.12	-388.7544	24306.53	2532.028	3791.036	19153.26	53138.92	93.95018	-5.338078	1182.918	1.417786e+08	4.026059e+08	1768.327	2195.729	93.95018	10995.95	12585.56	-4.626335	1791.815	-5.338078	1182.918	-4.626335	1791.815
44.13	17493.19	111289.6	2839.701	73572.92	38937.12	-188.7544	24606.53	2832.028	4491.036	19854.26	52738.92	493.9502	94.66192	1982.918	1.339079e+08	3.925868e+08	1768.327	2195.729	93.95018	10195.95	9584.562	-4.626335	2391.815	94.66192	1982.918	-4.626335	2391.815
44.41	15392.19	95219.64	2239.701	88822.92	26922.12	11.24561	28410.53	1132.028	2690.036	26660.26	52337.92	93.95018	-5.338078	1982.918	1.3609e+08	3.485056e+08	2168.327	1595.729	-6.049822	12496.95	12685.56	-4.626335	1791.815	-5.338078	1982.918	-4.626335	1791.815
44.7	12290.19	102349.6	2839.701	80694.92	22617.12	811.2456	41930.53	1932.028	4991.036	32868.26	53439.92	-6.049822	-5.338078	2182.918	1.371743e+08	3.705457e+08	2868.327	1795.729	93.95018	13797.95	11385.56	-4.626335	3191.815	-5.338078	2182.918	-4.626335	3191.815
44.98	9089.188	53084.64	3640.701	78688.92	19515.12	-188.7544	39727.53	2432.028	2790.036	36072.26	59152.92	-6.049822	-5.338078	2482.918	1.403996e+08	3.424948e+08	2668.327	1095.729	193.9502	18900.95	11385.56	-4.626335	4691.815	-5.338078	2482.918	-4.626335	4691.815
45.27	7988.188	91404.64	3840.701	67455.92	12710.12	-1289.754	40027.53	2032.028	4191.036	39678.26	59854.92	-6.049822	94.66192	3582.918	1.344789e+08	3.62531e+08	2268.327	1895.729	-6.049822	26107.95	14886.56	-4.626335	4591.815	94.66192	3582.918	-4.626335	4591.815
45.56	6388.188	35648.64	4640.701	64747.92	10609.12	511.2456	46739.53	2932.028	2890.036	43384.26	56847.92	93.95018	-5.338078	3482.918	1.343618e+08	3.244629e+08	2668.327	2095.729	93.95018	35218.95	10684.56	-4.626335	4291.815	-5.338078	3482.918	-4.626335	4291.815
45.84	6388.188	63210.64	4240.701	65850.92	8308.117	-1089.754	49244.53	1932.028	3891.036	46289.26	54942.92	193.9502	-5.338078	4282.918	1.332784e+08	3.525128e+08	2668.327	1995.729	193.9502	50945.95	11185.56	-4.626335	5792.815	-5.338078	4282.918	-4.626335	5792.815
46.13	6588.188	47571.64	3240.701	73071.92	8709.117	411.2456	55458.53	2032.028	3290.036	56309.26	62560.92	193.9502	-5.338078	4582.918	1.445675e+08	4.306601e+08	3268.327	1895.729	93.95018	67985.95	15587.56	-4.626335	5392.815	-5.338078	4582.918	-4.626335	5392.815
46.42	7388.188	54688.64	2339.701	67054.92	5508.118	-1389.754	52050.53	1632.028	3991.036	54505.26	61959.92	-6.049822	-5.338078	4682.918	1.292259e+08	3.605274e+08	2768.327	1795.729	93.95018	71194.95	11285.56	-4.626335	5592.815	-5.338078	4682.918	-4.626335	5592.815
46.7	9889.188	64413.64	3840.701	77584.92	4207.118	-1789.754	53453.53	3032.028	2690.036	51399.26	64164.92	593.9502	-5.338078	4782.918	1.354309e+08	3.765569e+08	2168.327	1895.729	-6.049822	84335.95	11585.56	-4.626335	5592.815	-5.338078	4782.918	-4.626335	5592.815
46.99	16893.19	57294.64	2940.701	99864.92	6008.118	-1489.754	56661.53	2832.028	4591.036	58515.26	72086.92	1093.95	-5.338078	4482.918	1.402383e+08	4.026059e+08	3968.327	2495.729	-6.049822	89653.95	13686.56	-4.626335	5792.815	-5.338078	4482.918	-4.626335	5792.815
47.27	27502.19	39756.64	3040.701	124274.9	7108.118	-789.7544	43533.53	1932.028	4591.036	50196.26	72387.92	793.9502	-5.338078	4682.918	1.351526e+08	3.46502e+08	3168.327	3095.729	-6.049822	84435.95	12185.56	-4.626335	8292.815	-5.338078	4682.918	-4.626335	8292.815
47.56	32007.19	41559.64	3840.701	123772.9	9209.117	511.2456	41930.53	2732.028	4491.036	48493.26	77101.92	2393.95	-5.338078	4782.918	1.42982e+08	3.925868e+08	3168.327	3795.729	193.9502	91159.95	13686.56	-4.626335	7092.815	-5.338078	4782.918	-4.626335	7092.815
47.85	37315.19	37251.64	4840.701	122164.9	10709.12	-288.7544	50848.53	3932.028	4591.036	56209.26	79910.92	2193.95	-5.338078	5983.918	1.427618e+08	3.805643e+08	2868.327	3795.729	193.9502	80924.95	11285.56	-4.626335	6692.815	-5.338078	5983.918	-4.626335	6692.815
48.13	34811.19	41058.64	4440.701	114728.9	9009.117	-488.7544	44535.53	2132.028	3491.036	51700.26	71685.92	1193.95	-5.338078	5583.918	1.358264e+08	3.525128e+08	4268.328	2495.729	93.95018	76711.95	10984.56	-4.626335	5292.815	-5.338078	5583.918	-4.626335	5292.815
48.42	34411.19	48974.64	4340.701	108099.9	8308.117	-1189.754	44034.53	2632.028	3691.036	49194.26	76399.92	1693.95	-5.338078	4582.918	1.415585e+08	3.705457e+08	2768.327	3595.729	93.95018	75507.95	12385.56	-4.626335	4391.815	-5.338078	4582.918	-4.626335	4391.815
48.7	39118.19	33845.64	3140.701	100969.9	9509.117	-1089.754	45337.53	2932.028	2890.036	52301.26	71083.92	793.9502	-5.338078	3182.918	1.39593e+08	3.785605e+08	2068.327	4795.729	193.9502	82328.95	12085.56	-4.626335	4791.815	-5.338078	3182.918	-4.626335	4791.815
48.99	37816.19	31742.64	5040.701	98358.92	7408.118	-989.7544	48643.53	1732.028	3891.036	53002.26	66370.92	1293.95	-5.338078	3982.918	1.355627e+08	3.765569e+08	2268.327	2695.729	-6.049822	78516.95	11885.56	-4.626335	5992.815	-5.338078	3982.918	-4.626335	5992.815
49.28	39118.19	41759.64	3040.701	96852.92	6008.118	-1589.754	46238.53	2432.028	3691.036	50697.26	70582.92	593.9502	-5.338078	4082.918	1.358264e+08	3.004214e+08	3468.327	4095.729	193.9502	91761.95	13085.56	-4.626335	5892.815	-5.338078	4082.918	-4.626335	5892.815
49.56	35412.19	38553.64	3440.701	89023.92	6408.118	-889.7544	44735.53	1832.028	3491.036	54105.26	71584.92	1093.95	-5.338078	5083.918	1.330296e+08	3.805643e+08	2768.327	2795.729	-6.049822	109433	12385.56	-4.626335	4391.815	-5.338078	5083.918	-4.626335	4391.815
49.85	29104.19	33745.64	4040.701	90227.92	7108.118	-1689.754	50547.53	3232.028	3991.036	53303.26	67674.92	793.9502	-5.338078	5483.918	1.375113e+08	3.665384e+08	2768.327	2395.729	193.9502	137169	12285.56	-4.626335	7192.815	-5.338078	5483.918	-4.626335	7192.815
50.13	28804.19	48774.64	3040.701	83102.92	4807.118	-2389.754	48944.53	1832.028	4291.036	55708.26	68877.92	893.9502	-5.338078	4982.918	1.423949e+08	3.585237e+08	3568.327	3095.729	-6.049822	172386	13185.56	-4.626335	6192.815	-5.338078	4982.918	-4.626335	6192.815
50.42	25200.19	167214.6	6341.701	87518.92	4707.118	-889.7544	50647.53	2332.028	3891.036	55808.26	69478.92	593.9502	-5.338078	3582.918	1.402236e+08	3.845718e+08	2968.327	2095.729	-6.049822	204426	14686.56	-4.626335	6792.815	-5.338078	3582.918	-4.626335	6792.815
50.71	21096.19	38052.64	2940.701	86414.92	4007.117	-88.75439	51850.53	2732.028	3491.036	50998.26	63162.92	993.9502	-5.338078	3682.918	1.375407e+08	3.505092e+08	3368.327	2895.729	293.9502	244787	15487.56	-4.626335	7292.815	-5.338078	3682.918	-4.626335	7292.815
50.99	19695.19	38954.64	4140.701	77584.92	3307.117	411.2456	50146.53	3132.028	3791.036	56811.26	63362.92	393.9502	-5.338078	4682.918	1.379217e+08	3.865756e+08	3668.327	3195.729	193.9502	276716.9	11685.56	-4.626335	6192.815	-5.338078	4682.918	-4.626335	6192.815
51.28	18394.19	39355.64	1739.701	68959.92	3807.117	811.2456	45337.53	3132.028	3190.036	54004.26	56746.92	593.9502	-5.338078	3582.918	1.388599e+08	3.90583e+08	5169.328	2895.729	93.95018	289661.9	12385.56	-4.626335	6792.815	-5.338078	3582.918	-4.626335	6792.815
51.56	15092.19	33845.64	4540.701	66853.92	2007.117	11.24561	49144.53	1632.028	4691.036	52802.26	63864.92	93.95018	-5.338078	4282.918	1.473733e+08	3.244629e+08	3768.327	2695.729	193.9502	295631.9	10984.56	-4.626335	7392.815	-5.338078	4282.918	-4.626335	7392.815
51.85	10689.19	39054.64	2539.701	67655.92	1507.117	-989.7544	49645.53	3132.028	2390.036	53704.26	57348.92	493.9502	-5.338078	4682.918	1.337176e+08	3.144455e+08	3468.327	2595.729	93.95018	269740.9	9884.562	-4.626335	7192.815	-5.338078	4682.918	-4.626335	7192.815
52.13	9989.188	46569.64	1439.701	61339.92	1007.117	11.24561	51750.53	3032.028	3991.036	58615.26	69478.92	193.9502	-5.338078	5283.918	1.450962e+08	4.406799e+08	4668.328	2395.729	393.9502	252058	10284.56	-4.626335	7092.815	-5.338078	5283.918	-4.626335	7092.815
52.42	8488.188	37451.64	2539.701	60136.92	1407.117	-88.75439	54656.53	2932.028	4491.036	48794.26	59753.92	593.9502	-5.338078	4582.918	1.36427e+08	3.785605e+08	3268.327	2795.729	-6.049822	203922	11885.56	-4.626335	5192.815	-5.338078	4582.918	-4.626335	5192.815
52.71	8088.188	30640.64	4840.701	53721.92	1207.117	-1389.754	50948.53	2232.028	2390.036	49896.26	65468.92	293.9502	-5.338078	4182.918	1.359289e+08	3.525128e+08	3668.327	1795.729	93.95018	176918	11685.56	-4.626335	5592.815	-5.338078	4182.918	-4.626335	5592.815
52.99	7788.188	32944.64	2439.701	54222.92	707.1174	111.2456	48242.53	1732.028	5291.036	51399.26	66069.92	493.9502	-5.338078	4982.918	1.427912e+08	3.885793e+08	3168.327	1395.729	293.9502	158092	14186.56	-4.626335	5592.815	-5.338078	4982.918	-4.626335	5592.815
53.28	6888.188	32643.64	2739.701	60637.92	1107.117	-288.7544	49645.53	3132.028	2790.036	55007.26	69478.92	-6.049822	-5.338078	5883.918	1.445088e+08	3.945906e+08	3768.327	1995.729	193.9502	128926	12785.56	95.37366	5892.815	-5.338078	5883.918	95.37366	5892.815
53.57	5288.188	34546.64	3840.701	59334.92	2107.117	-1489.754	49445.53	2132.028	3891.036	53904.26	66972.92	593.9502	-5.338078	5283.918	1.423802e+08	3.845718e+08	3068.327	2695.729	193.9502	108630	11785.56	-4.626335	3491.815	-5.338078	5283.918	-4.626335	3491.815
53.85	4187.188	33645.64	2439.701	55224.92	1607.117	-889.7544	46138.53	2732.028	4091.036	49695.26	62861.92	293.9502	-5.338078	5183.918	1.315515e+08	3.805643e+08	2968.327	2395.729	193.9502	85639.95	11885.56	-4.626335	4391.815	-5.338078	5183.918	-4.626335	4391.815
54.14	4187.188	28838.64	2839.701	55926.92	1107.117	-889.7544	47741.53	2032.028	3390.036	46189.26	64766.92	293.9502	-5.338078	4582.918	1.396077e+08	3.665384e+08	2968.327	1895.729	293.9502	82629.95	15787.56	-4.626335	5292.815	-5.338078	4582.918	-4.626335	5292.815
54.42	4487.188	35849.64	2039.701	61740.92	1307.117	-1189.754	46339.53	2332.028	3090.036	48994.26	62861.92	293.9502	-5.338078	4482.918	1.421308e+08	4.266523e+08	3268.327	2095.729	-6.049822	70593.95	13286.56	-4.626335	3591.815	-5.338078	4482.918	-4.626335	3591.815
54.71	5388.188	24332.64	4940.701	55024.92	707.1174	-1289.754	48543.53	3732.028	3591.036	52501.26	65668.92	193.9502	-5.338078	4782.918	1.389479e+08	4.34668e+08	3268.327	1195.729	293.9502	58060.95	11985.56	-4.626335	3391.815	-5.338078	4782.918	-4.626335	3391.815
55	4887.188	27336.64	2439.701	57429.92	1007.117	-1889.754	44836.53	1832.028	3791.036	42883.26	64666.92	-6.049822	-5.338078	4082.918	1.331613e+08	3.485056e+08	3468.327	1195.729	93.95018	57459.95	12685.56	-4.626335	4091.815	-5.338078	4082.918	-4.626335	4091.815
55.28	3987.189	27736.64	2539.701	63845.92	907.1174	-1489.754	44235.53	2432.028	5891.036	45688.26	59152.92	193.9502	-5.338078	3982.918	1.403703e+08	3.82568e+08	3068.327	1795.729	93.95018	50243.95	12285.56	-4.626335	3391.815	-5.338078	3982.918	-4.626335	3391.815
55.57	3987.189	24832.64	1539.701	64647.92	907.1174	-689.7544	43834.53	1932.028	4191.036	46690.26	60656.92	293.9502	-5.338078	3482.918	1.461831e+08	3.985982e+08	2768.327	1595.729	193.9502	55054.95	13786.56	-4.626335	3391.815	-5.338078	3482.918	-4.626335	3391.815
55.85	3387.189	20728.64	2239.701	55625.92	1207.117	-2889.754	42231.53	2432.028	2590.036	40379.26	55043.92	193.9502	-5.338078	2182.918	1.350501e+08	3.705457e+08	3268.327	995.7296	193.9502	51346.95	12385.56	-4.626335	3291.815	-5.338078	2182.918	-4.626335	3291.815
56.14	2287.189	24832.64	4240.701	57830.92	2307.117	-1089.754	35921.53	2232.028	3190.036	40479.26	52136.92	-6.049822	-5.338078	3682.918	1.274425e+08	3.545164e+08	3168.327	1795.729	-6.049822	54252.95	10484.56	-4.626335	2591.815	-5.338078	3682.918	-4.626335	2591.815
56.43	3987.189	22029.64	1039.701	62341.92	907.1174	-1689.754	34819.53	2032.028	4091.036	40779.26	53740.92	193.9502	-5.338078	2682.918	1.312318e+08	3.925868e+08	2268.327	1495.729	93.95018	62571.95	13085.56	-4.626335	3191.815	-5.338078	2682.918	-4.626335	3191.815
56.71	3387.189	18325.64	3740.701	58432.92	1407.117	-1489.754	33016.53	3032.028	3190.036	35571.26	52136.92	93.95018	-5.338078	2682.918	1.287581e+08	3.90583e+08	2668.327	1595.729	-6.049822	64075.95	13686.56	-4.626335	3791.815	-5.338078	2682.918	-4.626335	3791.815
57	2787.189	24232.64	1739.701	64447.92	1907.117	11.24561	37924.53	3032.028	4291.036	36573.26	51635.92	-6.049822	-5.338078	2882.918	1.39813e+08	3.565201e+08	3668.327	1795.729	193.9502	65779.95	12085.56	-4.626335	2691.815	-5.338078	2882.918	-4.626335	2691.815
57.28	3187.189	23130.64	1939.701	75979.92	1007.117	-488.7544	34018.53	2332.028	1990.036	38776.26	52637.92	193.9502	-5.338078	2282.918	1.414998e+08	3.82568e+08	2568.327	1395.729	93.95018	70893.95	11185.56	-4.626335	2991.815	-5.338078	2282.918	-4.626335	2991.815
57.57	2687.189	20527.64	3840.701	72369.92	2007.117	11.24561	38324.53	2932.028	4091.036	30064.26	41516.92	93.95018	-5.338078	1982.918	1.368519e+08	3.384877e+08	2568.327	1795.729	-6.049822	66582.95	13786.56	95.37366	3491.815	-5.338078	1982.918	95.37366	3491.815
57.86	2587.189	26835.64	2539.701	79791.92	2507.117	-789.7544	37924.53	2032.028	3491.036	33068.26	49030.92	-6.049822	-5.338078	2682.918	1.446997e+08	2.964146e+08	1768.327	1095.729	193.9502	79519.95	13185.56	-4.626335	3891.815	-5.338078	2682.918	-4.626335	3891.815
58.14	3187.189	17324.64	3040.701	73071.92	2907.117	-789.7544	30613.53	2532.028	1890.036	33068.26	43520.92	293.9502	-5.338078	2082.918	1.382295e+08	3.845718e+08	2168.327	1295.729	93.95018	70191.95	12085.56	-4.626335	3291.815	-5.338078	2082.918	-4.626335	3291.815
58.43	3587.189	18726.64	2639.701	73171.92	4807.118	-488.7544	29211.53	2632.028	4191.036	32067.26	47026.92	93.95018	-5.338078	2482.918	1.31376e+08	3.364841e+08	1668.327	1695.729	-6.049822	75908.95	10284.56	-4.626335	2691.815	-5.338078	2482.918	-4.626335	2691.815
58.72	4387.188	18726.64	3740.701	80193.92	6708.118	511.2456	30413.53	1832.028	4391.036	31065.26	42318.92	93.95018	-5.338078	1582.918	1.387133e+08	4.026059e+08	2268.327	695.7296	-6.049822	86442.95	11185.56	-4.626335	1891.815	-5.338078	1582.918	-4.626335	1891.815
59	7088.188	18425.64	2439.701	85711.92	11009.12	-2189.754	26408.53	2232.028	3491.036	27361.26	40515.92	193.9502	-5.338078	2182.918	1.308347e+08	4.186367e+08	2068.327	1595.729	-6.049822	80322.95	13886.56	-4.626335	2891.815	-5.338078	2182.918	-4.626335	2891.815
59.29	8488.188	19426.64	2039.701	78487.92	17413.12	11.24561	23505.53	3132.028	3290.036	26460.26	45724.92	93.95018	-5.338078	1682.918	1.319173e+08	3.665384e+08	1368.327	795.7296	-6.049822	81626.95	11285.56	-4.626335	2291.815	-5.338078	1682.918	-4.626335	2291.815
59.57	9489.188	21729.64	1939.701	71867.92	23218.12	-1289.754	25907.53	2132.028	2590.036	23357.26	42218.92	193.9502	-5.338078	1182.918	1.33498e+08	3.32477e+08	1568.327	1295.729	193.9502	114757	12085.56	-4.626335	3091.815	-5.338078	1182.918	-4.626335	3091.815
59.86	12490.19	49976.64	3640.701	70263.92	31927.12	211.2456	28510.53	2832.028	2890.036	22056.26	45724.92	593.9502	-5.338078	1382.918	1.401649e+08	3.885793e+08	1068.327	1495.729	493.9502	284503.9	10984.56	-4.626335	2791.815	-5.338078	1382.918	-4.626335	2791.815
60.15	12290.19	126968.6	2439.701	74575.92	31227.12	2011.246	48443.53	2932.028	4791.036	22957.26	50232.92	1493.95	-5.338078	982.9182	1.39549e+08	4.00602e+08	1668.327	2495.729	93.95018	372447.9	11485.56	-4.626335	3691.815	-5.338078	982.9182	-4.626335	3691.815
60.43	13391.19	184439.6	3140.701	72970.92	35933.12	5012.246	57863.53	2332.028	4691.036	22756.26	55143.92	2493.95	-5.338078	1582.918	1.391531e+08	4.206406e+08	2368.327	2395.729	93.95018	468135.9	13185.56	95.37366	3391.815	-5.338078	1582.918	95.37366	3391.815
60.72	11690.19	205608.6	3140.701	87718.92	26721.12	9214.246	80728.52	1432.028	3591.036	19554.26	57248.92	1493.95	-5.338078	1982.918	1.311126e+08	3.044282e+08	2668.327	1995.729	-6.049822	426602.9	11084.56	-4.626335	2991.815	-5.338078	1982.918	-4.626335	2991.815
61	9289.188	230328.6	3540.701	80494.92	19615.12	6413.246	60971.53	2732.028	3691.036	20454.26	53840.92	1493.95	-5.338078	1182.918	1.137895e+08	2.98418e+08	2068.327	1995.729	193.9502	307270.9	11885.56	-4.626335	3591.815	-5.338078	1182.918	-4.626335	3591.815
61.29	5788.188	189276.6	1639.701	99864.92	13110.12	5112.246	63678.53	1732.028	3090.036	23757.26	57548.92	1193.95	-5.338078	2382.918	1.252218e+08	3.344805e+08	2368.327	2295.729	93.95018	230350	12685.56	95.37366	4691.815	-5.338078	2382.918	95.37366	4691.815
61.58	5788.188	128677.6	2940.701	119752.9	10009.12	2511.246	56560.53	3832.028	4291.036	31065.26	62159.92	793.9502	-5.338078	3182.918	1.341568e+08	3.46502e+08	3868.327	2895.729	93.95018	187696	14086.56	-4.626335	4191.815	-5.338078	3182.918	-4.626335	4191.815
61.86	4587.188	105563.6	1739.701	138349.9	10809.12	1411.246	48743.53	3032.028	3891.036	27361.26	71284.92	593.9502	-5.338078	2982.918	1.339079e+08	3.725494e+08	3368.327	3195.729	93.95018	153061	12585.56	-4.626335	3891.815	-5.338078	2982.918	-4.626335	3891.815
62.15	5288.188	115710.6	3040.701	135935.9	9509.117	411.2456	41530.53	2632.028	4291.036	27061.26	77703.92	693.9502	-5.338078	3782.918	1.316832e+08	3.545164e+08	3768.327	4295.729	493.9502	118474	13586.56	-4.626335	3991.815	-5.338078	3782.918	-4.626335	3991.815
62.44	3887.189	71033.64	2339.701	132617.9	7008.118	311.2456	40929.53	2332.028	2390.036	26060.26	76399.92	93.95018	-5.338078	3382.918	1.392558e+08	3.605274e+08	2668.327	3795.729	93.95018	100897	11585.56	-4.626335	2791.815	-5.338078	3382.918	-4.626335	2791.815
62.72	4687.188	46369.64	3040.701	135332.9	8008.118	-388.7544	32315.53	2432.028	2490.036	21956.26	69980.92	193.9502	94.66192	4182.918	1.321368e+08	3.485056e+08	1468.327	2895.729	593.9502	83432.95	11385.56	-4.626335	2091.815	94.66192	4182.918	-4.626335	2091.815
63.01	3987.189	44364.64	1639.701	131009.9	7508.118	1611.246	22504.53	2332.028	2890.036	21956.26	79910.92	193.9502	-5.338078	4082.918	1.308932e+08	3.525128e+08	2168.327	2895.729	-6.049822	68487.95	15687.56	-4.626335	2291.815	-5.338078	4082.918	-4.626335	2291.815
63.29	3987.189	71534.64	2439.701	130808.9	4607.118	-1089.754	22904.53	1932.028	3591.036	20454.26	83421.92	493.9502	-5.338078	4882.918	1.355773e+08	3.90583e+08	2068.327	2595.729	193.9502	71595.95	16187.56	-4.626335	2291.815	-5.338078	4882.918	-4.626335	2291.815
63.58	4687.188	146580.6	2339.701	140058.9	2607.117	-488.7544	20802.53	1432.028	3290.036	15351.26	84625.92	-6.049822	-5.338078	5283.918	1.33498e+08	3.044282e+08	1768.327	3295.729	-6.049822	59163.95	17988.56	-4.626335	991.8149	-5.338078	5283.918	-4.626335	991.8149
63.87	2587.189	36750.64	2739.701	136941.9	3107.117	811.2456	17700.53	2132.028	3691.036	17752.26	99881.92	193.9502	-5.338078	7083.918	1.408543e+08	3.765569e+08	1968.327	4395.729	193.9502	52047.95	16287.56	-4.626335	1991.815	-5.338078	7083.918	-4.626335	1991.815
64.15	4187.188	49776.64	2239.701	144383.9	3007.117	-188.7544	19501.53	2432.028	3190.036	14350.26	78605.92	193.9502	-5.338078	4682.918	1.304105e+08	3.144455e+08	2068.327	3795.729	493.9502	54653.95	12585.56	-4.626335	1891.815	-5.338078	4682.918	-4.626335	1891.815
64.44	2087.189	28838.64	2839.701	126284.9	1907.117	711.2456	21903.53	3132.028	3491.036	17752.26	78104.92	293.9502	-5.338078	5483.918	1.364124e+08	3.344805e+08	2568.327	2595.729	-6.049822	60065.95	14686.56	-4.626335	2191.815	-5.338078	5483.918	-4.626335	2191.815
64.72	2887.189	28938.64	2839.701	120556.9	1707.117	-889.7544	24806.53	1932.028	4591.036	25059.26	79910.92	-6.049822	-5.338078	5783.918	1.38083e+08	3.605274e+08	3068.327	2095.729	93.95018	64677.95	15087.56	-4.626335	2891.815	-5.338078	5783.918	-4.626335	2891.815
65.01	3087.189	51881.64	1639.701	102676.9	1707.117	-488.7544	31414.53	2732.028	3691.036	30765.26	77000.92	193.9502	-5.338078	4782.918	1.368519e+08	3.845718e+08	2968.327	3095.729	193.9502	106018	13185.56	-4.626335	3491.815	-5.338078	4782.918	-4.626335	3491.815
65.3	2287.189	184842.6	2339.701	90328.92	1407.117	211.2456	33818.53	2432.028	5291.036	31866.26	76599.92	893.9502	-5.338078	5683.918	1.384641e+08	3.605274e+08	1768.327	2595.729	-6.049822	214712	12885.56	-4.626335	3991.815	-5.338078	5683.918	-4.626335	3991.815
65.58	2387.189	29238.64	2539.701	69661.92	2507.117	611.2456	33517.53	2032.028	2390.036	30465.26	64565.92	1393.95	-5.338078	3782.918	1.307908e+08	3.264664e+08	1568.327	1395.729	-6.049822	273380.9	10884.56	-4.626335	3391.815	-5.338078	3782.918	-4.626335	3391.815
65.87	3687.189	28738.64	3740.701	63945.92	1807.117	11.24561	38925.53	1932.028	4891.036	30565.26	67072.92	1493.95	-5.338078	2982.918	1.340982e+08	3.404912e+08	1968.327	1795.729	93.95018	294821.9	13686.56	-4.626335	4191.815	-5.338078	2982.918	-4.626335	4191.815
66.15	4287.188	27736.64	1139.701	66452.92	2107.117	111.2456	36722.53	3132.028	2890.036	36473.26	61057.92	2193.95	-5.338078	3682.918	1.330735e+08	3.424948e+08	3368.327	1595.729	-6.049822	263272.9	12785.56	-4.626335	3291.815	-5.338078	3682.918	-4.626335	3291.815
66.44	2687.189	29138.64	3140.701	62742.92	1707.117	411.2456	36522.53	2832.028	2690.036	32768.26	57248.92	1193.95	-5.338078	2982.918	1.342154e+08	3.645347e+08	2668.327	1395.729	393.9502	231057	11685.56	-4.626335	3691.815	-5.338078	2982.918	-4.626335	3691.815
66.73	3487.189	30340.64	3640.701	59534.92	2407.117	-88.75439	34318.53	2132.028	5291.036	34169.26	60355.92	893.9502	94.66192	3382.918	1.380243e+08	3.90583e+08	3968.327	1495.729	93.95018	215216	11385.56	-4.626335	4791.815	94.66192	3382.918	-4.626335	4791.815
67.01	25300.19	28838.64	2739.701	54823.92	1807.117	111.2456	37323.53	2732.028	4991.036	36473.26	57749.92	793.9502	-5.338078	3182.918	1.364563e+08	3.765569e+08	3568.327	2795.729	193.9502	204527	13586.56	-4.626335	4791.815	-5.338078	3182.918	-4.626335	4791.815
67.3	3187.189	27035.64	2239.701	51817.92	1107.117	-1389.754	40628.53	1932.028	2590.036	34870.26	55143.92	1093.95	-5.338078	3582.918	1.242142e+08	3.46502e+08	3568.327	1395.729	93.95018	213502	14386.56	-4.626335	4991.815	-5.338078	3582.918	-4.626335	4991.815
67.58	2887.189	26234.64	1539.701	47408.92	407.1174	-789.7544	34919.53	2432.028	2590.036	35071.26	51335.92	393.9502	-5.338078	3282.918	1.254848e+08	3.104385e+08	3468.327	2395.729	93.95018	240748	11985.56	-4.626335	4391.815	-5.338078	3282.918	-4.626335	4391.815
67.87	3487.189	32043.64	3940.701	45404.92	1707.117	-1889.754	41129.53	2832.028	3891.036	44886.26	60154.92	593.9502	-5.338078	3082.918	1.3281e+08	3.364841e+08	3068.327	995.7296	293.9502	273683.9	13686.56	-4.626335	5692.815	-5.338078	3082.918	-4.626335	5692.815
68.16	3787.189	34246.64	2239.701	40395.92	507.1174	-1589.754	43333.53	2532.028	2690.036	40379.26	51134.92	293.9502	-5.338078	4182.918	1.353869e+08	3.665384e+08	3768.327	1895.729	-6.049822	319522.9	11885.56	95.37366	4791.815	-5.338078	4182.918	95.37366	4791.815
68.44	4087.189	34546.64	3940.701	45805.92	707.1174	-989.7544	43533.53	2632.028	2990.036	43083.26	56345.92	193.9502	-5.338078	2882.918	1.327661e+08	3.885793e+08	3468.327	1495.729	193.9502	356213.9	12085.56	-4.626335	6192.815	-5.338078	2882.918	-4.626335	6192.815
68.73	4487.188	38453.64	1639.701	52518.92	307.1174	-388.7544	45637.53	2532.028	3891.036	46890.26	59553.92	493.9502	-5.338078	4182.918	1.395784e+08	4.026059e+08	4168.328	2495.729	293.9502	400475.9	12285.56	-4.626335	6992.815	-5.338078	4182.918	-4.626335	6992.815
69.01	8588.188	35548.64	1739.701	64848.92	1107.117	-1289.754	43734.53	2232.028	3491.036	50898.26	54541.92	393.9502	-5.338078	3282.918	1.33864e+08	3.505092e+08	3968.327	2295.729	93.95018	413891.9	10584.56	-4.626335	5592.815	-5.338078	3282.918	-4.626335	5592.815
69.3	12590.19	35648.64	2239.701	59935.92	1307.117	-1189.754	48643.53	2932.028	3190.036	52601.26	60455.92	393.9502	-5.338078	4482.918	1.381709e+08	3.244629e+08	3468.327	2695.729	-6.049822	441253.9	11084.56	-4.626335	7492.815	-5.338078	4482.918	-4.626335	7492.815
69.59	19194.19	38954.64	1939.701	65750.92	2207.117	1011.246	42932.53	2332.028	4491.036	46790.26	62460.92	793.9502	-5.338078	4382.918	1.36808e+08	3.525128e+08	3968.327	2395.729	193.9502	411756.9	12885.56	-4.626335	5492.815	-5.338078	4382.918	-4.626335	5492.815
69.87	25700.19	33244.64	4540.701	64547.92	3807.117	411.2456	36922.53	2032.028	2690.036	47191.26	57749.92	1493.95	-5.338078	3882.918	1.35885e+08	3.585237e+08	2768.327	2095.729	393.9502	406064.9	12385.56	-4.626335	4691.815	-5.338078	3882.918	-4.626335	4691.815
70.16	28804.19	30640.64	2439.701	63544.92	8008.118	1111.246	35320.53	2532.028	3290.036	41080.26	59553.92	1593.95	-5.338078	3482.918	1.307177e+08	3.404912e+08	2468.327	3195.729	1693.95	394278.9	11084.56	-4.626335	4391.815	-5.338078	3482.918	-4.626335	4391.815
70.44	29304.19	31942.64	3040.701	56327.92	7408.118	-288.7544	37223.53	3232.028	3390.036	32667.26	54942.92	1493.95	-5.338078	2782.918	1.349622e+08	3.545164e+08	2768.327	2795.729	893.9502	386153.9	9984.562	-4.626335	4491.815	-5.338078	2782.918	-4.626335	4491.815
70.73	29004.19	27336.64	2639.701	48209.92	11310.12	-88.75439	30213.53	2832.028	2490.036	29764.26	54742.92	1793.95	-5.338078	3082.918	1.424243e+08	3.32477e+08	4168.328	2095.729	593.9502	347998.9	13185.56	-4.626335	4691.815	-5.338078	3082.918	-4.626335	4691.815
71.02	29705.19	22530.64	4340.701	48009.92	10309.12	-588.7544	30813.53	3232.028	3090.036	28963.26	51234.92	1393.95	-5.338078	3382.918	1.420134e+08	4.166328e+08	4368.328	1895.729	1393.95	270953.9	11385.56	-4.626335	4091.815	-5.338078	3382.918	-4.626335	4091.815
71.3	24099.19	21028.64	4040.701	39193.92	11810.12	-288.7544	35620.53	1832.028	3591.036	25659.26	49531.92	1893.95	-5.338078	2382.918	1.33132e+08	3.404912e+08	3168.327	1695.729	693.9502	243777	11485.56	-4.626335	4791.815	-5.338078	2382.918	-4.626335	4791.815
71.59	23498.19	21028.64	3040.701	42399.92	11210.12	-1089.754	30813.53	1932.028	4091.036	26760.26	47427.92	1193.95	-5.338078	4682.918	1.32971e+08	2.783843e+08	3568.327	1595.729	593.9502	209065	10084.56	-4.626335	3891.815	-5.338078	4682.918	-4.626335	3891.815
71.87	24399.19	18826.64	1939.701	39494.92	17413.12	-388.7544	33217.53	1532.028	4391.036	26160.26	50533.92	993.9502	-5.338078	2582.918	1.31215e+08	3.82568e+08	4668.328	1395.729	793.9502	173997	8784.562	-4.626335	4291.815	-5.338078	2582.918	-4.626335	4291.815
72.16	22897.19	27436.64	2739.701	36890.92	19014.12	211.2456	33217.53	2432.028	2790.036	21956.26	46826.92	593.9502	-5.338078	2482.918	1.309517e+08	3.82568e+08	2968.327	1895.729	193.9502	161011	10884.56	-4.626335	3491.815	-5.338078	2482.918	-4.626335	3491.815
72.45	30105.19	20728.64	3940.701	39394.92	39438.12	-588.7544	34619.53	2932.028	4191.036	25759.26	53239.92	893.9502	-5.338078	3482.918	1.325466e+08	3.565201e+08	3868.327	1695.729	593.9502	146120	10684.56	-4.626335	4491.815	-5.338078	3482.918	-4.626335	4491.815
72.73	33209.19	19627.64	2039.701	37591.92	61783.12	111.2456	38024.53	1732.028	3290.036	23857.26	55043.92	1393.95	-5.338078	2082.918	1.331028e+08	3.765569e+08	3068.327	1395.729	293.9502	127016	10484.56	-4.626335	2891.815	-5.338078	2082.918	-4.626335	2891.815
73.02	41421.19	19126.64	2940.701	47608.92	88263.12	-889.7544	32516.53	1732.028	3390.036	23157.26	53339.92	593.9502	-5.338078	2382.918	1.345082e+08	3.785605e+08	2068.327	1895.729	93.95018	120685	12785.56	-4.626335	2991.815	-5.338078	2382.918	-4.626335	2991.815
73.31	45028.19	16523.64	1739.701	47909.92	116076.1	-1289.754	32015.53	2632.028	3591.036	21155.26	58851.92	1093.95	-5.338078	1282.918	1.287288e+08	3.084351e+08	3368.327	1595.729	193.9502	112045	9084.562	-4.626335	2591.815	-5.338078	1282.918	-4.626335	2591.815
73.59	51039.19	169228.6	3040.701	45404.92	134167.1	-1489.754	25407.53	2932.028	2990.036	24558.26	61858.92	1293.95	-5.338078	1982.918	1.19574e+08	2.964146e+08	1668.327	1195.729	193.9502	106822	8884.562	-4.626335	4291.815	-5.338078	1982.918	-4.626335	4291.815
73.88	57653.19	15723.64	2739.701	46105.92	135775.1	-388.7544	26208.53	732.0284	2890.036	17152.26	52537.92	2493.95	-5.338078	882.9182	1.136002e+08	3.384877e+08	2268.327	2295.729	93.95018	101198	8383.562	95.37366	2191.815	-5.338078	882.9182	95.37366	2191.815
74.17	50738.19	15322.64	2739.701	39494.92	116277.1	-1989.754	21903.53	1932.028	2790.036	13350.26	43921.92	1293.95	-5.338078	1482.918	9.044069e+07	2.403226e+08	768.3274	1395.729	-6.049822	72899.95	5983.562	-4.626335	1191.815	-5.338078	1482.918	-4.626335	1191.815
74.45	36814.19	11519.64	3340.701	23273.92	75421.12	-588.7544	13797.53	1832.028	1690.036	9348.264	33504.92	1093.95	-5.338078	1182.918	6.464352e+07	1.702165e+08	1468.327	1295.729	-6.049822	57659.95	3382.562	95.37366	1391.815	-5.338078	1182.918	95.37366	1391.815
74.74	25200.19	7117.641	1839.701	19770.92	56070.12	-2589.754	10395.53	932.0284	590.0356	7747.263	23893.92	593.9502	-5.338078	582.9182	4.652469e+07	1.329776e+08	768.3274	695.7296	-6.049822	39224.95	4882.562	-4.626335	1191.815	-5.338078	582.9182	-4.626335	1191.815
75.02	19495.19	8317.641	-60.29883	14866.92	41542.12	-2189.754	8694.526	1032.028	790.0356	6147.263	18089.92	393.9502	-5.338078	782.9182	3.649532e+07	1.041643e+08	468.3274	495.7295	93.95018	31413.95	3682.562	-4.626335	691.8149	-5.338078	782.9182	-4.626335	691.8149
75.31	15992.19	3315.641	239.7012	10864.92	30926.12	-1989.754	7894.527	332.0284	1390.036	4146.263	15187.92	393.9502	-5.338078	482.9182	2.902387e+07	8.473033e+07	668.3274	495.7295	-6.049822	28709.95	2682.562	-4.626335	891.8149	-5.338078	482.9182	-4.626335	891.8149
75.59	12190.19	4215.641	-460.2988	9263.922	28023.12	-1089.754	7294.527	632.0284	690.0356	3946.263	12885.92	693.9502	-5.338078	182.9182	2.402325e+07	6.659811e+07	668.3274	195.7295	93.95018	22603.95	2082.562	-4.626335	791.8149	-5.338078	182.9182	-4.626335	791.8149
75.88	8989.188	4115.641	-460.2988	6362.922	23418.12	-989.7544	3893.527	732.0284	1590.036	2446.263	9084.918	93.95018	-5.338078	282.9182	2.029161e+07	5.676084e+07	368.3274	695.7296	-6.049822	16298.95	1382.562	95.37366	191.8149	-5.338078	282.9182	95.37366	191.8149
76.17	7688.188	2615.641	-60.29883	4362.922	15812.12	-2389.754	2692.527	132.0284	490.0356	2346.263	5483.918	393.9502	-5.338078	282.9182	1.404319e+07	4.583198e+07	568.3274	95.72954	-6.049822	14497.95	982.5623	-4.626335	291.8149	-5.338078	282.9182	-4.626335	291.8149
76.45	6188.188	3615.641	39.70117	4362.922	12510.12	-1189.754	2792.527	232.0284	90.03564	2746.263	8283.918	393.9502	-5.338078	82.91815	1.456701e+07	3.43362e+07	368.3274	95.72954	-6.049822	11796.95	782.5623	-4.626335	491.8149	-5.338078	82.91815	-4.626335	491.8149
76.74	5188.188	2615.641	339.7012	4262.922	10109.12	-1689.754	1592.527	232.0284	290.0356	1646.263	4482.918	93.95018	-5.338078	82.91815	1.003924e+07	3.100751e+07	-31.6726	-4.270463	-6.049822	11196.95	682.5623	-4.626335	91.81495	-5.338078	82.91815	-4.626335	91.81495
77.02	4587.188	2515.641	-260.2988	3261.922	6908.118	-889.7544	2592.527	-67.97156	290.0356	646.2634	3782.918	93.95018	-5.338078	82.91815	8993026	2.39034e+07	-31.6726	95.72954	-6.049822	8594.95	882.5623	95.37366	191.8149	-5.338078	82.91815	95.37366	191.8149
77.31	3087.189	2114.641	-1161.299	1961.922	7708.118	-789.7544	1892.527	332.0284	390.0356	1646.263	3682.918	-6.049822	-5.338078	82.91815	7636232	1.884788e+07	268.3274	95.72954	93.95018	7894.95	182.5623	-4.626335	191.8149	-5.338078	82.91815	-4.626335	191.8149
77.59	3287.189	2014.641	39.70117	2461.922	6208.118	-2189.754	1292.527	332.0284	-309.9644	946.2634	3582.918	293.9502	-5.338078	-17.08185	6731992	1.684191e+07	168.3274	95.72954	-6.049822	6594.95	882.5623	95.37366	91.81495	-5.338078	-17.08185	95.37366	91.81495
77.88	3187.189	1214.641	-1161.299	1261.922	4607.118	-1989.754	1092.527	632.0284	-109.9644	746.2634	1282.918	93.95018	-5.338078	82.91815	4500642	1.510717e+07	68.3274	-4.270463	-6.049822	4093.95	382.5623	-4.626335	191.8149	-5.338078	82.91815	-4.626335	191.8149
78.16	2087.189	514.6406	-1161.299	1761.922	2607.117	-2589.754	1092.527	-367.9716	590.0356	846.2634	2182.918	93.95018	-5.338078	82.91815	4302994	1.290441e+07	-31.6726	-4.270463	93.95018	5294.95	282.5623	-4.626335	91.81495	-5.338078	82.91815	-4.626335	91.81495
78.45	1187.189	1614.641	-1261.299	1361.922	2907.117	-1289.754	992.5267	-267.9716	-9.964355	746.2634	1482.918	-6.049822	-5.338078	82.91815	3117348	9255112	168.3274	-4.270463	-6.049822	2893.95	82.56228	-4.626335	-8.185054	-5.338078	82.91815	-4.626335	-8.185054
78.74	1187.189	1014.641	-360.2988	361.9218	2107.117	-2389.754	-107.4733	-167.9716	690.0356	546.2634	1982.918	93.95018	-5.338078	82.91815	2341248	7992222	168.3274	395.7295	-6.049822	3593.95	182.5623	-4.626335	-8.185054	-5.338078	82.91815	-4.626335	-8.185054
79.02	587.1886	14.64062	-1161.299	1761.922	2907.117	-1089.754	792.5267	232.0284	-609.9644	146.2633	1182.918	193.9502	-5.338078	82.91815	2327138	6389427	-31.6726	-4.270463	-6.049822	1493.95	182.5623	-4.626335	-8.185054	-5.338078	82.91815	-4.626335	-8.185054
79.31	487.1886	-685.3594	-560.2988	661.9218	1307.117	-1589.754	92.52673	632.0284	290.0356	246.2633	782.9182	-6.049822	94.66192	82.91815	1791024	5240966	-31.6726	-4.270463	-6.049822	793.9502	-17.43772	-4.626335	91.81495	94.66192	82.91815	-4.626335	91.81495
79.6	987.1886	314.6406	-360.2988	461.9218	807.1174	-1289.754	-507.4733	332.0284	-409.9644	146.2633	382.9182	-6.049822	-5.338078	-17.08185	2369466	4347976	168.3274	-4.270463	-6.049822	1993.95	82.56228	-4.626335	-8.185054	-5.338078	-17.08185	-4.626335	-8.185054
79.89	687.1886	2315.641	-861.2988	1461.922	1007.117	-1889.754	-7.473267	32.02844	-109.9644	546.2634	582.9182	-6.049822	-5.338078	-17.08185	1396045	3511889	-31.6726	-4.270463	-6.049822	1593.95	582.5623	-4.626335	191.8149	-5.338078	-17.08185	-4.626335	191.8149
80.17	487.1886	-585.3594	-360.2988	161.9218	1807.117	-1589.754	192.5267	-67.97156	-109.9644	346.2633	382.9182	-6.049822	-5.338078	-17.08185	1367834	3200178	68.3274	-4.270463	93.95018	1693.95	82.56228	-4.626335	-8.185054	-5.338078	-17.08185	-4.626335	-8.185054
80.47	287.1886	114.6406	-360.2988	861.9218	1407.117	-1889.754	-807.4733	-67.97156	390.0356	-53.73666	582.9182	-6.049822	-5.338078	-17.08185	690837.4	2817661	-31.6726	-4.270463	-6.049822	1793.95	82.56228	-4.626335	-8.185054	-5.338078	-17.08185	-4.626335	-8.185054
80.76	287.1886	-285.3594	339.7012	-238.0782	407.1174	-1589.754	-7.473267	-67.97156	190.0356	46.26334	382.9182	-6.049822	-5.338078	82.91815	1001111	2449350	-31.6726	-4.270463	-6.049822	1093.95	-17.43772	-4.626335	-8.185054	-5.338078	82.91815	-4.626335	-8.185054
81.05	487.1886	814.6406	-1561.299	361.9218	707.1174	311.2456	-1107.473	-267.9716	390.0356	146.2633	282.9182	193.9502	-5.338078	-17.08185	676734.4	2803494	68.3274	-4.270463	-6.049822	1093.95	-17.43772	-4.626335	91.81495	-5.338078	-17.08185	-4.626335	91.81495
81.34	387.1886	1614.641	-1761.299	61.92175	407.1174	-1289.754	-407.4733	-267.9716	90.03564	-53.73666	182.9182	-6.049822	-5.338078	-17.08185	380545.4	1118086	-31.6726	-4.270463	-6.049822	593.9502	-17.43772	-4.626335	-8.185054	-5.338078	-17.08185	-4.626335	-8.185054
81.63	487.1886	1714.641	839.7012	761.9218	607.1174	-1189.754	792.5267	32.02844	-109.9644	46.26334	582.9182	-6.049822	-5.338078	-17.08185	360958.4	2123569	-31.6726	-4.270463	-6.049822	493.9502	182.5623	-4.626335	-8.185054	-5.338078	-17.08185	-4.626335	-8.185054
81.92	287.1886	214.6406	-861.2988	261.9218	2807.117	-2589.754	292.5267	132.0284	90.03564	146.2633	182.9182	-6.049822	-5.338078	-17.08185	521760.4	1146405	-31.6726	-4.270463	-6.049822	293.9502	182.5623	-4.626335	-8.185054	-5.338078	-17.08185	-4.626335	-8.185054
82.21	287.1886	1414.641	-961.2988	61.92175	7.117439	11.24561	-307.4733	32.02844	90.03564	246.2633	182.9182	-6.049822	-5.338078	-17.08185	352387.4	764109.8	-31.6726	-4.270463	-6.049822	393.9502	-17.43772	-4.626335	-8.185054	-5.338078	-17.08185	-4.626335	-8.185054
82.5	487.1886	-985.3594	-560.2988	961.9218	207.1174	-989.7544	-107.4733	-167.9716	-609.9644	46.26334	382.9182	-6.049822	-5.338078	82.91815	480138.4	1231365	168.3274	-4.270463	-6.049822	293.9502	-17.43772	-4.626335	-8.185054	-5.338078	82.91815	-4.626335	-8.185054
82.79	-12.81139	2715.641	-961.2988	-38.07825	207.1174	-1489.754	92.52673	-267.9716	-209.9644	46.26334	82.91815	-6.049822	-5.338078	-17.08185	147906.4	1188885	-31.6726	-4.270463	-6.049822	593.9502	82.56228	-4.626335	91.81495	-5.338078	-17.08185	-4.626335	91.81495
83.08	87.18861	514.6406	-1461.299	361.9218	307.1174	-1589.754	-507.4733	-67.97156	-409.9644	-53.73666	582.9182	-6.049822	-5.338078	-17.08185	245066.4	1457936	-31.6726	-4.270463	-6.049822	-6.049822	-17.43772	-4.626335	-8.185054	-5.338078	-17.08185	-4.626335	-8.185054
83.37	187.1886	214.6406	-961.2988	461.9218	-92.88256	-2989.754	292.5267	-267.9716	190.0356	146.2633	82.91815	-6.049822	-5.338078	82.91815	166925.4	70420.77	-31.6726	-4.270463	-6.049822	393.9502	82.56228	-4.626335	-8.185054	-5.338078	82.91815	-4.626335	-8.185054
83.66	87.18861	214.6406	-1161.299	-338.0782	407.1174	-689.7544	692.5267	32.02844	1390.036	-53.73666	282.9182	-6.049822	-5.338078	-17.08185	221447.4	537583.8	-31.6726	-4.270463	-6.049822	93.95018	82.56228	-4.626335	-8.185054	-5.338078	-17.08185	-4.626335	-8.185054
83.94	-12.81139	114.6406	-360.2988	61.92175	107.1174	311.2456	-107.4733	-467.9716	190.0356	146.2633	182.9182	-6.049822	-5.338078	-17.08185	115034.4	189360.8	-31.6726	-4.270463	-6.049822	93.95018	-17.43772	-4.626335	-8.185054	-5.338078	-17.08185	-4.626335	-8.185054
84.23	287.1886	1614.641	-2361.299	61.92175	-92.88256	-1389.754	392.5267	232.0284	-609.9644	146.2633	182.9182	-6.049822	-5.338078	-17.08185	60543.39	196011.8	-31.6726	-4.270463	-6.049822	293.9502	-17.43772	-4.626335	-8.185054	-5.338078	-17.08185	-4.626335	-8.185054
84.52	-12.81139	514.6406	-1761.299	-438.0782	7.117439	-1889.754	592.5267	-367.9716	890.0356	-53.73666	82.91815	-6.049822	-5.338078	82.91815	239577.4	276164.8	68.3274	-4.270463	-6.049822	193.9502	-17.43772	-4.626335	91.81495	-5.338078	82.91815	-4.626335	91.81495
84.81	187.1886	614.6406	-360.2988	-338.0782	307.1174	-989.7544	92.52673	-67.97156	-209.9644	46.26334	82.91815	93.95018	-5.338078	-17.08185	84470.4	119329.8	-31.6726	-4.270463	-6.049822	-6.049822	82.56228	-4.626335	-8.185054	-5.338078	-17.08185	-4.626335	-8.185054
85.1	87.18861	-285.3594	-2561.299	-338.0782	7.117439	-2589.754	792.5267	132.0284	-909.9644	46.26334	-17.08185	-6.049822	-5.338078	-17.08185	44409.39	155354.8	-31.6726	95.72954	-6.049822	93.95018	82.56228	-4.626335	-8.185054	-5.338078	-17.08185	-4.626335	-8.185054
85.39	-12.81139	314.6406	-560.2988	-338.0782	7.117439	-388.7544	-107.4733	-167.9716	290.0356	-53.73666	-17.08185	-6.049822	-5.338078	82.91815	78793.4	141198.8	-31.6726	-4.270463	-6.049822	-6.049822	-17.43772	-4.626335	-8.185054	-5.338078	82.91815	-4.626335	-8.185054
85.68	-12.81139	-1586.359	-1661.299	661.9218	107.1174	-588.7544	192.5267	-267.9716	-9.964355	246.2633	82.91815	-6.049822	-5.338078	-17.08185	135033.4	622529.8	-31.6726	-4.270463	-6.049822	93.95018	-17.43772	-4.626335	-8.185054	-5.338078	-17.08185	-4.626335	-8.185054
85.96	87.18861	514.6406	-560.2988	161.9218	207.1174	-1489.754	192.5267	632.0284	-509.9644	46.26334	182.9182	-6.049822	-5.338078	-17.08185	110513.4	130183.8	-31.6726	-4.270463	-6.049822	193.9502	-17.43772	-4.626335	-8.185054	-5.338078	-17.08185	-4.626335	-8.185054
86.25	87.18861	1914.641	339.7012	-38.07825	7.117439	-2589.754	-907.4733	-167.9716	-309.9644	46.26334	-17.08185	93.95018	-5.338078	82.91815	42169.39	32164.77	-31.6726	-4.270463	-6.049822	-6.049822	-17.43772	-4.626335	-8.185054	-5.338078	82.91815	-4.626335	-8.185054
86.55	-12.81139	114.6406	1439.701	861.9218	7.117439	-88.75439	-107.4733	132.0284	-9.964355	-53.73666	-17.08185	-6.049822	-5.338078	-17.08185	102479.4	438483.8	-31.6726	-4.270463	-6.049822	-6.049822	-17.43772	-4.626335	-8.185054	-5.338078	-17.08185	-4.626335	-8.185054
86.83	87.18861	214.6406	-1261.299	161.9218	-92.88256	-2489.754	-707.4733	132.0284	190.0356	46.26334	-17.08185	-6.049822	-5.338078	-17.08185	26984.39	167605.8	-31.6726	-4.270463	-6.049822	193.9502	-17.43772	-4.626335	-8.185054	-5.338078	-17.08185	-4.626335	-8.185054
87.12	-12.81139	-85.35938	-1661.299	-338.0782	207.1174	-388.7544	-207.4733	32.02844	-209.9644	-53.73666	-17.08185	-6.049822	94.66192	-17.08185	8470.395	13798.77	-31.6726	-4.270463	-6.049822	-6.049822	82.56228	-4.626335	-8.185054	94.66192	-17.08185	-4.626335	-8.185054
87.4	-12.81139	214.6406	-1861.299	61.92175	-92.88256	-1489.754	-107.4733	-267.9716	-109.9644	46.26334	-17.08185	-6.049822	-5.338078	-17.08185	95050.4	116817.8	-31.6726	-4.270463	-6.049822	-6.049822	-17.43772	-4.626335	-8.185054	-5.338078	-17.08185	-4.626335	-8.185054
87.69	-12.81139	814.6406	-460.2988	161.9218	-92.88256	-1989.754	-707.4733	-267.9716	90.03564	-53.73666	82.91815	-6.049822	-5.338078	-17.08185	5670.395	443.7722	-31.6726	-4.270463	-6.049822	93.95018	-17.43772	-4.626335	-8.185054	-5.338078	-17.08185	-4.626335	-8.185054
87.98	-12.81139	614.6406	-1161.299	261.9218	7.117439	-2589.754	192.5267	32.02844	690.0356	46.26334	-17.08185	-6.049822	-5.338078	-17.08185	48717.39	98639.77	-31.6726	-4.270463	-6.049822	193.9502	-17.43772	-4.626335	-8.185054	-5.338078	-17.08185	-4.626335	-8.185054
88.27	-12.81139	114.6406	-961.2988	61.92175	-92.88256	-1589.754	-707.4733	132.0284	190.0356	46.26334	-17.08185	-6.049822	-5.338078	-17.08185	89329.4	27954.77	-31.6726	-4.270463	-6.049822	-6.049822	182.5623	-4.626335	-8.185054	-5.338078	-17.08185	-4.626335	-8.185054
88.55	-12.81139	114.6406	-961.2988	261.9218	-92.88256	-2189.754	-807.4733	-67.97156	-609.9644	146.2633	-17.08185	-6.049822	-5.338078	-17.08185	4269.395	134908.8	-31.6726	-4.270463	-6.049822	93.95018	-17.43772	-4.626335	-8.185054	-5.338078	-17.08185	-4.626335	-8.185054
88.84	-12.81139	1314.641	739.7012	261.9218	7.117439	-388.7544	-307.4733	-67.97156	90.03564	-53.73666	-17.08185	-6.049822	94.66192	-17.08185	17475.39	-356.2278	68.3274	-4.270463	-6.049822	93.95018	-17.43772	-4.626335	-8.185054	94.66192	-17.08185	-4.626335	-8.185054
89.13	387.1886	-585.3594	-660.2988	461.9218	207.1174	-889.7544	-907.4733	-67.97156	90.03564	-53.73666	-17.08185	-6.049822	94.66192	-17.08185	4369.395	127043.8	-31.6726	-4.270463	-6.049822	-6.049822	82.56228	-4.626335	-8.185054	94.66192	-17.08185	-4.626335	-8.185054
89.42	-12.81139	714.6406	-1661.299	-238.0782	7.117439	-1689.754	192.5267	32.02844	-209.9644	46.26334	-17.08185	-6.049822	-5.338078	-17.08185	26483.39	27954.77	-31.6726	-4.270463	93.95018	-6.049822	-17.43772	-4.626335	-8.185054	-5.338078	-17.08185	-4.626335	-8.185054
89.71	-12.81139	514.6406	-861.2988	61.92175	-92.88256	-1589.754	-207.4733	-167.9716	190.0356	46.26334	-17.08185	-6.049822	-5.338078	-17.08185	15674.39	42109.77	-31.6726	-4.270463	-6.049822	-6.049822	-17.43772	-4.626335	-8.185054	-5.338078	-17.08185	-4.626335	-8.185054
90	-12.81139	214.6406	239.7012	-238.0782	-92.88256	-1089.754	-507.4733	532.0284	90.03564	46.26334	182.9182	-6.049822	-5.338078	-17.08185	32791.39	197822.8	-31.6726	-4.270463	-6.049822	-6.049822	82.56228	-4.626335	-8.185054	-5.338078	-17.08185	-4.626335	-8.185054
