ElapsedTime_s	Ti49_CPS	Al27_CPS	S33_CPS	Sc45_CPS	V51_CPS	Mn55_CPS	Fe57_CPS	Co59_CPS	Ni60_CPS	Ga71_CPS	Zr90_CPS	Nb93_CPS	Mo97_CPS	In113_CPS	Sn119_CPS	Sn118_CPS	Sb121_CPS	Hf177_CPS	Ta181_CPS	W183_CPS	Pb206_CPS	Th232_CPS	U238_CPS	Tc97_CPS	Cd113_CPS	U232_CPS	Pu238_CPS
0	-12.81139	-985.3594	1139.701	161.9218	7.117439	-689.7544	-707.4733	132.0284	390.0356	146.2633	82.91815	-6.049822	-5.338078	-17.08185	42105.39	73552.77	-31.6726	-4.270463	-6.049822	93.95018	182.5623	-4.626335	-8.185054	-5.338078	-17.08185	-4.626335	-8.185054
																											
8.22	187.1886	-785.3594	-660.2988	161.9218	-92.88256	-1189.754	-307.4733	332.0284	790.0356	-53.73666	-17.08185	-6.049822	-5.338078	-17.08185	42305.39	-56.22775	-31.6726	95.72954	-6.049822	-6.049822	82.56228	-4.626335	-8.185054	-5.338078	-17.08185	-4.626335	-8.185054
8.51	87.18861	-785.3594	-861.2988	-138.0782	7.117439	211.2456	-107.4733	-667.9716	-9.964355	-53.73666	82.91815	-6.049822	-5.338078	-17.08185	21378.39	-56.22775	-31.6726	-4.270463	-6.049822	-6.049822	-17.43772	-4.626335	-8.185054	-5.338078	-17.08185	-4.626335	-8.185054
8.79	-12.81139	514.6406	-560.2988	-138.0782	-92.88256	-88.75439	292.5267	332.0284	290.0356	-53.73666	-17.08185	-6.049822	-5.338078	-17.08185	-30.60498	-56.22775	-31.6726	-4.270463	93.95018	-6.049822	-17.43772	-4.626335	-8.185054	-5.338078	-17.08185	-4.626335	-8.185054
9.08	-12.81139	2214.641	-1661.299	161.9218	7.117439	-2589.754	-607.4733	32.02844	590.0356	-53.73666	-17.08185	-6.049822	-5.338078	-17.08185	369.395	243.7722	-31.6726	-4.270463	-6.049822	-6.049822	-17.43772	-4.626335	91.81495	-5.338078	-17.08185	-4.626335	91.81495
9.36	-12.81139	214.6406	-1861.299	-238.0782	207.1174	-1789.754	-7.473267	332.0284	-109.9644	-53.73666	-17.08185	-6.049822	-5.338078	-17.08185	-30.60498	43081.77	-31.6726	-4.270463	-6.049822	-6.049822	-17.43772	-4.626335	-8.185054	-5.338078	-17.08185	-4.626335	-8.185054
9.65	-12.81139	-85.35938	-2361.299	661.9218	-92.88256	-2089.754	-807.4733	-67.97156	90.03564	-53.73666	-17.08185	-6.049822	-5.338078	82.91815	369.395	-56.22775	168.3274	-4.270463	93.95018	-6.049822	-17.43772	-4.626335	-8.185054	-5.338078	82.91815	-4.626335	-8.185054
9.94	-12.81139	1214.641	39.70117	-338.0782	-92.88256	-1289.754	-207.4733	32.02844	-209.9644	46.26334	-17.08185	-6.049822	-5.338078	-17.08185	-30.60498	543.7722	-31.6726	-4.270463	-6.049822	-6.049822	-17.43772	-4.626335	-8.185054	-5.338078	-17.08185	-4.626335	-8.185054
10.22	-12.81139	-985.3594	-660.2988	861.9218	7.117439	-1489.754	-407.4733	-267.9716	-9.964355	-53.73666	-17.08185	-6.049822	-5.338078	-17.08185	-30.60498	143.7722	-31.6726	-4.270463	-6.049822	493.9502	182.5623	-4.626335	-8.185054	-5.338078	-17.08185	-4.626335	-8.185054
10.5	-12.81139	-585.3594	-60.29883	61.92175	-92.88256	-1089.754	-407.4733	132.0284	-9.964355	-53.73666	-17.08185	-6.049822	-5.338078	-17.08185	-30.60498	-56.22775	-31.6726	-4.270463	-6.049822	93.95018	-17.43772	-4.626335	-8.185054	-5.338078	-17.08185	-4.626335	-8.185054
10.79	-12.81139	-85.35938	-560.2988	-38.07825	7.117439	-2089.754	92.52673	132.0284	-9.964355	-53.73666	-17.08185	-6.049822	-5.338078	-17.08185	69.39502	4343.772	-31.6726	-4.270463	-6.049822	-6.049822	-17.43772	-4.626335	-8.185054	-5.338078	-17.08185	-4.626335	-8.185054
11.07	-12.81139	714.6406	-1561.299	-38.07825	-92.88256	-388.7544	-107.4733	632.0284	-9.964355	-53.73666	-17.08185	-6.049822	-5.338078	-17.08185	169.395	-256.2278	-31.6726	-4.270463	-6.049822	93.95018	-17.43772	-4.626335	-8.185054	-5.338078	-17.08185	-4.626335	-8.185054
11.36	-12.81139	-585.3594	-861.2988	161.9218	-92.88256	-588.7544	-407.4733	132.0284	-609.9644	-53.73666	-17.08185	-6.049822	-5.338078	-17.08185	-130.605	-56.22775	-31.6726	-4.270463	-6.049822	-6.049822	-17.43772	-4.626335	-8.185054	-5.338078	-17.08185	-4.626335	-8.185054
11.64	-12.81139	-85.35938	-660.2988	161.9218	-92.88256	-1289.754	-207.4733	-67.97156	-309.9644	-53.73666	82.91815	-6.049822	-5.338078	-17.08185	-30.60498	143.7722	-31.6726	-4.270463	-6.049822	-6.049822	82.56228	-4.626335	-8.185054	-5.338078	-17.08185	-4.626335	-8.185054
11.93	-12.81139	1214.641	639.7012	-238.0782	7.117439	-1089.754	-307.4733	-67.97156	-9.964355	-53.73666	-17.08185	-6.049822	-5.338078	-17.08185	3269.395	1843.772	-31.6726	-4.270463	-6.049822	-6.049822	-17.43772	-4.626335	-8.185054	-5.338078	-17.08185	-4.626335	-8.185054
12.21	-12.81139	1214.641	939.7012	61.92175	7.117439	-1189.754	-507.4733	232.0284	-209.9644	146.2633	82.91815	-6.049822	-5.338078	-17.08185	-30.60498	-256.2278	-31.6726	-4.270463	-6.049822	-6.049822	-17.43772	-4.626335	-8.185054	-5.338078	-17.08185	-4.626335	-8.185054
12.5	-12.81139	914.6406	-761.2988	-138.0782	207.1174	-1389.754	-207.4733	-267.9716	-309.9644	46.26334	-17.08185	-6.049822	-5.338078	-17.08185	-30.60498	36771.77	-31.6726	-4.270463	-6.049822	-6.049822	82.56228	-4.626335	-8.185054	-5.338078	-17.08185	-4.626335	-8.185054
12.78	-12.81139	314.6406	39.70117	361.9218	7.117439	-889.7544	492.5267	-467.9716	-209.9644	46.26334	82.91815	-6.049822	-5.338078	-17.08185	4469.395	32865.77	-31.6726	-4.270463	-6.049822	-6.049822	-17.43772	-4.626335	-8.185054	-5.338078	-17.08185	-4.626335	-8.185054
13.07	-12.81139	314.6406	-761.2988	61.92175	-92.88256	-1289.754	192.5267	-67.97156	690.0356	46.26334	-17.08185	-6.049822	-5.338078	-17.08185	169.395	643.7722	-31.6726	-4.270463	-6.049822	-6.049822	-17.43772	95.37366	-8.185054	-5.338078	-17.08185	95.37366	-8.185054
13.35	-12.81139	1914.641	1539.701	-38.07825	-92.88256	-2589.754	-607.4733	-467.9716	490.0356	-53.73666	-17.08185	-6.049822	-5.338078	-17.08185	169.395	643.7722	-31.6726	-4.270463	-6.049822	-6.049822	-17.43772	-4.626335	-8.185054	-5.338078	-17.08185	-4.626335	-8.185054
13.64	87.18861	-385.3594	-1361.299	861.9218	107.1174	-1989.754	-507.4733	32.02844	-309.9644	-53.73666	-17.08185	-6.049822	-5.338078	-17.08185	-130.605	243.7722	-31.6726	95.72954	-6.049822	-6.049822	-17.43772	-4.626335	-8.185054	-5.338078	-17.08185	-4.626335	-8.185054
13.93	-12.81139	514.6406	39.70117	-38.07825	7.117439	-2089.754	392.5267	32.02844	190.0356	46.26334	-17.08185	-6.049822	-5.338078	-17.08185	69.39502	143.7722	68.3274	-4.270463	-6.049822	-6.049822	-17.43772	-4.626335	-8.185054	-5.338078	-17.08185	-4.626335	-8.185054
14.21	-12.81139	14.64062	-1061.299	-438.0782	-92.88256	-1489.754	92.52673	-167.9716	-209.9644	46.26334	-17.08185	-6.049822	-5.338078	-17.08185	69.39502	43.77225	-31.6726	95.72954	-6.049822	-6.049822	-17.43772	-4.626335	-8.185054	-5.338078	-17.08185	-4.626335	-8.185054
14.49	-12.81139	-185.3594	-660.2988	461.9218	107.1174	-188.7544	792.5267	432.0284	690.0356	146.2633	-17.08185	-6.049822	-5.338078	-17.08185	20878.39	143.7722	-31.6726	-4.270463	-6.049822	-6.049822	82.56228	-4.626335	-8.185054	-5.338078	-17.08185	-4.626335	-8.185054
14.78	87.18861	14.64062	-1161.299	-138.0782	-92.88256	-1589.754	-807.4733	232.0284	-209.9644	46.26334	-17.08185	-6.049822	-5.338078	-17.08185	69.39502	-56.22775	-31.6726	-4.270463	-6.049822	-6.049822	-17.43772	-4.626335	-8.185054	-5.338078	-17.08185	-4.626335	-8.185054
15.06	-12.81139	514.6406	-1161.299	-138.0782	7.117439	-1089.754	-407.4733	632.0284	290.0356	-53.73666	-17.08185	-6.049822	-5.338078	-17.08185	-130.605	-256.2278	68.3274	-4.270463	-6.049822	-6.049822	-17.43772	-4.626335	-8.185054	-5.338078	-17.08185	-4.626335	-8.185054
15.35	-12.81139	-785.3594	-660.2988	-38.07825	507.1174	-588.7544	192.5267	-167.9716	290.0356	-53.73666	-17.08185	-6.049822	-5.338078	-17.08185	4970.395	243.7722	-31.6726	-4.270463	-6.049822	93.95018	-17.43772	-4.626335	91.81495	-5.338078	-17.08185	-4.626335	91.81495
15.63	-12.81139	1814.641	-1861.299	-38.07825	7.117439	-1489.754	-907.4733	-367.9716	390.0356	-53.73666	82.91815	-6.049822	-5.338078	-17.08185	-30.60498	-156.2278	-31.6726	-4.270463	-6.049822	-6.049822	-17.43772	-4.626335	-8.185054	-5.338078	-17.08185	-4.626335	-8.185054
15.92	-12.81139	-185.3594	-560.2988	-138.0782	107.1174	-1289.754	92.52673	132.0284	390.0356	46.26334	-17.08185	-6.049822	-5.338078	-17.08185	169.395	-256.2278	-31.6726	-4.270463	-6.049822	-6.049822	-17.43772	-4.626335	-8.185054	-5.338078	-17.08185	-4.626335	-8.185054
16.2	-12.81139	114.6406	-460.2988	-138.0782	-92.88256	-1389.754	-707.4733	132.0284	190.0356	46.26334	-17.08185	-6.049822	-5.338078	82.91815	169.395	-56.22775	-31.6726	-4.270463	-6.049822	-6.049822	-17.43772	-4.626335	-8.185054	-5.338078	82.91815	-4.626335	-8.185054
16.49	-12.81139	-185.3594	-1761.299	-538.0782	107.1174	-1389.754	-307.4733	332.0284	90.03564	-53.73666	-17.08185	-6.049822	-5.338078	-17.08185	-130.605	143.7722	-31.6726	-4.270463	-6.049822	-6.049822	-17.43772	-4.626335	-8.185054	-5.338078	-17.08185	-4.626335	-8.185054
16.77	-12.81139	1914.641	-1061.299	-238.0782	-92.88256	-1189.754	292.5267	-267.9716	190.0356	-53.73666	-17.08185	-6.049822	-5.338078	82.91815	169.395	-156.2278	-31.6726	-4.270463	-6.049822	-6.049822	-17.43772	-4.626335	-8.185054	-5.338078	82.91815	-4.626335	-8.185054
17.06	-12.81139	2515.641	-260.2988	561.9218	-92.88256	-689.7544	92.52673	-67.97156	290.0356	246.2633	-17.08185	-6.049822	-5.338078	-17.08185	69.39502	-256.2278	-31.6726	-4.270463	-6.049822	-6.049822	-17.43772	-4.626335	-8.185054	-5.338078	-17.08185	-4.626335	-8.185054
17.34	-12.81139	1914.641	439.7012	261.9218	7.117439	-1289.754	-407.4733	-167.9716	-109.9644	-53.73666	-17.08185	-6.049822	-5.338078	-17.08185	-30.60498	143.7722	-31.6726	-4.270463	-6.049822	-6.049822	-17.43772	-4.626335	-8.185054	-5.338078	-17.08185	-4.626335	-8.185054
17.63	-12.81139	714.6406	-560.2988	-538.0782	-92.88256	-1389.754	92.52673	-167.9716	790.0356	46.26334	-17.08185	-6.049822	-5.338078	-17.08185	69.39502	-256.2278	-31.6726	-4.270463	-6.049822	-6.049822	82.56228	-4.626335	-8.185054	-5.338078	-17.08185	-4.626335	-8.185054
17.91	-12.81139	314.6406	-1161.299	-38.07825	-92.88256	-388.7544	-7.473267	32.02844	-209.9644	-53.73666	-17.08185	-6.049822	-5.338078	-17.08185	11572.39	243.7722	-31.6726	-4.270463	-6.049822	-6.049822	-17.43772	-4.626335	-8.185054	-5.338078	-17.08185	-4.626335	-8.185054
18.2	-12.81139	-1285.359	-961.2988	161.9218	-92.88256	-989.7544	-607.4733	-67.97156	190.0356	-53.73666	-17.08185	-6.049822	-5.338078	-17.08185	69.39502	43.77225	-31.6726	-4.270463	-6.049822	-6.049822	82.56228	-4.626335	-8.185054	-5.338078	-17.08185	-4.626335	-8.185054
18.48	-12.81139	414.6406	-761.2988	-138.0782	-92.88256	-689.7544	-407.4733	332.0284	690.0356	-53.73666	-17.08185	-6.049822	-5.338078	-17.08185	-130.605	-156.2278	68.3274	-4.270463	-6.049822	-6.049822	-17.43772	-4.626335	-8.185054	-5.338078	-17.08185	-4.626335	-8.185054
18.77	-12.81139	1314.641	-1661.299	-638.0782	-92.88256	-1189.754	-207.4733	132.0284	590.0356	-53.73666	-17.08185	-6.049822	-5.338078	-17.08185	-130.605	-256.2278	68.3274	-4.270463	-6.049822	-6.049822	-17.43772	-4.626335	-8.185054	-5.338078	-17.08185	-4.626335	-8.185054
19.05	-12.81139	114.6406	-560.2988	461.9218	-92.88256	-2489.754	-207.4733	-67.97156	-9.964355	46.26334	-17.08185	-6.049822	-5.338078	-17.08185	-130.605	-56.22775	-31.6726	-4.270463	-6.049822	-6.049822	-17.43772	-4.626335	-8.185054	-5.338078	-17.08185	-4.626335	-8.185054
19.34	87.18861	214.6406	-1261.299	61.92175	7.117439	411.2456	-207.4733	-67.97156	-209.9644	-53.73666	-17.08185	-6.049822	-5.338078	-17.08185	69.39502	4543.772	68.3274	-4.270463	-6.049822	-6.049822	-17.43772	-4.626335	-8.185054	-5.338078	-17.08185	-4.626335	-8.185054
19.62	-12.81139	1914.641	-961.2988	-138.0782	107.1174	-1089.754	-307.4733	-67.97156	-109.9644	46.26334	82.91815	-6.049822	-5.338078	-17.08185	169.395	143.7722	68.3274	-4.270463	-6.049822	-6.049822	-17.43772	-4.626335	-8.185054	-5.338078	-17.08185	-4.626335	-8.185054
19.91	-12.81139	1114.641	-1061.299	461.9218	-92.88256	-789.7544	292.5267	32.02844	-309.9644	-53.73666	-17.08185	-6.049822	-5.338078	-17.08185	69.39502	-56.22775	-31.6726	-4.270463	-6.049822	-6.049822	-17.43772	-4.626335	-8.185054	-5.338078	-17.08185	-4.626335	-8.185054
20.19	-12.81139	114.6406	-1461.299	-338.0782	7.117439	-1589.754	-307.4733	-67.97156	-9.964355	-53.73666	-17.08185	-6.049822	-5.338078	-17.08185	69.39502	-156.2278	-31.6726	-4.270463	-6.049822	-6.049822	-17.43772	-4.626335	-8.185054	-5.338078	-17.08185	-4.626335	-8.185054
20.48	87.18861	-285.3594	-1661.299	361.9218	-92.88256	-789.7544	-807.4733	-267.9716	-209.9644	246.2633	-17.08185	-6.049822	-5.338078	-17.08185	-130.605	-56.22775	-31.6726	-4.270463	-6.049822	-6.049822	82.56228	-4.626335	-8.185054	-5.338078	-17.08185	-4.626335	-8.185054
20.76	-12.81139	314.6406	-660.2988	161.9218	-92.88256	-1689.754	-207.4733	32.02844	-309.9644	-53.73666	-17.08185	-6.049822	-5.338078	-17.08185	-30.60498	43.77225	-31.6726	-4.270463	-6.049822	-6.049822	-17.43772	95.37366	-8.185054	-5.338078	-17.08185	95.37366	-8.185054
21.05	87.18861	-85.35938	139.7012	-438.0782	7.117439	-789.7544	-607.4733	332.0284	190.0356	-53.73666	-17.08185	-6.049822	-5.338078	-17.08185	269.395	-356.2278	-31.6726	-4.270463	-6.049822	-6.049822	-17.43772	-4.626335	-8.185054	-5.338078	-17.08185	-4.626335	-8.185054
21.33	-12.81139	-85.35938	-1861.299	161.9218	-92.88256	-1889.754	192.5267	32.02844	190.0356	-53.73666	-17.08185	93.95018	-5.338078	-17.08185	-30.60498	-156.2278	168.3274	-4.270463	-6.049822	-6.049822	-17.43772	-4.626335	-8.185054	-5.338078	-17.08185	-4.626335	-8.185054
21.62	-12.81139	14.64062	139.7012	-338.0782	-92.88256	111.2456	92.52673	-267.9716	-809.9644	-53.73666	-17.08185	-6.049822	-5.338078	82.91815	369.395	43.77225	-31.6726	-4.270463	-6.049822	-6.049822	-17.43772	-4.626335	-8.185054	-5.338078	82.91815	-4.626335	-8.185054
21.9	-12.81139	1414.641	-160.2988	-238.0782	7.117439	-889.7544	-107.4733	-67.97156	90.03564	-53.73666	-17.08185	-6.049822	-5.338078	-17.08185	169.395	43.77225	-31.6726	-4.270463	-6.049822	-6.049822	-17.43772	-4.626335	-8.185054	-5.338078	-17.08185	-4.626335	-8.185054
22.19	-12.81139	714.6406	339.7012	-238.0782	207.1174	-1189.754	-207.4733	-167.9716	-309.9644	46.26334	-17.08185	-6.049822	-5.338078	-17.08185	169.395	-156.2278	-31.6726	-4.270463	-6.049822	-6.049822	-17.43772	-4.626335	-8.185054	-5.338078	-17.08185	-4.626335	-8.185054
22.47	-12.81139	714.6406	-260.2988	-38.07825	-92.88256	-2089.754	392.5267	-467.9716	-209.9644	-53.73666	-17.08185	-6.049822	-5.338078	-17.08185	-130.605	-156.2278	-31.6726	-4.270463	-6.049822	-6.049822	-17.43772	-4.626335	-8.185054	-5.338078	-17.08185	-4.626335	-8.185054
22.76	-12.81139	314.6406	-1061.299	661.9218	-92.88256	-1189.754	-407.4733	432.0284	690.0356	46.26334	-17.08185	93.95018	-5.338078	-17.08185	69.39502	-56.22775	-31.6726	-4.270463	-6.049822	-6.049822	-17.43772	-4.626335	-8.185054	-5.338078	-17.08185	-4.626335	-8.185054
23.04	-12.81139	314.6406	-761.2988	361.9218	-92.88256	-88.75439	-207.4733	32.02844	490.0356	146.2633	-17.08185	-6.049822	-5.338078	-17.08185	69.39502	343.7722	68.3274	-4.270463	-6.049822	-6.049822	-17.43772	-4.626335	-8.185054	-5.338078	-17.08185	-4.626335	-8.185054
23.33	-12.81139	-85.35938	-961.2988	461.9218	7.117439	-1089.754	-407.4733	332.0284	90.03564	146.2633	-17.08185	-6.049822	-5.338078	-17.08185	69.39502	-56.22775	-31.6726	-4.270463	-6.049822	-6.049822	-17.43772	-4.626335	-8.185054	-5.338078	-17.08185	-4.626335	-8.185054
23.61	-12.81139	-185.3594	-660.2988	61.92175	-92.88256	-588.7544	-907.4733	-67.97156	90.03564	46.26334	-17.08185	-6.049822	-5.338078	-17.08185	-30.60498	-256.2278	-31.6726	-4.270463	-6.049822	-6.049822	-17.43772	-4.626335	-8.185054	-5.338078	-17.08185	-4.626335	-8.185054
23.9	187.1886	-185.3594	639.7012	561.9218	107.1174	-88.75439	-707.4733	132.0284	-409.9644	-53.73666	-17.08185	-6.049822	-5.338078	-17.08185	-130.605	-56.22775	68.3274	-4.270463	-6.049822	-6.049822	-17.43772	-4.626335	-8.185054	-5.338078	-17.08185	-4.626335	-8.185054
24.18	-12.81139	-785.3594	-1461.299	-338.0782	-92.88256	-188.7544	-207.4733	-267.9716	-9.964355	146.2633	82.91815	-6.049822	-5.338078	-17.08185	69.39502	143.7722	-31.6726	-4.270463	-6.049822	-6.049822	-17.43772	-4.626335	-8.185054	-5.338078	-17.08185	-4.626335	-8.185054
24.47	-12.81139	1314.641	-660.2988	-38.07825	-92.88256	-1689.754	-707.4733	-67.97156	-309.9644	46.26334	-17.08185	-6.049822	94.66192	-17.08185	-130.605	-256.2278	-31.6726	-4.270463	-6.049822	-6.049822	-17.43772	-4.626335	-8.185054	94.66192	-17.08185	-4.626335	-8.185054
24.75	-12.81139	14.64062	839.7012	861.9218	-92.88256	-989.7544	-907.4733	32.02844	-309.9644	-53.73666	182.9182	-6.049822	-5.338078	-17.08185	-130.605	443.7722	-31.6726	-4.270463	-6.049822	-6.049822	-17.43772	-4.626335	-8.185054	-5.338078	-17.08185	-4.626335	-8.185054
25.04	-12.81139	414.6406	539.7012	361.9218	7.117439	611.2456	192.5267	-167.9716	-209.9644	146.2633	-17.08185	-6.049822	-5.338078	-17.08185	69.39502	-56.22775	-31.6726	-4.270463	-6.049822	-6.049822	-17.43772	-4.626335	-8.185054	-5.338078	-17.08185	-4.626335	-8.185054
25.32	-12.81139	114.6406	-1661.299	-238.0782	7.117439	-1289.754	-107.4733	-167.9716	90.03564	146.2633	-17.08185	-6.049822	-5.338078	-17.08185	-130.605	543.7722	-31.6726	-4.270463	-6.049822	-6.049822	82.56228	-4.626335	-8.185054	-5.338078	-17.08185	-4.626335	-8.185054
25.61	-12.81139	414.6406	939.7012	361.9218	7.117439	-1089.754	-107.4733	32.02844	-109.9644	-53.73666	-17.08185	-6.049822	-5.338078	-17.08185	-30.60498	-156.2278	-31.6726	-4.270463	-6.049822	-6.049822	-17.43772	-4.626335	-8.185054	-5.338078	-17.08185	-4.626335	-8.185054
25.89	-12.81139	714.6406	-260.2988	-38.07825	-92.88256	-1789.754	-307.4733	-167.9716	490.0356	46.26334	-17.08185	-6.049822	-5.338078	-17.08185	-30.60498	-56.22775	-31.6726	-4.270463	-6.049822	-6.049822	-17.43772	-4.626335	-8.185054	-5.338078	-17.08185	-4.626335	-8.185054
26.18	-12.81139	1314.641	-1161.299	61.92175	-92.88256	-2089.754	-307.4733	332.0284	190.0356	-53.73666	-17.08185	-6.049822	-5.338078	-17.08185	269.395	-56.22775	-31.6726	-4.270463	-6.049822	-6.049822	-17.43772	-4.626335	-8.185054	-5.338078	-17.08185	-4.626335	-8.185054
26.46	-12.81139	-785.3594	-460.2988	-38.07825	-92.88256	-1089.754	192.5267	-167.9716	-109.9644	-53.73666	-17.08185	-6.049822	-5.338078	-17.08185	-30.60498	-156.2278	-31.6726	-4.270463	-6.049822	-6.049822	-17.43772	-4.626335	-8.185054	-5.338078	-17.08185	-4.626335	-8.185054
26.75	87.18861	1214.641	439.7012	261.9218	-92.88256	-588.7544	92.52673	232.0284	490.0356	-53.73666	-17.08185	-6.049822	-5.338078	-17.08185	-30.60498	-56.22775	-31.6726	-4.270463	-6.049822	193.9502	-17.43772	-4.626335	-8.185054	-5.338078	-17.08185	-4.626335	-8.185054
27.03	-12.81139	414.6406	239.7012	261.9218	-92.88256	-1389.754	192.5267	232.0284	90.03564	-53.73666	82.91815	-6.049822	-5.338078	-17.08185	-30.60498	-156.2278	-31.6726	-4.270463	-6.049822	-6.049822	-17.43772	-4.626335	-8.185054	-5.338078	-17.08185	-4.626335	-8.185054
27.32	-12.81139	914.6406	-1361.299	361.9218	7.117439	-2489.754	-107.4733	432.0284	90.03564	-53.73666	-17.08185	-6.049822	-5.338078	-17.08185	-30.60498	-56.22775	-31.6726	-4.270463	-6.049822	-6.049822	-17.43772	-4.626335	91.81495	-5.338078	-17.08185	-4.626335	91.81495
27.6	-12.81139	414.6406	-460.2988	-438.0782	7.117439	-1789.754	-807.4733	332.0284	-109.9644	-53.73666	-17.08185	-6.049822	-5.338078	-17.08185	69.39502	-56.22775	68.3274	-4.270463	-6.049822	93.95018	-17.43772	-4.626335	-8.185054	-5.338078	-17.08185	-4.626335	-8.185054
27.89	-12.81139	-485.3594	439.7012	-138.0782	7.117439	-1389.754	192.5267	-267.9716	-509.9644	146.2633	-17.08185	-6.049822	-5.338078	-17.08185	-30.60498	43.77225	-31.6726	-4.270463	-6.049822	-6.049822	-17.43772	-4.626335	-8.185054	-5.338078	-17.08185	-4.626335	-8.185054
28.17	-12.81139	14.64062	-460.2988	-538.0782	-92.88256	311.2456	92.52673	-167.9716	290.0356	46.26334	-17.08185	-6.049822	94.66192	-17.08185	169.395	43.77225	-31.6726	-4.270463	-6.049822	-6.049822	-17.43772	-4.626335	-8.185054	94.66192	-17.08185	-4.626335	-8.185054
28.46	-12.81139	-485.3594	-1161.299	61.92175	-92.88256	-188.7544	-107.4733	332.0284	-209.9644	46.26334	-17.08185	-6.049822	-5.338078	-17.08185	-130.605	-256.2278	-31.6726	-4.270463	-6.049822	-6.049822	-17.43772	-4.626335	-8.185054	-5.338078	-17.08185	-4.626335	-8.185054
28.74	-12.81139	-85.35938	739.7012	161.9218	7.117439	-1289.754	-807.4733	-67.97156	690.0356	-53.73666	82.91815	-6.049822	-5.338078	-17.08185	1669.395	1643.772	-31.6726	-4.270463	-6.049822	93.95018	182.5623	-4.626335	-8.185054	-5.338078	-17.08185	-4.626335	-8.185054
29.03	287.1886	18926.64	-861.2988	-138.0782	607.1174	-288.7544	5293.527	432.0284	590.0356	346.2633	3382.918	193.9502	-5.338078	82.91815	1.101505e+07	2.425969e+07	168.3274	395.7295	193.9502	6194.95	5583.562	-4.626335	191.8149	-5.338078	82.91815	-4.626335	191.8149
29.31	2087.189	675384.6	639.7012	8563.922	5908.118	11316.25	80327.52	632.0284	290.0356	2846.263	15687.92	693.9502	-5.338078	82.91815	3.837634e+07	9.960528e+07	468.3274	895.7296	193.9502	18400.95	8684.562	95.37366	1391.815	-5.338078	82.91815	95.37366	1391.815
29.6	3687.189	1563079	1239.701	12164.92	13110.12	18221.25	145928.5	532.0284	990.0356	5947.263	25195.92	893.9502	-5.338078	682.9182	4.935458e+07	1.371967e+08	1268.327	1595.729	393.9502	25906.95	7183.562	95.37366	391.8149	-5.338078	682.9182	95.37366	391.8149
29.89	6788.188	2067509	539.7012	19670.92	17913.12	24728.25	223605.5	1632.028	1390.036	8047.263	28598.92	1293.95	-5.338078	682.9182	6.28203e+07	1.80231e+08	1168.327	2695.729	193.9502	33916.95	6683.562	-4.626335	1391.815	-5.338078	682.9182	-4.626335	1391.815
30.17	8588.188	2578365	1239.701	25175.92	21116.12	36646.25	268042.5	1532.028	1690.036	8247.264	34806.92	1393.95	-5.338078	782.9182	7.342817e+07	2.042668e+08	768.3274	2695.729	293.9502	43230.95	6683.562	-4.626335	991.8149	-5.338078	782.9182	-4.626335	991.8149
30.46	7288.188	3352560	1839.701	27277.92	17113.12	31738.25	298688.5	1032.028	1790.036	10248.26	36409.92	793.9502	94.66192	382.9182	7.728818e+07	1.702165e+08	868.3274	2795.729	593.9502	47638.95	5583.562	95.37366	1091.815	94.66192	382.9182	95.37366	1091.815
30.74	8488.188	3765265	1239.701	27577.92	15912.12	41354.25	305774.5	1332.028	2590.036	11549.26	37510.92	1793.95	-5.338078	1082.918	7.68847e+07	1.842369e+08	368.3274	2195.729	493.9502	46035.95	4582.562	-4.626335	1291.815	-5.338078	1082.918	-4.626335	1291.815
31.03	8689.188	3973089	3140.701	31082.92	15312.12	48769.25	336973.5	1832.028	2290.036	9748.264	40315.92	893.9502	94.66192	682.9182	7.603466e+07	1.742223e+08	568.3274	1795.729	293.9502	37922.95	5783.562	-4.626335	1591.815	94.66192	682.9182	-4.626335	1591.815
31.32	7188.188	4098322	1539.701	27878.92	16513.12	48068.25	339812.5	932.0284	1490.036	10648.26	35107.92	993.9502	-5.338078	1082.918	7.773495e+07	2.182882e+08	668.3274	2195.729	393.9502	32214.95	6183.562	95.37366	891.8149	-5.338078	1082.918	95.37366	891.8149
31.6	7688.188	4338840	2439.701	31983.92	17613.12	52778.25	354008.5	1332.028	1390.036	8247.264	38712.92	1793.95	-5.338078	782.9182	7.118322e+07	1.842369e+08	1168.327	1395.729	493.9502	41828.95	3982.562	495.3737	1091.815	-5.338078	782.9182	495.3737	1091.815
31.89	8588.188	4447980	3540.701	32083.92	16513.12	55485.25	371155.5	1532.028	2090.036	8147.263	38912.92	1893.95	94.66192	682.9182	7.50264e+07	1.942518e+08	568.3274	2195.729	593.9502	62671.95	4182.562	195.3737	1091.815	94.66192	682.9182	195.3737	1091.815
32.17	9689.188	4582224	2940.701	26977.92	17913.12	64609.25	461650.5	1332.028	990.0356	9648.264	37210.92	2393.95	-5.338078	782.9182	7.30683e+07	1.82234e+08	568.3274	2595.729	893.9502	90657.95	6283.562	95.37366	1891.815	-5.338078	782.9182	95.37366	1891.815
32.46	9589.188		3440.701	25175.92	21216.12	75843.24	520800.5	2732.028	2090.036	9348.264	36208.92	3193.95	94.66192	782.9182	7.322665e+07	1.962548e+08	568.3274	1495.729	793.9502	103307	6983.562	95.37366	1291.815	94.66192	782.9182	95.37366	1291.815
32.75	11490.19		3740.701	20670.92	20315.12	73134.24	482949.5	1432.028	2390.036	8247.264	37210.92	3293.95	94.66192	482.9182	7.447918e+07	2.082729e+08	568.3274	1795.729	393.9502	101700	7283.562	-4.626335	1291.815	94.66192	482.9182	-4.626335	1291.815
33.03	10289.19	4344040	3040.701	20270.92	19014.12	57991.25	469801.5	1232.028	2290.036	8347.264	35207.92	2393.95	-5.338078	982.9182	8.671091e+07	1.902458e+08	1368.327	3095.729	493.9502	91761.95	10184.56	195.3737	1391.815	-5.338078	982.9182	195.3737	1391.815
33.32	8689.188	3745033	3740.701	28378.92	20115.12	55284.25	383439.5	1132.028	3290.036	7247.263	42718.92	2393.95	-5.338078	1082.918	9.981124e+07	3.004214e+08	768.3274	1995.729	393.9502	67384.95	10384.56	195.3737	1491.815	-5.338078	1082.918	195.3737	1491.815
33.6	8689.188	2959042	1539.701	28078.92	19815.12	43859.25	298587.5	2232.028	2890.036	13750.26	45924.92	1993.95	94.66192	1282.918	1.220101e+08	3.46502e+08	1668.327	2395.729	193.9502	69389.95	11985.56	295.3737	1791.815	94.66192	1282.918	295.3737	1791.815
33.89	5488.188	2245569	2239.701	44102.92	12610.12	35644.25	250358.5	2532.028	3591.036	12549.26	42518.92	1393.95	-5.338078	2282.918	1.197782e+08	2.863977e+08	1268.327	1995.729	593.9502	56757.95	11885.56	95.37366	1191.815	-5.338078	2282.918	95.37366	1191.815
34.18	3787.189	1862663	3740.701	58632.92	10809.12	28834.25	200710.5	1432.028	2990.036	14850.26	42618.92	1893.95	-5.338078	2482.918	1.252072e+08	3.364841e+08	2268.327	1295.729	293.9502	53450.95	10984.56	-4.626335	3691.815	-5.338078	2482.918	-4.626335	3691.815
34.46	4087.189	1417225	1139.701	75378.92	9309.117	21525.25	173203.5	2632.028	2490.036	15451.26	40715.92	1093.95	-5.338078	2082.918	1.277933e+08	3.545164e+08	3368.327	1995.729	193.9502	57960.95	13486.56	-4.626335	2691.815	-5.338078	2082.918	-4.626335	2691.815
34.75	2587.189	1143986	3940.701	93439.92	5408.118	19122.25	153071.5	2332.028	3491.036	19654.26	42117.92	593.9502	-5.338078	2782.918	1.225793e+08	3.525128e+08	4568.328	1695.729	193.9502	62371.95	11084.56	-4.626335	5192.815	-5.338078	2782.918	-4.626335	5192.815
35.03	2387.189	922661.6	3940.701	103881.9	5508.118	12717.25	127225.5	1232.028	2890.036	23457.26	51535.92	693.9502	-5.338078	3582.918	1.275302e+08	3.384877e+08	5369.328	1895.729	93.95018	74805.95	14086.56	95.37366	5792.815	-5.338078	3582.918	95.37366	5792.815
35.32	1787.189	833695.6	4540.701	136337.9	3907.117	14618.25	127124.5	2532.028	2890.036	29864.26	51034.92	1193.95	-5.338078	2882.918	1.331613e+08	3.244629e+08	4268.328	1895.729	193.9502	89754.95	11084.56	-4.626335	6192.815	-5.338078	2882.918	-4.626335	6192.815
35.61	2387.189	663058.6	2940.701	137946.9	3407.117	11316.25	112553.5	2032.028	2590.036	29463.26	54642.92	593.9502	-5.338078	3282.918	1.366028e+08	2.884011e+08	4068.327	2195.729	-6.049822	91159.95	12585.56	95.37366	5992.815	-5.338078	3282.918	95.37366	5992.815
35.89	787.1886	518261.6	2439.701	143377.9	3007.117	9214.246	97690.52	2732.028	3190.036	34270.26	58150.92	93.95018	-5.338078	3882.918	1.311419e+08	3.485056e+08	5669.328	2895.729	393.9502	100496	11885.56	-4.626335	4491.815	-5.338078	3882.918	-4.626335	4491.815
36.18	1187.189	364240.6	3040.701	155449.9	2507.117	8614.246	98192.52	2532.028	3290.036	39678.26	67974.92	593.9502	-5.338078	3482.918	1.400623e+08	4.166328e+08	5669.328	2595.729	193.9502	113250	12685.56	-4.626335	5692.815	-5.338078	3482.918	-4.626335	5692.815
36.46	987.1886	429683.6	2940.701	179511.9	2807.117	5212.246	94277.52	1932.028	4091.036	34971.26	73590.92	193.9502	-5.338078	3382.918	1.379804e+08	4.066135e+08	4668.328	3695.729	293.9502	112245	13686.56	-4.626335	6892.815	-5.338078	3382.918	-4.626335	6892.815
36.75	1387.189	354398.6	2139.701	188980.9	2007.117	3212.246	91265.52	1932.028	3591.036	36873.26	73690.92	293.9502	-5.338078	3582.918	1.439068e+08	3.505092e+08	3468.327	3595.729	393.9502	105818	11685.56	-4.626335	6692.815	-5.338078	3582.918	-4.626335	6692.815
37.04	1187.189	266494.6	3540.701	183036.9	2007.117	4112.246	84541.52	2732.028	3891.036	35672.26	79910.92	293.9502	-5.338078	2482.918	1.311273e+08	3.2847e+08	5269.328	3395.729	193.9502	94170.95	11585.56	-4.626335	6192.815	-5.338078	2482.918	-4.626335	6192.815
37.32	4187.188	218217.6	2339.701	166923.9	5708.118	3812.246	64580.53	3732.028	3491.036	39177.26	77703.92	293.9502	-5.338078	2582.918	1.332638e+08	3.585237e+08	3668.327	2595.729	493.9502	74704.95	9184.562	-4.626335	5292.815	-5.338078	2582.918	-4.626335	5292.815
37.61	4387.188	165401.6	3240.701	142170.9	14111.12	4512.246	54455.53	2232.028	3591.036	31266.26	68175.92	-6.049822	-5.338078	1482.918	1.402676e+08	3.545164e+08	1568.327	2695.729	193.9502	61769.95	9084.562	-4.626335	2491.815	-5.338078	1482.918	-4.626335	2491.815
37.9	6688.188	181718.6	2639.701	110108.9	23218.12	4212.246	43032.53	3032.028	3591.036	22556.26	60154.92	493.9502	-5.338078	1582.918	1.34845e+08	3.605274e+08	2868.327	3095.729	93.95018	46236.95	10584.56	-4.626335	3191.815	-5.338078	1582.918	-4.626335	3191.815
38.18	8588.188	114605.6	2839.701	86213.92	29725.12	-889.7544	31314.53	2832.028	3591.036	17752.26	51034.92	93.95018	-5.338078	1582.918	1.383468e+08	3.565201e+08	1868.327	2295.729	-6.049822	37822.95	13085.56	95.37366	2591.815	-5.338078	1582.918	95.37366	2591.815
38.47	14891.19	106668.6	3240.701	75779.92	38036.12	1511.246	26208.53	3132.028	2990.036	17552.26	51034.92	493.9502	-5.338078	1582.918	1.3672e+08	3.485056e+08	3168.327	1695.729	193.9502	38623.95	13586.56	-4.626335	1291.815	-5.338078	1582.918	-4.626335	1291.815
38.76	16392.19	103956.6	3040.701	63244.92	42243.12	1211.246	26909.53	2632.028	4391.036	13049.26	50433.92	293.9502	-5.338078	1082.918	1.376872e+08	3.745531e+08	3368.327	1895.729	93.95018	49241.95	17288.56	95.37366	1791.815	-5.338078	1082.918	95.37366	1791.815
39.04	20395.19	81367.64	3640.701	62843.92	42643.12	511.2456	21703.53	2132.028	4091.036	16051.26	43219.92	293.9502	-5.338078	1082.918	1.41045e+08	4.326641e+08	1468.327	2195.729	-6.049822	69088.95	17988.56	-4.626335	1891.815	-5.338078	1082.918	-4.626335	1891.815
39.33	16192.19	72136.64	3640.701	72369.92	37635.12	-288.7544	25107.53	2432.028	2390.036	21155.26	46525.92	193.9502	94.66192	2482.918	1.455515e+08	3.90583e+08	1968.327	1395.729	93.95018	72498.95	13986.56	-4.626335	2491.815	94.66192	2482.918	-4.626335	2491.815
39.61	11990.19	94115.64	3940.701	76280.92	29625.12	611.2456	21403.53	1832.028	3290.036	21355.26	37510.92	93.95018	-5.338078	1582.918	1.315515e+08	3.985982e+08	2668.327	1195.729	593.9502	75507.95	12385.56	-4.626335	2091.815	-5.338078	1582.918	-4.626335	2091.815
39.9	9989.188	58597.64	5140.701	79791.92	18514.12	311.2456	29211.53	2832.028	5891.036	26360.26	47828.92	93.95018	-5.338078	1182.918	1.307762e+08	3.565201e+08	2968.327	1695.729	93.95018	88750.95	14886.56	-4.626335	2891.815	-5.338078	1182.918	-4.626335	2891.815
40.18	6688.188	49676.64	4640.701	67254.92	15412.12	1611.246	32416.53	3532.028	3791.036	26660.26	45924.92	193.9502	94.66192	1382.918	1.348011e+08	4.026059e+08	3068.327	1395.729	93.95018	112547	14086.56	-4.626335	3291.815	94.66192	1382.918	-4.626335	3291.815
40.47	7088.188	49175.64	3440.701	56427.92	12710.12	-1089.754	38925.53	2432.028	5091.036	34870.26	50433.92	93.95018	-5.338078	2082.918	1.354455e+08	3.565201e+08	2268.327	1995.729	193.9502	142298	13386.56	-4.626335	4891.815	-5.338078	2082.918	-4.626335	4891.815
40.76	5588.188	76751.64	3840.701	55926.92	9609.117	-588.7544	39226.53	1832.028	5091.036	35171.26	45824.92	-6.049822	-5.338078	3082.918	1.328539e+08	3.204559e+08	3768.327	2195.729	193.9502	221874	13986.56	-4.626335	6392.815	-5.338078	3082.918	-4.626335	6392.815
41.04	6088.188	49275.64	3140.701	56327.92	9109.117	-288.7544	45637.53	2032.028	2990.036	39477.26	56746.92	293.9502	-5.338078	4082.918	1.053803e+08	3.424948e+08	3468.327	2395.729	193.9502	301500.9	13986.56	-4.626335	6492.815	-5.338078	4082.918	-4.626335	6492.815
41.33	6288.188	46870.64	2940.701	48109.92	9409.117	611.2456	43032.53	2032.028	4491.036	44486.26	53539.92	893.9502	-5.338078	3982.918	1.366028e+08	3.364841e+08	3868.327	1895.729	-6.049822	334415.9	10584.56	-4.626335	7292.815	-5.338078	3982.918	-4.626335	7292.815
41.61	7088.188	45667.64	2339.701	45003.92	9209.117	1611.246	46739.53	2632.028	4391.036	41480.26	54241.92	893.9502	-5.338078	4382.918	1.40561e+08	3.765569e+08	2968.327	1495.729	593.9502	415111.9	11885.56	-4.626335	7092.815	-5.338078	4382.918	-4.626335	7092.815
41.9	6888.188	39555.64	2940.701	44803.92	7008.118	911.2456	42331.53	2132.028	4691.036	40379.26	48830.92	1393.95	-5.338078	3282.918	1.384201e+08	3.745531e+08	3568.327	2295.729	193.9502	447666.9	12285.56	-4.626335	5892.815	-5.338078	3282.918	-4.626335	5892.815
42.18	8588.188	40256.64	3240.701	54422.92	6708.118	2811.246	50547.53	2132.028	3290.036	44686.26	51435.92	893.9502	-5.338078	4182.918	1.355188e+08	3.665384e+08	3068.327	2995.729	93.95018	416941.9	11785.56	295.3737	7192.815	-5.338078	4182.918	295.3737	7192.815
42.47	10389.19	34546.64	4540.701	64547.92	6108.118	3012.246	47140.53	3532.028	3591.036	48092.26	52537.92	1493.95	-5.338078	3282.918	1.301911e+08	3.585237e+08	4668.328	2395.729	93.95018	422941.9	10884.56	-4.626335	5492.815	-5.338078	3282.918	-4.626335	5492.815
42.76	17593.19	36750.64	4040.701	69962.92	7708.118	911.2456	44034.53	2832.028	2890.036	45888.26	53740.92	1893.95	94.66192	3682.918	1.369545e+08	3.705457e+08	3668.327	2595.729	93.95018	372853.9	11485.56	-4.626335	5392.815	94.66192	3682.918	-4.626335	5392.815
43.04	26301.19	31642.64	3040.701	65449.92	9009.117	911.2456	43734.53	2232.028	3691.036	35271.26	48629.92	1693.95	-5.338078	3782.918	1.235718e+08	3.244629e+08	3368.327	2095.729	193.9502	301601.9	12385.56	-4.626335	3591.815	-5.338078	3782.918	-4.626335	3591.815
43.33	28603.19	40958.64	3940.701	62542.92	11810.12	1511.246	41229.53	2032.028	3390.036	37174.26	53138.92	1393.95	-5.338078	2082.918	1.252072e+08	3.565201e+08	3468.327	2995.729	-6.049822	241858	9384.562	-4.626335	5492.815	-5.338078	2082.918	-4.626335	5492.815
43.61	25400.19	38453.64	2339.701	61639.92	12810.12	1411.246	44134.53	2732.028	5991.036	35271.26	54642.92	1193.95	-5.338078	3182.918	1.325612e+08	3.424948e+08	4268.328	1595.729	293.9502	192230	10984.56	195.3737	3891.815	-5.338078	3182.918	195.3737	3891.815
43.9	25300.19	41058.64	1739.701	56928.92	13811.12	1311.246	44134.53	2432.028	3691.036	30164.26	48729.92	593.9502	-5.338078	4382.918	1.34069e+08	3.384877e+08	3868.327	2095.729	93.95018	164936	9284.562	-4.626335	4391.815	-5.338078	4382.918	-4.626335	4391.815
44.19	25900.19	32744.64	3040.701	55625.92	19615.12	3212.246	49445.53	2832.028	3791.036	32667.26	55544.92	1193.95	-5.338078	3582.918	1.432462e+08	3.545164e+08	4368.328	1395.729	293.9502	153765	12185.56	-4.626335	2891.815	-5.338078	3582.918	-4.626335	2891.815
44.47	29805.19	28638.64	2839.701	53821.92	28824.12	811.2456	44735.53	3032.028	3591.036	28462.26	53339.92	493.9502	-5.338078	4182.918	1.391864e+08	3.805643e+08	4468.328	2495.729	93.95018	126413	10684.56	-4.626335	4291.815	-5.338078	4182.918	-4.626335	4291.815
44.76	35813.19	29238.64	4040.701	62742.92	59378.12	1111.246	51449.53	2332.028	3390.036	28963.26	58751.92	993.9502	-5.338078	4582.918	1.390652e+08	3.645347e+08	3968.327	1095.729	93.95018	112346	12985.56	-4.626335	3191.815	-5.338078	4582.918	-4.626335	3191.815
45.04	39418.19	30140.64	3140.701	61940.92	91073.12	-88.75439	39426.53	1932.028	4191.036	28262.26	58851.92	1393.95	-5.338078	3982.918	1.242726e+08	3.545164e+08	5069.328	2395.729	393.9502	89754.95	11685.56	-4.626335	3691.815	-5.338078	3982.918	-4.626335	3691.815
45.33	43224.19	27135.64	4740.701	62441.92	119191.1	-1289.754	38324.53	2232.028	2790.036	25359.26	65468.92	1293.95	94.66192	2982.918	1.313467e+08	3.585237e+08	4768.328	1895.729	93.95018	90456.95	11885.56	-4.626335	2191.815	94.66192	2982.918	-4.626335	2191.815
45.62	56952.19	26835.64	1639.701	73372.92	157502.1	1611.246	40328.53	2732.028	3891.036	29063.26	70180.92	1093.95	-5.338078	2982.918	1.315662e+08	3.505092e+08	4768.328	2195.729	793.9502	86944.95	9384.562	-4.626335	3191.815	-5.338078	2982.918	-4.626335	3191.815
45.9	62665.19	25133.64	3540.701	64547.92	190833.1	1211.246	34418.53	2832.028	3090.036	21355.26	73590.92	1793.95	-5.338078	2182.918	1.3609e+08	3.164489e+08	4068.327	2695.729	193.9502	73100.95	10184.56	-4.626335	4491.815	-5.338078	2182.918	-4.626335	4491.815
46.19	87139.19	30540.64	2739.701	61339.92	366170.1	311.2456	34619.53	2632.028	3390.036	21155.26	73490.92	2893.95	-5.338078	2082.918	1.3609e+08	3.46502e+08	3268.327	3195.729	-6.049822	75707.95	12985.56	-4.626335	3991.815	-5.338078	2082.918	-4.626335	3991.815
46.48	113143.2	25934.64	5240.701	62642.92	594392.1	511.2456	33617.53	3732.028	3390.036	23757.26	99580.92	2293.95	-5.338078	2482.918	1.173116e+08	3.845718e+08	3768.327	3695.729	193.9502	90356.95	14886.56	-4.626335	5792.815	-5.338078	2482.918	-4.626335	5792.815
46.76	133241.2	25633.64	2139.701	64848.92	718899.1	-288.7544	27910.53	2332.028	2790.036	22256.26	92553.92	3893.95	-5.338078	1882.918	1.447731e+08	3.845718e+08	2468.327	3495.729	493.9502	116766	10384.56	95.37366	4491.815	-5.338078	1882.918	95.37366	4491.815
47.05	124396.2	25333.64	3840.701	63244.92	691133.1	711.2456	27910.53	2332.028	4291.036	24058.26	86933.92	3193.95	-5.338078	1882.918	1.420427e+08	3.12442e+08	4268.328	3695.729	93.95018	78416.95	11084.56	-4.626335	5692.815	-5.338078	1882.918	-4.626335	5692.815
47.33	122084.2	27937.64	4440.701	69561.92	635792.1	411.2456	25907.53	4032.028	3090.036	30264.26	85127.92	3093.95	-5.338078	1582.918	1.458746e+08	3.344805e+08	2668.327	2695.729	93.95018	80422.95	11385.56	-4.626335	6292.815	-5.338078	1582.918	-4.626335	6292.815
47.62	123592.2	26535.64	1739.701	78387.92	595723.1	-689.7544	30413.53	2732.028	4091.036	32868.26	76499.92	2593.95	-5.338078	2482.918	1.327954e+08	3.645347e+08	3568.327	2295.729	-6.049822	74805.95	12885.56	-4.626335	4991.815	-5.338078	2482.918	-4.626335	4991.815
47.91	100087.2	25934.64	2139.701	78487.92	516183.1	211.2456	30112.53	2932.028	3791.036	44486.26	77301.92	2393.95	-5.338078	2982.918	1.307469e+08	3.565201e+08	3468.327	4095.729	193.9502	77312.95	10984.56	-4.626335	6092.815	-5.338078	2982.918	-4.626335	6092.815
48.19	105811.2	29739.64	3140.701	80895.92	494655.1	511.2456	26808.53	2732.028	3591.036	42482.26	85829.92	2093.95	-5.338078	1982.918	1.357531e+08	3.90583e+08	3868.327	2695.729	493.9502	76309.95	10884.56	-4.626335	5692.815	-5.338078	1982.918	-4.626335	5692.815
48.48	119472.2	33445.64	3840.701	80092.92	445747.1	111.2456	28410.53	2432.028	2490.036	39477.26	89442.92	2193.95	-5.338078	2282.918	1.330442e+08	3.605274e+08	4468.328	3095.729	393.9502	71194.95	14386.56	-4.626335	7192.815	-5.338078	2282.918	-4.626335	7192.815
48.77	109125.2	23831.64	2739.701	63745.92	415432.1	-88.75439	28010.53	2732.028	3591.036	37374.26	94561.92	4193.95	-5.338078	2182.918	1.36808e+08	3.344805e+08	3268.327	2195.729	393.9502	107625	13386.56	-4.626335	6592.815	-5.338078	2182.918	-4.626335	6592.815
49.05	137263.2	39856.64	2940.701	61138.92	428652.1	-689.7544	26608.53	2732.028	4091.036	29463.26	98074.92	8494.95	-5.338078	2582.918	1.338494e+08	4.00602e+08	4368.328	3495.729	193.9502	268123.9	12785.56	-4.626335	8592.815	-5.338078	2582.918	-4.626335	8592.815
49.34	151545.2	40958.64	1939.701	55024.92	371955.1	811.2456	24906.53	3032.028	3791.036	23557.26	101186.9	20802.95	-5.338078	2082.918	1.384348e+08	3.645347e+08	3268.327	3795.729	593.9502	583627.9	12085.56	-4.626335	11794.82	-5.338078	2082.918	-4.626335	11794.82
49.62	152048.2	46870.64	3340.701	43100.92	316904.1	2611.246	22604.53	3632.028	4091.036	20054.26	109923.9	26907.95	-5.338078	1382.918	1.422041e+08	3.925868e+08	4268.328	4795.729	1793.95	919394.9	13286.56	-4.626335	11594.82	-5.338078	1382.918	-4.626335	11594.82
49.91	160400.2	66218.64	3240.701	34987.92	240156.1	911.2456	25407.53	3532.028	4091.036	17252.26	107111.9	37121.95	-5.338078	1582.918	1.382882e+08	3.765569e+08	2568.327	3595.729	1693.95	1343236	10084.56	95.37366	13595.82	-5.338078	1582.918	95.37366	13595.82
50.19	158991.2	105965.6	2339.701	29880.92	202323.1	3612.246	23205.53	2832.028	4491.036	13450.26	113238.9	35518.95	-5.338078	882.9182	1.374088e+08	3.885793e+08	3468.327	3695.729	2393.95	1550000	12785.56	-4.626335	15296.82	-5.338078	882.9182	-4.626335	15296.82
50.48	154664.2	125661.6	3940.701	28779.92	171695.1	4012.246	24005.53	2732.028	2790.036	12449.26	112635.9	38823.95	-5.338078	682.9182	1.377165e+08	3.485056e+08	4368.328	4295.729	2093.95	1681290	11785.56	95.37366	15396.82	-5.338078	682.9182	95.37366	15396.82
50.77	147219.2	101646.6	1339.701	29580.92	164749.1	4012.246	26008.53	2232.028	2890.036	14650.26	105906.9	35518.95	-5.338078	982.9182	1.294891e+08	3.62531e+08	3968.327	4495.729	2093.95	1886591	10584.56	95.37366	13795.82	-5.338078	982.9182	95.37366	13795.82
51.05	157079.2	122243.6	3740.701	26977.92	155892.1	3812.246	28711.53	2632.028	2890.036	14750.26	119768.9	39725.95	-5.338078	582.9182	1.397983e+08	3.424948e+08	3368.327	6096.729	1693.95	1899193	13786.56	-4.626335	13795.82	-5.338078	582.9182	-4.626335	13795.82
51.34	138369.2	92408.64	2839.701	29179.92	164346.1	3912.246	23705.53	2132.028	4591.036	12349.26	109923.9	37922.95	-5.338078	682.9182	1.360754e+08	3.725494e+08	4268.328	3795.729	1193.95	1736692	12085.56	-4.626335	14695.82	-5.338078	682.9182	-4.626335	14695.82
51.62	152249.2	73741.64	2239.701	48510.92	231979.1	5412.246	19902.53	2232.028	3591.036	13149.26	118864.9	37521.95	-5.338078	1082.918	1.480934e+08	4.34668e+08	5169.328	5496.729	2393.95	1444769	12785.56	95.37366	14095.82	-5.338078	1082.918	95.37366	14095.82
51.91	133442.2	63109.64	4240.701	65650.92	319942.1	3112.246	16299.53	2232.028	3691.036	12149.26	120874.9	28409.95	-5.338078	1182.918	1.350354e+08	3.304735e+08	3868.327	4095.729	1693.95	1084414	15487.56	-4.626335	13695.82	-5.338078	1182.918	-4.626335	13695.82
52.19	121481.2	43663.64	3040.701	83403.92	328958.1	4412.246	16799.53	2632.028	2790.036	12849.26	112836.9	23204.95	-5.338078	1682.918	1.348304e+08	3.32477e+08	3768.327	4195.729	1693.95	976915.9	12585.56	-4.626335	14795.82	-5.338078	1682.918	-4.626335	14795.82
52.48	130929.2	33745.64	3440.701	99161.92	382106.1	3012.246	16499.53	2732.028	2790.036	16351.26	127808.9	19100.95	-5.338078	1682.918	1.385374e+08	4.026059e+08	3868.327	5096.729	893.9502	944504.9	11785.56	95.37366	16797.81	-5.338078	1682.918	95.37366	16797.81
52.77	117462.2	61004.64	3240.701	93138.92	346898.1	911.2456	14898.53	3132.028	2590.036	15551.26	112937.9	16799.95	-5.338078	1482.918	1.324734e+08	3.505092e+08	2368.327	4795.729	1293.95	859105.9	10984.56	-4.626335	11994.82	-5.338078	1482.918	-4.626335	11994.82
53.05	115353.2	29639.64	3140.701	112016.9	356938.1	3112.246	17399.53	2032.028	4091.036	24058.26	118161.9	14897.95	-5.338078	2082.918	1.344497e+08	3.384877e+08	3068.327	5496.729	393.9502	719500.9	13085.56	-4.626335	13295.82	-5.338078	2082.918	-4.626335	13295.82
53.34	103501.2	27035.64	4240.701	101270.9	338788.1	-388.7544	20402.53	2032.028	2190.036	28863.26	99680.92	10595.95	-5.338078	1682.918	1.281441e+08	3.505092e+08	3268.327	2595.729	1093.95	599086.9	9784.562	95.37366	8893.815	-5.338078	1682.918	95.37366	8893.815
53.63	88544.19	23431.64	2739.701	94343.92	353997.1	2411.246	16899.53	932.0284	2690.036	29764.26	93858.92	11196.95	-5.338078	1882.918	1.331174e+08	3.62531e+08	2068.327	3495.729	793.9502	490253.9	11685.56	-4.626335	8793.815	-5.338078	1882.918	-4.626335	8793.815
53.91	118266.2	19927.64	1839.701	93138.92	470495.1	511.2456	19501.53	3032.028	2590.036	30064.26	97371.92	7994.95	-5.338078	1982.918	1.390065e+08	3.945906e+08	2168.327	3695.729	693.9502	387371.9	12285.56	95.37366	7292.815	-5.338078	1982.918	95.37366	7292.815
54.2	114047.2	21829.64	2339.701	88220.92	563693.1	-388.7544	21703.53	3232.028	4691.036	32167.26	95464.92	8394.95	-5.338078	2182.918	1.37951e+08	3.68542e+08	2168.327	3495.729	393.9502	325498.9	13185.56	95.37366	8993.815	-5.338078	2182.918	95.37366	8993.815
54.48	126506.2	20027.64	4040.701	83203.92	635485.1	-789.7544	24406.53	2332.028	4291.036	27962.26	98576.92	7394.95	-5.338078	1682.918	1.4492e+08	3.505092e+08	3268.327	5996.729	393.9502	263272.9	15387.56	-4.626335	6992.815	-5.338078	1682.918	-4.626335	6992.815
54.77	135755.2	17625.64	2839.701	84206.92	693805.1	511.2456	17500.53	2432.028	3891.036	29463.26	98978.92	5194.95	-5.338078	1382.918	1.406196e+08	4.486958e+08	1668.327	3595.729	493.9502	214813	11485.56	-4.626335	5692.815	-5.338078	1382.918	-4.626335	5692.815
55.06	145107.2	15122.64	3740.701	76080.92	727235.1	511.2456	17800.53	2732.028	2590.036	23157.26	100082.9	5394.95	-5.338078	982.9182	1.31493e+08	3.68542e+08	1468.327	4295.729	93.95018	177321	11385.56	-4.626335	5792.815	-5.338078	982.9182	-4.626335	5792.815
55.34	146917.2	64313.64	2839.701	77283.92	790926.1	1411.246	18400.53	3132.028	3491.036	26360.26	99982.92	4693.95	-5.338078	1482.918	1.325173e+08	3.82568e+08	1868.327	4195.729	293.9502	145617	9184.562	-4.626335	5992.815	-5.338078	1482.918	-4.626335	5992.815
55.63	139375.2	14522.64	1939.701	63544.92	822729.1	-588.7544	18700.53	2132.028	4091.036	22957.26	106006.9	6794.95	-5.338078	1882.918	1.43804e+08	3.925868e+08	2068.327	3695.729	193.9502	130534	13886.56	-4.626335	4891.815	-5.338078	1882.918	-4.626335	4891.815
55.91	144403.2	15823.64	2439.701	73472.92	819319.1	811.2456	14698.53	3532.028	3591.036	22056.26	97572.92	5694.95	-5.338078	1282.918	1.350061e+08	3.12442e+08	1168.327	4095.729	193.9502	111241	11485.56	-4.626335	5492.815	-5.338078	1282.918	-4.626335	5492.815
56.2	122888.2	14522.64	2039.701	58231.92	644922.1	111.2456	15798.53	2432.028	4991.036	19654.26	87033.92	6694.95	94.66192	1182.918	1.35548e+08	3.82568e+08	1868.327	3895.729	893.9502	107223	12185.56	-4.626335	3791.815	94.66192	1182.918	-4.626335	3791.815
56.49	121481.2	24732.64	1939.701	53420.92	587738.1	1611.246	19401.53	2232.028	3791.036	18153.26	96769.92	9195.95	-5.338078	1082.918	1.362072e+08	3.765569e+08	1768.327	3595.729	3693.95	133349	12285.56	95.37366	4091.815	-5.338078	1082.918	95.37366	4091.815
56.77	102296.2	40757.64	2639.701	49412.92	492717.1	1311.246	14898.53	1832.028	3390.036	14050.26	85026.92	8394.95	-5.338078	782.9182	1.373062e+08	3.485056e+08	1368.327	4095.729	7394.95	151049	9984.562	-4.626335	3591.815	-5.338078	782.9182	-4.626335	3591.815
57.06	99886.19	25734.64	2339.701	41697.92	412890.1	2311.246	14497.53	1432.028	3691.036	13950.26	83421.92	10595.95	-5.338078	882.9182	1.341275e+08	3.204559e+08	768.3274	3295.729	10895.95	163829	11084.56	-4.626335	4291.815	-5.338078	882.9182	-4.626335	4291.815
57.35	95369.19	68826.64	3540.701	36890.92	358663.1	3312.246	15998.53	2132.028	3190.036	11749.26	79007.92	10495.95	-5.338078	782.9182	1.377312e+08	2.743777e+08	1768.327	3795.729	4493.95	145114	11885.56	-4.626335	2891.815	-5.338078	782.9182	-4.626335	2891.815
57.63	85031.19	24532.64	2539.701	32684.92	310930.1	7113.246	12596.53	2032.028	3390.036	9948.264	69178.92	8394.95	-5.338078	582.9182	1.141535e+08	3.12442e+08	1468.327	2695.729	1893.95	117369	10484.56	-4.626335	2791.815	-5.338078	582.9182	-4.626335	2791.815
57.92	76705.19	27035.64	2940.701	29480.92	263489.1	1411.246	13097.53	1232.028	3390.036	7647.263	67774.92	11196.95	-5.338078	582.9182	1.229587e+08	3.364841e+08	1968.327	2295.729	1993.95	159300	7383.562	-4.626335	2091.815	-5.338078	582.9182	-4.626335	2091.815
58.2	81018.19	37251.64	2239.701	25075.92	235815.1	5713.246	16098.53	1832.028	1290.036	7147.263	69478.92	11496.95	-5.338078	382.9182	1.175185e+08	3.184524e+08	1768.327	2795.729	1493.95	166245	6283.562	95.37366	3791.815	-5.338078	382.9182	95.37366	3791.815
58.49	85031.19	54487.64	1639.701	29880.92	227539.1	4812.246	20302.53	2832.028	2890.036	6347.263	70080.92	16398.95	-5.338078	782.9182	1.128724e+08	3.044282e+08	2168.327	1395.729	3593.95	156784	5383.562	195.3737	4391.815	-5.338078	782.9182	195.3737	4391.815
58.78	69383.19	92809.64	2139.701	27477.92	208272.1	6913.246	31214.53	2832.028	2390.036	7547.263	59653.92	18700.95	-5.338078	582.9182	1.139497e+08	3.424948e+08	2368.327	2495.729	1293.95	265091.9	2982.562	-4.626335	3191.815	-5.338078	582.9182	-4.626335	3191.815
59.06	77507.19	85883.64	2639.701	23974.92	235209.1	4612.246	38825.53	1832.028	2890.036	4646.263	69880.92	25506.95	-5.338078	382.9182	1.159157e+08	2.863977e+08	1468.327	2995.729	1593.95	429145.9	2682.562	95.37366	5892.815	-5.338078	382.9182	95.37366	5892.815
59.35	88644.19	62909.64	839.7012	23373.92	239449.1	7513.246	37924.53	2432.028	2190.036	6947.263	68676.92	33315.95	-5.338078	382.9182	1.127996e+08	2.663645e+08	2468.327	2695.729	2493.95	554679.9	3682.562	95.37366	5292.815	-5.338078	382.9182	95.37366	5292.815
59.63	78109.19	53284.64	4340.701	22272.92	226731.1	5513.246	34519.53	1932.028	3491.036	6047.263	68877.92	30211.95	94.66192	782.9182	1.128579e+08	3.084351e+08	1568.327	1995.729	3993.95	502595.9	1782.562	-4.626335	3691.815	94.66192	782.9182	-4.626335	3691.815
59.92	68581.19	72036.64	1239.701	20771.92	188516.1	3712.246	30112.53	2232.028	3491.036	5047.263	63162.92	28109.95	-5.338078	282.9182	1.006089e+08	3.184524e+08	1868.327	2195.729	3393.95	427721.9	1682.562	-4.626335	3891.815	-5.338078	282.9182	-4.626335	3891.815
60.21	64470.19	192098.6	4440.701	18669.92	158710.1	5012.246	31014.53	1932.028	2590.036	4946.263	55343.92	28409.95	-5.338078	582.9182	1.004349e+08	2.803876e+08	1168.327	3295.729	3293.95	493925.9	1282.562	-4.626335	3891.815	-5.338078	582.9182	-4.626335	3891.815
60.49	57253.19	560774.6	1239.701	13465.92	142613.1	9815.246	50948.53	2432.028	2090.036	6147.263	52036.92	27108.95	-5.338078	382.9182	8.805492e+07	2.483354e+08	1268.327	2395.729	3093.95	453571.9	982.5623	-4.626335	3691.815	-5.338078	382.9182	-4.626335	3691.815
60.79	49736.19	678159.6	3740.701	14866.92	124617.1	10315.25	56159.53	1732.028	1790.036	3846.263	49832.92	27508.95	-5.338078	282.9182	8.653753e+07	1.962548e+08	1068.327	3295.729	2693.95	373824.9	3082.562	95.37366	4391.815	-5.338078	282.9182	95.37366	4391.815
61.07	50538.19	1104562	2739.701	11564.92	104124.1	15119.25	58966.53	1132.028	2190.036	3946.263	53740.92	29410.95	194.6619	-17.08185	1.103553e+08	3.024248e+08	1568.327	2995.729	4693.95	1298882	4382.562	195.3737	6492.815	194.6619	-17.08185	195.3737	6492.815
61.36	58556.19	974173.6	2539.701	10264.92	108141.1	10115.25	58365.53	1432.028	3390.036	3846.263	67774.92	29711.95	-5.338078	82.91815	1.199969e+08	3.384877e+08	1168.327	3095.729	4693.95	1544154	8784.562	95.37366	5992.815	-5.338078	82.91815	95.37366	5992.815
61.65	46831.19	972510.6	3040.701	10764.92	79534.12	10215.25	47641.53	2432.028	2890.036	4246.263	65167.92	24005.95	-5.338078	-17.08185	1.242726e+08	2.98418e+08	1968.327	2995.729	5794.95	1846884	8183.562	-4.626335	6592.815	-5.338078	-17.08185	-4.626335	6592.815
61.93	48935.19	941966.6	3240.701	8963.922	69103.12	11116.25	44235.53	1932.028	2590.036	3246.263	65067.92	21102.95	194.6619	282.9182	1.095263e+08	2.843943e+08	1868.327	2195.729	6394.95	1629845	7283.562	-4.626335	5192.815	194.6619	282.9182	-4.626335	5192.815
62.22	36414.19	1290712	3140.701	7262.922	46751.12	6213.246	36522.53	2132.028	2390.036	3146.263	53940.92	18200.95	94.66192	282.9182	9.284254e+07	2.703711e+08	1268.327	2695.729	6094.95	1389885	4282.562	95.37366	3691.815	94.66192	282.9182	95.37366	3691.815
62.5	31707.19	2237052	2539.701	5662.922	39338.12	6813.246	32215.53	1432.028	1590.036	3346.263	43520.92	13397.95	-5.338078	-17.08185	8.178722e+07	2.283037e+08	1268.327	1595.729	4493.95	1132999	4082.562	-4.626335	4491.815	-5.338078	-17.08185	-4.626335	4491.815
62.79	22297.19	2944122	2639.701	3161.922	34631.12	6413.246	34919.53	732.0284	2890.036	3646.263	32403.92	12996.95	-5.338078	82.91815	5.927702e+07	1.50188e+08	1468.327	1695.729	3893.95	807321.9	2882.562	95.37366	2591.815	-5.338078	82.91815	95.37366	2591.815
63.08	18494.19	3847274	2539.701	4062.922	30526.12	4612.246	37423.53	1132.028	90.03564	3446.263	22592.92	9695.95	94.66192	-17.08185	4.941178e+07	1.258003e+08	568.3274	1195.729	6694.95	629623.9	2482.562	395.3737	2091.815	94.66192	-17.08185	395.3737	2091.815
63.36	15792.19	4883900	2039.701	3961.922	22417.12	17120.25	94879.52	1132.028	1190.036	3646.263	19790.92	6394.95	-5.338078	82.91815	3.665203e+07	1.02678e+08	568.3274	1195.729	3893.95	474147.9	2982.562	-4.626335	1091.815	-5.338078	82.91815	-4.626335	1091.815
63.65	12690.19		39.70117	2561.922	19014.12	44661.25	182369.5	732.0284	290.0356	4546.263	19189.92	6094.95	-5.338078	-17.08185	3.102894e+07	9.243609e+07	1068.327	295.7295	2393.95	430569.9	4182.562	-4.626335	1091.815	-5.338078	-17.08185	-4.626335	1091.815
63.93	12090.19		1339.701	3961.922	18214.12	61801.25	267435.5	632.0284	990.0356	5447.263	22492.92	5994.95	94.66192	182.9182	4.26551e+07	1.221494e+08	568.3274	995.7296	1093.95	743075.9	6583.562	-4.626335	1891.815	94.66192	182.9182	-4.626335	1891.815
64.22	12090.19		1839.701	3561.922	14711.12	62804.25	298385.5	532.0284	1890.036	5547.263	29900.92	6694.95	94.66192	282.9182	5.386134e+07	1.367408e+08	668.3274	1695.729	1793.95	915453.9	8684.562	-4.626335	1891.815	94.66192	282.9182	-4.626335	1891.815
64.51	11690.19		2239.701	4362.922	13110.12	55685.25	228549.5	432.0284	990.0356	4646.263	35407.92	7394.95	-5.338078	-17.08185	5.91193e+07	1.782281e+08	368.3274	1595.729	1493.95	1283202	7983.562	-4.626335	2991.815	-5.338078	-17.08185	-4.626335	2991.815
64.79	12290.19		839.7012	3261.922	10209.12	40352.25	166457.5	1132.028	2490.036	4346.263	38111.92	6494.95	-5.338078	282.9182	6.218885e+07	1.261548e+08	868.3274	1995.729	1393.95	1268374	6883.562	-4.626335	2091.815	-5.338078	282.9182	-4.626335	2091.815
65.08	12290.19		239.7012	5462.922	9709.117	33340.25	122300.5	1532.028	990.0356	2946.263	34005.92	6894.95	94.66192	82.91815	5.515004e+07	1.561964e+08	668.3274	1795.729	893.9502	1199076	4282.562	195.3737	3391.815	94.66192	82.91815	195.3737	3391.815
65.36	12490.19		2339.701	4562.922	9009.117	26130.25	103012.5	832.0284	1890.036	3446.263	29900.92	7394.95	-5.338078	-17.08185	4.92116e+07	1.384178e+08	1168.327	1795.729	11796.95	1039464	11385.56	195.3737	1991.815	-5.338078	-17.08185	195.3737	1991.815
65.65	12190.19		39.70117	3261.922	10509.12	18622.25	114864.5	-167.9716	1890.036	5347.263	26496.92	9595.95	94.66192	82.91815	4.057212e+07	1.117513e+08	768.3274	1095.729	17599.95	801127.9	13886.56	195.3737	2291.815	94.66192	82.91815	195.3737	2291.815
65.94	8288.188		2039.701	3261.922	8809.117	24328.25	94277.52	1132.028	1590.036	4446.263	25095.92	8995.95	1094.662	282.9182	4.641039e+07	1.243343e+08	968.3274	1895.729	21602.95	831081.9	18589.56	295.3737	2591.815	1094.662	282.9182	295.3737	2591.815
66.22	6888.188		2339.701	5462.922	15412.12	31838.25	84742.52	732.0284	1590.036	4846.263	23693.92	10195.95	1694.662	282.9182	5.016967e+07	1.762252e+08	468.3274	895.7296	29010.95	978578.9	17688.56	195.3737	1991.815	1694.662	282.9182	195.3737	1991.815
66.51	10789.19		2439.701	3961.922	8909.117	24228.25	81832.52	2532.028	2190.036	4546.263	34806.92	8995.95	494.6619	182.9182	7.289558e+07	1.722194e+08	1068.327	1695.729	22903.95	1538203	16688.56	1595.374	4291.815	494.6619	182.9182	1595.374	4291.815
66.79	15592.19	4710900	2439.701	6562.922	12110.12	17721.25	65884.52	2132.028	2490.036	3546.263	43820.92	14897.95	594.6619	282.9182	9.054194e+07	2.283037e+08	1868.327	1795.729	32214.95	1966511	15987.56	95.37366	4691.815	594.6619	282.9182	95.37366	4691.815
67.08	20796.19	3498162	2940.701	5862.922	9509.117	12617.25	61071.53	2332.028	2390.036	3846.263	52337.92	10695.95	394.6619	182.9182	1.05152e+08	2.503386e+08	2268.327	2695.729	9895.95	2295998	14286.56	-4.626335	5592.815	394.6619	182.9182	-4.626335	5592.815
67.37	23698.19	2738010	2539.701	5362.922	10509.12	9214.246	41630.53	1632.028	3491.036	3646.263	60956.92	9395.95	94.66192	382.9182	1.102971e+08	2.964146e+08	2068.327	2095.729	4293.95	2322266	12985.56	95.37366	3991.815	94.66192	382.9182	95.37366	3991.815
67.65	26401.19	2155081	2839.701	7062.922	7308.118	8114.246	43233.53	2332.028	2590.036	4446.263	60656.92	10995.95	294.6619	482.9182	1.110244e+08	2.82391e+08	1568.327	2495.729	4593.95	2473490	10684.56	-4.626335	6092.815	294.6619	482.9182	-4.626335	6092.815
67.94	28904.19	1569994	1739.701	4662.922	7308.118	7013.246	28210.53	3132.028	3090.036	3946.263	61959.92	11095.95	94.66192	382.9182	1.134547e+08	2.743777e+08	1568.327	3695.729	5994.95	2533805	11084.56	-4.626335	5792.815	94.66192	382.9182	-4.626335	5792.815
68.22	30305.19	1344554	1839.701	6162.922	7508.118	7413.246	26508.53	2632.028	4191.036	2546.263	61959.92	8294.95	294.6619	282.9182	1.164693e+08	3.144455e+08	1068.327	2495.729	993.9502	2579547	12685.56	195.3737	7192.815	294.6619	282.9182	195.3737	7192.815
68.51	36013.19	1097770	1439.701	7262.922	6708.118	4212.246	29211.53	2732.028	2990.036	3346.263	66069.92	13597.95	694.6619	282.9182	1.161925e+08	3.765569e+08	768.3274	2895.729	1693.95	2541202	13886.56	-4.626335	7592.815	694.6619	282.9182	-4.626335	7592.815
68.8	29605.19	936775.6	1239.701	5862.922	9209.117	5412.246	23105.53	1632.028	3591.036	3046.263	66370.92	12496.95	-5.338078	182.9182	1.185097e+08	3.204559e+08	1568.327	2095.729	1893.95	2701805	17388.56	-4.626335	7892.815	-5.338078	182.9182	-4.626335	7892.815
69.08	39418.19	929302.6	39.70117	7162.922	11510.12	3812.246	18801.53	2132.028	1890.036	2246.263	66370.92	15298.95	-5.338078	282.9182	1.245793e+08	3.525128e+08	1668.327	2395.729	1893.95	2707472	11785.56	-4.626335	7192.815	-5.338078	282.9182	-4.626335	7192.815
69.37	40420.19	663674.6	939.7012	5862.922	13311.12	3512.246	19501.53	1932.028	2690.036	2346.263	63663.92	17199.95	94.66192	-17.08185	1.207554e+08	3.164489e+08	2868.327	3295.729	2293.95	2511515	9184.562	-4.626335	7292.815	94.66192	-17.08185	-4.626335	7292.815
69.66	44426.19	629498.6	3340.701	5962.922	13511.12	8214.246	15498.53	1832.028	3290.036	2946.263	68877.92	24505.95	-5.338078	182.9182	1.29109e+08	2.904044e+08	1168.327	2995.729	1593.95	2712362	10384.56	95.37366	7092.815	-5.338078	182.9182	95.37366	7092.815
69.94	55549.19	468786.6	3240.701	7262.922	18614.12	13217.25	15998.53	2532.028	2990.036	3246.263	77602.92	31613.95	194.6619	82.91815	1.324002e+08	3.565201e+08	1168.327	3695.729	2693.95	2658290	10084.56	-4.626335	7192.815	194.6619	82.91815	-4.626335	7192.815
70.23	52843.19	352064.6	1639.701	11264.92	31126.12	1911.246	21903.53	3132.028	4791.036	4446.263	77803.92	43531.95	-5.338078	482.9182	1.316978e+08	3.424948e+08	1968.327	3795.729	2393.95	2707138	12185.56	95.37366	6892.815	-5.338078	482.9182	95.37366	6892.815
70.51	63768.19	355311.6	3440.701	14866.92	56872.12	4612.246	18200.53	2832.028	2690.036	4146.263	78104.92	48340.95	-5.338078	482.9182	1.28261e+08	3.264664e+08	1068.327	4095.729	1493.95	2286701	11785.56	-4.626335	6492.815	-5.338078	482.9182	-4.626335	6492.815
70.8	94365.19	291072.6	1839.701	17368.92	105128.1	3312.246	15598.53	1732.028	2690.036	5747.263	85829.92	61068.95	-5.338078	282.9182	1.250758e+08	3.32477e+08	1568.327	3295.729	2993.95	1948154	10084.56	-4.626335	7592.815	-5.338078	282.9182	-4.626335	7592.815
71.09	91153.19	219630.6	739.7012	16067.92	143015.1	1711.246	15598.53	3132.028	3290.036	6847.263	82418.92	68988.95	94.66192	782.9182	1.22696e+08	3.46502e+08	1368.327	3595.729	3093.95	1273058	11285.56	-4.626335	7992.815	94.66192	782.9182	-4.626335	7992.815
71.38	100890.2	207524.6	3440.701	18268.92	143015.1	1811.246	20602.53	2132.028	2390.036	4246.263	71986.92	60266.95	-5.338078	182.9182	1.096281e+08	2.603547e+08	1768.327	3895.729	2093.95	1634324	9884.562	-4.626335	6992.815	-5.338078	182.9182	-4.626335	6992.815
71.66	76604.19	142857.6	2739.701	15567.92	103622.1	2611.246	12496.53	1732.028	1090.036	3446.263	53138.92	42830.95	-5.338078	482.9182	8.043114e+07	1.722194e+08	1168.327	2895.729	1093.95	1141158	7083.562	-4.626335	4791.815	-5.338078	482.9182	-4.626335	4791.815
71.95	55048.19	87690.64	1039.701	11864.92	77527.12	611.2456	8894.526	1332.028	1490.036	2246.263	44021.92	29310.95	-5.338078	182.9182	5.966417e+07	1.441796e+08	568.3274	1895.729	1593.95	842970.9	6183.562	-4.626335	2991.815	-5.338078	182.9182	-4.626335	2991.815
72.23	39218.19	94014.64	1439.701	6762.922	52162.12	-789.7544	6994.527	332.0284	590.0356	2246.263	30000.92	23104.95	-5.338078	382.9182	4.721052e+07	1.225466e+08	468.3274	1695.729	493.9502	672621.9	3982.562	-4.626335	3291.815	-5.338078	382.9182	-4.626335	3291.815
72.52	31006.19	94416.64	239.7012	6362.922	38637.12	211.2456	4593.527	932.0284	390.0356	1246.263	21391.92	17599.95	-5.338078	82.91815	3.689424e+07	9.221819e+07	468.3274	1095.729	193.9502	522395.9	3082.562	-4.626335	1791.815	-5.338078	82.91815	-4.626335	1791.815
72.8	22797.19	91002.64	1539.701	5462.922	34531.12	111.2456	4093.527	432.0284	590.0356	1346.263	19790.92	13196.95	-5.338078	182.9182	2.625277e+07	7.808274e+07	268.3274	595.7296	993.9502	423551.9	2682.562	-4.626335	1991.815	-5.338078	182.9182	-4.626335	1991.815
73.09	20696.19	52382.64	839.7012	5062.922	23518.12	11.24561	6293.527	432.0284	290.0356	646.2634	17488.92	10595.95	-5.338078	182.9182	2.169583e+07	6.870447e+07	68.3274	1195.729	393.9502	322763.9	1882.562	95.37366	991.8149	-5.338078	182.9182	95.37366	991.8149
73.37	16192.19	85783.64	-761.2988	2561.922	20015.12	511.2456	2692.527	-167.9716	90.03564	346.2633	13686.92	11095.95	-5.338078	-17.08185	1.812254e+07	4.812699e+07	268.3274	1295.729	393.9502	266809.9	1382.562	95.37366	1091.815	-5.338078	-17.08185	95.37366	1091.815
73.66	11290.19	38453.64	139.7012	1961.922	16312.12	-488.7544	2892.527	-67.97156	590.0356	746.2634	10084.92	7194.95	-5.338078	-17.08185	1.265615e+07	4.001503e+07	368.3274	295.7295	293.9502	214611	782.5623	-4.626335	691.8149	-5.338078	-17.08185	-4.626335	691.8149
73.95	9189.188	32543.64	39.70117	1661.922	14711.12	-989.7544	1492.527	32.02844	-209.9644	646.2634	8984.918	4793.95	94.66192	82.91815	1.271275e+07	2.886622e+07	-31.6726	395.7295	193.9502	170574	582.5623	-4.626335	491.8149	94.66192	82.91815	-4.626335	491.8149
74.23	8488.188	41158.64	-1461.299	2061.922	10609.12	-1489.754	792.5267	632.0284	990.0356	146.2633	6083.918	5994.95	-5.338078	-17.08185	9855428	2.675475e+07	-31.6726	195.7295	493.9502	155174	482.5623	-4.626335	391.8149	-5.338078	-17.08185	-4.626335	391.8149
74.52	5688.188	30140.64	-1461.299	2061.922	7308.118	-1189.754	592.5267	332.0284	490.0356	446.2633	5083.918	3993.95	-5.338078	-17.08185	7353632	2.236462e+07	-31.6726	95.72954	93.95018	113953	682.5623	-4.626335	491.8149	-5.338078	-17.08185	-4.626335	491.8149
74.8	4487.188	23231.64	-660.2988	561.9218	7508.118	-488.7544	792.5267	132.0284	190.0356	346.2633	5383.918	3093.95	-5.338078	82.91815	7127568	1.934599e+07	268.3274	-4.270463	93.95018	98386.95	882.5623	-4.626335	91.81495	-5.338078	82.91815	-4.626335	91.81495
75.09	5188.188	21929.64	-260.2988	661.9218	5208.118	-1889.754	192.5267	232.0284	490.0356	46.26334	3182.918	2293.95	94.66192	-17.08185	4839490	1.439645e+07	-31.6726	-4.270463	393.9502	86543.95	182.5623	-4.626335	391.8149	94.66192	-17.08185	-4.626335	391.8149
75.38	2987.189	14522.64	-1561.299	-538.0782	5408.118	-789.7544	-407.4733	132.0284	90.03564	346.2633	4482.918	1593.95	-5.338078	-17.08185	4133592	1.173964e+07	168.3274	-4.270463	-6.049822	59865.95	682.5623	-4.626335	-8.185054	-5.338078	-17.08185	-4.626335	-8.185054
75.66	2487.189	15523.64	-160.2988	-38.07825	4507.118	-88.75439	892.5267	-167.9716	-209.9644	346.2633	2282.918	2393.95	-5.338078	-17.08185	3752466	8871941	-31.6726	-4.270463	-6.049822	58361.95	182.5623	-4.626335	91.81495	-5.338078	-17.08185	-4.626335	91.81495
75.95	3487.189	9018.641	-1261.299	-238.0782	2607.117	-989.7544	692.5267	-67.97156	-109.9644	146.2633	1882.918	1693.95	-5.338078	-17.08185	3470178	8772607	168.3274	-4.270463	-6.049822	45735.95	482.5623	-4.626335	-8.185054	-5.338078	-17.08185	-4.626335	-8.185054
76.23	2687.189	14.64062	-460.2988	561.9218	2507.117	-1289.754	692.5267	-267.9716	290.0356	246.2633	782.9182	1293.95	-5.338078	-17.08185	2157830	6190901	68.3274	-4.270463	93.95018	44633.95	282.5623	-4.626335	191.8149	-5.338078	-17.08185	-4.626335	191.8149
76.52	1887.189	12920.64	139.7012	261.9218	1607.117	-689.7544	692.5267	432.0284	290.0356	46.26334	1982.918	593.9502	-5.338078	-17.08185	2496454	5949848	168.3274	-4.270463	-6.049822	36319.95	82.56228	-4.626335	91.81495	-5.338078	-17.08185	-4.626335	91.81495
76.81	1687.189	6816.641	-660.2988	-38.07825	1207.117	-789.7544	-307.4733	-167.9716	390.0356	46.26334	882.9182	393.9502	-5.338078	-17.08185	2411794	5992386	-31.6726	-4.270463	93.95018	33716.95	-17.43772	-4.626335	-8.185054	-5.338078	-17.08185	-4.626335	-8.185054
77.1	1787.189	5716.641	-861.2988	461.9218	2007.117	-2689.754	-707.4733	-367.9716	-9.964355	-53.73666	1082.918	393.9502	94.66192	-17.08185	1917991	4673962	68.3274	-4.270463	93.95018	23304.95	-17.43772	-4.626335	91.81495	94.66192	-17.08185	-4.626335	91.81495
77.38	1687.189	1914.641	-1261.299	561.9218	1007.117	-2089.754	192.5267	132.0284	190.0356	46.26334	482.9182	693.9502	-5.338078	-17.08185	1410151	4489706	-31.6726	-4.270463	93.95018	25006.95	82.56228	-4.626335	91.81495	-5.338078	-17.08185	-4.626335	91.81495
77.67	1087.189	614.6406	-2361.299	461.9218	1107.117	-1189.754	-207.4733	632.0284	-609.9644	-53.73666	682.9182	393.9502	-5.338078	-17.08185	795016.4	2477681	-31.6726	-4.270463	-6.049822	19901.95	182.5623	-4.626335	391.8149	-5.338078	-17.08185	-4.626335	391.8149
77.96	887.1886	3715.641	-961.2988	361.9218	1007.117	-789.7544	-707.4733	32.02844	-9.964355	-53.73666	282.9182	493.9502	-5.338078	-17.08185	1297308	2619335	-31.6726	-4.270463	-6.049822	18200.95	-17.43772	-4.626335	-8.185054	-5.338078	-17.08185	-4.626335	-8.185054
78.25	687.1886	2715.641	-961.2988	261.9218	307.1174	-989.7544	-907.4733	32.02844	-309.9644	-53.73666	182.9182	-6.049822	-5.338078	-17.08185	659046.4	2506011	-31.6726	-4.270463	-6.049822	18300.95	82.56228	-4.626335	-8.185054	-5.338078	-17.08185	-4.626335	-8.185054
78.54	287.1886	814.6406	-660.2988	561.9218	607.1174	-2589.754	-207.4733	32.02844	190.0356	246.2633	682.9182	293.9502	-5.338078	-17.08185	784491.4	1953608	-31.6726	-4.270463	-6.049822	7494.95	182.5623	-4.626335	-8.185054	-5.338078	-17.08185	-4.626335	-8.185054
78.82	87.18861	10719.64	-1361.299	161.9218	307.1174	-2189.754	392.5267	132.0284	90.03564	46.26334	182.9182	93.95018	-5.338078	-17.08185	500227.4	1557065	68.3274	95.72954	93.95018	13597.95	-17.43772	-4.626335	-8.185054	-5.338078	-17.08185	-4.626335	-8.185054
79.11	487.1886	914.6406	-60.29883	-438.0782	107.1174	-889.7544	-607.4733	432.0284	-109.9644	46.26334	382.9182	193.9502	-5.338078	-17.08185	364205.4	1132246	-31.6726	-4.270463	-6.049822	4893.95	-17.43772	-4.626335	-8.185054	-5.338078	-17.08185	-4.626335	-8.185054
79.4	187.1886	3215.641	439.7012	-438.0782	407.1174	-789.7544	-307.4733	-167.9716	90.03564	-53.73666	-17.08185	-6.049822	-5.338078	-17.08185	267779.4	1033128	-31.6726	-4.270463	-6.049822	4193.95	-17.43772	-4.626335	-8.185054	-5.338078	-17.08185	-4.626335	-8.185054
79.69	87.18861	6316.641	-1861.299	161.9218	807.1174	-2089.754	-907.4733	32.02844	-9.964355	-53.73666	582.9182	93.95018	-5.338078	-17.08185	256984.4	735793.8	68.3274	-4.270463	-6.049822	5494.95	-17.43772	-4.626335	-8.185054	-5.338078	-17.08185	-4.626335	-8.185054
79.98	87.18861	-385.3594	-2261.299	361.9218	507.1174	-1789.754	-507.4733	-67.97156	-1009.964	46.26334	182.9182	-6.049822	-5.338078	-17.08185	132118.4	1061447	-31.6726	-4.270463	-6.049822	5594.95	-17.43772	-4.626335	91.81495	-5.338078	-17.08185	-4.626335	91.81495
80.26	87.18861	2315.641	-660.2988	-38.07825	-92.88256	-2189.754	-207.4733	-267.9716	-109.9644	-53.73666	182.9182	93.95018	-5.338078	-17.08185	261430.4	707476.8	-31.6726	-4.270463	-6.049822	6294.95	182.5623	-4.626335	-8.185054	-5.338078	-17.08185	-4.626335	-8.185054
80.56	87.18861	-285.3594	-560.2988	761.9218	7.117439	-388.7544	-7.473267	-167.9716	-209.9644	-53.73666	82.91815	193.9502	-5.338078	-17.08185	220841.4	1330488	-31.6726	-4.270463	-6.049822	1493.95	-17.43772	-4.626335	-8.185054	-5.338078	-17.08185	-4.626335	-8.185054
80.84	287.1886	1014.641	-1261.299	261.9218	207.1174	-1389.754	-607.4733	-267.9716	490.0356	46.26334	182.9182	-6.049822	-5.338078	-17.08185	76988.4	636687.8	68.3274	-4.270463	-6.049822	2493.95	82.56228	-4.626335	-8.185054	-5.338078	-17.08185	-4.626335	-8.185054
81.13	87.18861	1114.641	-1961.299	261.9218	507.1174	-1889.754	-707.4733	-67.97156	-309.9644	-53.73666	182.9182	393.9502	94.66192	-17.08185	176591.4	565898.8	-31.6726	-4.270463	-6.049822	2493.95	-17.43772	-4.626335	-8.185054	94.66192	-17.08185	-4.626335	-8.185054
81.43	287.1886	2415.641	-360.2988	-338.0782	7.117439	-689.7544	-407.4733	-467.9716	-109.9644	-53.73666	82.91815	-6.049822	-5.338078	-17.08185	154972.4	255243.8	-31.6726	-4.270463	-6.049822	1993.95	-17.43772	-4.626335	91.81495	-5.338078	-17.08185	-4.626335	91.81495
81.71	387.1886	1014.641	339.7012	461.9218	307.1174	-789.7544	92.52673	232.0284	390.0356	-53.73666	82.91815	93.95018	-5.338078	-17.08185	94749.4	232926.8	-31.6726	-4.270463	-6.049822	3093.95	-17.43772	-4.626335	-8.185054	-5.338078	-17.08185	-4.626335	-8.185054
82	-12.81139	-985.3594	-360.2988	61.92175	7.117439	-1889.754	-807.4733	432.0284	290.0356	-53.73666	82.91815	-6.049822	-5.338078	-17.08185	154445.4	183666.8	-31.6726	-4.270463	-6.049822	1593.95	-17.43772	-4.626335	-8.185054	-5.338078	-17.08185	-4.626335	-8.185054
82.28	-12.81139	2415.641	-1361.299	261.9218	-92.88256	-1989.754	-507.4733	232.0284	290.0356	46.26334	-17.08185	-6.049822	-5.338078	-17.08185	42205.39	185632.8	-31.6726	-4.270463	-6.049822	1893.95	-17.43772	-4.626335	-8.185054	-5.338078	-17.08185	-4.626335	-8.185054
82.57	-12.81139	-885.3594	-1361.299	-38.07825	-92.88256	-1889.754	-407.4733	-367.9716	-209.9644	-53.73666	282.9182	-6.049822	-5.338078	-17.08185	133927.4	650845.8	68.3274	-4.270463	-6.049822	993.9502	-17.43772	-4.626335	-8.185054	-5.338078	-17.08185	-4.626335	-8.185054
82.86	-12.81139	1114.641	-1061.299	361.9218	107.1174	-1589.754	-707.4733	332.0284	90.03564	46.26334	-17.08185	-6.049822	-5.338078	-17.08185	82004.4	268603.8	168.3274	195.7295	93.95018	1293.95	-17.43772	-4.626335	-8.185054	-5.338078	-17.08185	-4.626335	-8.185054
83.15	187.1886	3915.641	-761.2988	661.9218	7.117439	-2689.754	-807.4733	232.0284	-309.9644	246.2633	282.9182	93.95018	-5.338078	-17.08185	10371.39	339385.8	-31.6726	95.72954	-6.049822	1193.95	-17.43772	-4.626335	-8.185054	-5.338078	-17.08185	-4.626335	-8.185054
83.44	-12.81139	1014.641	-60.29883	61.92175	107.1174	-1789.754	-307.4733	32.02844	890.0356	46.26334	-17.08185	-6.049822	-5.338078	-17.08185	84612.4	36270.77	68.3274	-4.270463	-6.049822	993.9502	-17.43772	-4.626335	-8.185054	-5.338078	-17.08185	-4.626335	-8.185054
83.72	-12.81139	1814.641	-1361.299	61.92175	7.117439	111.2456	-307.4733	432.0284	290.0356	-53.73666	82.91815	-6.049822	-5.338078	-17.08185	79395.4	208109.8	-31.6726	-4.270463	-6.049822	393.9502	-17.43772	-4.626335	-8.185054	-5.338078	-17.08185	-4.626335	-8.185054
84.01	87.18861	-85.35938	-360.2988	-538.0782	-92.88256	-2489.754	-707.4733	-267.9716	590.0356	-53.73666	-17.08185	-6.049822	-5.338078	-17.08185	141670.4	90909.77	-31.6726	-4.270463	-6.049822	993.9502	82.56228	-4.626335	-8.185054	-5.338078	-17.08185	-4.626335	-8.185054
84.29	-12.81139	-85.35938	-60.29883	-438.0782	7.117439	-1689.754	-107.4733	132.0284	-209.9644	-53.73666	-17.08185	-6.049822	-5.338078	-17.08185	138553.4	-356.2278	-31.6726	-4.270463	-6.049822	193.9502	-17.43772	-4.626335	-8.185054	-5.338078	-17.08185	-4.626335	-8.185054
84.58	-12.81139	614.6406	239.7012	-338.0782	-92.88256	-1089.754	-307.4733	532.0284	-1109.964	146.2633	-17.08185	-6.049822	-5.338078	-17.08185	135637.4	57911.77	68.3274	-4.270463	-6.049822	393.9502	-17.43772	-4.626335	-8.185054	-5.338078	-17.08185	-4.626335	-8.185054
84.86	87.18861	-85.35938	-2361.299	-138.0782	-92.88256	-1789.754	692.5267	232.0284	290.0356	46.26334	-17.08185	-6.049822	-5.338078	-17.08185	22179.39	158647.8	68.3274	-4.270463	-6.049822	293.9502	-17.43772	-4.626335	-8.185054	-5.338078	-17.08185	-4.626335	-8.185054
85.15	-12.81139	-185.3594	-560.2988	-38.07825	107.1174	-1689.754	392.5267	32.02844	-809.9644	46.26334	82.91815	-6.049822	-5.338078	-17.08185	19176.39	30061.77	-31.6726	95.72954	-6.049822	893.9502	-17.43772	-4.626335	-8.185054	-5.338078	-17.08185	-4.626335	-8.185054
85.43	-12.81139	1314.641	-961.2988	-338.0782	7.117439	-1189.754	-107.4733	-67.97156	390.0356	-53.73666	-17.08185	-6.049822	-5.338078	-17.08185	93243.4	74455.77	-31.6726	-4.270463	-6.049822	293.9502	-17.43772	-4.626335	-8.185054	-5.338078	-17.08185	-4.626335	-8.185054
85.72	87.18861	10319.64	-761.2988	61.92175	-92.88256	-2689.754	-7.473267	32.02844	90.03564	-53.73666	82.91815	-6.049822	-5.338078	82.91815	27184.39	47689.77	-31.6726	-4.270463	-6.049822	1093.95	-17.43772	-4.626335	-8.185054	-5.338078	82.91815	-4.626335	-8.185054
86.01	-12.81139	114.6406	39.70117	-138.0782	7.117439	-1089.754	-707.4733	232.0284	-9.964355	-53.73666	-17.08185	-6.049822	-5.338078	82.91815	3369.395	42109.77	-31.6726	95.72954	-6.049822	93.95018	-17.43772	-4.626335	-8.185054	-5.338078	82.91815	-4.626335	-8.185054
86.29	-12.81139	-185.3594	-60.29883	-238.0782	207.1174	-388.7544	-407.4733	-267.9716	290.0356	-53.73666	-17.08185	-6.049822	-5.338078	-17.08185	98570.4	86092.77	-31.6726	-4.270463	-6.049822	393.9502	-17.43772	-4.626335	-8.185054	-5.338078	-17.08185	-4.626335	-8.185054
86.58	-12.81139	-1085.359	239.7012	-538.0782	7.117439	-2289.754	-407.4733	-267.9716	-309.9644	46.26334	-17.08185	-6.049822	-5.338078	-17.08185	43407.39	43181.77	-31.6726	-4.270463	-6.049822	593.9502	-17.43772	-4.626335	-8.185054	-5.338078	-17.08185	-4.626335	-8.185054
86.86	-12.81139	2214.641	-160.2988	-38.07825	-92.88256	-1289.754	292.5267	432.0284	90.03564	46.26334	-17.08185	-6.049822	-5.338078	-17.08185	30688.39	52699.77	-31.6726	-4.270463	-6.049822	193.9502	-17.43772	95.37366	-8.185054	-5.338078	-17.08185	95.37366	-8.185054
87.15	187.1886	214.6406	-260.2988	-638.0782	-92.88256	-1889.754	-507.4733	-267.9716	390.0356	-53.73666	-17.08185	-6.049822	-5.338078	-17.08185	25282.39	35669.77	-31.6726	95.72954	-6.049822	593.9502	182.5623	-4.626335	-8.185054	-5.338078	-17.08185	-4.626335	-8.185054
87.43	87.18861	-785.3594	-1361.299	261.9218	207.1174	-989.7544	-507.4733	-167.9716	-109.9644	-53.73666	82.91815	-6.049822	-5.338078	82.91815	-130.605	7744.772	168.3274	-4.270463	-6.049822	793.9502	82.56228	-4.626335	-8.185054	-5.338078	82.91815	-4.626335	-8.185054
87.72	-12.81139	-985.3594	439.7012	-138.0782	7.117439	-1789.754	-807.4733	-167.9716	-309.9644	-53.73666	-17.08185	-6.049822	-5.338078	-17.08185	9071.395	65730.77	-31.6726	-4.270463	-6.049822	593.9502	-17.43772	95.37366	-8.185054	-5.338078	-17.08185	95.37366	-8.185054
88	87.18861	1514.641	-961.2988	361.9218	-92.88256	-1489.754	-307.4733	-467.9716	-9.964355	-53.73666	82.91815	-6.049822	-5.338078	-17.08185	1069.395	85089.77	68.3274	-4.270463	-6.049822	-6.049822	-17.43772	-4.626335	-8.185054	-5.338078	-17.08185	-4.626335	-8.185054
