ElapsedTime_s	Ti49_CPS	Al27_CPS	S33_CPS	Sc45_CPS	V51_CPS	Mn55_CPS	Fe57_CPS	Co59_CPS	Ni60_CPS	Ga71_CPS	Zr90_CPS	Nb93_CPS	Mo97_CPS	In113_CPS	Sn119_CPS	Sn118_CPS	Sb121_CPS	Hf177_CPS	Ta181_CPS	W183_CPS	Pb206_CPS	Th232_CPS	U238_CPS	Tc97_CPS	Cd113_CPS	U232_CPS	Pu238_CPS
0	-12.81139	-285.3594	39.70117	361.9218	7.117439	-789.7544	992.5267	-167.9716	690.0356	146.2633	-17.08185	93.95018	-5.338078	-17.08185	9071.395	72750.77	-31.6726	-4.270463	-6.049822	-6.049822	-17.43772	-4.626335	-8.185054	-5.338078	-17.08185	-4.626335	-8.185054
																											
12.2	87.18861	-885.3594	139.7012	-138.0782	7.117439	-88.75439	-507.4733	-67.97156	90.03564	-53.73666	-17.08185	-6.049822	-5.338078	-17.08185	269.395	43.77225	68.3274	-4.270463	93.95018	-6.049822	-17.43772	-4.626335	-8.185054	-5.338078	-17.08185	-4.626335	-8.185054
12.49	-12.81139	414.6406	-460.2988	261.9218	7.117439	-889.7544	-307.4733	1132.028	-309.9644	46.26334	-17.08185	-6.049822	-5.338078	82.91815	-130.605	27954.77	-31.6726	-4.270463	-6.049822	-6.049822	-17.43772	-4.626335	91.81495	-5.338078	82.91815	-4.626335	91.81495
12.78	-12.81139	-85.35938	-560.2988	261.9218	7.117439	-188.7544	-507.4733	432.0284	390.0356	-53.73666	-17.08185	-6.049822	-5.338078	-17.08185	169.395	-156.2278	68.3274	-4.270463	-6.049822	-6.049822	-17.43772	-4.626335	-8.185054	-5.338078	-17.08185	-4.626335	-8.185054
13.06	-12.81139	1114.641	-1361.299	61.92175	7.117439	-689.7544	-407.4733	32.02844	-109.9644	-53.73666	82.91815	-6.049822	-5.338078	-17.08185	69.39502	9545.772	-31.6726	-4.270463	-6.049822	-6.049822	-17.43772	-4.626335	-8.185054	-5.338078	-17.08185	-4.626335	-8.185054
13.35	87.18861	1714.641	-1061.299	261.9218	7.117439	-288.7544	-407.4733	-267.9716	390.0356	46.26334	-17.08185	-6.049822	-5.338078	-17.08185	-130.605	243.7722	-31.6726	-4.270463	-6.049822	-6.049822	-17.43772	-4.626335	-8.185054	-5.338078	-17.08185	-4.626335	-8.185054
13.63	87.18861	2415.641	-1061.299	-38.07825	-92.88256	-188.7544	-307.4733	232.0284	-109.9644	-53.73666	-17.08185	-6.049822	-5.338078	-17.08185	269.395	-56.22775	68.3274	-4.270463	-6.049822	-6.049822	-17.43772	-4.626335	-8.185054	-5.338078	-17.08185	-4.626335	-8.185054
13.92	-12.81139	814.6406	339.7012	-438.0782	7.117439	-1089.754	-7.473267	132.0284	90.03564	-53.73666	82.91815	-6.049822	-5.338078	-17.08185	269.395	543.7722	-31.6726	-4.270463	-6.049822	-6.049822	-17.43772	-4.626335	-8.185054	-5.338078	-17.08185	-4.626335	-8.185054
14.21	-12.81139	1214.641	-260.2988	-438.0782	307.1174	-2589.754	-307.4733	-67.97156	-109.9644	-53.73666	-17.08185	-6.049822	-5.338078	-17.08185	-30.60498	2643.772	-31.6726	-4.270463	-6.049822	-6.049822	-17.43772	-4.626335	-8.185054	-5.338078	-17.08185	-4.626335	-8.185054
14.49	-12.81139	14.64062	39.70117	-338.0782	-92.88256	-1189.754	-107.4733	-67.97156	-209.9644	46.26334	82.91815	-6.049822	-5.338078	-17.08185	69.39502	-56.22775	-31.6726	-4.270463	-6.049822	-6.049822	82.56228	-4.626335	-8.185054	-5.338078	-17.08185	-4.626335	-8.185054
14.78	-12.81139	914.6406	-1561.299	-238.0782	107.1174	-1589.754	-807.4733	32.02844	90.03564	46.26334	-17.08185	-6.049822	-5.338078	-17.08185	169.395	-356.2278	-31.6726	-4.270463	-6.049822	-6.049822	-17.43772	-4.626335	-8.185054	-5.338078	-17.08185	-4.626335	-8.185054
15.06	-12.81139	414.6406	-660.2988	461.9218	7.117439	-889.7544	-407.4733	-167.9716	190.0356	46.26334	-17.08185	-6.049822	94.66192	-17.08185	169.395	43.77225	-31.6726	-4.270463	-6.049822	1293.95	-17.43772	-4.626335	-8.185054	94.66192	-17.08185	-4.626335	-8.185054
15.35	-12.81139	-85.35938	-460.2988	61.92175	107.1174	-689.7544	492.5267	232.0284	90.03564	-53.73666	-17.08185	-6.049822	-5.338078	-17.08185	-30.60498	-56.22775	-31.6726	-4.270463	-6.049822	-6.049822	82.56228	-4.626335	-8.185054	-5.338078	-17.08185	-4.626335	-8.185054
15.63	-12.81139	-285.3594	39.70117	561.9218	7.117439	-989.7544	-207.4733	132.0284	190.0356	-53.73666	-17.08185	-6.049822	-5.338078	-17.08185	-30.60498	-356.2278	-31.6726	-4.270463	-6.049822	-6.049822	-17.43772	-4.626335	-8.185054	-5.338078	-17.08185	-4.626335	-8.185054
15.92	-12.81139	1814.641	239.7012	61.92175	7.117439	-889.7544	-7.473267	132.0284	-9.964355	46.26334	-17.08185	-6.049822	194.6619	82.91815	-30.60498	-256.2278	68.3274	-4.270463	-6.049822	-6.049822	-17.43772	-4.626335	-8.185054	194.6619	82.91815	-4.626335	-8.185054
16.2	-12.81139	114.6406	-260.2988	-38.07825	-92.88256	-689.7544	-407.4733	-67.97156	-109.9644	-53.73666	-17.08185	-6.049822	-5.338078	-17.08185	169.395	43.77225	-31.6726	-4.270463	-6.049822	-6.049822	-17.43772	95.37366	-8.185054	-5.338078	-17.08185	95.37366	-8.185054
16.49	-12.81139	214.6406	-861.2988	-538.0782	-92.88256	-889.7544	-1007.473	-67.97156	190.0356	46.26334	-17.08185	-6.049822	-5.338078	82.91815	-30.60498	-256.2278	-31.6726	-4.270463	-6.049822	-6.049822	-17.43772	-4.626335	91.81495	-5.338078	82.91815	-4.626335	91.81495
16.78	-12.81139	614.6406	39.70117	161.9218	7.117439	-588.7544	292.5267	632.0284	290.0356	46.26334	82.91815	-6.049822	-5.338078	-17.08185	-30.60498	843.7722	-31.6726	-4.270463	-6.049822	-6.049822	-17.43772	95.37366	-8.185054	-5.338078	-17.08185	95.37366	-8.185054
17.06	-12.81139	-385.3594	-2061.299	-38.07825	7.117439	-1589.754	-407.4733	32.02844	190.0356	-53.73666	-17.08185	-6.049822	-5.338078	-17.08185	-30.60498	-56.22775	-31.6726	-4.270463	-6.049822	-6.049822	-17.43772	-4.626335	-8.185054	-5.338078	-17.08185	-4.626335	-8.185054
17.35	-12.81139	-1586.359	-160.2988	-238.0782	7.117439	-989.7544	-307.4733	232.0284	-109.9644	46.26334	-17.08185	-6.049822	-5.338078	-17.08185	69.39502	-256.2278	-31.6726	-4.270463	-6.049822	-6.049822	-17.43772	-4.626335	-8.185054	-5.338078	-17.08185	-4.626335	-8.185054
17.63	87.18861	1114.641	-1061.299	761.9218	7.117439	211.2456	92.52673	132.0284	-209.9644	146.2633	-17.08185	-6.049822	-5.338078	-17.08185	369.395	343.7722	-31.6726	-4.270463	-6.049822	-6.049822	82.56228	-4.626335	-8.185054	-5.338078	-17.08185	-4.626335	-8.185054
17.91	-12.81139	1814.641	-961.2988	61.92175	-92.88256	-1989.754	-1007.473	1132.028	-609.9644	-53.73666	-17.08185	-6.049822	-5.338078	-17.08185	12572.39	35769.77	-31.6726	-4.270463	-6.049822	-6.049822	82.56228	-4.626335	-8.185054	-5.338078	-17.08185	-4.626335	-8.185054
18.2	-12.81139	214.6406	-1561.299	161.9218	207.1174	-188.7544	-107.4733	-467.9716	-409.9644	46.26334	-17.08185	-6.049822	-5.338078	-17.08185	-30.60498	-56.22775	-31.6726	-4.270463	-6.049822	-6.049822	-17.43772	-4.626335	91.81495	-5.338078	-17.08185	-4.626335	91.81495
18.49	-12.81139	614.6406	-1161.299	-338.0782	107.1174	-1289.754	-707.4733	32.02844	-109.9644	-53.73666	82.91815	-6.049822	-5.338078	-17.08185	369.395	443.7722	-31.6726	-4.270463	-6.049822	-6.049822	-17.43772	-4.626335	-8.185054	-5.338078	-17.08185	-4.626335	-8.185054
18.77	-12.81139	614.6406	39.70117	-38.07825	107.1174	-1689.754	-707.4733	332.0284	-109.9644	46.26334	82.91815	-6.049822	-5.338078	82.91815	69.39502	37271.77	-31.6726	-4.270463	-6.049822	93.95018	-17.43772	-4.626335	-8.185054	-5.338078	82.91815	-4.626335	-8.185054
19.06	-12.81139	614.6406	-1961.299	461.9218	7.117439	11.24561	-307.4733	432.0284	190.0356	-53.73666	-17.08185	-6.049822	-5.338078	-17.08185	169.395	-356.2278	68.3274	-4.270463	-6.049822	-6.049822	-17.43772	-4.626335	-8.185054	-5.338078	-17.08185	-4.626335	-8.185054
19.34	87.18861	1214.641	-660.2988	-238.0782	-92.88256	-789.7544	-307.4733	-67.97156	-209.9644	146.2633	82.91815	-6.049822	-5.338078	-17.08185	269.395	143.7722	68.3274	-4.270463	-6.049822	-6.049822	-17.43772	-4.626335	-8.185054	-5.338078	-17.08185	-4.626335	-8.185054
19.62	-12.81139	-485.3594	-1161.299	761.9218	7.117439	-889.7544	492.5267	332.0284	-609.9644	46.26334	-17.08185	-6.049822	-5.338078	-17.08185	69.39502	43.77225	-31.6726	-4.270463	-6.049822	-6.049822	-17.43772	-4.626335	-8.185054	-5.338078	-17.08185	-4.626335	-8.185054
19.91	-12.81139	-185.3594	239.7012	-38.07825	-92.88256	-989.7544	92.52673	632.0284	-9.964355	46.26334	-17.08185	-6.049822	-5.338078	-17.08185	-130.605	243.7722	-31.6726	-4.270463	-6.049822	-6.049822	-17.43772	-4.626335	-8.185054	-5.338078	-17.08185	-4.626335	-8.185054
20.2	-12.81139	1614.641	-260.2988	-238.0782	7.117439	-388.7544	-507.4733	-267.9716	-9.964355	146.2633	-17.08185	-6.049822	-5.338078	-17.08185	-30.60498	-56.22775	-31.6726	-4.270463	-6.049822	-6.049822	-17.43772	-4.626335	91.81495	-5.338078	-17.08185	-4.626335	91.81495
20.48	-12.81139	1214.641	-460.2988	161.9218	107.1174	-689.7544	-307.4733	232.0284	-109.9644	-53.73666	-17.08185	-6.049822	-5.338078	-17.08185	-30.60498	-156.2278	-31.6726	-4.270463	-6.049822	-6.049822	-17.43772	-4.626335	-8.185054	-5.338078	-17.08185	-4.626335	-8.185054
20.77	-12.81139	914.6406	139.7012	-238.0782	107.1174	-388.7544	-407.4733	-67.97156	-309.9644	146.2633	-17.08185	-6.049822	-5.338078	-17.08185	-130.605	-156.2278	-31.6726	-4.270463	-6.049822	-6.049822	-17.43772	-4.626335	-8.185054	-5.338078	-17.08185	-4.626335	-8.185054
21.05	87.18861	1114.641	-2161.299	-238.0782	7.117439	-1089.754	492.5267	-367.9716	990.0356	-53.73666	-17.08185	-6.049822	94.66192	-17.08185	69.39502	-56.22775	168.3274	-4.270463	-6.049822	-6.049822	-17.43772	-4.626335	-8.185054	94.66192	-17.08185	-4.626335	-8.185054
21.34	-12.81139	-685.3594	-861.2988	-438.0782	7.117439	-989.7544	-307.4733	-167.9716	590.0356	146.2633	-17.08185	-6.049822	-5.338078	82.91815	-30.60498	43.77225	-31.6726	-4.270463	-6.049822	-6.049822	-17.43772	-4.626335	-8.185054	-5.338078	82.91815	-4.626335	-8.185054
21.62	-12.81139	-285.3594	-460.2988	-38.07825	-92.88256	-989.7544	-407.4733	232.0284	-409.9644	-53.73666	-17.08185	-6.049822	-5.338078	-17.08185	-30.60498	43.77225	-31.6726	-4.270463	-6.049822	-6.049822	-17.43772	-4.626335	-8.185054	-5.338078	-17.08185	-4.626335	-8.185054
21.91	87.18861	-785.3594	439.7012	161.9218	-92.88256	-1389.754	-607.4733	-367.9716	390.0356	146.2633	-17.08185	-6.049822	-5.338078	-17.08185	-30.60498	-356.2278	-31.6726	-4.270463	-6.049822	-6.049822	-17.43772	-4.626335	-8.185054	-5.338078	-17.08185	-4.626335	-8.185054
22.19	87.18861	-385.3594	-560.2988	161.9218	7.117439	-288.7544	392.5267	-367.9716	-309.9644	-53.73666	82.91815	-6.049822	-5.338078	-17.08185	69.39502	-256.2278	-31.6726	-4.270463	-6.049822	-6.049822	82.56228	-4.626335	-8.185054	-5.338078	-17.08185	-4.626335	-8.185054
22.47	-12.81139	1114.641	539.7012	661.9218	-92.88256	-1189.754	492.5267	-167.9716	-109.9644	46.26334	-17.08185	-6.049822	-5.338078	-17.08185	-30.60498	-256.2278	-31.6726	-4.270463	-6.049822	-6.049822	-17.43772	-4.626335	-8.185054	-5.338078	-17.08185	-4.626335	-8.185054
22.76	-12.81139	-385.3594	-1461.299	-438.0782	7.117439	-889.7544	-307.4733	-167.9716	-109.9644	46.26334	-17.08185	-6.049822	-5.338078	-17.08185	-130.605	43.77225	-31.6726	-4.270463	-6.049822	-6.049822	-17.43772	-4.626335	-8.185054	-5.338078	-17.08185	-4.626335	-8.185054
23.04	-12.81139	-985.3594	-761.2988	61.92175	7.117439	-989.7544	-807.4733	-467.9716	-109.9644	-53.73666	-17.08185	-6.049822	-5.338078	-17.08185	-30.60498	43.77225	-31.6726	-4.270463	-6.049822	-6.049822	-17.43772	-4.626335	-8.185054	-5.338078	-17.08185	-4.626335	-8.185054
23.33	-12.81139	414.6406	-861.2988	361.9218	-92.88256	-1689.754	-407.4733	-367.9716	-9.964355	-53.73666	-17.08185	-6.049822	-5.338078	-17.08185	69.39502	-156.2278	-31.6726	-4.270463	-6.049822	-6.049822	-17.43772	-4.626335	-8.185054	-5.338078	-17.08185	-4.626335	-8.185054
23.61	-12.81139	814.6406	-1161.299	361.9218	-92.88256	-188.7544	-807.4733	-367.9716	490.0356	-53.73666	-17.08185	-6.049822	194.6619	-17.08185	69.39502	-56.22775	-31.6726	-4.270463	-6.049822	-6.049822	-17.43772	-4.626335	91.81495	194.6619	-17.08185	-4.626335	91.81495
23.9	-12.81139	-785.3594	-1261.299	-738.0782	-92.88256	211.2456	-1107.473	-167.9716	290.0356	146.2633	-17.08185	-6.049822	-5.338078	-17.08185	69.39502	-56.22775	-31.6726	-4.270463	-6.049822	-6.049822	-17.43772	-4.626335	-8.185054	-5.338078	-17.08185	-4.626335	-8.185054
24.19	-12.81139	1214.641	39.70117	61.92175	107.1174	-188.7544	92.52673	132.0284	90.03564	-53.73666	-17.08185	-6.049822	94.66192	-17.08185	-30.60498	-56.22775	-31.6726	95.72954	-6.049822	-6.049822	-17.43772	-4.626335	-8.185054	94.66192	-17.08185	-4.626335	-8.185054
24.47	-12.81139	-685.3594	-660.2988	-238.0782	7.117439	-1389.754	692.5267	-167.9716	-209.9644	246.2633	-17.08185	-6.049822	-5.338078	-17.08185	-130.605	-56.22775	-31.6726	95.72954	-6.049822	-6.049822	-17.43772	-4.626335	-8.185054	-5.338078	-17.08185	-4.626335	-8.185054
24.76	-12.81139	1514.641	-360.2988	-238.0782	107.1174	-488.7544	-407.4733	32.02844	290.0356	-53.73666	-17.08185	-6.049822	-5.338078	-17.08185	-130.605	-156.2278	-31.6726	-4.270463	93.95018	-6.049822	-17.43772	-4.626335	-8.185054	-5.338078	-17.08185	-4.626335	-8.185054
25.04	-12.81139	-185.3594	-460.2988	-638.0782	-92.88256	-1189.754	-307.4733	132.0284	490.0356	-53.73666	-17.08185	-6.049822	-5.338078	-17.08185	69.39502	343.7722	-31.6726	-4.270463	-6.049822	-6.049822	-17.43772	-4.626335	-8.185054	-5.338078	-17.08185	-4.626335	-8.185054
25.32	87.18861	314.6406	139.7012	-138.0782	-92.88256	-689.7544	-207.4733	32.02844	90.03564	46.26334	-17.08185	-6.049822	-5.338078	-17.08185	169.395	143.7722	-31.6726	-4.270463	-6.049822	93.95018	-17.43772	-4.626335	-8.185054	-5.338078	-17.08185	-4.626335	-8.185054
25.61	-12.81139	514.6406	-1261.299	61.92175	-92.88256	-689.7544	-507.4733	-367.9716	90.03564	46.26334	-17.08185	-6.049822	-5.338078	82.91815	169.395	143.7722	-31.6726	-4.270463	-6.049822	-6.049822	-17.43772	-4.626335	-8.185054	-5.338078	82.91815	-4.626335	-8.185054
25.9	-12.81139	114.6406	-1661.299	-138.0782	-92.88256	1411.246	-307.4733	-167.9716	-209.9644	46.26334	-17.08185	-6.049822	-5.338078	-17.08185	69.39502	43.77225	-31.6726	-4.270463	-6.049822	-6.049822	-17.43772	-4.626335	-8.185054	-5.338078	-17.08185	-4.626335	-8.185054
26.18	-12.81139	-985.3594	-560.2988	61.92175	107.1174	-388.7544	192.5267	-167.9716	90.03564	-53.73666	82.91815	-6.049822	-5.338078	-17.08185	-30.60498	143.7722	-31.6726	-4.270463	-6.049822	-6.049822	-17.43772	-4.626335	-8.185054	-5.338078	-17.08185	-4.626335	-8.185054
26.47	87.18861	1014.641	-961.2988	161.9218	-92.88256	-1189.754	-707.4733	32.02844	-909.9644	246.2633	-17.08185	-6.049822	-5.338078	-17.08185	-130.605	43.77225	-31.6726	-4.270463	-6.049822	-6.049822	-17.43772	-4.626335	-8.185054	-5.338078	-17.08185	-4.626335	-8.185054
26.75	-12.81139	2415.641	439.7012	-238.0782	-92.88256	-789.7544	492.5267	-67.97156	290.0356	-53.73666	-17.08185	-6.049822	-5.338078	-17.08185	-30.60498	-56.22775	-31.6726	95.72954	-6.049822	-6.049822	-17.43772	95.37366	-8.185054	-5.338078	-17.08185	95.37366	-8.185054
27.03	-12.81139	-585.3594	-260.2988	-138.0782	107.1174	-1289.754	-107.4733	-67.97156	-109.9644	246.2633	-17.08185	-6.049822	-5.338078	-17.08185	-130.605	343.7722	-31.6726	-4.270463	-6.049822	-6.049822	-17.43772	-4.626335	-8.185054	-5.338078	-17.08185	-4.626335	-8.185054
27.32	-12.81139	714.6406	-560.2988	-238.0782	7.117439	-88.75439	-7.473267	332.0284	-509.9644	-53.73666	-17.08185	-6.049822	-5.338078	-17.08185	69.39502	-56.22775	-31.6726	-4.270463	-6.049822	-6.049822	82.56228	-4.626335	-8.185054	-5.338078	-17.08185	-4.626335	-8.185054
27.61	-12.81139	814.6406	-660.2988	-138.0782	-92.88256	-789.7544	392.5267	432.0284	-509.9644	-53.73666	-17.08185	-6.049822	-5.338078	82.91815	69.39502	-156.2278	-31.6726	-4.270463	-6.049822	-6.049822	-17.43772	-4.626335	-8.185054	-5.338078	82.91815	-4.626335	-8.185054
27.89	-12.81139	314.6406	-1861.299	-338.0782	-92.88256	1211.246	-307.4733	332.0284	490.0356	46.26334	-17.08185	-6.049822	-5.338078	-17.08185	-30.60498	-56.22775	-31.6726	-4.270463	-6.049822	-6.049822	-17.43772	-4.626335	-8.185054	-5.338078	-17.08185	-4.626335	-8.185054
28.17	187.1886	914.6406	-1561.299	61.92175	-92.88256	-789.7544	-607.4733	732.0284	90.03564	-53.73666	-17.08185	-6.049822	-5.338078	-17.08185	69.39502	-56.22775	-31.6726	-4.270463	-6.049822	-6.049822	-17.43772	-4.626335	-8.185054	-5.338078	-17.08185	-4.626335	-8.185054
28.46	-12.81139	414.6406	-1161.299	-238.0782	-92.88256	-1289.754	-307.4733	32.02844	-609.9644	46.26334	-17.08185	-6.049822	-5.338078	-17.08185	-30.60498	243.7722	-31.6726	-4.270463	-6.049822	-6.049822	-17.43772	-4.626335	-8.185054	-5.338078	-17.08185	-4.626335	-8.185054
28.75	-12.81139	14.64062	-460.2988	-638.0782	107.1174	-188.7544	-407.4733	132.0284	-609.9644	-53.73666	-17.08185	-6.049822	-5.338078	-17.08185	369.395	-156.2278	-31.6726	-4.270463	-6.049822	-6.049822	82.56228	-4.626335	-8.185054	-5.338078	-17.08185	-4.626335	-8.185054
29.03	87.18861	714.6406	-1161.299	61.92175	-92.88256	-588.7544	-7.473267	332.0284	-209.9644	146.2633	82.91815	-6.049822	-5.338078	-17.08185	-30.60498	143.7722	68.3274	-4.270463	-6.049822	-6.049822	-17.43772	-4.626335	-8.185054	-5.338078	-17.08185	-4.626335	-8.185054
29.31	87.18861	-2286.359	-1261.299	-438.0782	-92.88256	-588.7544	-207.4733	-267.9716	890.0356	146.2633	-17.08185	-6.049822	94.66192	-17.08185	-30.60498	-56.22775	-31.6726	-4.270463	-6.049822	-6.049822	-17.43772	-4.626335	-8.185054	94.66192	-17.08185	-4.626335	-8.185054
29.6	-12.81139	1214.641	-1261.299	-638.0782	107.1174	-1689.754	-507.4733	32.02844	-309.9644	-53.73666	-17.08185	-6.049822	-5.338078	-17.08185	-30.60498	43.77225	-31.6726	-4.270463	-6.049822	-6.049822	-17.43772	-4.626335	-8.185054	-5.338078	-17.08185	-4.626335	-8.185054
29.88	-12.81139	714.6406	-560.2988	161.9218	-92.88256	-989.7544	-7.473267	-467.9716	190.0356	146.2633	82.91815	-6.049822	-5.338078	-17.08185	53527.39	-56.22775	-31.6726	-4.270463	-6.049822	-6.049822	-17.43772	-4.626335	-8.185054	-5.338078	-17.08185	-4.626335	-8.185054
30.17	-12.81139	14.64062	-60.29883	-538.0782	-92.88256	-1889.754	892.5267	-67.97156	1090.036	146.2633	-17.08185	-6.049822	-5.338078	-17.08185	-130.605	-156.2278	-31.6726	-4.270463	-6.049822	-6.049822	-17.43772	-4.626335	-8.185054	-5.338078	-17.08185	-4.626335	-8.185054
30.45	-12.81139	114.6406	-861.2988	-238.0782	207.1174	-889.7544	-507.4733	32.02844	390.0356	-53.73666	-17.08185	-6.049822	-5.338078	-17.08185	69.39502	-156.2278	-31.6726	-4.270463	-6.049822	-6.049822	-17.43772	-4.626335	-8.185054	-5.338078	-17.08185	-4.626335	-8.185054
30.74	-12.81139	414.6406	-160.2988	-438.0782	-92.88256	-488.7544	-7.473267	332.0284	-209.9644	46.26334	-17.08185	-6.049822	-5.338078	-17.08185	-30.60498	-256.2278	168.3274	-4.270463	-6.049822	-6.049822	-17.43772	-4.626335	91.81495	-5.338078	-17.08185	-4.626335	91.81495
31.02	187.1886	314.6406	-1161.299	-238.0782	107.1174	-388.7544	-7.473267	32.02844	290.0356	46.26334	82.91815	-6.049822	-5.338078	-17.08185	-130.605	43.77225	-31.6726	-4.270463	-6.049822	-6.049822	-17.43772	-4.626335	-8.185054	-5.338078	-17.08185	-4.626335	-8.185054
31.31	-12.81139	14.64062	1139.701	161.9218	7.117439	-1289.754	92.52673	632.0284	-109.9644	-53.73666	-17.08185	-6.049822	-5.338078	-17.08185	-130.605	343.7722	-31.6726	-4.270463	-6.049822	-6.049822	-17.43772	-4.626335	-8.185054	-5.338078	-17.08185	-4.626335	-8.185054
31.59	-12.81139	-385.3594	-260.2988	-538.0782	-92.88256	-188.7544	-207.4733	-167.9716	-809.9644	46.26334	-17.08185	-6.049822	-5.338078	-17.08185	-130.605	-156.2278	-31.6726	-4.270463	-6.049822	-6.049822	-17.43772	-4.626335	91.81495	-5.338078	-17.08185	-4.626335	91.81495
31.88	87.18861	-385.3594	-1161.299	-38.07825	-92.88256	-488.7544	-207.4733	32.02844	90.03564	-53.73666	-17.08185	-6.049822	-5.338078	-17.08185	-130.605	243.7722	-31.6726	-4.270463	-6.049822	-6.049822	-17.43772	-4.626335	-8.185054	-5.338078	-17.08185	-4.626335	-8.185054
32.16	-12.81139	1214.641	-2261.299	-38.07825	-92.88256	711.2456	-507.4733	-67.97156	490.0356	46.26334	-17.08185	93.95018	-5.338078	-17.08185	-130.605	-156.2278	-31.6726	-4.270463	-6.049822	-6.049822	-17.43772	-4.626335	-8.185054	-5.338078	-17.08185	-4.626335	-8.185054
32.45	-12.81139	-385.3594	339.7012	661.9218	-92.88256	-588.7544	292.5267	32.02844	790.0356	-53.73666	-17.08185	-6.049822	-5.338078	-17.08185	-130.605	-56.22775	-31.6726	-4.270463	-6.049822	-6.049822	-17.43772	-4.626335	-8.185054	-5.338078	-17.08185	-4.626335	-8.185054
32.73	-12.81139	1114.641	539.7012	-138.0782	7.117439	-1289.754	-7.473267	532.0284	90.03564	46.26334	-17.08185	-6.049822	-5.338078	-17.08185	-130.605	143.7722	-31.6726	-4.270463	-6.049822	-6.049822	82.56228	-4.626335	91.81495	-5.338078	-17.08185	-4.626335	91.81495
33.02	187.1886	514.6406	-360.2988	61.92175	107.1174	-889.7544	-107.4733	-167.9716	190.0356	146.2633	-17.08185	-6.049822	-5.338078	-17.08185	69.39502	443.7722	-31.6726	-4.270463	-6.049822	-6.049822	82.56228	-4.626335	-8.185054	-5.338078	-17.08185	-4.626335	-8.185054
33.3	-12.81139	-185.3594	-1061.299	61.92175	-92.88256	-889.7544	-607.4733	-367.9716	-709.9644	46.26334	82.91815	-6.049822	-5.338078	-17.08185	14173.39	10645.77	-31.6726	-4.270463	-6.049822	-6.049822	-17.43772	-4.626335	-8.185054	-5.338078	-17.08185	-4.626335	-8.185054
33.59	87.18861	769468.6	-60.29883	161.9218	507.1174	14018.25	69293.52	-167.9716	-9.964355	1446.263	682.9182	193.9502	-5.338078	-17.08185	37698.39	84576.77	-31.6726	-4.270463	393.9502	-6.049822	182.5623	95.37366	491.8149	-5.338078	-17.08185	95.37366	491.8149
33.88	187.1886	3879196	-1061.299	461.9218	407.1174	49571.25	308811.5	-67.97156	590.0356	2846.263	2782.918	793.9502	-5.338078	-17.08185	43106.39	131691.8	-31.6726	95.72954	493.9502	93.95018	782.5623	-4.626335	191.8149	-5.338078	-17.08185	-4.626335	191.8149
34.16	-12.81139		-160.2988	961.9218	507.1174	74639.24	323293.5	132.0284	-9.964355	2946.263	4682.918	1093.95	-5.338078	-17.08185	41504.39	124755.8	68.3274	95.72954	493.9502	93.95018	682.5623	95.37366	391.8149	-5.338078	-17.08185	95.37366	391.8149
34.45	387.1886		1639.701	1061.922	1207.117	80759.24	397965.5	32.02844	590.0356	3746.263	5283.918	1093.95	-5.338078	82.91815	55731.39	126062.8	68.3274	-4.270463	493.9502	193.9502	982.5623	195.3737	391.8149	-5.338078	82.91815	195.3737	391.8149
34.73	287.1886		639.7012	361.9218	707.1174	102443.2	401724.5	32.02844	-209.9644	3446.263	6283.918	593.9502	-5.338078	-17.08185	58738.39	142148.8	-31.6726	395.7295	193.9502	193.9502	1182.562	-4.626335	591.8149	-5.338078	-17.08185	-4.626335	591.8149
35.02	787.1886		2139.701	1961.922	507.1174	107867.2	425413.5	432.0284	-609.9644	3546.263	6783.918	1493.95	-5.338078	-17.08185	53927.39	155354.8	-31.6726	95.72954	293.9502	293.9502	982.5623	195.3737	691.8149	-5.338078	-17.08185	195.3737	691.8149
35.31	487.1886		1639.701	1361.922	1307.117	115001.2	458595.5	132.0284	-609.9644	3746.263	3982.918	493.9502	-5.338078	-17.08185	100571.4	210226.8	-31.6726	395.7295	393.9502	193.9502	1382.562	95.37366	291.8149	-5.338078	-17.08185	95.37366	291.8149
35.59	587.1886		2639.701	1861.922	1507.117	108068.2	551040.5	-167.9716	290.0356	4146.263	7183.918	793.9502	-5.338078	82.91815	1523845	3455212	-31.6726	95.72954	193.9502	793.9502	1082.562	95.37366	691.8149	-5.338078	82.91815	95.37366	691.8149
35.88	1187.189		339.7012	2961.922	1507.117	109073.2	561367.5	632.0284	1190.036	5547.263	6383.918	1193.95	-5.338078	382.9182	6336460	1.647214e+07	-31.6726	395.7295	293.9502	1293.95	3282.562	-4.626335	391.8149	-5.338078	382.9182	-4.626335	391.8149
36.16	987.1886		1939.701	2261.922	3107.117	127162.2	522025.5	-167.9716	690.0356	4846.263	8083.918	1293.95	-5.338078	182.9182	1.259955e+07	3.086472e+07	68.3274	495.7295	193.9502	1993.95	4882.562	295.3737	591.8149	-5.338078	182.9182	295.3737	591.8149
36.45	2087.189		2239.701	4262.922	4907.118	141643.2	637988.5	832.0284	990.0356	6047.263	13286.92	1393.95	-5.338078	182.9182	1.973858e+07	5.563912e+07	268.3274	495.7295	293.9502	3593.95	3782.562	95.37366	591.8149	-5.338078	182.9182	95.37366	591.8149
36.74	1887.189		1139.701	5062.922	6108.118	122940.2	532953.5	832.0284	690.0356	5847.263	14987.92	993.9502	-5.338078	-17.08185	2.493193e+07	7.081208e+07	168.3274	1195.729	593.9502	3893.95	4982.562	195.3737	1291.815	-5.338078	-17.08185	195.3737	1291.815
37.03	3187.189		3340.701	7462.922	6408.118	117211.2	472960.5	632.0284	1690.036	5247.263	19790.92	893.9502	-5.338078	182.9182	3.481465e+07	9.908127e+07	68.3274	1395.729	93.95018	5994.95	4982.562	95.37366	1191.815	-5.338078	182.9182	95.37366	1191.815
37.31	4087.189		3440.701	7663.922	8709.117	108269.2	474590.5	732.0284	390.0356	7447.263	21691.92	1093.95	-5.338078	282.9182	4.5739e+07	1.203791e+08	568.3274	1195.729	293.9502	4893.95	6983.562	-4.626335	891.8149	-5.338078	282.9182	-4.626335	891.8149
37.6	2687.189		2839.701	10264.92	8909.117	126458.2	454725.5	1232.028	1890.036	6247.263	23493.92	1193.95	-5.338078	82.91815	5.356072e+07	1.241521e+08	368.3274	1695.729	193.9502	4393.95	8884.562	95.37366	1191.815	-5.338078	82.91815	95.37366	1191.815
37.89	4387.188		5140.701	15166.92	9209.117	92201.24	441184.5	1232.028	1090.036	9148.264	28899.92	893.9502	-5.338078	482.9182	6.737292e+07	1.742223e+08	368.3274	1095.729	193.9502	6894.95	7583.562	-4.626335	891.8149	-5.338078	482.9182	-4.626335	891.8149
38.17	5888.188		2739.701	15867.92	10409.12	85777.24	367603.5	1532.028	1990.036	9948.264	32203.92	1393.95	194.6619	482.9182	7.073728e+07	1.762252e+08	768.3274	2595.729	293.9502	6594.95	8984.562	-4.626335	1391.815	194.6619	482.9182	-4.626335	1391.815
38.46	5288.188		2839.701	14566.92	9709.117	72031.24	388619.5	1532.028	2090.036	8848.264	28298.92	893.9502	-5.338078	782.9182	7.019071e+07	2.102759e+08	568.3274	2095.729	93.95018	9295.95	7983.562	195.3737	691.8149	-5.338078	782.9182	195.3737	691.8149
38.74	7788.188	4892578	3740.701	16067.92	11610.12	66314.24	296158.5	1532.028	2390.036	7547.263	30801.92	393.9502	-5.338078	1082.918	8.574296e+07	2.12279e+08	268.3274	2695.729	93.95018	7594.95	9684.562	-4.626335	491.8149	-5.338078	1082.918	-4.626335	491.8149
39.03	5788.188	4524354	3340.701	15466.92	12510.12	61099.25	262786.5	1732.028	1390.036	8948.264	31702.92	593.9502	-5.338078	682.9182	9.349392e+07	2.182882e+08	268.3274	2495.729	393.9502	7394.95	10284.56	195.3737	1191.815	-5.338078	682.9182	195.3737	1191.815
39.32	6588.188	3784124	2839.701	20470.92	14011.12	53580.25	230669.5	3132.028	3090.036	9948.264	38011.92	793.9502	-5.338078	582.9182	1.051375e+08	2.743777e+08	468.3274	2095.729	93.95018	9895.95	9484.562	95.37366	491.8149	-5.338078	582.9182	95.37366	491.8149
39.6	8388.188	3171639	2839.701	20771.92	18814.12	39851.25	185794.5	2232.028	2890.036	9948.264	41617.92	393.9502	-5.338078	882.9182	1.182764e+08	3.104385e+08	468.3274	1995.729	193.9502	10695.95	9384.562	-4.626335	291.8149	-5.338078	882.9182	-4.626335	291.8149
39.89	7488.188	2620650	2839.701	18168.92	15712.12	33741.25	162531.5	2732.028	3991.036	9648.264	40715.92	193.9502	-5.338078	282.9182	1.225501e+08	3.505092e+08	368.3274	3095.729	293.9502	10995.95	10084.56	95.37366	691.8149	-5.338078	282.9182	95.37366	691.8149
40.17	8388.188	2128104	4940.701	17468.92	18414.12	26230.25	129738.5	2132.028	2490.036	9748.264	39413.92	393.9502	-5.338078	882.9182	1.267703e+08	3.485056e+08	668.3274	2695.729	-6.049822	16599.95	10084.56	-4.626335	691.8149	-5.338078	882.9182	-4.626335	691.8149
40.46	10189.19	1723353	3040.701	19970.92	16913.12	20424.25	115065.5	2632.028	2390.036	9148.264	38311.92	893.9502	194.6619	1082.918	1.272233e+08	3.545164e+08	568.3274	2295.729	293.9502	23304.95	15787.56	-4.626335	691.8149	194.6619	1082.918	-4.626335	691.8149
40.75	6888.188	1560101	2639.701	19770.92	20716.12	22526.25	80628.52	2232.028	2190.036	10148.26	34005.92	393.9502	-5.338078	782.9182	1.222874e+08	3.565201e+08	868.3274	1295.729	93.95018	23504.95	10784.56	-4.626335	191.8149	-5.338078	782.9182	-4.626335	191.8149
41.03	8989.188	1142102	2439.701	20871.92	18414.12	17721.25	70998.52	2532.028	3591.036	10548.26	33605.92	293.9502	-5.338078	582.9182	1.318295e+08	3.505092e+08	1068.327	1695.729	193.9502	37321.95	10484.56	-4.626335	591.8149	-5.338078	582.9182	-4.626335	591.8149
41.32	9089.188	988628.6	4540.701	22372.92	18114.12	17721.25	75512.52	1532.028	4091.036	9848.264	37710.92	693.9502	94.66192	482.9182	1.319173e+08	4.026059e+08	1068.327	2095.729	193.9502	93869.95	11785.56	-4.626335	1591.815	94.66192	482.9182	-4.626335	1591.815
41.6	8388.188	833901.6	1739.701	24574.92	15412.12	14818.25	89158.52	3032.028	5291.036	11249.26	43420.92	693.9502	-5.338078	582.9182	1.550959e+08	3.925868e+08	1468.327	2195.729	293.9502	335023.9	11084.56	-4.626335	2091.815	-5.338078	582.9182	-4.626335	2091.815
41.89	5988.188	791134.6	3640.701	31082.92	18414.12	11016.25	78020.52	2032.028	4791.036	13149.26	49631.92	593.9502	-5.338078	982.9182	1.381269e+08	3.364841e+08	1668.327	1595.729	93.95018	394989.9	9284.562	-4.626335	1491.815	-5.338078	982.9182	-4.626335	1491.815
42.18	8088.188	661620.6	2439.701	30080.92	14611.12	10815.25	55458.53	2332.028	4491.036	13049.26	45223.92	493.9502	94.66192	682.9182	1.343764e+08	3.90583e+08	2068.327	2895.729	93.95018	587312.9	10684.56	-4.626335	2291.815	94.66192	682.9182	-4.626335	2291.815
42.46	12990.19	761735.6	2239.701	34887.92	21116.12	9214.246	69494.52	2332.028	3891.036	11949.26	57749.92	1293.95	-5.338078	1282.918	1.416759e+08	3.745531e+08	1768.327	2295.729	93.95018	644700.9	11585.56	-4.626335	3691.815	-5.338078	1282.918	-4.626335	3691.815
42.75	11290.19	446071.6	4240.701	39093.92	20916.12	7914.246	56260.53	2332.028	3491.036	12149.26	59152.92	1793.95	-5.338078	682.9182	1.430113e+08	3.645347e+08	1168.327	2495.729	-6.049822	658657.9	10384.56	95.37366	2191.815	-5.338078	682.9182	95.37366	2191.815
43.03	14291.19	423579.6	2139.701	46206.92	24519.12	6813.246	44936.53	2732.028	4291.036	9948.264	63061.92	2393.95	-5.338078	1082.918	1.317417e+08	3.545164e+08	1268.327	2695.729	193.9502	614965.9	8784.562	-4.626335	2691.815	-5.338078	1082.918	-4.626335	2691.815
43.32	14491.19	348210.6	3740.701	64848.92	21516.12	4212.246	39626.53	1232.028	3891.036	10048.26	61157.92	2193.95	-5.338078	782.9182	1.402529e+08	3.384877e+08	1468.327	2495.729	393.9502	499636.9	11084.56	-4.626335	2691.815	-5.338078	782.9182	-4.626335	2691.815
43.61	11290.19	247900.6	2839.701	80494.92	16012.12	4712.246	31514.53	2432.028	2490.036	10548.26	71584.92	1693.95	-5.338078	1482.918	1.348158e+08	3.444984e+08	1368.327	2595.729	93.95018	368793.9	10484.56	-4.626335	2691.815	-5.338078	1482.918	-4.626335	2691.815
43.89	8588.188	199759.6	3540.701	88421.92	14411.12	1811.246	59066.53	2332.028	4291.036	8948.264	79508.92	1493.95	-5.338078	1482.918	1.298109e+08	3.985982e+08	868.3274	3495.729	93.95018	302512.9	10684.56	-4.626335	2391.815	-5.338078	1482.918	-4.626335	2391.815
44.18	7088.188	157448.6	3440.701	111313.9	10509.12	2511.246	27910.53	2932.028	2490.036	10848.26	82719.92	893.9502	-5.338078	1782.918	1.300741e+08	3.645347e+08	1168.327	3095.729	-6.049822	245494	7283.562	-4.626335	1891.815	-5.338078	1782.918	-4.626335	1891.815
44.47	7488.188	223768.6	1939.701	124274.9	8709.117	1911.246	24406.53	3832.028	3891.036	15551.26	83421.92	1193.95	-5.338078	2882.918	1.280856e+08	3.845718e+08	1568.327	3395.729	-6.049822	200495	9884.562	-4.626335	2791.815	-5.338078	2882.918	-4.626335	2791.815
44.75	5188.188	117821.6	3840.701	114226.9	6508.118	-88.75439	30713.53	2832.028	2790.036	18653.26	77703.92	1093.95	-5.338078	3882.918	1.313467e+08	3.605274e+08	1168.327	1895.729	93.95018	184170	10584.56	-4.626335	3691.815	-5.338078	3882.918	-4.626335	3691.815
45.04	4587.188	127973.6	2639.701	95146.92	5208.118	3612.246	32616.53	1732.028	2490.036	22856.26	74994.92	493.9502	-5.338078	4782.918	1.299425e+08	3.32477e+08	1668.327	3295.729	93.95018	158092	10584.56	-4.626335	3991.815	-5.338078	4782.918	-4.626335	3991.815
45.32	5288.188	102751.6	4140.701	106592.9	3507.117	711.2456	46739.53	1332.028	3991.036	30264.26	77101.92	693.9502	-5.338078	4282.918	1.32488e+08	3.585237e+08	1468.327	3395.729	93.95018	147528	11985.56	-4.626335	4391.815	-5.338078	4282.918	-4.626335	4391.815
45.61	4187.188	145070.6	3440.701	106693.9	3807.117	911.2456	39226.53	2532.028	2990.036	35972.26	76800.92	493.9502	-5.338078	3982.918	1.33659e+08	4.086173e+08	2168.327	2795.729	93.95018	135661	10784.56	-4.626335	3191.815	-5.338078	3982.918	-4.626335	3191.815
45.9	6988.188	83575.64	3340.701	107797.9	4507.118	1711.246	40328.53	3232.028	2990.036	37775.26	79609.92	293.9502	-5.338078	4282.918	1.379217e+08	3.565201e+08	2568.327	3395.729	193.9502	151351	10084.56	-4.626335	4191.815	-5.338078	4282.918	-4.626335	4191.815
46.18	9789.188	106969.6	3940.701	128295.9	2707.117	111.2456	40027.53	3232.028	4091.036	37574.26	79207.92	593.9502	-5.338078	5883.918	1.334541e+08	3.545164e+08	2768.327	2995.729	93.95018	134254	9884.562	-4.626335	4791.815	-5.338078	5883.918	-4.626335	4791.815
46.47	16092.19	89396.64	3140.701	142673.9	2807.117	-1489.754	40828.53	2832.028	2990.036	44085.26	80511.92	1393.95	-5.338078	5483.918	1.472998e+08	3.785605e+08	3368.327	2695.729	193.9502	147025	11585.56	-4.626335	5792.815	-5.338078	5483.918	-4.626335	5792.815
46.75	18594.19	39154.64	3540.701	145791.9	3907.117	-588.7544	42531.53	2232.028	3691.036	41681.26	76298.92	2593.95	-5.338078	4582.918	1.345815e+08	3.90583e+08	2668.327	4495.729	93.95018	153061	13085.56	-4.626335	5792.815	-5.338078	4582.918	-4.626335	5792.815
47.04	21196.19	48373.64	3840.701	135533.9	4307.118	-88.75439	36421.53	2132.028	3390.036	44285.26	74393.92	1493.95	-5.338078	4082.918	1.290212e+08	3.044282e+08	2168.327	2895.729	-6.049822	181853	10184.56	-4.626335	5692.815	-5.338078	4082.918	-4.626335	5692.815
47.33	27302.19	49776.64	3140.701	130305.9	6108.118	2311.246	41329.53	1332.028	4291.036	44987.26	76700.92	1793.95	-5.338078	3982.918	1.335566e+08	3.204559e+08	2968.327	3395.729	193.9502	187494	10184.56	95.37366	4391.815	-5.338078	3982.918	95.37366	4391.815
47.61	35813.19	48473.64	3340.701	123269.9	9009.117	2211.246	37924.53	3032.028	3991.036	47391.26	71484.92	1093.95	-5.338078	4882.918	1.371977e+08	4.066135e+08	2568.327	3195.729	93.95018	181752	12785.56	-4.626335	6092.815	-5.338078	4882.918	-4.626335	6092.815
47.9	40720.19	51981.64	3840.701	124576.9	13211.12	2511.246	36822.53	2532.028	4491.036	43083.26	72988.92	1693.95	-5.338078	4382.918	1.363977e+08	3.585237e+08	1968.327	3495.729	193.9502	147226	10984.56	-4.626335	4091.815	-5.338078	4382.918	-4.626335	4091.815
48.18	39518.19	54287.64	2839.701	97756.92	15212.12	711.2456	35019.53	4232.028	4091.036	41681.26	70983.92	1293.95	-5.338078	3382.918	1.403116e+08	3.705457e+08	3068.327	2795.729	-6.049822	112245	11185.56	-4.626335	3891.815	-5.338078	3382.918	-4.626335	3891.815
48.47	39218.19	30440.64	3640.701	85511.92	11510.12	1011.246	30112.53	3332.028	4091.036	36873.26	57248.92	1093.95	-5.338078	4182.918	1.350061e+08	3.725494e+08	2568.327	1195.729	-6.049822	102002	10684.56	-4.626335	4191.815	-5.338078	4182.918	-4.626335	4191.815
48.76	36013.19	53685.64	2839.701	72168.92	10309.12	1311.246	32816.53	2732.028	4291.036	34870.26	58049.92	593.9502	-5.338078	4882.918	1.319612e+08	3.645347e+08	2368.327	1695.729	93.95018	84435.95	11185.56	-4.626335	2991.815	-5.338078	4882.918	-4.626335	2991.815
49.04	29905.19	24432.64	3140.701	63645.92	9409.117	311.2456	32115.53	2632.028	4191.036	27461.26	55343.92	1093.95	-5.338078	3182.918	1.303812e+08	3.585237e+08	2168.327	1595.729	193.9502	74203.95	8884.562	-4.626335	2691.815	-5.338078	3182.918	-4.626335	2691.815
49.33	32408.19	26435.64	4540.701	60837.92	10109.12	-388.7544	39126.53	2132.028	3290.036	30665.26	52437.92	693.9502	-5.338078	3982.918	1.332052e+08	4.026059e+08	3368.327	1495.729	-6.049822	61468.95	13085.56	-4.626335	4291.815	-5.338078	3982.918	-4.626335	4291.815
49.61	26101.19	33645.64	3940.701	52919.92	11710.12	1811.246	34719.53	2732.028	2390.036	25659.26	47227.92	693.9502	-5.338078	3782.918	1.346547e+08	3.865756e+08	3268.327	1695.729	93.95018	60466.95	8684.562	-4.626335	5992.815	-5.338078	3782.918	-4.626335	5992.815
49.9	28203.19	26134.64	3440.701	54623.92	13611.12	11.24561	34919.53	2632.028	3891.036	26160.26	58551.92	493.9502	-5.338078	4182.918	1.386986e+08	3.645347e+08	3068.327	1395.729	393.9502	53049.95	11385.56	-4.626335	4391.815	-5.338078	4182.918	-4.626335	4391.815
50.19	29404.19	46369.64	4640.701	50113.92	17713.12	-388.7544	42331.53	2932.028	4591.036	26860.26	56546.92	893.9502	-5.338078	3682.918	1.459628e+08	4.266523e+08	3068.327	2295.729	393.9502	45735.95	10684.56	-4.626335	4691.815	-5.338078	3682.918	-4.626335	4691.815
50.47	30405.19	32243.64	3240.701	52218.92	25120.12	-588.7544	41129.53	2932.028	4191.036	28162.26	54141.92	393.9502	-5.338078	3182.918	1.352991e+08	3.765569e+08	4168.328	1195.729	293.9502	45735.95	11084.56	-4.626335	2891.815	-5.338078	3182.918	-4.626335	2891.815
50.76	33109.19	23731.64	3540.701	49913.92	43445.12	1811.246	41129.53	2632.028	4291.036	27661.26	57248.92	1093.95	-5.338078	2782.918	1.352091e+08	3.585237e+08	4768.328	1395.729	-6.049822	49241.95	9584.562	-4.626335	3791.815	-5.338078	2782.918	-4.626335	3791.815
51.05	42924.19	26435.64	3540.701	56427.92	84149.12	-88.75439	38425.53	3732.028	4991.036	24158.26	64465.92	693.9502	-5.338078	3082.918	1.193002e+08	3.485056e+08	3068.327	1395.729	893.9502	51947.95	14086.56	-4.626335	3091.815	-5.338078	3082.918	-4.626335	3091.815
51.33	47833.19	34246.64	4040.701	61740.92	100208.1	911.2456	32916.53	2732.028	4691.036	28963.26	67172.92	1193.95	94.66192	2282.918	1.420868e+08	3.525128e+08	3668.327	2095.729	16398.95	50845.95	15287.56	-4.626335	2291.815	94.66192	2282.918	-4.626335	2291.815
51.62	48133.19	46469.64	4440.701	50715.92	128537.1	2511.246	35019.53	2532.028	3691.036	23057.26	63362.92	2593.95	94.66192	3082.918	1.650396e+08	3.865756e+08	2768.327	2495.729	7194.95	66281.95	14886.56	95.37366	2791.815	94.66192	3082.918	95.37366	2791.815
51.91	55048.19	66519.64	3440.701	57329.92	140702.1	3312.246	36722.53	3232.028	3190.036	24858.26	71083.92	2493.95	294.6619	1682.918	1.385813e+08	3.645347e+08	3668.327	2195.729	4093.95	63875.95	15087.56	95.37366	2991.815	294.6619	1682.918	95.37366	2991.815
52.19	49336.19	59901.64	3240.701	56928.92	130145.1	2011.246	25907.53	2132.028	3290.036	21255.26	64565.92	1593.95	-5.338078	1782.918	1.28875e+08	3.224594e+08	2268.327	1995.729	2893.95	68587.95	17388.56	-4.626335	3791.815	-5.338078	1782.918	-4.626335	3791.815
52.48	60360.19	41860.64	3940.701	60837.92	148749.1	1411.246	28010.53	2732.028	2790.036	21155.26	66972.92	1693.95	294.6619	1782.918	1.371743e+08	3.264664e+08	2468.327	2495.729	2693.95	76610.95	10884.56	195.3737	3191.815	294.6619	1782.918	195.3737	3191.815
52.76	55448.19	36850.64	3140.701	51817.92	151767.1	511.2456	23205.53	6433.028	4091.036	16752.26	72587.92	3193.95	94.66192	1782.918	1.33498e+08	3.765569e+08	2068.327	1995.729	4093.95	72097.95	11985.56	295.3737	2991.815	94.66192	1782.918	295.3737	2991.815
53.05	59157.19	75146.64	2639.701	54723.92	158810.1	-588.7544	28310.53	2532.028	3691.036	17352.26	69278.92	2993.95	-5.338078	982.9182	1.371596e+08	3.785605e+08	2468.327	1995.729	1493.95	68386.95	9784.562	-4.626335	2891.815	-5.338078	982.9182	-4.626335	2891.815
53.34	59658.19	64012.64	3640.701	49312.92	157603.1	1811.246	24706.53	1532.028	3991.036	17452.26	57448.92	2593.95	94.66192	1582.918	1.30981e+08	3.064316e+08	2568.327	2895.729	1493.95	79519.95	10784.56	-4.626335	2491.815	94.66192	1582.918	-4.626335	2491.815
53.62	69885.19	43964.64	4040.701	56928.92	216138.1	611.2456	23905.53	3932.028	3290.036	14150.26	73991.92	3993.95	194.6619	1482.918	1.383468e+08	4.026059e+08	1968.327	1995.729	1793.95	90356.95	11084.56	-4.626335	3191.815	194.6619	1482.918	-4.626335	3191.815
53.91	95871.19	24632.64	2239.701	46907.92	313157.1	811.2456	22604.53	2832.028	3190.036	14850.26	78806.92	4193.95	394.6619	1282.918	1.431637e+08	3.665384e+08	2568.327	3295.729	793.9502	107726	12985.56	-4.626335	3891.815	394.6619	1282.918	-4.626335	3891.815
54.19	106112.2	22830.64	3240.701	50514.92	422346.1	411.2456	22704.53	2632.028	4391.036	14450.26	80211.92	5794.95	-5.338078	1382.918	1.410744e+08	3.32477e+08	2368.327	2195.729	893.9502	97784.95	12085.56	-4.626335	4091.815	-5.338078	1382.918	-4.626335	4091.815
54.48	111937.2	25734.64	4240.701	46005.92	515673.1	2211.246	21903.53	1932.028	3491.036	17152.26	79408.92	5594.95	94.66192	882.9182	1.330003e+08	3.525128e+08	1968.327	3995.729	3793.95	77513.95	12785.56	95.37366	4191.815	94.66192	882.9182	95.37366	4191.815
54.77	119974.2	18425.64	3140.701	53621.92	635382.1	111.2456	20602.53	3532.028	3991.036	23857.26	92754.92	4993.95	-5.338078	782.9182	1.451524e+08	4.066135e+08	2168.327	3195.729	1093.95	78717.95	12185.56	-4.626335	6692.815	-5.338078	782.9182	-4.626335	6692.815
55.05	142894.2	17224.64	3540.701	70965.92	789998.1	-789.7544	22704.53	2932.028	3591.036	26660.26	93557.92	3993.95	94.66192	2282.918	1.398423e+08	3.525128e+08	2168.327	2695.729	293.9502	69088.95	11385.56	-4.626335	6292.815	94.66192	2282.918	-4.626335	6292.815
55.34	125803.2	19727.64	4240.701	70965.92	701413.1	911.2456	20202.53	2532.028	4991.036	26060.26	89843.92	3293.95	-5.338078	1182.918	1.33864e+08	3.364841e+08	1868.327	3995.729	293.9502	65078.95	13085.56	-4.626335	6092.815	-5.338078	1182.918	-4.626335	6092.815
55.62	139475.2	13121.64	3440.701	73873.92	723324.1	411.2456	22003.53	3032.028	4691.036	33569.26	95564.92	3593.95	-5.338078	2582.918	1.630508e+08	3.62531e+08	2368.327	3995.729	193.9502	65378.95	12285.56	95.37366	4291.815	-5.338078	2582.918	95.37366	4291.815
55.91	139475.2	17825.64	3340.701	75077.92	705526.1	811.2456	21503.53	2432.028	3390.036	28562.26	86130.92	3493.95	-5.338078	1782.918	1.193002e+08	3.725494e+08	2068.327	3295.729	893.9502	66080.95	11985.56	-4.626335	6992.815	-5.338078	1782.918	-4.626335	6992.815
56.2	109727.2	13421.64	3440.701	71366.92	609961.1	-188.7544	22204.53	2732.028	2690.036	30264.26	76700.92	2893.95	94.66192	2082.918	1.362952e+08	3.90583e+08	2668.327	2695.729	393.9502	78015.95	9884.562	-4.626335	5592.815	94.66192	2082.918	-4.626335	5592.815
56.48	112841.2	15623.64	2139.701	83905.92	546314.1	11.24561	30213.53	2032.028	3891.036	41781.26	83220.92	3093.95	-5.338078	1782.918	1.570846e+08	3.965944e+08	2968.327	2795.729	193.9502	109935	10384.56	-4.626335	4391.815	-5.338078	1782.918	-4.626335	4391.815
56.77	99685.19	73440.64	4340.701	73071.92	458169.1	11.24561	28110.53	2732.028	2290.036	45588.26	79910.92	1793.95	-5.338078	2382.918	1.358557e+08	3.545164e+08	2968.327	3295.729	193.9502	117268	9684.562	-4.626335	4591.815	-5.338078	2382.918	-4.626335	4591.815
57.06	94465.19	14422.64	4140.701	78086.92	425092.1	-188.7544	29512.53	1832.028	3891.036	47291.26	81715.92	1693.95	-5.338078	1882.918	1.40385e+08	3.765569e+08	2968.327	2495.729	293.9502	121589	11385.56	-4.626335	5592.815	-5.338078	1882.918	-4.626335	5592.815
57.34	93763.19	16724.64	3240.701	91934.92	374695.1	311.2456	29812.53	2232.028	3190.036	52401.26	84725.92	893.9502	-5.338078	2482.918	1.343032e+08	3.304735e+08	3068.327	3295.729	193.9502	119881	10984.56	-4.626335	4291.815	-5.338078	2482.918	-4.626335	4291.815
57.63	85533.19	19426.64	4140.701	118144.9	351867.1	-88.75439	24606.53	3132.028	3190.036	44686.26	91650.92	5494.95	-5.338078	1982.918	1.366175e+08	3.444984e+08	2168.327	3595.729	793.9502	370417.9	14086.56	95.37366	6792.815	-5.338078	1982.918	95.37366	6792.815
57.91	100689.2	15022.64	3340.701	114527.9	352881.1	311.2456	24506.53	3432.028	4091.036	38676.26	101889.9	8394.95	-5.338078	2382.918	1.356506e+08	3.485056e+08	2268.327	3295.729	1193.95	453469.9	12185.56	-4.626335	9393.815	-5.338078	2382.918	-4.626335	9393.815
58.2	102396.2	24432.64	2639.701	113422.9	337167.1	411.2456	21703.53	3932.028	2590.036	32968.26	97472.92	15998.95	-5.338078	2182.918	1.47141e+08	3.845718e+08	2568.327	3995.729	793.9502	484646.9	11385.56	-4.626335	9093.815	-5.338078	2182.918	-4.626335	9093.815
58.49	95067.19	16323.64	3540.701	100065.9	304451.1	1811.246	21103.53	2432.028	3090.036	28362.26	99680.92	15098.95	-5.338078	1982.918	1.384494e+08	3.545164e+08	2468.327	3895.729	1093.95	534241.9	8984.562	295.3737	11694.82	-5.338078	1982.918	295.3737	11694.82
58.77	129019.2	21929.64	4040.701	86815.92	350549.1	911.2456	21103.53	3132.028	3290.036	24158.26	100684.9	18700.95	-5.338078	2282.918	1.373941e+08	3.605274e+08	2868.327	3695.729	1493.95	463348.9	12485.56	-4.626335	11494.82	-5.338078	2282.918	-4.626335	11494.82
59.06	146515.2	22830.64	3140.701	68257.92	371853.1	1011.246	21203.53	2432.028	3891.036	21956.26	104199.9	19701.95	-5.338078	2182.918	1.410597e+08	3.985982e+08	2768.327	3495.729	1693.95	361894.9	11385.56	-4.626335	9993.815	-5.338078	2182.918	-4.626335	9993.815
59.34	151847.2	17524.64	1739.701	56828.92	370534.1	411.2456	20502.53	3332.028	4291.036	17252.26	99078.92	15798.95	-5.338078	1782.918	1.321368e+08	3.665384e+08	3268.327	3995.729	1893.95	298869.9	10984.56	-4.626335	9693.815	-5.338078	1782.918	-4.626335	9693.815
59.63	154865.2	13821.64	3040.701	49813.92	389723.1	511.2456	19601.53	2632.028	2990.036	15851.26	109120.9	19100.95	-5.338078	1782.918	1.383321e+08	3.505092e+08	3168.327	4295.729	1193.95	412773.9	11685.56	-4.626335	10993.82	-5.338078	1782.918	-4.626335	10993.82
59.92	158991.2	35949.64	2539.701	45504.92	342640.1	611.2456	21002.53	3232.028	2390.036	13350.26	103395.9	18800.95	-5.338078	2582.918	1.445528e+08	3.184524e+08	2568.327	5196.729	1693.95	441558.9	11285.56	95.37366	12694.82	-5.338078	2582.918	95.37366	12694.82
60.2	153859.2	31742.64	4040.701	43501.92	312752.1	1411.246	23004.53	2832.028	2690.036	13750.26	103496.9	20001.95	-5.338078	2082.918	1.396517e+08	3.46502e+08	2768.327	2595.729	693.9502	405759.9	10984.56	-4.626335	10393.82	-5.338078	2082.918	-4.626335	10393.82
60.49	152350.2	25333.64	2539.701	37991.92	287755.1	1011.246	24606.53	2932.028	2990.036	14650.26	100584.9	16699.95	-5.338078	2282.918	1.338786e+08	3.304735e+08	2968.327	3195.729	693.9502	370113.9	11084.56	-4.626335	11994.82	-5.338078	2282.918	-4.626335	11994.82
60.77	152149.2	41258.64	2539.701	36589.92	273395.1	411.2456	24506.53	1832.028	3991.036	13750.26	96669.92	14797.95	94.66192	1582.918	1.317125e+08	3.805643e+08	3868.327	2795.729	793.9502	312636.9	9684.562	95.37366	11994.82	94.66192	1582.918	95.37366	11994.82
61.06	153155.2	48172.64	3440.701	41297.92	322576.1	2511.246	30413.53	2032.028	3591.036	11649.26	102893.9	13797.95	-5.338078	2082.918	1.431637e+08	3.765569e+08	3268.327	3695.729	893.9502	261858	11685.56	-4.626335	13495.82	-5.338078	2082.918	-4.626335	13495.82
61.35	141486.2	43162.64	2439.701	49512.92	316600.1	2311.246	20302.53	2532.028	3290.036	12549.26	100885.9	11696.95	-5.338078	2182.918	1.262882e+08	3.12442e+08	3268.327	2295.729	493.9502	199890	10684.56	-4.626335	9593.815	-5.338078	2182.918	-4.626335	9593.815
61.63	134850.2	37251.64	2439.701	56126.92	329870.1	2211.246	19801.53	2132.028	2690.036	16051.26	104299.9	10195.95	-5.338078	2382.918	1.253533e+08	3.344805e+08	2668.327	3695.729	893.9502	156281	9284.562	95.37366	10993.82	-5.338078	2382.918	95.37366	10993.82
61.92	122788.2	32643.64	1439.701	72469.92	343350.1	411.2456	20202.53	2432.028	3290.036	20454.26	95163.92	7494.95	94.66192	2182.918	1.255724e+08	3.264664e+08	2868.327	2395.729	293.9502	132343	9984.562	-4.626335	9393.815	94.66192	2182.918	-4.626335	9393.815
62.21	111435.2	35348.64	3340.701	91331.92	320044.1	11.24561	27509.53	2332.028	2890.036	33268.26	98576.92	6294.95	-5.338078	2782.918	1.325612e+08	3.064316e+08	3168.327	2695.729	493.9502	124905	10984.56	-4.626335	9993.815	-5.338078	2782.918	-4.626335	9993.815
62.49	113042.2	25533.64	2139.701	95346.92	349433.1	711.2456	26308.53	2032.028	3491.036	40579.26	91650.92	4393.95	-5.338078	2582.918	1.334248e+08	3.785605e+08	2768.327	3295.729	693.9502	110638	11985.56	95.37366	6792.815	-5.338078	2582.918	95.37366	6792.815
62.78	107819.2	21829.64	3440.701	92335.92	384746.1	-188.7544	25407.53	2032.028	3491.036	38976.26	88338.92	4793.95	-5.338078	2182.918	1.333663e+08	3.565201e+08	1768.327	3695.729	193.9502	93869.95	11084.56	-4.626335	7092.815	-5.338078	2182.918	-4.626335	7092.815
63.06	122285.2	18626.64	3540.701	73472.92	491391.1	-1689.754	23705.53	2032.028	4191.036	33569.26	92854.92	5394.95	-5.338078	2082.918	1.334541e+08	3.485056e+08	1468.327	3295.729	593.9502	108830	11485.56	-4.626335	7092.815	-5.338078	2082.918	-4.626335	7092.815
63.35	128517.2	18525.64	3640.701	71667.92	629229.1	311.2456	19201.53	2532.028	4191.036	28562.26	87033.92	7394.95	-5.338078	1482.918	1.310834e+08	3.444984e+08	1568.327	2895.729	93.95018	92765.95	10984.56	-4.626335	6992.815	-5.338078	1482.918	-4.626335	6992.815
63.64	123089.2	18225.64	2039.701	67455.92	654465.1	611.2456	13597.53	3032.028	3290.036	25159.26	88037.92	8294.95	-5.338078	1082.918	1.322246e+08	3.865756e+08	2068.327	3995.729	593.9502	102805	10484.56	95.37366	4291.815	-5.338078	1082.918	95.37366	4291.815
63.92	124597.2	17424.64	1939.701	59033.92	519042.1	-989.7544	21603.53	2732.028	3491.036	20354.26	82819.92	5594.95	-5.338078	1782.918	1.32649e+08	3.645347e+08	1568.327	2995.729	293.9502	101901	10984.56	-4.626335	4191.815	-5.338078	1782.918	-4.626335	4191.815
64.21	105710.2	17925.64	3240.701	62141.92	460613.1	-88.75439	22404.53	2532.028	2290.036	23857.26	83521.92	4693.95	-5.338078	2082.918	1.378631e+08	3.845718e+08	668.3274	2795.729	93.95018	96378.95	9284.562	-4.626335	3491.815	-5.338078	2082.918	-4.626335	3491.815
64.49	97677.19	20728.64	2839.701	65449.92	393582.1	-789.7544	26008.53	2632.028	3090.036	21355.26	79809.92	2693.95	-5.338078	1682.918	1.352091e+08	4.00602e+08	2268.327	3495.729	593.9502	102002	11585.56	295.3737	4291.815	-5.338078	1682.918	295.3737	4291.815
64.78	80617.19	18826.64	3240.701	57329.92	321259.1	-1289.754	28310.53	2132.028	4491.036	19454.26	73590.92	3693.95	-5.338078	2182.918	1.295622e+08	3.064316e+08	2868.327	2795.729	-6.049822	89051.95	11185.56	-4.626335	3391.815	-5.338078	2182.918	-4.626335	3391.815
65.07	68180.19	17925.64	2039.701	52318.92	241771.1	511.2456	27910.53	1432.028	1990.036	21555.26	67072.92	2493.95	-5.338078	1782.918	1.349768e+08	3.745531e+08	3268.327	3795.729	93.95018	91560.95	11585.56	95.37366	2391.815	-5.338078	1782.918	95.37366	2391.815
65.35	56651.19	17224.64	2139.701	47208.92	186400.1	-88.75439	28911.53	2232.028	2590.036	21856.26	66470.92	2093.95	-5.338078	3382.918	1.376579e+08	3.62531e+08	2868.327	1395.729	193.9502	103910	12585.56	-4.626335	2391.815	-5.338078	3382.918	-4.626335	2391.815
65.64	55448.19	16523.64	2739.701	47007.92	146938.1	-288.7544	27910.53	2532.028	5491.036	23057.26	65367.92	2393.95	-5.338078	2382.918	1.370571e+08	3.925868e+08	2768.327	2495.729	93.95018	127518	12585.56	95.37366	3091.815	-5.338078	2382.918	95.37366	3091.815
65.93	52141.19	15623.64	2839.701	44502.92	116780.1	311.2456	27109.53	3132.028	4491.036	26860.26	65367.92	2393.95	-5.338078	1882.918	1.390945e+08	3.805643e+08	1568.327	1795.729	93.95018	174702	11185.56	-4.626335	2991.815	-5.338078	1882.918	-4.626335	2991.815
66.21	47332.19	21629.64	2039.701	55525.92	89367.12	-889.7544	29011.53	2932.028	3691.036	30064.26	58350.92	1193.95	-5.338078	2782.918	1.365003e+08	3.485056e+08	4668.328	3195.729	293.9502	208460	11785.56	-4.626335	4591.815	-5.338078	2782.918	-4.626335	4591.815
66.5	41121.19	25233.64	2039.701	68859.92	74919.12	-288.7544	33417.53	1832.028	3290.036	34370.26	59453.92	2393.95	-5.338078	3082.918	1.347132e+08	3.605274e+08	2668.327	2495.729	-6.049822	239435	11485.56	-4.626335	4391.815	-5.338078	3082.918	-4.626335	4391.815
66.78	36414.19	24232.64	1339.701	63444.92	59378.12	11.24561	39727.53	2932.028	3791.036	42382.26	60255.92	1293.95	-5.338078	2282.918	1.332784e+08	3.605274e+08	3368.327	3395.729	193.9502	246200	12085.56	-4.626335	5792.815	-5.338078	2282.918	-4.626335	5792.815
67.07	30606.19	29238.64	3140.701	63945.92	52863.12	-588.7544	47240.53	2532.028	3691.036	43083.26	58049.92	793.9502	94.66192	4382.918	1.400183e+08	3.565201e+08	2368.327	3495.729	-6.049822	279952.9	10184.56	-4.626335	4991.815	94.66192	4382.918	-4.626335	4991.815
67.36	22897.19	29539.64	3140.701	57329.92	37435.12	-1689.754	36922.53	3932.028	3791.036	44786.26	59954.92	693.9502	-5.338078	3682.918	1.352112e+08	3.104385e+08	2868.327	3195.729	-6.049822	255695	12985.56	-4.626335	5792.815	-5.338078	3682.918	-4.626335	5792.815
67.64	17693.19	27436.64	2839.701	54222.92	28523.12	211.2456	44836.53	2432.028	4091.036	39277.26	54541.92	793.9502	-5.338078	3082.918	1.347425e+08	3.184524e+08	2768.327	1595.729	-6.049822	235700	10384.56	-4.626335	4791.815	-5.338078	3082.918	-4.626335	4791.815
67.93	14391.19	25333.64	1339.701	50013.92	28523.12	-588.7544	44335.53	2132.028	3991.036	41981.26	52637.92	193.9502	-5.338078	4082.918	1.284511e+08	3.565201e+08	2768.327	2395.729	193.9502	204023	11485.56	-4.626335	5192.815	-5.338078	4082.918	-4.626335	5192.815
68.21	14091.19	56191.64	2739.701	50314.92	21917.12	1311.246	54957.53	1732.028	2490.036	36272.26	50934.92	493.9502	-5.338078	2882.918	1.180141e+08	3.545164e+08	3268.327	1395.729	93.95018	254483	10884.56	-4.626335	3891.815	-5.338078	2882.918	-4.626335	3891.815
68.5	11890.19	23331.64	3540.701	39494.92	25320.12	12417.25	110444.5	2132.028	2790.036	27862.26	45624.92	1393.95	-5.338078	1782.918	1.154496e+08	3.064316e+08	4668.328	1595.729	193.9502	536693.9	12885.56	495.3737	3791.815	-5.338078	1782.918	495.3737	3791.815
68.79	14591.19	36850.64	1839.701	33986.92	28123.12	29335.25	221687.5	1832.028	2090.036	23057.26	41416.92	2593.95	-5.338078	2182.918	9.90717e+07	2.182882e+08	6469.328	1495.729	893.9502	794005.9	20390.56	-4.626335	2091.815	-5.338078	2182.918	-4.626335	2091.815
69.07	8689.188	42461.64	3240.701	30381.92	20616.12	40052.25	308811.5	1432.028	3591.036	18153.26	37009.92	2693.95	-5.338078	2382.918	1.018276e+08	3.004214e+08	6769.328	1195.729	693.9502	1114181	16087.56	295.3737	4491.815	-5.338078	2382.918	295.3737	4491.815
69.36	10089.19	45266.64	1739.701	25275.92	17613.12	34442.25	268749.5	2532.028	3090.036	22156.26	43219.92	3793.95	94.66192	2382.918	1.073603e+08	2.843943e+08	6069.328	1295.729	1393.95	1016133	14987.56	-4.626335	4791.815	94.66192	2382.918	-4.626335	4791.815
69.64	10089.19	41058.64	3740.701	27677.92	14311.12	22626.25	211701.5	1732.028	2190.036	31766.26	49631.92	2793.95	-5.338078	3182.918	1.194136e+08	3.024248e+08	5069.328	2595.729	693.9502	889335.9	13586.56	95.37366	4891.815	-5.338078	3182.918	95.37366	4891.815
69.93	10389.19	32043.64	3040.701	39894.92	10409.12	19222.25	156995.5	2832.028	4191.036	37975.26	51134.92	2393.95	-5.338078	2982.918	1.207116e+08	2.944112e+08	6169.328	2595.729	393.9502	769146.9	12585.56	-4.626335	3991.815	-5.338078	2982.918	-4.626335	3991.815
70.21	9989.188	36750.64	2639.701	45705.92	11009.12	13718.25	126219.5	1432.028	3691.036	38376.26	57047.92	2393.95	-5.338078	1882.918	1.251926e+08	3.184524e+08	4168.328	2395.729	993.9502	652293.9	13386.56	-4.626335	6592.815	-5.338078	1882.918	-4.626335	6592.815
70.5	13891.19	34146.64	1139.701	59334.92	6808.118	8714.246	106828.5	1932.028	3390.036	42983.26	59152.92	1393.95	-5.338078	3782.918	1.310834e+08	3.104385e+08	4268.328	2895.729	393.9502	625625.9	9184.562	-4.626335	5392.815	-5.338078	3782.918	-4.626335	5392.815
70.79	19695.19	39756.64	2239.701	73472.92	10109.12	7413.246	87853.52	1532.028	3491.036	44786.26	56446.92	1793.95	-5.338078	2682.918	1.316101e+08	3.32477e+08	3668.327	2595.729	293.9502	542721.9	11985.56	-4.626335	5792.815	-5.338078	2682.918	-4.626335	5792.815
71.07	25400.19	31742.64	1939.701	79290.92	8508.117	5312.246	70697.52	2032.028	2690.036	42682.26	56646.92	1793.95	-5.338078	4482.918	1.309663e+08	3.184524e+08	3268.327	3495.729	-6.049822	474147.9	9884.562	-4.626335	4791.815	-5.338078	4482.918	-4.626335	4791.815
71.36	28503.19	32043.64	1639.701	71867.92	9009.117	1711.246	63578.53	2432.028	3991.036	44185.26	58551.92	2293.95	-5.338078	2582.918	1.336737e+08	4.126251e+08	3168.327	2695.729	293.9502	398646.9	10784.56	-4.626335	4691.815	-5.338078	2582.918	-4.626335	4691.815
71.64	29404.19	26535.64	1839.701	66452.92	11210.12	1511.246	61171.53	2232.028	3991.036	33869.26	58350.92	1993.95	-5.338078	2982.918	1.307469e+08	3.32477e+08	2868.327	2195.729	193.9502	312028.9	11084.56	-4.626335	5092.815	-5.338078	2982.918	-4.626335	5092.815
71.93	34010.19	24832.64	1439.701	71667.92	14711.12	2511.246	45938.53	2932.028	4091.036	29363.26	68777.92	3393.95	-5.338078	3782.918	1.372329e+08	3.2847e+08	3268.327	3295.729	193.9502	270044.9	10584.56	95.37366	4591.815	-5.338078	3782.918	95.37366	4591.815
72.22	39118.19	16523.64	3540.701	70162.92	17313.12	-188.7544	36622.53	2032.028	2890.036	23757.26	71584.92	2393.95	-5.338078	3182.918	1.304251e+08	3.164489e+08	1968.327	1495.729	293.9502	190215	13386.56	-4.626335	3691.815	-5.338078	3182.918	-4.626335	3691.815
72.5	35412.19	14221.64	4140.701	88822.92	15612.12	1411.246	49946.53	3632.028	2390.036	19654.26	79207.92	2593.95	-5.338078	2782.918	1.259814e+08	3.805643e+08	1268.327	1895.729	93.95018	156885	10684.56	-4.626335	3691.815	-5.338078	2782.918	-4.626335	3691.815
72.79	37115.19	75346.64	2940.701	92235.92	19615.12	1011.246	24506.53	4032.028	2990.036	14750.26	78706.92	2493.95	94.66192	2182.918	1.360168e+08	3.164489e+08	1668.327	3095.729	193.9502	144712	13586.56	-4.626335	4091.815	94.66192	2182.918	-4.626335	4091.815
73.07	31607.19	14422.64	2839.701	100065.9	19214.12	911.2456	24606.53	1732.028	4091.036	13650.26	76499.92	3093.95	-5.338078	4482.918	1.365442e+08	3.925868e+08	2268.327	2095.729	193.9502	101901	12585.56	-4.626335	4291.815	-5.338078	4482.918	-4.626335	4291.815
73.36	31807.19	9618.641	3040.701	110208.9	19114.12	-488.7544	21803.53	2332.028	3991.036	11149.26	81715.92	1893.95	-5.338078	4382.918	1.363831e+08	3.765569e+08	1768.327	2295.729	93.95018	83231.95	10784.56	-4.626335	3791.815	-5.338078	4382.918	-4.626335	3791.815
73.65	29404.19	11219.64	1539.701	121259.9	17513.12	-1089.754	16799.53	2232.028	3390.036	9848.264	80411.92	2493.95	-5.338078	4482.918	1.292259e+08	3.885793e+08	1668.327	3295.729	-6.049822	65679.95	8884.562	-4.626335	2891.815	-5.338078	4482.918	-4.626335	2891.815
73.93	28904.19	9318.641	1439.701	113021.9	18214.12	611.2456	16499.53	4032.028	3591.036	8547.264	83521.92	2493.95	-5.338078	4382.918	1.272546e+08	3.344805e+08	2468.327	3095.729	93.95018	57960.95	7383.562	95.37366	3791.815	-5.338078	4382.918	95.37366	3791.815
74.22	31106.19	10419.64	3640.701	124777.9	23018.12	711.2456	18901.53	2032.028	4091.036	8748.264	82819.92	1693.95	-5.338078	4882.918	1.215578e+08	3.2847e+08	1668.327	2795.729	-6.049822	46636.95	7583.562	-4.626335	1491.815	-5.338078	4882.918	-4.626335	1491.815
74.51	23999.19	7217.641	2239.701	107697.9	22417.12	911.2456	16499.53	1632.028	2790.036	7947.263	75897.92	1993.95	-5.338078	4382.918	1.109662e+08	3.004214e+08	1568.327	2395.729	293.9502	55054.95	6283.562	-4.626335	2891.815	-5.338078	4382.918	-4.626335	2891.815
74.79	20095.19	10018.64	2139.701	90829.92	18114.12	1511.246	15298.53	1432.028	3390.036	6847.263	61858.92	2693.95	-5.338078	3182.918	9.233599e+07	2.54345e+08	1468.327	2295.729	93.95018	51045.95	5383.562	-4.626335	2291.815	-5.338078	3182.918	-4.626335	2291.815
75.08	18694.19	12420.64	2839.701	77885.92	18814.12	1211.246	17199.53	1732.028	1790.036	3546.263	50633.92	4493.95	-5.338078	1282.918	7.854215e+07	2.242975e+08	768.3274	1695.729	93.95018	52047.95	3582.562	195.3737	1591.815	-5.338078	1282.918	195.3737	1591.815
75.36	15692.19	12920.64	2339.701	60938.92	19515.12	1311.246	21303.53	1132.028	1990.036	6847.263	43019.92	3693.95	-5.338078	1882.918	6.846527e+07	1.842369e+08	468.3274	1395.729	-6.049822	72498.95	3182.562	-4.626335	1191.815	-5.338078	1882.918	-4.626335	1191.815
75.65	12690.19	34446.64	1839.701	42699.92	17713.12	1011.246	17900.53	632.0284	1590.036	3546.263	34506.92	3393.95	-5.338078	1782.918	5.427654e+07	1.261548e+08	368.3274	1095.729	-6.049822	91159.95	1582.562	-4.626335	1291.815	-5.338078	1782.918	-4.626335	1291.815
75.94	9189.188	8718.641	2339.701	34386.92	12310.12	711.2456	13797.53	732.0284	590.0356	2846.263	26296.92	3893.95	94.66192	482.9182	4.318317e+07	1.185495e+08	768.3274	895.7296	-6.049822	76410.95	2182.562	-4.626335	991.8149	94.66192	482.9182	-4.626335	991.8149
76.22	9589.188	6816.641	2739.701	29780.92	10909.12	11.24561	7894.527	1032.028	690.0356	1546.263	20190.92	3393.95	-5.338078	682.9182	3.27932e+07	9.566263e+07	268.3274	595.7296	93.95018	56757.95	1282.562	-4.626335	591.8149	-5.338078	682.9182	-4.626335	591.8149
76.51	5588.188	4115.641	539.7012	20470.92	6708.118	611.2456	5393.527	932.0284	1090.036	2546.263	16187.92	993.9502	-5.338078	982.9182	2.446337e+07	7.339776e+07	168.3274	195.7295	93.95018	40225.95	1282.562	-4.626335	191.8149	-5.338078	982.9182	-4.626335	191.8149
76.79	3587.189	4215.641	1039.701	17768.92	5108.118	1011.246	5493.527	432.0284	1390.036	846.2634	12185.92	1293.95	-5.338078	82.91815	2.087309e+07	5.680399e+07	68.3274	695.7296	-6.049822	27308.95	982.5623	-4.626335	491.8149	-5.338078	82.91815	-4.626335	491.8149
77.08	4887.188	3215.641	239.7012	14866.92	5408.118	-88.75439	4893.527	932.0284	490.0356	1746.263	9684.918	693.9502	-5.338078	482.9182	1.688974e+07	4.547352e+07	168.3274	795.7296	-6.049822	31513.95	682.5623	-4.626335	91.81495	-5.338078	482.9182	-4.626335	91.81495
77.37	3087.189	2014.641	39.70117	9863.922	4007.117	-88.75439	4793.527	532.0284	90.03564	546.2634	7583.918	293.9502	-5.338078	182.9182	1.432632e+07	3.811154e+07	168.3274	195.7295	193.9502	14497.95	982.5623	95.37366	191.8149	-5.338078	182.9182	95.37366	191.8149
77.65	2587.189	1014.641	39.70117	10464.92	4007.117	411.2456	3092.527	32.02844	190.0356	1346.263	6983.918	893.9502	-5.338078	282.9182	1.098676e+07	3.320724e+07	168.3274	195.7295	-6.049822	14097.95	582.5623	-4.626335	91.81495	-5.338078	282.9182	-4.626335	91.81495
77.94	2287.189	2915.641	139.7012	9263.922	2407.117	-989.7544	1992.527	432.0284	390.0356	446.2633	6083.918	393.9502	-5.338078	82.91815	8993026	2.518622e+07	168.3274	95.72954	-6.049822	11196.95	782.5623	95.37366	91.81495	-5.338078	82.91815	95.37366	91.81495
78.22	1887.189	214.6406	-360.2988	6562.922	2807.117	-2089.754	992.5267	132.0284	-209.9644	346.2633	4182.918	193.9502	-5.338078	182.9182	7918854	1.870558e+07	-31.6726	95.72954	-6.049822	6094.95	182.5623	-4.626335	191.8149	-5.338078	182.9182	-4.626335	191.8149
78.51	1287.189	1214.641	-1361.299	5262.922	1607.117	11.24561	1392.527	32.02844	1190.036	346.2633	2982.918	93.95018	-5.338078	282.9182	7593840	2.108281e+07	68.3274	95.72954	-6.049822	6394.95	-17.43772	-4.626335	91.81495	-5.338078	282.9182	-4.626335	91.81495
78.8	1787.189	214.6406	-861.2988	4262.922	1907.117	-1889.754	792.5267	332.0284	290.0356	446.2633	3582.918	293.9502	-5.338078	82.91815	4853610	1.546258e+07	-31.6726	95.72954	-6.049822	7794.95	182.5623	-4.626335	91.81495	-5.338078	82.91815	-4.626335	91.81495
79.08	887.1886	314.6406	-260.2988	4562.922	1107.117	-1189.754	1192.527	132.0284	290.0356	346.2633	2282.918	193.9502	-5.338078	182.9182	5277218	1.199528e+07	-31.6726	-4.270463	-6.049822	3493.95	282.5623	-4.626335	91.81495	-5.338078	182.9182	-4.626335	91.81495
79.37	1187.189	1014.641	-961.2988	2261.922	1107.117	-1689.754	1492.527	-167.9716	-309.9644	46.26334	2082.918	393.9502	-5.338078	382.9182	3484290	1.178224e+07	168.3274	95.72954	-6.049822	2793.95	682.5623	-4.626335	91.81495	-5.338078	382.9182	-4.626335	91.81495
79.65	887.1886	-1285.359	-560.2988	2261.922	707.1174	-388.7544	1392.527	332.0284	490.0356	446.2633	1582.918	193.9502	-5.338078	-17.08185	2708110	8205038	-31.6726	-4.270463	-6.049822	2693.95	182.5623	-4.626335	191.8149	-5.338078	-17.08185	-4.626335	191.8149
79.94	487.1886	2214.641	-961.2988	2761.922	407.1174	-388.7544	1192.527	32.02844	90.03564	646.2634	1682.918	-6.049822	-5.338078	-17.08185	2609336	6247622	-31.6726	-4.270463	-6.049822	2293.95	182.5623	-4.626335	-8.185054	-5.338078	-17.08185	-4.626335	-8.185054
80.23	187.1886	414.6406	-1361.299	1961.922	907.1174	-2089.754	-307.4733	-467.9716	290.0356	246.2633	1682.918	93.95018	-5.338078	-17.08185	2482344	5028330	-31.6726	95.72954	-6.049822	3693.95	82.56228	-4.626335	191.8149	-5.338078	-17.08185	-4.626335	191.8149
80.52	287.1886	-985.3594	-1061.299	1461.922	407.1174	-1489.754	492.5267	-67.97156	90.03564	146.2633	1082.918	193.9502	-5.338078	82.91815	1452468	5793882	-31.6726	95.72954	-6.049822	1093.95	182.5623	-4.626335	-8.185054	-5.338078	82.91815	-4.626335	-8.185054
80.8	587.1886	26835.64	39.70117	1261.922	7.117439	-1189.754	292.5267	232.0284	690.0356	346.2633	1282.918	293.9502	-5.338078	-17.08185	1311413	3681925	-31.6726	-4.270463	-6.049822	1293.95	-17.43772	-4.626335	-8.185054	-5.338078	-17.08185	-4.626335	-8.185054
81.09	187.1886	-685.3594	139.7012	1361.922	607.1174	-1189.754	692.5267	-167.9716	-309.9644	46.26334	982.9182	-6.049822	-5.338078	-17.08185	1184468	3851968	-31.6726	-4.270463	93.95018	2193.95	82.56228	-4.626335	-8.185054	-5.338078	-17.08185	-4.626335	-8.185054
81.38	87.18861	1314.641	-560.2988	1761.922	307.1174	-388.7544	1192.527	332.0284	-9.964355	146.2633	282.9182	-6.049822	-5.338078	-17.08185	1071632	2746829	68.3274	-4.270463	-6.049822	1493.95	82.56228	95.37366	-8.185054	-5.338078	-17.08185	95.37366	-8.185054
81.67	87.18861	-85.35938	-660.2988	561.9218	7.117439	-1689.754	-807.4733	232.0284	90.03564	146.2633	782.9182	93.95018	-5.338078	-17.08185	1081367	2265210	-31.6726	-4.270463	-6.049822	1393.95	-17.43772	-4.626335	-8.185054	-5.338078	-17.08185	-4.626335	-8.185054
81.95	287.1886	314.6406	-360.2988	61.92175	7.117439	-188.7544	-607.4733	832.0284	-109.9644	46.26334	482.9182	93.95018	-5.338078	-17.08185	500329.4	2406856	68.3274	95.72954	-6.049822	293.9502	82.56228	-4.626335	-8.185054	-5.338078	-17.08185	-4.626335	-8.185054
82.24	-12.81139	314.6406	-1061.299	261.9218	107.1174	-388.7544	592.5267	332.0284	-709.9644	-53.73666	582.9182	-6.049822	-5.338078	-17.08185	860074.4	1514580	-31.6726	-4.270463	-6.049822	993.9502	82.56228	-4.626335	-8.185054	-5.338078	-17.08185	-4.626335	-8.185054
82.53	187.1886	114.6406	-1561.299	161.9218	507.1174	-2589.754	-607.4733	432.0284	190.0356	146.2633	182.9182	-6.049822	-5.338078	-17.08185	593433.4	2265210	-31.6726	-4.270463	-6.049822	493.9502	-17.43772	-4.626335	-8.185054	-5.338078	-17.08185	-4.626335	-8.185054
82.81	287.1886	514.6406	-1461.299	661.9218	207.1174	-388.7544	-307.4733	132.0284	-109.9644	246.2633	182.9182	-6.049822	94.66192	82.91815	458844.4	1528742	-31.6726	-4.270463	-6.049822	393.9502	-17.43772	-4.626335	-8.185054	94.66192	82.91815	-4.626335	-8.185054
83.11	87.18861	-985.3594	-1461.299	461.9218	-92.88256	-1989.754	2292.527	-67.97156	1390.036	-53.73666	182.9182	-6.049822	-5.338078	-17.08185	376891.4	1486258	-31.6726	-4.270463	-6.049822	93.95018	-17.43772	-4.626335	-8.185054	-5.338078	-17.08185	-4.626335	-8.185054
83.4	87.18861	314.6406	-160.2988	261.9218	7.117439	-88.75439	-207.4733	132.0284	190.0356	-53.73666	82.91815	-6.049822	-5.338078	-17.08185	225476.4	1557065	-31.6726	-4.270463	-6.049822	393.9502	-17.43772	-4.626335	-8.185054	-5.338078	-17.08185	-4.626335	-8.185054
83.69	-12.81139	1314.641	-1261.299	561.9218	7.117439	-388.7544	92.52673	132.0284	-109.9644	-53.73666	182.9182	-6.049822	-5.338078	-17.08185	247792.4	990649.8	-31.6726	-4.270463	-6.049822	393.9502	-17.43772	-4.626335	-8.185054	-5.338078	-17.08185	-4.626335	-8.185054
83.97	-12.81139	-685.3594	-360.2988	361.9218	207.1174	-689.7544	-607.4733	132.0284	-209.9644	146.2633	282.9182	-6.049822	-5.338078	-17.08185	116641.4	934013.8	-31.6726	-4.270463	-6.049822	93.95018	-17.43772	-4.626335	91.81495	-5.338078	-17.08185	-4.626335	91.81495
84.26	87.18861	914.6406	-961.2988	861.9218	-92.88256	-689.7544	192.5267	232.0284	290.0356	146.2633	182.9182	93.95018	-5.338078	-17.08185	129102.4	551741.8	68.3274	-4.270463	-6.049822	193.9502	-17.43772	-4.626335	-8.185054	-5.338078	-17.08185	-4.626335	-8.185054
84.55	87.18861	614.6406	-660.2988	61.92175	7.117439	-288.7544	92.52673	132.0284	-9.964355	-53.73666	82.91815	-6.049822	-5.338078	-17.08185	181728.4	282759.8	-31.6726	-4.270463	-6.049822	93.95018	-17.43772	-4.626335	-8.185054	-5.338078	-17.08185	-4.626335	-8.185054
84.83	87.18861	-885.3594	-2061.299	-38.07825	107.1174	-889.7544	-207.4733	-367.9716	590.0356	-53.73666	182.9182	-6.049822	-5.338078	-17.08185	244864.4	551741.8	-31.6726	-4.270463	-6.049822	-6.049822	-17.43772	-4.626335	-8.185054	-5.338078	-17.08185	-4.626335	-8.185054
85.13	-12.81139	-1486.359	-1461.299	261.9218	-92.88256	-1389.754	192.5267	-67.97156	590.0356	-53.73666	182.9182	-6.049822	-5.338078	-17.08185	142072.4	27954.77	-31.6726	-4.270463	-6.049822	493.9502	-17.43772	-4.626335	-8.185054	-5.338078	-17.08185	-4.626335	-8.185054
85.42	87.18861	14.64062	-460.2988	-438.0782	-92.88256	-2089.754	492.5267	432.0284	-509.9644	-53.73666	-17.08185	-6.049822	-5.338078	-17.08185	139759.4	381855.8	-31.6726	-4.270463	-6.049822	493.9502	-17.43772	-4.626335	-8.185054	-5.338078	-17.08185	-4.626335	-8.185054
85.71	87.18861	514.6406	-1261.299	161.9218	-92.88256	-989.7544	-107.4733	32.02844	-809.9644	46.26334	82.91815	-6.049822	-5.338078	-17.08185	154972.4	98731.77	-31.6726	-4.270463	-6.049822	593.9502	82.56228	-4.626335	-8.185054	-5.338078	-17.08185	-4.626335	-8.185054
86	87.18861	1214.641	39.70117	161.9218	207.1174	-588.7544	-707.4733	432.0284	1090.036	-53.73666	-17.08185	-6.049822	-5.338078	-17.08185	145995.4	187849.8	-31.6726	-4.270463	-6.049822	93.95018	82.56228	-4.626335	-8.185054	-5.338078	-17.08185	-4.626335	-8.185054
86.28	-12.81139	-185.3594	-761.2988	-438.0782	207.1174	-989.7544	-807.4733	132.0284	-309.9644	-53.73666	-17.08185	-6.049822	94.66192	-17.08185	177901.4	735793.8	-31.6726	95.72954	-6.049822	493.9502	-17.43772	-4.626335	91.81495	94.66192	-17.08185	-4.626335	91.81495
86.57	87.18861	-985.3594	-961.2988	161.9218	107.1174	-1689.754	-507.4733	-267.9716	-409.9644	-53.73666	-17.08185	-6.049822	-5.338078	-17.08185	78693.4	218900.8	-31.6726	-4.270463	-6.049822	193.9502	-17.43772	-4.626335	-8.185054	-5.338078	-17.08185	-4.626335	-8.185054
86.85	-12.81139	514.6406	739.7012	-138.0782	7.117439	-1389.754	492.5267	-467.9716	1190.036	46.26334	82.91815	-6.049822	-5.338078	-17.08185	106195.4	103860.8	68.3274	-4.270463	-6.049822	93.95018	-17.43772	-4.626335	-8.185054	-5.338078	-17.08185	-4.626335	-8.185054
87.14	-12.81139	914.6406	239.7012	661.9218	7.117439	-588.7544	-307.4733	-167.9716	-509.9644	146.2633	82.91815	-6.049822	-5.338078	-17.08185	108304.4	147177.8	-31.6726	-4.270463	-6.049822	93.95018	182.5623	-4.626335	91.81495	-5.338078	-17.08185	-4.626335	91.81495
87.43	-12.81139	314.6406	-1161.299	61.92175	-92.88256	-1489.754	-507.4733	-267.9716	-509.9644	-53.73666	-17.08185	-6.049822	-5.338078	-17.08185	39400.39	160056.8	-31.6726	-4.270463	-6.049822	-6.049822	-17.43772	-4.626335	-8.185054	-5.338078	-17.08185	-4.626335	-8.185054
87.71	-12.81139	114.6406	-761.2988	561.9218	-92.88256	-1589.754	-307.4733	32.02844	-209.9644	-53.73666	-17.08185	-6.049822	-5.338078	-17.08185	19877.39	117922.8	-31.6726	-4.270463	-6.049822	-6.049822	-17.43772	-4.626335	-8.185054	-5.338078	-17.08185	-4.626335	-8.185054
88	87.18861	14.64062	-2061.299	-438.0782	-92.88256	-488.7544	92.52673	632.0284	-209.9644	-53.73666	82.91815	-6.049822	-5.338078	-17.08185	38499.39	138528.8	-31.6726	-4.270463	-6.049822	-6.049822	-17.43772	-4.626335	-8.185054	-5.338078	-17.08185	-4.626335	-8.185054
88.28	-12.81139	714.6406	-1361.299	-138.0782	7.117439	-1389.754	-107.4733	432.0284	-209.9644	46.26334	-17.08185	-6.049822	-5.338078	-17.08185	52725.39	58212.77	-31.6726	-4.270463	-6.049822	193.9502	-17.43772	-4.626335	91.81495	-5.338078	-17.08185	-4.626335	91.81495
88.57	-12.81139	914.6406	-660.2988	261.9218	-92.88256	-1489.754	192.5267	32.02844	690.0356	-53.73666	-17.08185	-6.049822	-5.338078	-17.08185	69365.4	145366.8	-31.6726	95.72954	93.95018	-6.049822	82.56228	-4.626335	-8.185054	-5.338078	-17.08185	-4.626335	-8.185054
88.85	187.1886	914.6406	-961.2988	161.9218	7.117439	-1889.754	-7.473267	-267.9716	-609.9644	-53.73666	-17.08185	-6.049822	-5.338078	-17.08185	32490.39	13947.77	-31.6726	-4.270463	-6.049822	193.9502	-17.43772	-4.626335	-8.185054	-5.338078	-17.08185	-4.626335	-8.185054
89.14	-12.81139	-1085.359	439.7012	-38.07825	-92.88256	-1989.754	-707.4733	232.0284	990.0356	-53.73666	-17.08185	-6.049822	-5.338078	-17.08185	47214.39	2743.772	68.3274	-4.270463	-6.049822	-6.049822	-17.43772	-4.626335	-8.185054	-5.338078	-17.08185	-4.626335	-8.185054
89.42	-12.81139	514.6406	-761.2988	-138.0782	-92.88256	-488.7544	-607.4733	-67.97156	-109.9644	-53.73666	-17.08185	-6.049822	-5.338078	-17.08185	108203.4	118224.8	-31.6726	-4.270463	-6.049822	-6.049822	-17.43772	-4.626335	-8.185054	-5.338078	-17.08185	-4.626335	-8.185054
89.71	-12.81139	-185.3594	-160.2988	-138.0782	107.1174	-1989.754	-407.4733	232.0284	-109.9644	-53.73666	82.91815	-6.049822	-5.338078	-17.08185	33391.39	3443.772	-31.6726	-4.270463	-6.049822	93.95018	-17.43772	-4.626335	-8.185054	-5.338078	-17.08185	-4.626335	-8.185054
89.99	-12.81139	-485.3594	-1361.299	761.9218	107.1174	-388.7544	-7.473267	232.0284	290.0356	46.26334	-17.08185	-6.049822	-5.338078	-17.08185	2669.395	91612.77	-31.6726	-4.270463	-6.049822	-6.049822	82.56228	-4.626335	-8.185054	-5.338078	-17.08185	-4.626335	-8.185054
90.28	87.18861	514.6406	339.7012	661.9218	-92.88256	-1589.754	192.5267	-367.9716	690.0356	46.26334	82.91815	-6.049822	-5.338078	-17.08185	9971.395	26257.77	-31.6726	-4.270463	-6.049822	-6.049822	-17.43772	-4.626335	-8.185054	-5.338078	-17.08185	-4.626335	-8.185054
90.56	-12.81139	814.6406	-660.2988	-138.0782	-92.88256	-588.7544	492.5267	-167.9716	190.0356	-53.73666	-17.08185	-6.049822	-5.338078	-17.08185	6870.395	123348.8	68.3274	-4.270463	-6.049822	-6.049822	-17.43772	-4.626335	-8.185054	-5.338078	-17.08185	-4.626335	-8.185054
90.85	-12.81139	-785.3594	-260.2988	-238.0782	7.117439	-789.7544	-207.4733	32.02844	-409.9644	146.2633	-17.08185	-6.049822	-5.338078	-17.08185	81703.4	82681.77	-31.6726	-4.270463	-6.049822	-6.049822	-17.43772	-4.626335	-8.185054	-5.338078	-17.08185	-4.626335	-8.185054
91.14	-12.81139	714.6406	239.7012	-438.0782	107.1174	-488.7544	-207.4733	-267.9716	590.0356	146.2633	-17.08185	-6.049822	-5.338078	-17.08185	9371.395	127043.8	68.3274	-4.270463	-6.049822	-6.049822	-17.43772	-4.626335	-8.185054	-5.338078	-17.08185	-4.626335	-8.185054
91.42	-12.81139	114.6406	39.70117	161.9218	7.117439	-1389.754	-507.4733	-467.9716	-609.9644	-53.73666	82.91815	-6.049822	-5.338078	-17.08185	23780.39	34367.77	-31.6726	-4.270463	-6.049822	93.95018	-17.43772	-4.626335	-8.185054	-5.338078	-17.08185	-4.626335	-8.185054
91.71	-12.81139	614.6406	-1061.299	-338.0782	-92.88256	-1589.754	-707.4733	-167.9716	-709.9644	-53.73666	-17.08185	-6.049822	-5.338078	-17.08185	60342.39	10645.77	-31.6726	-4.270463	-6.049822	93.95018	182.5623	-4.626335	-8.185054	-5.338078	-17.08185	-4.626335	-8.185054
92	-12.81139	-285.3594	-2361.299	-238.0782	-92.88256	-2289.754	292.5267	-167.9716	190.0356	46.26334	-17.08185	-6.049822	-5.338078	-17.08185	2469.395	13798.77	-31.6726	-4.270463	-6.049822	93.95018	-17.43772	-4.626335	-8.185054	-5.338078	-17.08185	-4.626335	-8.185054
