ElapsedTime_s	Ti49_CPS	Al27_CPS	S33_CPS	Sc45_CPS	V51_CPS	Mn55_CPS	Fe57_CPS	Co59_CPS	Ni60_CPS	Ga71_CPS	Zr90_CPS	Nb93_CPS	Mo97_CPS	In113_CPS	Sn119_CPS	Sn118_CPS	Sb121_CPS	Hf177_CPS	Ta181_CPS	W183_CPS	Pb206_CPS	Th232_CPS	U238_CPS	Tc97_CPS	Cd113_CPS	U232_CPS	Pu238_CPS
0	-12.81139	1014.641	39.70117	261.9218	-92.88256	-2589.754	-907.4733	-167.9716	-309.9644	-53.73666	-17.08185	-6.049822	-5.338078	82.91815	65756.4	2543.772	68.3274	-4.270463	-6.049822	893.9502	82.56228	-4.626335	-8.185054	-5.338078	82.91815	-4.626335	-8.185054
																											
9.21	-12.81139	614.6406	-1361.299	-338.0782	-92.88256	-1389.754	-307.4733	-67.97156	-509.9644	46.26334	82.91815	-6.049822	-5.338078	-17.08185	-130.605	1743.772	-31.6726	-4.270463	-6.049822	-6.049822	-17.43772	-4.626335	-8.185054	-5.338078	-17.08185	-4.626335	-8.185054
9.5	-12.81139	14.64062	-1961.299	361.9218	-92.88256	-1989.754	292.5267	-67.97156	-209.9644	-53.73666	82.91815	-6.049822	94.66192	-17.08185	-130.605	-56.22775	-31.6726	-4.270463	-6.049822	-6.049822	-17.43772	-4.626335	-8.185054	94.66192	-17.08185	-4.626335	-8.185054
9.78	-12.81139	1914.641	-861.2988	-338.0782	7.117439	-1789.754	-607.4733	232.0284	90.03564	-53.73666	-17.08185	93.95018	-5.338078	-17.08185	69.39502	-156.2278	-31.6726	-4.270463	-6.049822	-6.049822	-17.43772	-4.626335	-8.185054	-5.338078	-17.08185	-4.626335	-8.185054
10.07	-12.81139	114.6406	-460.2988	661.9218	7.117439	-1389.754	-7.473267	232.0284	-609.9644	-53.73666	82.91815	-6.049822	-5.338078	-17.08185	-30.60498	-56.22775	168.3274	-4.270463	-6.049822	-6.049822	82.56228	95.37366	-8.185054	-5.338078	-17.08185	95.37366	-8.185054
10.35	-12.81139	-285.3594	-1261.299	61.92175	107.1174	-1489.754	-307.4733	-267.9716	290.0356	246.2633	-17.08185	-6.049822	-5.338078	-17.08185	-130.605	-56.22775	-31.6726	-4.270463	-6.049822	93.95018	-17.43772	-4.626335	-8.185054	-5.338078	-17.08185	-4.626335	-8.185054
10.64	87.18861	814.6406	-761.2988	-438.0782	7.117439	-1789.754	-207.4733	-67.97156	-309.9644	46.26334	-17.08185	-6.049822	-5.338078	-17.08185	-30.60498	-156.2278	-31.6726	-4.270463	-6.049822	193.9502	82.56228	-4.626335	-8.185054	-5.338078	-17.08185	-4.626335	-8.185054
10.92	187.1886	14.64062	939.7012	-238.0782	-92.88256	-1689.754	92.52673	-67.97156	-209.9644	146.2633	-17.08185	-6.049822	-5.338078	82.91815	169.395	45084.77	-31.6726	-4.270463	-6.049822	-6.049822	-17.43772	-4.626335	91.81495	-5.338078	82.91815	-4.626335	91.81495
11.21	-12.81139	314.6406	-460.2988	61.92175	107.1174	111.2456	-607.4733	32.02844	190.0356	-53.73666	-17.08185	-6.049822	-5.338078	-17.08185	-30.60498	-356.2278	-31.6726	-4.270463	-6.049822	-6.049822	-17.43772	-4.626335	-8.185054	-5.338078	-17.08185	-4.626335	-8.185054
11.49	-12.81139	-485.3594	-360.2988	-138.0782	107.1174	-2489.754	-107.4733	-367.9716	990.0356	-53.73666	-17.08185	-6.049822	-5.338078	-17.08185	56232.39	25356.77	-31.6726	95.72954	-6.049822	-6.049822	-17.43772	-4.626335	-8.185054	-5.338078	-17.08185	-4.626335	-8.185054
11.78	-12.81139	114.6406	-761.2988	-238.0782	7.117439	-889.7544	-507.4733	432.0284	390.0356	-53.73666	82.91815	-6.049822	-5.338078	-17.08185	-30.60498	343.7722	-31.6726	195.7295	-6.049822	-6.049822	-17.43772	-4.626335	-8.185054	-5.338078	-17.08185	-4.626335	-8.185054
12.06	87.18861	814.6406	-360.2988	361.9218	-92.88256	-889.7544	-7.473267	-267.9716	-109.9644	146.2633	-17.08185	-6.049822	-5.338078	-17.08185	69.39502	243.7722	-31.6726	-4.270463	-6.049822	-6.049822	-17.43772	-4.626335	-8.185054	-5.338078	-17.08185	-4.626335	-8.185054
12.35	-12.81139	-885.3594	-1161.299	461.9218	107.1174	-488.7544	-307.4733	-467.9716	-109.9644	46.26334	-17.08185	-6.049822	-5.338078	-17.08185	-130.605	-156.2278	-31.6726	-4.270463	-6.049822	-6.049822	-17.43772	-4.626335	-8.185054	-5.338078	-17.08185	-4.626335	-8.185054
12.63	-12.81139	-485.3594	-961.2988	-38.07825	-92.88256	-2089.754	-107.4733	432.0284	1090.036	46.26334	-17.08185	-6.049822	-5.338078	-17.08185	69.39502	-256.2278	-31.6726	-4.270463	-6.049822	-6.049822	-17.43772	-4.626335	-8.185054	-5.338078	-17.08185	-4.626335	-8.185054
12.92	-12.81139	814.6406	-60.29883	261.9218	7.117439	-2289.754	-207.4733	132.0284	-209.9644	146.2633	82.91815	-6.049822	-5.338078	-17.08185	269.395	243.7722	-31.6726	-4.270463	-6.049822	-6.049822	-17.43772	-4.626335	-8.185054	-5.338078	-17.08185	-4.626335	-8.185054
13.2	-12.81139	-485.3594	-60.29883	161.9218	7.117439	-1389.754	-7.473267	332.0284	90.03564	146.2633	-17.08185	-6.049822	-5.338078	-17.08185	-130.605	-156.2278	-31.6726	95.72954	-6.049822	-6.049822	-17.43772	-4.626335	-8.185054	-5.338078	-17.08185	-4.626335	-8.185054
13.49	-12.81139	614.6406	-360.2988	161.9218	-92.88256	-1189.754	92.52673	32.02844	-209.9644	-53.73666	-17.08185	-6.049822	-5.338078	-17.08185	69.39502	-56.22775	-31.6726	-4.270463	-6.049822	-6.049822	-17.43772	-4.626335	-8.185054	-5.338078	-17.08185	-4.626335	-8.185054
13.77	-12.81139	1014.641	939.7012	261.9218	207.1174	-1889.754	-307.4733	132.0284	-509.9644	-53.73666	82.91815	-6.049822	-5.338078	-17.08185	-130.605	143.7722	-31.6726	-4.270463	-6.049822	93.95018	-17.43772	-4.626335	-8.185054	-5.338078	-17.08185	-4.626335	-8.185054
14.06	87.18861	14.64062	-60.29883	-38.07825	-92.88256	-1389.754	292.5267	-367.9716	-109.9644	46.26334	-17.08185	-6.049822	-5.338078	-17.08185	-130.605	-56.22775	-31.6726	-4.270463	-6.049822	-6.049822	-17.43772	-4.626335	-8.185054	-5.338078	-17.08185	-4.626335	-8.185054
14.34	-12.81139	-85.35938	339.7012	261.9218	107.1174	-288.7544	-307.4733	232.0284	90.03564	46.26334	-17.08185	-6.049822	-5.338078	-17.08185	-30.60498	-56.22775	68.3274	-4.270463	-6.049822	-6.049822	-17.43772	-4.626335	191.8149	-5.338078	-17.08185	-4.626335	191.8149
14.63	-12.81139	614.6406	239.7012	-38.07825	-92.88256	-1389.754	192.5267	132.0284	-209.9644	-53.73666	-17.08185	-6.049822	-5.338078	-17.08185	-30.60498	22453.77	-31.6726	-4.270463	-6.049822	-6.049822	-17.43772	-4.626335	-8.185054	-5.338078	-17.08185	-4.626335	-8.185054
14.91	-12.81139	814.6406	839.7012	361.9218	-92.88256	-1889.754	-307.4733	232.0284	90.03564	-53.73666	-17.08185	-6.049822	-5.338078	-17.08185	69.39502	-156.2278	68.3274	-4.270463	-6.049822	-6.049822	-17.43772	95.37366	-8.185054	-5.338078	-17.08185	95.37366	-8.185054
15.2	-12.81139	1114.641	-260.2988	61.92175	-92.88256	-1189.754	-7.473267	-367.9716	290.0356	-53.73666	-17.08185	-6.049822	94.66192	-17.08185	-30.60498	-156.2278	-31.6726	-4.270463	-6.049822	-6.049822	82.56228	-4.626335	-8.185054	94.66192	-17.08185	-4.626335	-8.185054
15.48	-12.81139	514.6406	-1161.299	-338.0782	7.117439	-1589.754	-907.4733	-267.9716	290.0356	46.26334	-17.08185	-6.049822	-5.338078	-17.08185	69.39502	14447.77	-31.6726	-4.270463	-6.049822	-6.049822	182.5623	-4.626335	-8.185054	-5.338078	-17.08185	-4.626335	-8.185054
15.77	-12.81139	-885.3594	-160.2988	61.92175	-92.88256	-1489.754	-307.4733	-367.9716	-409.9644	-53.73666	82.91815	-6.049822	-5.338078	-17.08185	69.39502	-156.2278	68.3274	-4.270463	-6.049822	-6.049822	-17.43772	-4.626335	-8.185054	-5.338078	-17.08185	-4.626335	-8.185054
16.05	-12.81139	2214.641	139.7012	-138.0782	107.1174	-1789.754	292.5267	332.0284	190.0356	-53.73666	-17.08185	-6.049822	-5.338078	-17.08185	-30.60498	-156.2278	-31.6726	-4.270463	-6.049822	-6.049822	-17.43772	-4.626335	-8.185054	-5.338078	-17.08185	-4.626335	-8.185054
16.34	-12.81139	1714.641	-1561.299	361.9218	-92.88256	-2189.754	-507.4733	32.02844	-309.9644	-53.73666	-17.08185	-6.049822	-5.338078	-17.08185	69.39502	-256.2278	-31.6726	-4.270463	-6.049822	193.9502	-17.43772	-4.626335	-8.185054	-5.338078	-17.08185	-4.626335	-8.185054
16.62	-12.81139	614.6406	239.7012	61.92175	7.117439	-2489.754	-707.4733	432.0284	-709.9644	-53.73666	-17.08185	-6.049822	-5.338078	-17.08185	15174.39	-56.22775	68.3274	-4.270463	-6.049822	-6.049822	-17.43772	-4.626335	-8.185054	-5.338078	-17.08185	-4.626335	-8.185054
16.91	-12.81139	314.6406	-660.2988	61.92175	-92.88256	-1189.754	292.5267	232.0284	190.0356	-53.73666	-17.08185	93.95018	-5.338078	-17.08185	-130.605	-156.2278	-31.6726	-4.270463	-6.049822	-6.049822	-17.43772	-4.626335	-8.185054	-5.338078	-17.08185	-4.626335	-8.185054
17.19	-12.81139	414.6406	139.7012	461.9218	107.1174	-188.7544	-607.4733	232.0284	-9.964355	46.26334	82.91815	-6.049822	-5.338078	-17.08185	12372.39	143.7722	-31.6726	-4.270463	-6.049822	-6.049822	-17.43772	-4.626335	91.81495	-5.338078	-17.08185	-4.626335	91.81495
17.48	-12.81139	214.6406	-660.2988	261.9218	107.1174	-989.7544	-107.4733	-67.97156	-609.9644	446.2633	-17.08185	-6.049822	-5.338078	-17.08185	-130.605	43.77225	-31.6726	-4.270463	-6.049822	-6.049822	-17.43772	-4.626335	-8.185054	-5.338078	-17.08185	-4.626335	-8.185054
17.76	-12.81139	1214.641	339.7012	61.92175	-92.88256	-2289.754	-207.4733	332.0284	-409.9644	146.2633	-17.08185	-6.049822	-5.338078	-17.08185	-30.60498	-56.22775	-31.6726	-4.270463	-6.049822	-6.049822	-17.43772	-4.626335	-8.185054	-5.338078	-17.08185	-4.626335	-8.185054
18.05	-12.81139	914.6406	-761.2988	61.92175	207.1174	111.2456	-907.4733	-267.9716	-309.9644	46.26334	-17.08185	-6.049822	-5.338078	-17.08185	-30.60498	-56.22775	-31.6726	-4.270463	93.95018	-6.049822	-17.43772	-4.626335	-8.185054	-5.338078	-17.08185	-4.626335	-8.185054
18.33	-12.81139	-285.3594	-961.2988	-338.0782	7.117439	-1189.754	-807.4733	-267.9716	-409.9644	146.2633	-17.08185	-6.049822	-5.338078	-17.08185	-30.60498	-56.22775	-31.6726	-4.270463	-6.049822	93.95018	-17.43772	-4.626335	-8.185054	-5.338078	-17.08185	-4.626335	-8.185054
18.62	-12.81139	3015.641	-2261.299	-238.0782	-92.88256	-789.7544	192.5267	32.02844	190.0356	-53.73666	-17.08185	-6.049822	-5.338078	82.91815	-30.60498	43.77225	-31.6726	-4.270463	-6.049822	-6.049822	-17.43772	-4.626335	-8.185054	-5.338078	82.91815	-4.626335	-8.185054
18.91	-12.81139	-385.3594	-961.2988	261.9218	-92.88256	-2089.754	-207.4733	32.02844	-409.9644	46.26334	-17.08185	-6.049822	-5.338078	-17.08185	-130.605	343.7722	68.3274	-4.270463	-6.049822	-6.049822	-17.43772	-4.626335	-8.185054	-5.338078	-17.08185	-4.626335	-8.185054
19.19	87.18861	-85.35938	-961.2988	161.9218	-92.88256	-188.7544	-407.4733	332.0284	90.03564	46.26334	-17.08185	-6.049822	94.66192	-17.08185	69.39502	59515.77	-31.6726	-4.270463	-6.049822	1093.95	-17.43772	-4.626335	-8.185054	94.66192	-17.08185	-4.626335	-8.185054
19.48	-12.81139	1014.641	-560.2988	61.92175	-92.88256	-1189.754	-907.4733	132.0284	-9.964355	46.26334	82.91815	-6.049822	-5.338078	-17.08185	-130.605	-56.22775	-31.6726	-4.270463	-6.049822	-6.049822	-17.43772	-4.626335	-8.185054	-5.338078	-17.08185	-4.626335	-8.185054
19.76	-12.81139	-585.3594	-861.2988	-138.0782	-92.88256	-1789.754	192.5267	-167.9716	-409.9644	146.2633	-17.08185	93.95018	94.66192	-17.08185	-130.605	-256.2278	-31.6726	-4.270463	-6.049822	-6.049822	-17.43772	-4.626335	-8.185054	94.66192	-17.08185	-4.626335	-8.185054
20.05	-12.81139	414.6406	-1061.299	261.9218	7.117439	211.2456	492.5267	-267.9716	90.03564	46.26334	-17.08185	-6.049822	-5.338078	-17.08185	-30.60498	-56.22775	-31.6726	-4.270463	-6.049822	-6.049822	-17.43772	-4.626335	-8.185054	-5.338078	-17.08185	-4.626335	-8.185054
20.33	-12.81139	-385.3594	-1861.299	-138.0782	7.117439	-1589.754	-507.4733	732.0284	-209.9644	46.26334	-17.08185	-6.049822	-5.338078	-17.08185	169.395	-156.2278	68.3274	-4.270463	-6.049822	-6.049822	-17.43772	-4.626335	-8.185054	-5.338078	-17.08185	-4.626335	-8.185054
20.62	-12.81139	-185.3594	139.7012	-438.0782	-92.88256	-1089.754	-407.4733	-167.9716	190.0356	-53.73666	-17.08185	-6.049822	-5.338078	-17.08185	-130.605	643.7722	-31.6726	-4.270463	-6.049822	-6.049822	-17.43772	-4.626335	-8.185054	-5.338078	-17.08185	-4.626335	-8.185054
20.9	-12.81139	314.6406	-1061.299	-38.07825	107.1174	-689.7544	192.5267	-67.97156	-109.9644	46.26334	-17.08185	-6.049822	-5.338078	-17.08185	69.39502	34668.77	-31.6726	-4.270463	-6.049822	-6.049822	-17.43772	-4.626335	-8.185054	-5.338078	-17.08185	-4.626335	-8.185054
21.19	-12.81139	214.6406	-1161.299	261.9218	-92.88256	-2189.754	92.52673	-467.9716	-709.9644	-53.73666	-17.08185	-6.049822	-5.338078	-17.08185	-130.605	43.77225	-31.6726	-4.270463	-6.049822	-6.049822	-17.43772	-4.626335	-8.185054	-5.338078	-17.08185	-4.626335	-8.185054
21.47	87.18861	2014.641	539.7012	-338.0782	7.117439	-2289.754	-107.4733	-367.9716	-9.964355	-53.73666	-17.08185	-6.049822	-5.338078	-17.08185	69.39502	-256.2278	-31.6726	-4.270463	-6.049822	-6.049822	-17.43772	-4.626335	-8.185054	-5.338078	-17.08185	-4.626335	-8.185054
21.76	-12.81139	414.6406	-260.2988	261.9218	7.117439	-1189.754	-507.4733	32.02844	190.0356	46.26334	-17.08185	-6.049822	-5.338078	-17.08185	69.39502	43.77225	-31.6726	-4.270463	-6.049822	-6.049822	182.5623	-4.626335	-8.185054	-5.338078	-17.08185	-4.626335	-8.185054
22.04	-12.81139	914.6406	-1261.299	561.9218	7.117439	-488.7544	-407.4733	432.0284	390.0356	-53.73666	-17.08185	-6.049822	-5.338078	-17.08185	-130.605	-156.2278	-31.6726	-4.270463	-6.049822	-6.049822	-17.43772	95.37366	-8.185054	-5.338078	-17.08185	95.37366	-8.185054
22.33	-12.81139	14.64062	-460.2988	-438.0782	-92.88256	-1789.754	-207.4733	132.0284	690.0356	-53.73666	-17.08185	-6.049822	-5.338078	-17.08185	-130.605	-56.22775	-31.6726	-4.270463	-6.049822	-6.049822	-17.43772	-4.626335	-8.185054	-5.338078	-17.08185	-4.626335	-8.185054
22.61	-12.81139	-985.3594	-761.2988	-438.0782	7.117439	-1689.754	-707.4733	132.0284	-209.9644	-53.73666	-17.08185	-6.049822	-5.338078	-17.08185	-130.605	-56.22775	-31.6726	-4.270463	-6.049822	-6.049822	-17.43772	-4.626335	-8.185054	-5.338078	-17.08185	-4.626335	-8.185054
22.9	-12.81139	314.6406	-660.2988	561.9218	-92.88256	-1589.754	92.52673	332.0284	590.0356	46.26334	-17.08185	-6.049822	-5.338078	-17.08185	-30.60498	-56.22775	-31.6726	-4.270463	-6.049822	-6.049822	-17.43772	-4.626335	91.81495	-5.338078	-17.08185	-4.626335	91.81495
23.18	-12.81139	1314.641	-1961.299	-238.0782	-92.88256	-989.7544	-807.4733	432.0284	-109.9644	-53.73666	-17.08185	-6.049822	-5.338078	-17.08185	-30.60498	143.7722	168.3274	95.72954	-6.049822	-6.049822	-17.43772	-4.626335	-8.185054	-5.338078	-17.08185	-4.626335	-8.185054
23.46	-12.81139	414.6406	-961.2988	61.92175	-92.88256	-2589.754	492.5267	332.0284	90.03564	46.26334	-17.08185	-6.049822	-5.338078	-17.08185	10971.39	-56.22775	-31.6726	-4.270463	-6.049822	-6.049822	-17.43772	-4.626335	-8.185054	-5.338078	-17.08185	-4.626335	-8.185054
23.75	187.1886	714.6406	-861.2988	-538.0782	-92.88256	-2289.754	292.5267	232.0284	-309.9644	46.26334	-17.08185	-6.049822	-5.338078	-17.08185	169.395	-56.22775	-31.6726	95.72954	-6.049822	-6.049822	-17.43772	-4.626335	-8.185054	-5.338078	-17.08185	-4.626335	-8.185054
24.03	-12.81139	314.6406	639.7012	-338.0782	-92.88256	-1089.754	-407.4733	32.02844	90.03564	46.26334	-17.08185	-6.049822	-5.338078	-17.08185	69.39502	-156.2278	-31.6726	-4.270463	-6.049822	-6.049822	82.56228	-4.626335	-8.185054	-5.338078	-17.08185	-4.626335	-8.185054
24.32	-12.81139	1714.641	1039.701	461.9218	107.1174	-1589.754	-407.4733	32.02844	90.03564	46.26334	82.91815	-6.049822	-5.338078	-17.08185	-30.60498	-56.22775	68.3274	-4.270463	-6.049822	-6.049822	-17.43772	-4.626335	-8.185054	-5.338078	-17.08185	-4.626335	-8.185054
24.6	-12.81139	414.6406	339.7012	-238.0782	7.117439	411.2456	392.5267	-367.9716	390.0356	-53.73666	-17.08185	-6.049822	-5.338078	82.91815	-30.60498	-156.2278	-31.6726	-4.270463	-6.049822	-6.049822	82.56228	-4.626335	-8.185054	-5.338078	82.91815	-4.626335	-8.185054
24.89	-12.81139	-885.3594	-761.2988	-138.0782	-92.88256	-789.7544	592.5267	-467.9716	590.0356	146.2633	-17.08185	-6.049822	-5.338078	-17.08185	-130.605	43.77225	-31.6726	-4.270463	-6.049822	-6.049822	-17.43772	-4.626335	-8.185054	-5.338078	-17.08185	-4.626335	-8.185054
25.17	-12.81139	914.6406	-1061.299	361.9218	7.117439	-1389.754	92.52673	-367.9716	490.0356	-53.73666	82.91815	-6.049822	-5.338078	-17.08185	-30.60498	143.7722	-31.6726	-4.270463	-6.049822	-6.049822	-17.43772	-4.626335	-8.185054	-5.338078	-17.08185	-4.626335	-8.185054
25.46	-12.81139	1414.641	-660.2988	61.92175	-92.88256	-2289.754	-407.4733	-167.9716	390.0356	46.26334	-17.08185	-6.049822	-5.338078	-17.08185	69.39502	-56.22775	-31.6726	95.72954	-6.049822	-6.049822	-17.43772	-4.626335	-8.185054	-5.338078	-17.08185	-4.626335	-8.185054
25.74	-12.81139	-285.3594	-1361.299	-38.07825	107.1174	-1189.754	-707.4733	32.02844	-109.9644	-53.73666	-17.08185	-6.049822	-5.338078	-17.08185	69.39502	43.77225	-31.6726	-4.270463	-6.049822	-6.049822	-17.43772	-4.626335	-8.185054	-5.338078	-17.08185	-4.626335	-8.185054
26.03	-12.81139	114.6406	-1061.299	661.9218	7.117439	-1089.754	692.5267	132.0284	590.0356	246.2633	-17.08185	-6.049822	-5.338078	-17.08185	3769.395	243.7722	68.3274	-4.270463	-6.049822	-6.049822	-17.43772	-4.626335	-8.185054	-5.338078	-17.08185	-4.626335	-8.185054
26.31	-12.81139	814.6406	-1161.299	-238.0782	-92.88256	-1089.754	492.5267	-167.9716	390.0356	-53.73666	-17.08185	-6.049822	-5.338078	-17.08185	-30.60498	43.77225	-31.6726	-4.270463	93.95018	-6.049822	-17.43772	-4.626335	-8.185054	-5.338078	-17.08185	-4.626335	-8.185054
26.6	-12.81139	1714.641	39.70117	161.9218	7.117439	-889.7544	92.52673	332.0284	-909.9644	-53.73666	82.91815	-6.049822	-5.338078	-17.08185	-30.60498	-356.2278	-31.6726	-4.270463	-6.049822	93.95018	-17.43772	-4.626335	-8.185054	-5.338078	-17.08185	-4.626335	-8.185054
26.88	-12.81139	-1185.359	-160.2988	-38.07825	-92.88256	-2289.754	-7.473267	-167.9716	-9.964355	-53.73666	-17.08185	-6.049822	-5.338078	-17.08185	69.39502	-156.2278	-31.6726	-4.270463	-6.049822	-6.049822	-17.43772	-4.626335	-8.185054	-5.338078	-17.08185	-4.626335	-8.185054
27.18	-12.81139	2014.641	-1261.299	361.9218	107.1174	-1289.754	-107.4733	32.02844	390.0356	46.26334	-17.08185	-6.049822	-5.338078	82.91815	-30.60498	-356.2278	68.3274	-4.270463	-6.049822	-6.049822	-17.43772	-4.626335	-8.185054	-5.338078	82.91815	-4.626335	-8.185054
27.46	-12.81139	-685.3594	-1361.299	161.9218	7.117439	-1789.754	-407.4733	-67.97156	-9.964355	46.26334	-17.08185	-6.049822	-5.338078	-17.08185	-30.60498	43.77225	-31.6726	95.72954	-6.049822	-6.049822	-17.43772	-4.626335	-8.185054	-5.338078	-17.08185	-4.626335	-8.185054
27.75	-12.81139	14.64062	439.7012	-738.0782	107.1174	-2489.754	-107.4733	-267.9716	-209.9644	-53.73666	82.91815	-6.049822	-5.338078	-17.08185	69.39502	43.77225	-31.6726	-4.270463	-6.049822	-6.049822	82.56228	-4.626335	-8.185054	-5.338078	-17.08185	-4.626335	-8.185054
28.03	-12.81139	914.6406	-861.2988	-138.0782	-92.88256	-1689.754	-507.4733	32.02844	490.0356	46.26334	-17.08185	-6.049822	-5.338078	-17.08185	9171.395	-56.22775	68.3274	-4.270463	93.95018	-6.049822	82.56228	-4.626335	-8.185054	-5.338078	-17.08185	-4.626335	-8.185054
28.32	-12.81139	-485.3594	-360.2988	-138.0782	7.117439	-1089.754	-707.4733	532.0284	-509.9644	-53.73666	-17.08185	-6.049822	-5.338078	-17.08185	-130.605	-156.2278	68.3274	-4.270463	-6.049822	-6.049822	-17.43772	-4.626335	-8.185054	-5.338078	-17.08185	-4.626335	-8.185054
28.6	-12.81139	814.6406	-560.2988	261.9218	-92.88256	-1289.754	-307.4733	-167.9716	-609.9644	46.26334	-17.08185	-6.049822	-5.338078	-17.08185	-130.605	-256.2278	-31.6726	-4.270463	-6.049822	-6.049822	-17.43772	-4.626335	-8.185054	-5.338078	-17.08185	-4.626335	-8.185054
28.89	-12.81139	-585.3594	739.7012	-538.0782	-92.88256	-2489.754	-307.4733	232.0284	-109.9644	-53.73666	-17.08185	-6.049822	-5.338078	-17.08185	69.39502	43.77225	-31.6726	-4.270463	-6.049822	-6.049822	-17.43772	-4.626335	-8.185054	-5.338078	-17.08185	-4.626335	-8.185054
29.17	-12.81139	1514.641	239.7012	361.9218	-92.88256	-2089.754	292.5267	-167.9716	590.0356	-53.73666	-17.08185	-6.049822	-5.338078	-17.08185	-30.60498	-156.2278	68.3274	-4.270463	-6.049822	-6.049822	82.56228	-4.626335	-8.185054	-5.338078	-17.08185	-4.626335	-8.185054
29.46	-12.81139	614.6406	-761.2988	661.9218	-92.88256	-588.7544	92.52673	-67.97156	790.0356	-53.73666	-17.08185	-6.049822	-5.338078	-17.08185	169.395	-156.2278	-31.6726	-4.270463	-6.049822	-6.049822	-17.43772	-4.626335	-8.185054	-5.338078	-17.08185	-4.626335	-8.185054
29.74	-12.81139	-185.3594	-1361.299	261.9218	207.1174	311.2456	292.5267	32.02844	590.0356	-53.73666	-17.08185	-6.049822	-5.338078	-17.08185	69.39502	-156.2278	-31.6726	-4.270463	-6.049822	-6.049822	-17.43772	-4.626335	-8.185054	-5.338078	-17.08185	-4.626335	-8.185054
30.03	87.18861	514.6406	-961.2988	-138.0782	7.117439	-789.7544	292.5267	232.0284	-309.9644	-53.73666	-17.08185	-6.049822	-5.338078	-17.08185	-130.605	143.7722	-31.6726	-4.270463	-6.049822	-6.049822	-17.43772	-4.626335	-8.185054	-5.338078	-17.08185	-4.626335	-8.185054
30.31	-12.81139	-485.3594	539.7012	-438.0782	-92.88256	-488.7544	492.5267	-167.9716	-209.9644	46.26334	-17.08185	-6.049822	-5.338078	-17.08185	-30.60498	-56.22775	-31.6726	-4.270463	-6.049822	-6.049822	-17.43772	-4.626335	-8.185054	-5.338078	-17.08185	-4.626335	-8.185054
30.6	-12.81139	214.6406	539.7012	-238.0782	-92.88256	-1389.754	-507.4733	-67.97156	-709.9644	46.26334	-17.08185	-6.049822	-5.338078	-17.08185	1438362	2746829	68.3274	-4.270463	-6.049822	45234.95	2782.562	-4.626335	191.8149	-5.338078	-17.08185	-4.626335	191.8149
30.89	787.1886	68124.64	-961.2988	16967.92	807.1174	911.2456	13097.53	332.0284	490.0356	1246.263	12385.92	493.9502	-5.338078	482.9182	2.855476e+07	8.290427e+07	168.3274	495.7295	293.9502	254079	8984.562	-4.626335	791.8149	-5.338078	482.9182	-4.626335	791.8149
31.18	1487.189	262754.6	439.7012	68758.92	2607.117	6713.246	41730.53	1132.028	1790.036	2446.263	30400.92	1893.95	-5.338078	582.9182	6.472968e+07	1.62205e+08	668.3274	2095.729	93.95018	492293.9	9784.562	-4.626335	2491.815	-5.338078	582.9182	-4.626335	2491.815
31.46	3187.189	350239.6	-60.29883	116537.9	4107.118	8314.246	54556.53	1032.028	3090.036	4146.263	42518.92	3693.95	-5.338078	982.9182	7.864306e+07	2.062698e+08	568.3274	1695.729	93.95018	575543.9	10984.56	-4.626335	1791.815	-5.338078	982.9182	-4.626335	1791.815
31.75	3687.189	400497.6	439.7012	128596.9	6508.118	9114.246	59567.53	1132.028	1990.036	5547.263	43820.92	2493.95	-5.338078	1282.918	9.51591e+07	2.463322e+08	1568.327	1395.729	493.9502	764919.9	10884.56	-4.626335	2091.815	-5.338078	1282.918	-4.626335	2091.815
32.03	3887.189	346182.6	1539.701	142572.9	5608.118	11416.25	66084.52	1232.028	2290.036	6447.263	48229.92	2693.95	-5.338078	1382.918	1.03337e+08	3.024248e+08	1568.327	1295.729	193.9502	798753.9	8684.562	-4.626335	2291.815	-5.338078	1382.918	-4.626335	2291.815
32.32	3587.189	351659.6	2139.701	130004.9	7008.118	10115.25	63878.53	2332.028	2490.036	5347.263	48128.92	1993.95	-5.338078	982.9182	1.211493e+08	2.98418e+08	1368.327	1195.729	293.9502	872870.9	8283.562	-4.626335	1391.815	-5.338078	982.9182	-4.626335	1391.815
32.6	3087.189	276403.6	2339.701	115733.9	6708.118	10515.25	58264.53	2732.028	1990.036	6447.263	54742.92	2493.95	-5.338078	1782.918	1.218496e+08	3.104385e+08	1868.327	1795.729	793.9502	878046.9	10684.56	95.37366	1091.815	-5.338078	1782.918	95.37366	1091.815
32.89	2187.189	252446.6	3840.701	101973.9	6708.118	8214.246	55959.53	2432.028	2490.036	4946.263	51435.92	1893.95	-5.338078	1282.918	1.221269e+08	3.62531e+08	1268.327	1595.729	293.9502	833459.9	10984.56	-4.626335	1491.815	-5.338078	1282.918	-4.626335	1491.815
33.18	3087.189	229420.6	3540.701	83002.92	10009.12	7914.246	46839.53	2132.028	3891.036	3646.263	49531.92	2293.95	-5.338078	1282.918	1.332784e+08	2.964146e+08	1368.327	3295.729	393.9502	802779.9	10184.56	-4.626335	1691.815	-5.338078	1282.918	-4.626335	1691.815
33.46	4987.188	202986.6	4840.701	68758.92	13711.12	5913.246	46038.53	1932.028	3190.036	5147.263	49731.92	2293.95	-5.338078	482.9182	1.349622e+08	3.585237e+08	668.3274	3095.729	193.9502	692863.9	10284.56	95.37366	1691.815	-5.338078	482.9182	95.37366	1691.815
33.75	4387.188	181416.6	2639.701	55826.92	12110.12	5513.246	48643.53	2832.028	3991.036	5247.263	50934.92	4393.95	-5.338078	1282.918	1.312443e+08	3.264664e+08	468.3274	2895.729	393.9502	655064.9	12385.56	-4.626335	1291.815	-5.338078	1282.918	-4.626335	1291.815
34.03	6588.188	194114.6	4340.701	50514.92	14912.12	11016.25	59167.53	2232.028	4191.036	3546.263	54040.92	5694.95	-5.338078	1182.918	1.35094e+08	3.725494e+08	568.3274	3195.729	693.9502	621319.9	10884.56	95.37366	1191.815	-5.338078	1182.918	95.37366	1191.815
34.32	10389.19	288037.6	4040.701	48811.92	14912.12	12417.25	75010.52	2232.028	4491.036	3946.263	57448.92	4493.95	-5.338078	1482.918	1.350208e+08	3.545164e+08	1168.327	4595.729	193.9502	502799.9	10384.56	95.37366	1691.815	-5.338078	1482.918	95.37366	1691.815
34.61	10889.19	264270.6	2639.701	41497.92	17613.12	16420.25	91466.52	2332.028	3491.036	4746.263	56345.92	3993.95	-5.338078	582.9182	1.360754e+08	4.00602e+08	1168.327	3795.729	193.9502	439930.9	9384.562	-4.626335	1391.815	-5.338078	582.9182	-4.626335	1391.815
34.89	8188.188	307471.6	3540.701	36489.92	17013.12	12517.25	86448.52	2432.028	2990.036	5847.263	52637.92	2893.95	-5.338078	782.9182	1.329418e+08	3.525128e+08	768.3274	3595.729	493.9502	334415.9	12085.56	95.37366	1191.815	-5.338078	782.9182	95.37366	1191.815
35.18	7288.188	219327.6	3540.701	44402.92	13611.12	12016.25	63578.53	3232.028	3791.036	9048.264	48128.92	2493.95	-5.338078	1182.918	1.344936e+08	3.525128e+08	1568.327	1995.729	-6.049822	266607.9	11485.56	-4.626335	1391.815	-5.338078	1182.918	-4.626335	1391.815
35.46	7788.188	147988.6	3740.701	59033.92	13511.12	6513.246	70497.52	1732.028	3891.036	11249.26	48429.92	993.9502	-5.338078	1682.918	1.408397e+08	3.745531e+08	2168.327	1295.729	293.9502	194850	10084.56	95.37366	1991.815	-5.338078	1682.918	95.37366	1991.815
35.75	4187.188	123248.6	1839.701	72669.92	10109.12	6813.246	54756.53	2732.028	2790.036	17052.26	44121.92	1593.95	-5.338078	1382.918	1.367787e+08	2.98418e+08	3068.327	1195.729	93.95018	175206	11084.56	-4.626335	2591.815	-5.338078	1382.918	-4.626335	2591.815
36.04	2687.189	95721.64	3640.701	97354.92	8809.117	11216.25	47641.53	3032.028	2390.036	22957.26	44421.92	1093.95	-5.338078	1682.918	1.364563e+08	3.765569e+08	3168.327	2195.729	93.95018	127418	12185.56	95.37366	3891.815	-5.338078	1682.918	95.37366	3891.815
36.32	3487.189	107070.6	3040.701	120054.9	5408.118	3112.246	56961.53	2432.028	3791.036	29664.26	47227.92	893.9502	-5.338078	2582.918	1.436572e+08	3.805643e+08	3968.327	1395.729	193.9502	116967	10584.56	-4.626335	4691.815	-5.338078	2582.918	-4.626335	4691.815
36.61	1887.189	77754.64	2539.701	138349.9	3807.117	2311.246	50948.53	3732.028	4191.036	27061.26	51736.92	593.9502	-5.338078	3282.918	1.279249e+08	3.485056e+08	3268.327	2095.729	193.9502	105516	8984.562	-4.626335	4591.815	-5.338078	3282.918	-4.626335	4591.815
36.89	1987.189	63711.64	3340.701	138751.9	3807.117	1711.246	48443.53	2332.028	4491.036	29664.26	51535.92	393.9502	-5.338078	2982.918	1.312589e+08	3.68542e+08	3668.327	2095.729	93.95018	83733.95	11185.56	-4.626335	4891.815	-5.338078	2982.918	-4.626335	4891.815
37.18	887.1886	61906.64	3340.701	174978.9	2507.117	2511.246	58264.53	2132.028	2090.036	33068.26	59152.92	693.9502	-5.338078	3782.918	1.320929e+08	3.32477e+08	3368.327	2595.729	93.95018	89653.95	9484.562	-4.626335	6192.815	-5.338078	3782.918	-4.626335	6192.815
37.47	1187.189	66419.64	4640.701	174374.9	2007.117	911.2456	52852.53	3032.028	2190.036	32968.26	62861.92	393.9502	-5.338078	2482.918	1.252803e+08	3.785605e+08	4468.328	1995.729	93.95018	73802.95	10084.56	-4.626335	5992.815	-5.338078	2482.918	-4.626335	5992.815
37.75	1087.189	85180.64	2940.701	172763.9	2807.117	911.2456	47441.53	2032.028	2390.036	38576.26	63162.92	493.9502	-5.338078	3782.918	1.332638e+08	3.304735e+08	4768.328	3795.729	93.95018	79319.95	12585.56	-4.626335	7292.815	-5.338078	3782.918	-4.626335	7292.815
38.04	2287.189	43162.64	4140.701	207326.9	1207.117	-1089.754	56460.53	1732.028	3390.036	45688.26	79508.92	393.9502	-5.338078	3982.918	1.359143e+08	3.565201e+08	4068.327	3095.729	93.95018	64276.95	13486.56	-4.626335	5592.815	-5.338078	3982.918	-4.626335	5592.815
38.32	1987.189	36850.64	3740.701	219227.9	1807.117	-88.75439	52351.53	2732.028	2390.036	41280.26	81214.92	193.9502	-5.338078	3582.918	1.332204e+08	3.965944e+08	4768.328	5196.729	-6.049822	67384.95	11585.56	-4.626335	5492.815	-5.338078	3582.918	-4.626335	5492.815
38.61	2587.189	40757.64	2639.701	198756.9	2607.117	-388.7544	44535.53	3032.028	3290.036	34670.26	81414.92	-6.049822	-5.338078	3382.918	1.366761e+08	3.705457e+08	2768.327	3395.729	193.9502	48841.95	11185.56	-4.626335	4191.815	-5.338078	3382.918	-4.626335	4191.815
38.89	3987.189	30540.64	3140.701	170548.9	6208.118	-1089.754	38525.53	1832.028	3891.036	29864.26	79408.92	393.9502	-5.338078	2782.918	1.392997e+08	3.424948e+08	2168.327	3795.729	-6.049822	42729.95	9784.562	-4.626335	3491.815	-5.338078	2782.918	-4.626335	3491.815
39.18	2987.189	25233.64	3440.701	144282.9	12610.12	-989.7544	30713.53	1132.028	3791.036	25559.26	63964.92	193.9502	-5.338078	2482.918	1.361926e+08	3.164489e+08	1168.327	3095.729	-6.049822	33115.95	12585.56	-4.626335	2591.815	-5.338078	2482.918	-4.626335	2591.815
39.47	5688.188	18125.64	2439.701	114728.9	22517.12	-588.7544	29111.53	2632.028	3891.036	20054.26	64164.92	193.9502	-5.338078	1482.918	1.357971e+08	3.885793e+08	1768.327	2295.729	193.9502	24705.95	11485.56	-4.626335	2191.815	-5.338078	1482.918	-4.626335	2191.815
39.75	13190.19	18726.64	3240.701	89926.92	31527.12	211.2456	21803.53	2532.028	4391.036	16752.26	59553.92	193.9502	-5.338078	1382.918	1.411037e+08	3.46502e+08	1668.327	2495.729	93.95018	21903.95	13586.56	-4.626335	2191.815	-5.338078	1382.918	-4.626335	2191.815
40.04	17393.19	14722.64	3840.701	76080.92	41341.12	611.2456	18500.53	2432.028	3891.036	15051.26	61658.92	293.9502	-5.338078	1882.918	1.25266e+08	4.00602e+08	1268.327	2495.729	193.9502	23904.95	12085.56	-4.626335	1291.815	-5.338078	1882.918	-4.626335	1291.815
40.33	23298.19	16323.64	1539.701	74776.92	49957.12	-288.7544	19501.53	3832.028	3791.036	13350.26	51335.92	193.9502	-5.338078	1782.918	1.375113e+08	4.56712e+08	1568.327	1595.729	-6.049822	18300.95	9084.562	-4.626335	2191.815	-5.338078	1782.918	-4.626335	2191.815
40.61	18594.19	10919.64	2339.701	73271.92	43946.12	-488.7544	15598.53	2332.028	3591.036	12649.26	51736.92	193.9502	-5.338078	1982.918	1.347132e+08	3.765569e+08	1568.327	1395.729	93.95018	22703.95	10584.56	-4.626335	891.8149	-5.338078	1982.918	-4.626335	891.8149
40.9	16392.19	11119.64	3040.701	81999.92	37435.12	-1089.754	19801.53	2832.028	4591.036	20254.26	51635.92	193.9502	-5.338078	1482.918	1.38552e+08	3.404912e+08	1368.327	2095.729	93.95018	22403.95	9084.562	-4.626335	2691.815	-5.338078	1482.918	-4.626335	2691.815
41.19	12690.19	13521.64	4040.701	87217.92	27923.12	-689.7544	26308.53	2732.028	3891.036	25259.26	51635.92	293.9502	-5.338078	2082.918	1.344789e+08	3.945906e+08	1968.327	1595.729	93.95018	22103.95	11685.56	-4.626335	2291.815	-5.338078	2082.918	-4.626335	2291.815
41.47	9889.188	14322.64	2739.701	86414.92	19315.12	-1789.754	30213.53	2432.028	4391.036	23657.26	56746.92	93.95018	-5.338078	2382.918	1.326051e+08	3.525128e+08	1868.327	1995.729	193.9502	25206.95	10484.56	-4.626335	2991.815	-5.338078	2382.918	-4.626335	2991.815
41.76	6588.188	18626.64	3040.701	86012.92	14211.12	-88.75439	31414.53	3032.028	3190.036	35872.26	57749.92	293.9502	-5.338078	2882.918	1.328979e+08	3.144455e+08	2268.327	1895.729	-6.049822	24105.95	9784.562	-4.626335	2891.815	-5.338078	2882.918	-4.626335	2891.815
42.04	6488.188	19526.64	4340.701	79290.92	11110.12	-288.7544	36321.53	1832.028	4191.036	40379.26	57448.92	93.95018	-5.338078	4182.918	1.395197e+08	4.046097e+08	3568.327	2095.729	93.95018	37721.95	11785.56	-4.626335	3891.815	-5.338078	4182.918	-4.626335	3891.815
42.33	5088.188	24532.64	3240.701	71667.92	11310.12	1511.246	42732.53	2432.028	2790.036	45187.26	62660.92	93.95018	-5.338078	5083.918	1.399303e+08	3.805643e+08	3468.327	1695.729	-6.049822	49642.95	11585.56	-4.626335	4791.815	-5.338078	5083.918	-4.626335	4791.815
42.62	6188.188	26034.64	3640.701	69059.92	6308.118	-789.7544	46138.53	2632.028	4291.036	43083.26	60455.92	93.95018	-5.338078	3282.918	1.379657e+08	3.68542e+08	3068.327	3095.729	-6.049822	68988.95	12885.56	-4.626335	5792.815	-5.338078	3282.918	-4.626335	5792.815
42.9	4987.188	26835.64	3240.701	66753.92	6608.118	-288.7544	54355.53	3932.028	4491.036	53303.26	58450.92	193.9502	-5.338078	5083.918	1.31654e+08	3.68542e+08	3068.327	1995.729	-6.049822	83934.95	11185.56	-4.626335	5592.815	-5.338078	5083.918	-4.626335	5592.815
43.19	6488.188	28638.64	2339.701	66251.92	5508.118	-288.7544	49645.53	2532.028	4491.036	52201.26	59753.92	693.9502	-5.338078	5383.918	1.402089e+08	3.885793e+08	4368.328	2395.729	193.9502	110638	13486.56	-4.626335	5892.815	-5.338078	5383.918	-4.626335	5892.815
43.47	6488.188	33545.64	3340.701	75277.92	3707.117	311.2456	48443.53	3132.028	4091.036	50196.26	59352.92	193.9502	-5.338078	4182.918	1.337908e+08	3.404912e+08	3768.327	2095.729	-6.049822	117972	12485.56	-4.626335	4991.815	-5.338078	4182.918	-4.626335	4991.815
43.76	12090.19	33645.64	1739.701	83403.92	3907.117	111.2456	47541.53	2032.028	1890.036	56710.26	63262.92	593.9502	-5.338078	4182.918	1.379657e+08	4.306601e+08	3468.327	2995.729	-6.049822	124403	11985.56	-4.626335	6492.815	-5.338078	4182.918	-4.626335	6492.815
44.05	18294.19	32343.64	3740.701	75378.92	5808.118	1211.246	42531.53	2332.028	2190.036	45988.26	59854.92	693.9502	-5.338078	4382.918	1.334394e+08	3.384877e+08	1668.327	1795.729	-6.049822	120584	10284.56	-4.626335	2991.815	-5.338078	4382.918	-4.626335	2991.815
44.33	22397.19	27636.64	3340.701	80393.92	6108.118	-889.7544	39126.53	1332.028	4491.036	42382.26	59954.92	993.9502	-5.338078	4082.918	1.410597e+08	3.244629e+08	2468.327	2395.729	193.9502	129127	11285.56	-4.626335	5992.815	-5.338078	4082.918	-4.626335	5992.815
44.62	24499.19	27236.64	2239.701	73973.92	8508.117	-989.7544	41930.53	3532.028	4591.036	33769.26	53239.92	1093.95	-5.338078	4582.918	1.32371e+08	3.745531e+08	3568.327	2095.729	93.95018	121187	10784.56	-4.626335	4191.815	-5.338078	4582.918	-4.626335	4191.815
44.9	23398.19	26234.64	3140.701	56627.92	9209.117	-88.75439	43533.53	2832.028	3891.036	33168.26	55243.92	993.9502	-5.338078	4082.918	1.339811e+08	3.82568e+08	4668.328	2295.729	193.9502	129428	12085.56	-4.626335	7092.815	-5.338078	4082.918	-4.626335	7092.815
45.19	21696.19	30741.64	4240.701	50113.92	11310.12	2011.246	42732.53	2732.028	3591.036	31666.26	52337.92	893.9502	-5.338078	4382.918	1.30703e+08	4.266523e+08	3268.327	1595.729	-6.049822	114757	11084.56	-4.626335	4491.815	-5.338078	4382.918	-4.626335	4491.815
45.47	22497.19	32143.64	3340.701	49312.92	13511.12	911.2456	50948.53	2032.028	4291.036	30465.26	51535.92	1093.95	94.66192	4382.918	1.385813e+08	3.585237e+08	3468.327	1895.729	193.9502	105416	12285.56	-4.626335	4591.815	94.66192	4382.918	-4.626335	4591.815
45.76	28603.19	28437.64	2339.701	48610.92	30426.12	711.2456	46940.53	2532.028	2790.036	28462.26	56947.92	993.9502	-5.338078	4282.918	1.356213e+08	3.62531e+08	3968.327	1595.729	-6.049822	86041.95	9684.562	-4.626335	3891.815	-5.338078	4282.918	-4.626335	3891.815
46.05	34711.19	32143.64	2139.701	55024.92	85052.12	711.2456	40127.53	2132.028	3591.036	29964.26	59653.92	1593.95	-5.338078	2182.918	1.378045e+08	3.765569e+08	3368.327	2795.729	193.9502	75306.95	11585.56	195.3737	3791.815	-5.338078	2182.918	195.3737	3791.815
46.33	43124.19	27236.64	3440.701	59334.92	109145.1	-689.7544	41930.53	1932.028	3090.036	31065.26	60756.92	1393.95	-5.338078	2082.918	1.33498e+08	3.765569e+08	3368.327	1995.729	93.95018	72999.95	11385.56	95.37366	3291.815	-5.338078	2082.918	95.37366	3291.815
46.62	56451.19	41659.64	5340.701	63645.92	158307.1	-588.7544	39426.53	3132.028	3390.036	26860.26	68977.92	1293.95	-5.338078	1982.918	1.324734e+08	3.965944e+08	4568.328	1695.729	93.95018	62872.95	9784.562	-4.626335	4991.815	-5.338078	1982.918	-4.626335	4991.815
46.9	61162.19	31742.64	3240.701	65650.92	163641.1	-1689.754	39126.53	2732.028	5091.036	25759.26	66571.92	1193.95	-5.338078	1482.918	1.366028e+08	3.505092e+08	2168.327	2595.729	93.95018	47739.95	11084.56	-4.626335	3891.815	-5.338078	1482.918	-4.626335	3891.815
47.19	66175.19	31442.64	3140.701	61439.92	200811.1	-588.7544	34919.53	1932.028	3691.036	21155.26	65969.92	993.9502	-5.338078	2482.918	1.343764e+08	4.066135e+08	2668.327	2695.729	193.9502	44432.95	10584.56	-4.626335	2691.815	-5.338078	2482.918	-4.626335	2691.815
47.48	92658.19	36550.64	3140.701	57530.92	303540.1	-1189.754	29211.53	1432.028	2690.036	19253.26	70180.92	2493.95	-5.338078	1182.918	1.314052e+08	3.304735e+08	2868.327	2995.729	193.9502	48440.95	13185.56	-4.626335	3991.815	-5.338078	1182.918	-4.626335	3991.815
47.76	107719.2	35648.64	3640.701	60036.92	479972.1	-288.7544	30213.53	3332.028	2590.036	20054.26	84424.92	4893.95	94.66192	1182.918	1.365735e+08	3.785605e+08	2468.327	3395.729	393.9502	112346	12685.56	-4.626335	5092.815	94.66192	1182.918	-4.626335	5092.815
48.05	125602.2	91002.64	3640.701	68859.92	601561.1	-588.7544	28210.53	2332.028	4291.036	18053.26	86231.92	10095.95	-5.338078	1382.918	1.327515e+08	3.344805e+08	3368.327	2995.729	993.9502	224195	10284.56	-4.626335	5892.815	-5.338078	1382.918	-4.626335	5892.815
48.33	131432.2	47271.64	5140.701	57630.92	612522.1	2411.246	27209.53	3232.028	3991.036	21856.26	83722.92	24305.95	-5.338078	1882.918	1.357824e+08	4.026059e+08	2068.327	2595.729	1693.95	526785.9	11585.56	-4.626335	6192.815	-5.338078	1882.918	-4.626335	6192.815
48.62	128818.2	81266.64	4640.701	58933.92	606068.1	3212.246	30914.53	2732.028	4291.036	21255.26	86431.92	38923.95	94.66192	1682.918	1.371157e+08	3.144455e+08	2368.327	3795.729	1693.95	708595.9	11785.56	-4.626335	6992.815	94.66192	1682.918	-4.626335	6992.815
48.91	124396.2	180711.6	3940.701	59835.92	511182.1	2411.246	29612.53	2232.028	2990.036	22156.26	77402.92	47538.95	94.66192	1582.918	1.367054e+08	3.344805e+08	1768.327	3395.729	993.9502	904360.9	12385.56	-4.626335	8793.815	94.66192	1582.918	-4.626335	8793.815
49.19	127712.2	116313.6	3640.701	51616.92	507100.1	2211.246	24906.53	2732.028	2890.036	18853.26	74292.92	42629.95	94.66192	1482.918	1.438334e+08	4.767527e+08	2268.327	3695.729	1793.95	1035400	11885.56	-4.626335	5492.815	94.66192	1482.918	-4.626335	5492.815
49.48	123491.2	99838.64	3240.701	57530.92	483438.1	4912.246	29011.53	3532.028	3290.036	23857.26	92453.92	32414.95	-5.338078	1482.918	1.451524e+08	3.565201e+08	2268.327	3395.729	1593.95	1076065	10084.56	-4.626335	8592.815	-5.338078	1482.918	-4.626335	8592.815
49.76	127109.2	95319.64	2039.701	57730.92	431704.1	3512.246	30012.53	2832.028	4591.036	31966.26	87033.92	31112.95	-5.338078	1582.918	1.391824e+08	3.585237e+08	3068.327	2495.729	393.9502	859002.9	10984.56	95.37366	6792.815	-5.338078	1582.918	95.37366	6792.815
50.05	108422.2	95420.64	2439.701	61339.92	424990.1	2611.246	34819.53	2132.028	4591.036	36373.26	78304.92	21602.95	-5.338078	1982.918	1.420134e+08	4.326641e+08	3468.327	3595.729	693.9502	688444.9	12885.56	-4.626335	6292.815	-5.338078	1982.918	-4.626335	6292.815
50.34	104103.2	97026.64	4840.701	67856.92	395106.1	3012.246	36021.53	3032.028	4691.036	34470.26	90445.92	16999.95	-5.338078	1782.918	1.47141e+08	3.965944e+08	4268.328	3095.729	493.9502	571655.9	11285.56	95.37366	8592.815	-5.338078	1782.918	95.37366	8592.815
50.62	105610.2	138532.6	4040.701	67254.92	384036.1	1911.246	32716.53	2732.028	3991.036	39778.26	84023.92	17299.95	-5.338078	2682.918	1.349183e+08	3.585237e+08	3368.327	2695.729	1093.95	495149.9	8483.562	-4.626335	8192.815	-5.338078	2682.918	-4.626335	8192.815
50.91	108422.2	139336.6	2739.701	58833.92	355620.1	4112.246	32816.53	2332.028	3290.036	33268.26	91549.92	17999.95	-5.338078	2282.918	1.373355e+08	3.845718e+08	2968.327	3595.729	1393.95	533424.9	12185.56	195.3737	9893.815	-5.338078	2282.918	195.3737	9893.815
51.2	121783.2	92207.64	2239.701	51717.92	327743.1	3612.246	30813.53	2532.028	3090.036	28863.26	91148.92	17999.95	-5.338078	1982.918	1.303959e+08	3.404912e+08	3668.327	3195.729	893.9502	565825.9	11084.56	-4.626335	8292.815	-5.338078	1982.918	-4.626335	8292.815
51.48	108321.2	70631.64	2139.701	48510.92	259851.1	9415.246	31014.53	3032.028	4191.036	25359.26	91850.92	27108.95	-5.338078	1882.918	1.347865e+08	4.046097e+08	3568.327	3995.729	2093.95	1051762	11385.56	195.3737	10593.82	-5.338078	1882.918	195.3737	10593.82
51.77	109828.2	65316.64	1639.701	40195.92	232080.1	17621.25	32115.53	2332.028	3090.036	20855.26	98375.92	42629.95	-5.338078	1082.918	1.429526e+08	3.545164e+08	4968.328	4195.729	3293.95	1435455	11385.56	-4.626335	14595.82	-5.338078	1082.918	-4.626335	14595.82
52.06	106614.2	70732.64	3640.701	33986.92	191438.1	18121.25	25107.53	3032.028	2890.036	13750.26	99680.92	50845.95	-5.338078	1382.918	1.417199e+08	3.585237e+08	3768.327	3595.729	3993.95	1532360	13686.56	495.3737	10393.82	-5.338078	1382.918	495.3737	10393.82
52.34	106815.2	58998.64	2539.701	28178.92	143418.1	15519.25	24606.53	2532.028	5191.036	11849.26	89944.92	46136.95	94.66192	1582.918	1.381562e+08	3.404912e+08	3668.327	2695.729	3193.95	1486725	11485.56	395.3737	10593.82	94.66192	1582.918	395.3737	10593.82
52.63	104907.2	59199.64	3140.701	22272.92	125522.1	11216.25	24406.53	2532.028	3891.036	12949.26	93958.92	45134.95	194.6619	782.9182	1.320198e+08	3.785605e+08	3168.327	5096.729	2093.95	1413241	10784.56	95.37366	12794.82	194.6619	782.9182	95.37366	12794.82
52.91	106513.2	56492.64	4140.701	22272.92	113364.1	12717.25	26808.53	3032.028	2990.036	8848.264	89442.92	47739.95	-5.338078	1082.918	1.372622e+08	3.985982e+08	3668.327	4095.729	2393.95	1443816	10884.56	-4.626335	11894.82	-5.338078	1082.918	-4.626335	11894.82
53.2	110029.2	174566.6	2639.701	21371.92	98501.12	10515.25	27409.53	1832.028	3390.036	9048.264	86632.92	47137.95	-5.338078	382.9182	1.356066e+08	3.845718e+08	3668.327	2295.729	2893.95	1491709	9184.562	395.3737	12794.82	-5.338078	382.9182	395.3737	12794.82
53.49	123391.2	226594.6	2239.701	21671.92	90772.12	9315.246	39526.53	2932.028	2990.036	9548.264	102994.9	45034.95	-5.338078	1182.918	1.447878e+08	4.146289e+08	4368.328	3995.729	2493.95	1540435	12085.56	195.3737	11093.82	-5.338078	1182.918	195.3737	11093.82
53.77	129823.2	303927.6	1839.701	20270.92	97999.12	10115.25	32315.53	3032.028	3591.036	9848.264	103295.9	49342.95	-5.338078	1482.918	1.496077e+08	4.046097e+08	2468.327	4695.729	2693.95	1544898	14686.56	295.3737	12094.82	-5.338078	1482.918	295.3737	12094.82
54.06	143900.2	304535.6	3240.701	21071.92	105931.1	10215.25	33317.53	3132.028	3691.036	9148.264	97572.92	43831.95	-5.338078	1282.918	1.332204e+08	4.406799e+08	3168.327	2695.729	1593.95	1388512	11885.56	-4.626335	10993.82	-5.338078	1282.918	-4.626335	10993.82
54.34	128215.2	320030.6	1439.701	18068.92	91474.12	7013.246	36722.53	2032.028	3090.036	8047.263	94059.92	39925.95	-5.338078	1282.918	1.311712e+08	3.765569e+08	4068.327	2195.729	1193.95	1267007	9284.562	295.3737	10493.82	-5.338078	1282.918	295.3737	10493.82
54.63	121080.2	343241.6	1739.701	19069.92	75722.12	8714.246	47641.53	3932.028	3390.036	6747.263	96367.92	46636.95	-5.338078	1082.918	1.288897e+08	3.244629e+08	3668.327	3395.729	2493.95	1331534	9984.562	95.37366	9293.815	-5.338078	1082.918	95.37366	9293.815
54.92	118065.2	713326.6	839.7012	19770.92	68300.12	12917.25	89659.52	1932.028	4291.036	7147.263	86732.92	41527.95	-5.338078	782.9182	1.119992e+08	3.384877e+08	2868.327	3695.729	1893.95	1171201	7283.562	95.37366	10793.82	-5.338078	782.9182	95.37366	10793.82
55.2	107016.2	1040483	2739.701	13865.92	68200.12	17220.25	115266.5	3032.028	2690.036	5347.263	80812.92	46236.95	-5.338078	882.9182	1.152748e+08	2.603547e+08	3168.327	3595.729	2093.95	1204005	11285.56	95.37366	11394.82	-5.338078	882.9182	95.37366	11394.82
55.49	121481.2	1735451	4040.701	16467.92	69805.12	26831.25	193553.5	2632.028	3390.036	6947.263	94661.92	49041.95	-5.338078	1382.918	1.257477e+08	3.424948e+08	1968.327	2295.729	1293.95	1310990	13185.56	-4.626335	11694.82	-5.338078	1382.918	-4.626335	11694.82
55.77	112138.2	1849322	1139.701	15667.92	110451.1	27532.25	194259.5	3532.028	3491.036	7947.263	85729.92	43130.95	-5.338078	1482.918	1.279249e+08	3.144455e+08	3568.327	2495.729	2093.95	1331113	15887.56	-4.626335	9793.815	-5.338078	1482.918	-4.626335	9793.815
56.06	90751.19	1526512	1839.701	18969.92	64089.12	23127.25	170786.5	3132.028	3190.036	9148.264	74894.92	34317.95	-5.338078	1882.918	1.253825e+08	3.184524e+08	3968.327	2995.729	2393.95	1267953	11885.56	95.37366	9693.815	-5.338078	1882.918	95.37366	9693.815
56.34	88343.19	1143044	1239.701	28078.92	67398.12	19423.25	117476.5	1732.028	2590.036	12849.26	77803.92	28409.95	94.66192	1582.918	1.226376e+08	3.224594e+08	3468.327	2895.729	793.9502	1092140	9884.562	195.3737	8993.815	94.66192	1582.918	195.3737	8993.815
56.63	83025.19	917059.6	1839.701	32884.92	63087.12	16220.25	92269.52	2032.028	4691.036	13750.26	75496.92	25506.95	-5.338078	2882.918	1.234842e+08	3.304735e+08	4668.328	2795.729	1193.95	1023005	9584.562	95.37366	9893.815	-5.338078	2882.918	95.37366	9893.815
56.92	82724.19	770293.6	4240.701	44202.92	62686.12	12617.25	88957.52	2032.028	3591.036	16752.26	72487.92	20201.95	-5.338078	2882.918	1.279979e+08	3.164489e+08	4568.328	2795.729	1193.95	843383.9	10884.56	-4.626335	9093.815	-5.338078	2882.918	-4.626335	9093.815
57.2	82724.19	611864.6	1639.701	47208.92	69002.12	12016.25	82534.52	4533.028	2690.036	16652.26	90245.92	20902.95	-5.338078	3982.918	1.397983e+08	3.545164e+08	4168.328	2395.729	3193.95	818682.9	11185.56	-4.626335	10693.82	-5.338078	3982.918	-4.626335	10693.82
57.49	85633.19	391962.6	1739.701	57730.92	82543.12	8314.246	70396.52	2532.028	2790.036	14150.26	72587.92	23104.95	-5.338078	2982.918	1.239076e+08	3.184524e+08	4668.328	1395.729	1793.95	797308.9	10884.56	-4.626335	10493.82	-5.338078	2982.918	-4.626335	10493.82
57.77	81419.19	318105.6	2339.701	49813.92	89969.12	6513.246	64580.53	2032.028	4491.036	14951.26	75897.92	35118.95	-5.338078	2482.918	1.295622e+08	3.965944e+08	3868.327	3395.729	4093.95	991887.9	11385.56	195.3737	14295.82	-5.338078	2482.918	195.3737	14295.82
58.06	84831.19	281966.6	2539.701	48510.92	93281.12	5813.246	47942.53	2132.028	2990.036	14650.26	81214.92	32114.95	-5.338078	2082.918	1.225501e+08	3.565201e+08	3468.327	3695.729	1893.95	970887.9	10684.56	-4.626335	14295.82	-5.338078	2082.918	-4.626335	14295.82
58.34	83727.19	263967.6	3140.701	48310.92	98802.12	5312.246	49545.53	2932.028	3290.036	18453.26	84324.92	23804.95	-5.338078	2682.918	1.228128e+08	3.084351e+08	1768.327	3595.729	2293.95	1080656	8884.562	-4.626335	15896.82	-5.338078	2682.918	-4.626335	15896.82
58.63	88945.19	196533.6	2039.701	63945.92	102116.1	8614.246	46439.53	2032.028	3591.036	18153.26	87936.92	18900.95	-5.338078	1582.918	1.247399e+08	3.204559e+08	3368.327	3595.729	1693.95	1152250	8083.562	-4.626335	16897.81	-5.338078	1582.918	-4.626335	16897.81
58.92	93863.19	160569.6	1939.701	71867.92	102316.1	5513.246	34819.53	1832.028	2990.036	25559.26	92653.92	22203.95	-5.338078	2082.918	1.301326e+08	3.204559e+08	2968.327	3395.729	1293.95	1242313	10184.56	-4.626335	17797.81	-5.338078	2082.918	-4.626335	17797.81
59.2	97979.19	156542.6	2239.701	77384.92	94987.12	5613.246	40929.53	1832.028	2690.036	28963.26	99580.92	19501.95	-5.338078	2182.918	1.251926e+08	3.344805e+08	4568.328	3495.729	993.9502	1240632	12185.56	95.37366	20800.81	-5.338078	2182.918	95.37366	20800.81
59.49	112640.2	108074.6	3240.701	88120.92	80737.12	7413.246	40428.53	2732.028	4291.036	33368.26	101287.9	17399.95	-5.338078	2182.918	1.38508e+08	3.945906e+08	3568.327	3995.729	1093.95	1272474	13286.56	95.37366	23102.81	-5.338078	2182.918	95.37366	23102.81
59.78	114750.2	102952.6	3440.701	96651.92	80236.12	6713.246	41029.53	2532.028	2990.036	40980.26	101488.9	13297.95	-5.338078	2182.918	1.38508e+08	3.68542e+08	4368.328	3195.729	1393.95	1126307	13085.56	195.3737	17897.81	-5.338078	2182.918	195.3737	17897.81
60.06	99886.19	99637.64	2940.701	92134.92	95891.12	7513.246	44335.53	2732.028	3390.036	36973.26	95062.92	13897.95	-5.338078	1982.918	1.352991e+08	3.505092e+08	3168.327	4695.729	493.9502	907988.9	12285.56	-4.626335	17197.81	-5.338078	1982.918	-4.626335	17197.81
60.35	110330.2	177990.6	1639.701	92435.92	142814.1	5713.246	42331.53	3032.028	3891.036	38476.26	95665.92	10895.95	-5.338078	3482.918	1.333663e+08	3.264664e+08	3368.327	2695.729	793.9502	742251.9	10384.56	-4.626335	11694.82	-5.338078	3482.918	-4.626335	11694.82
60.63	102396.2	75146.64	2439.701	90729.92	151968.1	6113.246	39426.53	2332.028	2890.036	37174.26	88639.92	8094.95	-5.338078	2382.918	1.239952e+08	3.244629e+08	2468.327	3195.729	393.9502	610251.9	7683.562	-4.626335	11394.82	-5.338078	2382.918	-4.626335	11394.82
60.92	86035.19	70932.64	2439.701	86414.92	155490.1	4112.246	33617.53	3132.028	3991.036	46690.26	88338.92	9395.95	-5.338078	2982.918	1.257623e+08	3.384877e+08	3568.327	2995.729	993.9502	617322.9	7383.562	-4.626335	10793.82	-5.338078	2982.918	-4.626335	10793.82
61.21	78209.19	57093.64	3140.701	81898.92	143619.1	2611.246	43333.53	3432.028	4291.036	45788.26	82719.92	8695.95	-5.338078	2282.918	1.287727e+08	3.424948e+08	2368.327	3095.729	293.9502	613838.9	6083.562	-4.626335	9093.815	-5.338078	2282.918	-4.626335	9093.815
61.49	73194.19	55790.64	3740.701	69159.92	135574.1	5212.246	39226.53	2132.028	4191.036	36473.26	71484.92	12296.95	-5.338078	1782.918	1.240974e+08	3.525128e+08	2868.327	2895.729	393.9502	564700.9	6783.562	195.3737	9393.815	-5.338078	1782.918	195.3737	9393.815
61.78	76604.19	45166.64	3040.701	64146.92	220677.1	6213.246	34418.53	2732.028	3090.036	28863.26	78304.92	12296.95	94.66192	2582.918	1.306299e+08	3.044282e+08	3568.327	2895.729	393.9502	488214.9	9484.562	95.37366	6492.815	94.66192	2582.918	95.37366	6492.815
62.06	81219.19	40156.64	1039.701	48710.92	252779.1	5513.246	30112.53	2232.028	3290.036	25960.26	70381.92	15798.95	-5.338078	1282.918	1.280272e+08	3.144455e+08	1968.327	3495.729	1193.95	431078.9	8183.562	-4.626335	7692.815	-5.338078	1282.918	-4.626335	7692.815
62.35	87038.19	37151.64	3540.701	46506.92	262883.1	6413.246	29311.53	1832.028	2490.036	24058.26	77000.92	22903.95	-5.338078	1882.918	1.288019e+08	3.565201e+08	868.3274	3195.729	1593.95	555497.9	10684.56	195.3737	8492.815	-5.338078	1882.918	195.3737	8492.815
62.64	101995.2	32343.64	1439.701	39294.92	280776.1	5412.246	28310.53	2832.028	2790.036	22256.26	78605.92	30011.95	-5.338078	882.9182	1.28875e+08	3.665384e+08	1668.327	3295.729	2293.95	662250.9	12185.56	95.37366	6592.815	-5.338078	882.9182	95.37366	6592.815
62.92	91554.19	36650.64	2139.701	33986.92	263085.1	6113.246	23805.53	3732.028	2890.036	17352.26	87033.92	38322.95	-5.338078	782.9182	1.272379e+08	3.705457e+08	1568.327	3995.729	2793.95	929248.9	11485.56	95.37366	7792.815	-5.338078	782.9182	95.37366	7792.815
63.21	98481.19	36951.64	1039.701	36389.92	237531.1	11816.25	22504.53	1532.028	5391.036	14951.26	92955.92	42429.95	-5.338078	582.9182	1.39857e+08	3.90583e+08	1168.327	4095.729	2493.95	1167744	13486.56	195.3737	9793.815	-5.338078	582.9182	195.3737	9793.815
63.49	104605.2	45166.64	2239.701	40095.92	208473.1	23026.25	26108.53	4232.028	3491.036	11249.26	89040.92	41828.95	-5.338078	882.9182	1.336151e+08	3.82568e+08	1868.327	3695.729	2393.95	1395062	11885.56	95.37366	8893.815	-5.338078	882.9182	95.37366	8893.815
63.78	98782.19	25333.64	3240.701	39494.92	184687.1	38449.25	26508.53	1632.028	3991.036	14550.26	85829.92	38623.95	-5.338078	1382.918	1.340982e+08	3.444984e+08	2968.327	3795.729	1393.95	1606824	11785.56	195.3737	7692.815	-5.338078	1382.918	195.3737	7692.815
64.06	80115.19	31141.64	1739.701	38693.92	150861.1	50172.25	29111.53	2132.028	3390.036	13250.26	82317.92	29510.95	-5.338078	1682.918	1.307762e+08	3.82568e+08	4768.328	2995.729	1593.95	1695076	10284.56	95.37366	7292.815	-5.338078	1682.918	95.37366	7292.815
64.35	71389.19	41258.64	3440.701	43701.92	115473.1	46464.25	27609.53	2232.028	3891.036	15651.26	75195.92	26607.95	-5.338078	1382.918	1.400476e+08	4.306601e+08	4668.328	3695.729	1593.95	1573289	11985.56	-4.626335	8893.815	-5.338078	1382.918	-4.626335	8893.815
64.64	64570.19	49676.64	1639.701	37891.92	107639.1	29835.25	27109.53	1532.028	3491.036	13350.26	78605.92	20001.95	-5.338078	1682.918	1.251634e+08	3.785605e+08	3568.327	3195.729	1593.95	1271738	11485.56	-4.626335	5692.815	-5.338078	1682.918	-4.626335	5692.815
64.92	60159.19	36049.64	1439.701	38693.92	85854.12	25029.25	25006.53	2832.028	4291.036	13250.26	75496.92	17499.95	-5.338078	1982.918	1.30235e+08	3.645347e+08	3068.327	3295.729	2293.95	1241578	10184.56	-4.626335	6292.815	-5.338078	1982.918	-4.626335	6292.815
65.21	59658.19	25433.64	1939.701	46206.92	76023.12	14518.25	26909.53	3732.028	3991.036	12149.26	73490.92	16298.95	-5.338078	2082.918	1.234842e+08	3.204559e+08	3268.327	4395.729	1093.95	1245674	11285.56	195.3737	5192.815	-5.338078	2082.918	195.3737	5192.815
65.49	43825.19	30440.64	3040.701	58031.92	70807.12	11516.25	25707.53	2432.028	2590.036	13250.26	76399.92	13597.95	-5.338078	2082.918	1.319759e+08	3.985982e+08	4468.328	1395.729	893.9502	1252293	12485.56	-4.626335	3991.815	-5.338078	2082.918	-4.626335	3991.815
65.78	42122.19	31642.64	3740.701	66953.92	49857.12	14918.25	23305.53	3632.028	4691.036	8848.264	75195.92	9695.95	-5.338078	2882.918	1.365882e+08	3.90583e+08	3068.327	2095.729	493.9502	1169734	14486.56	-4.626335	4991.815	-5.338078	2882.918	-4.626335	4991.815
66.07	36514.19	37552.64	2339.701	66151.92	44747.12	7714.246	21803.53	2632.028	3390.036	9548.264	73089.92	8594.95	-5.338078	2182.918	1.310395e+08	3.404912e+08	2368.327	2295.729	393.9502	1116898	12785.56	-4.626335	4591.815	-5.338078	2182.918	-4.626335	4591.815
66.35	36013.19	34847.64	1639.701	69260.92	36634.12	6913.246	17900.53	1732.028	3491.036	7547.263	74593.92	8795.95	-5.338078	2982.918	1.690171e+08	3.404912e+08	1868.327	2395.729	693.9502	921364.9	10584.56	-4.626335	4491.815	-5.338078	2982.918	-4.626335	4491.815
66.64	34411.19	52883.64	2639.701	73071.92	37736.12	8314.246	21303.53	1932.028	3090.036	9048.264	69077.92	8194.95	-5.338078	3082.918	1.263466e+08	3.424948e+08	2468.327	2195.729	393.9502	708595.9	10784.56	95.37366	3891.815	-5.338078	3082.918	95.37366	3891.815
66.92	38016.19	158857.6	3140.701	74675.92	36834.12	10015.25	49445.53	2632.028	2590.036	11549.26	69478.92	6794.95	-5.338078	3782.918	1.193261e+08	3.224594e+08	1368.327	2395.729	493.9502	666254.9	7783.562	-4.626335	3691.815	-5.338078	3782.918	-4.626335	3691.815
67.21	47833.19	711885.6	3340.701	69761.92	28023.12	18422.25	116170.5	2032.028	1490.036	17352.26	69077.92	5494.95	-5.338078	2482.918	1.129452e+08	3.264664e+08	1768.327	2895.729	393.9502	598165.9	6983.562	-4.626335	3991.815	-5.338078	2482.918	-4.626335	3991.815
67.5	34411.19	1706660	2639.701	68959.92	23718.12	33941.25	256218.5	1432.028	2090.036	16552.26	57248.92	7094.95	-5.338078	2782.918	9.766558e+07	2.463322e+08	1568.327	2395.729	593.9502	470173.9	7383.562	95.37366	3591.815	-5.338078	2782.918	95.37366	3591.815
67.78	27702.19	2898852	2039.701	54422.92	18214.12	57891.25	412803.5	832.0284	3290.036	17352.26	50132.92	5294.95	-5.338078	1582.918	7.734582e+07	1.682136e+08	968.3274	2295.729	393.9502	413078.9	5383.562	-4.626335	3691.815	-5.338078	1582.918	-4.626335	3691.815
68.07	20395.19	3686850	3540.701	40195.92	15812.12	61300.25	471023.5	1232.028	2090.036	13450.26	36909.92	4593.95	-5.338078	1082.918	7.017633e+07	2.022638e+08	1068.327	1195.729	293.9502	579533.9	5683.562	-4.626335	1691.815	-5.338078	1082.918	-4.626335	1691.815
68.35	19294.19	3960504	2739.701	32283.92	13611.12	61400.25	448717.5	1432.028	2590.036	11249.26	39513.92	5494.95	94.66192	1482.918	8.201808e+07	1.80231e+08	1268.327	1095.729	493.9502	955719.9	9484.562	-4.626335	4091.815	94.66192	1482.918	-4.626335	4091.815
68.64	14992.19	3394959	839.7012	29179.92	11310.12	51576.25	361514.5	2832.028	1290.036	8948.264	48629.92	4993.95	-5.338078	682.9182	1.004204e+08	2.383194e+08	1268.327	1895.729	293.9502	1452498	8183.562	-4.626335	4291.815	-5.338078	682.9182	-4.626335	4291.815
68.93	13391.19	2510982	2039.701	25375.92	9909.117	39551.25	271681.5	2332.028	3090.036	8147.263	55844.92	2193.95	-5.338078	1082.918	1.053989e+08	2.863977e+08	968.3274	2195.729	193.9502	1892406	10484.56	-4.626335	3891.815	-5.338078	1082.918	-4.626335	3891.815
69.21	10889.19	1815141	3240.701	19269.92	8909.117	27031.25	207163.5	1832.028	2190.036	7547.263	59352.92	2593.95	-5.338078	782.9182	1.212514e+08	2.76381e+08	1268.327	1995.729	-6.049822	2476574	12185.56	95.37366	6192.815	-5.338078	782.9182	95.37366	6192.815
69.5	14291.19	1413206	1839.701	18769.92	7608.118	19723.25	169377.5	1432.028	3190.036	5347.263	68777.92	5894.95	-5.338078	682.9182	1.194428e+08	3.424948e+08	968.3274	1895.729	393.9502	2469966	10884.56	-4.626335	4791.815	-5.338078	682.9182	-4.626335	4791.815
69.78	15192.19	1294712	1639.701	17468.92	8208.117	24328.25	125817.5	2632.028	2590.036	5347.263	68375.92	6694.95	94.66192	682.9182	1.120574e+08	3.2847e+08	1568.327	2395.729	393.9502	2569154	12585.56	-4.626335	5192.815	94.66192	682.9182	-4.626335	5192.815
70.07	17093.19	943523.6	2139.701	15266.92	8408.117	14518.25	105321.5	3232.028	3491.036	6447.263	68175.92	8895.95	-5.338078	682.9182	1.257623e+08	3.224594e+08	1168.327	1995.729	393.9502	2708583	11185.56	95.37366	5692.815	-5.338078	682.9182	95.37366	5692.815
70.36	22597.19	917266.6	2139.701	12164.92	12610.12	14018.25	116673.5	1732.028	3290.036	4646.263	61758.92	11596.95	-5.338078	882.9182	1.124067e+08	3.12442e+08	1068.327	1495.729	793.9502	2481090	9184.562	-4.626335	5892.815	-5.338078	882.9182	-4.626335	5892.815
70.64	25200.19	1164821	2739.701	10864.92	17813.12	18422.25	138686.5	1632.028	4491.036	4546.263	59052.92	16899.95	-5.338078	382.9182	1.149398e+08	3.32477e+08	1068.327	3495.729	1993.95	2347902	8183.562	95.37366	5592.815	-5.338078	382.9182	95.37366	5592.815
70.93	42122.19	1638184	1539.701	11764.92	33029.12	25630.25	187507.5	1132.028	2890.036	4446.263	70582.92	44032.95	-5.338078	382.9182	1.084795e+08	2.863977e+08	468.3274	3395.729	2293.95	2183672	9284.562	195.3737	8292.815	-5.338078	382.9182	195.3737	8292.815
71.21	53444.19	1672560	2539.701	14366.92	57774.12	26631.25	182268.5	2532.028	4091.036	3946.263	67674.92	66181.95	-5.338078	182.9182	1.10428e+08	3.485056e+08	1168.327	3595.729	2693.95	2207756	12185.56	-4.626335	10193.82	-5.338078	182.9182	-4.626335	10193.82
71.5	77507.19	1529698	1039.701	15066.92	79734.12	24228.25	144419.5	3132.028	3891.036	5447.263	78605.92	92263.95	-5.338078	582.9182	1.260252e+08	2.944112e+08	1268.327	4395.729	1993.95	2327413	5983.562	-4.626335	12094.82	-5.338078	582.9182	-4.626335	12094.82
71.79	93461.19	1100800	2039.701	14066.92	90671.12	19523.25	114261.5	1732.028	3791.036	5047.263	77201.92	83532.95	-5.338078	82.91815	1.131781e+08	2.98418e+08	1168.327	3195.729	3693.95	2161243	6583.562	-4.626335	10593.82	-5.338078	82.91815	-4.626335	10593.82
72.07	103099.2	888964.6	3740.701	11764.92	81540.12	17821.25	96184.52	2132.028	2590.036	5047.263	86732.92	83934.95	-5.338078	682.9182	1.204637e+08	2.803876e+08	1368.327	3595.729	3393.95	1976451	10484.56	95.37366	13194.82	-5.338078	682.9182	95.37366	13194.82
72.36	101292.2	717957.6	3140.701	12765.92	73916.12	13417.25	88555.52	2832.028	2790.036	3646.263	86331.92	71896.95	-5.338078	882.9182	1.117955e+08	3.024248e+08	868.3274	3995.729	3393.95	2019170	7983.562	95.37366	15196.82	-5.338078	882.9182	95.37366	15196.82
72.64	109828.2	514994.6	2039.701	16767.92	72613.12	10515.25	71600.52	2632.028	3491.036	5747.263	90445.92	63975.95	-5.338078	782.9182	1.218496e+08	3.384877e+08	1468.327	2595.729	2893.95	1930026	8884.562	-4.626335	11294.82	-5.338078	782.9182	-4.626335	11294.82
72.93	98882.19	419103.6	3440.701	17568.92	63989.12	10515.25	58264.53	1432.028	3891.036	8648.264	78304.92	53851.95	-5.338078	1882.918	1.190491e+08	3.525128e+08	2168.327	2795.729	1793.95	1877977	10284.56	-4.626335	9393.815	-5.338078	1882.918	-4.626335	9393.815
73.22	90450.19	340807.6	4340.701	17268.92	52262.12	8814.246	59367.53	1432.028	2890.036	8547.264	66571.92	38423.95	-5.338078	1382.918	9.768007e+07	2.743777e+08	1868.327	1695.729	1793.95	1393688	6183.562	-4.626335	8292.815	-5.338078	1382.918	-4.626335	8292.815
73.5	63568.19	263360.6	1539.701	14366.92	37936.12	5112.246	47340.53	932.0284	1690.036	6547.263	43720.92	32314.95	-5.338078	882.9182	6.796218e+07	1.642079e+08	1168.327	1395.729	1293.95	1028942	5383.562	-4.626335	4491.815	-5.338078	882.9182	-4.626335	4491.815
73.79	46630.19	167214.6	1839.701	9263.922	27823.12	4212.246	31014.53	1332.028	1390.036	3746.263	36008.92	22603.95	-5.338078	482.9182	5.566978e+07	1.438957e+08	668.3274	2095.729	1293.95	831495.9	2182.562	-4.626335	3791.815	-5.338078	482.9182	-4.626335	3791.815
74.08	33409.19	203289.6	1039.701	7362.922	20515.12	4212.246	24106.53	1132.028	890.0356	2446.263	26396.92	19701.95	-5.338078	482.9182	3.951684e+07	1.07416e+08	1068.327	1095.729	293.9502	593147.9	3582.562	-4.626335	3191.815	-5.338078	482.9182	-4.626335	3191.815
74.36	31707.19	126566.6	139.7012	6062.922	16212.12	1511.246	20902.53	1032.028	790.0356	2146.263	19790.92	15898.95	-5.338078	182.9182	3.297822e+07	8.781935e+07	868.3274	495.7295	1193.95	509329.9	2882.562	-4.626335	2891.815	-5.338078	182.9182	-4.626335	2891.815
74.65	22697.19	127269.6	1239.701	4962.922	14211.12	1911.246	13097.53	132.0284	490.0356	1446.263	16187.92	10695.95	-5.338078	382.9182	2.640903e+07	6.932508e+07	168.3274	395.7295	393.9502	376101.9	2182.562	-4.626335	1691.815	-5.338078	382.9182	-4.626335	1691.815
74.93	18094.19	89195.64	-160.2988	2961.922	13211.12	711.2456	14998.53	632.0284	-209.9644	2046.263	13085.92	8094.95	-5.338078	282.9182	2.070289e+07	5.831456e+07	68.3274	495.7295	193.9502	310611.9	1082.562	-4.626335	1191.815	-5.338078	282.9182	-4.626335	1191.815
75.22	14791.19	94416.64	239.7012	2561.922	9209.117	1011.246	10795.53	832.0284	590.0356	746.2634	11885.92	7394.95	-5.338078	82.91815	1.711643e+07	4.815568e+07	268.3274	495.7295	493.9502	270852.9	1282.562	-4.626335	1291.815	-5.338078	82.91815	-4.626335	1291.815
75.51	12390.19	207524.6	-460.2988	2261.922	8508.117	11.24561	9495.526	132.0284	190.0356	946.2634	8984.918	5394.95	-5.338078	82.91815	1.344868e+07	3.596597e+07	268.3274	395.7295	93.95018	235195	882.5623	-4.626335	991.8149	-5.338078	82.91815	-4.626335	991.8149
75.79	8388.188	67823.64	639.7012	2361.922	5708.118	311.2456	7194.527	732.0284	790.0356	646.2634	7683.918	4793.95	-5.338078	82.91815	1.199113e+07	3.262147e+07	668.3274	295.7295	93.95018	150345	682.5623	-4.626335	891.8149	-5.338078	82.91815	-4.626335	891.8149
76.08	6688.188	38553.64	-660.2988	1461.922	5208.118	-1189.754	5493.527	232.0284	590.0356	446.2633	5083.918	5494.95	194.6619	182.9182	9205073	2.645525e+07	68.3274	395.7295	193.9502	143304	382.5623	-4.626335	691.8149	194.6619	182.9182	-4.626335	691.8149
76.36	6888.188	26935.64	-1161.299	861.9218	3907.117	-1689.754	4193.527	632.0284	1190.036	246.2633	5483.918	3393.95	-5.338078	-17.08185	7523190	2.0015e+07	-31.6726	95.72954	193.9502	121187	382.5623	95.37366	591.8149	-5.338078	-17.08185	95.37366	591.8149
76.65	5388.188	31341.64	-861.2988	1761.922	3007.117	-1389.754	2092.527	232.0284	90.03564	646.2634	4582.918	3893.95	-5.338078	182.9182	6195210	1.712638e+07	68.3274	295.7295	93.95018	99591.95	282.5623	95.37366	891.8149	-5.338078	182.9182	95.37366	891.8149
76.93	4487.188	26535.64	339.7012	761.9218	2607.117	-1189.754	3793.527	532.0284	-209.9644	146.2633	3582.918	2093.95	-5.338078	182.9182	5206612	1.896173e+07	68.3274	95.72954	-6.049822	78215.95	282.5623	-4.626335	491.8149	-5.338078	182.9182	-4.626335	491.8149
77.22	4187.188	19226.64	-660.2988	561.9218	2307.117	-1089.754	2392.527	-267.9716	590.0356	246.2633	2782.918	2593.95	-5.338078	-17.08185	4514760	1.121419e+07	-31.6726	-4.270463	193.9502	64677.95	82.56228	-4.626335	391.8149	-5.338078	-17.08185	-4.626335	391.8149
77.51	2887.189	12320.64	-861.2988	1161.922	1607.117	-188.7544	1392.527	632.0284	90.03564	246.2633	2082.918	1293.95	-5.338078	-17.08185	2976226	7098539	68.3274	95.72954	-6.049822	54653.95	282.5623	-4.626335	191.8149	-5.338078	-17.08185	-4.626335	191.8149
77.79	2887.189	19126.64	139.7012	861.9218	2507.117	-388.7544	792.5267	-167.9716	590.0356	46.26334	1382.918	1493.95	-5.338078	-17.08185	2665778	8687466	68.3274	-4.270463	193.9502	48039.95	382.5623	-4.626335	191.8149	-5.338078	-17.08185	-4.626335	191.8149
78.08	1387.189	23231.64	-861.2988	1261.922	1207.117	-789.7544	1592.527	132.0284	-109.9644	46.26334	1582.918	993.9502	-5.338078	-17.08185	2990338	6431970	-31.6726	95.72954	93.95018	37922.95	182.5623	-4.626335	-8.185054	-5.338078	-17.08185	-4.626335	-8.185054
78.36	2087.189	8017.641	39.70117	561.9218	1407.117	-1789.754	1492.527	132.0284	490.0356	146.2633	1482.918	393.9502	-5.338078	-17.08185	1932099	5311848	-31.6726	-4.270463	93.95018	38923.95	-17.43772	-4.626335	91.81495	-5.338078	-17.08185	-4.626335	91.81495
78.65	887.1886	13421.64	-1061.299	-238.0782	407.1174	-889.7544	992.5267	-67.97156	590.0356	246.2633	982.9182	293.9502	-5.338078	-17.08185	2129612	4390495	-31.6726	195.7295	-6.049822	28910.95	82.56228	-4.626335	-8.185054	-5.338078	-17.08185	-4.626335	-8.185054
78.94	987.1886	11319.64	-1661.299	161.9218	907.1174	-789.7544	392.5267	132.0284	-409.9644	146.2633	282.9182	893.9502	-5.338078	-17.08185	1325518	3795286	68.3274	-4.270463	93.95018	24405.95	82.56228	-4.626335	91.81495	-5.338078	-17.08185	-4.626335	91.81495
79.23	1687.189	12520.64	139.7012	261.9218	807.1174	-1389.754	292.5267	-267.9716	290.0356	146.2633	482.9182	1093.95	-5.338078	-17.08185	1174009	4078706	-31.6726	95.72954	-6.049822	12196.95	-17.43772	-4.626335	191.8149	-5.338078	-17.08185	-4.626335	191.8149
79.51	787.1886	4615.641	-861.2988	-38.07825	707.1174	-1489.754	192.5267	-67.97156	-109.9644	146.2633	582.9182	693.9502	-5.338078	-17.08185	831867.4	2902661	-31.6726	95.72954	-6.049822	18700.95	182.5623	-4.626335	91.81495	-5.338078	-17.08185	-4.626335	91.81495
79.8	987.1886	4015.641	-2761.299	61.92175	607.1174	-2189.754	892.5267	332.0284	290.0356	46.26334	882.9182	893.9502	-5.338078	-17.08185	916488.4	2279374	-31.6726	-4.270463	-6.049822	12396.95	82.56228	-4.626335	-8.185054	-5.338078	-17.08185	-4.626335	-8.185054
80.09	587.1886	3715.641	739.7012	-438.0782	107.1174	-188.7544	192.5267	532.0284	-309.9644	146.2633	1182.918	993.9502	-5.338078	-17.08185	761351.4	1372970	-31.6726	95.72954	93.95018	10895.95	82.56228	-4.626335	-8.185054	-5.338078	-17.08185	-4.626335	-8.185054
80.38	687.1886	5216.641	-961.2988	-38.07825	207.1174	-1689.754	-907.4733	-467.9716	-209.9644	-53.73666	282.9182	193.9502	-5.338078	-17.08185	561508.4	1330488	-31.6726	-4.270463	-6.049822	9895.95	82.56228	-4.626335	-8.185054	-5.338078	-17.08185	-4.626335	-8.185054
80.66	287.1886	2315.641	-1061.299	-438.0782	7.117439	-388.7544	-7.473267	432.0284	-9.964355	-53.73666	82.91815	193.9502	-5.338078	-17.08185	550159.4	2137733	-31.6726	-4.270463	-6.049822	14797.95	-17.43772	-4.626335	91.81495	-5.338078	-17.08185	-4.626335	91.81495
80.95	187.1886	2615.641	-560.2988	61.92175	7.117439	-1589.754	-207.4733	-67.97156	90.03564	-53.73666	182.9182	193.9502	-5.338078	-17.08185	625091.4	2236881	-31.6726	95.72954	-6.049822	11296.95	-17.43772	-4.626335	-8.185054	-5.338078	-17.08185	-4.626335	-8.185054
81.24	-12.81139	5516.641	-1061.299	-138.0782	207.1174	-1289.754	92.52673	-67.97156	-409.9644	-53.73666	482.9182	93.95018	-5.338078	-17.08185	310083.4	1075607	-31.6726	-4.270463	93.95018	5794.95	-17.43772	-4.626335	91.81495	-5.338078	-17.08185	-4.626335	91.81495
81.53	287.1886	4515.641	-1761.299	561.9218	107.1174	-588.7544	-107.4733	-67.97156	490.0356	46.26334	282.9182	93.95018	-5.338078	-17.08185	267779.4	1401292	168.3274	-4.270463	-6.049822	4193.95	82.56228	-4.626335	-8.185054	-5.338078	-17.08185	-4.626335	-8.185054
81.82	287.1886	614.6406	-1261.299	-438.0782	207.1174	-889.7544	192.5267	432.0284	590.0356	46.26334	82.91815	-6.049822	-5.338078	-17.08185	307551.4	1273846	-31.6726	-4.270463	-6.049822	7294.95	-17.43772	-4.626335	-8.185054	-5.338078	-17.08185	-4.626335	-8.185054
82.12	387.1886	3115.641	-1461.299	461.9218	407.1174	-1389.754	592.5267	132.0284	590.0356	-53.73666	282.9182	93.95018	-5.338078	-17.08185	225476.4	948172.8	-31.6726	95.72954	-6.049822	493.9502	82.56228	-4.626335	91.81495	-5.338078	-17.08185	-4.626335	91.81495
82.4	-12.81139	1314.641	-861.2988	-38.07825	207.1174	-1289.754	292.5267	432.0284	-209.9644	-53.73666	382.9182	93.95018	-5.338078	-17.08185	147906.4	245445.8	68.3274	-4.270463	-6.049822	1493.95	-17.43772	-4.626335	-8.185054	-5.338078	-17.08185	-4.626335	-8.185054
82.69	287.1886	2415.641	739.7012	161.9218	7.117439	-2489.754	-307.4733	232.0284	-209.9644	-53.73666	-17.08185	-6.049822	-5.338078	-17.08185	121163.4	537583.8	-31.6726	-4.270463	-6.049822	3893.95	82.56228	-4.626335	-8.185054	-5.338078	-17.08185	-4.626335	-8.185054
82.98	387.1886	514.6406	-260.2988	361.9218	107.1174	-1289.754	-107.4733	-67.97156	290.0356	46.26334	382.9182	93.95018	-5.338078	-17.08185	203192.4	976490.8	-31.6726	-4.270463	-6.049822	1293.95	-17.43772	-4.626335	-8.185054	-5.338078	-17.08185	-4.626335	-8.185054
83.26	187.1886	914.6406	-360.2988	561.9218	7.117439	-989.7544	192.5267	-267.9716	-209.9644	-53.73666	-17.08185	193.9502	-5.338078	-17.08185	225476.4	326972.8	-31.6726	-4.270463	-6.049822	6194.95	-17.43772	-4.626335	-8.185054	-5.338078	-17.08185	-4.626335	-8.185054
83.55	87.18861	-85.35938	-460.2988	-238.0782	207.1174	-789.7544	392.5267	-367.9716	390.0356	46.26334	82.91815	-6.049822	-5.338078	-17.08185	139759.4	211978.8	-31.6726	-4.270463	-6.049822	3093.95	82.56228	-4.626335	-8.185054	-5.338078	-17.08185	-4.626335	-8.185054
83.84	-12.81139	614.6406	-1661.299	-38.07825	407.1174	311.2456	-107.4733	432.0284	-209.9644	46.26334	82.91815	93.95018	-5.338078	-17.08185	61344.39	353542.8	68.3274	-4.270463	-6.049822	3093.95	182.5623	-4.626335	-8.185054	-5.338078	-17.08185	-4.626335	-8.185054
84.13	-12.81139	-85.35938	-460.2988	561.9218	307.1174	-2389.754	-107.4733	232.0284	-309.9644	-53.73666	-17.08185	-6.049822	-5.338078	-17.08185	30488.39	112887.8	-31.6726	-4.270463	-6.049822	3793.95	-17.43772	-4.626335	-8.185054	-5.338078	-17.08185	-4.626335	-8.185054
84.42	187.1886	314.6406	-1461.299	61.92175	207.1174	-1389.754	-307.4733	-167.9716	790.0356	-53.73666	-17.08185	-6.049822	-5.338078	-17.08185	76887.4	282759.8	-31.6726	-4.270463	93.95018	2693.95	-17.43772	-4.626335	-8.185054	-5.338078	-17.08185	-4.626335	-8.185054
84.71	-12.81139	14.64062	-1561.299	661.9218	-92.88256	-1289.754	-307.4733	32.02844	-9.964355	146.2633	82.91815	-6.049822	-5.338078	-17.08185	93243.4	90207.77	-31.6726	-4.270463	-6.049822	293.9502	82.56228	-4.626335	-8.185054	-5.338078	-17.08185	-4.626335	-8.185054
84.99	-12.81139	1414.641	439.7012	-38.07825	107.1174	-488.7544	-107.4733	-67.97156	590.0356	-53.73666	282.9182	-6.049822	-5.338078	-17.08185	43407.39	56264.77	-31.6726	-4.270463	-6.049822	2793.95	-17.43772	-4.626335	-8.185054	-5.338078	-17.08185	-4.626335	-8.185054
85.28	187.1886	3315.641	-861.2988	-438.0782	7.117439	11.24561	-407.4733	532.0284	-409.9644	-53.73666	82.91815	93.95018	-5.338078	-17.08185	38299.39	70420.77	68.3274	-4.270463	-6.049822	1593.95	-17.43772	-4.626335	-8.185054	-5.338078	-17.08185	-4.626335	-8.185054
85.57	87.18861	-85.35938	-1161.299	461.9218	7.117439	-1589.754	-1007.473	-67.97156	90.03564	46.26334	-17.08185	93.95018	-5.338078	-17.08185	38599.39	127043.8	-31.6726	95.72954	-6.049822	193.9502	-17.43772	95.37366	91.81495	-5.338078	-17.08185	95.37366	91.81495
85.86	-12.81139	1714.641	239.7012	261.9218	-92.88256	-2189.754	92.52673	-167.9716	-9.964355	246.2633	-17.08185	193.9502	-5.338078	-17.08185	21779.39	70420.77	68.3274	-4.270463	-6.049822	1493.95	-17.43772	-4.626335	-8.185054	-5.338078	-17.08185	-4.626335	-8.185054
86.15	-12.81139	-485.3594	-1461.299	561.9218	-92.88256	-1589.754	-407.4733	232.0284	-109.9644	46.26334	-17.08185	-6.049822	94.66192	-17.08185	151829.4	59615.77	-31.6726	-4.270463	-6.049822	793.9502	-17.43772	-4.626335	-8.185054	94.66192	-17.08185	-4.626335	-8.185054
86.43	-12.81139	414.6406	-1061.299	-238.0782	-92.88256	-288.7544	592.5267	132.0284	390.0356	46.26334	82.91815	93.95018	-5.338078	-17.08185	36796.39	63926.77	-31.6726	-4.270463	-6.049822	193.9502	-17.43772	-4.626335	-8.185054	-5.338078	-17.08185	-4.626335	-8.185054
86.72	-12.81139	1314.641	-660.2988	-338.0782	207.1174	111.2456	292.5267	132.0284	90.03564	-53.73666	-17.08185	-6.049822	-5.338078	-17.08185	58037.39	141198.8	-31.6726	-4.270463	-6.049822	2693.95	-17.43772	-4.626335	-8.185054	-5.338078	-17.08185	-4.626335	-8.185054
87	-12.81139	14.64062	639.7012	261.9218	207.1174	-1989.754	-7.473267	-67.97156	690.0356	-53.73666	-17.08185	-6.049822	-5.338078	-17.08185	75383.4	20552.77	-31.6726	-4.270463	-6.049822	693.9502	-17.43772	-4.626335	-8.185054	-5.338078	-17.08185	-4.626335	-8.185054
87.3	-12.81139	714.6406	1139.701	-38.07825	107.1174	-2689.754	-107.4733	-167.9716	-709.9644	46.26334	-17.08185	-6.049822	-5.338078	-17.08185	42806.39	127043.8	68.3274	-4.270463	-6.049822	-6.049822	-17.43772	-4.626335	-8.185054	-5.338078	-17.08185	-4.626335	-8.185054
87.58	-12.81139	114.6406	-761.2988	-338.0782	107.1174	-2289.754	-7.473267	132.0284	-109.9644	-53.73666	-17.08185	-6.049822	-5.338078	-17.08185	107601.4	69039.77	-31.6726	-4.270463	-6.049822	1693.95	-17.43772	-4.626335	-8.185054	-5.338078	-17.08185	-4.626335	-8.185054
87.87	187.1886	1214.641	-1861.299	261.9218	207.1174	-88.75439	-507.4733	432.0284	-109.9644	46.26334	-17.08185	93.95018	-5.338078	-17.08185	71271.4	68839.77	268.3274	-4.270463	-6.049822	-6.049822	82.56228	-4.626335	-8.185054	-5.338078	-17.08185	-4.626335	-8.185054
88.15	87.18861	814.6406	-761.2988	-138.0782	107.1174	-989.7544	292.5267	432.0284	90.03564	-53.73666	-17.08185	-6.049822	-5.338078	-17.08185	10371.39	25356.77	68.3274	-4.270463	-6.049822	893.9502	-17.43772	-4.626335	-8.185054	-5.338078	-17.08185	-4.626335	-8.185054
88.43	87.18861	-185.3594	-861.2988	361.9218	7.117439	-588.7544	-407.4733	-367.9716	-109.9644	-53.73666	-17.08185	-6.049822	-5.338078	-17.08185	10171.39	23655.77	-31.6726	95.72954	-6.049822	-6.049822	-17.43772	-4.626335	-8.185054	-5.338078	-17.08185	-4.626335	-8.185054
88.72	-12.81139	414.6406	-1661.299	-238.0782	-92.88256	-689.7544	-607.4733	32.02844	-409.9644	46.26334	-17.08185	-6.049822	-5.338078	-17.08185	-30.60498	81778.77	-31.6726	-4.270463	-6.049822	-6.049822	-17.43772	-4.626335	-8.185054	-5.338078	-17.08185	-4.626335	-8.185054
89	87.18861	1314.641	-360.2988	461.9218	7.117439	-1589.754	-307.4733	-167.9716	-609.9644	-53.73666	-17.08185	-6.049822	-5.338078	-17.08185	31289.39	87397.77	-31.6726	-4.270463	-6.049822	93.95018	-17.43772	-4.626335	-8.185054	-5.338078	-17.08185	-4.626335	-8.185054
