ElapsedTime_s	Ti49_CPS	Al27_CPS	S33_CPS	Sc45_CPS	V51_CPS	Mn55_CPS	Fe57_CPS	Co59_CPS	Ni60_CPS	Ga71_CPS	Zr90_CPS	Nb93_CPS	Mo97_CPS	In113_CPS	Sn119_CPS	Sn118_CPS	Sb121_CPS	Hf177_CPS	Ta181_CPS	W183_CPS	Pb206_CPS	Th232_CPS	U238_CPS	Tc97_CPS	Cd113_CPS	U232_CPS	Pu238_CPS
0	-12.81139	514.6406	1239.701	461.9218	-92.88256	-2189.754	-207.4733	132.0284	-9.964355	-53.73666	-17.08185	-6.049822	-5.338078	-17.08185	669.395	16649.77	-31.6726	-4.270463	-6.049822	-6.049822	-17.43772	-4.626335	-8.185054	-5.338078	-17.08185	-4.626335	-8.185054
																											
10.05	-12.81139	914.6406	-560.2988	61.92175	-92.88256	-488.7544	-507.4733	-67.97156	490.0356	146.2633	-17.08185	-6.049822	-5.338078	-17.08185	-30.60498	-56.22775	-31.6726	-4.270463	-6.049822	-6.049822	-17.43772	-4.626335	-8.185054	-5.338078	-17.08185	-4.626335	-8.185054
10.34	-12.81139	1014.641	-60.29883	-138.0782	-92.88256	-1689.754	92.52673	132.0284	-209.9644	146.2633	-17.08185	-6.049822	-5.338078	-17.08185	29487.39	-56.22775	68.3274	-4.270463	-6.049822	-6.049822	-17.43772	-4.626335	-8.185054	-5.338078	-17.08185	-4.626335	-8.185054
10.62	-12.81139	1214.641	239.7012	61.92175	7.117439	-889.7544	392.5267	-67.97156	290.0356	-53.73666	-17.08185	-6.049822	-5.338078	82.91815	9871.395	343.7722	-31.6726	-4.270463	-6.049822	-6.049822	182.5623	-4.626335	-8.185054	-5.338078	82.91815	-4.626335	-8.185054
10.91	-12.81139	1214.641	-660.2988	-338.0782	-92.88256	-1289.754	392.5267	-167.9716	190.0356	46.26334	-17.08185	-6.049822	-5.338078	-17.08185	4769.395	43.77225	-31.6726	-4.270463	-6.049822	-6.049822	-17.43772	-4.626335	-8.185054	-5.338078	-17.08185	-4.626335	-8.185054
11.2	-12.81139	1314.641	-1361.299	-38.07825	-92.88256	-1389.754	-207.4733	32.02844	90.03564	146.2633	-17.08185	-6.049822	-5.338078	-17.08185	21078.39	-356.2278	68.3274	-4.270463	-6.049822	-6.049822	-17.43772	-4.626335	-8.185054	-5.338078	-17.08185	-4.626335	-8.185054
11.48	-12.81139	-685.3594	-360.2988	-138.0782	-92.88256	-2389.754	-207.4733	132.0284	290.0356	246.2633	-17.08185	-6.049822	-5.338078	-17.08185	2769.395	-56.22775	-31.6726	-4.270463	-6.049822	-6.049822	82.56228	-4.626335	-8.185054	-5.338078	-17.08185	-4.626335	-8.185054
11.77	-12.81139	1314.641	-961.2988	361.9218	7.117439	-989.7544	92.52673	132.0284	-9.964355	-53.73666	-17.08185	-6.049822	-5.338078	-17.08185	-30.60498	-256.2278	-31.6726	-4.270463	-6.049822	-6.049822	-17.43772	-4.626335	-8.185054	-5.338078	-17.08185	-4.626335	-8.185054
12.05	-12.81139	-1686.359	-360.2988	161.9218	107.1174	-1589.754	-207.4733	332.0284	390.0356	46.26334	-17.08185	-6.049822	-5.338078	-17.08185	-30.60498	-56.22775	-31.6726	-4.270463	-6.049822	-6.049822	-17.43772	-4.626335	-8.185054	-5.338078	-17.08185	-4.626335	-8.185054
12.34	-12.81139	2515.641	-160.2988	-138.0782	7.117439	-2089.754	-307.4733	-267.9716	-9.964355	46.26334	82.91815	-6.049822	-5.338078	82.91815	69.39502	-256.2278	-31.6726	-4.270463	-6.049822	-6.049822	-17.43772	-4.626335	-8.185054	-5.338078	82.91815	-4.626335	-8.185054
12.62	-12.81139	114.6406	-360.2988	-338.0782	107.1174	-88.75439	-107.4733	232.0284	490.0356	46.26334	82.91815	-6.049822	-5.338078	-17.08185	69.39502	43.77225	68.3274	-4.270463	-6.049822	-6.049822	-17.43772	-4.626335	91.81495	-5.338078	-17.08185	-4.626335	91.81495
12.9	-12.81139	-285.3594	39.70117	461.9218	-92.88256	-1789.754	-307.4733	132.0284	190.0356	46.26334	-17.08185	-6.049822	-5.338078	-17.08185	-30.60498	-56.22775	-31.6726	-4.270463	-6.049822	-6.049822	-17.43772	-4.626335	-8.185054	-5.338078	-17.08185	-4.626335	-8.185054
13.19	187.1886	314.6406	-660.2988	361.9218	107.1174	-488.7544	-7.473267	-67.97156	-409.9644	-53.73666	-17.08185	-6.049822	-5.338078	-17.08185	5470.395	17349.77	-31.6726	-4.270463	-6.049822	-6.049822	-17.43772	95.37366	-8.185054	-5.338078	-17.08185	95.37366	-8.185054
13.47	87.18861	-1686.359	-1361.299	-338.0782	7.117439	-2389.754	-807.4733	732.0284	390.0356	-53.73666	-17.08185	-6.049822	-5.338078	-17.08185	69.39502	43.77225	-31.6726	-4.270463	-6.049822	-6.049822	-17.43772	-4.626335	-8.185054	-5.338078	-17.08185	-4.626335	-8.185054
13.76	-12.81139	214.6406	-60.29883	61.92175	107.1174	-1589.754	192.5267	-67.97156	-109.9644	46.26334	-17.08185	-6.049822	-5.338078	-17.08185	-130.605	-256.2278	-31.6726	-4.270463	-6.049822	-6.049822	-17.43772	-4.626335	-8.185054	-5.338078	-17.08185	-4.626335	-8.185054
14.05	-12.81139	2114.641	-360.2988	-138.0782	7.117439	111.2456	-307.4733	-467.9716	90.03564	46.26334	-17.08185	-6.049822	-5.338078	-17.08185	-130.605	-256.2278	-31.6726	-4.270463	-6.049822	-6.049822	-17.43772	-4.626335	-8.185054	-5.338078	-17.08185	-4.626335	-8.185054
14.33	-12.81139	2815.641	-1061.299	-38.07825	7.117439	-989.7544	-407.4733	-67.97156	-9.964355	146.2633	82.91815	-6.049822	94.66192	-17.08185	-30.60498	-56.22775	-31.6726	-4.270463	-6.049822	-6.049822	-17.43772	-4.626335	-8.185054	94.66192	-17.08185	-4.626335	-8.185054
14.61	-12.81139	1514.641	339.7012	361.9218	107.1174	-588.7544	-507.4733	-167.9716	90.03564	-53.73666	-17.08185	-6.049822	94.66192	-17.08185	18476.39	57710.77	68.3274	-4.270463	93.95018	-6.049822	-17.43772	-4.626335	-8.185054	94.66192	-17.08185	-4.626335	-8.185054
14.9	187.1886	1114.641	-660.2988	-238.0782	-92.88256	-1689.754	-207.4733	-267.9716	490.0356	-53.73666	-17.08185	-6.049822	194.6619	-17.08185	-30.60498	67936.77	-31.6726	-4.270463	93.95018	-6.049822	-17.43772	-4.626335	-8.185054	194.6619	-17.08185	-4.626335	-8.185054
15.19	-12.81139	1114.641	-1961.299	-138.0782	107.1174	-789.7544	92.52673	-267.9716	-709.9644	46.26334	-17.08185	93.95018	-5.338078	-17.08185	3069.395	-356.2278	68.3274	-4.270463	-6.049822	-6.049822	82.56228	-4.626335	-8.185054	-5.338078	-17.08185	-4.626335	-8.185054
15.47	-12.81139	514.6406	-360.2988	161.9218	7.117439	-689.7544	-7.473267	-167.9716	-409.9644	-53.73666	-17.08185	-6.049822	-5.338078	-17.08185	-30.60498	-256.2278	-31.6726	-4.270463	-6.049822	-6.049822	82.56228	-4.626335	-8.185054	-5.338078	-17.08185	-4.626335	-8.185054
15.76	-12.81139	1014.641	-861.2988	61.92175	-92.88256	-989.7544	-507.4733	432.0284	290.0356	-53.73666	82.91815	-6.049822	-5.338078	-17.08185	169.395	37572.77	-31.6726	-4.270463	-6.049822	93.95018	-17.43772	-4.626335	-8.185054	-5.338078	-17.08185	-4.626335	-8.185054
16.04	-12.81139	814.6406	-761.2988	-38.07825	107.1174	-1589.754	-607.4733	-167.9716	-209.9644	46.26334	82.91815	-6.049822	-5.338078	-17.08185	69.39502	-56.22775	-31.6726	-4.270463	-6.049822	-6.049822	-17.43772	-4.626335	-8.185054	-5.338078	-17.08185	-4.626335	-8.185054
16.33	-12.81139	714.6406	-1061.299	-138.0782	-92.88256	-1489.754	-407.4733	332.0284	-409.9644	-53.73666	-17.08185	-6.049822	-5.338078	-17.08185	69.39502	243.7722	-31.6726	-4.270463	-6.049822	-6.049822	-17.43772	-4.626335	-8.185054	-5.338078	-17.08185	-4.626335	-8.185054
16.61	-12.81139	3015.641	339.7012	-338.0782	7.117439	-588.7544	92.52673	632.0284	190.0356	46.26334	-17.08185	-6.049822	-5.338078	-17.08185	-130.605	243.7722	68.3274	-4.270463	-6.049822	-6.049822	-17.43772	-4.626335	-8.185054	-5.338078	-17.08185	-4.626335	-8.185054
16.9	-12.81139	-785.3594	-560.2988	-338.0782	-92.88256	-488.7544	592.5267	632.0284	-9.964355	146.2633	-17.08185	-6.049822	-5.338078	-17.08185	69.39502	-256.2278	-31.6726	-4.270463	-6.049822	-6.049822	-17.43772	-4.626335	-8.185054	-5.338078	-17.08185	-4.626335	-8.185054
17.18	-12.81139	1214.641	-660.2988	-238.0782	-92.88256	-889.7544	-107.4733	-467.9716	-609.9644	246.2633	-17.08185	-6.049822	-5.338078	-17.08185	269.395	-56.22775	-31.6726	95.72954	-6.049822	-6.049822	-17.43772	-4.626335	-8.185054	-5.338078	-17.08185	-4.626335	-8.185054
17.47	87.18861	614.6406	639.7012	261.9218	-92.88256	-889.7544	-207.4733	-367.9716	290.0356	-53.73666	-17.08185	-6.049822	-5.338078	-17.08185	69.39502	-56.22775	-31.6726	-4.270463	-6.049822	-6.049822	-17.43772	-4.626335	-8.185054	-5.338078	-17.08185	-4.626335	-8.185054
17.75	87.18861	14.64062	-1161.299	61.92175	-92.88256	-1589.754	-7.473267	132.0284	-9.964355	46.26334	-17.08185	-6.049822	-5.338078	-17.08185	69.39502	57309.77	-31.6726	-4.270463	-6.049822	-6.049822	-17.43772	95.37366	-8.185054	-5.338078	-17.08185	95.37366	-8.185054
18.04	-12.81139	1214.641	-460.2988	-538.0782	-92.88256	-1689.754	-1207.473	32.02844	-409.9644	46.26334	-17.08185	-6.049822	-5.338078	-17.08185	69.39502	45786.77	-31.6726	-4.270463	-6.049822	-6.049822	82.56228	-4.626335	-8.185054	-5.338078	-17.08185	-4.626335	-8.185054
18.32	-12.81139	1714.641	-460.2988	461.9218	7.117439	-1189.754	-307.4733	332.0284	590.0356	46.26334	-17.08185	-6.049822	-5.338078	-17.08185	-30.60498	-156.2278	-31.6726	-4.270463	-6.049822	-6.049822	82.56228	-4.626335	-8.185054	-5.338078	-17.08185	-4.626335	-8.185054
18.61	-12.81139	814.6406	139.7012	-138.0782	-92.88256	-889.7544	-207.4733	-167.9716	-9.964355	46.26334	-17.08185	-6.049822	-5.338078	-17.08185	-30.60498	-56.22775	-31.6726	-4.270463	93.95018	293.9502	-17.43772	95.37366	-8.185054	-5.338078	-17.08185	95.37366	-8.185054
18.89	-12.81139	114.6406	1439.701	261.9218	107.1174	711.2456	-307.4733	-67.97156	-409.9644	-53.73666	-17.08185	-6.049822	-5.338078	-17.08185	69.39502	-56.22775	-31.6726	-4.270463	-6.049822	-6.049822	-17.43772	-4.626335	-8.185054	-5.338078	-17.08185	-4.626335	-8.185054
19.18	-12.81139	1114.641	-1461.299	361.9218	7.117439	-1189.754	92.52673	-67.97156	190.0356	-53.73666	-17.08185	-6.049822	-5.338078	-17.08185	8971.395	43.77225	-31.6726	-4.270463	-6.049822	-6.049822	-17.43772	-4.626335	-8.185054	-5.338078	-17.08185	-4.626335	-8.185054
19.46	-12.81139	-1085.359	-460.2988	261.9218	107.1174	611.2456	692.5267	-267.9716	-509.9644	46.26334	-17.08185	-6.049822	-5.338078	-17.08185	4769.395	243.7722	-31.6726	-4.270463	-6.049822	-6.049822	82.56228	-4.626335	-8.185054	-5.338078	-17.08185	-4.626335	-8.185054
19.75	-12.81139	-385.3594	-1261.299	-38.07825	107.1174	-1389.754	292.5267	32.02844	-209.9644	46.26334	-17.08185	-6.049822	-5.338078	-17.08185	20377.39	-56.22775	-31.6726	-4.270463	-6.049822	-6.049822	-17.43772	-4.626335	-8.185054	-5.338078	-17.08185	-4.626335	-8.185054
20.03	-12.81139	1614.641	-60.29883	61.92175	-92.88256	-2189.754	192.5267	-167.9716	-109.9644	46.26334	-17.08185	-6.049822	-5.338078	82.91815	-130.605	-156.2278	-31.6726	-4.270463	-6.049822	-6.049822	-17.43772	-4.626335	-8.185054	-5.338078	82.91815	-4.626335	-8.185054
20.32	-12.81139	-1085.359	-260.2988	-38.07825	107.1174	-2089.754	392.5267	532.0284	-109.9644	-53.73666	-17.08185	-6.049822	-5.338078	-17.08185	169.395	-256.2278	168.3274	-4.270463	-6.049822	-6.049822	82.56228	-4.626335	-8.185054	-5.338078	-17.08185	-4.626335	-8.185054
20.6	-12.81139	114.6406	339.7012	-538.0782	7.117439	-388.7544	292.5267	-67.97156	-509.9644	-53.73666	182.9182	93.95018	-5.338078	-17.08185	-30.60498	-56.22775	-31.6726	95.72954	-6.049822	-6.049822	-17.43772	-4.626335	-8.185054	-5.338078	-17.08185	-4.626335	-8.185054
20.89	-12.81139	-185.3594	-60.29883	361.9218	-92.88256	-989.7544	192.5267	132.0284	390.0356	46.26334	-17.08185	-6.049822	-5.338078	-17.08185	-30.60498	343.7722	-31.6726	-4.270463	-6.049822	-6.049822	-17.43772	-4.626335	-8.185054	-5.338078	-17.08185	-4.626335	-8.185054
21.17	-12.81139	-385.3594	-660.2988	-438.0782	7.117439	-1589.754	-107.4733	-267.9716	-509.9644	46.26334	-17.08185	93.95018	-5.338078	-17.08185	69.39502	-256.2278	-31.6726	-4.270463	93.95018	-6.049822	-17.43772	-4.626335	-8.185054	-5.338078	-17.08185	-4.626335	-8.185054
21.46	-12.81139	814.6406	-560.2988	461.9218	7.117439	-2489.754	-407.4733	-167.9716	190.0356	-53.73666	-17.08185	-6.049822	-5.338078	-17.08185	69.39502	-156.2278	168.3274	-4.270463	-6.049822	-6.049822	-17.43772	-4.626335	-8.185054	-5.338078	-17.08185	-4.626335	-8.185054
21.74	87.18861	714.6406	-160.2988	-38.07825	-92.88256	-1889.754	1092.527	232.0284	490.0356	-53.73666	-17.08185	-6.049822	-5.338078	-17.08185	369.395	-56.22775	68.3274	-4.270463	-6.049822	-6.049822	-17.43772	-4.626335	-8.185054	-5.338078	-17.08185	-4.626335	-8.185054
22.03	-12.81139	1014.641	-1161.299	61.92175	-92.88256	-2889.754	-607.4733	132.0284	90.03564	-53.73666	-17.08185	-6.049822	94.66192	-17.08185	69.39502	-256.2278	-31.6726	-4.270463	-6.049822	-6.049822	-17.43772	-4.626335	-8.185054	94.66192	-17.08185	-4.626335	-8.185054
22.31	-12.81139	-285.3594	439.7012	61.92175	7.117439	-1789.754	92.52673	-267.9716	-409.9644	46.26334	-17.08185	-6.049822	-5.338078	-17.08185	-30.60498	243.7722	68.3274	-4.270463	-6.049822	-6.049822	82.56228	-4.626335	-8.185054	-5.338078	-17.08185	-4.626335	-8.185054
22.6	-12.81139	214.6406	-160.2988	-738.0782	-92.88256	-689.7544	-207.4733	232.0284	590.0356	-53.73666	-17.08185	-6.049822	-5.338078	-17.08185	-130.605	-156.2278	-31.6726	-4.270463	-6.049822	-6.049822	-17.43772	-4.626335	-8.185054	-5.338078	-17.08185	-4.626335	-8.185054
22.88	-12.81139	193610.6	-1861.299	61.92175	-92.88256	-1189.754	-7.473267	32.02844	-209.9644	-53.73666	-17.08185	-6.049822	-5.338078	-17.08185	-130.605	-156.2278	-31.6726	-4.270463	-6.049822	-6.049822	-17.43772	-4.626335	-8.185054	-5.338078	-17.08185	-4.626335	-8.185054
23.17	87.18861	314.6406	339.7012	561.9218	7.117439	-1389.754	-807.4733	-167.9716	-209.9644	-53.73666	-17.08185	-6.049822	-5.338078	-17.08185	-30.60498	-356.2278	-31.6726	-4.270463	-6.049822	-6.049822	-17.43772	-4.626335	-8.185054	-5.338078	-17.08185	-4.626335	-8.185054
23.45	-12.81139	514.6406	-2261.299	-638.0782	7.117439	-88.75439	992.5267	832.0284	90.03564	-53.73666	82.91815	-6.049822	-5.338078	-17.08185	169.395	43.77225	-31.6726	95.72954	-6.049822	-6.049822	-17.43772	-4.626335	-8.185054	-5.338078	-17.08185	-4.626335	-8.185054
23.74	-12.81139	114.6406	-861.2988	-338.0782	-92.88256	-1689.754	92.52673	532.0284	-309.9644	-53.73666	82.91815	-6.049822	-5.338078	-17.08185	-130.605	43.77225	-31.6726	-4.270463	-6.049822	-6.049822	-17.43772	-4.626335	-8.185054	-5.338078	-17.08185	-4.626335	-8.185054
24.02	-12.81139	-185.3594	-660.2988	-138.0782	107.1174	-1589.754	-307.4733	-367.9716	-309.9644	-53.73666	82.91815	-6.049822	-5.338078	-17.08185	-30.60498	-56.22775	-31.6726	-4.270463	-6.049822	-6.049822	-17.43772	-4.626335	-8.185054	-5.338078	-17.08185	-4.626335	-8.185054
24.31	-12.81139	-85.35938	-460.2988	-38.07825	7.117439	-488.7544	892.5267	332.0284	-509.9644	-53.73666	-17.08185	-6.049822	-5.338078	-17.08185	-130.605	-156.2278	-31.6726	-4.270463	93.95018	-6.049822	-17.43772	-4.626335	-8.185054	-5.338078	-17.08185	-4.626335	-8.185054
24.59	-12.81139	1314.641	-1561.299	61.92175	-92.88256	-1689.754	292.5267	32.02844	490.0356	146.2633	-17.08185	-6.049822	-5.338078	-17.08185	-130.605	-56.22775	-31.6726	-4.270463	-6.049822	-6.049822	-17.43772	-4.626335	-8.185054	-5.338078	-17.08185	-4.626335	-8.185054
24.88	-12.81139	1114.641	-1261.299	-38.07825	7.117439	-1889.754	-307.4733	32.02844	90.03564	146.2633	-17.08185	-6.049822	-5.338078	-17.08185	-130.605	43.77225	-31.6726	-4.270463	-6.049822	-6.049822	-17.43772	-4.626335	-8.185054	-5.338078	-17.08185	-4.626335	-8.185054
25.16	-12.81139	814.6406	-1361.299	-238.0782	7.117439	-1589.754	492.5267	132.0284	-9.964355	-53.73666	-17.08185	-6.049822	-5.338078	-17.08185	-130.605	43.77225	-31.6726	-4.270463	-6.049822	-6.049822	-17.43772	-4.626335	-8.185054	-5.338078	-17.08185	-4.626335	-8.185054
25.45	87.18861	2214.641	139.7012	261.9218	-92.88256	-1589.754	-907.4733	-167.9716	-9.964355	-53.73666	82.91815	-6.049822	-5.338078	-17.08185	169.395	5544.772	-31.6726	-4.270463	-6.049822	-6.049822	-17.43772	-4.626335	-8.185054	-5.338078	-17.08185	-4.626335	-8.185054
25.73	87.18861	14.64062	-1661.299	-238.0782	-92.88256	-1389.754	492.5267	-67.97156	90.03564	46.26334	-17.08185	-6.049822	-5.338078	-17.08185	-30.60498	-56.22775	-31.6726	-4.270463	-6.049822	-6.049822	-17.43772	-4.626335	-8.185054	-5.338078	-17.08185	-4.626335	-8.185054
26.02	87.18861	414.6406	-160.2988	-38.07825	-92.88256	-689.7544	92.52673	-67.97156	-709.9644	-53.73666	-17.08185	-6.049822	-5.338078	-17.08185	69.39502	43.77225	-31.6726	-4.270463	-6.049822	-6.049822	-17.43772	-4.626335	-8.185054	-5.338078	-17.08185	-4.626335	-8.185054
26.3	87.18861	-85.35938	-1561.299	-238.0782	-92.88256	-1289.754	-107.4733	232.0284	90.03564	-53.73666	-17.08185	-6.049822	-5.338078	82.91815	-30.60498	-156.2278	-31.6726	-4.270463	-6.049822	-6.049822	-17.43772	95.37366	-8.185054	-5.338078	82.91815	95.37366	-8.185054
26.59	-12.81139	14.64062	-660.2988	1161.922	7.117439	-2189.754	692.5267	132.0284	90.03564	-53.73666	182.9182	-6.049822	-5.338078	-17.08185	-30.60498	-156.2278	-31.6726	-4.270463	-6.049822	-6.049822	-17.43772	-4.626335	-8.185054	-5.338078	-17.08185	-4.626335	-8.185054
26.87	-12.81139	514.6406	-460.2988	-238.0782	7.117439	-1389.754	-207.4733	-167.9716	-9.964355	-53.73666	-17.08185	-6.049822	-5.338078	-17.08185	-130.605	-156.2278	-31.6726	-4.270463	93.95018	793.9502	-17.43772	-4.626335	-8.185054	-5.338078	-17.08185	-4.626335	-8.185054
27.16	-12.81139	414.6406	-1461.299	261.9218	-92.88256	-1789.754	692.5267	332.0284	90.03564	-53.73666	-17.08185	-6.049822	-5.338078	-17.08185	-130.605	43882.77	-31.6726	-4.270463	-6.049822	-6.049822	-17.43772	-4.626335	-8.185054	-5.338078	-17.08185	-4.626335	-8.185054
27.44	-12.81139	14.64062	-1261.299	-38.07825	107.1174	-1589.754	-107.4733	-67.97156	190.0356	46.26334	-17.08185	-6.049822	-5.338078	-17.08185	-130.605	-156.2278	-31.6726	-4.270463	-6.049822	-6.049822	-17.43772	-4.626335	-8.185054	-5.338078	-17.08185	-4.626335	-8.185054
27.73	187.1886	-585.3594	-1361.299	961.9218	107.1174	-1889.754	-107.4733	232.0284	590.0356	-53.73666	-17.08185	-6.049822	-5.338078	-17.08185	-130.605	-156.2278	-31.6726	-4.270463	-6.049822	-6.049822	-17.43772	-4.626335	-8.185054	-5.338078	-17.08185	-4.626335	-8.185054
28.01	-12.81139	-685.3594	-360.2988	-38.07825	107.1174	-1189.754	492.5267	-267.9716	790.0356	46.26334	-17.08185	-6.049822	-5.338078	-17.08185	-130.605	-156.2278	68.3274	-4.270463	-6.049822	-6.049822	-17.43772	-4.626335	-8.185054	-5.338078	-17.08185	-4.626335	-8.185054
28.3	-12.81139	-385.3594	239.7012	261.9218	-92.88256	-1189.754	-907.4733	-67.97156	-309.9644	246.2633	82.91815	-6.049822	94.66192	-17.08185	-130.605	-156.2278	-31.6726	-4.270463	-6.049822	-6.049822	-17.43772	-4.626335	-8.185054	94.66192	-17.08185	-4.626335	-8.185054
28.58	-12.81139	-85.35938	1139.701	161.9218	-92.88256	-1089.754	-7.473267	-167.9716	190.0356	146.2633	-17.08185	-6.049822	94.66192	-17.08185	69.39502	-56.22775	-31.6726	-4.270463	-6.049822	-6.049822	-17.43772	-4.626335	-8.185054	94.66192	-17.08185	-4.626335	-8.185054
28.87	-12.81139	1014.641	-1361.299	-338.0782	407.1174	-1989.754	-307.4733	-367.9716	390.0356	-53.73666	82.91815	-6.049822	-5.338078	82.91815	-30.60498	243.7722	-31.6726	-4.270463	-6.049822	-6.049822	-17.43772	-4.626335	-8.185054	-5.338078	82.91815	-4.626335	-8.185054
29.15	-12.81139	-585.3594	239.7012	-438.0782	-92.88256	-1989.754	792.5267	332.0284	-709.9644	146.2633	-17.08185	-6.049822	-5.338078	-17.08185	69.39502	-56.22775	-31.6726	95.72954	-6.049822	-6.049822	-17.43772	-4.626335	-8.185054	-5.338078	-17.08185	-4.626335	-8.185054
29.44	-12.81139	2214.641	-761.2988	261.9218	7.117439	-989.7544	-907.4733	-67.97156	-9.964355	-53.73666	-17.08185	-6.049822	-5.338078	-17.08185	169.395	-56.22775	-31.6726	-4.270463	-6.049822	-6.049822	-17.43772	-4.626335	-8.185054	-5.338078	-17.08185	-4.626335	-8.185054
29.72	-12.81139	114.6406	-1061.299	-38.07825	7.117439	-1189.754	-407.4733	-167.9716	290.0356	46.26334	-17.08185	-6.049822	-5.338078	-17.08185	-130.605	43.77225	-31.6726	-4.270463	93.95018	-6.049822	-17.43772	-4.626335	-8.185054	-5.338078	-17.08185	-4.626335	-8.185054
30.01	-12.81139	114.6406	-560.2988	-138.0782	-92.88256	-1489.754	92.52673	32.02844	490.0356	246.2633	-17.08185	-6.049822	-5.338078	-17.08185	269.395	-56.22775	68.3274	-4.270463	-6.049822	-6.049822	-17.43772	-4.626335	-8.185054	-5.338078	-17.08185	-4.626335	-8.185054
30.29	-12.81139	-385.3594	-1061.299	-138.0782	-92.88256	-1589.754	-907.4733	-467.9716	-309.9644	146.2633	-17.08185	-6.049822	-5.338078	-17.08185	169.395	143.7722	68.3274	-4.270463	-6.049822	-6.049822	-17.43772	-4.626335	-8.185054	-5.338078	-17.08185	-4.626335	-8.185054
30.58	-12.81139	814.6406	-1361.299	-138.0782	-92.88256	-789.7544	-607.4733	-167.9716	-9.964355	-53.73666	-17.08185	-6.049822	-5.338078	-17.08185	-30.60498	-156.2278	-31.6726	-4.270463	-6.049822	-6.049822	-17.43772	-4.626335	-8.185054	-5.338078	-17.08185	-4.626335	-8.185054
30.86	-12.81139	814.6406	-1761.299	-38.07825	7.117439	-1989.754	292.5267	132.0284	90.03564	-53.73666	182.9182	-6.049822	-5.338078	-17.08185	40602.39	94021.77	-31.6726	-4.270463	193.9502	393.9502	182.5623	-4.626335	91.81495	-5.338078	-17.08185	-4.626335	91.81495
31.15	-12.81139	1311878	1839.701	461.9218	107.1174	23827.25	128430.5	132.0284	190.0356	1346.263	1582.918	493.9502	-5.338078	-17.08185	121966.4	388545.8	68.3274	-4.270463	493.9502	493.9502	482.5623	95.37366	91.81495	-5.338078	-17.08185	95.37366	91.81495
31.44	-12.81139	3959339	-961.2988	561.9218	207.1174	39952.25	350356.5	-367.9716	190.0356	1846.263	2982.918	393.9502	194.6619	82.91815	126589.4	764109.8	-31.6726	195.7295	93.95018	893.9502	1282.562	95.37366	91.81495	194.6619	82.91815	95.37366	91.81495
31.73	187.1886		1239.701	161.9218	207.1174	60498.25	463178.5	332.0284	90.03564	2446.263	3482.918	793.9502	-5.338078	-17.08185	134229.4	345215.8	68.3274	95.72954	493.9502	893.9502	1182.562	-4.626335	491.8149	-5.338078	-17.08185	-4.626335	491.8149
32.01	487.1886		839.7012	361.9218	407.1174	76344.24	562185.5	32.02844	-1009.964	4446.263	4782.918	593.9502	-5.338078	-17.08185	158269.4	355254.8	68.3274	95.72954	493.9502	193.9502	1182.562	-4.626335	491.8149	-5.338078	-17.08185	-4.626335	491.8149
32.3	87.18861		1339.701	861.9218	407.1174	73836.24	633875.5	32.02844	690.0356	4546.263	5983.918	993.9502	-5.338078	-17.08185	175685.4	480728.8	68.3274	195.7295	1493.95	1093.95	1082.562	195.3737	591.8149	-5.338078	-17.08185	195.3737	591.8149
32.58	487.1886		1639.701	561.9218	107.1174	67517.24	619008.5	-167.9716	290.0356	2946.263	4782.918	593.9502	94.66192	82.91815	188377.4	570998.8	68.3274	395.7295	293.9502	1693.95	982.5623	295.3737	491.8149	94.66192	82.91815	295.3737	491.8149
32.87	287.1886		2639.701	1561.922	107.1174	92101.24	673802.5	32.02844	-109.9644	5047.263	5483.918	1393.95	-5.338078	-17.08185	191098.4	353542.8	-31.6726	-4.270463	893.9502	893.9502	982.5623	-4.626335	691.8149	-5.338078	-17.08185	-4.626335	691.8149
33.17	787.1886		1139.701	1261.922	807.1174	84673.24	677089.5	-167.9716	1090.036	4546.263	7883.918	793.9502	94.66192	-17.08185	336419.4	834901.8	68.3274	-4.270463	493.9502	3093.95	1082.562	295.3737	91.81495	94.66192	-17.08185	295.3737	91.81495
33.45	1087.189		4440.701	761.9218	607.1174	87584.24	651726.5	132.0284	390.0356	4846.263	5883.918	793.9502	-5.338078	-17.08185	657404.4	1500419	-31.6726	-4.270463	393.9502	8394.95	882.5623	-4.626335	391.8149	-5.338078	-17.08185	-4.626335	391.8149
33.74	887.1886		2639.701	1061.922	1207.117	72933.24	664764.5	-67.97156	-409.9644	5547.263	7283.918	493.9502	-5.338078	-17.08185	710631.4	1970698	68.3274	195.7295	893.9502	7194.95	1082.562	95.37366	591.8149	-5.338078	-17.08185	95.37366	591.8149
34.03	687.1886		2439.701	661.9218	907.1174	83168.24	641158.5	232.0284	190.0356	4446.263	6883.918	393.9502	-5.338078	-17.08185	578693.4	1571226	-31.6726	195.7295	593.9502	6994.95	882.5623	-4.626335	591.8149	-5.338078	-17.08185	-4.626335	591.8149
34.31	687.1886		539.7012	161.9218	207.1174	88688.24	697244.5	532.0284	290.0356	5247.263	7483.918	1193.95	-5.338078	-17.08185	501043.4	1197888	68.3274	595.7296	-6.049822	3993.95	1182.562	-4.626335	591.8149	-5.338078	-17.08185	-4.626335	591.8149
34.6	187.1886		1739.701	361.9218	407.1174	77348.24	676062.5	232.0284	990.0356	6747.263	5883.918	1393.95	94.66192	-17.08185	369380.4	970017.8	68.3274	195.7295	493.9502	2093.95	1882.562	95.37366	391.8149	94.66192	-17.08185	95.37366	391.8149
34.89	487.1886		1339.701	1161.922	107.1174	83569.24	678014.5	232.0284	490.0356	4446.263	6383.918	993.9502	-5.338078	82.91815	338285.4	1061447	-31.6726	495.7295	693.9502	3793.95	1082.562	95.37366	491.8149	-5.338078	82.91815	95.37366	491.8149
35.18	487.1886		1439.701	1561.922	507.1174	79555.24	708648.5	-367.9716	90.03564	4146.263	5583.918	693.9502	-5.338078	-17.08185	327907.4	849755.8	68.3274	-4.270463	493.9502	3093.95	1482.562	95.37366	491.8149	-5.338078	-17.08185	95.37366	491.8149
35.47	87.18861		2239.701	761.9218	407.1174	85476.24	688701.5	32.02844	-409.9644	5447.263	6683.918	1093.95	-5.338078	-17.08185	297328.4	707476.8	268.3274	195.7295	693.9502	3193.95	1382.562	95.37366	1491.815	-5.338078	-17.08185	95.37366	1491.815
35.76	87.18861		3040.701	361.9218	807.1174	79354.24	712866.5	32.02844	-209.9644	4646.263	6183.918	793.9502	-5.338078	-17.08185	347266.4	878732.8	-31.6726	395.7295	93.95018	3193.95	982.5623	95.37366	891.8149	-5.338078	-17.08185	95.37366	891.8149
36.04	487.1886		2940.701	361.9218	207.1174	85677.24	691990.5	32.02844	190.0356	4846.263	5683.918	893.9502	-5.338078	-17.08185	495432.4	1231365	-31.6726	195.7295	393.9502	5994.95	1082.562	95.37366	191.8149	-5.338078	-17.08185	95.37366	191.8149
36.33	887.1886		2139.701	1361.922	607.1174	85576.24	691065.5	532.0284	-9.964355	5147.263	6183.918	1093.95	94.66192	82.91815	606221.4	1718681	-31.6726	395.7295	393.9502	9595.95	1182.562	95.37366	491.8149	94.66192	82.91815	95.37366	491.8149
36.61	387.1886		1539.701	61.92175	507.1174	85677.24	678836.5	432.0284	90.03564	4446.263	7783.918	893.9502	-5.338078	-17.08185	634524.4	1734414	-31.6726	195.7295	93.95018	6294.95	982.5623	195.3737	891.8149	-5.338078	-17.08185	195.3737	891.8149
36.9	887.1886		2739.701	-238.0782	807.1174	80960.24	721612.5	232.0284	90.03564	5047.263	7683.918	893.9502	-5.338078	82.91815	572145.4	1542903	-31.6726	495.7295	593.9502	5894.95	1482.562	95.37366	791.8149	-5.338078	82.91815	95.37366	791.8149
37.19	287.1886		5140.701	961.9218	907.1174	87985.24	723774.5	332.0284	-109.9644	5047.263	7183.918	1493.95	-5.338078	-17.08185	589235.4	1735913	168.3274	95.72954	493.9502	3993.95	1982.562	95.37366	691.8149	-5.338078	-17.08185	95.37366	691.8149
37.47	287.1886		2539.701	961.9218	307.1174	85476.24	719966.5	32.02844	1090.036	5047.263	7683.918	893.9502	-5.338078	-17.08185	630627.4	1951906	-31.6726	295.7295	493.9502	2793.95	1282.562	-4.626335	591.8149	-5.338078	-17.08185	-4.626335	591.8149
37.77	487.1886		1739.701	1061.922	507.1174	84874.24	713072.5	332.0284	690.0356	5647.263	7183.918	993.9502	94.66192	-17.08185	862085.4	2265210	68.3274	95.72954	393.9502	2893.95	1782.562	-4.626335	991.8149	94.66192	-17.08185	-4.626335	991.8149
38.05	387.1886		2839.701	1461.922	807.1174	82766.24	764977.5	-267.9716	490.0356	5147.263	7683.918	1093.95	-5.338078	-17.08185	1236937	3370199	68.3274	95.72954	793.9502	2693.95	1482.562	95.37366	1191.815	-5.338078	-17.08185	95.37366	1191.815
38.34	1087.189		2039.701	1061.922	807.1174	83067.24	705768.5	532.0284	390.0356	5947.263	6883.918	793.9502	-5.338078	82.91815	3456064	7793607	-31.6726	695.7296	393.9502	8094.95	1982.562	-4.626335	1191.815	-5.338078	82.91815	-4.626335	1191.815
38.62	887.1886		2539.701	3061.922	3207.117	85576.24	730156.5	532.0284	1490.036	8047.263	12985.92	1193.95	94.66192	182.9182	1.303824e+07	3.822601e+07	68.3274	595.7296	693.9502	22303.95	4182.562	295.3737	991.8149	94.66192	182.9182	295.3737	991.8149
38.91	4387.188		2139.701	10464.92	9209.117	85175.24	659938.5	732.0284	390.0356	6947.263	19590.92	2293.95	-5.338078	282.9182	2.703414e+07	7.016234e+07	268.3274	2095.729	493.9502	33115.95	6983.562	295.3737	1291.815	-5.338078	282.9182	295.3737	1291.815
39.19	4587.188		4140.701	17368.92	9709.117	72632.24	581010.5	132.0284	790.0356	5047.263	27297.92	1193.95	-5.338078	582.9182	3.581156e+07	9.801897e+07	468.3274	1795.729	693.9502	29010.95	6183.562	395.3737	1691.815	-5.338078	582.9182	395.3737	1691.815
39.48	6188.188		2839.701	22472.92	12010.12	59896.25	626184.5	1232.028	1790.036	4546.263	32804.92	1593.95	-5.338078	882.9182	4.838244e+07	1.3455e+08	268.3274	2895.729	593.9502	29210.95	5983.562	195.3737	1091.815	-5.338078	882.9182	195.3737	1091.815
39.77	6488.188		2339.701	24975.92	13010.12	62904.25	521515.5	1232.028	2690.036	6647.263	39313.92	1393.95	-5.338078	582.9182	6.414097e+07	1.82234e+08	-31.6726	2195.729	993.9502	29611.95	6483.562	95.37366	1891.815	-5.338078	582.9182	95.37366	1891.815
40.05	6588.188		1839.701	32884.92	11110.12	54984.25	477954.5	832.0284	2790.036	5447.263	42819.92	1393.95	-5.338078	582.9182	7.083797e+07	1.902458e+08	568.3274	4895.729	1193.95	27909.95	6083.562	195.3737	1191.815	-5.338078	582.9182	195.3737	1191.815
40.34	6188.188		2839.701	31682.92	14111.12	51976.25	465725.5	1532.028	2690.036	8948.264	44121.92	1493.95	-5.338078	1682.918	7.558811e+07	2.062698e+08	568.3274	3395.729	693.9502	31012.95	6783.562	95.37366	1791.815	-5.338078	1682.918	95.37366	1791.815
40.62	6988.188		3040.701	30881.92	16913.12	53680.25	527846.5	1832.028	2190.036	11249.26	41817.92	993.9502	-5.338078	982.9182	8.038786e+07	2.14282e+08	68.3274	2795.729	1093.95	25906.95	5983.562	195.3737	1391.815	-5.338078	982.9182	195.3737	1391.815
40.91	6388.188		2339.701	29680.92	15612.12	56587.25	522127.5	1632.028	1890.036	12449.26	40615.92	993.9502	-5.338078	1182.918	7.684148e+07	2.202913e+08	768.3274	3195.729	1693.95	19701.95	5383.562	595.3737	1791.815	-5.338078	1182.918	595.3737	1791.815
41.2	5588.188		5240.701	28879.92	12910.12	57690.25	561776.5	2032.028	2290.036	11349.26	35007.92	1193.95	-5.338078	582.9182	7.027701e+07	2.042668e+08	668.3274	1995.729	993.9502	17499.95	5883.562	95.37366	1591.815	-5.338078	582.9182	95.37366	1591.815
41.48	6688.188		3040.701	24174.92	14011.12	60598.25	574767.5	1532.028	990.0356	9748.264	32503.92	1193.95	-5.338078	882.9182	6.481584e+07	1.682136e+08	468.3274	1595.729	1293.95	12896.95	4682.562	395.3737	1391.815	-5.338078	882.9182	395.3737	1391.815
41.77	4387.188		3340.701	22772.92	11009.12	57991.25	605277.5	832.0284	1790.036	10648.26	31302.92	893.9502	94.66192	882.9182	5.857452e+07	1.50188e+08	168.3274	1695.729	693.9502	14197.95	4682.562	195.3737	991.8149	94.66192	882.9182	195.3737	991.8149
42.05	4887.188		4940.701	18068.92	10609.12	65411.25	645569.5	2232.028	1590.036	11649.26	27397.92	1093.95	-5.338078	582.9182	5.287366e+07	1.379764e+08	368.3274	1695.729	193.9502	12796.95	3382.562	395.3737	1091.815	-5.338078	582.9182	395.3737	1091.815
42.34	4187.188		3140.701	14666.92	9909.117	70727.24	697028.5	1932.028	890.0356	8147.263	24594.92	393.9502	-5.338078	582.9182	4.22698e+07	1.101451e+08	268.3274	1795.729	593.9502	14397.95	2582.562	95.37366	1091.815	-5.338078	582.9182	95.37366	1091.815
42.62	2787.189		1939.701	12164.92	7408.118	84171.24	722847.5	332.0284	1190.036	7447.263	20290.92	1393.95	-5.338078	1182.918	3.477193e+07	9.39618e+07	268.3274	995.7296	793.9502	12096.95	2382.562	295.3737	1091.815	-5.338078	1182.918	295.3737	1091.815
42.91	2587.189		2239.701	11664.92	8008.118	87383.24	783643.5	432.0284	1590.036	7547.263	18389.92	1593.95	-5.338078	482.9182	2.626697e+07	7.811168e+07	168.3274	1095.729	1093.95	11396.95	2882.562	95.37366	1091.815	-5.338078	482.9182	95.37366	1091.815
43.2	3187.189		1239.701	6862.922	5108.118	85978.24	748693.5	432.0284	1190.036	7247.263	13886.92	1293.95	94.66192	782.9182	2.127025e+07	5.986896e+07	368.3274	595.7296	493.9502	8494.95	3182.562	95.37366	891.8149	94.66192	782.9182	95.37366	891.8149
43.48	1987.189		3440.701	5762.922	3907.117	96418.24	768379.5	632.0284	790.0356	6947.263	13486.92	593.9502	-5.338078	382.9182	1.758402e+07	4.302261e+07	168.3274	495.7295	693.9502	6894.95	2082.562	-4.626335	1091.815	-5.338078	382.9182	-4.626335	1091.815
43.77	1487.189		1639.701	5862.922	3007.117	89692.24	765080.5	32.02844	690.0356	6347.263	11485.92	593.9502	-5.338078	182.9182	1.339206e+07	3.713872e+07	-31.6726	395.7295	193.9502	5994.95	2582.562	195.3737	791.8149	-5.338078	182.9182	195.3737	791.8149
44.05	1487.189		1539.701	3861.922	3207.117	84974.24	769101.5	32.02844	-309.9644	6647.263	11785.92	993.9502	94.66192	82.91815	1.088776e+07	3.142164e+07	168.3274	495.7295	93.95018	4893.95	2282.562	195.3737	1091.815	94.66192	82.91815	195.3737	1091.815
44.34	887.1886		2539.701	6062.922	2407.117	88989.24	785603.5	232.0284	90.03564	4046.263	9184.918	693.9502	-5.338078	82.91815	9459545	2.441647e+07	-31.6726	695.7296	993.9502	6694.95	2082.562	-4.626335	1091.815	-5.338078	82.91815	-4.626335	1091.815
44.63	687.1886		2940.701	2161.922	2107.117	74539.24	803975.5	-267.9716	390.0356	8147.263	7983.918	593.9502	-5.338078	82.91815	6802628	1.601759e+07	168.3274	395.7295	293.9502	4393.95	2482.562	95.37366	891.8149	-5.338078	82.91815	95.37366	891.8149
44.92	787.1886		3540.701	2061.922	1707.117	92000.24	886398.5	332.0284	-609.9644	6347.263	9584.918	293.9502	-5.338078	-17.08185	6421212	1.772383e+07	68.3274	595.7296	493.9502	2693.95	2282.562	-4.626335	691.8149	-5.338078	-17.08185	-4.626335	691.8149
45.2	887.1886		2039.701	2561.922	1207.117	97523.24	848721.5	132.0284	-109.9644	5647.263	7883.918	693.9502	194.6619	82.91815	5220732	1.236459e+07	-31.6726	195.7295	993.9502	2293.95	2382.562	-4.626335	691.8149	194.6619	82.91815	-4.626335	691.8149
45.49	687.1886		539.7012	861.9218	907.1174	95213.24	846032.5	232.0284	90.03564	5747.263	9184.918	493.9502	94.66192	82.91815	4133592	1.254926e+07	168.3274	495.7295	593.9502	2593.95	2582.562	95.37366	591.8149	94.66192	82.91815	95.37366	591.8149
45.78	187.1886		3340.701	1161.922	707.1174	97422.24	814509.5	132.0284	1290.036	6147.263	5583.918	393.9502	94.66192	82.91815	3202024	1.009256e+07	-31.6726	395.7295	393.9502	3093.95	1982.562	95.37366	491.8149	94.66192	82.91815	95.37366	491.8149
46.06	287.1886		2940.701	1561.922	1207.117	85476.24	798916.5	532.0284	590.0356	6047.263	5283.918	593.9502	-5.338078	-17.08185	3300814	8105722	-31.6726	695.7296	393.9502	2993.95	2682.562	95.37366	491.8149	-5.338078	-17.08185	95.37366	491.8149
46.35	387.1886		2739.701	1561.922	907.1174	95213.24	788905.5	-67.97156	-109.9644	5347.263	7483.918	993.9502	-5.338078	-17.08185	2877444	7141090	-31.6726	95.72954	593.9502	2393.95	2082.562	-4.626335	591.8149	-5.338078	-17.08185	-4.626335	591.8149
46.64	387.1886		3040.701	1061.922	1107.117	86781.24	771163.5	-267.9716	190.0356	6347.263	7783.918	993.9502	-5.338078	82.91815	2059070	5481970	68.3274	495.7295	593.9502	3793.95	1682.562	95.37366	191.8149	-5.338078	82.91815	95.37366	191.8149
46.93	687.1886		1639.701	161.9218	1307.117	96719.24	753227.5	-567.9716	-9.964355	5847.263	6983.918	893.9502	-5.338078	82.91815	2030854	6361066	268.3274	495.7295	693.9502	15698.95	2382.562	195.3737	1091.815	-5.338078	82.91815	195.3737	1091.815
47.21	887.1886		339.7012	1561.922	407.1174	82867.24	754154.5	332.0284	-109.9644	5847.263	8784.918	493.9502	-5.338078	-17.08185	3173798	1.023452e+07	-31.6726	595.7296	193.9502	52749.95	1082.562	95.37366	691.8149	-5.338078	-17.08185	95.37366	691.8149
47.5	2687.189		1939.701	1861.922	2207.117	88186.24	759616.5	232.0284	890.0356	4846.263	7983.918	2093.95	-5.338078	182.9182	5093648	1.465229e+07	368.3274	195.7295	-6.049822	108931	1382.562	95.37366	991.8149	-5.338078	182.9182	95.37366	991.8149
47.79	5988.188		1539.701	1661.922	2907.117	87885.24	762193.5	-67.97156	490.0356	6647.263	9784.918	2493.95	-5.338078	-17.08185	8950618	2.517196e+07	168.3274	195.7295	693.9502	183868	1282.562	-4.626335	1191.815	-5.338078	-17.08185	-4.626335	1191.815
48.07	7288.188		2940.701	3061.922	3207.117	86580.24	789730.5	332.0284	90.03564	6747.263	10084.92	2593.95	-5.338078	82.91815	1.098676e+07	2.694016e+07	68.3274	495.7295	493.9502	206846	1782.562	295.3737	791.8149	-5.338078	82.91815	295.3737	791.8149
48.36	7488.188		1939.701	3761.922	4307.118	96719.24	790762.5	232.0284	90.03564	7547.263	13586.92	4393.95	194.6619	82.91815	1.085947e+07	2.913738e+07	168.3274	395.7295	-6.049822	215317	1782.562	195.3737	1291.815	194.6619	82.91815	195.3737	1291.815
48.64	6988.188		2139.701	2961.922	2607.117	89892.24	800361.5	132.0284	-109.9644	8047.263	12185.92	3693.95	-5.338078	-17.08185	8851669	2.33334e+07	568.3274	395.7295	993.9502	181047	1582.562	95.37366	791.8149	-5.338078	-17.08185	95.37366	791.8149
48.93	5888.188		2639.701	2161.922	2807.117	92302.24	800155.5	-167.9716	390.0356	6247.263	12085.92	1993.95	-5.338078	-17.08185	6279960	1.648636e+07	268.3274	595.7296	93.95018	130836	2382.562	195.3737	591.8149	-5.338078	-17.08185	195.3737	591.8149
49.21	4287.188		1039.701	561.9218	2707.117	88186.24	859274.5	432.0284	790.0356	6147.263	7183.918	1793.95	-5.338078	-17.08185	4288878	1.279076e+07	-31.6726	395.7295	393.9502	103307	2182.562	195.3737	891.8149	-5.338078	-17.08185	195.3737	891.8149
49.5	3187.189		3640.701	1661.922	1807.117	88387.24	744650.5	32.02844	490.0356	7147.263	9484.918	1793.95	-5.338078	82.91815	3526632	9226728	168.3274	295.7295	493.9502	80021.95	2682.562	495.3737	791.8149	-5.338078	82.91815	495.3737	791.8149
49.79	2787.189		1939.701	2461.922	1807.117	82264.24	834038.5	32.02844	-9.964355	6247.263	6183.918	1293.95	-5.338078	-17.08185	2538784	8048972	-31.6726	495.7295	693.9502	52749.95	1282.562	95.37366	491.8149	-5.338078	-17.08185	95.37366	491.8149
50.07	2487.189		2739.701	761.9218	907.1174	90796.24	729229.5	-67.97156	90.03564	5047.263	7383.918	1593.95	-5.338078	82.91815	2651666	6899974	68.3274	395.7295	693.9502	49943.95	1182.562	-4.626335	991.8149	-5.338078	82.91815	-4.626335	991.8149
50.36	1787.189		1339.701	1961.922	907.1174	129173.2	755700.5	132.0284	490.0356	6747.263	7283.918	993.9502	-5.338078	-17.08185	2581114	7268747	168.3274	295.7295	593.9502	60366.95	1982.562	195.3737	691.8149	-5.338078	-17.08185	195.3737	691.8149
50.65	2387.189		1939.701	961.9218	1107.117	92703.24	830627.5	32.02844	290.0356	6847.263	9784.918	693.9502	-5.338078	82.91815	3286702	9354460	-31.6726	195.7295	1193.95	77513.95	2582.562	395.3737	1391.815	-5.338078	82.91815	395.3737	1391.815
50.94	2987.189		3540.701	1761.922	1507.117	100736.2	838897.5	132.0284	-409.9644	7347.263	7883.918	1493.95	-5.338078	-17.08185	4585350	9751877	268.3274	295.7295	893.9502	69690.95	3082.562	195.3737	491.8149	-5.338078	-17.08185	195.3737	491.8149
51.22	2387.189		3240.701	2061.922	1407.117	94209.24	814715.5	732.0284	490.0356	6347.263	8583.918	1693.95	-5.338078	-17.08185	2820998	8914513	68.3274	395.7295	393.9502	65980.95	1882.562	95.37366	591.8149	-5.338078	-17.08185	95.37366	591.8149
51.51	1887.189		3040.701	861.9218	1107.117	100334.2	839311.5	232.0284	190.0356	5347.263	7683.918	1693.95	94.66192	-17.08185	2513156	7282932	68.3274	395.7295	793.9502	56056.95	1682.562	395.3737	391.8149	94.66192	-17.08185	395.3737	391.8149
51.79	1887.189		1939.701	761.9218	607.1174	117814.2	765183.5	732.0284	290.0356	5647.263	9184.918	1293.95	-5.338078	-17.08185	1817636	4943278	-31.6726	-4.270463	193.9502	34317.95	1682.562	-4.626335	691.8149	-5.338078	-17.08185	-4.626335	691.8149
52.08	1087.189		2239.701	961.9218	807.1174	90796.24	778794.5	32.02844	190.0356	5047.263	7183.918	1093.95	-5.338078	82.91815	1543179	4503880	-31.6726	195.7295	93.95018	29911.95	982.5623	-4.626335	891.8149	-5.338078	82.91815	-4.626335	891.8149
52.36	1887.189		2039.701	461.9218	707.1174	92302.24	838794.5	-167.9716	190.0356	5147.263	8483.918	593.9502	-5.338078	-17.08185	1194129	4404668	-31.6726	295.7295	793.9502	24605.95	1982.562	-4.626335	191.8149	-5.338078	-17.08185	-4.626335	191.8149
52.65	1287.189		2239.701	361.9218	1407.117	108068.2	834245.5	32.02844	290.0356	6947.263	7883.918	893.9502	-5.338078	82.91815	944696.4	3044332	168.3274	295.7295	593.9502	21102.95	1282.562	-4.626335	591.8149	-5.338078	82.91815	-4.626335	591.8149
52.95	1087.189		3240.701	661.9218	7.117439	109977.2	856583.5	432.0284	-9.964355	6047.263	6383.918	693.9502	-5.338078	82.91815	860074.4	1727006	68.3274	195.7295	493.9502	13497.95	882.5623	95.37366	891.8149	-5.338078	82.91815	95.37366	891.8149
53.23	1287.189		2139.701	661.9218	507.1174	84272.24	879356.5	32.02844	-209.9644	6747.263	6783.918	793.9502	-5.338078	282.9182	590771.4	1695902	-31.6726	595.7296	393.9502	13797.95	1482.562	195.3737	391.8149	-5.338078	282.9182	195.3737	391.8149
53.52	887.1886		2639.701	1261.922	807.1174	79856.24	809654.5	232.0284	1090.036	5747.263	6783.918	693.9502	-5.338078	-17.08185	539021.4	1571226	68.3274	195.7295	693.9502	8094.95	1782.562	95.37366	591.8149	-5.338078	-17.08185	95.37366	591.8149
53.81	487.1886		3540.701	1161.922	407.1174	84673.24	825770.5	232.0284	-209.9644	5547.263	8183.918	593.9502	-5.338078	-17.08185	590873.4	1103926	68.3274	95.72954	493.9502	7394.95	1382.562	-4.626335	891.8149	-5.338078	-17.08185	-4.626335	891.8149
54.1	587.1886		539.7012	1061.922	407.1174	91599.24	809035.5	732.0284	1090.036	5847.263	5983.918	893.9502	-5.338078	-17.08185	473616.4	1033128	-31.6726	495.7295	293.9502	8194.95	1482.562	95.37366	1591.815	-5.338078	-17.08185	95.37366	1591.815
54.39	587.1886		3540.701	961.9218	607.1174	90796.24	810274.5	332.0284	90.03564	7447.263	8884.918	1493.95	-5.338078	82.91815	338041.4	923607.8	-31.6726	95.72954	493.9502	6694.95	1982.562	95.37366	1291.815	-5.338078	82.91815	95.37366	1291.815
54.68	1087.189		3740.701	1461.922	507.1174	89491.24	810894.5	32.02844	-109.9644	7447.263	8283.918	893.9502	94.66192	-17.08185	327907.4	1004810	68.3274	295.7295	93.95018	4293.95	2482.562	195.3737	491.8149	94.66192	-17.08185	195.3737	491.8149
54.97	587.1886		3040.701	561.9218	1007.117	82967.24	707517.5	-367.9716	90.03564	6347.263	6883.918	893.9502	94.66192	82.91815	258803.4	792426.8	68.3274	195.7295	393.9502	5494.95	1782.562	95.37366	691.8149	94.66192	82.91815	95.37366	691.8149
55.26	187.1886		3040.701	761.9218	507.1174	85275.24	728817.5	132.0284	390.0356	5747.263	8383.918	1393.95	-5.338078	-17.08185	295102.4	1429614	-31.6726	395.7295	793.9502	4193.95	1382.562	-4.626335	291.8149	-5.338078	-17.08185	-4.626335	291.8149
55.55	387.1886		1639.701	861.9218	107.1174	77950.24	771060.5	232.0284	290.0356	4246.263	8183.918	793.9502	94.66192	-17.08185	310083.4	566395.8	-31.6726	195.7295	393.9502	2293.95	1082.562	95.37366	991.8149	94.66192	-17.08185	95.37366	991.8149
55.83	87.18861		1539.701	561.9218	707.1174	81462.24	761472.5	-167.9716	-209.9644	6047.263	6783.918	1293.95	-5.338078	-17.08185	208536.4	607545.8	-31.6726	295.7295	493.9502	2793.95	882.5623	395.3737	591.8149	-5.338078	-17.08185	395.3737	591.8149
56.12	287.1886		3140.701	-38.07825	807.1174	82365.24	714512.5	432.0284	190.0356	5747.263	7083.918	993.9502	-5.338078	82.91815	324057.4	996946.8	-31.6726	695.7296	93.95018	6894.95	1282.562	95.37366	591.8149	-5.338078	82.91815	95.37366	591.8149
56.4	587.1886		1839.701	761.9218	407.1174	83368.24	689420.5	32.02844	490.0356	5447.263	6583.918	793.9502	-5.338078	-17.08185	611459.4	1578153	-31.6726	195.7295	393.9502	11996.95	982.5623	95.37366	491.8149	-5.338078	-17.08185	95.37366	491.8149
56.69	887.1886		2039.701	1961.922	807.1174	88989.24	752093.5	232.0284	490.0356	4546.263	7483.918	2193.95	94.66192	-17.08185	580740.4	1532010	-31.6726	495.7295	393.9502	8895.95	982.5623	95.37366	291.8149	94.66192	-17.08185	95.37366	291.8149
56.97	987.1886		2439.701	1461.922	907.1174	85877.24	757761.5	32.02844	190.0356	4446.263	6083.918	793.9502	94.66192	-17.08185	554759.4	1498466	-31.6726	195.7295	193.9502	12596.95	1182.562	195.3737	391.8149	94.66192	-17.08185	195.3737	391.8149
57.26	1187.189		1839.701	1061.922	907.1174	80759.24	801291.5	432.0284	-9.964355	6047.263	8083.918	1193.95	94.66192	-17.08185	1464236	4645615	-31.6726	495.7295	893.9502	47438.95	1682.562	95.37366	291.8149	94.66192	-17.08185	95.37366	291.8149
57.54	3587.189		2339.701	1761.922	1907.117	91900.24	759822.5	532.0284	390.0356	7247.263	8984.918	1293.95	-5.338078	-17.08185	3950082	1.107219e+07	-31.6726	95.72954	493.9502	83432.95	2582.562	195.3737	991.8149	-5.338078	-17.08185	195.3737	991.8149
57.83	2387.189		2339.701	1961.922	1707.117	94711.24	764667.5	432.0284	1290.036	7447.263	10684.92	2593.95	-5.338078	82.91815	5489040	1.337327e+07	168.3274	495.7295	793.9502	146924	3282.562	195.3737	691.8149	-5.338078	82.91815	195.3737	691.8149
58.11	5288.188		1239.701	3161.922	1507.117	84071.24	864655.5	132.0284	490.0356	6547.263	7283.918	2593.95	-5.338078	-17.08185	4627706	1.30749e+07	368.3274	395.7295	893.9502	112748	1982.562	195.3737	691.8149	-5.338078	-17.08185	195.3737	691.8149
58.4	3387.189		3240.701	1861.922	1907.117	95514.24	697244.5	332.0284	390.0356	5247.263	7583.918	2293.95	-5.338078	-17.08185	3554862	1.051845e+07	68.3274	95.72954	193.9502	98788.95	2782.562	-4.626335	591.8149	-5.338078	-17.08185	-4.626335	591.8149
58.69	2687.189		3540.701	2361.922	1707.117	90997.24	850687.5	32.02844	290.0356	6147.263	8684.918	2193.95	-5.338078	-17.08185	2849220	8346922	68.3274	295.7295	293.9502	63473.95	1582.562	95.37366	491.8149	-5.338078	-17.08185	95.37366	491.8149
58.98	1587.189		1039.701	661.9218	1407.117	97021.24	805524.5	432.0284	-209.9644	7347.263	7883.918	1793.95	-5.338078	82.91815	2468234	6460332	-31.6726	195.7295	393.9502	49843.95	2382.562	195.3737	1191.815	-5.338078	82.91815	195.3737	1191.815
59.26	1887.189		2940.701	761.9218	1007.117	84874.24	832384.5	332.0284	-209.9644	6447.263	7483.918	793.9502	-5.338078	-17.08185	1706382	4206253	68.3274	95.72954	593.9502	41127.95	2082.562	-4.626335	891.8149	-5.338078	-17.08185	-4.626335	891.8149
59.55	1187.189		1939.701	1161.922	807.1174	91398.24	784056.5	-67.97156	-409.9644	19253.26	6483.918	1293.95	-5.338078	282.9182	1363575	3540228	68.3274	595.7296	593.9502	24105.95	2882.562	395.3737	691.8149	-5.338078	282.9182	395.3737	691.8149
59.84	787.1886		2139.701	661.9218	907.1174	88487.24	773225.5	232.0284	990.0356	6247.263	6683.918	1293.95	94.66192	-17.08185	1068845	2860161	168.3274	95.72954	693.9502	21803.95	1782.562	-4.626335	291.8149	94.66192	-17.08185	-4.626335	291.8149
60.12	387.1886		2739.701	661.9218	1307.117	87082.24	772606.5	-167.9716	-309.9644	9348.264	7683.918	893.9502	-5.338078	-17.08185	874092.4	2066915	-31.6726	395.7295	693.9502	22303.95	1982.562	195.3737	591.8149	-5.338078	-17.08185	195.3737	591.8149
60.42	687.1886		3140.701	261.9218	1007.117	85275.24	746015.5	-67.97156	290.0356	6247.263	6783.918	1393.95	-5.338078	82.91815	806268.4	2137733	68.3274	595.7296	393.9502	14897.95	2082.562	295.3737	691.8149	-5.338078	82.91815	295.3737	691.8149
60.71	1487.189		1539.701	461.9218	1007.117	88587.24	729435.5	432.0284	-209.9644	4546.263	8083.918	2093.95	-5.338078	-17.08185	528704.4	1585388	68.3274	195.7295	93.95018	13897.95	2082.562	-4.626335	891.8149	-5.338078	-17.08185	-4.626335	891.8149
61	887.1886		2339.701	1061.922	207.1174	103448.2	774875.5	32.02844	290.0356	5747.263	7983.918	1193.95	-5.338078	-17.08185	522985.4	1429614	68.3274	295.7295	393.9502	11496.95	2282.562	95.37366	391.8149	-5.338078	-17.08185	95.37366	391.8149
61.29	387.1886		839.7012	61.92175	207.1174	88587.24	777041.5	-467.9716	90.03564	4646.263	6983.918	293.9502	94.66192	-17.08185	403603.4	1372970	68.3274	395.7295	293.9502	9195.95	1382.562	-4.626335	591.8149	94.66192	-17.08185	-4.626335	591.8149
61.58	87.18861		2439.701	361.9218	207.1174	88387.24	740453.5	-67.97156	1090.036	4846.263	8183.918	1393.95	-5.338078	-17.08185	356697.4	1199670	168.3274	295.7295	293.9502	7694.95	1082.562	295.3737	391.8149	-5.338078	-17.08185	295.3737	391.8149
61.86	387.1886		3240.701	661.9218	507.1174	84974.24	723259.5	-67.97156	-9.964355	5747.263	7683.918	893.9502	-5.338078	82.91815	392935.4	1004810	68.3274	195.7295	593.9502	7194.95	2282.562	95.37366	591.8149	-5.338078	82.91815	95.37366	591.8149
62.16	787.1886		-1061.299	161.9218	507.1174	94209.24	661690.5	32.02844	290.0356	3246.263	6783.918	1293.95	94.66192	-17.08185	275783.4	984362.8	68.3274	95.72954	393.9502	4493.95	3382.562	-4.626335	591.8149	94.66192	-17.08185	-4.626335	591.8149
62.45	487.1886		1639.701	-138.0782	407.1174	93306.24	697244.5	332.0284	590.0356	4846.263	6583.918	993.9502	94.66192	-17.08185	343515.4	895409.8	68.3274	295.7295	493.9502	5694.95	782.5623	95.37366	891.8149	94.66192	-17.08185	95.37366	891.8149
62.74	587.1886		1539.701	2161.922	207.1174	92703.24	726964.5	32.02844	-309.9644	6447.263	7683.918	1093.95	94.66192	82.91815	459760.4	1486258	-31.6726	195.7295	693.9502	7594.95	1682.562	-4.626335	391.8149	94.66192	82.91815	-4.626335	391.8149
63.03	587.1886		3040.701	561.9218	707.1174	91599.24	753742.5	-367.9716	890.0356	5147.263	6083.918	693.9502	-5.338078	-17.08185	596402.4	1592736	68.3274	395.7295	293.9502	11396.95	1782.562	-4.626335	291.8149	-5.338078	-17.08185	-4.626335	291.8149
63.31	887.1886		1039.701	1061.922	907.1174	88989.24	782095.5	432.0284	-9.964355	5347.263	7283.918	1593.95	-5.338078	-17.08185	688011.4	1829013	-31.6726	95.72954	193.9502	12096.95	2182.562	95.37366	1091.815	-5.338078	-17.08185	95.37366	1091.815
63.6	387.1886		2839.701	1461.922	507.1174	84974.24	717290.5	532.0284	-209.9644	5347.263	5283.918	993.9502	294.6619	-17.08185	758198.4	2145335	68.3274	395.7295	193.9502	17499.95	982.5623	295.3737	991.8149	294.6619	-17.08185	295.3737	991.8149
63.89	587.1886		2239.701	1161.922	907.1174	70827.24	757246.5	32.02844	390.0356	5047.263	6383.918	1193.95	-5.338078	-17.08185	875438.4	2661833	-31.6726	395.7295	493.9502	11896.95	2082.562	95.37366	791.8149	-5.338078	-17.08185	95.37366	791.8149
64.19	1187.189		2239.701	261.9218	707.1174	72031.24	661690.5	-67.97156	90.03564	5947.263	6183.918	1193.95	-5.338078	-17.08185	775454.4	1826112	-31.6726	295.7295	493.9502	7794.95	1582.562	295.3737	691.8149	-5.338078	-17.08185	295.3737	691.8149
64.48	687.1886		3240.701	1061.922	607.1174	74338.24	715644.5	132.0284	1190.036	5847.263	7183.918	1093.95	-5.338078	-17.08185	558542.4	2180225	68.3274	595.7296	693.9502	7994.95	2682.562	-4.626335	891.8149	-5.338078	-17.08185	-4.626335	891.8149
64.76	787.1886		2239.701	861.9218	807.1174	70225.24	702272.5	-167.9716	290.0356	6747.263	7383.918	1093.95	94.66192	-17.08185	366488.4	1217205	-31.6726	195.7295	593.9502	4593.95	1482.562	-4.626335	191.8149	94.66192	-17.08185	-4.626335	191.8149
65.05	687.1886		2739.701	461.9218	207.1174	81963.24	677089.5	332.0284	190.0356	4146.263	6883.918	893.9502	94.66192	82.91815	423122.4	1040364	-31.6726	295.7295	293.9502	3893.95	1082.562	395.3737	391.8149	94.66192	82.91815	395.3737	391.8149
65.33	187.1886		1139.701	861.9218	107.1174	78552.24	665380.5	32.02844	390.0356	5147.263	7583.918	793.9502	-5.338078	-17.08185	334088.4	837864.8	68.3274	395.7295	993.9502	4493.95	2182.562	-4.626335	791.8149	-5.338078	-17.08185	-4.626335	791.8149
65.62	887.1886		1939.701	861.9218	1007.117	71830.24	623416.5	32.02844	-209.9644	4946.263	7483.918	1393.95	94.66192	-17.08185	433701.4	947996.8	68.3274	695.7296	393.9502	3993.95	1582.562	295.3737	591.8149	94.66192	-17.08185	295.3737	591.8149
65.9	687.1886		2839.701	761.9218	407.1174	71730.24	633054.5	32.02844	-9.964355	3946.263	5783.918	1193.95	94.66192	-17.08185	305223.4	805423.8	68.3274	495.7295	393.9502	2493.95	1682.562	195.3737	891.8149	94.66192	-17.08185	195.3737	891.8149
66.19	387.1886		2139.701	-138.0782	607.1174	82666.24	637465.5	332.0284	-109.9644	4446.263	6483.918	1193.95	-5.338078	82.91815	290650.4	753438.8	-31.6726	195.7295	393.9502	1893.95	982.5623	295.3737	491.8149	-5.338078	82.91815	295.3737	491.8149
66.47	387.1886		1439.701	961.9218	807.1174	84171.24	674726.5	232.0284	190.0356	4746.263	6683.918	793.9502	-5.338078	-17.08185	291358.4	770961.8	-31.6726	595.7296	593.9502	1093.95	1182.562	95.37366	591.8149	-5.338078	-17.08185	95.37366	591.8149
66.77	387.1886		1839.701	1661.922	407.1174	86680.24	725729.5	-467.9716	390.0356	3946.263	6183.918	1193.95	-5.338078	82.91815	380590.4	861859.8	-31.6726	195.7295	793.9502	1193.95	1282.562	-4.626335	391.8149	-5.338078	82.91815	-4.626335	391.8149
67.06	387.1886		2940.701	661.9218	507.1174	83770.24	934282.5	32.02844	290.0356	4646.263	6583.918	793.9502	-5.338078	-17.08185	454567.4	1059754	-31.6726	495.7295	393.9502	1093.95	682.5623	-4.626335	191.8149	-5.338078	-17.08185	-4.626335	191.8149
67.35	387.1886		2839.701	661.9218	407.1174	94912.24	636542.5	32.02844	190.0356	3946.263	8283.918	1593.95	94.66192	-17.08185	463733.4	1330488	68.3274	395.7295	393.9502	1093.95	1382.562	95.37366	191.8149	94.66192	-17.08185	95.37366	191.8149
67.64	587.1886		1039.701	661.9218	407.1174	91197.24	665688.5	132.0284	-9.964355	4346.263	7583.918	693.9502	94.66192	-17.08185	726168.4	1585388	68.3274	95.72954	493.9502	1393.95	1282.562	195.3737	191.8149	94.66192	-17.08185	195.3737	191.8149
67.93	287.1886		1739.701	761.9218	507.1174	93205.24	693635.5	232.0284	590.0356	3846.263	6283.918	893.9502	-5.338078	82.91815	4881848	1.328802e+07	68.3274	95.72954	693.9502	21702.95	3382.562	95.37366	391.8149	-5.338078	82.91815	95.37366	391.8149
68.22	1487.189		2339.701	7162.922	1707.117	95012.24	664456.5	832.0284	890.0356	6447.263	15287.92	493.9502	94.66192	182.9182	3.267935e+07	7.837214e+07	968.3274	1195.729	493.9502	96278.95	9084.562	295.3737	1491.815	94.66192	182.9182	295.3737	1491.815
68.5	1787.189		2139.701	33885.92	3607.117	89089.24	654292.5	1432.028	1490.036	10448.26	24594.92	893.9502	-5.338078	882.9182	5.56943e+07	1.381712e+08	1268.327	995.7296	593.9502	130433	10584.56	95.37366	2691.815	-5.338078	882.9182	95.37366	2691.815
68.79	1887.189		3440.701	63945.92	4007.117	71028.24	536222.5	1232.028	390.0356	17252.26	32703.92	1093.95	-5.338078	1682.918	7.28668e+07	2.14282e+08	2568.327	1095.729	593.9502	124704	12385.56	95.37366	3591.815	-5.338078	1682.918	95.37366	3591.815
69.07	987.1886		3240.701	84005.92	1907.117	55485.25	428363.5	1832.028	1990.036	23257.26	42017.92	893.9502	-5.338078	2682.918	9.347944e+07	2.222944e+08	2268.327	995.7296	693.9502	108730	10784.56	-4.626335	5092.815	-5.338078	2682.918	-4.626335	5092.815
69.36	1187.189	4002126	2739.701	124777.9	1707.117	33741.25	338088.5	1632.028	3190.036	28062.26	53640.92	993.9502	-5.338078	3582.918	1.025387e+08	2.76381e+08	2568.327	1695.729	293.9502	98286.95	12685.56	-4.626335	5992.815	-5.338078	3582.918	-4.626335	5992.815
69.65	1587.189	3384239	2239.701	142371.9	1007.117	34442.25	282602.5	1832.028	3591.036	28662.26	60355.92	393.9502	-5.338078	3082.918	1.093373e+08	2.603547e+08	3068.327	2895.729	593.9502	86643.95	11585.56	-4.626335	4691.815	-5.338078	3082.918	-4.626335	4691.815
69.93	1387.189	2900196	2639.701	145690.9	1607.117	24228.25	251369.5	1832.028	2190.036	32968.26	63162.92	593.9502	-5.338078	2682.918	1.069534e+08	3.424948e+08	3868.327	3095.729	293.9502	83532.95	8483.562	-4.626335	5992.815	-5.338078	2682.918	-4.626335	5992.815
70.22	1187.189	2112236	2239.701	159374.9	1207.117	20724.25	189018.5	1832.028	2690.036	33669.26	62560.92	693.9502	-5.338078	3782.918	1.107625e+08	3.024248e+08	3668.327	3395.729	293.9502	94070.95	9784.562	-4.626335	6892.815	-5.338078	3782.918	-4.626335	6892.815
70.5	2287.189	1774568	4340.701	159877.9	1907.117	31337.25	185794.5	2232.028	3491.036	32567.26	80511.92	293.9502	-5.338078	2682.918	1.155661e+08	3.244629e+08	3868.327	3695.729	293.9502	77011.95	11185.56	-4.626335	5992.815	-5.338078	2682.918	-4.626335	5992.815
70.79	2587.189	1560845	4540.701	154845.9	4207.118	11316.25	153071.5	1832.028	3491.036	34770.26	77201.92	293.9502	-5.338078	2082.918	1.182181e+08	3.144455e+08	2568.327	4295.729	493.9502	64777.95	10584.56	-4.626335	4891.815	-5.338078	2082.918	-4.626335	4891.815
71.08	6188.188	1600125	2439.701	159575.9	13911.12	11016.25	137077.5	2832.028	3791.036	27761.26	79207.92	93.95018	-5.338078	1982.918	1.289043e+08	3.525128e+08	3168.327	4495.729	393.9502	51847.95	10684.56	-4.626335	3491.815	-5.338078	1982.918	-4.626335	3491.815
71.36	6688.188	980100.6	3340.701	127491.9	17213.12	11016.25	99096.52	2332.028	2390.036	26860.26	67473.92	93.95018	-5.338078	1982.918	1.268288e+08	3.404912e+08	2068.327	2995.729	193.9502	44132.95	11485.56	-4.626335	1891.815	-5.338078	1982.918	-4.626335	1891.815
71.65	11190.19	1078452	1939.701	97153.92	28023.12	12617.25	108134.5	1732.028	3691.036	19954.26	63162.92	293.9502	-5.338078	1382.918	1.313613e+08	3.645347e+08	2368.327	3295.729	293.9502	35318.95	10884.56	-4.626335	1891.815	-5.338078	1382.918	-4.626335	1891.815
71.93	14791.19	963987.6	4340.701	78788.92	41441.12	6213.246	91065.52	2232.028	4391.036	15651.26	56045.92	193.9502	-5.338078	1382.918	1.372329e+08	3.645347e+08	1268.327	2595.729	393.9502	35919.95	8684.562	-4.626335	1991.815	-5.338078	1382.918	-4.626335	1991.815
72.22	19695.19	584310.6	3540.701	74776.92	48053.12	3712.246	81932.52	3332.028	3891.036	14450.26	55343.92	-6.049822	-5.338078	1182.918	1.293137e+08	3.2847e+08	1368.327	1995.729	293.9502	74504.95	11785.56	-4.626335	1491.815	-5.338078	1182.918	-4.626335	1491.815
72.51	21196.19	555558.6	4840.701	73873.92	45448.12	2611.246	60169.53	3532.028	4691.036	14550.26	51736.92	593.9502	-5.338078	1482.918	1.332784e+08	3.62531e+08	1268.327	2195.729	-6.049822	211888	11185.56	-4.626335	1691.815	-5.338078	1482.918	-4.626335	1691.815
72.79	20295.19	433041.6	3340.701	72870.92	47252.12	3312.246	58565.53	1232.028	2990.036	14951.26	49832.92	593.9502	-5.338078	1082.918	1.314052e+08	3.485056e+08	1568.327	2095.729	193.9502	334516.9	9284.562	-4.626335	1591.815	-5.338078	1082.918	-4.626335	1591.815
73.08	19495.19	355919.6	1939.701	55926.92	40240.12	3112.246	36221.53	2532.028	3691.036	14050.26	45323.92	293.9502	-5.338078	582.9182	1.206533e+08	2.924078e+08	1168.327	1695.729	93.95018	367271.9	9984.562	-4.626335	1991.815	-5.338078	582.9182	-4.626335	1991.815
73.36	15092.19	339793.6	3940.701	57129.92	39639.12	4512.246	45737.53	2032.028	1790.036	10848.26	40214.92	193.9502	-5.338078	782.9182	9.754963e+07	2.944112e+08	968.3274	1195.729	93.95018	294518.9	7283.562	-4.626335	1191.815	-5.338078	782.9182	-4.626335	1191.815
73.65	13090.19	334826.6	2739.701	41096.92	30626.12	3212.246	30413.53	1232.028	1990.036	9748.264	27097.92	-6.049822	-5.338078	1182.918	7.247822e+07	2.002608e+08	468.3274	995.7296	93.95018	230048	5483.562	-4.626335	1491.815	-5.338078	1182.918	-4.626335	1491.815
73.94	9089.188	243657.6	939.7012	30681.92	23218.12	1511.246	27609.53	1032.028	1790.036	8047.263	22892.92	293.9502	-5.338078	382.9182	5.361798e+07	1.483047e+08	368.3274	995.7296	-6.049822	151451	4682.562	-4.626335	991.8149	-5.338078	382.9182	-4.626335	991.8149
74.22	7388.188	188873.6	2239.701	23273.92	14111.12	1711.246	46138.53	1132.028	1390.036	5347.263	17488.92	-6.049822	-5.338078	582.9182	3.980202e+07	1.199838e+08	568.3274	895.7296	-6.049822	121087	3482.562	-4.626335	491.8149	-5.338078	582.9182	-4.626335	491.8149
74.51	4987.188	88493.64	1939.701	18268.92	12310.12	711.2456	16999.53	132.0284	790.0356	4546.263	12885.92	-6.049822	-5.338078	282.9182	3.189673e+07	9.163718e+07	268.3274	795.7296	-6.049822	87044.95	2882.562	-4.626335	791.8149	-5.338078	282.9182	-4.626335	791.8149
74.79	3787.189	204902.6	439.7012	14866.92	9109.117	411.2456	10595.53	332.0284	1190.036	2846.263	9384.918	193.9502	-5.338078	582.9182	2.584084e+07	7.530571e+07	368.3274	195.7295	-6.049822	79921.95	1882.562	-4.626335	991.8149	-5.338078	582.9182	-4.626335	991.8149
75.08	3387.189	101646.6	-761.2988	11864.92	8108.118	711.2456	22904.53	1132.028	1290.036	2146.263	7483.918	93.95018	94.66192	-17.08185	2.002217e+07	5.841529e+07	68.3274	295.7295	93.95018	53550.95	2282.562	-4.626335	391.8149	94.66192	-17.08185	-4.626335	391.8149
75.37	1887.189	147787.6	1939.701	9663.922	6208.118	-388.7544	21803.53	432.0284	390.0356	2146.263	6783.918	193.9502	-5.338078	82.91815	1.640807e+07	4.565991e+07	68.3274	95.72954	93.95018	39925.95	782.5623	-4.626335	291.8149	-5.338078	82.91815	-4.626335	291.8149
75.65	1787.189	34647.64	839.7012	8563.922	5008.118	-288.7544	9395.526	632.0284	-409.9644	1446.263	4882.918	-6.049822	-5.338078	82.91815	1.323637e+07	3.741051e+07	168.3274	-4.270463	-6.049822	38322.95	882.5623	-4.626335	291.8149	-5.338078	82.91815	-4.626335	291.8149
75.94	2387.189	186152.6	-1061.299	5162.922	2507.117	-1389.754	16299.53	132.0284	90.03564	2246.263	6383.918	-6.049822	-5.338078	82.91815	1.078875e+07	3.477931e+07	68.3274	295.7295	-6.049822	34016.95	782.5623	-4.626335	-8.185054	-5.338078	82.91815	-4.626335	-8.185054
76.22	1487.189	52783.64	-60.29883	6762.922	2307.117	-1589.754	13897.53	132.0284	290.0356	846.2634	2982.918	-6.049822	-5.338078	-17.08185	8936483	2.481558e+07	168.3274	195.7295	93.95018	23404.95	582.5623	-4.626335	291.8149	-5.338078	-17.08185	-4.626335	291.8149
76.51	1187.189	52482.64	739.7012	4462.922	2407.117	-789.7544	3493.527	332.0284	190.0356	846.2634	2182.918	93.95018	-5.338078	182.9182	7438410	2.13249e+07	368.3274	95.72954	-6.049822	27608.95	682.5623	-4.626335	91.81495	-5.338078	182.9182	-4.626335	91.81495
76.79	787.1886	17424.64	-961.2988	3461.922	1207.117	-88.75439	6093.527	332.0284	-209.9644	746.2634	2982.918	-6.049822	-5.338078	82.91815	5926848	1.76527e+07	68.3274	95.72954	-6.049822	13497.95	682.5623	-4.626335	291.8149	-5.338078	82.91815	-4.626335	291.8149
77.08	987.1886	76249.64	-1461.299	3861.922	1207.117	-1189.754	2492.527	-67.97156	-409.9644	946.2634	1582.918	93.95018	-5.338078	-17.08185	4783012	1.286179e+07	168.3274	95.72954	-6.049822	9695.95	782.5623	-4.626335	91.81495	-5.338078	-17.08185	-4.626335	91.81495
77.37	587.1886	25734.64	239.7012	2261.922	1207.117	811.2456	8094.527	432.0284	-109.9644	946.2634	1482.918	-6.049822	-5.338078	182.9182	3441950	1.043327e+07	-31.6726	-4.270463	-6.049822	10895.95	682.5623	-4.626335	-8.185054	-5.338078	182.9182	-4.626335	-8.185054
77.65	487.1886	43162.64	-1061.299	1961.922	807.1174	-488.7544	9595.526	32.02844	890.0356	346.2633	882.9182	-6.049822	-5.338078	-17.08185	3427836	9766072	-31.6726	-4.270463	-6.049822	7294.95	-17.43772	-4.626335	91.81495	-5.338078	-17.08185	-4.626335	91.81495
77.94	587.1886	22129.64	-1861.299	1761.922	1307.117	-488.7544	3893.527	32.02844	-409.9644	46.26334	2782.918	-6.049822	-5.338078	-17.08185	2270700	7907100	268.3274	-4.270463	-6.049822	8294.95	82.56228	-4.626335	-8.185054	-5.338078	-17.08185	-4.626335	-8.185054
78.22	87.18861	18626.64	-1061.299	1661.922	707.1174	-1089.754	1192.527	332.0284	-9.964355	746.2634	782.9182	-6.049822	-5.338078	-17.08185	2609336	6701419	68.3274	95.72954	-6.049822	6094.95	82.56228	-4.626335	91.81495	-5.338078	-17.08185	-4.626335	91.81495
78.51	387.1886	35849.64	-2361.299	1061.922	707.1174	111.2456	9695.526	432.0284	-9.964355	146.2633	1282.918	-6.049822	-5.338078	-17.08185	2496454	5666279	-31.6726	295.7295	-6.049822	5794.95	-17.43772	-4.626335	-8.185054	-5.338078	-17.08185	-4.626335	-8.185054
78.8	287.1886	22830.64	-1161.299	1161.922	407.1174	-188.7544	1992.527	232.0284	290.0356	146.2633	782.9182	-6.049822	-5.338078	182.9182	1903883	5283496	-31.6726	95.72954	-6.049822	4393.95	82.56228	-4.626335	-8.185054	-5.338078	182.9182	-4.626335	-8.185054
79.08	287.1886	34446.64	-1461.299	861.9218	407.1174	-1489.754	492.5267	-267.9716	590.0356	246.2633	782.9182	-6.049822	-5.338078	-17.08185	1099841	2605170	-31.6726	-4.270463	-6.049822	3493.95	182.5623	-4.626335	-8.185054	-5.338078	-17.08185	-4.626335	-8.185054
79.37	287.1886	12120.64	-1761.299	561.9218	207.1174	-1789.754	1292.527	-267.9716	290.0356	146.2633	1282.918	-6.049822	-5.338078	-17.08185	1184468	2973496	-31.6726	-4.270463	-6.049822	1493.95	82.56228	-4.626335	-8.185054	-5.338078	-17.08185	-4.626335	-8.185054
79.66	87.18861	4715.641	-60.29883	461.9218	207.1174	-288.7544	292.5267	-167.9716	90.03564	46.26334	82.91815	-6.049822	-5.338078	-17.08185	1085736	3044332	-31.6726	-4.270463	-6.049822	2693.95	-17.43772	-4.626335	-8.185054	-5.338078	-17.08185	-4.626335	-8.185054
79.94	87.18861	13921.64	-1161.299	661.9218	107.1174	-1489.754	892.5267	32.02844	190.0356	-53.73666	482.9182	-6.049822	-5.338078	82.91815	764279.4	1840306	-31.6726	95.72954	-6.049822	1993.95	82.56228	95.37366	-8.185054	-5.338078	82.91815	95.37366	-8.185054
80.23	187.1886	3815.641	-1161.299	161.9218	407.1174	-1289.754	-7.473267	532.0284	-409.9644	46.26334	482.9182	-6.049822	-5.338078	-17.08185	761351.4	2010261	168.3274	-4.270463	-6.049822	2093.95	-17.43772	-4.626335	-8.185054	-5.338078	-17.08185	-4.626335	-8.185054
80.52	87.18861	5416.641	-460.2988	361.9218	707.1174	-2089.754	792.5267	432.0284	490.0356	46.26334	82.91815	-6.049822	-5.338078	82.91815	1269097	1443774	-31.6726	-4.270463	-6.049822	993.9502	-17.43772	95.37366	-8.185054	-5.338078	82.91815	95.37366	-8.185054
80.81	-12.81139	6616.641	-761.2988	761.9218	7.117439	-1689.754	292.5267	132.0284	490.0356	46.26334	382.9182	-6.049822	-5.338078	-17.08185	521608.4	1981934	-31.6726	-4.270463	-6.049822	1193.95	182.5623	-4.626335	-8.185054	-5.338078	-17.08185	-4.626335	-8.185054
81.11	87.18861	9018.641	-1161.299	-538.0782	7.117439	-1489.754	992.5267	32.02844	-109.9644	-53.73666	282.9182	-6.049822	-5.338078	82.91815	326084.4	1061447	168.3274	-4.270463	-6.049822	893.9502	-17.43772	-4.626335	-8.185054	-5.338078	82.91815	-4.626335	-8.185054
81.39	-12.81139	3115.641	-660.2988	261.9218	7.117439	-1489.754	92.52673	-67.97156	190.0356	-53.73666	182.9182	-6.049822	-5.338078	-17.08185	336622.4	1344649	68.3274	-4.270463	-6.049822	393.9502	-17.43772	-4.626335	-8.185054	-5.338078	-17.08185	-4.626335	-8.185054
81.69	87.18861	4015.641	139.7012	61.92175	7.117439	-488.7544	-107.4733	332.0284	190.0356	46.26334	-17.08185	-6.049822	94.66192	82.91815	400351.4	834901.8	-31.6726	-4.270463	-6.049822	693.9502	-17.43772	-4.626335	-8.185054	94.66192	82.91815	-4.626335	-8.185054
81.97	87.18861	714.6406	-460.2988	361.9218	207.1174	-1889.754	-407.4733	232.0284	-209.9644	-53.73666	182.9182	-6.049822	-5.338078	-17.08185	345035.4	438483.8	-31.6726	-4.270463	-6.049822	393.9502	82.56228	-4.626335	-8.185054	-5.338078	-17.08185	-4.626335	-8.185054
82.26	-12.81139	2415.641	-160.2988	561.9218	107.1174	-2189.754	-607.4733	332.0284	-109.9644	46.26334	82.91815	-6.049822	-5.338078	-17.08185	192408.4	466797.8	-31.6726	-4.270463	-6.049822	493.9502	-17.43772	-4.626335	91.81495	-5.338078	-17.08185	-4.626335	91.81495
82.55	87.18861	914.6406	839.7012	-38.07825	-92.88256	-1389.754	892.5267	732.0284	90.03564	-53.73666	182.9182	-6.049822	-5.338078	-17.08185	245974.4	365906.8	-31.6726	-4.270463	-6.049822	393.9502	82.56228	-4.626335	-8.185054	-5.338078	-17.08185	-4.626335	-8.185054
82.84	-12.81139	214.6406	739.7012	-38.07825	107.1174	-1389.754	-7.473267	32.02844	90.03564	146.2633	-17.08185	-6.049822	-5.338078	-17.08185	295981.4	367699.8	-31.6726	-4.270463	-6.049822	293.9502	-17.43772	-4.626335	-8.185054	-5.338078	-17.08185	-4.626335	-8.185054
83.13	-12.81139	2415.641	-160.2988	61.92175	-92.88256	-1289.754	-107.4733	32.02844	-509.9644	46.26334	-17.08185	-6.049822	-5.338078	-17.08185	112671.4	176567.8	-31.6726	-4.270463	-6.049822	93.95018	-17.43772	-4.626335	-8.185054	-5.338078	-17.08185	-4.626335	-8.185054
83.42	-12.81139	3515.641	-1761.299	61.92175	-92.88256	-1989.754	792.5267	-167.9716	-109.9644	-53.73666	82.91815	-6.049822	-5.338078	-17.08185	164006.4	381855.8	-31.6726	-4.270463	-6.049822	93.95018	-17.43772	-4.626335	-8.185054	-5.338078	-17.08185	-4.626335	-8.185054
83.7	-12.81139	114.6406	-360.2988	261.9218	-92.88256	-1989.754	192.5267	32.02844	-109.9644	-53.73666	82.91815	-6.049822	-5.338078	-17.08185	70067.4	199035.8	-31.6726	-4.270463	-6.049822	1293.95	82.56228	-4.626335	-8.185054	-5.338078	-17.08185	-4.626335	-8.185054
83.99	-12.81139	2915.641	-2161.299	-38.07825	-92.88256	-1189.754	-307.4733	332.0284	-409.9644	-53.73666	-17.08185	-6.049822	-5.338078	-17.08185	116440.4	349879.8	-31.6726	-4.270463	-6.049822	-6.049822	-17.43772	-4.626335	-8.185054	-5.338078	-17.08185	-4.626335	-8.185054
84.27	-12.81139	2114.641	-460.2988	-238.0782	107.1174	-1089.754	-407.4733	-167.9716	-309.9644	-53.73666	-17.08185	-6.049822	-5.338078	-17.08185	114732.4	219102.8	-31.6726	-4.270463	-6.049822	193.9502	-17.43772	-4.626335	91.81495	-5.338078	-17.08185	-4.626335	91.81495
84.56	-12.81139	614.6406	-1561.299	161.9218	107.1174	-1589.754	-107.4733	532.0284	-409.9644	-53.73666	-17.08185	-6.049822	-5.338078	-17.08185	232345.4	56207.77	-31.6726	-4.270463	-6.049822	93.95018	-17.43772	95.37366	-8.185054	-5.338078	-17.08185	95.37366	-8.185054
84.84	-12.81139	2715.641	-160.2988	61.92175	107.1174	-1489.754	292.5267	132.0284	290.0356	-53.73666	-17.08185	-6.049822	94.66192	-17.08185	164107.4	127043.8	-31.6726	-4.270463	-6.049822	-6.049822	-17.43772	-4.626335	-8.185054	94.66192	-17.08185	-4.626335	-8.185054
85.14	-12.81139	1314.641	39.70117	61.92175	7.117439	-889.7544	-7.473267	-67.97156	-9.964355	-53.73666	-17.08185	-6.049822	-5.338078	-17.08185	53827.39	155354.8	-31.6726	-4.270463	-6.049822	-6.049822	-17.43772	-4.626335	-8.185054	-5.338078	-17.08185	-4.626335	-8.185054
85.43	-12.81139	314.6406	-260.2988	161.9218	107.1174	-2089.754	192.5267	-267.9716	-109.9644	-53.73666	-17.08185	-6.049822	-5.338078	-17.08185	57435.39	138628.8	68.3274	-4.270463	93.95018	-6.049822	-17.43772	-4.626335	-8.185054	-5.338078	-17.08185	-4.626335	-8.185054
85.71	-12.81139	914.6406	339.7012	61.92175	-92.88256	-1989.754	-7.473267	-267.9716	990.0356	46.26334	82.91815	-6.049822	-5.338078	-17.08185	18876.39	183666.8	-31.6726	-4.270463	-6.049822	93.95018	-17.43772	-4.626335	-8.185054	-5.338078	-17.08185	-4.626335	-8.185054
86	-12.81139	514.6406	-660.2988	261.9218	-92.88256	-2189.754	-207.4733	-267.9716	-609.9644	46.26334	-17.08185	-6.049822	-5.338078	-17.08185	1269.395	43281.77	-31.6726	-4.270463	-6.049822	-6.049822	-17.43772	-4.626335	-8.185054	-5.338078	-17.08185	-4.626335	-8.185054
86.28	-12.81139	3815.641	-1361.299	461.9218	7.117439	-1889.754	-207.4733	-367.9716	-109.9644	-53.73666	-17.08185	-6.049822	-5.338078	-17.08185	36997.39	217791.8	68.3274	-4.270463	-6.049822	-6.049822	-17.43772	-4.626335	-8.185054	-5.338078	-17.08185	-4.626335	-8.185054
86.57	-12.81139	5116.641	-260.2988	161.9218	-92.88256	-1789.754	-607.4733	632.0284	-409.9644	246.2633	-17.08185	-6.049822	-5.338078	-17.08185	62648.39	57009.77	-31.6726	-4.270463	-6.049822	-6.049822	-17.43772	-4.626335	-8.185054	-5.338078	-17.08185	-4.626335	-8.185054
86.85	-12.81139	16123.64	-1361.299	161.9218	-92.88256	-1289.754	392.5267	32.02844	390.0356	246.2633	-17.08185	-6.049822	-5.338078	-17.08185	34092.39	11446.77	-31.6726	-4.270463	-6.049822	193.9502	-17.43772	-4.626335	-8.185054	-5.338078	-17.08185	-4.626335	-8.185054
87.14	-12.81139	914.6406	-1361.299	261.9218	-92.88256	-1289.754	1192.527	332.0284	-9.964355	-53.73666	-17.08185	-6.049822	-5.338078	-17.08185	46412.39	843.7722	-31.6726	-4.270463	-6.049822	93.95018	-17.43772	95.37366	-8.185054	-5.338078	-17.08185	95.37366	-8.185054
87.42	-12.81139	214.6406	-160.2988	-138.0782	107.1174	-1989.754	-307.4733	432.0284	-109.9644	246.2633	-17.08185	-6.049822	-5.338078	-17.08185	96857.4	14748.77	-31.6726	-4.270463	-6.049822	-6.049822	-17.43772	-4.626335	-8.185054	-5.338078	-17.08185	-4.626335	-8.185054
87.71	87.18861	10719.64	239.7012	-138.0782	207.1174	-1089.754	92.52673	132.0284	390.0356	46.26334	-17.08185	-6.049822	-5.338078	-17.08185	-130.605	88501.77	-31.6726	-4.270463	-6.049822	-6.049822	-17.43772	-4.626335	-8.185054	-5.338078	-17.08185	-4.626335	-8.185054
88	-12.81139	3015.641	-1161.299	261.9218	-92.88256	-1989.754	-507.4733	-167.9716	-309.9644	-53.73666	-17.08185	-6.049822	-5.338078	-17.08185	5570.395	226134.8	-31.6726	-4.270463	-6.049822	-6.049822	-17.43772	-4.626335	-8.185054	-5.338078	-17.08185	-4.626335	-8.185054
88.29	-12.81139	-1285.359	-260.2988	-638.0782	207.1174	-689.7544	-507.4733	-167.9716	90.03564	46.26334	-17.08185	-6.049822	-5.338078	-17.08185	14073.39	112887.8	68.3274	-4.270463	-6.049822	-6.049822	-17.43772	-4.626335	-8.185054	-5.338078	-17.08185	-4.626335	-8.185054
88.58	-12.81139	2214.641	-961.2988	-838.0782	-92.88256	-1389.754	-7.473267	132.0284	190.0356	46.26334	-17.08185	-6.049822	-5.338078	-17.08185	14874.39	70420.77	-31.6726	-4.270463	-6.049822	-6.049822	-17.43772	-4.626335	-8.185054	-5.338078	-17.08185	-4.626335	-8.185054
88.87	-12.81139	1214.641	-1161.299	61.92175	7.117439	-2789.754	-207.4733	532.0284	390.0356	46.26334	-17.08185	-6.049822	-5.338078	-17.08185	6970.395	93117.77	-31.6726	-4.270463	-6.049822	-6.049822	82.56228	-4.626335	-8.185054	-5.338078	-17.08185	-4.626335	-8.185054
89.15	187.1886	2415.641	-360.2988	-338.0782	-92.88256	-2289.754	592.5267	-267.9716	-9.964355	-53.73666	82.91815	-6.049822	-5.338078	-17.08185	569.395	121941.8	-31.6726	95.72954	-6.049822	-6.049822	-17.43772	-4.626335	-8.185054	-5.338078	-17.08185	-4.626335	-8.185054
89.44	-12.81139	1114.641	-1261.299	-138.0782	-92.88256	-1989.754	392.5267	-67.97156	-9.964355	46.26334	-17.08185	-6.049822	-5.338078	-17.08185	26183.39	38974.77	-31.6726	-4.270463	-6.049822	-6.049822	-17.43772	-4.626335	-8.185054	-5.338078	-17.08185	-4.626335	-8.185054
89.72	-12.81139	2214.641	-260.2988	-38.07825	-92.88256	-689.7544	92.52673	-67.97156	-109.9644	-53.73666	-17.08185	-6.049822	-5.338078	-17.08185	51723.39	21352.77	-31.6726	-4.270463	-6.049822	-6.049822	-17.43772	-4.626335	-8.185054	-5.338078	-17.08185	-4.626335	-8.185054
90	-12.81139	114.6406	-260.2988	161.9218	-92.88256	-1789.754	1192.527	-67.97156	-109.9644	46.26334	-17.08185	-6.049822	-5.338078	-17.08185	22679.39	3643.772	-31.6726	-4.270463	-6.049822	-6.049822	82.56228	-4.626335	-8.185054	-5.338078	-17.08185	-4.626335	-8.185054
