ElapsedTime_s	Ti49_CPS	Al27_CPS	S33_CPS	Sc45_CPS	V51_CPS	Mn55_CPS	Fe57_CPS	Co59_CPS	Ni60_CPS	Ga71_CPS	Zr90_CPS	Nb93_CPS	Mo97_CPS	In113_CPS	Sn119_CPS	Sn118_CPS	Sb121_CPS	Hf177_CPS	Ta181_CPS	W183_CPS	Pb206_CPS	Th232_CPS	U238_CPS	Tc97_CPS	Cd113_CPS	U232_CPS	Pu238_CPS
0	-12.81139	-785.3594	-560.2988	161.9218	607.1174	-88.75439	-207.4733	132.0284	-809.9644	46.26334	-17.08185	-6.049822	-5.338078	82.91815	43607.39	10145.77	-31.6726	-4.270463	-6.049822	-6.049822	-17.43772	-4.626335	-8.185054	-5.338078	82.91815	-4.626335	-8.185054
																											
24.16	-12.81139	1014.641	-460.2988	-38.07825	-92.88256	11.24561	-7.473267	-167.9716	90.03564	146.2633	82.91815	-6.049822	94.66192	-17.08185	-30.60498	-156.2278	-31.6726	-4.270463	-6.049822	-6.049822	-17.43772	-4.626335	-8.185054	94.66192	-17.08185	-4.626335	-8.185054
24.45	-12.81139	-385.3594	-360.2988	-238.0782	-92.88256	-689.7544	592.5267	-267.9716	-109.9644	-53.73666	-17.08185	-6.049822	-5.338078	82.91815	-130.605	43.77225	-31.6726	-4.270463	-6.049822	-6.049822	182.5623	-4.626335	-8.185054	-5.338078	82.91815	-4.626335	-8.185054
24.73	-12.81139	614.6406	1139.701	-538.0782	7.117439	-588.7544	-307.4733	-367.9716	90.03564	46.26334	-17.08185	-6.049822	-5.338078	-17.08185	69.39502	-56.22775	-31.6726	-4.270463	-6.049822	-6.049822	-17.43772	-4.626335	-8.185054	-5.338078	-17.08185	-4.626335	-8.185054
25.02	-12.81139	2014.641	-560.2988	-38.07825	107.1174	-789.7544	-7.473267	-267.9716	390.0356	46.26334	-17.08185	-6.049822	-5.338078	-17.08185	-130.605	43.77225	68.3274	-4.270463	-6.049822	-6.049822	-17.43772	-4.626335	-8.185054	-5.338078	-17.08185	-4.626335	-8.185054
25.3	-12.81139	1414.641	-861.2988	661.9218	7.117439	-1989.754	92.52673	-67.97156	-309.9644	46.26334	-17.08185	-6.049822	-5.338078	-17.08185	-130.605	43.77225	-31.6726	-4.270463	-6.049822	-6.049822	-17.43772	-4.626335	-8.185054	-5.338078	-17.08185	-4.626335	-8.185054
25.59	-12.81139	614.6406	-1061.299	-238.0782	-92.88256	-488.7544	-407.4733	-67.97156	-209.9644	46.26334	-17.08185	-6.049822	-5.338078	-17.08185	-130.605	-56.22775	68.3274	-4.270463	-6.049822	-6.049822	-17.43772	-4.626335	-8.185054	-5.338078	-17.08185	-4.626335	-8.185054
25.87	-12.81139	1514.641	839.7012	-238.0782	-92.88256	-889.7544	-307.4733	132.0284	790.0356	-53.73666	-17.08185	-6.049822	-5.338078	-17.08185	-130.605	-256.2278	-31.6726	-4.270463	-6.049822	-6.049822	-17.43772	-4.626335	-8.185054	-5.338078	-17.08185	-4.626335	-8.185054
26.16	-12.81139	1314.641	839.7012	461.9218	-92.88256	-1089.754	292.5267	432.0284	290.0356	46.26334	-17.08185	-6.049822	-5.338078	-17.08185	69.39502	-156.2278	-31.6726	-4.270463	-6.049822	-6.049822	-17.43772	-4.626335	-8.185054	-5.338078	-17.08185	-4.626335	-8.185054
26.44	-12.81139	-285.3594	-60.29883	-138.0782	-92.88256	-789.7544	192.5267	-167.9716	490.0356	46.26334	-17.08185	-6.049822	-5.338078	-17.08185	69.39502	43.77225	-31.6726	-4.270463	-6.049822	93.95018	-17.43772	-4.626335	-8.185054	-5.338078	-17.08185	-4.626335	-8.185054
26.73	-12.81139	1114.641	-460.2988	561.9218	-92.88256	-2089.754	492.5267	-167.9716	-509.9644	-53.73666	-17.08185	-6.049822	-5.338078	82.91815	169.395	143.7722	-31.6726	-4.270463	-6.049822	-6.049822	-17.43772	-4.626335	-8.185054	-5.338078	82.91815	-4.626335	-8.185054
27.01	-12.81139	414.6406	-861.2988	-638.0782	-92.88256	-1389.754	-307.4733	-267.9716	-409.9644	-53.73666	82.91815	-6.049822	94.66192	82.91815	69.39502	-156.2278	-31.6726	-4.270463	-6.049822	-6.049822	-17.43772	-4.626335	-8.185054	94.66192	82.91815	-4.626335	-8.185054
27.3	-12.81139	1014.641	1039.701	-438.0782	-92.88256	-1589.754	-807.4733	32.02844	490.0356	-53.73666	-17.08185	-6.049822	-5.338078	-17.08185	-30.60498	36570.77	-31.6726	-4.270463	-6.049822	-6.049822	-17.43772	-4.626335	-8.185054	-5.338078	-17.08185	-4.626335	-8.185054
27.58	-12.81139	714.6406	139.7012	461.9218	-92.88256	-889.7544	-307.4733	-267.9716	90.03564	-53.73666	82.91815	-6.049822	94.66192	-17.08185	269.395	443.7722	68.3274	-4.270463	-6.049822	-6.049822	-17.43772	-4.626335	-8.185054	94.66192	-17.08185	-4.626335	-8.185054
27.87	-12.81139	614.6406	439.7012	-38.07825	-92.88256	-488.7544	592.5267	-167.9716	390.0356	46.26334	-17.08185	-6.049822	-5.338078	-17.08185	-30.60498	-156.2278	-31.6726	95.72954	-6.049822	-6.049822	-17.43772	-4.626335	-8.185054	-5.338078	-17.08185	-4.626335	-8.185054
28.15	-12.81139	314.6406	-761.2988	-338.0782	7.117439	-1589.754	-507.4733	32.02844	-309.9644	-53.73666	-17.08185	-6.049822	-5.338078	-17.08185	-130.605	43.77225	-31.6726	-4.270463	193.9502	-6.049822	-17.43772	-4.626335	-8.185054	-5.338078	-17.08185	-4.626335	-8.185054
28.44	-12.81139	214.6406	139.7012	-138.0782	-92.88256	-1789.754	792.5267	-167.9716	-9.964355	246.2633	82.91815	-6.049822	94.66192	-17.08185	169.395	-156.2278	-31.6726	-4.270463	-6.049822	-6.049822	-17.43772	-4.626335	-8.185054	94.66192	-17.08185	-4.626335	-8.185054
28.72	87.18861	1614.641	-761.2988	461.9218	107.1174	-1089.754	-507.4733	32.02844	990.0356	-53.73666	-17.08185	-6.049822	-5.338078	-17.08185	-30.60498	-156.2278	-31.6726	-4.270463	-6.049822	-6.049822	-17.43772	-4.626335	-8.185054	-5.338078	-17.08185	-4.626335	-8.185054
29.01	-12.81139	-385.3594	-1561.299	61.92175	-92.88256	-1589.754	-407.4733	-267.9716	190.0356	46.26334	-17.08185	-6.049822	-5.338078	-17.08185	-30.60498	-156.2278	-31.6726	-4.270463	-6.049822	-6.049822	82.56228	-4.626335	91.81495	-5.338078	-17.08185	-4.626335	91.81495
29.29	-12.81139	614.6406	-1261.299	261.9218	-92.88256	-1389.754	492.5267	232.0284	490.0356	46.26334	-17.08185	-6.049822	-5.338078	-17.08185	69.39502	43.77225	-31.6726	-4.270463	-6.049822	-6.049822	-17.43772	-4.626335	-8.185054	-5.338078	-17.08185	-4.626335	-8.185054
29.58	87.18861	1214.641	539.7012	-38.07825	-92.88256	-1589.754	-607.4733	-367.9716	390.0356	46.26334	-17.08185	-6.049822	-5.338078	-17.08185	-130.605	-256.2278	-31.6726	-4.270463	-6.049822	-6.049822	-17.43772	-4.626335	-8.185054	-5.338078	-17.08185	-4.626335	-8.185054
29.87	-12.81139	314.6406	739.7012	61.92175	107.1174	-1689.754	-207.4733	32.02844	90.03564	46.26334	-17.08185	-6.049822	-5.338078	-17.08185	-130.605	-56.22775	-31.6726	95.72954	-6.049822	-6.049822	-17.43772	-4.626335	-8.185054	-5.338078	-17.08185	-4.626335	-8.185054
30.15	-12.81139	714.6406	139.7012	-138.0782	-92.88256	-789.7544	-207.4733	332.0284	-9.964355	-53.73666	-17.08185	-6.049822	-5.338078	-17.08185	-130.605	143.7722	168.3274	-4.270463	-6.049822	-6.049822	-17.43772	-4.626335	-8.185054	-5.338078	-17.08185	-4.626335	-8.185054
30.43	-12.81139	614.6406	-961.2988	461.9218	107.1174	-989.7544	-407.4733	-67.97156	-209.9644	-53.73666	-17.08185	-6.049822	-5.338078	82.91815	-130.605	543.7722	-31.6726	-4.270463	-6.049822	-6.049822	-17.43772	-4.626335	-8.185054	-5.338078	82.91815	-4.626335	-8.185054
30.72	-12.81139	-185.3594	39.70117	161.9218	7.117439	-1089.754	-7.473267	232.0284	-509.9644	-53.73666	82.91815	-6.049822	-5.338078	-17.08185	-130.605	-156.2278	-31.6726	-4.270463	-6.049822	-6.049822	-17.43772	-4.626335	-8.185054	-5.338078	-17.08185	-4.626335	-8.185054
31.01	-12.81139	1514.641	-60.29883	-538.0782	-92.88256	-2089.754	-807.4733	-67.97156	-109.9644	46.26334	-17.08185	-6.049822	-5.338078	82.91815	45911.39	41478.77	-31.6726	-4.270463	-6.049822	93.95018	82.56228	-4.626335	-8.185054	-5.338078	82.91815	-4.626335	-8.185054
31.29	-12.81139	414.6406	-861.2988	61.92175	-92.88256	-1489.754	192.5267	-467.9716	-9.964355	-53.73666	-17.08185	-6.049822	-5.338078	-17.08185	-130.605	343.7722	168.3274	-4.270463	-6.049822	-6.049822	-17.43772	-4.626335	-8.185054	-5.338078	-17.08185	-4.626335	-8.185054
31.58	-12.81139	1214.641	-60.29883	561.9218	207.1174	-2589.754	-107.4733	-267.9716	390.0356	-53.73666	-17.08185	-6.049822	-5.338078	-17.08185	9771.395	-356.2278	-31.6726	-4.270463	-6.049822	-6.049822	-17.43772	-4.626335	-8.185054	-5.338078	-17.08185	-4.626335	-8.185054
31.86	187.1886	1614.641	39.70117	-138.0782	-92.88256	-1389.754	-307.4733	-67.97156	-809.9644	46.26334	82.91815	-6.049822	-5.338078	82.91815	-30.60498	-56.22775	-31.6726	-4.270463	-6.049822	-6.049822	-17.43772	-4.626335	-8.185054	-5.338078	82.91815	-4.626335	-8.185054
32.15	-12.81139	614.6406	-1061.299	-438.0782	-92.88256	211.2456	-507.4733	-267.9716	490.0356	-53.73666	-17.08185	-6.049822	-5.338078	-17.08185	15774.39	-156.2278	-31.6726	-4.270463	-6.049822	-6.049822	-17.43772	-4.626335	-8.185054	-5.338078	-17.08185	-4.626335	-8.185054
32.43	-12.81139	1414.641	-360.2988	261.9218	-92.88256	-2089.754	592.5267	-67.97156	790.0356	-53.73666	-17.08185	-6.049822	-5.338078	-17.08185	169.395	-56.22775	68.3274	-4.270463	-6.049822	-6.049822	-17.43772	-4.626335	-8.185054	-5.338078	-17.08185	-4.626335	-8.185054
32.72	87.18861	1214.641	-861.2988	-338.0782	7.117439	-1289.754	-207.4733	-167.9716	-909.9644	46.26334	-17.08185	-6.049822	-5.338078	-17.08185	69.39502	-356.2278	68.3274	-4.270463	-6.049822	-6.049822	-17.43772	-4.626335	-8.185054	-5.338078	-17.08185	-4.626335	-8.185054
33	-12.81139	1514.641	-961.2988	61.92175	-92.88256	-1189.754	392.5267	-267.9716	90.03564	-53.73666	-17.08185	-6.049822	-5.338078	-17.08185	-30.60498	243.7722	-31.6726	-4.270463	-6.049822	-6.049822	-17.43772	-4.626335	-8.185054	-5.338078	-17.08185	-4.626335	-8.185054
33.29	-12.81139	514.6406	-1061.299	61.92175	-92.88256	-2389.754	292.5267	-267.9716	-9.964355	146.2633	-17.08185	-6.049822	-5.338078	-17.08185	269.395	-56.22775	-31.6726	-4.270463	-6.049822	-6.049822	-17.43772	-4.626335	-8.185054	-5.338078	-17.08185	-4.626335	-8.185054
33.57	-12.81139	1414.641	-360.2988	-38.07825	-92.88256	-1689.754	-407.4733	-67.97156	-309.9644	-53.73666	-17.08185	-6.049822	-5.338078	82.91815	-130.605	-56.22775	-31.6726	-4.270463	-6.049822	-6.049822	82.56228	-4.626335	-8.185054	-5.338078	82.91815	-4.626335	-8.185054
33.86	-12.81139	114.6406	-2161.299	-38.07825	7.117439	-689.7544	-207.4733	32.02844	-509.9644	-53.73666	-17.08185	-6.049822	-5.338078	-17.08185	-30.60498	243.7722	-31.6726	-4.270463	-6.049822	-6.049822	-17.43772	-4.626335	-8.185054	-5.338078	-17.08185	-4.626335	-8.185054
34.14	-12.81139	814.6406	939.7012	-238.0782	7.117439	-889.7544	192.5267	132.0284	-9.964355	46.26334	-17.08185	-6.049822	-5.338078	-17.08185	69.39502	-256.2278	-31.6726	-4.270463	-6.049822	-6.049822	-17.43772	-4.626335	-8.185054	-5.338078	-17.08185	-4.626335	-8.185054
34.43	-12.81139	514.6406	-560.2988	661.9218	-92.88256	-1589.754	-407.4733	232.0284	-609.9644	-53.73666	-17.08185	-6.049822	-5.338078	-17.08185	-130.605	243.7722	-31.6726	-4.270463	-6.049822	-6.049822	-17.43772	-4.626335	-8.185054	-5.338078	-17.08185	-4.626335	-8.185054
34.71	-12.81139	-85.35938	-60.29883	261.9218	7.117439	-789.7544	692.5267	332.0284	90.03564	-53.73666	-17.08185	-6.049822	-5.338078	-17.08185	-130.605	-56.22775	-31.6726	-4.270463	-6.049822	-6.049822	82.56228	-4.626335	-8.185054	-5.338078	-17.08185	-4.626335	-8.185054
35	-12.81139	514.6406	1539.701	-38.07825	-92.88256	-488.7544	392.5267	32.02844	-109.9644	46.26334	-17.08185	-6.049822	-5.338078	-17.08185	69.39502	-256.2278	-31.6726	-4.270463	-6.049822	93.95018	-17.43772	-4.626335	-8.185054	-5.338078	-17.08185	-4.626335	-8.185054
35.28	87.18861	-1085.359	-2061.299	-138.0782	-92.88256	-88.75439	-107.4733	132.0284	-409.9644	-53.73666	-17.08185	-6.049822	-5.338078	-17.08185	-130.605	143.7722	-31.6726	-4.270463	-6.049822	-6.049822	-17.43772	-4.626335	-8.185054	-5.338078	-17.08185	-4.626335	-8.185054
35.57	-12.81139	514.6406	-560.2988	61.92175	-92.88256	-1289.754	-407.4733	-67.97156	-209.9644	146.2633	-17.08185	-6.049822	-5.338078	82.91815	169.395	-156.2278	68.3274	-4.270463	-6.049822	-6.049822	1082.562	-4.626335	-8.185054	-5.338078	82.91815	-4.626335	-8.185054
35.85	-12.81139	1414.641	-1661.299	-438.0782	7.117439	-588.7544	-407.4733	-67.97156	-809.9644	46.26334	-17.08185	-6.049822	-5.338078	-17.08185	-30.60498	43.77225	-31.6726	-4.270463	-6.049822	-6.049822	-17.43772	-4.626335	-8.185054	-5.338078	-17.08185	-4.626335	-8.185054
36.14	-12.81139	2014.641	-560.2988	461.9218	107.1174	211.2456	-607.4733	-167.9716	290.0356	-53.73666	-17.08185	-6.049822	-5.338078	82.91815	-130.605	-56.22775	-31.6726	-4.270463	-6.049822	-6.049822	-17.43772	95.37366	-8.185054	-5.338078	82.91815	95.37366	-8.185054
36.42	87.18861	2415.641	-1061.299	661.9218	307.1174	-1189.754	-7.473267	132.0284	-9.964355	46.26334	82.91815	-6.049822	-5.338078	-17.08185	-30.60498	-56.22775	-31.6726	-4.270463	-6.049822	-6.049822	82.56228	-4.626335	-8.185054	-5.338078	-17.08185	-4.626335	-8.185054
36.71	-12.81139	-285.3594	-1061.299	-438.0782	-92.88256	-188.7544	-207.4733	-267.9716	190.0356	-53.73666	-17.08185	-6.049822	-5.338078	-17.08185	-30.60498	43.77225	-31.6726	-4.270463	-6.049822	-6.049822	-17.43772	-4.626335	-8.185054	-5.338078	-17.08185	-4.626335	-8.185054
36.99	-12.81139	1114.641	239.7012	-438.0782	107.1174	-488.7544	-107.4733	132.0284	-109.9644	46.26334	-17.08185	-6.049822	-5.338078	-17.08185	-30.60498	-256.2278	-31.6726	-4.270463	-6.049822	-6.049822	-17.43772	-4.626335	-8.185054	-5.338078	-17.08185	-4.626335	-8.185054
37.28	-12.81139	-685.3594	-260.2988	-138.0782	-92.88256	-488.7544	-307.4733	232.0284	90.03564	-53.73666	-17.08185	-6.049822	-5.338078	-17.08185	-30.60498	-256.2278	-31.6726	-4.270463	-6.049822	-6.049822	-17.43772	-4.626335	-8.185054	-5.338078	-17.08185	-4.626335	-8.185054
37.56	-12.81139	-985.3594	-260.2988	61.92175	7.117439	-1389.754	-407.4733	232.0284	890.0356	46.26334	-17.08185	-6.049822	-5.338078	-17.08185	-30.60498	-256.2278	-31.6726	-4.270463	-6.049822	-6.049822	-17.43772	-4.626335	-8.185054	-5.338078	-17.08185	-4.626335	-8.185054
37.85	187.1886	314.6406	-1061.299	261.9218	207.1174	-1689.754	-107.4733	-67.97156	190.0356	-53.73666	-17.08185	-6.049822	-5.338078	82.91815	-130.605	443.7722	-31.6726	-4.270463	-6.049822	-6.049822	-17.43772	-4.626335	191.8149	-5.338078	82.91815	-4.626335	191.8149
38.13	87.18861	-85.35938	-460.2988	-238.0782	7.117439	-1189.754	-407.4733	-67.97156	690.0356	-53.73666	-17.08185	-6.049822	-5.338078	-17.08185	-130.605	-156.2278	-31.6726	-4.270463	-6.049822	-6.049822	-17.43772	-4.626335	-8.185054	-5.338078	-17.08185	-4.626335	-8.185054
38.42	-12.81139	514.6406	-460.2988	61.92175	-92.88256	-789.7544	592.5267	-67.97156	-309.9644	-53.73666	82.91815	-6.049822	-5.338078	-17.08185	-30.60498	443.7722	-31.6726	-4.270463	-6.049822	-6.049822	-17.43772	-4.626335	-8.185054	-5.338078	-17.08185	-4.626335	-8.185054
38.7	-12.81139	1314.641	-260.2988	461.9218	7.117439	-1389.754	-407.4733	32.02844	-509.9644	46.26334	-17.08185	-6.049822	-5.338078	82.91815	269.395	43.77225	-31.6726	-4.270463	-6.049822	-6.049822	-17.43772	-4.626335	-8.185054	-5.338078	82.91815	-4.626335	-8.185054
38.98	-12.81139	-585.3594	-360.2988	361.9218	7.117439	-1789.754	-107.4733	-167.9716	90.03564	146.2633	-17.08185	-6.049822	-5.338078	-17.08185	-130.605	43.77225	-31.6726	-4.270463	193.9502	-6.049822	-17.43772	-4.626335	-8.185054	-5.338078	-17.08185	-4.626335	-8.185054
39.27	-12.81139	1514.641	-360.2988	561.9218	-92.88256	-2189.754	-407.4733	332.0284	-409.9644	146.2633	-17.08185	-6.049822	-5.338078	-17.08185	69.39502	-56.22775	-31.6726	-4.270463	93.95018	-6.049822	-17.43772	-4.626335	-8.185054	-5.338078	-17.08185	-4.626335	-8.185054
39.56	-12.81139	-485.3594	-460.2988	-38.07825	-92.88256	-1789.754	492.5267	-67.97156	-409.9644	46.26334	82.91815	-6.049822	-5.338078	-17.08185	-30.60498	-256.2278	68.3274	-4.270463	-6.049822	-6.049822	-17.43772	-4.626335	-8.185054	-5.338078	-17.08185	-4.626335	-8.185054
39.84	87.18861	514.6406	-861.2988	-238.0782	-92.88256	-488.7544	-207.4733	-367.9716	290.0356	46.26334	-17.08185	-6.049822	-5.338078	-17.08185	69.39502	343.7722	-31.6726	-4.270463	-6.049822	-6.049822	82.56228	-4.626335	-8.185054	-5.338078	-17.08185	-4.626335	-8.185054
40.12	-12.81139	1414.641	-1661.299	-38.07825	-92.88256	-1389.754	492.5267	132.0284	90.03564	46.26334	-17.08185	-6.049822	94.66192	-17.08185	-30.60498	-56.22775	-31.6726	-4.270463	-6.049822	-6.049822	-17.43772	-4.626335	-8.185054	94.66192	-17.08185	-4.626335	-8.185054
40.41	-12.81139	-785.3594	-160.2988	-538.0782	-92.88256	-889.7544	-807.4733	-67.97156	-409.9644	146.2633	-17.08185	-6.049822	-5.338078	-17.08185	-30.60498	243.7722	-31.6726	-4.270463	93.95018	-6.049822	-17.43772	-4.626335	-8.185054	-5.338078	-17.08185	-4.626335	-8.185054
40.69	-12.81139	414.6406	-1061.299	-138.0782	7.117439	-1589.754	-207.4733	332.0284	-9.964355	-53.73666	-17.08185	-6.049822	-5.338078	-17.08185	-30.60498	43.77225	-31.6726	-4.270463	-6.049822	-6.049822	-17.43772	-4.626335	-8.185054	-5.338078	-17.08185	-4.626335	-8.185054
40.98	-12.81139	814.6406	-660.2988	261.9218	107.1174	-1489.754	192.5267	-67.97156	-209.9644	-53.73666	-17.08185	-6.049822	-5.338078	-17.08185	69.39502	43.77225	-31.6726	-4.270463	-6.049822	-6.049822	-17.43772	-4.626335	-8.185054	-5.338078	-17.08185	-4.626335	-8.185054
41.26	-12.81139	814.6406	-1061.299	-438.0782	7.117439	11.24561	-407.4733	-167.9716	-609.9644	-53.73666	-17.08185	-6.049822	-5.338078	-17.08185	-130.605	-256.2278	-31.6726	-4.270463	93.95018	-6.049822	-17.43772	-4.626335	-8.185054	-5.338078	-17.08185	-4.626335	-8.185054
41.55	87.18861	-385.3594	239.7012	461.9218	-92.88256	-1489.754	292.5267	-267.9716	390.0356	46.26334	-17.08185	-6.049822	-5.338078	-17.08185	-130.605	-356.2278	-31.6726	-4.270463	-6.049822	-6.049822	-17.43772	-4.626335	-8.185054	-5.338078	-17.08185	-4.626335	-8.185054
41.83	-12.81139	-85.35938	-1461.299	-38.07825	7.117439	-1089.754	-507.4733	-267.9716	-509.9644	46.26334	-17.08185	-6.049822	-5.338078	-17.08185	-130.605	-56.22775	-31.6726	-4.270463	-6.049822	-6.049822	-17.43772	-4.626335	-8.185054	-5.338078	-17.08185	-4.626335	-8.185054
42.12	87.18861	914.6406	-861.2988	161.9218	107.1174	-1589.754	-407.4733	-67.97156	-9.964355	46.26334	-17.08185	-6.049822	-5.338078	-17.08185	-30.60498	-156.2278	-31.6726	-4.270463	-6.049822	-6.049822	-17.43772	-4.626335	-8.185054	-5.338078	-17.08185	-4.626335	-8.185054
42.4	-12.81139	-885.3594	-1461.299	-138.0782	207.1174	-989.7544	-107.4733	-467.9716	-309.9644	-53.73666	182.9182	-6.049822	-5.338078	-17.08185	-130.605	-156.2278	-31.6726	-4.270463	-6.049822	93.95018	-17.43772	-4.626335	-8.185054	-5.338078	-17.08185	-4.626335	-8.185054
42.69	-12.81139	1414.641	-1361.299	-38.07825	-92.88256	-1589.754	-507.4733	32.02844	-309.9644	-53.73666	-17.08185	-6.049822	-5.338078	-17.08185	-130.605	43.77225	-31.6726	-4.270463	-6.049822	-6.049822	-17.43772	-4.626335	91.81495	-5.338078	-17.08185	-4.626335	91.81495
42.97	87.18861	314.6406	-1361.299	-238.0782	-92.88256	211.2456	-107.4733	332.0284	90.03564	-53.73666	-17.08185	-6.049822	-5.338078	82.91815	-30.60498	-156.2278	-31.6726	-4.270463	-6.049822	93.95018	-17.43772	-4.626335	-8.185054	-5.338078	82.91815	-4.626335	-8.185054
43.26	-12.81139	914.6406	-260.2988	661.9218	7.117439	-2689.754	-7.473267	-67.97156	-709.9644	-53.73666	-17.08185	-6.049822	-5.338078	-17.08185	69.39502	-56.22775	-31.6726	-4.270463	-6.049822	-6.049822	-17.43772	-4.626335	-8.185054	-5.338078	-17.08185	-4.626335	-8.185054
43.54	-12.81139	1314.641	439.7012	61.92175	107.1174	-1889.754	-107.4733	32.02844	-109.9644	-53.73666	-17.08185	-6.049822	-5.338078	-17.08185	69.39502	-156.2278	-31.6726	-4.270463	-6.049822	-6.049822	-17.43772	95.37366	-8.185054	-5.338078	-17.08185	95.37366	-8.185054
43.83	-12.81139	814.6406	-260.2988	-138.0782	7.117439	11.24561	392.5267	232.0284	190.0356	-53.73666	-17.08185	-6.049822	-5.338078	-17.08185	69.39502	143.7722	-31.6726	-4.270463	-6.049822	-6.049822	-17.43772	-4.626335	-8.185054	-5.338078	-17.08185	-4.626335	-8.185054
44.11	-12.81139	114.6406	-1861.299	-38.07825	107.1174	-789.7544	-107.4733	32.02844	-1009.964	46.26334	-17.08185	-6.049822	-5.338078	-17.08185	69.39502	-356.2278	-31.6726	-4.270463	-6.049822	-6.049822	-17.43772	-4.626335	-8.185054	-5.338078	-17.08185	-4.626335	-8.185054
44.4	-12.81139	814.6406	-1861.299	-38.07825	-92.88256	-2189.754	-807.4733	32.02844	-9.964355	46.26334	-17.08185	-6.049822	-5.338078	82.91815	69.39502	43.77225	-31.6726	-4.270463	-6.049822	-6.049822	-17.43772	-4.626335	-8.185054	-5.338078	82.91815	-4.626335	-8.185054
44.68	-12.81139	-385.3594	-460.2988	261.9218	7.117439	-2189.754	-607.4733	232.0284	-209.9644	46.26334	-17.08185	-6.049822	94.66192	-17.08185	-130.605	143.7722	-31.6726	-4.270463	-6.049822	93.95018	-17.43772	-4.626335	-8.185054	94.66192	-17.08185	-4.626335	-8.185054
44.97	87.18861	-485.3594	-1361.299	361.9218	-92.88256	-889.7544	-707.4733	32.02844	-209.9644	-53.73666	-17.08185	-6.049822	-5.338078	-17.08185	69.39502	-56.22775	-31.6726	-4.270463	-6.049822	-6.049822	-17.43772	-4.626335	-8.185054	-5.338078	-17.08185	-4.626335	-8.185054
45.26	187.1886	1414.641	-761.2988	-338.0782	107.1174	-1389.754	-507.4733	232.0284	-9.964355	-53.73666	-17.08185	-6.049822	-5.338078	-17.08185	-130.605	43.77225	68.3274	-4.270463	-6.049822	-6.049822	-17.43772	-4.626335	-8.185054	-5.338078	-17.08185	-4.626335	-8.185054
45.54	-12.81139	-85.35938	-1161.299	461.9218	107.1174	-1189.754	-607.4733	32.02844	490.0356	-53.73666	-17.08185	-6.049822	-5.338078	-17.08185	169.395	-256.2278	-31.6726	-4.270463	-6.049822	-6.049822	-17.43772	-4.626335	-8.185054	-5.338078	-17.08185	-4.626335	-8.185054
45.82	-12.81139	814.6406	539.7012	-338.0782	7.117439	-1189.754	-507.4733	132.0284	-309.9644	46.26334	-17.08185	-6.049822	-5.338078	-17.08185	-30.60498	43.77225	-31.6726	-4.270463	-6.049822	-6.049822	82.56228	-4.626335	-8.185054	-5.338078	-17.08185	-4.626335	-8.185054
46.11	-12.81139	7817.641	-1361.299	361.9218	-92.88256	711.2456	9795.526	-167.9716	1090.036	246.2633	382.9182	-6.049822	-5.338078	-17.08185	69265.4	199942.8	-31.6726	-4.270463	193.9502	193.9502	782.5623	-4.626335	-8.185054	-5.338078	-17.08185	-4.626335	-8.185054
46.39	-12.81139	1784759	939.7012	261.9218	307.1174	22526.25	196174.5	232.0284	390.0356	1546.263	2082.918	393.9502	-5.338078	182.9182	193516.4	407645.8	-31.6726	95.72954	193.9502	93.95018	982.5623	-4.626335	291.8149	-5.338078	182.9182	-4.626335	291.8149
46.69	-12.81139	4267698	139.7012	261.9218	207.1174	42557.25	375621.5	132.0284	190.0356	1946.263	1982.918	693.9502	94.66192	-17.08185	146498.4	707476.8	-31.6726	195.7295	293.9502	493.9502	1282.562	-4.626335	91.81495	94.66192	-17.08185	-4.626335	91.81495
46.97	87.18861		1439.701	761.9218	7.117439	49671.25	468068.5	-67.97156	190.0356	2546.263	4182.918	493.9502	94.66192	-17.08185	138150.4	381855.8	168.3274	195.7295	393.9502	593.9502	982.5623	-4.626335	491.8149	94.66192	-17.08185	-4.626335	491.8149
47.26	87.18861		-861.2988	661.9218	607.1174	65311.25	589710.5	-67.97156	390.0356	4346.263	4682.918	693.9502	94.66192	-17.08185	134631.4	370676.8	168.3274	195.7295	193.9502	193.9502	982.5623	-4.626335	691.8149	94.66192	-17.08185	-4.626335	691.8149
47.55	287.1886		1239.701	961.9218	307.1174	72833.24	637362.5	-267.9716	90.03564	4546.263	5183.918	1093.95	-5.338078	82.91815	130811.4	449046.8	-31.6726	195.7295	393.9502	593.9502	782.5623	95.37366	491.8149	-5.338078	82.91815	95.37366	491.8149
47.83	687.1886		2539.701	1061.922	1107.117	65010.25	692196.5	432.0284	-309.9644	3846.263	5383.918	793.9502	-5.338078	82.91815	132721.4	367733.8	-31.6726	95.72954	193.9502	393.9502	682.5623	95.37366	391.8149	-5.338078	82.91815	95.37366	391.8149
48.12	-12.81139		1839.701	761.9218	407.1174	69222.24	746530.5	632.0284	-9.964355	5947.263	5383.918	493.9502	-5.338078	82.91815	195632.4	439682.8	-31.6726	195.7295	93.95018	293.9502	1182.562	95.37366	291.8149	-5.338078	82.91815	95.37366	291.8149
48.4	187.1886		1039.701	761.9218	507.1174	77849.24	708443.5	-67.97156	90.03564	7247.263	5383.918	693.9502	-5.338078	82.91815	187773.4	417506.8	168.3274	195.7295	793.9502	393.9502	682.5623	-4.626335	291.8149	-5.338078	82.91815	-4.626335	291.8149
48.69	487.1886		2339.701	461.9218	207.1174	73234.24	723156.5	-67.97156	90.03564	6747.263	7283.918	1193.95	-5.338078	-17.08185	160584.4	433475.8	-31.6726	195.7295	493.9502	393.9502	1282.562	-4.626335	591.8149	-5.338078	-17.08185	-4.626335	591.8149
48.97	787.1886		2839.701	361.9218	507.1174	84974.24	725832.5	32.02844	290.0356	6147.263	6383.918	693.9502	-5.338078	82.91815	172463.4	467887.8	168.3274	395.7295	693.9502	893.9502	982.5623	195.3737	391.8149	-5.338078	82.91815	195.3737	391.8149
49.26	387.1886		839.7012	761.9218	807.1174	92502.24	776422.5	132.0284	-209.9644	4646.263	5883.918	993.9502	194.6619	-17.08185	219227.4	573760.8	68.3274	95.72954	693.9502	493.9502	782.5623	-4.626335	691.8149	194.6619	-17.08185	-4.626335	691.8149
49.54	387.1886		1539.701	-38.07825	407.1174	85275.24	806040.5	-167.9716	-9.964355	6647.263	5383.918	1193.95	-5.338078	-17.08185	342602.4	810895.8	-31.6726	95.72954	693.9502	693.9502	1782.562	95.37366	191.8149	-5.338078	-17.08185	95.37366	191.8149
49.83	387.1886		1839.701	1061.922	407.1174	95012.24	757555.5	232.0284	290.0356	4946.263	6983.918	693.9502	-5.338078	-17.08185	389989.4	1100458	168.3274	295.7295	93.95018	293.9502	1082.562	195.3737	1291.815	-5.338078	-17.08185	195.3737	1291.815
50.11	587.1886		2139.701	1161.922	-92.88256	86781.24	714512.5	-167.9716	290.0356	4946.263	5283.918	1093.95	-5.338078	82.91815	521352.4	1245526	-31.6726	95.72954	593.9502	693.9502	1482.562	-4.626335	591.8149	-5.338078	82.91815	-4.626335	591.8149
50.41	387.1886		1539.701	661.9218	707.1174	94209.24	707414.5	-67.97156	1090.036	4646.263	6583.918	293.9502	-5.338078	-17.08185	939709.4	2095242	-31.6726	395.7295	393.9502	1093.95	1482.562	95.37366	291.8149	-5.338078	-17.08185	95.37366	291.8149
50.69	187.1886		1539.701	461.9218	507.1174	97322.24	730568.5	732.0284	-9.964355	5047.263	7583.918	793.9502	-5.338078	82.91815	6463590	1.941716e+07	68.3274	395.7295	93.95018	3293.95	4382.562	195.3737	891.8149	-5.338078	82.91815	195.3737	891.8149
50.98	1687.189		4940.701	3361.922	3707.117	98527.24	697747.5	132.0284	190.0356	7047.263	12585.92	1093.95	-5.338078	282.9182	1.917146e+07	6.005611e+07	-31.6726	295.7295	693.9502	4793.95	6383.562	195.3737	1591.815	-5.338078	282.9182	195.3737	1591.815
51.27	2287.189		2839.701	6062.922	8008.118	81361.24	577939.5	-67.97156	1890.036	8848.264	19089.92	293.9502	94.66192	782.9182	4.232687e+07	1.146883e+08	168.3274	495.7295	393.9502	2793.95	7783.562	295.3737	891.8149	94.66192	782.9182	295.3737	891.8149
51.55	3387.189		2639.701	13565.92	10109.12	65511.25	477240.5	432.0284	1290.036	8948.264	26196.92	493.9502	94.66192	582.9182	6.875279e+07	2.242975e+08	568.3274	995.7296	493.9502	6594.95	9284.562	295.3737	991.8149	94.66192	582.9182	295.3737	991.8149
51.84	3187.189		3140.701	21071.92	12610.12	46965.25	449735.5	1732.028	2790.036	10848.26	30200.92	293.9502	-5.338078	882.9182	8.324485e+07	2.222944e+08	468.3274	1895.729	193.9502	4493.95	11985.56	95.37366	891.8149	-5.338078	882.9182	95.37366	891.8149
52.13	2787.189	4810602	3440.701	40495.92	10709.12	40152.25	351472.5	2232.028	2890.036	13049.26	32703.92	393.9502	-5.338078	1482.918	1.010296e+08	2.603547e+08	1668.327	1195.729	693.9502	5694.95	10184.56	-4.626335	1991.815	-5.338078	1482.918	-4.626335	1991.815
52.41	3087.189	3493010	3540.701	68558.92	5308.118	33741.25	259653.5	2332.028	3991.036	19954.26	35808.92	593.9502	-5.338078	2482.918	1.088138e+08	3.064316e+08	1768.327	1295.729	193.9502	7694.95	12485.56	195.3737	2191.815	-5.338078	2482.918	195.3737	2191.815
52.7	2187.189	2806201	3540.701	78387.92	4507.118	23627.25	220073.5	3032.028	2890.036	20054.26	36609.92	293.9502	-5.338078	2382.918	1.171979e+08	3.164489e+08	2968.327	1495.729	193.9502	14297.95	10984.56	195.3737	3491.815	-5.338078	2382.918	195.3737	3491.815
52.98	1587.189	2278899	3840.701	107697.9	3507.117	18021.25	185290.5	1832.028	3290.036	26660.26	42418.92	193.9502	-5.338078	2782.918	1.246961e+08	3.224594e+08	5469.328	1595.729	393.9502	17699.95	13586.56	-4.626335	3791.815	-5.338078	2782.918	-4.626335	3791.815
53.27	1887.189	1972232	4540.701	126083.9	2707.117	15719.25	171995.5	3232.028	4391.036	30665.26	49531.92	293.9502	94.66192	3082.918	1.240098e+08	3.585237e+08	5769.328	1595.729	393.9502	20601.95	11485.56	-4.626335	4491.815	94.66192	3082.918	-4.626335	4491.815
53.55	987.1886	1779180	4040.701	138248.9	2107.117	14618.25	153876.5	1432.028	3591.036	33168.26	50834.92	93.95018	94.66192	3582.918	1.183785e+08	3.46502e+08	3568.327	1895.729	293.9502	21502.95	12585.56	-4.626335	5992.815	94.66192	3582.918	-4.626335	5992.815
53.84	1087.189	1373577	4140.701	160783.9	1607.117	13117.25	128431.5	1932.028	2690.036	35471.26	50533.92	93.95018	-5.338078	4082.918	1.272233e+08	3.765569e+08	3768.327	1695.729	-6.049822	28309.95	10984.56	-4.626335	6392.815	-5.338078	4082.918	-4.626335	6392.815
54.13	687.1886	1183157	3940.701	160582.9	2207.117	9915.246	123606.5	1532.028	3090.036	37474.26	59854.92	193.9502	-5.338078	4082.918	1.344497e+08	3.645347e+08	5369.328	1895.729	93.95018	28409.95	12285.56	-4.626335	7292.815	-5.338078	4082.918	-4.626335	7292.815
54.41	587.1886	1029645	1939.701	190895.9	1007.117	4912.246	108736.5	2232.028	3491.036	41180.26	60756.92	-6.049822	-5.338078	4782.918	1.300595e+08	3.264664e+08	3268.327	1695.729	193.9502	28810.95	12385.56	-4.626335	6892.815	-5.338078	4782.918	-4.626335	6892.815
54.7	587.1886	782156.6	2539.701	184044.9	1207.117	4712.246	99196.52	1932.028	3390.036	41781.26	65768.92	93.95018	-5.338078	4382.918	1.318295e+08	3.885793e+08	4768.328	3195.729	393.9502	29210.95	11084.56	-4.626335	6892.815	-5.338078	4382.918	-4.626335	6892.815
54.99	787.1886	673021.6	5741.701	216201.9	1307.117	6913.246	91065.52	2732.028	4591.036	48193.26	79107.92	-6.049822	-5.338078	3482.918	1.339811e+08	3.765569e+08	4268.328	3795.729	-6.049822	31813.95	12985.56	-4.626335	4691.815	-5.338078	3482.918	-4.626335	4691.815
55.27	1887.189	514687.6	4940.701	200671.9	1607.117	3612.246	81330.52	2732.028	3991.036	46089.26	76900.92	-6.049822	-5.338078	4182.918	1.298109e+08	3.765569e+08	4268.328	2895.729	193.9502	29711.95	12785.56	-4.626335	5492.815	-5.338078	4182.918	-4.626335	5492.815
55.56	1887.189	459514.6	1439.701	195934.9	1807.117	1711.246	69293.52	1732.028	3491.036	43083.26	80612.92	-6.049822	-5.338078	3682.918	1.307323e+08	3.384877e+08	3268.327	3995.729	93.95018	27108.95	13986.56	-4.626335	4591.815	-5.338078	3682.918	-4.626335	4591.815
55.85	2087.189	358963.6	3440.701	183036.9	4807.118	1811.246	60470.53	2232.028	3691.036	35171.26	79107.92	293.9502	-5.338078	2482.918	1.303666e+08	3.765569e+08	3168.327	3195.729	93.95018	23304.95	10584.56	-4.626335	4091.815	-5.338078	2482.918	-4.626335	4091.815
56.13	4087.189	269729.6	4040.701	145389.9	13911.12	3012.246	51750.53	2632.028	3491.036	28662.26	71384.92	93.95018	-5.338078	2882.918	1.365149e+08	4.026059e+08	2568.327	2295.729	-6.049822	17399.95	14286.56	-4.626335	3391.815	-5.338078	2882.918	-4.626335	3391.815
56.42	5988.188	312636.6	3840.701	116838.9	20115.12	1911.246	50547.53	2932.028	2990.036	21856.26	60054.92	-6.049822	-5.338078	2282.918	1.319027e+08	3.505092e+08	2168.327	2795.729	93.95018	11596.95	9384.562	-4.626335	2491.815	-5.338078	2282.918	-4.626335	2491.815
56.7	10089.19	189276.6	4040.701	94142.92	25921.12	911.2456	34619.53	1532.028	3290.036	18753.26	56847.92	293.9502	-5.338078	1282.918	1.390065e+08	3.565201e+08	1768.327	1995.729	-6.049822	10695.95	12685.56	-4.626335	1691.815	-5.338078	1282.918	-4.626335	1691.815
56.99	15992.19	198348.6	3740.701	75077.92	34030.12	411.2456	28310.53	2732.028	3791.036	14050.26	57348.92	-6.049822	-5.338078	1982.918	1.315369e+08	3.244629e+08	1968.327	2095.729	-6.049822	7294.95	10984.56	-4.626335	1591.815	-5.338078	1982.918	-4.626335	1591.815
57.28	18694.19	210046.6	1939.701	70263.92	45649.12	2211.246	28611.53	2332.028	2590.036	18453.26	56847.92	293.9502	-5.338078	682.9182	1.37101e+08	3.585237e+08	1368.327	1795.729	-6.049822	7894.95	11685.56	-4.626335	1091.815	-5.338078	682.9182	-4.626335	1091.815
57.56	23598.19	101947.6	4540.701	67956.92	47051.12	311.2456	23805.53	2332.028	3691.036	16151.26	53640.92	393.9502	-5.338078	1982.918	1.45199e+08	3.765569e+08	1768.327	2395.729	193.9502	5694.95	10984.56	-4.626335	1691.815	-5.338078	1982.918	-4.626335	1691.815
57.85	24299.19	115811.6	4540.701	75578.92	48254.12	-789.7544	26408.53	1632.028	3290.036	19053.26	55945.92	-6.049822	-5.338078	1482.918	1.328686e+08	3.46502e+08	1368.327	2195.729	-6.049822	7194.95	10684.56	-4.626335	1791.815	-5.338078	1482.918	-4.626335	1791.815
58.14	19995.19	75146.64	3540.701	82601.92	37435.12	-789.7544	29612.53	2532.028	2990.036	21555.26	50132.92	93.95018	94.66192	1282.918	1.337322e+08	3.364841e+08	1668.327	1695.729	-6.049822	10995.95	10584.56	-4.626335	1691.815	94.66192	1282.918	-4.626335	1691.815
58.42	13991.19	61706.64	3840.701	87016.92	30426.12	-388.7544	29311.53	2932.028	2690.036	23457.26	52136.92	93.95018	-5.338078	2782.918	1.324149e+08	3.525128e+08	2268.327	1195.729	-6.049822	11796.95	12085.56	-4.626335	2491.815	-5.338078	2782.918	-4.626335	2491.815
58.71	11089.19	85983.64	1839.701	86614.92	22417.12	-889.7544	32416.53	3032.028	3090.036	31266.26	52637.92	93.95018	-5.338078	2582.918	1.316686e+08	3.224594e+08	1868.327	1595.729	93.95018	12596.95	11785.56	-4.626335	2691.815	-5.338078	2582.918	-4.626335	2691.815
58.99	10289.19	68625.64	2839.701	83604.92	17113.12	-1889.754	38124.53	3132.028	2690.036	35571.26	63864.92	93.95018	-5.338078	2582.918	1.471969e+08	4.226444e+08	2368.327	1495.729	193.9502	19801.95	10984.56	-4.626335	4091.815	-5.338078	2582.918	-4.626335	4091.815
59.28	9389.188	52182.64	3740.701	76581.92	11510.12	-1589.754	39126.53	2332.028	4991.036	35371.26	57648.92	93.95018	-5.338078	3882.918	1.38596e+08	3.2847e+08	3268.327	1395.729	93.95018	21602.95	14686.56	-4.626335	3891.815	-5.338078	3882.918	-4.626335	3891.815
59.56	6688.188	61004.64	2239.701	68257.92	9109.117	-388.7544	50948.53	1932.028	2990.036	44385.26	63563.92	93.95018	-5.338078	4982.918	1.377458e+08	3.645347e+08	3268.327	1595.729	193.9502	36620.95	12785.56	-4.626335	5492.815	-5.338078	4982.918	-4.626335	5492.815
59.85	6788.188	62006.64	6241.701	71566.92	9509.117	-789.7544	54756.53	1932.028	4091.036	48894.26	57749.92	93.95018	-5.338078	4382.918	1.377312e+08	3.82568e+08	3068.327	1695.729	-6.049822	53851.95	13286.56	-4.626335	6292.815	-5.338078	4382.918	-4.626335	6292.815
60.14	5288.188	88192.64	2339.701	61038.92	7308.118	-488.7544	53353.53	2432.028	3390.036	52000.26	65468.92	193.9502	-5.338078	4582.918	1.432315e+08	3.885793e+08	2668.327	1995.729	-6.049822	61669.95	10784.56	-4.626335	5192.815	-5.338078	4582.918	-4.626335	5192.815
60.42	5888.188	41459.64	1839.701	70463.92	5308.118	-1089.754	48443.53	3232.028	3791.036	52000.26	63362.92	93.95018	-5.338078	5383.918	1.36427e+08	3.745531e+08	3168.327	1495.729	93.95018	64977.95	12685.56	-4.626335	5092.815	-5.338078	5383.918	-4.626335	5092.815
60.71	7688.188	39555.64	2639.701	68257.92	5808.118	211.2456	52551.53	1632.028	3691.036	54205.26	56646.92	293.9502	-5.338078	5883.918	1.351526e+08	3.264664e+08	2268.327	1195.729	93.95018	83633.95	9884.562	-4.626335	6292.815	-5.338078	5883.918	-4.626335	6292.815
60.99	12690.19	52382.64	3940.701	89826.92	4107.118	-288.7544	50948.53	2332.028	2790.036	53503.26	56446.92	493.9502	-5.338078	6383.918	1.333077e+08	3.945906e+08	3568.327	2195.729	93.95018	86442.95	12985.56	-4.626335	8092.815	-5.338078	6383.918	-4.626335	8092.815
61.28	19595.19	45968.64	2439.701	91632.92	4807.118	-1789.754	52451.53	3032.028	2090.036	53102.26	62861.92	993.9502	-5.338078	4682.918	1.305714e+08	3.82568e+08	1868.327	2995.729	193.9502	84435.95	10084.56	-4.626335	5192.815	-5.338078	4682.918	-4.626335	5192.815
61.57	25100.19	37251.64	4340.701	88320.92	6208.118	-1389.754	46038.53	2632.028	3290.036	48894.26	65568.92	493.9502	-5.338078	3382.918	1.302496e+08	3.505092e+08	1768.327	2895.729	93.95018	80924.95	13786.56	-4.626335	3891.815	-5.338078	3382.918	-4.626335	3891.815
61.85	29504.19	36349.64	4740.701	77283.92	8909.117	-1489.754	41129.53	2832.028	3591.036	43484.26	61457.92	93.95018	-5.338078	3182.918	1.384054e+08	3.545164e+08	3568.327	1895.729	-6.049822	62471.95	9884.562	-4.626335	4991.815	-5.338078	3182.918	-4.626335	4991.815
62.14	31206.19	32844.64	2339.701	73271.92	10909.12	-689.7544	45337.53	3132.028	4491.036	40779.26	61959.92	693.9502	-5.338078	4782.918	1.39461e+08	3.665384e+08	3868.327	1495.729	93.95018	49041.95	14586.56	-4.626335	4491.815	-5.338078	4782.918	-4.626335	4491.815
62.42	26201.19	26535.64	4540.701	65550.92	11610.12	411.2456	43633.53	3632.028	2990.036	38376.26	56045.92	493.9502	-5.338078	4182.918	1.374234e+08	3.645347e+08	2468.327	1795.729	93.95018	47438.95	9784.562	-4.626335	4891.815	-5.338078	4182.918	-4.626335	4891.815
62.71	30405.19	28537.64	1839.701	71867.92	12710.12	-689.7544	41630.53	2032.028	3190.036	32067.26	57248.92	193.9502	-5.338078	4982.918	1.590733e+08	3.965944e+08	2968.327	2195.729	193.9502	41928.95	12485.56	-4.626335	4391.815	-5.338078	4982.918	-4.626335	4391.815
63	24199.19	19426.64	5140.701	68658.92	21116.12	-1589.754	37723.53	3332.028	4091.036	29764.26	59854.92	293.9502	-5.338078	3982.918	1.402529e+08	3.404912e+08	1968.327	1695.729	93.95018	35218.95	10084.56	-4.626335	4091.815	-5.338078	3982.918	-4.626335	4091.815
63.28	23999.19	25433.64	3440.701	74475.92	26421.12	-989.7544	32816.53	1632.028	2690.036	28062.26	65768.92	93.95018	-5.338078	3282.918	1.33498e+08	3.82568e+08	3068.327	1995.729	-6.049822	34817.95	12185.56	-4.626335	4591.815	-5.338078	3282.918	-4.626335	4591.815
63.57	30606.19	25033.64	2839.701	65750.92	25020.12	-1489.754	39326.53	3232.028	4191.036	27561.26	63462.92	393.9502	-5.338078	4582.918	1.3672e+08	4.246484e+08	3868.327	1995.729	193.9502	32714.95	13586.56	-4.626335	4091.815	-5.338078	4582.918	-4.626335	4091.815
63.85	30305.19	28237.64	3640.701	62241.92	27923.12	-588.7544	42131.53	3132.028	4891.036	26961.26	64966.92	993.9502	-5.338078	4682.918	1.330296e+08	3.46502e+08	2868.327	1495.729	193.9502	34717.95	10284.56	-4.626335	3491.815	-5.338078	4682.918	-4.626335	3491.815
64.14	25800.19	26735.64	4640.701	58833.92	25320.12	811.2456	39626.53	3832.028	3390.036	29363.26	64766.92	193.9502	-5.338078	4182.918	1.416906e+08	3.62531e+08	4368.328	995.7296	293.9502	46837.95	12685.56	-4.626335	3391.815	-5.338078	4182.918	-4.626335	3391.815
64.43	26301.19	25233.64	2940.701	60236.92	26021.12	-188.7544	47441.53	1632.028	3491.036	28362.26	57949.92	793.9502	-5.338078	3882.918	1.460362e+08	3.925868e+08	5069.328	1595.729	93.95018	59163.95	12085.56	-4.626335	4991.815	-5.338078	3882.918	-4.626335	4991.815
64.71	24399.19	24933.64	4640.701	52318.92	24519.12	-689.7544	44034.53	3432.028	3791.036	26961.26	55844.92	193.9502	-5.338078	3882.918	1.390065e+08	4.026059e+08	3568.327	695.7296	193.9502	74504.95	14386.56	-4.626335	4491.815	-5.338078	3882.918	-4.626335	4491.815
65	25100.19	25133.64	1939.701	46206.92	18014.12	-588.7544	43533.53	2632.028	3891.036	26360.26	53740.92	493.9502	-5.338078	3582.918	1.424389e+08	3.82568e+08	3868.327	1195.729	393.9502	99691.95	12385.56	-4.626335	5192.815	-5.338078	3582.918	-4.626335	5192.815
65.28	22197.19	21829.64	3640.701	50013.92	19715.12	-388.7544	38324.53	3032.028	3390.036	24358.26	52437.92	493.9502	-5.338078	2982.918	1.35592e+08	3.885793e+08	4468.328	1595.729	-6.049822	89955.95	12485.56	-4.626335	5292.815	-5.338078	2982.918	-4.626335	5292.815
65.57	23098.19	31842.64	1839.701	41297.92	18714.12	-388.7544	38925.53	2632.028	2390.036	25059.26	53640.92	393.9502	-5.338078	3182.918	1.444794e+08	3.424948e+08	3668.327	1095.729	93.95018	96780.95	14186.56	-4.626335	3191.815	-5.338078	3182.918	-4.626335	3191.815
65.86	20295.19	20628.64	3540.701	38492.92	16212.12	1011.246	33918.53	1932.028	3491.036	23958.26	47828.92	593.9502	-5.338078	4782.918	1.384494e+08	3.084351e+08	3768.327	895.7296	293.9502	85338.95	12685.56	-4.626335	5692.815	-5.338078	4782.918	-4.626335	5692.815
66.14	22297.19	16924.64	3840.701	35388.92	14611.12	-1389.754	36321.53	2732.028	3591.036	23357.26	45523.92	893.9502	-5.338078	3082.918	1.316101e+08	3.605274e+08	4968.328	895.7296	-6.049822	85940.95	12085.56	-4.626335	3891.815	-5.338078	3082.918	-4.626335	3891.815
66.43	25000.19	16624.64	4740.701	34787.92	12710.12	-588.7544	38324.53	2832.028	4891.036	25960.26	51836.92	793.9502	-5.338078	4082.918	1.458159e+08	3.404912e+08	3468.327	1895.729	193.9502	77112.95	12985.56	-4.626335	4491.815	-5.338078	4082.918	-4.626335	4491.815
66.71	24099.19	18425.64	3740.701	41197.92	13110.12	-989.7544	37523.53	2032.028	5491.036	22456.26	47728.92	193.9502	94.66192	3782.918	1.431434e+08	3.745531e+08	3868.327	1395.729	293.9502	63072.95	11885.56	-4.626335	5092.815	94.66192	3782.918	-4.626335	5092.815
67	31507.19	22730.64	4140.701	40596.92	13010.12	-1589.754	36822.53	2632.028	2890.036	24858.26	55945.92	593.9502	-5.338078	3582.918	1.399303e+08	3.605274e+08	2568.327	1495.729	-6.049822	56557.95	10884.56	-4.626335	3391.815	-5.338078	3582.918	-4.626335	3391.815
67.29	28203.19	17124.64	2839.701	44703.92	12510.12	611.2456	36922.53	2432.028	2190.036	24858.26	53439.92	293.9502	-5.338078	3482.918	1.468296e+08	3.505092e+08	2568.327	1395.729	293.9502	53350.95	12685.56	-4.626335	4991.815	-5.338078	3482.918	-4.626335	4991.815
67.57	37215.19	19526.64	2739.701	48710.92	11910.12	-689.7544	38725.53	2832.028	3691.036	29263.26	50533.92	693.9502	-5.338078	3882.918	1.33132e+08	3.885793e+08	2368.327	2595.729	293.9502	49442.95	9284.562	-4.626335	3591.815	-5.338078	3882.918	-4.626335	3591.815
67.86	35713.19	20327.64	3740.701	47508.92	12310.12	-789.7544	34418.53	2632.028	3991.036	30865.26	55544.92	793.9502	-5.338078	3182.918	1.311858e+08	3.304735e+08	2068.327	2795.729	93.95018	49843.95	10184.56	195.3737	3991.815	-5.338078	3182.918	195.3737	3991.815
68.14	42122.19	21529.64	4140.701	56928.92	10809.12	111.2456	35720.53	2332.028	4791.036	36973.26	60756.92	793.9502	-5.338078	3782.918	1.389479e+08	3.885793e+08	2868.327	1495.729	193.9502	55855.95	10884.56	-4.626335	4091.815	-5.338078	3782.918	-4.626335	4091.815
68.43	39218.19	28738.64	3240.701	69861.92	13811.12	-1389.754	40227.53	2432.028	3691.036	39978.26	64365.92	2193.95	-5.338078	4282.918	1.454927e+08	3.805643e+08	3168.327	2595.729	293.9502	68788.95	12485.56	-4.626335	5192.815	-5.338078	4282.918	-4.626335	5192.815
68.72	41922.19	25133.64	3440.701	85210.92	13511.12	-2089.754	36421.53	2332.028	3190.036	42382.26	61758.92	993.9502	-5.338078	4482.918	1.305129e+08	4.226444e+08	1668.327	2195.729	93.95018	72498.95	11785.56	-4.626335	3891.815	-5.338078	4482.918	-4.626335	3891.815
69	41021.19	39154.64	2239.701	77384.92	12710.12	-1089.754	37723.53	2732.028	4491.036	50597.26	56847.92	1093.95	-5.338078	4382.918	1.3609e+08	3.885793e+08	2968.327	3095.729	93.95018	70492.95	10384.56	-4.626335	4191.815	-5.338078	4382.918	-4.626335	4191.815
69.29	37916.19	30540.64	4140.701	78387.92	11009.12	-2089.754	42031.53	2632.028	2190.036	50397.26	61858.92	1693.95	-5.338078	3982.918	1.392851e+08	3.444984e+08	1668.327	2395.729	293.9502	76610.95	12485.56	-4.626335	6092.815	-5.338078	3982.918	-4.626335	6092.815
69.57	36213.19	29839.64	2139.701	91532.92	10009.12	-1289.754	45437.53	1832.028	3390.036	50998.26	64265.92	1093.95	-5.338078	3782.918	1.403703e+08	3.545164e+08	2568.327	3095.729	93.95018	83332.95	12385.56	-4.626335	4691.815	-5.338078	3782.918	-4.626335	4691.815
69.86	32909.19	27236.64	3540.701	94041.92	8609.117	-689.7544	51248.53	2532.028	5391.036	57612.26	72988.92	793.9502	-5.338078	4482.918	1.413531e+08	4.126251e+08	1968.327	2695.729	93.95018	92464.95	12985.56	95.37366	6092.815	-5.338078	4482.918	95.37366	6092.815
70.15	33810.19	31642.64	3040.701	94443.92	5708.118	911.2456	45938.53	2132.028	4591.036	54906.26	65969.92	793.9502	-5.338078	5383.918	1.3464e+08	3.424948e+08	2968.327	2995.729	-6.049822	94070.95	12185.56	-4.626335	5192.815	-5.338078	5383.918	-4.626335	5192.815
70.43	30706.19	42060.64	1939.701	93238.92	4307.118	-1489.754	47741.53	2032.028	2390.036	52201.26	64666.92	493.9502	-5.338078	3682.918	1.308639e+08	3.485056e+08	3568.327	2695.729	193.9502	100596	13486.56	-4.626335	5492.815	-5.338078	3682.918	-4.626335	5492.815
70.72	29805.19	32543.64	3840.701	81296.92	4507.118	-789.7544	52952.53	1932.028	2990.036	53604.26	62059.92	693.9502	-5.338078	4082.918	1.392118e+08	3.565201e+08	3368.327	1695.729	93.95018	124302	13386.56	-4.626335	6392.815	-5.338078	4082.918	-4.626335	6392.815
71	23298.19	41158.64	1739.701	88220.92	5008.118	-889.7544	55758.53	2532.028	3691.036	53403.26	67272.92	793.9502	-5.338078	6183.918	1.375993e+08	3.62531e+08	3368.327	1995.729	293.9502	155476	11985.56	-4.626335	6792.815	-5.338078	6183.918	-4.626335	6792.815
71.29	21196.19	37051.64	2539.701	83704.92	4807.118	11.24561	54255.53	2232.028	3891.036	56209.26	58651.92	493.9502	-5.338078	3882.918	1.413091e+08	3.785605e+08	3468.327	2795.729	93.95018	195757	12685.56	-4.626335	6192.815	-5.338078	3882.918	-4.626335	6192.815
71.58	15392.19	33144.64	3140.701	74976.92	4107.118	211.2456	52451.53	2232.028	3491.036	56209.26	64766.92	493.9502	-5.338078	5083.918	1.343618e+08	3.885793e+08	3068.327	3395.729	93.95018	286222.9	10284.56	-4.626335	7892.815	-5.338078	5083.918	-4.626335	7892.815
71.86	17693.19	38453.64	2639.701	70563.92	5508.118	311.2456	55458.53	2432.028	2990.036	59316.26	63763.92	993.9502	94.66192	4882.918	1.710059e+08	3.805643e+08	4068.327	2295.729	-6.049822	310003.9	11285.56	-4.626335	6292.815	94.66192	4882.918	-4.626335	6292.815
72.15	12990.19	38353.64	3240.701	58833.92	5408.118	-188.7544	51248.53	2832.028	4091.036	47291.26	59653.92	393.9502	-5.338078	4382.918	1.291236e+08	3.785605e+08	3368.327	2095.729	293.9502	307472.9	14286.56	95.37366	7092.815	-5.338078	4382.918	95.37366	7092.815
72.43	8789.188	36951.64	2439.701	61038.92	6808.118	-789.7544	55057.53	2232.028	3691.036	54505.26	63763.92	393.9502	-5.338078	5083.918	1.448759e+08	4.066135e+08	3868.327	2695.729	293.9502	307979.9	11685.56	-4.626335	5592.815	-5.338078	5083.918	-4.626335	5592.815
72.72	8088.188	39455.64	1539.701	53621.92	4907.118	411.2456	49645.53	3132.028	3190.036	49896.26	54241.92	393.9502	-5.338078	4182.918	1.339811e+08	3.384877e+08	3768.327	2595.729	93.95018	312028.9	11084.56	-4.626335	7392.815	-5.338078	4182.918	-4.626335	7392.815
73.01	7888.188	44164.64	2940.701	50314.92	3707.117	311.2456	49144.53	2032.028	3491.036	48393.26	57248.92	593.9502	94.66192	2982.918	1.350061e+08	3.785605e+08	3268.327	3095.729	-6.049822	329956.9	12085.56	-4.626335	6792.815	94.66192	2982.918	-4.626335	6792.815
73.29	8188.188	34146.64	3840.701	44402.92	2907.117	-689.7544	50046.53	2232.028	2490.036	49094.26	61558.92	-6.049822	-5.338078	4882.918	1.40033e+08	3.885793e+08	5269.328	1695.729	93.95018	341611.9	12885.56	-4.626335	6192.815	-5.338078	4882.918	-4.626335	6192.815
73.58	5488.188	37752.64	2339.701	49612.92	3707.117	-1289.754	48042.53	3132.028	3891.036	45788.26	56045.92	793.9502	-5.338078	4482.918	1.296208e+08	3.585237e+08	3368.327	1395.729	193.9502	387574.9	13786.56	-4.626335	6392.815	-5.338078	4482.918	-4.626335	6392.815
73.86	7488.188	46068.64	3240.701	40395.92	4007.117	1211.246	51248.53	1832.028	3891.036	43083.26	59252.92	293.9502	-5.338078	4282.918	1.328393e+08	3.12442e+08	3968.327	2095.729	393.9502	502289.9	11385.56	-4.626335	6692.815	-5.338078	4282.918	-4.626335	6692.815
74.15	7488.188	83374.64	3940.701	41998.92	8508.117	3512.246	58866.53	2532.028	2390.036	41981.26	55945.92	2493.95	-5.338078	2482.918	1.365003e+08	3.885793e+08	2468.327	2995.729	393.9502	643982.9	13786.56	-4.626335	7492.815	-5.338078	2482.918	-4.626335	7492.815
74.44	8088.188	153221.6	3240.701	50715.92	7608.118	7213.246	76615.52	2832.028	4191.036	33669.26	69178.92	3593.95	-5.338078	3382.918	1.438481e+08	4.266523e+08	4168.328	2795.729	93.95018	727424.9	14987.56	-4.626335	5892.815	-5.338078	3382.918	-4.626335	5892.815
74.72	5788.188	186252.6	3640.701	71867.92	6308.118	7814.246	83437.52	2732.028	4191.036	31165.26	71685.92	3193.95	-5.338078	2182.918	1.381709e+08	3.525128e+08	3668.327	2495.729	193.9502	609022.9	13586.56	-4.626335	4991.815	-5.338078	2182.918	-4.626335	4991.815
75.01	6988.188	209441.6	2039.701	84808.92	5408.118	4012.246	71500.52	2332.028	5191.036	32367.26	67674.92	1693.95	-5.338078	3182.918	1.313613e+08	3.364841e+08	3068.327	3195.729	93.95018	474657.9	11885.56	-4.626335	4791.815	-5.338078	3182.918	-4.626335	4791.815
75.29	5188.188	203490.6	3140.701	117341.9	4807.118	4812.246	74107.52	2932.028	3090.036	40379.26	74593.92	1193.95	-5.338078	3482.918	1.447584e+08	4.046097e+08	4568.328	2395.729	-6.049822	370113.9	14786.56	-4.626335	4791.815	-5.338078	3482.918	-4.626335	4791.815
75.58	4087.189	109682.6	3240.701	119250.9	4107.118	611.2456	59167.53	2332.028	3090.036	35271.26	69880.92	1693.95	94.66192	1982.918	1.346107e+08	3.82568e+08	2668.327	2695.729	193.9502	286323.9	12585.56	-4.626335	3891.815	94.66192	1982.918	-4.626335	3891.815
75.87	5788.188	89497.64	3640.701	126184.9	4107.118	1811.246	53353.53	2232.028	4091.036	34570.26	74092.92	593.9502	-5.338078	3682.918	1.368372e+08	3.344805e+08	3368.327	3095.729	193.9502	211283	10784.56	-4.626335	5692.815	-5.338078	3682.918	-4.626335	5692.815
76.15	3687.189	74845.64	1739.701	116436.9	6408.118	4112.246	49745.53	1732.028	3190.036	36172.26	69880.92	793.9502	-5.338078	4182.918	1.368226e+08	3.68542e+08	3268.327	2895.729	193.9502	169164	13586.56	95.37366	5092.815	-5.338078	4182.918	95.37366	5092.815
76.44	6188.188	70631.64	2339.701	110911.9	5708.118	-288.7544	54355.53	2632.028	3491.036	47291.26	80411.92	293.9502	-5.338078	3882.918	1.451524e+08	3.805643e+08	3668.327	2495.729	-6.049822	163628	12885.56	-4.626335	6092.815	-5.338078	3882.918	-4.626335	6092.815
76.72	6788.188	78858.64	2339.701	91833.92	4407.118	-288.7544	48443.53	1832.028	4891.036	44185.26	72587.92	493.9502	-5.338078	2582.918	1.352991e+08	3.565201e+08	2768.327	3095.729	-6.049822	143907	12385.56	-4.626335	6192.815	-5.338078	2582.918	-4.626335	6192.815
77.01	8188.188	65516.64	2239.701	115030.9	3607.117	211.2456	48342.53	2032.028	3691.036	44486.26	78204.92	593.9502	-5.338078	3782.918	1.356799e+08	3.404912e+08	1668.327	2195.729	-6.049822	132746	12385.56	-4.626335	5192.815	-5.338078	3782.918	-4.626335	5192.815
77.3	14091.19	47671.64	3940.701	117642.9	5108.118	711.2456	47841.53	2032.028	2590.036	42582.26	76499.92	1593.95	-5.338078	4382.918	1.281441e+08	3.32477e+08	2468.327	2795.729	193.9502	102905	12585.56	-4.626335	4691.815	-5.338078	4382.918	-4.626335	4691.815
77.58	20095.19	57495.64	1739.701	130205.9	5708.118	-488.7544	41930.53	2332.028	3591.036	34971.26	74693.92	993.9502	-5.338078	3782.918	1.262152e+08	3.485056e+08	2668.327	3795.729	193.9502	107123	13085.56	-4.626335	4691.815	-5.338078	3782.918	-4.626335	4691.815
77.87	25800.19	57896.64	2739.701	158971.9	8709.117	-188.7544	30914.53	832.0284	1590.036	31966.26	78204.92	2493.95	-5.338078	3382.918	1.275448e+08	3.765569e+08	2368.327	4095.729	93.95018	82629.95	12385.56	-4.626335	5192.815	-5.338078	3382.918	-4.626335	5192.815
78.15	32809.19	29238.64	3040.701	159676.9	11210.12	-789.7544	27209.53	2332.028	2390.036	22957.26	87635.92	3493.95	-5.338078	4182.918	1.382149e+08	3.424948e+08	1268.327	4295.729	-6.049822	91159.95	11285.56	-4.626335	5492.815	-5.338078	4182.918	-4.626335	5492.815
78.44	37415.19	41659.64	2139.701	174878.9	11610.12	211.2456	23805.53	1932.028	4891.036	24558.26	89040.92	3293.95	-5.338078	3382.918	1.373794e+08	3.565201e+08	2168.327	2395.729	93.95018	78817.95	11685.56	-4.626335	5392.815	-5.338078	3382.918	-4.626335	5392.815
78.73	32108.19	36149.64	3540.701	160280.9	10309.12	411.2456	21703.53	2632.028	2390.036	23857.26	86030.92	3193.95	-5.338078	5083.918	1.32971e+08	3.244629e+08	2068.327	5696.729	-6.049822	116565	16487.56	-4.626335	4291.815	-5.338078	5083.918	-4.626335	4291.815
79.01	42223.19	44665.64	2139.701	148809.9	8609.117	-789.7544	24106.53	2432.028	2990.036	29764.26	79007.92	5294.95	-5.338078	4882.918	1.405023e+08	3.725494e+08	1668.327	4495.729	93.95018	183364	13085.56	-4.626335	6092.815	-5.338078	4882.918	-4.626335	6092.815
79.3	37415.19	41659.64	2039.701	125380.9	10309.12	-488.7544	33016.53	1932.028	4991.036	33468.26	79709.92	7594.95	-5.338078	4382.918	1.372622e+08	3.925868e+08	2468.327	4895.729	393.9502	231763	11585.56	-4.626335	4491.815	-5.338078	4382.918	-4.626335	4491.815
79.58	37415.19	46068.64	2239.701	110811.9	10409.12	-789.7544	34018.53	2332.028	3891.036	32868.26	75596.92	10595.95	-5.338078	3082.918	1.433196e+08	3.565201e+08	2868.327	4095.729	793.9502	246301	14686.56	-4.626335	6392.815	-5.338078	3082.918	-4.626335	6392.815
79.87	33209.19	48473.64	2039.701	88621.92	15012.12	2211.246	38425.53	1732.028	2290.036	31966.26	71384.92	16198.95	-5.338078	3382.918	1.392997e+08	3.765569e+08	2868.327	2495.729	293.9502	255998	12385.56	-4.626335	3891.815	-5.338078	3382.918	-4.626335	3891.815
80.16	29705.19	65516.64	2940.701	75277.92	20415.12	-388.7544	29412.53	2932.028	4791.036	28963.26	68977.92	12996.95	-5.338078	2582.918	1.380536e+08	4.527039e+08	3668.327	2695.729	893.9502	258928	12085.56	-4.626335	6392.815	-5.338078	2582.918	-4.626335	6392.815
80.44	25100.19	76049.64	3340.701	59835.92	16112.12	1811.246	30012.53	2732.028	2690.036	30965.26	63964.92	8294.95	-5.338078	2882.918	1.271064e+08	3.485056e+08	3068.327	2195.729	493.9502	272065.9	11785.56	-4.626335	4091.815	-5.338078	2882.918	-4.626335	4091.815
80.73	17793.19	44465.64	1939.701	58131.92	12510.12	611.2456	32416.53	2332.028	3691.036	34169.26	59152.92	6694.95	-5.338078	3782.918	1.361486e+08	3.945906e+08	3068.327	2695.729	-6.049822	329855.9	12785.56	-4.626335	5692.815	-5.338078	3782.918	-4.626335	5692.815
81.01	17193.19	62909.64	2539.701	54623.92	10809.12	-488.7544	34018.53	2332.028	3991.036	41480.26	60255.92	5394.95	-5.338078	3382.918	1.384348e+08	3.264664e+08	2768.327	3895.729	493.9502	343841.9	12885.56	-4.626335	6192.815	-5.338078	3382.918	-4.626335	6192.815
81.3	13791.19	47972.64	2239.701	57930.92	7008.118	1411.246	37323.53	1432.028	3491.036	44586.26	59753.92	2393.95	-5.338078	5883.918	1.33337e+08	2.944112e+08	3668.327	3595.729	293.9502	379959.9	14086.56	-4.626335	6492.815	-5.338078	5883.918	-4.626335	6492.815
81.59	13691.19	111993.6	3140.701	61740.92	6408.118	-588.7544	41530.53	2032.028	2890.036	43484.26	56546.92	3293.95	94.66192	3482.918	1.272379e+08	3.645347e+08	4168.328	2695.729	-6.049822	404235.9	10784.56	95.37366	5392.815	94.66192	3482.918	95.37366	5392.815
81.87	14791.19	61104.64	3140.701	60236.92	6408.118	611.2456	39426.53	2632.028	3090.036	45387.26	60054.92	2693.95	-5.338078	5783.918	1.369398e+08	3.785605e+08	2868.327	3195.729	-6.049822	428128.9	12685.56	-4.626335	5892.815	-5.338078	5783.918	-4.626335	5892.815
82.16	22697.19	52482.64	3540.701	71366.92	5508.118	111.2456	41830.53	2432.028	3290.036	43885.26	63462.92	1593.95	-5.338078	3582.918	1.38083e+08	3.505092e+08	2868.327	2695.729	93.95018	416331.9	13486.56	-4.626335	6192.815	-5.338078	3582.918	-4.626335	6192.815
82.44	22197.19	59801.64	1839.701	71165.92	4507.118	-689.7544	40428.53	1832.028	2490.036	45287.26	58350.92	2893.95	-5.338078	2882.918	1.321661e+08	3.725494e+08	2168.327	4095.729	93.95018	362097.9	12485.56	95.37366	5992.815	-5.338078	2882.918	95.37366	5992.815
82.73	26701.19	41860.64	2639.701	67054.92	5708.118	411.2456	36922.53	2332.028	3290.036	41881.26	57248.92	2493.95	-5.338078	2882.918	1.40429e+08	3.084351e+08	2368.327	2595.729	193.9502	339888.9	9984.562	-4.626335	5092.815	-5.338078	2882.918	-4.626335	5092.815
83.01	28303.19	39054.64	3840.701	56227.92	6308.118	-989.7544	34218.53	2832.028	3390.036	39477.26	55844.92	2493.95	94.66192	3282.918	1.350647e+08	3.885793e+08	3068.327	1695.729	93.95018	311117.9	10684.56	95.37366	4391.815	94.66192	3282.918	95.37366	4391.815
83.3	23999.19	53886.64	4540.701	50815.92	7108.118	611.2456	36121.53	2732.028	3591.036	31666.26	54040.92	1593.95	-5.338078	2382.918	1.334248e+08	2.82391e+08	2668.327	1195.729	93.95018	274290.9	11785.56	-4.626335	4291.815	-5.338078	2382.918	-4.626335	4291.815
83.59	23498.19	34046.64	2739.701	42599.92	6808.118	-989.7544	37824.53	2432.028	2490.036	28362.26	50834.92	993.9502	-5.338078	3182.918	1.30981e+08	3.985982e+08	2768.327	2095.729	193.9502	229341	10384.56	-4.626335	4691.815	-5.338078	3182.918	-4.626335	4691.815
83.87	25500.19	28938.64	2739.701	42299.92	7608.118	-288.7544	34819.53	1732.028	3791.036	26560.26	48329.92	1293.95	-5.338078	3682.918	1.343911e+08	3.68542e+08	3968.327	1895.729	593.9502	206140	11885.56	-4.626335	5692.815	-5.338078	3682.918	-4.626335	5692.815
84.16	20295.19	26234.64	2940.701	41197.92	11110.12	-488.7544	32616.53	3032.028	1990.036	26160.26	50733.92	1193.95	-5.338078	4682.918	1.273402e+08	3.304735e+08	3768.327	595.7296	93.95018	192734	10584.56	-4.626335	3991.815	-5.338078	4682.918	-4.626335	3991.815
84.44	19395.19	26435.64	2139.701	33485.92	14511.12	-588.7544	39025.53	1832.028	2890.036	24658.26	51335.92	493.9502	-5.338078	4182.918	1.324149e+08	3.82568e+08	4168.328	1695.729	293.9502	173393	10684.56	-4.626335	4791.815	-5.338078	4182.918	-4.626335	4791.815
84.73	18694.19	30741.64	1739.701	37591.92	17813.12	-889.7544	32716.53	2032.028	2590.036	23657.26	55644.92	693.9502	-5.338078	2982.918	1.368226e+08	3.144455e+08	3968.327	1695.729	93.95018	160004	11285.56	-4.626335	4291.815	-5.338078	2982.918	-4.626335	4291.815
85.02	19895.19	24031.64	3240.701	43300.92	32028.12	-188.7544	34519.53	2632.028	3691.036	24058.26	53640.92	693.9502	-5.338078	2682.918	1.315954e+08	3.605274e+08	4368.328	1495.729	193.9502	142298	14286.56	-4.626335	3891.815	-5.338078	2682.918	-4.626335	3891.815
85.3	31607.19	26835.64	2239.701	49111.92	61082.12	111.2456	38024.53	2132.028	3190.036	26660.26	57548.92	1093.95	-5.338078	3082.918	1.327808e+08	3.545164e+08	3268.327	2295.729	93.95018	130333	10484.56	-4.626335	3691.815	-5.338078	3082.918	-4.626335	3691.815
85.59	35412.19	23130.64	1939.701	51917.92	91675.12	11.24561	30513.53	2532.028	3991.036	24558.26	66671.92	793.9502	-5.338078	2782.918	1.408543e+08	3.404912e+08	3468.327	1995.729	-6.049822	112848	11485.56	-4.626335	3591.815	-5.338078	2782.918	-4.626335	3591.815
85.87	42022.19	22029.64	3940.701	51015.92	121904.1	611.2456	33317.53	2632.028	2390.036	24758.26	64565.92	993.9502	94.66192	2882.918	1.358264e+08	3.845718e+08	2868.327	2595.729	93.95018	108328	8884.562	-4.626335	3791.815	94.66192	2882.918	-4.626335	3791.815
86.16	56451.19	22229.64	2639.701	58031.92	159414.1	111.2456	31614.53	3032.028	4391.036	22756.26	63262.92	1693.95	-5.338078	2082.918	1.35841e+08	3.605274e+08	3268.327	1495.729	-6.049822	81124.95	13686.56	-4.626335	3591.815	-5.338078	2082.918	-4.626335	3591.815
86.45	61964.19	21328.64	3640.701	58532.92	187105.1	-1589.754	28010.53	2832.028	4291.036	21856.26	70682.92	1693.95	-5.338078	2182.918	1.30469e+08	3.46502e+08	1868.327	2695.729	-6.049822	76209.95	10984.56	-4.626335	3491.815	-5.338078	2182.918	-4.626335	3491.815
86.73	71690.19	21829.64	2539.701	53220.92	231273.1	-2089.754	25507.53	2932.028	3791.036	20154.26	74593.92	1493.95	-5.338078	1982.918	1.326051e+08	3.665384e+08	2068.327	2595.729	-6.049822	66983.95	9784.562	-4.626335	2291.815	-5.338078	1982.918	-4.626335	2291.815
87.02	86135.19	61405.64	2139.701	50414.92	343654.1	-789.7544	23605.53	2832.028	3190.036	18053.26	74092.92	3493.95	-5.338078	1782.918	1.383908e+08	3.82568e+08	1868.327	2495.729	193.9502	63674.95	8984.562	95.37366	3091.815	-5.338078	1782.918	95.37366	3091.815
87.3	99083.19	18626.64	1639.701	50715.92	478545.1	-989.7544	25607.53	2432.028	3090.036	15651.26	84826.92	3093.95	-5.338078	1682.918	1.335712e+08	3.62531e+08	1468.327	2395.729	193.9502	65980.95	9984.562	-4.626335	4491.815	-5.338078	1682.918	-4.626335	4491.815
87.59	115553.2	23231.64	1739.701	45504.92	591833.1	-989.7544	21503.53	2632.028	4491.036	15351.26	84625.92	4593.95	-5.338078	1582.918	1.294745e+08	3.364841e+08	2068.327	4895.729	493.9502	82328.95	11885.56	95.37366	4691.815	-5.338078	1582.918	95.37366	4691.815
87.88	126406.2	15723.64	3840.701	50213.92	663601.1	-1389.754	17500.53	2432.028	3791.036	20354.26	82217.92	4793.95	-5.338078	1482.918	1.291674e+08	3.785605e+08	2068.327	4095.729	193.9502	114556	12885.56	195.3737	5292.815	-5.338078	1482.918	195.3737	5292.815
88.16	126406.2	12520.64	1639.701	48911.92	711801.1	11.24561	15598.53	2332.028	3591.036	19454.26	72086.92	5594.95	-5.338078	1282.918	1.208867e+08	3.765569e+08	1668.327	3595.729	93.95018	130132	9984.562	-4.626335	5192.815	-5.338078	1282.918	-4.626335	5192.815
88.45	120577.2	11720.64	3140.701	47809.92	676541.1	-88.75439	16999.53	1232.028	3090.036	20454.26	73089.92	4993.95	-5.338078	982.9182	1.105589e+08	3.12442e+08	1768.327	3295.729	-6.049822	109433	8884.562	-4.626335	3891.815	-5.338078	982.9182	-4.626335	3891.815
88.74	92157.19	9818.641	2339.701	36189.92	504447.1	-288.7544	14197.53	1032.028	1490.036	13350.26	52738.92	4893.95	-5.338078	582.9182	7.80088e+07	2.102759e+08	1568.327	1895.729	93.95018	79419.95	6483.562	-4.626335	2391.815	-5.338078	582.9182	-4.626335	2391.815
89.02	65172.19	23331.64	639.7012	27778.92	320246.1	-1889.754	8894.526	1732.028	690.0356	10048.26	40815.92	2293.95	-5.338078	682.9182	6.058203e+07	1.742223e+08	1668.327	1695.729	93.95018	55054.95	4582.562	-4.626335	2491.815	-5.338078	682.9182	-4.626335	2491.815
89.31	49937.19	4816.641	2339.701	19569.92	265814.1	211.2456	7494.527	1432.028	1090.036	7647.263	32503.92	793.9502	-5.338078	382.9182	4.658183e+07	1.266508e+08	668.3274	1595.729	93.95018	41527.95	3182.562	-4.626335	1391.815	-5.338078	382.9182	-4.626335	1391.815
89.59	36514.19	4515.641	2239.701	12565.92	192546.1	-989.7544	4793.527	632.0284	1590.036	6147.263	22392.92	493.9502	-5.338078	282.9182	3.555518e+07	9.950338e+07	368.3274	795.7296	193.9502	32915.95	3082.562	-4.626335	1291.815	-5.338078	282.9182	-4.626335	1291.815
89.88	31407.19	3615.641	739.7012	9263.922	162836.1	-388.7544	4693.527	432.0284	290.0356	4246.263	16888.92	1393.95	-5.338078	282.9182	2.797202e+07	7.594193e+07	768.3274	1095.729	-6.049822	25506.95	2282.562	-4.626335	591.8149	-5.338078	282.9182	-4.626335	591.8149
90.16	19194.19	2915.641	439.7012	10164.92	131553.1	-689.7544	3993.527	1132.028	1190.036	2646.263	14286.92	493.9502	-5.338078	482.9182	2.352642e+07	5.660262e+07	568.3274	595.7296	-6.049822	18900.95	1582.562	-4.626335	391.8149	-5.338078	482.9182	-4.626335	391.8149
90.45	16893.19	2815.641	-360.2988	6562.922	104726.1	-789.7544	1992.527	232.0284	890.0356	1746.263	11785.92	793.9502	-5.338078	82.91815	1.756985e+07	5.188826e+07	168.3274	395.7295	-6.049822	15798.95	1282.562	-4.626335	791.8149	-5.338078	82.91815	-4.626335	791.8149
90.74	16292.19	4515.641	539.7012	5162.922	74017.12	-1189.754	3393.527	-67.97156	690.0356	2446.263	9284.918	893.9502	-5.338078	82.91815	1.374592e+07	4.267876e+07	268.3274	495.7295	-6.049822	15598.95	882.5623	-4.626335	591.8149	-5.338078	82.91815	-4.626335	591.8149
91.02	12290.19	1014.641	-961.2988	5262.922	63889.12	-188.7544	992.5267	32.02844	1390.036	2546.263	7283.918	593.9502	-5.338078	182.9182	1.30807e+07	3.423615e+07	268.3274	495.7295	-6.049822	10395.95	982.5623	-4.626335	591.8149	-5.338078	182.9182	-4.626335	591.8149
91.31	10689.19	1814.641	-1661.299	4862.922	50358.12	-2089.754	1092.527	832.0284	-409.9644	1646.263	6383.918	393.9502	-5.338078	82.91815	1.018065e+07	2.796726e+07	-31.6726	95.72954	-6.049822	8995.95	782.5623	-4.626335	291.8149	-5.338078	82.91815	-4.626335	291.8149
91.59	6588.188	814.6406	539.7012	3661.922	42443.12	-288.7544	1192.527	32.02844	-609.9644	1646.263	5283.918	593.9502	-5.338078	82.91815	7961250	2.272076e+07	368.3274	395.7295	-6.049822	6094.95	582.5623	-4.626335	91.81495	-5.338078	82.91815	-4.626335	91.81495
91.88	6688.188	1114.641	639.7012	2161.922	32829.12	-1989.754	92.52673	132.0284	290.0356	1446.263	4482.918	193.9502	-5.338078	-17.08185	7184084	1.957372e+07	68.3274	195.7295	-6.049822	6494.95	582.5623	-4.626335	291.8149	-5.338078	-17.08185	-4.626335	291.8149
92.16	5088.188	1314.641	-1561.299	1961.922	30325.12	-989.7544	292.5267	-367.9716	1490.036	1146.263	4082.918	193.9502	-5.338078	-17.08185	5376066	1.81791e+07	68.3274	95.72954	-6.049822	4393.95	282.5623	-4.626335	291.8149	-5.338078	-17.08185	-4.626335	291.8149
92.45	3587.189	914.6406	-660.2988	1961.922	24519.12	-1189.754	492.5267	-267.9716	590.0356	1146.263	3082.918	93.95018	94.66192	82.91815	4500642	1.276234e+07	-31.6726	95.72954	-6.049822	3893.95	82.56228	-4.626335	191.8149	94.66192	82.91815	-4.626335	191.8149
92.74	3487.189	1014.641	239.7012	1861.922	13511.12	-2189.754	692.5267	132.0284	-209.9644	846.2634	2182.918	93.95018	-5.338078	-17.08185	3907734	1.058944e+07	-31.6726	-4.270463	-6.049822	3393.95	182.5623	-4.626335	291.8149	-5.338078	-17.08185	-4.626335	291.8149
93.02	2587.189	814.6406	-861.2988	1261.922	13010.12	-1389.754	-7.473267	32.02844	-509.9644	446.2633	2382.918	93.95018	-5.338078	-17.08185	2510564	8985469	-31.6726	95.72954	-6.049822	2193.95	182.5623	-4.626335	91.81495	-5.338078	-17.08185	-4.626335	91.81495
93.31	2787.189	1114.641	-2561.299	1161.922	14111.12	-88.75439	392.5267	32.02844	-109.9644	746.2634	1682.918	-6.049822	-5.338078	82.91815	2736332	8261790	-31.6726	95.72954	93.95018	4193.95	82.56228	-4.626335	-8.185054	-5.338078	82.91815	-4.626335	-8.185054
93.6	2087.189	6616.641	-1461.299	1561.922	7608.118	-889.7544	892.5267	-67.97156	90.03564	346.2633	1982.918	-6.049822	-5.338078	-17.08185	2002638	6587964	-31.6726	-4.270463	93.95018	2893.95	382.5623	-4.626335	191.8149	-5.338078	-17.08185	-4.626335	191.8149
93.88	1387.189	1414.641	-60.29883	1161.922	9209.117	-88.75439	292.5267	-67.97156	-509.9644	-53.73666	1082.918	-6.049822	-5.338078	-17.08185	1522998	5822240	-31.6726	95.72954	-6.049822	1593.95	282.5623	-4.626335	-8.185054	-5.338078	-17.08185	-4.626335	-8.185054
94.17	1887.189	214.6406	-761.2988	561.9218	7408.118	-1589.754	692.5267	-367.9716	-609.9644	46.26334	1282.918	93.95018	-5.338078	-17.08185	1410151	3851968	68.3274	95.72954	-6.049822	1193.95	182.5623	95.37366	91.81495	-5.338078	-17.08185	95.37366	91.81495
94.47	1487.189	314.6406	-560.2988	461.9218	6708.118	-188.7544	-307.4733	-67.97156	-209.9644	146.2633	882.9182	93.95018	-5.338078	-17.08185	1452468	3398536	-31.6726	95.72954	93.95018	793.9502	82.56228	-4.626335	91.81495	-5.338078	-17.08185	-4.626335	91.81495
94.76	787.1886	-85.35938	-1561.299	-338.0782	5808.118	-1689.754	-107.4733	32.02844	-109.9644	346.2633	682.9182	193.9502	-5.338078	-17.08185	1396045	3072668	68.3274	-4.270463	-6.049822	693.9502	-17.43772	-4.626335	-8.185054	-5.338078	-17.08185	-4.626335	-8.185054
95.04	787.1886	-85.35938	-1061.299	-38.07825	3707.117	-1789.754	592.5267	132.0284	-909.9644	46.26334	482.9182	-6.049822	-5.338078	-17.08185	747248.4	2675998	-31.6726	-4.270463	-6.049822	393.9502	-17.43772	-4.626335	-8.185054	-5.338078	-17.08185	-4.626335	-8.185054
95.33	787.1886	14.64062	-1261.299	761.9218	2007.117	-2589.754	-107.4733	-167.9716	190.0356	146.2633	382.9182	-6.049822	-5.338078	-17.08185	888281.4	2803494	-31.6726	-4.270463	-6.049822	493.9502	-17.43772	-4.626335	-8.185054	-5.338078	-17.08185	-4.626335	-8.185054
95.62	587.1886	1014.641	-961.2988	-438.0782	2507.117	-488.7544	-7.473267	532.0284	-309.9644	46.26334	782.9182	393.9502	-5.338078	-17.08185	1297308	1996098	68.3274	95.72954	-6.049822	493.9502	182.5623	-4.626335	-8.185054	-5.338078	-17.08185	-4.626335	-8.185054
95.91	987.1886	1014.641	-560.2988	-138.0782	5008.118	-1389.754	-207.4733	-167.9716	-9.964355	-53.73666	382.9182	-6.049822	-5.338078	-17.08185	510838.4	2265210	68.3274	-4.270463	-6.049822	1093.95	82.56228	-4.626335	-8.185054	-5.338078	-17.08185	-4.626335	-8.185054
96.2	587.1886	1014.641	-460.2988	-38.07825	5308.118	-1289.754	192.5267	-67.97156	-409.9644	146.2633	382.9182	-6.049822	-5.338078	82.91815	520229.4	665003.8	-31.6726	-4.270463	-6.049822	1093.95	-17.43772	-4.626335	-8.185054	-5.338078	82.91815	-4.626335	-8.185054
96.48	487.1886	-585.3594	-1061.299	61.92175	2007.117	-2289.754	-7.473267	132.0284	-309.9644	46.26334	182.9182	-6.049822	-5.338078	-17.08185	531870.4	1514580	-31.6726	-4.270463	-6.049822	193.9502	82.56228	-4.626335	-8.185054	-5.338078	-17.08185	-4.626335	-8.185054
96.77	187.1886	114.6406	-1761.299	261.9218	707.1174	-989.7544	-7.473267	-267.9716	490.0356	246.2633	-17.08185	-6.049822	-5.338078	-17.08185	295981.4	1288006	-31.6726	-4.270463	-6.049822	193.9502	-17.43772	-4.626335	-8.185054	-5.338078	-17.08185	-4.626335	-8.185054
97.06	187.1886	614.6406	-861.2988	661.9218	2007.117	-1189.754	192.5267	432.0284	-309.9644	246.2633	182.9182	-6.049822	94.66192	82.91815	274368.4	962331.8	-31.6726	-4.270463	-6.049822	-6.049822	-17.43772	95.37366	-8.185054	94.66192	82.91815	95.37366	-8.185054
97.35	287.1886	14.64062	-1061.299	161.9218	1007.117	-1889.754	292.5267	532.0284	-209.9644	146.2633	-17.08185	-6.049822	-5.338078	-17.08185	281880.4	622529.8	-31.6726	-4.270463	-6.049822	293.9502	-17.43772	-4.626335	-8.185054	-5.338078	-17.08185	-4.626335	-8.185054
97.64	-12.81139	814.6406	-1361.299	261.9218	907.1174	-1189.754	292.5267	-367.9716	-9.964355	46.26334	-17.08185	-6.049822	-5.338078	-17.08185	479302.4	934013.8	-31.6726	-4.270463	-6.049822	293.9502	-17.43772	-4.626335	-8.185054	-5.338078	-17.08185	-4.626335	-8.185054
97.94	-12.81139	914.6406	-660.2988	-438.0782	1107.117	-1089.754	-407.4733	-167.9716	-309.9644	46.26334	82.91815	-6.049822	-5.338078	-17.08185	211057.4	721635.8	-31.6726	-4.270463	-6.049822	-6.049822	182.5623	-4.626335	-8.185054	-5.338078	-17.08185	-4.626335	-8.185054
98.23	-12.81139	214.6406	39.70117	-338.0782	1007.117	-889.7544	-507.4733	-67.97156	-409.9644	-53.73666	-17.08185	-6.049822	-5.338078	-17.08185	75784.4	396012.8	-31.6726	-4.270463	-6.049822	193.9502	-17.43772	-4.626335	-8.185054	-5.338078	-17.08185	-4.626335	-8.185054
98.52	387.1886	14.64062	-761.2988	-138.0782	807.1174	-989.7544	292.5267	32.02844	290.0356	446.2633	-17.08185	93.95018	-5.338078	-17.08185	98570.4	339385.8	-31.6726	-4.270463	-6.049822	93.95018	-17.43772	-4.626335	-8.185054	-5.338078	-17.08185	-4.626335	-8.185054
98.81	87.18861	814.6406	-360.2988	-38.07825	1307.117	-689.7544	492.5267	32.02844	-309.9644	146.2633	-17.08185	-6.049822	-5.338078	-17.08185	203596.4	366109.8	-31.6726	-4.270463	-6.049822	193.9502	-17.43772	-4.626335	-8.185054	-5.338078	-17.08185	-4.626335	-8.185054
99.09	-12.81139	614.6406	-761.2988	61.92175	1207.117	-588.7544	592.5267	-267.9716	-309.9644	46.26334	-17.08185	-6.049822	-5.338078	82.91815	95050.4	103559.8	-31.6726	-4.270463	-6.049822	93.95018	-17.43772	-4.626335	91.81495	-5.338078	82.91815	-4.626335	91.81495
99.38	-12.81139	1214.641	-1161.299	-338.0782	107.1174	-2489.754	292.5267	332.0284	-709.9644	46.26334	-17.08185	-6.049822	-5.338078	-17.08185	23280.39	551741.8	-31.6726	-4.270463	-6.049822	93.95018	-17.43772	-4.626335	-8.185054	-5.338078	-17.08185	-4.626335	-8.185054
99.67	87.18861	114.6406	-1161.299	-38.07825	107.1174	-689.7544	-407.4733	332.0284	390.0356	-53.73666	-17.08185	-6.049822	94.66192	-17.08185	177296.4	183666.8	-31.6726	-4.270463	-6.049822	193.9502	-17.43772	-4.626335	-8.185054	94.66192	-17.08185	-4.626335	-8.185054
99.96	87.18861	214.6406	-260.2988	-438.0782	7.117439	-789.7544	92.52673	432.0284	90.03564	46.26334	-17.08185	-6.049822	-5.338078	-17.08185	196036.4	126665.8	-31.6726	95.72954	-6.049822	93.95018	-17.43772	-4.626335	-8.185054	-5.338078	-17.08185	-4.626335	-8.185054
100.24	287.1886	1614.641	-1161.299	-138.0782	-92.88256	-1389.754	-307.4733	332.0284	-209.9644	-53.73666	-17.08185	-6.049822	-5.338078	-17.08185	33091.39	152710.8	-31.6726	95.72954	-6.049822	93.95018	-17.43772	-4.626335	-8.185054	-5.338078	-17.08185	-4.626335	-8.185054
100.53	87.18861	-585.3594	-160.2988	-138.0782	7.117439	-989.7544	-107.4733	-467.9716	390.0356	46.26334	-17.08185	-6.049822	-5.338078	-17.08185	66357.4	152610.8	-31.6726	-4.270463	-6.049822	-6.049822	-17.43772	-4.626335	-8.185054	-5.338078	-17.08185	-4.626335	-8.185054
100.82	-12.81139	-385.3594	939.7012	561.9218	107.1174	-88.75439	-1007.473	432.0284	490.0356	46.26334	-17.08185	93.95018	-5.338078	-17.08185	15074.39	325229.8	-31.6726	-4.270463	-6.049822	193.9502	-17.43772	-4.626335	-8.185054	-5.338078	-17.08185	-4.626335	-8.185054
101.1	-12.81139	414.6406	-861.2988	-238.0782	-92.88256	-989.7544	-307.4733	-267.9716	-409.9644	-53.73666	-17.08185	-6.049822	-5.338078	-17.08185	93544.4	80072.77	-31.6726	-4.270463	-6.049822	493.9502	-17.43772	-4.626335	191.8149	-5.338078	-17.08185	-4.626335	191.8149
101.39	-12.81139	414.6406	239.7012	-338.0782	207.1174	-1689.754	92.52673	-67.97156	490.0356	-53.73666	82.91815	-6.049822	-5.338078	-17.08185	30788.39	100345.8	-31.6726	-4.270463	-6.049822	-6.049822	-17.43772	-4.626335	-8.185054	-5.338078	-17.08185	-4.626335	-8.185054
101.69	-12.81139	814.6406	-1261.299	261.9218	707.1174	-2089.754	1192.527	232.0284	-109.9644	146.2633	82.91815	-6.049822	-5.338078	-17.08185	28069.39	127043.8	68.3274	-4.270463	-6.049822	-6.049822	82.56228	-4.626335	-8.185054	-5.338078	-17.08185	-4.626335	-8.185054
101.98	-12.81139	-885.3594	-1161.299	161.9218	7.117439	-1789.754	-307.4733	132.0284	-209.9644	-53.73666	-17.08185	-6.049822	-5.338078	-17.08185	45711.39	105868.8	-31.6726	95.72954	-6.049822	93.95018	-17.43772	-4.626335	-8.185054	-5.338078	-17.08185	-4.626335	-8.185054
102.27	87.18861	614.6406	-1261.299	161.9218	7.117439	-1689.754	-107.4733	-67.97156	-209.9644	-53.73666	82.91815	-6.049822	-5.338078	-17.08185	11072.39	56264.77	-31.6726	-4.270463	-6.049822	-6.049822	-17.43772	-4.626335	-8.185054	-5.338078	-17.08185	-4.626335	-8.185054
102.56	-12.81139	1114.641	-861.2988	161.9218	-92.88256	-889.7544	-107.4733	-67.97156	90.03564	-53.73666	-17.08185	-6.049822	-5.338078	-17.08185	41103.39	551741.8	-31.6726	-4.270463	-6.049822	-6.049822	-17.43772	-4.626335	-8.185054	-5.338078	-17.08185	-4.626335	-8.185054
102.85	-12.81139	-1285.359	439.7012	-138.0782	7.117439	-1789.754	-407.4733	-367.9716	-409.9644	-53.73666	-17.08185	-6.049822	-5.338078	-17.08185	13969.39	74756.77	-31.6726	-4.270463	-6.049822	193.9502	-17.43772	-4.626335	-8.185054	-5.338078	-17.08185	-4.626335	-8.185054
103.14	-12.81139	1414.641	-1261.299	-38.07825	7.117439	-689.7544	-307.4733	132.0284	-209.9644	-53.73666	-17.08185	-6.049822	-5.338078	82.91815	10271.39	98731.77	-31.6726	-4.270463	93.95018	-6.049822	-17.43772	-4.626335	-8.185054	-5.338078	82.91815	-4.626335	-8.185054
103.43	87.18861	-485.3594	-1961.299	-238.0782	207.1174	-989.7544	392.5267	-367.9716	-309.9644	46.26334	-17.08185	-6.049822	-5.338078	-17.08185	98061.4	204075.8	-31.6726	-4.270463	-6.049822	93.95018	-17.43772	-4.626335	-8.185054	-5.338078	-17.08185	-4.626335	-8.185054
103.72	-12.81139	714.6406	-1161.299	-138.0782	207.1174	-2089.754	-207.4733	-167.9716	990.0356	46.26334	-17.08185	-6.049822	-5.338078	-17.08185	9671.395	480954.8	-31.6726	-4.270463	-6.049822	-6.049822	-17.43772	-4.626335	-8.185054	-5.338078	-17.08185	-4.626335	-8.185054
104	-12.81139	714.6406	-1161.299	61.92175	207.1174	-1689.754	-507.4733	-67.97156	1190.036	-53.73666	82.91815	-6.049822	-5.338078	-17.08185	44609.39	56006.77	-31.6726	-4.270463	-6.049822	93.95018	82.56228	-4.626335	-8.185054	-5.338078	-17.08185	-4.626335	-8.185054
