ElapsedTime_s	Ti49_CPS	Al27_CPS	S33_CPS	Sc45_CPS	V51_CPS	Mn55_CPS	Fe57_CPS	Co59_CPS	Ni60_CPS	Ga71_CPS	Zr90_CPS	Nb93_CPS	Mo97_CPS	In113_CPS	Sn119_CPS	Sn118_CPS	Sb121_CPS	Hf177_CPS	Ta181_CPS	W183_CPS	Pb206_CPS	Th232_CPS	U238_CPS	Tc97_CPS	Cd113_CPS	U232_CPS	Pu238_CPS
0	-12.81139	-285.3594	-460.2988	261.9218	207.1174	-889.7544	-507.4733	332.0284	190.0356	46.26334	-17.08185	93.95018	-5.338078	-17.08185	13173.39	-56.22775	-31.6726	-4.270463	-6.049822	93.95018	-17.43772	-4.626335	-8.185054	-5.338078	-17.08185	-4.626335	-8.185054
																											
10.16	-12.81139	614.6406	939.7012	-238.0782	7.117439	-1389.754	292.5267	132.0284	290.0356	46.26334	-17.08185	-6.049822	94.66192	-17.08185	2169.395	243.7722	68.3274	-4.270463	-6.049822	-6.049822	-17.43772	-4.626335	-8.185054	94.66192	-17.08185	-4.626335	-8.185054
10.45	-12.81139	2715.641	-160.2988	-138.0782	-92.88256	-388.7544	492.5267	32.02844	90.03564	146.2633	82.91815	-6.049822	-5.338078	-17.08185	69.39502	143.7722	68.3274	-4.270463	-6.049822	-6.049822	-17.43772	-4.626335	-8.185054	-5.338078	-17.08185	-4.626335	-8.185054
10.73	-12.81139	314.6406	239.7012	-638.0782	-92.88256	-188.7544	-307.4733	32.02844	-9.964355	146.2633	-17.08185	-6.049822	-5.338078	-17.08185	169.395	-256.2278	68.3274	-4.270463	-6.049822	-6.049822	-17.43772	-4.626335	-8.185054	-5.338078	-17.08185	-4.626335	-8.185054
11.02	87.18861	214.6406	139.7012	-238.0782	-92.88256	211.2456	-107.4733	-267.9716	-109.9644	-53.73666	-17.08185	-6.049822	-5.338078	82.91815	-30.60498	32965.77	-31.6726	-4.270463	-6.049822	-6.049822	-17.43772	-4.626335	-8.185054	-5.338078	82.91815	-4.626335	-8.185054
11.3	-12.81139	314.6406	1339.701	-338.0782	-92.88256	-1589.754	92.52673	232.0284	-309.9644	46.26334	-17.08185	93.95018	-5.338078	-17.08185	-30.60498	-356.2278	-31.6726	-4.270463	-6.049822	-6.049822	-17.43772	-4.626335	-8.185054	-5.338078	-17.08185	-4.626335	-8.185054
11.59	87.18861	-485.3594	539.7012	61.92175	207.1174	-989.7544	-107.4733	32.02844	390.0356	-53.73666	-17.08185	-6.049822	-5.338078	-17.08185	-30.60498	-56.22775	-31.6726	-4.270463	-6.049822	-6.049822	-17.43772	-4.626335	-8.185054	-5.338078	-17.08185	-4.626335	-8.185054
11.87	87.18861	-1085.359	-1061.299	61.92175	7.117439	-288.7544	-207.4733	-67.97156	-9.964355	-53.73666	-17.08185	-6.049822	-5.338078	-17.08185	-130.605	-56.22775	-31.6726	-4.270463	-6.049822	-6.049822	-17.43772	-4.626335	-8.185054	-5.338078	-17.08185	-4.626335	-8.185054
12.16	-12.81139	114.6406	-1161.299	-138.0782	7.117439	-88.75439	392.5267	-367.9716	-9.964355	46.26334	-17.08185	-6.049822	-5.338078	-17.08185	26083.39	43.77225	-31.6726	-4.270463	-6.049822	-6.049822	-17.43772	-4.626335	-8.185054	-5.338078	-17.08185	-4.626335	-8.185054
12.44	-12.81139	-85.35938	-1361.299	-238.0782	107.1174	-989.7544	-7.473267	-67.97156	-9.964355	-53.73666	-17.08185	-6.049822	-5.338078	-17.08185	-30.60498	443.7722	-31.6726	-4.270463	-6.049822	-6.049822	-17.43772	-4.626335	-8.185054	-5.338078	-17.08185	-4.626335	-8.185054
12.73	-12.81139	314.6406	1339.701	161.9218	7.117439	-588.7544	-7.473267	-67.97156	-9.964355	46.26334	-17.08185	-6.049822	-5.338078	-17.08185	7770.395	43.77225	68.3274	-4.270463	-6.049822	-6.049822	-17.43772	-4.626335	91.81495	-5.338078	-17.08185	-4.626335	91.81495
13.01	-12.81139	1714.641	-861.2988	-338.0782	-92.88256	-588.7544	592.5267	-267.9716	-209.9644	146.2633	-17.08185	-6.049822	-5.338078	-17.08185	169.395	43.77225	-31.6726	-4.270463	-6.049822	93.95018	-17.43772	-4.626335	-8.185054	-5.338078	-17.08185	-4.626335	-8.185054
13.3	87.18861	1014.641	-160.2988	-238.0782	-92.88256	-1589.754	-907.4733	-67.97156	-609.9644	-53.73666	-17.08185	-6.049822	-5.338078	-17.08185	269.395	243.7722	-31.6726	-4.270463	-6.049822	-6.049822	-17.43772	-4.626335	-8.185054	-5.338078	-17.08185	-4.626335	-8.185054
13.58	-12.81139	1314.641	-1161.299	-38.07825	107.1174	-1589.754	-307.4733	-367.9716	490.0356	146.2633	-17.08185	-6.049822	-5.338078	-17.08185	-130.605	343.7722	68.3274	-4.270463	-6.049822	-6.049822	-17.43772	-4.626335	-8.185054	-5.338078	-17.08185	-4.626335	-8.185054
13.87	-12.81139	1014.641	-761.2988	-138.0782	-92.88256	-388.7544	92.52673	32.02844	90.03564	-53.73666	-17.08185	-6.049822	-5.338078	-17.08185	-130.605	243.7722	-31.6726	-4.270463	-6.049822	-6.049822	-17.43772	-4.626335	-8.185054	-5.338078	-17.08185	-4.626335	-8.185054
14.15	-12.81139	-585.3594	339.7012	161.9218	-92.88256	-1089.754	92.52673	32.02844	590.0356	146.2633	-17.08185	-6.049822	-5.338078	-17.08185	23780.39	243.7722	-31.6726	95.72954	-6.049822	-6.049822	82.56228	-4.626335	-8.185054	-5.338078	-17.08185	-4.626335	-8.185054
14.44	87.18861	214.6406	-460.2988	-538.0782	7.117439	-1089.754	-607.4733	-367.9716	790.0356	-53.73666	-17.08185	-6.049822	-5.338078	-17.08185	18476.39	-156.2278	-31.6726	-4.270463	-6.049822	-6.049822	-17.43772	-4.626335	-8.185054	-5.338078	-17.08185	-4.626335	-8.185054
14.72	-12.81139	114.6406	239.7012	61.92175	-92.88256	-388.7544	292.5267	132.0284	-309.9644	146.2633	-17.08185	-6.049822	-5.338078	-17.08185	-30.60498	3543.772	-31.6726	-4.270463	-6.049822	-6.049822	-17.43772	-4.626335	-8.185054	-5.338078	-17.08185	-4.626335	-8.185054
15.01	-12.81139	114.6406	739.7012	461.9218	7.117439	-989.7544	-207.4733	-167.9716	-409.9644	-53.73666	-17.08185	-6.049822	-5.338078	-17.08185	69.39502	143.7722	68.3274	-4.270463	-6.049822	-6.049822	-17.43772	-4.626335	-8.185054	-5.338078	-17.08185	-4.626335	-8.185054
15.29	-12.81139	-385.3594	-360.2988	-238.0782	107.1174	-188.7544	1492.527	232.0284	790.0356	-53.73666	-17.08185	-6.049822	-5.338078	-17.08185	-30.60498	143.7722	-31.6726	-4.270463	-6.049822	-6.049822	-17.43772	-4.626335	-8.185054	-5.338078	-17.08185	-4.626335	-8.185054
15.58	-12.81139	214.6406	-761.2988	-338.0782	-92.88256	-1489.754	-307.4733	132.0284	-9.964355	46.26334	82.91815	-6.049822	-5.338078	-17.08185	-130.605	-56.22775	-31.6726	-4.270463	-6.049822	-6.049822	-17.43772	-4.626335	-8.185054	-5.338078	-17.08185	-4.626335	-8.185054
15.87	-12.81139	1014.641	-260.2988	261.9218	-92.88256	-1389.754	-507.4733	32.02844	-409.9644	46.26334	-17.08185	-6.049822	-5.338078	-17.08185	69.39502	-256.2278	-31.6726	-4.270463	-6.049822	-6.049822	-17.43772	-4.626335	-8.185054	-5.338078	-17.08185	-4.626335	-8.185054
16.15	-12.81139	814.6406	139.7012	61.92175	-92.88256	-1989.754	-507.4733	-67.97156	-409.9644	-53.73666	-17.08185	-6.049822	-5.338078	-17.08185	-30.60498	43.77225	-31.6726	-4.270463	-6.049822	-6.049822	-17.43772	-4.626335	-8.185054	-5.338078	-17.08185	-4.626335	-8.185054
16.44	-12.81139	1514.641	-1061.299	-338.0782	-92.88256	-488.7544	-907.4733	-67.97156	-109.9644	46.26334	-17.08185	-6.049822	-5.338078	-17.08185	-30.60498	143.7722	-31.6726	-4.270463	-6.049822	-6.049822	-17.43772	-4.626335	-8.185054	-5.338078	-17.08185	-4.626335	-8.185054
16.72	-12.81139	-985.3594	-1361.299	461.9218	-92.88256	-1189.754	-207.4733	-167.9716	-109.9644	46.26334	-17.08185	-6.049822	-5.338078	-17.08185	269.395	-256.2278	-31.6726	-4.270463	-6.049822	-6.049822	-17.43772	-4.626335	-8.185054	-5.338078	-17.08185	-4.626335	-8.185054
17.01	-12.81139	614.6406	-560.2988	-538.0782	7.117439	-588.7544	392.5267	332.0284	90.03564	-53.73666	-17.08185	-6.049822	-5.338078	-17.08185	-130.605	-56.22775	-31.6726	-4.270463	-6.049822	-6.049822	-17.43772	-4.626335	-8.185054	-5.338078	-17.08185	-4.626335	-8.185054
17.29	-12.81139	-1986.359	-1661.299	-438.0782	-92.88256	-188.7544	-7.473267	132.0284	-109.9644	-53.73666	-17.08185	-6.049822	-5.338078	-17.08185	69.39502	243.7722	-31.6726	-4.270463	-6.049822	-6.049822	-17.43772	-4.626335	91.81495	-5.338078	-17.08185	-4.626335	91.81495
17.58	-12.81139	814.6406	-861.2988	-338.0782	-92.88256	-789.7544	192.5267	-67.97156	-209.9644	-53.73666	-17.08185	-6.049822	-5.338078	82.91815	69.39502	-156.2278	-31.6726	-4.270463	-6.049822	-6.049822	-17.43772	-4.626335	-8.185054	-5.338078	82.91815	-4.626335	-8.185054
17.86	-12.81139	414.6406	-861.2988	-338.0782	7.117439	-789.7544	392.5267	-167.9716	-609.9644	-53.73666	-17.08185	-6.049822	-5.338078	-17.08185	69.39502	143.7722	-31.6726	-4.270463	-6.049822	-6.049822	-17.43772	95.37366	-8.185054	-5.338078	-17.08185	95.37366	-8.185054
18.15	-12.81139	-85.35938	-260.2988	-438.0782	-92.88256	-1289.754	92.52673	-167.9716	190.0356	246.2633	-17.08185	-6.049822	-5.338078	-17.08185	269.395	143.7722	68.3274	-4.270463	-6.049822	193.9502	-17.43772	-4.626335	-8.185054	-5.338078	-17.08185	-4.626335	-8.185054
18.43	-12.81139	-785.3594	639.7012	361.9218	7.117439	-689.7544	92.52673	-67.97156	190.0356	-53.73666	-17.08185	-6.049822	-5.338078	-17.08185	-30.60498	-56.22775	-31.6726	-4.270463	-6.049822	-6.049822	-17.43772	-4.626335	-8.185054	-5.338078	-17.08185	-4.626335	-8.185054
18.72	-12.81139	-285.3594	139.7012	-238.0782	107.1174	-989.7544	192.5267	-267.9716	-9.964355	-53.73666	-17.08185	-6.049822	-5.338078	-17.08185	-30.60498	-256.2278	-31.6726	-4.270463	-6.049822	93.95018	-17.43772	-4.626335	-8.185054	-5.338078	-17.08185	-4.626335	-8.185054
19	-12.81139	-285.3594	-861.2988	861.9218	-92.88256	11.24561	-507.4733	32.02844	-209.9644	-53.73666	-17.08185	-6.049822	94.66192	-17.08185	-30.60498	-156.2278	-31.6726	-4.270463	-6.049822	-6.049822	-17.43772	-4.626335	-8.185054	94.66192	-17.08185	-4.626335	-8.185054
19.28	-12.81139	-85.35938	-961.2988	61.92175	7.117439	-1589.754	-907.4733	-267.9716	-209.9644	-53.73666	-17.08185	-6.049822	-5.338078	-17.08185	69.39502	243.7722	-31.6726	-4.270463	-6.049822	-6.049822	-17.43772	-4.626335	-8.185054	-5.338078	-17.08185	-4.626335	-8.185054
19.57	-12.81139	514.6406	-761.2988	-238.0782	-92.88256	-1189.754	-507.4733	232.0284	90.03564	-53.73666	-17.08185	-6.049822	-5.338078	82.91815	169.395	243.7722	-31.6726	95.72954	-6.049822	-6.049822	-17.43772	-4.626335	-8.185054	-5.338078	82.91815	-4.626335	-8.185054
19.86	-12.81139	-585.3594	-460.2988	-138.0782	7.117439	-2289.754	-307.4733	532.0284	790.0356	-53.73666	-17.08185	-6.049822	-5.338078	-17.08185	-130.605	-56.22775	-31.6726	-4.270463	-6.049822	-6.049822	-17.43772	-4.626335	-8.185054	-5.338078	-17.08185	-4.626335	-8.185054
20.14	-12.81139	-485.3594	39.70117	-138.0782	-92.88256	611.2456	-707.4733	-367.9716	-9.964355	-53.73666	-17.08185	-6.049822	-5.338078	-17.08185	-30.60498	-156.2278	-31.6726	-4.270463	-6.049822	-6.049822	-17.43772	-4.626335	-8.185054	-5.338078	-17.08185	-4.626335	-8.185054
20.43	-12.81139	2014.641	339.7012	661.9218	-92.88256	-1189.754	592.5267	132.0284	-109.9644	346.2633	-17.08185	-6.049822	-5.338078	-17.08185	-130.605	3343.772	-31.6726	-4.270463	-6.049822	-6.049822	-17.43772	95.37366	-8.185054	-5.338078	-17.08185	95.37366	-8.185054
20.71	-12.81139	1314.641	1139.701	461.9218	207.1174	-1389.754	-107.4733	-267.9716	490.0356	146.2633	-17.08185	-6.049822	-5.338078	-17.08185	-30.60498	-156.2278	-31.6726	-4.270463	-6.049822	-6.049822	-17.43772	-4.626335	-8.185054	-5.338078	-17.08185	-4.626335	-8.185054
20.99	-12.81139	414.6406	939.7012	-338.0782	-92.88256	-1989.754	-507.4733	-167.9716	90.03564	146.2633	-17.08185	93.95018	-5.338078	-17.08185	-30.60498	-156.2278	-31.6726	-4.270463	-6.049822	-6.049822	-17.43772	-4.626335	-8.185054	-5.338078	-17.08185	-4.626335	-8.185054
21.28	-12.81139	-685.3594	-460.2988	61.92175	-92.88256	-1089.754	92.52673	-67.97156	90.03564	146.2633	-17.08185	-6.049822	-5.338078	-17.08185	-30.60498	143.7722	-31.6726	-4.270463	-6.049822	-6.049822	-17.43772	-4.626335	-8.185054	-5.338078	-17.08185	-4.626335	-8.185054
21.57	87.18861	414.6406	539.7012	461.9218	7.117439	-588.7544	192.5267	232.0284	190.0356	-53.73666	-17.08185	-6.049822	-5.338078	82.91815	69.39502	143.7722	-31.6726	-4.270463	-6.049822	-6.049822	-17.43772	-4.626335	-8.185054	-5.338078	82.91815	-4.626335	-8.185054
21.85	-12.81139	-1085.359	439.7012	361.9218	107.1174	-2189.754	92.52673	132.0284	90.03564	46.26334	-17.08185	-6.049822	-5.338078	-17.08185	169.395	443.7722	-31.6726	-4.270463	-6.049822	-6.049822	-17.43772	-4.626335	191.8149	-5.338078	-17.08185	-4.626335	191.8149
22.15	-12.81139	114.6406	-660.2988	-138.0782	7.117439	-1089.754	-307.4733	-67.97156	690.0356	-53.73666	-17.08185	-6.049822	-5.338078	-17.08185	-30.60498	-356.2278	-31.6726	-4.270463	-6.049822	-6.049822	82.56228	-4.626335	-8.185054	-5.338078	-17.08185	-4.626335	-8.185054
22.43	-12.81139	514.6406	-1061.299	-538.0782	7.117439	-88.75439	-407.4733	132.0284	-9.964355	46.26334	-17.08185	-6.049822	-5.338078	-17.08185	-130.605	143.7722	-31.6726	-4.270463	-6.049822	-6.049822	-17.43772	95.37366	-8.185054	-5.338078	-17.08185	95.37366	-8.185054
22.71	-12.81139	914.6406	-1361.299	-238.0782	7.117439	-88.75439	692.5267	532.0284	-109.9644	46.26334	-17.08185	-6.049822	-5.338078	-17.08185	8370.395	-156.2278	-31.6726	-4.270463	-6.049822	-6.049822	-17.43772	-4.626335	-8.185054	-5.338078	-17.08185	-4.626335	-8.185054
23	-12.81139	-85.35938	-60.29883	661.9218	7.117439	-1089.754	92.52673	-267.9716	-209.9644	46.26334	-17.08185	-6.049822	-5.338078	-17.08185	69.39502	-56.22775	-31.6726	-4.270463	-6.049822	-6.049822	-17.43772	-4.626335	-8.185054	-5.338078	-17.08185	-4.626335	-8.185054
23.28	-12.81139	614.6406	-460.2988	61.92175	-92.88256	-88.75439	292.5267	-67.97156	790.0356	46.26334	-17.08185	-6.049822	-5.338078	-17.08185	12472.39	-156.2278	-31.6726	-4.270463	-6.049822	-6.049822	-17.43772	-4.626335	-8.185054	-5.338078	-17.08185	-4.626335	-8.185054
23.57	-12.81139	1114.641	-761.2988	-138.0782	-92.88256	-1689.754	-107.4733	32.02844	-9.964355	46.26334	-17.08185	-6.049822	-5.338078	-17.08185	69.39502	-356.2278	68.3274	-4.270463	-6.049822	-6.049822	-17.43772	-4.626335	-8.185054	-5.338078	-17.08185	-4.626335	-8.185054
23.86	-12.81139	1014.641	-60.29883	-138.0782	107.1174	-388.7544	-407.4733	-167.9716	-9.964355	-53.73666	-17.08185	-6.049822	94.66192	-17.08185	69.39502	-356.2278	-31.6726	-4.270463	-6.049822	-6.049822	-17.43772	-4.626335	-8.185054	94.66192	-17.08185	-4.626335	-8.185054
24.15	-12.81139	614.6406	-160.2988	-238.0782	7.117439	-1889.754	-407.4733	-167.9716	-209.9644	46.26334	-17.08185	-6.049822	-5.338078	-17.08185	-30.60498	-256.2278	-31.6726	-4.270463	-6.049822	-6.049822	-17.43772	-4.626335	-8.185054	-5.338078	-17.08185	-4.626335	-8.185054
24.43	87.18861	414.6406	-1461.299	761.9218	107.1174	-488.7544	-807.4733	-67.97156	190.0356	-53.73666	-17.08185	-6.049822	-5.338078	-17.08185	369.395	-256.2278	68.3274	-4.270463	-6.049822	-6.049822	-17.43772	-4.626335	-8.185054	-5.338078	-17.08185	-4.626335	-8.185054
24.72	-12.81139	914.6406	-160.2988	-138.0782	7.117439	-889.7544	-7.473267	-367.9716	290.0356	-53.73666	-17.08185	-6.049822	-5.338078	-17.08185	-130.605	143.7722	-31.6726	-4.270463	-6.049822	-6.049822	-17.43772	-4.626335	-8.185054	-5.338078	-17.08185	-4.626335	-8.185054
25	-12.81139	-985.3594	-660.2988	-438.0782	7.117439	-1589.754	-7.473267	432.0284	190.0356	-53.73666	-17.08185	-6.049822	-5.338078	-17.08185	69.39502	-156.2278	68.3274	-4.270463	-6.049822	-6.049822	-17.43772	-4.626335	-8.185054	-5.338078	-17.08185	-4.626335	-8.185054
25.29	-12.81139	414.6406	-260.2988	-38.07825	-92.88256	-2189.754	-207.4733	-367.9716	490.0356	-53.73666	-17.08185	-6.049822	-5.338078	-17.08185	-130.605	43.77225	-31.6726	-4.270463	-6.049822	-6.049822	-17.43772	-4.626335	-8.185054	-5.338078	-17.08185	-4.626335	-8.185054
25.57	-12.81139	814.6406	839.7012	461.9218	107.1174	-889.7544	92.52673	432.0284	590.0356	-53.73666	-17.08185	-6.049822	-5.338078	-17.08185	-130.605	143.7722	-31.6726	-4.270463	-6.049822	-6.049822	-17.43772	-4.626335	-8.185054	-5.338078	-17.08185	-4.626335	-8.185054
25.86	-12.81139	-785.3594	439.7012	-538.0782	7.117439	-1089.754	-7.473267	-167.9716	-309.9644	-53.73666	82.91815	-6.049822	-5.338078	-17.08185	-30.60498	343.7722	68.3274	-4.270463	-6.049822	-6.049822	-17.43772	-4.626335	-8.185054	-5.338078	-17.08185	-4.626335	-8.185054
26.14	-12.81139	614.6406	639.7012	61.92175	-92.88256	-1089.754	192.5267	132.0284	90.03564	-53.73666	-17.08185	-6.049822	94.66192	-17.08185	269.395	-256.2278	-31.6726	-4.270463	-6.049822	-6.049822	-17.43772	-4.626335	-8.185054	94.66192	-17.08185	-4.626335	-8.185054
26.43	-12.81139	114.6406	639.7012	-138.0782	7.117439	-789.7544	-1107.473	432.0284	-409.9644	-53.73666	-17.08185	-6.049822	-5.338078	-17.08185	169.395	443.7722	-31.6726	-4.270463	-6.049822	-6.049822	-17.43772	-4.626335	-8.185054	-5.338078	-17.08185	-4.626335	-8.185054
26.71	-12.81139	1014.641	139.7012	-138.0782	7.117439	11.24561	-307.4733	-367.9716	490.0356	46.26334	82.91815	-6.049822	-5.338078	-17.08185	-30.60498	-256.2278	68.3274	-4.270463	-6.049822	-6.049822	82.56228	-4.626335	-8.185054	-5.338078	-17.08185	-4.626335	-8.185054
26.99	-12.81139	314.6406	239.7012	-238.0782	-92.88256	-288.7544	92.52673	-167.9716	-9.964355	-53.73666	-17.08185	-6.049822	-5.338078	-17.08185	269.395	36370.77	-31.6726	-4.270463	-6.049822	-6.049822	-17.43772	-4.626335	-8.185054	-5.338078	-17.08185	-4.626335	-8.185054
27.28	-12.81139	-385.3594	-1061.299	-438.0782	107.1174	-989.7544	292.5267	-167.9716	-9.964355	-53.73666	-17.08185	-6.049822	-5.338078	-17.08185	-30.60498	243.7722	68.3274	-4.270463	93.95018	-6.049822	-17.43772	-4.626335	-8.185054	-5.338078	-17.08185	-4.626335	-8.185054
27.56	-12.81139	-185.3594	-460.2988	-38.07825	107.1174	-1689.754	-707.4733	-367.9716	190.0356	146.2633	-17.08185	-6.049822	-5.338078	82.91815	169.395	-56.22775	-31.6726	-4.270463	-6.049822	-6.049822	-17.43772	-4.626335	-8.185054	-5.338078	82.91815	-4.626335	-8.185054
27.85	-12.81139	414.6406	-260.2988	161.9218	207.1174	-1489.754	-507.4733	32.02844	390.0356	-53.73666	-17.08185	93.95018	-5.338078	-17.08185	69.39502	-256.2278	-31.6726	-4.270463	-6.049822	-6.049822	-17.43772	-4.626335	-8.185054	-5.338078	-17.08185	-4.626335	-8.185054
28.13	-12.81139	414.6406	-1361.299	161.9218	7.117439	-889.7544	-307.4733	632.0284	-1009.964	46.26334	-17.08185	-6.049822	-5.338078	-17.08185	-130.605	343.7722	-31.6726	95.72954	-6.049822	93.95018	-17.43772	-4.626335	91.81495	-5.338078	-17.08185	-4.626335	91.81495
28.42	-12.81139	-485.3594	-660.2988	-438.0782	7.117439	-689.7544	-107.4733	732.0284	-709.9644	-53.73666	-17.08185	-6.049822	-5.338078	-17.08185	8370.395	43.77225	-31.6726	-4.270463	-6.049822	-6.049822	82.56228	-4.626335	-8.185054	-5.338078	-17.08185	-4.626335	-8.185054
28.7	-12.81139	1614.641	-460.2988	761.9218	7.117439	111.2456	-307.4733	232.0284	-9.964355	-53.73666	-17.08185	93.95018	-5.338078	82.91815	269.395	-156.2278	-31.6726	-4.270463	-6.049822	-6.049822	82.56228	-4.626335	-8.185054	-5.338078	82.91815	-4.626335	-8.185054
28.99	-12.81139	714.6406	-60.29883	61.92175	7.117439	-1489.754	292.5267	232.0284	290.0356	146.2633	-17.08185	-6.049822	-5.338078	-17.08185	69.39502	143.7722	-31.6726	-4.270463	-6.049822	-6.049822	-17.43772	-4.626335	-8.185054	-5.338078	-17.08185	-4.626335	-8.185054
29.27	-12.81139	-885.3594	-260.2988	461.9218	107.1174	-889.7544	-407.4733	-267.9716	-109.9644	46.26334	-17.08185	-6.049822	-5.338078	-17.08185	69.39502	43.77225	68.3274	-4.270463	-6.049822	-6.049822	82.56228	-4.626335	-8.185054	-5.338078	-17.08185	-4.626335	-8.185054
29.56	-12.81139	1014.641	339.7012	61.92175	-92.88256	-2489.754	92.52673	-167.9716	990.0356	46.26334	-17.08185	-6.049822	-5.338078	-17.08185	-30.60498	43.77225	-31.6726	-4.270463	-6.049822	-6.049822	-17.43772	-4.626335	-8.185054	-5.338078	-17.08185	-4.626335	-8.185054
29.84	87.18861	-685.3594	39.70117	261.9218	7.117439	-1089.754	92.52673	132.0284	190.0356	46.26334	-17.08185	-6.049822	-5.338078	-17.08185	69.39502	143.7722	-31.6726	-4.270463	93.95018	-6.049822	-17.43772	-4.626335	-8.185054	-5.338078	-17.08185	-4.626335	-8.185054
30.13	-12.81139	214.6406	-1461.299	-838.0782	7.117439	-1089.754	192.5267	32.02844	-309.9644	-53.73666	-17.08185	-6.049822	-5.338078	-17.08185	-30.60498	243.7722	68.3274	-4.270463	-6.049822	-6.049822	-17.43772	-4.626335	-8.185054	-5.338078	-17.08185	-4.626335	-8.185054
30.41	-12.81139	914.6406	839.7012	-38.07825	107.1174	-588.7544	-607.4733	632.0284	90.03564	-53.73666	82.91815	-6.049822	-5.338078	-17.08185	69.39502	-56.22775	-31.6726	-4.270463	-6.049822	-6.049822	-17.43772	-4.626335	-8.185054	-5.338078	-17.08185	-4.626335	-8.185054
30.7	-12.81139	-185.3594	-961.2988	-338.0782	7.117439	-1389.754	192.5267	-167.9716	190.0356	46.26334	-17.08185	-6.049822	-5.338078	-17.08185	-130.605	-256.2278	-31.6726	-4.270463	-6.049822	-6.049822	-17.43772	-4.626335	91.81495	-5.338078	-17.08185	-4.626335	91.81495
30.98	-12.81139	-785.3594	-1061.299	-138.0782	107.1174	-1589.754	-407.4733	-267.9716	-109.9644	-53.73666	-17.08185	-6.049822	-5.338078	-17.08185	-30.60498	-156.2278	-31.6726	-4.270463	-6.049822	-6.049822	-17.43772	-4.626335	91.81495	-5.338078	-17.08185	-4.626335	91.81495
31.27	-12.81139	14.64062	-861.2988	561.9218	107.1174	11.24561	-507.4733	-67.97156	190.0356	-53.73666	-17.08185	-6.049822	-5.338078	82.91815	69.39502	51096.77	-31.6726	-4.270463	-6.049822	-6.049822	-17.43772	-4.626335	-8.185054	-5.338078	82.91815	-4.626335	-8.185054
31.55	-12.81139	-485.3594	-260.2988	-138.0782	-92.88256	211.2456	592.5267	32.02844	-409.9644	46.26334	-17.08185	393.9502	-5.338078	-17.08185	4369.395	5244.772	-31.6726	-4.270463	93.95018	-6.049822	282.5623	-4.626335	-8.185054	-5.338078	-17.08185	-4.626335	-8.185054
31.84	-12.81139	752870.6	-1561.299	261.9218	207.1174	20023.25	104518.5	332.0284	-609.9644	546.2634	1282.918	93.95018	94.66192	-17.08185	22379.39	66232.77	68.3274	-4.270463	493.9502	293.9502	982.5623	-4.626335	291.8149	94.66192	-17.08185	-4.626335	291.8149
32.12	87.18861		-1061.299	961.9218	707.1174	44059.25	211398.5	-167.9716	-409.9644	2646.263	3182.918	1193.95	94.66192	-17.08185	31289.39	101550.8	-31.6726	95.72954	193.9502	493.9502	2482.562	95.37366	991.8149	94.66192	-17.08185	95.37366	991.8149
32.41	187.1886		-560.2988	761.9218	907.1174	55685.25	320457.5	-267.9716	-109.9644	3746.263	4082.918	993.9502	-5.338078	-17.08185	45511.39	137120.8	-31.6726	195.7295	193.9502	93.95018	982.5623	-4.626335	891.8149	-5.338078	-17.08185	-4.626335	891.8149
32.69	287.1886		639.7012	2061.922	807.1174	76144.24	358167.5	-567.9716	90.03564	2146.263	6183.918	893.9502	-5.338078	82.91815	39601.39	108379.8	168.3274	-4.270463	493.9502	193.9502	1682.562	-4.626335	491.8149	-5.338078	82.91815	-4.626335	491.8149
32.98	587.1886		439.7012	1161.922	907.1174	85677.24	453197.5	32.02844	590.0356	4046.263	3382.918	1193.95	94.66192	-17.08185	40302.39	177876.8	168.3274	95.72954	893.9502	193.9502	1582.562	195.3737	1091.815	94.66192	-17.08185	195.3737	1091.815
33.27	387.1886		2439.701	761.9218	807.1174	94912.24	448375.5	-367.9716	290.0356	4246.263	6083.918	793.9502	-5.338078	82.91815	57435.39	110689.8	-31.6726	195.7295	193.9502	593.9502	2082.562	295.3737	891.8149	-5.338078	82.91815	295.3737	891.8149
33.56	387.1886		2139.701	561.9218	1407.117	114197.2	572005.5	-67.97156	290.0356	4046.263	6483.918	893.9502	-5.338078	-17.08185	59540.39	495112.8	-31.6726	395.7295	193.9502	93.95018	1682.562	195.3737	391.8149	-5.338078	-17.08185	195.3737	391.8149
33.86	387.1886		1439.701	1761.922	1507.117	111685.2	604662.5	-67.97156	490.0356	3046.263	5683.918	793.9502	-5.338078	-17.08185	112671.4	135310.8	68.3274	195.7295	493.9502	393.9502	1082.562	195.3737	591.8149	-5.338078	-17.08185	195.3737	591.8149
34.15	387.1886		2940.701	1361.922	907.1174	112087.2	568117.5	-267.9716	590.0356	4946.263	7583.918	1293.95	-5.338078	182.9182	28069.39	112887.8	-31.6726	195.7295	193.9502	193.9502	1282.562	95.37366	691.8149	-5.338078	182.9182	95.37366	691.8149
34.44	187.1886		2739.701	1161.922	807.1174	110580.2	597595.5	-167.9716	-9.964355	5147.263	6483.918	393.9502	94.66192	-17.08185	75082.4	118123.8	-31.6726	695.7296	993.9502	393.9502	982.5623	95.37366	591.8149	94.66192	-17.08185	95.37366	591.8149
34.72	287.1886		2039.701	1561.922	607.1174	112891.2	508245.5	-567.9716	-9.964355	5247.263	6483.918	1393.95	-5.338078	-17.08185	45611.39	122745.8	68.3274	95.72954	493.9502	393.9502	1482.562	295.3737	591.8149	-5.338078	-17.08185	295.3737	591.8149
35.01	-12.81139		1639.701	1461.922	707.1174	110680.2	514062.5	32.02844	490.0356	4246.263	6583.918	1793.95	-5.338078	82.91815	79696.4	134506.8	68.3274	295.7295	493.9502	293.9502	1382.562	-4.626335	691.8149	-5.338078	82.91815	-4.626335	691.8149
35.29	387.1886		2039.701	1361.922	607.1174	102443.2	551654.5	132.0284	-9.964355	4046.263	5483.918	593.9502	-5.338078	-17.08185	65856.4	438483.8	-31.6726	95.72954	293.9502	193.9502	1682.562	-4.626335	591.8149	-5.338078	-17.08185	-4.626335	591.8149
35.58	187.1886		2239.701	1561.922	807.1174	106160.2	528663.5	132.0284	-9.964355	4846.263	8784.918	1793.95	-5.338078	82.91815	105492.4	226134.8	-31.6726	195.7295	393.9502	193.9502	1182.562	95.37366	791.8149	-5.338078	82.91815	95.37366	791.8149
35.87	387.1886		1839.701	961.9218	1207.117	113594.2	472076.5	232.0284	690.0356	5047.263	7783.918	1493.95	94.66192	-17.08185	142072.4	219102.8	-31.6726	495.7295	993.9502	93.95018	2082.562	95.37366	891.8149	94.66192	-17.08185	95.37366	891.8149
36.16	387.1886		1139.701	1861.922	1007.117	119121.2	600872.5	32.02844	-9.964355	5247.263	7383.918	1293.95	-5.338078	-17.08185	92340.4	1075607	68.3274	95.72954	93.95018	193.9502	1282.562	-4.626335	891.8149	-5.338078	-17.08185	-4.626335	891.8149
36.45	987.1886		539.7012	1961.922	707.1174	121332.2	578042.5	32.02844	90.03564	5747.263	6883.918	893.9502	94.66192	82.91815	160483.4	396012.8	68.3274	95.72954	493.9502	93.95018	1782.562	-4.626335	691.8149	94.66192	82.91815	-4.626335	691.8149
36.73	487.1886		2139.701	1561.922	1607.117	128469.2	608760.5	132.0284	690.0356	5347.263	7583.918	1493.95	-5.338078	82.91815	492679.4	1295164	168.3274	-4.270463	393.9502	293.9502	2782.562	95.37366	691.8149	-5.338078	82.91815	95.37366	691.8149
37.02	187.1886		3740.701	2361.922	1807.117	123945.2	558810.5	632.0284	390.0356	4546.263	10184.92	1193.95	94.66192	82.91815	6901520	1.627305e+07	-31.6726	195.7295	393.9502	793.9502	4982.562	295.3737	391.8149	94.66192	82.91815	295.3737	391.8149
37.3	1387.189		1039.701	2361.922	2207.117	143755.2	553085.5	632.0284	1690.036	6647.263	12685.92	1293.95	-5.338078	-17.08185	2.310062e+07	6.50552e+07	168.3274	195.7295	493.9502	1493.95	6383.562	-4.626335	991.8149	-5.338078	-17.08185	-4.626335	991.8149
37.59	2887.189		2039.701	4762.922	7608.118	127162.2	579781.5	232.0284	990.0356	6747.263	17188.92	1393.95	-5.338078	82.91815	4.462506e+07	1.185641e+08	-31.6726	1095.729	493.9502	1893.95	10584.56	95.37366	991.8149	-5.338078	82.91815	95.37366	991.8149
37.88	2387.189		2439.701	7663.922	10909.12	99631.24	427142.5	932.0284	1490.036	7347.263	19189.92	1393.95	-5.338078	182.9182	5.599511e+07	1.32163e+08	168.3274	1495.729	193.9502	2593.95	9284.562	295.3737	991.8149	-5.338078	182.9182	295.3737	991.8149
38.16	3487.189		2239.701	11064.92	13311.12	78351.24	343968.5	532.0284	1690.036	6447.263	18889.92	1193.95	-5.338078	82.91815	6.89253e+07	1.902458e+08	368.3274	795.7296	293.9502	4093.95	9684.562	-4.626335	291.8149	-5.338078	82.91815	-4.626335	291.8149
38.45	4387.188		3440.701	13765.92	12110.12	55585.25	276635.5	1932.028	2890.036	6147.263	25795.92	593.9502	94.66192	882.9182	8.845966e+07	2.343131e+08	368.3274	495.7295	193.9502	5894.95	7183.562	-4.626335	391.8149	94.66192	882.9182	-4.626335	391.8149
38.73	3687.189	4477174	2039.701	18469.92	9109.117	45162.25	212709.5	2232.028	3290.036	9048.264	28498.92	493.9502	-5.338078	482.9182	9.460878e+07	2.3231e+08	568.3274	795.7296	493.9502	6294.95	10784.56	95.37366	991.8149	-5.338078	482.9182	95.37366	991.8149
39.02	2787.189	3432742	3140.701	28278.92	10709.12	32940.25	189623.5	2932.028	3691.036	9948.264	30000.92	93.95018	-5.338078	882.9182	1.134401e+08	3.164489e+08	1768.327	595.7296	193.9502	12596.95	9484.562	-4.626335	1391.815	-5.338078	882.9182	-4.626335	1391.815
39.31	2287.189	2696203	3740.701	45905.92	8308.117	32139.25	154882.5	3432.028	3791.036	14951.26	34105.92	193.9502	-5.338078	1582.918	1.150418e+08	3.024248e+08	2468.327	895.7296	393.9502	19501.95	11585.56	-4.626335	1291.815	-5.338078	1582.918	-4.626335	1291.815
39.59	2387.189	2374756	2839.701	60436.92	5108.118	25029.25	128029.5	2032.028	2890.036	15651.26	32503.92	493.9502	-5.338078	1382.918	1.196761e+08	3.104385e+08	2268.327	1295.729	293.9502	27608.95	10584.56	-4.626335	1991.815	-5.338078	1382.918	-4.626335	1991.815
39.88	1187.189	1942422	2339.701	81196.92	3707.117	21925.25	114060.5	2632.028	2890.036	17252.26	42919.92	393.9502	-5.338078	2082.918	1.288604e+08	3.304735e+08	3268.327	895.7296	493.9502	40926.95	9784.562	-4.626335	2891.815	-5.338078	2082.918	-4.626335	2891.815
40.16	1487.189	1679718	5240.701	91331.92	5908.118	18221.25	102409.5	2032.028	4191.036	24358.26	41617.92	393.9502	-5.338078	2682.918	1.340397e+08	3.745531e+08	2968.327	1295.729	93.95018	55154.95	9684.562	-4.626335	3491.815	-5.338078	2682.918	-4.626335	3491.815
40.45	1487.189	1157909	3640.701	101672.9	6908.118	18822.25	111348.5	2332.028	2490.036	24758.26	46625.92	993.9502	-5.338078	3282.918	1.212888e+08	3.645347e+08	4168.328	1195.729	193.9502	63875.95	9584.562	195.3737	3691.815	-5.338078	3282.918	195.3737	3691.815
40.74	1287.189	1047363	5340.701	109605.9	7408.118	13617.25	92470.52	2632.028	3290.036	25960.26	53239.92	593.9502	-5.338078	1882.918	1.293868e+08	3.705457e+08	5769.328	1595.729	293.9502	67484.95	10184.56	195.3737	5292.815	-5.338078	1882.918	195.3737	5292.815
41.02	887.1886	900986.6	5541.701	122767.9	8108.118	11516.25	86950.52	2432.028	2490.036	26660.26	58250.92	693.9502	-5.338078	2382.918	1.317125e+08	3.2847e+08	5169.328	1095.729	393.9502	84837.95	9984.562	-4.626335	5492.815	-5.338078	2382.918	-4.626335	5492.815
41.31	1887.189	819431.6	3740.701	120455.9	8609.117	11116.25	92871.52	2732.028	2890.036	31866.26	61057.92	593.9502	-5.338078	3382.918	1.308347e+08	3.805643e+08	4068.327	2195.729	93.95018	83833.95	11585.56	-4.626335	5092.815	-5.338078	3382.918	-4.626335	5092.815
41.6	1987.189	585436.6	3540.701	130707.9	10309.12	8414.246	74208.52	3532.028	3691.036	33468.26	57749.92	593.9502	-5.338078	3282.918	1.303227e+08	3.725494e+08	5869.328	1695.729	-6.049822	96680.95	8984.562	-4.626335	4391.815	-5.338078	3282.918	-4.626335	4391.815
41.88	2687.189	582672.6	3640.701	148406.9	9109.117	7714.246	83538.52	3132.028	3390.036	37274.26	79809.92	893.9502	-5.338078	2882.918	1.332638e+08	3.745531e+08	5069.328	1895.729	-6.049822	106621	11485.56	-4.626335	5892.815	-5.338078	2882.918	-4.626335	5892.815
42.17	3487.189	521733.6	4040.701	157663.9	9509.117	4912.246	69494.52	3532.028	2790.036	32567.26	76399.92	793.9502	-5.338078	3682.918	1.344936e+08	3.084351e+08	5069.328	2595.729	193.9502	98085.95	9584.562	-4.626335	4491.815	-5.338078	3682.918	-4.626335	4491.815
42.45	3687.189	599876.6	3740.701	164105.9	9209.117	6713.246	69293.52	3032.028	4491.036	36373.26	85829.92	993.9502	-5.338078	2782.918	1.37101e+08	3.364841e+08	3968.327	4095.729	193.9502	103709	10184.56	-4.626335	5092.815	-5.338078	2782.918	-4.626335	5092.815
42.74	3687.189	337259.6	3240.701	164205.9	8609.117	4012.246	68792.52	2032.028	2790.036	37274.26	84023.92	593.9502	94.66192	2582.918	1.338347e+08	3.485056e+08	3768.327	3295.729	193.9502	93367.95	9184.562	-4.626335	4091.815	94.66192	2582.918	-4.626335	4091.815
43.03	5188.188	243556.6	3040.701	154342.9	16312.12	4912.246	52251.53	1932.028	3991.036	31866.26	73891.92	1493.95	194.6619	2682.918	1.341861e+08	3.62531e+08	3168.327	3795.729	293.9502	87145.95	13886.56	-4.626335	4091.815	194.6619	2682.918	-4.626335	4091.815
43.31	7388.188	285406.6	3840.701	132416.9	20015.12	2411.246	48643.53	2132.028	3190.036	26060.26	70782.92	1093.95	-5.338078	2582.918	1.550959e+08	3.885793e+08	2568.327	3795.729	193.9502	71997.95	11185.56	-4.626335	3591.815	-5.338078	2582.918	-4.626335	3591.815
43.6	8889.188	154227.6	4140.701	124877.9	25520.12	1111.246	42131.53	2832.028	4591.036	20454.26	66972.92	1293.95	-5.338078	1682.918	1.40957e+08	3.805643e+08	2468.327	3295.729	193.9502	61068.95	11385.56	-4.626335	1791.815	-5.338078	1682.918	-4.626335	1791.815
43.89	8789.188	165301.6	4940.701	130305.9	27422.12	2311.246	29512.53	2832.028	2690.036	20354.26	68375.92	1793.95	-5.338078	1382.918	1.34889e+08	3.585237e+08	1968.327	2395.729	293.9502	60566.95	8784.562	-4.626335	2391.815	-5.338078	1382.918	-4.626335	2391.815
44.17	7988.188	130688.6	3840.701	124174.9	23418.12	3012.246	26408.53	2932.028	2390.036	17952.26	72587.92	1293.95	-5.338078	2582.918	1.173116e+08	3.2847e+08	2168.327	3095.729	-6.049822	58962.95	11485.56	95.37366	691.8149	-5.338078	2582.918	95.37366	691.8149
44.46	9189.188	144366.6	5240.701	116738.9	19615.12	511.2456	27710.53	2732.028	3691.036	16451.26	72387.92	1293.95	-5.338078	2482.918	1.30118e+08	3.044282e+08	1668.327	3095.729	193.9502	62471.95	10684.56	-4.626335	1791.815	-5.338078	2482.918	-4.626335	1791.815
44.74	6688.188	100240.6	4540.701	114929.9	17213.12	611.2456	26909.53	2932.028	3891.036	16952.26	74292.92	1493.95	-5.338078	3382.918	1.306884e+08	3.204559e+08	1868.327	1995.729	93.95018	82529.95	9684.562	-4.626335	2891.815	-5.338078	3382.918	-4.626335	2891.815
45.03	5188.188	60302.64	1639.701	108400.9	11310.12	3212.246	25607.53	2732.028	2490.036	21956.26	80311.92	893.9502	-5.338078	3682.918	1.377752e+08	3.224594e+08	2068.327	2995.729	93.95018	123900	12085.56	-4.626335	3891.815	-5.338078	3682.918	-4.626335	3891.815
45.32	5988.188	63912.64	2839.701	97957.92	9609.117	2311.246	32516.53	3232.028	3190.036	26760.26	71083.92	793.9502	-5.338078	2882.918	1.335273e+08	3.505092e+08	2468.327	2795.729	-6.049822	177421	11585.56	-4.626335	3391.815	-5.338078	2882.918	-4.626335	3391.815
45.6	6888.188	75447.64	4140.701	97856.92	6808.118	1211.246	37924.53	2532.028	3491.036	35471.26	76599.92	693.9502	-5.338078	2582.918	1.292432e+08	3.68542e+08	2568.327	2595.729	93.95018	234388	10284.56	-4.626335	3991.815	-5.338078	2582.918	-4.626335	3991.815
45.89	9189.188	119831.6	3440.701	91934.92	6708.118	-789.7544	44535.53	2632.028	2390.036	39477.26	67974.92	993.9502	-5.338078	4882.918	1.366468e+08	3.32477e+08	2768.327	2695.729	93.95018	226717	11385.56	-4.626335	4891.815	-5.338078	4882.918	-4.626335	4891.815
46.17	14491.19	119127.6	5641.701	94343.92	6508.118	11.24561	54355.53	3632.028	4791.036	42182.26	81515.92	893.9502	-5.338078	3982.918	1.491297e+08	3.665384e+08	3768.327	2395.729	-6.049822	237517	12585.56	-4.626335	5192.815	-5.338078	3982.918	-4.626335	5192.815
46.46	19595.19	88091.64	3540.701	91331.92	6208.118	411.2456	40328.53	2932.028	4491.036	38976.26	67573.92	593.9502	-5.338078	4182.918	1.300741e+08	3.444984e+08	2168.327	2895.729	93.95018	203418	11785.56	-4.626335	3091.815	-5.338078	4182.918	-4.626335	3091.815
46.75	22797.19	57194.64	1739.701	81999.92	6808.118	11.24561	42431.53	2532.028	4191.036	42482.26	67573.92	793.9502	-5.338078	3182.918	1.15323e+08	3.865756e+08	2968.327	1995.729	-6.049822	172386	11785.56	95.37366	4891.815	-5.338078	3182.918	95.37366	4891.815
47.03	26501.19	55590.64	3440.701	89826.92	8709.117	1211.246	43032.53	1932.028	3591.036	45588.26	70983.92	1093.95	-5.338078	5683.918	1.369691e+08	3.605274e+08	3468.327	2695.729	293.9502	144712	11785.56	-4.626335	4591.815	-5.338078	5683.918	-4.626335	4591.815
47.32	27302.19	43663.64	3640.701	88019.92	7708.118	-188.7544	40628.53	2232.028	4091.036	39177.26	63262.92	293.9502	-5.338078	2982.918	1.340397e+08	3.424948e+08	2868.327	2295.729	-6.049822	114154	11485.56	-4.626335	3691.815	-5.338078	2982.918	-4.626335	3691.815
47.6	29705.19	36850.64	4340.701	73773.92	8809.117	-1289.754	43333.53	1732.028	3591.036	39477.26	64866.92	893.9502	94.66192	4082.918	1.449787e+08	4.086173e+08	3368.327	1695.729	93.95018	106119	11285.56	-4.626335	4191.815	94.66192	4082.918	-4.626335	4191.815
47.89	33409.19	28237.64	1939.701	70062.92	12310.12	11.24561	48543.53	1932.028	3991.036	32467.26	65468.92	393.9502	-5.338078	4082.918	1.212888e+08	3.645347e+08	3768.327	3095.729	193.9502	81124.95	12785.56	-4.626335	4391.815	-5.338078	4082.918	-4.626335	4391.815
48.17	29004.19	33044.64	4640.701	63544.92	11710.12	11.24561	44836.53	2432.028	3190.036	34470.26	67272.92	893.9502	-5.338078	6083.918	1.409423e+08	3.945906e+08	3568.327	1695.729	293.9502	78416.95	9984.562	-4.626335	3291.815	-5.338078	6083.918	-4.626335	3291.815
48.46	32408.19	27536.64	4340.701	62742.92	16713.12	-288.7544	42932.53	2032.028	4191.036	30264.26	57248.92	593.9502	-5.338078	4682.918	1.346547e+08	3.585237e+08	3468.327	1695.729	-6.049822	74002.95	11485.56	-4.626335	4291.815	-5.338078	4682.918	-4.626335	4291.815
48.75	36814.19	31742.64	2940.701	64848.92	21717.12	11.24561	44635.53	2432.028	3791.036	27661.26	58751.92	593.9502	-5.338078	4982.918	1.319173e+08	3.645347e+08	2068.327	1295.729	93.95018	76309.95	10484.56	-4.626335	3791.815	-5.338078	4982.918	-4.626335	3791.815
49.03	33910.19	27836.64	3440.701	62943.92	29024.12	411.2456	43032.53	2832.028	2990.036	29063.26	67874.92	793.9502	-5.338078	3382.918	1.400916e+08	3.785605e+08	2868.327	1795.729	193.9502	235296	9684.562	-4.626335	3591.815	-5.338078	3382.918	-4.626335	3591.815
49.32	37115.19	20527.64	3540.701	64346.92	32628.12	-989.7544	44034.53	2432.028	4191.036	27862.26	66170.92	1593.95	-5.338078	3082.918	1.41175e+08	4.266523e+08	3068.327	1495.729	-6.049822	369910.9	10384.56	-4.626335	4991.815	-5.338078	3082.918	-4.626335	4991.815
49.61	45128.19	30540.64	4940.701	58532.92	41642.12	911.2456	38925.53	2632.028	4491.036	26460.26	64365.92	2293.95	-5.338078	2382.918	1.341568e+08	4.00602e+08	3668.327	2795.729	293.9502	568995.9	9684.562	-4.626335	3391.815	-5.338078	2382.918	-4.626335	3391.815
49.89	42022.19	26935.64	4440.701	51216.92	40941.12	411.2456	32816.53	2532.028	3090.036	22056.26	74192.92	4193.95	-5.338078	2582.918	1.386253e+08	4.166328e+08	2368.327	2395.729	93.95018	875147.9	12485.56	-4.626335	5392.815	-5.338078	2582.918	-4.626335	5392.815
50.18	38617.19	25333.64	3140.701	43501.92	45549.12	911.2456	32416.53	3232.028	4091.036	18253.26	73189.92	5094.95	-5.338078	2182.918	1.411624e+08	3.605274e+08	2668.327	2395.729	93.95018	943985.9	10684.56	95.37366	4591.815	-5.338078	2182.918	95.37366	4591.815
50.46	32809.19	27236.64	2139.701	39794.92	38637.12	1611.246	30613.53	2932.028	2290.036	16251.26	71183.92	6894.95	-5.338078	3282.918	1.434223e+08	3.985982e+08	2968.327	2195.729	-6.049822	962678.9	12385.56	95.37366	4991.815	-5.338078	3282.918	95.37366	4991.815
50.75	34711.19	27336.64	4540.701	37591.92	29424.12	1511.246	36722.53	1832.028	2590.036	19654.26	61858.92	5394.95	-5.338078	2682.918	1.292432e+08	3.68542e+08	4868.328	1495.729	-6.049822	766259.9	13386.56	-4.626335	5792.815	-5.338078	2682.918	-4.626335	5792.815
51.03	32007.19	62408.64	5941.701	34186.92	23618.12	2011.246	37423.53	2632.028	2790.036	19153.26	58851.92	5294.95	-5.338078	3682.918	1.376139e+08	3.965944e+08	3968.327	1295.729	-6.049822	572269.9	10984.56	-4.626335	4891.815	-5.338078	3682.918	-4.626335	4891.815
51.32	25300.19	39756.64	2940.701	39494.92	23218.12	911.2456	36321.53	2332.028	3491.036	21155.26	58651.92	3293.95	-5.338078	3682.918	1.292432e+08	4.206406e+08	4168.328	1295.729	93.95018	433825.9	13085.56	-4.626335	5492.815	-5.338078	3682.918	-4.626335	5492.815
51.61	22897.19	32744.64	3240.701	44502.92	21817.12	-488.7544	43433.53	2732.028	4191.036	24058.26	56646.92	1593.95	-5.338078	4582.918	1.52079e+08	4.166328e+08	3168.327	1895.729	-6.049822	338469.9	11385.56	-4.626335	6092.815	-5.338078	4582.918	-4.626335	6092.815
51.89	25300.19	24332.64	4040.701	48710.92	21116.12	1311.246	43734.53	2432.028	3390.036	25859.26	55243.92	2293.95	-5.338078	4482.918	1.468002e+08	4.206406e+08	4968.328	1495.729	93.95018	248725	10384.56	-4.626335	5192.815	-5.338078	4482.918	-4.626335	5192.815
52.18	26901.19	18926.64	4140.701	45204.92	20015.12	-989.7544	43633.53	3132.028	1790.036	27661.26	62159.92	2793.95	-5.338078	3782.918	1.212888e+08	3.62531e+08	5069.328	1195.729	-6.049822	199890	12685.56	-4.626335	4491.815	-5.338078	3782.918	-4.626335	4491.815
52.47	27002.19	35248.64	4840.701	54924.92	22817.12	2011.246	42331.53	2232.028	3791.036	24858.26	58751.92	1193.95	-5.338078	4482.918	1.401649e+08	3.805643e+08	3068.327	1995.729	293.9502	170574	10684.56	-4.626335	4191.815	-5.338078	4482.918	-4.626335	4191.815
52.75	23398.19	21028.64	3440.701	46406.92	20315.12	611.2456	44735.53	2732.028	2390.036	25459.26	58551.92	1593.95	-5.338078	3582.918	1.396663e+08	3.384877e+08	3668.327	995.7296	-6.049822	139180	10984.56	-4.626335	3391.815	-5.338078	3582.918	-4.626335	3391.815
53.04	23999.19	18325.64	2839.701	46005.92	24319.12	-88.75439	45637.53	3032.028	4691.036	27461.26	54141.92	2193.95	-5.338078	4582.918	1.406636e+08	3.965944e+08	4168.328	1395.729	293.9502	142097	11785.56	-4.626335	5692.815	-5.338078	4582.918	-4.626335	5692.815
53.32	27002.19	67121.64	5641.701	48109.92	28023.12	1811.246	42031.53	2732.028	3190.036	26460.26	58851.92	1393.95	-5.338078	4482.918	1.25266e+08	3.765569e+08	3368.327	1395.729	193.9502	176716	8583.562	-4.626335	4891.815	-5.338078	4482.918	-4.626335	4891.815
53.61	25600.19	38353.64	2339.701	52819.92	26321.12	1811.246	41630.53	2232.028	4891.036	24458.26	63864.92	2693.95	-5.338078	4682.918	1.32049e+08	3.965944e+08	2668.327	2295.729	93.95018	302107.9	11785.56	-4.626335	4591.815	-5.338078	4682.918	-4.626335	4591.815
53.9	33710.19	20227.64	3340.701	55625.92	29625.12	2711.246	36922.53	1832.028	2490.036	19454.26	64766.92	6694.95	-5.338078	2582.918	1.297231e+08	3.525128e+08	4968.328	1895.729	193.9502	558973.9	8884.562	-4.626335	4491.815	-5.338078	2582.918	-4.626335	4491.815
54.18	34811.19	16624.64	3340.701	50614.92	37836.12	1711.246	30813.53	2732.028	3290.036	15751.26	68275.92	13497.95	-5.338078	2682.918	1.241266e+08	3.024248e+08	2968.327	2395.729	193.9502	777292.9	7883.562	-4.626335	6092.815	-5.338078	2682.918	-4.626335	6092.815
54.47	53544.19	41860.64	3640.701	52218.92	52663.12	2811.246	25907.53	1832.028	2990.036	16051.26	70381.92	19300.95	-5.338078	2182.918	1.25105e+08	3.024248e+08	2068.327	2595.729	293.9502	887678.9	10084.56	95.37366	6592.815	-5.338078	2182.918	95.37366	6592.815
54.76	57854.19	15322.64	3640.701	60737.92	94987.12	3712.246	26208.53	2432.028	3791.036	14750.26	83822.92	26507.95	-5.338078	2782.918	1.294306e+08	3.68542e+08	2368.327	4195.729	593.9502	883431.9	13185.56	-4.626335	6992.815	-5.338078	2782.918	-4.626335	6992.815
55.04	77607.19	11619.64	5040.701	91231.92	147441.1	1411.246	20902.53	3132.028	4891.036	17252.26	88639.92	21102.95	-5.338078	2482.918	1.286704e+08	3.545164e+08	2868.327	3595.729	493.9502	764507.9	9884.562	95.37366	6692.815	-5.338078	2482.918	95.37366	6692.815
55.33	72191.19	12120.64	2339.701	118647.9	191639.1	911.2456	20402.53	2132.028	3691.036	20554.26	100885.9	24505.95	-5.338078	2782.918	1.550959e+08	3.925868e+08	4368.328	4295.729	593.9502	673032.9	10184.56	-4.626335	7492.815	-5.338078	2782.918	-4.626335	7492.815
55.61	74698.19	17625.64	2639.701	164004.9	227034.1	3512.246	21703.53	2532.028	3390.036	27461.26	106709.9	17399.95	-5.338078	2882.918	1.46668e+08	3.725494e+08	3068.327	4995.729	93.95018	567461.9	9584.562	95.37366	6992.815	-5.338078	2882.918	95.37366	6992.815
55.9	76203.19	10619.64	3140.701	162595.9	175119.1	3412.246	21703.53	2332.028	3090.036	25059.26	91148.92	13397.95	-5.338078	3582.918	1.295622e+08	3.565201e+08	3368.327	3795.729	393.9502	537408.9	7583.562	-4.626335	7592.815	-5.338078	3582.918	-4.626335	7592.815
56.19	55749.19	18125.64	2039.701	138248.9	145329.1	1311.246	19701.53	1432.028	2090.036	27661.26	82016.92	11796.95	-5.338078	2282.918	1.2077e+08	2.863977e+08	3068.327	2795.729	393.9502	552021.9	7083.562	-4.626335	7792.815	-5.338078	2282.918	-4.626335	7792.815
56.47	53244.19	54788.64	3240.701	139857.9	131452.1	2011.246	33517.53	1332.028	1990.036	32567.26	81916.92	11696.95	-5.338078	3982.918	1.160468e+08	3.064316e+08	2168.327	2395.729	493.9502	654038.9	5083.562	195.3737	6892.815	-5.338078	3982.918	195.3737	6892.815
56.76	63267.19	148089.6	3640.701	124978.9	130749.1	1511.246	24906.53	2332.028	2590.036	39778.26	74894.92	7694.95	-5.338078	1982.918	1.173436e+08	3.364841e+08	2668.327	1795.729	493.9502	700779.9	5083.562	195.3737	5192.815	-5.338078	1982.918	195.3737	5192.815
57.04	62966.19	86887.64	1739.701	119551.9	197182.1	1711.246	24506.53	2832.028	2690.036	34470.26	83822.92	7194.95	-5.338078	2482.918	1.257915e+08	3.264664e+08	2268.327	3495.729	193.9502	568791.9	3982.562	95.37366	6292.815	-5.338078	2482.918	95.37366	6292.815
57.33	80115.19	10919.64	2439.701	99463.92	319335.1	811.2456	24406.53	3332.028	1890.036	34971.26	89843.92	6994.95	-5.338078	2482.918	1.321368e+08	3.745531e+08	3368.327	2595.729	193.9502	430976.9	4582.562	-4.626335	6292.815	-5.338078	2482.918	-4.626335	6292.815
57.62	94365.19	27937.64	2539.701	92134.92	446663.1	2011.246	25006.53	2032.028	3390.036	29764.26	85026.92	6194.95	-5.338078	1482.918	1.31098e+08	3.545164e+08	2668.327	2995.729	193.9502	332895.9	6083.562	195.3737	6192.815	-5.338078	1482.918	195.3737	6192.815
57.9	120477.2	64012.64	3440.701	95447.92	630665.1	11.24561	20702.53	2432.028	4591.036	28763.26	98275.92	6394.95	-5.338078	2482.918	1.193002e+08	3.785605e+08	2168.327	3595.729	493.9502	282278.9	6583.562	195.3737	5792.815	-5.338078	2482.918	195.3737	5792.815
58.19	130627.2	40457.64	1539.701	77183.92	688152.1	1211.246	19801.53	1932.028	1890.036	27261.26	83020.92	5894.95	-5.338078	1082.918	1.222436e+08	3.424948e+08	1968.327	3295.729	-6.049822	218949	6983.562	-4.626335	5792.815	-5.338078	1082.918	-4.626335	5792.815
58.47	134347.2	102148.6	2139.701	72268.92	781332.1	711.2456	21303.53	2832.028	2790.036	27761.26	97974.92	6094.95	-5.338078	1782.918	1.423215e+08	3.12442e+08	2168.327	3195.729	293.9502	186185	10284.56	195.3737	4291.815	-5.338078	1782.918	195.3737	4291.815
58.76	139978.2	41759.64	3240.701	70563.92	835853.1	-1089.754	21503.53	2532.028	4091.036	20955.26	98576.92	6294.95	-5.338078	782.9182	1.352844e+08	3.765569e+08	2068.327	3595.729	93.95018	153262	7283.562	-4.626335	5692.815	-5.338078	782.9182	-4.626335	5692.815
59.05	132135.2	104960.6	3840.701	65951.92	734339.1	3412.246	28010.53	2732.028	2590.036	19954.26	89944.92	5394.95	-5.338078	1282.918	1.380976e+08	3.525128e+08	2268.327	2995.729	93.95018	125810	9084.562	95.37366	4391.815	-5.338078	1282.918	95.37366	4391.815
59.33	119773.2	65817.64	3640.701	58732.92	601663.1	511.2456	26608.53	1732.028	2190.036	14150.26	93256.92	3393.95	-5.338078	882.9182	1.371977e+08	4.106212e+08	1768.327	3695.729	93.95018	108228	9384.562	-4.626335	2991.815	-5.338078	882.9182	-4.626335	2991.815
59.62	118065.2	53886.64	3240.701	69159.92	505570.1	-1289.754	28711.53	1932.028	1890.036	20054.26	88639.92	3893.95	-5.338078	1382.918	1.212888e+08	3.68542e+08	1768.327	3195.729	193.9502	119479	9584.562	-4.626335	3691.815	-5.338078	1382.918	-4.626335	3691.815
59.91	109928.2	23331.64	2039.701	66051.92	440964.1	-1089.754	31514.53	2132.028	3290.036	21055.26	80411.92	3093.95	-5.338078	1682.918	1.383615e+08	3.605274e+08	2468.327	2495.729	93.95018	88951.95	10084.56	-4.626335	4391.815	-5.338078	1682.918	-4.626335	4391.815
60.19	92859.19	72036.64	839.7012	65149.92	376421.1	511.2456	28911.53	3032.028	2490.036	20955.26	83120.92	3793.95	-5.338078	1882.918	1.333809e+08	3.444984e+08	2868.327	3995.729	-6.049822	91861.95	8383.562	95.37366	2891.815	-5.338078	1882.918	95.37366	2891.815
60.48	81620.19	21128.64	4040.701	68859.92	343755.1	1211.246	29211.53	2132.028	4291.036	21055.26	77602.92	3193.95	-5.338078	2182.918	1.354748e+08	3.705457e+08	2768.327	2795.729	493.9502	91159.95	9284.562	-4.626335	2391.815	-5.338078	2182.918	-4.626335	2391.815
60.76	71790.19	92207.64	2539.701	67455.92	272889.1	-689.7544	31715.53	2032.028	2290.036	23257.26	72286.92	2993.95	-5.338078	2682.918	1.345815e+08	3.32477e+08	3968.327	2795.729	193.9502	85037.95	11285.56	-4.626335	2791.815	-5.338078	2682.918	-4.626335	2791.815
61.05	63768.19	208230.6	3440.701	62241.92	231676.1	-1489.754	39126.53	2732.028	2190.036	23557.26	66170.92	2493.95	-5.338078	1882.918	1.308639e+08	3.485056e+08	2668.327	1095.729	393.9502	75005.95	9984.562	-4.626335	3591.815	-5.338078	1882.918	-4.626335	3591.815
61.34	60159.19	91002.64	3540.701	56126.92	179248.1	2211.246	33117.53	2032.028	2990.036	23958.26	66170.92	1893.95	94.66192	1882.918	1.292406e+08	3.224594e+08	3268.327	1295.729	193.9502	81024.95	10384.56	-4.626335	2891.815	94.66192	1882.918	-4.626335	2891.815
61.62	60661.19	54287.64	2439.701	60737.92	166762.1	11.24561	32015.53	1032.028	2890.036	23257.26	73690.92	1993.95	-5.338078	3182.918	1.368666e+08	3.364841e+08	3668.327	1795.729	93.95018	63273.95	8984.562	-4.626335	2191.815	-5.338078	3182.918	-4.626335	2191.815
61.91	49636.19	56291.64	3540.701	59334.92	162434.1	1111.246	46940.53	3132.028	4691.036	23657.26	69579.92	2893.95	-5.338078	2082.918	1.388306e+08	4.446879e+08	2868.327	2395.729	93.95018	60165.95	10584.56	-4.626335	2691.815	-5.338078	2082.918	-4.626335	2691.815
62.19	62164.19	76952.64	2839.701	61539.92	203936.1	311.2456	37523.53	2332.028	3891.036	24658.26	71484.92	2493.95	-5.338078	2482.918	1.402383e+08	4.186367e+08	2968.327	2395.729	293.9502	61869.95	11485.56	95.37366	2791.815	-5.338078	2482.918	95.37366	2791.815
62.48	64270.19	26635.64	2039.701	70363.92	202827.1	811.2456	35620.53	2232.028	4191.036	22256.26	67373.92	1493.95	-5.338078	2082.918	1.173116e+08	3.46502e+08	2368.327	2595.729	93.95018	61669.95	8684.562	-4.626335	2291.815	-5.338078	2082.918	-4.626335	2291.815
62.77	66275.19	18826.64	1539.701	59635.92	216642.1	111.2456	36722.53	1532.028	2990.036	20454.26	73189.92	2093.95	-5.338078	2282.918	1.362952e+08	3.585237e+08	2968.327	2595.729	-6.049822	68587.95	8884.562	-4.626335	2591.815	-5.338078	2282.918	-4.626335	2591.815
63.05	67478.19	24732.64	2339.701	71265.92	217752.1	711.2456	31014.53	2132.028	1590.036	19253.26	71685.92	2493.95	94.66192	2382.918	1.356652e+08	3.725494e+08	2468.327	2095.729	93.95018	113451	12985.56	-4.626335	2691.815	94.66192	2382.918	-4.626335	2691.815
63.34	75601.19	70631.64	1039.701	63645.92	223200.1	411.2456	34619.53	2232.028	2890.036	16752.26	73690.92	3393.95	94.66192	1382.918	1.435251e+08	3.885793e+08	2168.327	2895.729	393.9502	233681	9584.562	-4.626335	3291.815	94.66192	1382.918	-4.626335	3291.815
63.63	73194.19	18125.64	3640.701	61138.92	246214.1	711.2456	26909.53	2232.028	2990.036	15551.26	73490.92	8494.95	-5.338078	1482.918	1.338786e+08	3.424948e+08	1068.327	3295.729	193.9502	406471.9	10384.56	-4.626335	3491.815	-5.338078	1482.918	-4.626335	3491.815
63.91	80416.19	17925.64	1839.701	48209.92	251163.1	-188.7544	23105.53	1832.028	3491.036	11649.26	74794.92	25306.95	-5.338078	1482.918	1.388306e+08	3.485056e+08	868.3274	2695.729	793.9502	787298.9	10084.56	-4.626335	7092.815	-5.338078	1482.918	-4.626335	7092.815
64.2	97477.19	17725.64	3740.701	47608.92	344769.1	111.2456	18200.53	2832.028	3591.036	12549.26	86431.92	44432.95	-5.338078	982.9182	1.352844e+08	3.184524e+08	1068.327	4195.729	793.9502	1062503	11785.56	-4.626335	5792.815	-5.338078	982.9182	-4.626335	5792.815
64.48	96071.19	14121.64	4040.701	35588.92	305564.1	1611.246	19801.53	2832.028	2290.036	11649.26	77703.92	58762.95	-5.338078	282.9182	1.350794e+08	3.605274e+08	1468.327	4495.729	1493.95	1480046	11585.56	-4.626335	6192.815	-5.338078	282.9182	-4.626335	6192.815
64.77	108221.2	12820.64	3040.701	33585.92	290688.1	2511.246	18200.53	3132.028	3190.036	7647.263	78906.92	82429.95	-5.338078	782.9182	1.232774e+08	3.164489e+08	668.3274	4195.729	1293.95	1838068	10484.56	-4.626335	7692.815	-5.338078	782.9182	-4.626335	7692.815
65.06	111134.2	72236.64	3640.701	27277.92	259043.1	4012.246	15998.53	1832.028	3791.036	7347.263	85227.92	94572.95	94.66192	382.9182	1.312318e+08	3.705457e+08	1268.327	3695.729	2093.95	2030646	10884.56	-4.626335	8993.815	94.66192	382.9182	-4.626335	8993.815
65.34	118668.2	41659.64	3140.701	29780.92	244094.1	1711.246	15098.53	4332.028	4491.036	7447.263	95364.92	113652	-5.338078	382.9182	1.361926e+08	3.505092e+08	768.3274	5396.729	3393.95	2287138	13085.56	-4.626335	10593.82	-5.338078	382.9182	-4.626335	10593.82
65.63	115855.2	76450.64	2439.701	25675.92	245003.1	4612.246	13197.53	2732.028	2790.036	5347.263	90746.92	129730	-5.338078	582.9182	1.33864e+08	3.424948e+08	968.3274	3795.729	3093.95	2448610	10884.56	-4.626335	9893.815	-5.338078	582.9182	-4.626335	9893.815
65.91	116759.2	9018.641	4340.701	26376.92	234805.1	4612.246	11195.53	2632.028	3491.036	4746.263	92754.92	123599	-5.338078	482.9182	1.251342e+08	3.845718e+08	468.3274	4295.729	2593.95	2369286	11885.56	-4.626335	11294.82	-5.338078	482.9182	-4.626335	11294.82
66.2	102999.2	14322.64	3340.701	19069.92	192949.1	3712.246	12896.53	1832.028	3090.036	3446.263	81414.92	120584	-5.338078	282.9182	1.279687e+08	3.545164e+08	868.3274	4395.729	2693.95	2451911	8884.562	-4.626335	9093.815	-5.338078	282.9182	-4.626335	9093.815
66.49	104806.2	27135.64	2539.701	22172.92	187105.1	2811.246	13897.53	1932.028	3390.036	4446.263	81113.92	126915	-5.338078	582.9182	1.332204e+08	3.424948e+08	968.3274	4695.729	2393.95	2555672	11585.56	-4.626335	6392.815	-5.338078	582.9182	-4.626335	6392.815
66.77	93763.19	5716.641	2039.701	21171.92	160018.1	5312.246	14097.53	1432.028	3691.036	4646.263	81715.92	108529	-5.338078	482.9182	1.23966e+08	3.62531e+08	768.3274	4695.729	1493.95	2527072	10184.56	-4.626335	7792.815	-5.338078	482.9182	-4.626335	7792.815
67.06	81620.19	14622.64	4140.701	18068.92	135976.1	4012.246	14197.53	2132.028	1890.036	3646.263	77803.92	104612	-5.338078	582.9182	1.345229e+08	3.805643e+08	1068.327	4695.729	1993.95	2736602	11185.56	-4.626335	7692.815	-5.338078	582.9182	-4.626335	7692.815
67.35	78711.19	8517.641	1639.701	17668.92	106032.1	5212.246	12396.53	2532.028	3090.036	4146.263	75897.92	92865.95	-5.338078	282.9182	1.322978e+08	3.404912e+08	1468.327	3595.729	1793.95	2582201	9484.562	-4.626335	6092.815	-5.338078	282.9182	-4.626335	6092.815
67.63	66676.19	14322.64	4040.701	15266.92	94787.12	4812.246	11596.53	1632.028	2590.036	3646.263	73289.92	79620.95	-5.338078	482.9182	1.380097e+08	3.725494e+08	2068.327	4795.729	1693.95	2698028	10184.56	95.37366	7192.815	-5.338078	482.9182	95.37366	7192.815
67.92	71088.19	9318.641	3640.701	17068.92	86156.12	3012.246	15098.53	2932.028	2490.036	4746.263	75797.92	82228.95	-5.338078	482.9182	1.350061e+08	3.865756e+08	1368.327	3595.729	1693.95	2724924	10184.56	95.37366	6592.815	-5.338078	482.9182	95.37366	6592.815
68.2	69082.19	39154.64	3240.701	14766.92	95690.12	2011.246	13997.53	2132.028	2790.036	4246.263	76700.92	87947.95	-5.338078	282.9182	1.347865e+08	3.46502e+08	2468.327	4295.729	2093.95	2644762	9784.562	-4.626335	7592.815	-5.338078	282.9182	-4.626335	7592.815
68.49	94566.19	6917.641	4740.701	15567.92	121602.1	3612.246	10595.53	2432.028	3891.036	3946.263	86331.92	105818	-5.338078	682.9182	1.323271e+08	3.384877e+08	1468.327	4295.729	2693.95	2524423	9384.562	-4.626335	9093.815	-5.338078	682.9182	-4.626335	9093.815
68.78	99485.19	11419.64	2639.701	16767.92	191236.1	4312.246	17500.53	2832.028	3190.036	9048.264	84023.92	98587.95	-5.338078	1182.918	1.393877e+08	3.545164e+08	1768.327	4995.729	2693.95	2151342	10584.56	-4.626335	10793.82	-5.338078	1182.918	-4.626335	10793.82
69.06	117261.2	12420.64	2839.701	25375.92	302932.1	1411.246	11496.53	3532.028	2990.036	13149.26	89642.92	91460.95	-5.338078	882.9182	1.343764e+08	3.044282e+08	1468.327	5696.729	793.9502	1663561	10784.56	95.37366	9893.815	-5.338078	882.9182	95.37366	9893.815
69.35	118969.2	14822.64	939.7012	39995.92	441472.1	1611.246	14097.53	1932.028	3190.036	15751.26	82117.92	69088.95	-5.338078	682.9182	1.260983e+08	3.344805e+08	1068.327	3095.729	893.9502	1335856	12185.56	95.37366	7692.815	-5.338078	682.9182	95.37366	7692.815
69.64	119371.2	13621.64	2839.701	49612.92	521186.1	1811.246	14297.53	3332.028	3090.036	21255.26	90947.92	48941.95	-5.338078	582.9182	1.395344e+08	3.364841e+08	1168.327	3795.729	1293.95	1064693	11385.56	-4.626335	10193.82	-5.338078	582.9182	-4.626335	10193.82
69.92	125300.2	34346.64	2039.701	56327.92	617441.1	1311.246	14397.53	3032.028	2890.036	22456.26	89743.92	44533.95	-5.338078	1382.918	1.212888e+08	3.064316e+08	1368.327	4695.729	593.9502	811245.9	12185.56	-4.626335	10093.82	-5.338078	1382.918	-4.626335	10093.82
70.21	112238.2	28938.64	4240.701	61940.92	680856.1	911.2456	13497.53	2332.028	3691.036	21756.26	91951.92	34617.95	94.66192	1082.918	1.363391e+08	4.126251e+08	1568.327	4095.729	593.9502	607895.9	10484.56	-4.626335	7192.815	94.66192	1082.918	-4.626335	7192.815
70.49	95770.19	17825.64	2539.701	59234.92	686302.1	2011.246	12796.53	2532.028	4291.036	19354.26	88037.92	27108.95	-5.338078	782.9182	1.314491e+08	3.665384e+08	1768.327	4695.729	493.9502	527909.9	9584.562	-4.626335	9493.815	-5.338078	782.9182	-4.626335	9493.815
70.78	108823.2	20527.64	3540.701	69861.92	791752.1	511.2456	12996.53	2332.028	3190.036	18853.26	93155.92	22703.95	-5.338078	1782.918	1.282318e+08	2.964146e+08	1568.327	4495.729	193.9502	436877.9	9684.562	-4.626335	7392.815	-5.338078	1782.918	-4.626335	7392.815
71.07	100890.2	23130.64	3740.701	61238.92	756897.1	1311.246	9295.526	2132.028	2390.036	16652.26	85327.92	16298.95	-5.338078	982.9182	1.191658e+08	3.224594e+08	2068.327	4195.729	393.9502	419788.9	8583.562	-4.626335	7092.815	-5.338078	982.9182	-4.626335	7092.815
71.35	100288.2	29238.64	2739.701	62241.92	757515.1	-288.7544	8794.526	1832.028	2990.036	13550.26	92553.92	23904.95	-5.338078	282.9182	1.214702e+08	3.384877e+08	1468.327	3095.729	293.9502	404032.9	9084.562	-4.626335	8092.815	-5.338078	282.9182	-4.626335	8092.815
71.64	108723.2	36850.64	3940.701	62441.92	757927.1	1811.246	8894.526	1932.028	1990.036	12049.26	92553.92	26007.95	94.66192	682.9182	1.181015e+08	3.084351e+08	1368.327	4995.729	1493.95	406166.9	6083.562	95.37366	7592.815	94.66192	682.9182	95.37366	7592.815
71.92	100087.2	41559.64	3040.701	50314.92	650771.1	311.2456	8494.526	1932.028	2790.036	10048.26	77301.92	25906.95	-5.338078	582.9182	1.030322e+08	2.924078e+08	1468.327	4595.729	2093.95	320332.9	4982.562	-4.626335	7592.815	-5.338078	582.9182	-4.626335	7592.815
72.21	77206.19	44865.64	1839.701	46707.92	590809.1	2411.246	9695.526	1832.028	2390.036	10248.26	67874.92	21602.95	-5.338078	282.9182	8.843075e+07	2.283037e+08	1268.327	2795.729	1093.95	264889.9	3282.562	-4.626335	5192.815	-5.338078	282.9182	-4.626335	5192.815
72.5	66676.19	50578.64	1539.701	35688.92	434858.1	2711.246	7594.527	1832.028	2290.036	7647.263	51635.92	19200.95	-5.338078	1182.918	7.056467e+07	2.042668e+08	568.3274	2395.729	1193.95	217133	2682.562	95.37366	4791.815	-5.338078	1182.918	95.37366	4791.815
72.78	47532.19	52883.64	1339.701	25675.92	345682.1	2211.246	7294.527	1232.028	690.0356	6447.263	37911.92	12896.95	-5.338078	882.9182	5.49209e+07	1.702165e+08	568.3274	2295.729	1193.95	154269	2482.562	-4.626335	2591.815	-5.338078	882.9182	-4.626335	2591.815
73.07	33509.19	39054.64	1639.701	17868.92	239550.1	2211.246	5093.527	1532.028	590.0356	5247.263	27597.92	11396.95	-5.338078	182.9182	4.017279e+07	1.142206e+08	368.3274	1495.729	393.9502	132544	1582.562	-4.626335	2291.815	-5.338078	182.9182	-4.626335	2291.815
73.35	29304.19	34546.64	1839.701	15667.92	181061.1	1711.246	3393.527	1032.028	890.0356	3246.263	27497.92	7794.95	-5.338078	282.9182	3.128499e+07	8.712301e+07	768.3274	1195.729	293.9502	100194	1482.562	-4.626335	791.8149	-5.338078	282.9182	-4.626335	791.8149
73.64	21897.19	20027.64	1039.701	13365.92	140501.1	811.2456	2892.527	-67.97156	790.0356	3046.263	16487.92	7294.95	-5.338078	182.9182	2.601129e+07	7.263197e+07	268.3274	795.7296	93.95018	92865.95	1782.562	-4.626335	1891.815	-5.338078	182.9182	-4.626335	1891.815
73.92	16492.19	11619.64	439.7012	10764.92	121502.1	-288.7544	1692.527	132.0284	790.0356	2946.263	15787.92	3893.95	-5.338078	-17.08185	1.885959e+07	5.637251e+07	768.3274	895.7296	193.9502	70091.95	1082.562	-4.626335	1291.815	-5.338078	-17.08185	-4.626335	1291.815
74.21	16392.19	11219.64	-160.2988	9563.922	97497.12	1111.246	1192.527	32.02844	90.03564	1746.263	10884.92	3493.95	-5.338078	-17.08185	1.745649e+07	4.786873e+07	268.3274	295.7295	93.95018	53851.95	882.5623	-4.626335	1491.815	-5.338078	-17.08185	-4.626335	1491.815
74.49	12090.19	10419.64	1539.701	5062.922	81941.12	-689.7544	1592.527	132.0284	490.0356	1546.263	11685.92	2593.95	-5.338078	82.91815	1.292502e+07	3.623767e+07	68.3274	295.7295	193.9502	46035.95	782.5623	-4.626335	1391.815	-5.338078	82.91815	-4.626335	1391.815
74.78	8989.188	37251.64	-360.2988	5562.922	61182.12	611.2456	1292.527	432.0284	390.0356	1246.263	9784.918	3493.95	-5.338078	82.91815	1.159501e+07	3.182154e+07	-31.6726	295.7295	-6.049822	42729.95	582.5623	-4.626335	191.8149	-5.338078	82.91815	-4.626335	191.8149
75.07	7088.188	6116.641	539.7012	3561.922	48955.12	-1089.754	-407.4733	432.0284	290.0356	946.2634	5983.918	2893.95	-5.338078	-17.08185	9629203	2.515771e+07	-31.6726	595.7296	93.95018	33315.95	582.5623	-4.626335	491.8149	-5.338078	-17.08185	-4.626335	491.8149
75.35	6488.188	3915.641	1239.701	2961.922	37135.12	-1089.754	692.5267	32.02844	290.0356	646.2634	5583.918	2293.95	-5.338078	-17.08185	6972158	2.108281e+07	-31.6726	495.7295	-6.049822	30211.95	382.5623	95.37366	191.8149	-5.338078	-17.08185	95.37366	191.8149
75.64	4687.188	4515.641	-260.2988	2061.922	34531.12	-1289.754	992.5267	132.0284	890.0356	746.2634	4382.918	1293.95	-5.338078	-17.08185	5319580	1.640104e+07	68.3274	395.7295	-6.049822	24305.95	782.5623	-4.626335	191.8149	-5.338078	-17.08185	-4.626335	191.8149
75.92	3487.189	7317.641	-460.2988	2061.922	32829.12	-1089.754	192.5267	432.0284	390.0356	646.2634	3382.918	1093.95	-5.338078	-17.08185	5813860	1.370009e+07	168.3274	-4.270463	-6.049822	29510.95	182.5623	-4.626335	91.81495	-5.338078	-17.08185	-4.626335	91.81495
76.21	3387.189	5316.641	-560.2988	1461.922	29625.12	-188.7544	192.5267	-67.97156	790.0356	346.2633	2482.918	993.9502	-5.338078	-17.08185	4006546	1.154081e+07	-31.6726	95.72954	293.9502	21702.95	-17.43772	-4.626335	191.8149	-5.338078	-17.08185	-4.626335	191.8149
76.5	3087.189	3015.641	-160.2988	2261.922	16012.12	-88.75439	-7.473267	132.0284	-9.964355	446.2633	3682.918	893.9502	-5.338078	-17.08185	3512518	9042234	68.3274	95.72954	-6.049822	10795.95	182.5623	-4.626335	291.8149	-5.338078	-17.08185	-4.626335	291.8149
76.78	1987.189	3715.641	-1361.299	1261.922	15212.12	-1189.754	-307.4733	-67.97156	690.0356	246.2633	1782.918	693.9502	-5.338078	82.91815	3216136	7935474	-31.6726	95.72954	-6.049822	10995.95	182.5623	-4.626335	-8.185054	-5.338078	82.91815	-4.626335	-8.185054
77.07	1187.189	1814.641	-861.2988	361.9218	14311.12	-989.7544	892.5267	132.0284	-9.964355	346.2633	1982.918	493.9502	94.66192	-17.08185	1960314	6800695	168.3274	-4.270463	-6.049822	13196.95	382.5623	-4.626335	191.8149	94.66192	-17.08185	-4.626335	191.8149
77.36	1487.189	2014.641	-560.2988	1361.922	10009.12	-1189.754	492.5267	132.0284	90.03564	-53.73666	1782.918	593.9502	94.66192	-17.08185	2129612	4503880	-31.6726	95.72954	93.95018	5394.95	-17.43772	-4.626335	-8.185054	94.66192	-17.08185	-4.626335	-8.185054
77.65	1787.189	1214.641	-1061.299	561.9218	12210.12	111.2456	192.5267	432.0284	590.0356	46.26334	1582.918	93.95018	-5.338078	-17.08185	1932099	5113382	68.3274	-4.270463	-6.049822	11396.95	82.56228	-4.626335	-8.185054	-5.338078	-17.08185	-4.626335	-8.185054
77.93	1987.189	1514.641	-660.2988	361.9218	8909.117	-488.7544	92.52673	632.0284	590.0356	-53.73666	382.9182	593.9502	-5.338078	-17.08185	1099841	3214346	-31.6726	-4.270463	-6.049822	5994.95	-17.43772	-4.626335	91.81495	-5.338078	-17.08185	-4.626335	91.81495
78.22	1387.189	1414.641	-961.2988	461.9218	7908.118	-1189.754	-107.4733	-67.97156	-709.9644	346.2633	1982.918	493.9502	-5.338078	82.91815	1142154	3072668	-31.6726	-4.270463	-6.049822	8795.95	82.56228	-4.626335	91.81495	-5.338078	82.91815	-4.626335	91.81495
78.51	1187.189	1014.641	39.70117	761.9218	5508.118	-1189.754	-807.4733	-267.9716	290.0356	246.2633	1582.918	193.9502	-5.338078	-17.08185	972903.4	1783656	-31.6726	-4.270463	-6.049822	4693.95	-17.43772	-4.626335	91.81495	-5.338078	-17.08185	-4.626335	91.81495
78.8	287.1886	1214.641	-1161.299	-438.0782	4607.118	-789.7544	-207.4733	232.0284	-9.964355	-53.73666	882.9182	493.9502	-5.338078	-17.08185	1099841	2591004	-31.6726	-4.270463	-6.049822	5094.95	-17.43772	-4.626335	-8.185054	-5.338078	-17.08185	-4.626335	-8.185054
79.08	787.1886	1614.641	-861.2988	-238.0782	4307.118	-1389.754	-407.4733	-167.9716	-9.964355	46.26334	482.9182	293.9502	-5.338078	82.91815	567030.4	1783656	-31.6726	-4.270463	-6.049822	3893.95	82.56228	-4.626335	91.81495	-5.338078	82.91815	-4.626335	91.81495
79.37	987.1886	-285.3594	339.7012	261.9218	3007.117	-488.7544	292.5267	-267.9716	290.0356	-53.73666	282.9182	93.95018	-5.338078	-17.08185	569485.4	2364361	-31.6726	-4.270463	-6.049822	1693.95	-17.43772	95.37366	91.81495	-5.338078	-17.08185	95.37366	91.81495
79.66	587.1886	1114.641	39.70117	261.9218	3607.117	-789.7544	692.5267	-467.9716	-9.964355	46.26334	482.9182	193.9502	-5.338078	-17.08185	434108.4	2421020	-31.6726	95.72954	-6.049822	1393.95	-17.43772	-4.626335	-8.185054	-5.338078	-17.08185	-4.626335	-8.185054
79.94	187.1886	-285.3594	-861.2988	-38.07825	2907.117	-889.7544	-807.4733	-367.9716	-109.9644	-53.73666	282.9182	193.9502	-5.338078	-17.08185	366488.4	1188885	68.3274	-4.270463	-6.049822	3593.95	-17.43772	-4.626335	-8.185054	-5.338078	-17.08185	-4.626335	-8.185054
80.23	487.1886	414.6406	-1861.299	761.9218	2207.117	-689.7544	-107.4733	-167.9716	490.0356	-53.73666	282.9182	93.95018	-5.338078	-17.08185	422894.4	1231365	68.3274	-4.270463	-6.049822	3993.95	82.56228	-4.626335	-8.185054	-5.338078	-17.08185	-4.626335	-8.185054
80.52	687.1886	714.6406	-1861.299	161.9218	1607.117	-588.7544	-807.4733	32.02844	-309.9644	46.26334	282.9182	-6.049822	-5.338078	-17.08185	451098.4	1288006	-31.6726	-4.270463	-6.049822	1093.95	-17.43772	-4.626335	91.81495	-5.338078	-17.08185	-4.626335	91.81495
80.82	-12.81139	-1285.359	339.7012	361.9218	807.1174	11.24561	-507.4733	-267.9716	-309.9644	46.26334	382.9182	93.95018	-5.338078	-17.08185	408793.4	1273846	-31.6726	-4.270463	93.95018	3193.95	-17.43772	-4.626335	-8.185054	-5.338078	-17.08185	-4.626335	-8.185054
81.1	187.1886	14.64062	-961.2988	-338.0782	507.1174	-388.7544	-307.4733	32.02844	390.0356	-53.73666	282.9182	93.95018	-5.338078	-17.08185	138653.4	466797.8	-31.6726	-4.270463	-6.049822	593.9502	82.56228	-4.626335	191.8149	-5.338078	-17.08185	-4.626335	191.8149
81.39	287.1886	514.6406	-560.2988	61.92175	1207.117	-2289.754	-107.4733	232.0284	790.0356	-53.73666	82.91815	193.9502	-5.338078	-17.08185	218723.4	268603.8	-31.6726	95.72954	-6.049822	893.9502	-17.43772	95.37366	-8.185054	-5.338078	-17.08185	95.37366	-8.185054
81.69	87.18861	314.6406	-761.2988	-238.0782	507.1174	-588.7544	-107.4733	332.0284	-209.9644	146.2633	182.9182	-6.049822	-5.338078	-17.08185	299150.4	721635.8	-31.6726	-4.270463	-6.049822	1893.95	-17.43772	-4.626335	-8.185054	-5.338078	-17.08185	-4.626335	-8.185054
81.98	-12.81139	-185.3594	-961.2988	61.92175	107.1174	-1489.754	-807.4733	232.0284	-309.9644	46.26334	-17.08185	93.95018	-5.338078	-17.08185	98363.4	735793.8	-31.6726	-4.270463	-6.049822	1693.95	82.56228	-4.626335	-8.185054	-5.338078	-17.08185	-4.626335	-8.185054
82.26	-12.81139	714.6406	-460.2988	161.9218	707.1174	-1889.754	-307.4733	-367.9716	190.0356	146.2633	-17.08185	193.9502	-5.338078	-17.08185	62046.39	438483.8	-31.6726	-4.270463	-6.049822	4193.95	-17.43772	-4.626335	-8.185054	-5.338078	-17.08185	-4.626335	-8.185054
82.55	87.18861	14.64062	-1461.299	-138.0782	1007.117	11.24561	-207.4733	432.0284	1390.036	-53.73666	82.91815	-6.049822	-5.338078	-17.08185	334190.4	551741.8	68.3274	-4.270463	-6.049822	193.9502	-17.43772	-4.626335	-8.185054	-5.338078	-17.08185	-4.626335	-8.185054
82.84	-12.81139	114.6406	-1561.299	361.9218	307.1174	-1489.754	-407.4733	-467.9716	90.03564	-53.73666	1082.918	-6.049822	-5.338078	-17.08185	88225.4	84576.77	-31.6726	-4.270463	-6.049822	593.9502	-17.43772	-4.626335	91.81495	-5.338078	-17.08185	-4.626335	91.81495
83.12	287.1886	1114.641	-560.2988	61.92175	307.1174	-488.7544	292.5267	232.0284	-409.9644	-53.73666	-17.08185	93.95018	-5.338078	-17.08185	26283.39	281321.8	-31.6726	-4.270463	-6.049822	193.9502	-17.43772	-4.626335	-8.185054	-5.338078	-17.08185	-4.626335	-8.185054
83.42	-12.81139	-385.3594	739.7012	961.9218	307.1174	-2589.754	-407.4733	232.0284	90.03564	146.2633	282.9182	93.95018	-5.338078	-17.08185	84470.4	296916.8	-31.6726	-4.270463	-6.049822	393.9502	-17.43772	-4.626335	-8.185054	-5.338078	-17.08185	-4.626335	-8.185054
83.71	-12.81139	814.6406	-460.2988	161.9218	507.1174	-1189.754	-507.4733	-267.9716	490.0356	-53.73666	-17.08185	93.95018	94.66192	-17.08185	85315.4	148585.8	68.3274	-4.270463	-6.049822	693.9502	-17.43772	-4.626335	-8.185054	94.66192	-17.08185	-4.626335	-8.185054
83.99	-12.81139	814.6406	-761.2988	-38.07825	707.1174	-1189.754	-507.4733	132.0284	790.0356	-53.73666	-17.08185	93.95018	-5.338078	-17.08185	65154.39	174150.8	68.3274	-4.270463	-6.049822	93.95018	-17.43772	-4.626335	-8.185054	-5.338078	-17.08185	-4.626335	-8.185054
84.28	-12.81139	814.6406	-660.2988	-238.0782	207.1174	-288.7544	-107.4733	-67.97156	-509.9644	-53.73666	82.91815	-6.049822	-5.338078	-17.08185	140865.4	145366.8	68.3274	-4.270463	-6.049822	493.9502	-17.43772	-4.626335	-8.185054	-5.338078	-17.08185	-4.626335	-8.185054
84.56	-12.81139	1114.641	-2361.299	461.9218	407.1174	-588.7544	-507.4733	-167.9716	190.0356	146.2633	-17.08185	-6.049822	-5.338078	-17.08185	11572.39	125258.8	-31.6726	95.72954	-6.049822	93.95018	-17.43772	-4.626335	-8.185054	-5.338078	-17.08185	-4.626335	-8.185054
84.85	187.1886	-1085.359	-560.2988	861.9218	7.117439	-2489.754	-207.4733	-267.9716	-809.9644	46.26334	182.9182	-6.049822	-5.338078	-17.08185	33191.39	268603.8	-31.6726	-4.270463	-6.049822	493.9502	-17.43772	-4.626335	-8.185054	-5.338078	-17.08185	-4.626335	-8.185054
85.13	-12.81139	814.6406	139.7012	361.9218	107.1174	-1089.754	-207.4733	32.02844	-9.964355	46.26334	-17.08185	-6.049822	-5.338078	-17.08185	17375.39	1643.772	-31.6726	-4.270463	-6.049822	793.9502	-17.43772	-4.626335	-8.185054	-5.338078	-17.08185	-4.626335	-8.185054
85.42	-12.81139	514.6406	-660.2988	161.9218	7.117439	-1189.754	-607.4733	132.0284	-909.9644	-53.73666	82.91815	-6.049822	-5.338078	-17.08185	40402.39	60116.77	-31.6726	-4.270463	-6.049822	193.9502	-17.43772	-4.626335	-8.185054	-5.338078	-17.08185	-4.626335	-8.185054
85.7	87.18861	614.6406	539.7012	-438.0782	-92.88256	-1689.754	892.5267	-367.9716	390.0356	46.26334	82.91815	93.95018	-5.338078	-17.08185	60342.39	28760.77	-31.6726	-4.270463	-6.049822	93.95018	-17.43772	-4.626335	-8.185054	-5.338078	-17.08185	-4.626335	-8.185054
85.99	87.18861	714.6406	-1161.299	261.9218	-92.88256	-2089.754	-507.4733	132.0284	-309.9644	-53.73666	-17.08185	193.9502	-5.338078	-17.08185	46913.39	73051.77	-31.6726	-4.270463	-6.049822	-6.049822	-17.43772	-4.626335	-8.185054	-5.338078	-17.08185	-4.626335	-8.185054
86.28	-12.81139	414.6406	-1061.299	61.92175	707.1174	-689.7544	-7.473267	132.0284	390.0356	46.26334	-17.08185	-6.049822	-5.338078	-17.08185	2269.395	35869.77	-31.6726	-4.270463	-6.049822	193.9502	-17.43772	-4.626335	-8.185054	-5.338078	-17.08185	-4.626335	-8.185054
86.56	-12.81139	-85.35938	-961.2988	361.9218	-92.88256	-1889.754	-307.4733	-267.9716	-109.9644	-53.73666	-17.08185	-6.049822	-5.338078	-17.08185	8871.395	25657.77	-31.6726	-4.270463	-6.049822	593.9502	-17.43772	-4.626335	-8.185054	-5.338078	-17.08185	-4.626335	-8.185054
86.85	-12.81139	-1085.359	539.7012	-38.07825	7.117439	-689.7544	692.5267	-367.9716	-409.9644	-53.73666	-17.08185	-6.049822	-5.338078	82.91815	35695.39	22854.77	-31.6726	-4.270463	-6.049822	693.9502	-17.43772	-4.626335	-8.185054	-5.338078	82.91815	-4.626335	-8.185054
87.13	-12.81139	2114.641	-360.2988	-138.0782	7.117439	-789.7544	-607.4733	-367.9716	390.0356	46.26334	282.9182	-6.049822	-5.338078	-17.08185	12172.39	49392.77	-31.6726	-4.270463	-6.049822	793.9502	82.56228	-4.626335	-8.185054	-5.338078	-17.08185	-4.626335	-8.185054
87.42	-12.81139	-785.3594	-360.2988	-538.0782	-92.88256	-789.7544	-107.4733	232.0284	-309.9644	-53.73666	82.91815	-6.049822	-5.338078	-17.08185	84470.4	16549.77	-31.6726	-4.270463	-6.049822	-6.049822	-17.43772	-4.626335	-8.185054	-5.338078	-17.08185	-4.626335	-8.185054
87.71	87.18861	114.6406	-1961.299	-238.0782	207.1174	811.2456	-607.4733	-67.97156	-709.9644	46.26334	-17.08185	-6.049822	-5.338078	-17.08185	2869.395	42109.77	-31.6726	-4.270463	-6.049822	-6.049822	-17.43772	-4.626335	-8.185054	-5.338078	-17.08185	-4.626335	-8.185054
88	87.18861	614.6406	-1261.299	-38.07825	207.1174	-188.7544	-407.4733	32.02844	90.03564	-53.73666	-17.08185	-6.049822	-5.338078	-17.08185	14173.39	-156.2278	-31.6726	-4.270463	-6.049822	293.9502	-17.43772	-4.626335	-8.185054	-5.338078	-17.08185	-4.626335	-8.185054
88.28	187.1886	-1686.359	-761.2988	-138.0782	-92.88256	-188.7544	-407.4733	232.0284	-109.9644	-53.73666	-17.08185	-6.049822	-5.338078	-17.08185	11272.39	118525.8	68.3274	-4.270463	-6.049822	-6.049822	-17.43772	95.37366	-8.185054	-5.338078	-17.08185	95.37366	-8.185054
88.57	-12.81139	-685.3594	-460.2988	-38.07825	-92.88256	211.2456	-407.4733	32.02844	-9.964355	-53.73666	-17.08185	-6.049822	-5.338078	-17.08185	5770.395	84576.77	-31.6726	-4.270463	-6.049822	-6.049822	-17.43772	-4.626335	-8.185054	-5.338078	-17.08185	-4.626335	-8.185054
88.86	-12.81139	-1586.359	-1261.299	-438.0782	107.1174	-889.7544	-707.4733	-267.9716	-209.9644	46.26334	82.91815	-6.049822	-5.338078	-17.08185	69065.4	21953.77	-31.6726	-4.270463	-6.049822	393.9502	-17.43772	-4.626335	-8.185054	-5.338078	-17.08185	-4.626335	-8.185054
89.14	-12.81139	-285.3594	-861.2988	561.9218	107.1174	-989.7544	-7.473267	232.0284	-209.9644	46.26334	-17.08185	-6.049822	-5.338078	-17.08185	17275.39	343.7722	-31.6726	-4.270463	-6.049822	-6.049822	282.5623	-4.626335	-8.185054	-5.338078	-17.08185	-4.626335	-8.185054
89.44	-12.81139	414.6406	-260.2988	361.9218	7.117439	-789.7544	92.52673	-167.9716	-109.9644	46.26334	82.91815	-6.049822	-5.338078	-17.08185	41003.39	-356.2278	-31.6726	-4.270463	-6.049822	-6.049822	-17.43772	-4.626335	-8.185054	-5.338078	-17.08185	-4.626335	-8.185054
89.72	-12.81139	314.6406	-1161.299	361.9218	107.1174	-1389.754	292.5267	332.0284	90.03564	-53.73666	-17.08185	-6.049822	-5.338078	-17.08185	1069.395	14447.77	-31.6726	-4.270463	-6.049822	-6.049822	-17.43772	-4.626335	-8.185054	-5.338078	-17.08185	-4.626335	-8.185054
90	-12.81139	414.6406	-1261.299	-638.0782	-92.88256	-889.7544	-607.4733	-267.9716	290.0356	46.26334	-17.08185	-6.049822	-5.338078	-17.08185	4869.395	6044.772	-31.6726	-4.270463	-6.049822	-6.049822	-17.43772	-4.626335	-8.185054	-5.338078	-17.08185	-4.626335	-8.185054
