ElapsedTime_s	Ti49_CPS	Al27_CPS	S33_CPS	Sc45_CPS	V51_CPS	Mn55_CPS	Fe57_CPS	Co59_CPS	Ni60_CPS	Ga71_CPS	Zr90_CPS	Nb93_CPS	Mo97_CPS	In113_CPS	Sn119_CPS	Sn118_CPS	Sb121_CPS	Hf177_CPS	Ta181_CPS	W183_CPS	Pb206_CPS	Th232_CPS	U238_CPS	Tc97_CPS	Cd113_CPS	U232_CPS	Pu238_CPS
0	-12.81139	-285.3594	-1161.299	161.9218	7.117439	-2089.754	-107.4733	132.0284	-309.9644	-53.73666	82.91815	-6.049822	94.66192	-17.08185	97961.4	27458.77	-31.6726	-4.270463	-6.049822	-6.049822	-17.43772	-4.626335	-8.185054	94.66192	-17.08185	-4.626335	-8.185054
																											
8.2	87.18861	-485.3594	-160.2988	261.9218	7.117439	-1289.754	292.5267	-67.97156	290.0356	-53.73666	-17.08185	-6.049822	-5.338078	-17.08185	69.39502	-356.2278	-31.6726	-4.270463	-6.049822	-6.049822	-17.43772	-4.626335	-8.185054	-5.338078	-17.08185	-4.626335	-8.185054
8.49	-12.81139	1414.641	-861.2988	-38.07825	7.117439	-1889.754	-207.4733	332.0284	490.0356	-53.73666	-17.08185	-6.049822	-5.338078	-17.08185	69.39502	7044.772	-31.6726	-4.270463	-6.049822	-6.049822	-17.43772	-4.626335	-8.185054	-5.338078	-17.08185	-4.626335	-8.185054
8.77	-12.81139	-85.35938	-360.2988	-38.07825	7.117439	-588.7544	-607.4733	332.0284	390.0356	46.26334	82.91815	-6.049822	-5.338078	-17.08185	-130.605	29561.77	-31.6726	95.72954	-6.049822	-6.049822	-17.43772	-4.626335	-8.185054	-5.338078	-17.08185	-4.626335	-8.185054
9.06	87.18861	714.6406	339.7012	61.92175	207.1174	-1689.754	-507.4733	432.0284	-309.9644	46.26334	-17.08185	-6.049822	-5.338078	-17.08185	69.39502	81176.77	-31.6726	-4.270463	-6.049822	-6.049822	-17.43772	-4.626335	-8.185054	-5.338078	-17.08185	-4.626335	-8.185054
9.34	-12.81139	814.6406	-1061.299	-38.07825	7.117439	-1289.754	-107.4733	332.0284	-109.9644	-53.73666	82.91815	-6.049822	-5.338078	-17.08185	-30.60498	28660.77	-31.6726	-4.270463	-6.049822	-6.049822	-17.43772	-4.626335	-8.185054	-5.338078	-17.08185	-4.626335	-8.185054
9.63	-12.81139	-485.3594	-160.2988	-238.0782	-92.88256	-1989.754	192.5267	-167.9716	390.0356	-53.73666	-17.08185	-6.049822	-5.338078	-17.08185	69.39502	143.7722	-31.6726	-4.270463	-6.049822	-6.049822	-17.43772	-4.626335	-8.185054	-5.338078	-17.08185	-4.626335	-8.185054
9.92	-12.81139	1214.641	-1561.299	-38.07825	7.117439	-2289.754	-607.4733	-67.97156	90.03564	46.26334	82.91815	-6.049822	-5.338078	-17.08185	-30.60498	-356.2278	-31.6726	-4.270463	-6.049822	93.95018	-17.43772	-4.626335	-8.185054	-5.338078	-17.08185	-4.626335	-8.185054
10.2	-12.81139	-285.3594	-160.2988	261.9218	-92.88256	-1989.754	-107.4733	-167.9716	190.0356	-53.73666	-17.08185	-6.049822	-5.338078	-17.08185	-30.60498	43381.77	68.3274	-4.270463	-6.049822	93.95018	-17.43772	-4.626335	-8.185054	-5.338078	-17.08185	-4.626335	-8.185054
10.49	-12.81139	214.6406	-60.29883	-138.0782	607.1174	-1689.754	-107.4733	-67.97156	-209.9644	46.26334	-17.08185	-6.049822	-5.338078	82.91815	-30.60498	-356.2278	-31.6726	-4.270463	-6.049822	-6.049822	-17.43772	-4.626335	-8.185054	-5.338078	82.91815	-4.626335	-8.185054
10.78	-12.81139	-485.3594	-360.2988	61.92175	7.117439	-1289.754	-707.4733	32.02844	1590.036	46.26334	-17.08185	-6.049822	-5.338078	82.91815	69.39502	27458.77	-31.6726	-4.270463	-6.049822	-6.049822	-17.43772	-4.626335	-8.185054	-5.338078	82.91815	-4.626335	-8.185054
11.06	-12.81139	1014.641	-560.2988	-538.0782	-92.88256	-2089.754	-7.473267	-267.9716	690.0356	146.2633	-17.08185	-6.049822	-5.338078	-17.08185	69.39502	-56.22775	-31.6726	-4.270463	-6.049822	-6.049822	82.56228	-4.626335	-8.185054	-5.338078	-17.08185	-4.626335	-8.185054
11.35	-12.81139	14.64062	-660.2988	761.9218	-92.88256	-2389.754	892.5267	-367.9716	-209.9644	146.2633	82.91815	-6.049822	94.66192	-17.08185	169.395	43.77225	-31.6726	-4.270463	-6.049822	-6.049822	-17.43772	-4.626335	-8.185054	94.66192	-17.08185	-4.626335	-8.185054
11.63	87.18861	714.6406	-160.2988	-238.0782	207.1174	-1489.754	192.5267	-267.9716	290.0356	-53.73666	-17.08185	-6.049822	-5.338078	-17.08185	-30.60498	-56.22775	-31.6726	-4.270463	-6.049822	-6.049822	-17.43772	95.37366	-8.185054	-5.338078	-17.08185	95.37366	-8.185054
11.92	-12.81139	-685.3594	-761.2988	-38.07825	-92.88256	-2089.754	92.52673	332.0284	-9.964355	46.26334	-17.08185	-6.049822	-5.338078	-17.08185	69.39502	43.77225	-31.6726	-4.270463	-6.049822	-6.049822	-17.43772	-4.626335	-8.185054	-5.338078	-17.08185	-4.626335	-8.185054
12.2	-12.81139	414.6406	-260.2988	461.9218	-92.88256	-1889.754	-7.473267	-67.97156	590.0356	-53.73666	-17.08185	-6.049822	-5.338078	-17.08185	269.395	43.77225	168.3274	-4.270463	-6.049822	-6.049822	-17.43772	-4.626335	-8.185054	-5.338078	-17.08185	-4.626335	-8.185054
12.49	-12.81139	-85.35938	-761.2988	-138.0782	7.117439	-1289.754	-507.4733	-67.97156	-109.9644	-53.73666	-17.08185	-6.049822	-5.338078	-17.08185	-30.60498	-256.2278	-31.6726	-4.270463	-6.049822	-6.049822	-17.43772	-4.626335	-8.185054	-5.338078	-17.08185	-4.626335	-8.185054
12.77	-12.81139	814.6406	-1261.299	161.9218	7.117439	-789.7544	92.52673	832.0284	-409.9644	-53.73666	82.91815	-6.049822	-5.338078	-17.08185	-130.605	2243.772	-31.6726	-4.270463	-6.049822	-6.049822	-17.43772	-4.626335	-8.185054	-5.338078	-17.08185	-4.626335	-8.185054
13.06	-12.81139	-385.3594	-160.2988	161.9218	7.117439	-388.7544	-307.4733	-167.9716	190.0356	146.2633	-17.08185	-6.049822	-5.338078	-17.08185	5170.395	-156.2278	-31.6726	-4.270463	-6.049822	293.9502	-17.43772	-4.626335	-8.185054	-5.338078	-17.08185	-4.626335	-8.185054
13.34	-12.81139	-1085.359	-1661.299	-238.0782	7.117439	-1689.754	-1007.473	-67.97156	-109.9644	-53.73666	-17.08185	-6.049822	-5.338078	82.91815	-130.605	43.77225	-31.6726	-4.270463	-6.049822	-6.049822	82.56228	-4.626335	-8.185054	-5.338078	82.91815	-4.626335	-8.185054
13.63	87.18861	614.6406	-360.2988	561.9218	-92.88256	-1289.754	-407.4733	32.02844	-509.9644	246.2633	-17.08185	-6.049822	-5.338078	-17.08185	-130.605	143.7722	-31.6726	-4.270463	-6.049822	-6.049822	-17.43772	-4.626335	-8.185054	-5.338078	-17.08185	-4.626335	-8.185054
13.91	187.1886	1414.641	-1061.299	-38.07825	7.117439	-388.7544	-7.473267	232.0284	790.0356	46.26334	-17.08185	-6.049822	-5.338078	-17.08185	69.39502	143.7722	-31.6726	-4.270463	-6.049822	-6.049822	-17.43772	-4.626335	91.81495	-5.338078	-17.08185	-4.626335	91.81495
14.2	-12.81139	614.6406	-861.2988	561.9218	-92.88256	-1889.754	-107.4733	432.0284	-209.9644	46.26334	-17.08185	-6.049822	-5.338078	-17.08185	-30.60498	443.7722	68.3274	-4.270463	-6.049822	-6.049822	82.56228	-4.626335	-8.185054	-5.338078	-17.08185	-4.626335	-8.185054
14.48	87.18861	-585.3594	-1961.299	561.9218	7.117439	-1089.754	-407.4733	-67.97156	-509.9644	-53.73666	-17.08185	-6.049822	-5.338078	-17.08185	-130.605	5844.772	-31.6726	-4.270463	-6.049822	-6.049822	82.56228	-4.626335	-8.185054	-5.338078	-17.08185	-4.626335	-8.185054
14.77	-12.81139	1114.641	-1261.299	361.9218	-92.88256	-789.7544	92.52673	-367.9716	290.0356	-53.73666	-17.08185	-6.049822	-5.338078	-17.08185	-130.605	-256.2278	-31.6726	-4.270463	-6.049822	-6.049822	-17.43772	-4.626335	-8.185054	-5.338078	-17.08185	-4.626335	-8.185054
15.05	-12.81139	-885.3594	-1561.299	61.92175	-92.88256	-388.7544	-107.4733	-167.9716	290.0356	46.26334	-17.08185	-6.049822	-5.338078	-17.08185	-130.605	-156.2278	-31.6726	-4.270463	-6.049822	-6.049822	-17.43772	-4.626335	-8.185054	-5.338078	-17.08185	-4.626335	-8.185054
15.34	-12.81139	1114.641	-1961.299	-138.0782	107.1174	-789.7544	-707.4733	332.0284	90.03564	-53.73666	-17.08185	-6.049822	-5.338078	82.91815	-130.605	-56.22775	68.3274	-4.270463	-6.049822	-6.049822	-17.43772	-4.626335	-8.185054	-5.338078	82.91815	-4.626335	-8.185054
15.62	-12.81139	814.6406	-660.2988	-138.0782	107.1174	-1189.754	392.5267	32.02844	-509.9644	46.26334	-17.08185	-6.049822	-5.338078	-17.08185	-30.60498	-256.2278	-31.6726	-4.270463	-6.049822	-6.049822	82.56228	-4.626335	-8.185054	-5.338078	-17.08185	-4.626335	-8.185054
15.91	-12.81139	114.6406	439.7012	-438.0782	7.117439	211.2456	92.52673	432.0284	290.0356	-53.73666	182.9182	-6.049822	-5.338078	-17.08185	5570.395	-56.22775	68.3274	-4.270463	-6.049822	93.95018	-17.43772	-4.626335	-8.185054	-5.338078	-17.08185	-4.626335	-8.185054
16.19	-12.81139	614.6406	239.7012	61.92175	7.117439	-1989.754	-7.473267	-367.9716	490.0356	246.2633	-17.08185	-6.049822	-5.338078	-17.08185	69.39502	-56.22775	-31.6726	-4.270463	-6.049822	-6.049822	82.56228	-4.626335	-8.185054	-5.338078	-17.08185	-4.626335	-8.185054
16.48	-12.81139	1214.641	239.7012	661.9218	-92.88256	-588.7544	-207.4733	-467.9716	-309.9644	46.26334	-17.08185	-6.049822	-5.338078	-17.08185	-130.605	243.7722	-31.6726	-4.270463	-6.049822	-6.049822	82.56228	-4.626335	-8.185054	-5.338078	-17.08185	-4.626335	-8.185054
16.77	87.18861	714.6406	-1061.299	61.92175	-92.88256	-989.7544	692.5267	-167.9716	390.0356	146.2633	-17.08185	-6.049822	-5.338078	-17.08185	169.395	49793.77	-31.6726	-4.270463	-6.049822	-6.049822	-17.43772	-4.626335	-8.185054	-5.338078	-17.08185	-4.626335	-8.185054
17.05	-12.81139	814.6406	-961.2988	-138.0782	-92.88256	-1589.754	492.5267	-67.97156	-409.9644	46.26334	-17.08185	-6.049822	-5.338078	-17.08185	31689.39	-56.22775	-31.6726	-4.270463	-6.049822	-6.049822	-17.43772	-4.626335	-8.185054	-5.338078	-17.08185	-4.626335	-8.185054
17.33	-12.81139	1414.641	-961.2988	161.9218	7.117439	-88.75439	-707.4733	-167.9716	90.03564	246.2633	-17.08185	-6.049822	-5.338078	-17.08185	-130.605	-56.22775	-31.6726	-4.270463	-6.049822	-6.049822	-17.43772	-4.626335	-8.185054	-5.338078	-17.08185	-4.626335	-8.185054
17.62	87.18861	-885.3594	-260.2988	-338.0782	107.1174	-1389.754	-907.4733	-367.9716	-209.9644	-53.73666	82.91815	-6.049822	-5.338078	-17.08185	-30.60498	-56.22775	-31.6726	-4.270463	-6.049822	-6.049822	-17.43772	-4.626335	-8.185054	-5.338078	-17.08185	-4.626335	-8.185054
17.91	87.18861	-785.3594	739.7012	-138.0782	7.117439	-1889.754	192.5267	32.02844	-209.9644	-53.73666	-17.08185	-6.049822	-5.338078	-17.08185	69.39502	-256.2278	-31.6726	-4.270463	-6.049822	-6.049822	-17.43772	-4.626335	-8.185054	-5.338078	-17.08185	-4.626335	-8.185054
18.19	-12.81139	1214.641	739.7012	-338.0782	-92.88256	-889.7544	-207.4733	332.0284	-709.9644	46.26334	82.91815	-6.049822	-5.338078	-17.08185	-130.605	6844.772	-31.6726	-4.270463	-6.049822	-6.049822	-17.43772	-4.626335	-8.185054	-5.338078	-17.08185	-4.626335	-8.185054
18.48	-12.81139	14.64062	-560.2988	161.9218	107.1174	-689.7544	292.5267	-267.9716	490.0356	46.26334	82.91815	-6.049822	-5.338078	-17.08185	-130.605	43.77225	68.3274	-4.270463	-6.049822	93.95018	-17.43772	-4.626335	-8.185054	-5.338078	-17.08185	-4.626335	-8.185054
18.76	-12.81139	414.6406	-861.2988	-38.07825	-92.88256	-689.7544	-107.4733	132.0284	-409.9644	-53.73666	-17.08185	-6.049822	-5.338078	-17.08185	69.39502	143.7722	-31.6726	-4.270463	-6.049822	-6.049822	-17.43772	-4.626335	-8.185054	-5.338078	-17.08185	-4.626335	-8.185054
19.05	87.18861	-585.3594	-660.2988	161.9218	107.1174	-1489.754	-407.4733	-267.9716	-509.9644	-53.73666	-17.08185	-6.049822	-5.338078	-17.08185	19277.39	43.77225	-31.6726	-4.270463	-6.049822	-6.049822	-17.43772	-4.626335	-8.185054	-5.338078	-17.08185	-4.626335	-8.185054
19.33	-12.81139	-885.3594	-60.29883	61.92175	7.117439	-989.7544	-107.4733	132.0284	-109.9644	-53.73666	-17.08185	-6.049822	-5.338078	-17.08185	9171.395	-156.2278	68.3274	-4.270463	-6.049822	-6.049822	-17.43772	-4.626335	-8.185054	-5.338078	-17.08185	-4.626335	-8.185054
19.62	-12.81139	614.6406	-2261.299	161.9218	-92.88256	-388.7544	-607.4733	-467.9716	90.03564	-53.73666	-17.08185	-6.049822	-5.338078	-17.08185	-130.605	-156.2278	-31.6726	-4.270463	-6.049822	-6.049822	-17.43772	-4.626335	-8.185054	-5.338078	-17.08185	-4.626335	-8.185054
19.9	-12.81139	-1085.359	-761.2988	-438.0782	-92.88256	-1089.754	-207.4733	332.0284	290.0356	-53.73666	-17.08185	-6.049822	-5.338078	-17.08185	-30.60498	-56.22775	-31.6726	-4.270463	-6.049822	-6.049822	82.56228	-4.626335	-8.185054	-5.338078	-17.08185	-4.626335	-8.185054
20.19	87.18861	414.6406	-60.29883	861.9218	-92.88256	-2689.754	292.5267	532.0284	-309.9644	-53.73666	82.91815	-6.049822	-5.338078	-17.08185	-30.60498	14748.77	-31.6726	-4.270463	-6.049822	-6.049822	-17.43772	-4.626335	91.81495	-5.338078	-17.08185	-4.626335	91.81495
20.47	-12.81139	-1185.359	-660.2988	861.9218	-92.88256	-1789.754	92.52673	-67.97156	590.0356	146.2633	-17.08185	-6.049822	-5.338078	-17.08185	20778.39	243.7722	-31.6726	-4.270463	-6.049822	-6.049822	82.56228	-4.626335	-8.185054	-5.338078	-17.08185	-4.626335	-8.185054
20.76	-12.81139	-285.3594	-560.2988	-38.07825	-92.88256	-1389.754	-907.4733	132.0284	790.0356	-53.73666	-17.08185	-6.049822	-5.338078	-17.08185	1169.395	43.77225	-31.6726	-4.270463	-6.049822	-6.049822	-17.43772	-4.626335	-8.185054	-5.338078	-17.08185	-4.626335	-8.185054
21.04	87.18861	1314.641	-660.2988	-138.0782	107.1174	-1989.754	-207.4733	232.0284	-409.9644	46.26334	-17.08185	-6.049822	-5.338078	82.91815	-30.60498	-256.2278	-31.6726	95.72954	-6.049822	-6.049822	-17.43772	195.3737	-8.185054	-5.338078	82.91815	195.3737	-8.185054
21.32	-12.81139	14.64062	139.7012	-338.0782	-92.88256	-689.7544	92.52673	-367.9716	-309.9644	-53.73666	-17.08185	-6.049822	-5.338078	-17.08185	69.39502	13547.77	-31.6726	-4.270463	-6.049822	-6.049822	-17.43772	-4.626335	-8.185054	-5.338078	-17.08185	-4.626335	-8.185054
21.61	-12.81139	-85.35938	-861.2988	61.92175	-92.88256	-2089.754	-207.4733	-67.97156	-309.9644	-53.73666	-17.08185	-6.049822	-5.338078	-17.08185	-30.60498	143.7722	-31.6726	-4.270463	-6.049822	-6.049822	-17.43772	-4.626335	91.81495	-5.338078	-17.08185	-4.626335	91.81495
21.9	-12.81139	-785.3594	-560.2988	-638.0782	-92.88256	-1389.754	-407.4733	-167.9716	-109.9644	46.26334	-17.08185	-6.049822	-5.338078	82.91815	-30.60498	43.77225	-31.6726	-4.270463	-6.049822	-6.049822	-17.43772	-4.626335	-8.185054	-5.338078	82.91815	-4.626335	-8.185054
22.18	-12.81139	1914.641	339.7012	61.92175	7.117439	-1289.754	-907.4733	-67.97156	-9.964355	-53.73666	-17.08185	-6.049822	-5.338078	-17.08185	-130.605	43.77225	-31.6726	-4.270463	-6.049822	-6.049822	-17.43772	-4.626335	-8.185054	-5.338078	-17.08185	-4.626335	-8.185054
22.47	-12.81139	-185.3594	-1261.299	-438.0782	207.1174	-1489.754	492.5267	-167.9716	90.03564	46.26334	-17.08185	-6.049822	-5.338078	82.91815	-130.605	-56.22775	-31.6726	-4.270463	-6.049822	-6.049822	-17.43772	-4.626335	-8.185054	-5.338078	82.91815	-4.626335	-8.185054
22.75	-12.81139	-1285.359	-360.2988	-538.0782	-92.88256	-889.7544	-207.4733	432.0284	590.0356	146.2633	-17.08185	-6.049822	-5.338078	-17.08185	-30.60498	49693.77	-31.6726	-4.270463	-6.049822	-6.049822	-17.43772	-4.626335	-8.185054	-5.338078	-17.08185	-4.626335	-8.185054
23.03	-12.81139	614.6406	-1461.299	61.92175	-92.88256	-1789.754	-507.4733	332.0284	-409.9644	-53.73666	-17.08185	-6.049822	-5.338078	-17.08185	-130.605	143.7722	-31.6726	-4.270463	-6.049822	-6.049822	-17.43772	-4.626335	-8.185054	-5.338078	-17.08185	-4.626335	-8.185054
23.32	-12.81139	414.6406	139.7012	161.9218	107.1174	-889.7544	-307.4733	332.0284	-109.9644	46.26334	-17.08185	-6.049822	-5.338078	-17.08185	3669.395	-156.2278	-31.6726	-4.270463	-6.049822	93.95018	-17.43772	-4.626335	-8.185054	-5.338078	-17.08185	-4.626335	-8.185054
23.61	-12.81139	1514.641	1639.701	-238.0782	107.1174	-388.7544	192.5267	232.0284	290.0356	246.2633	182.9182	-6.049822	-5.338078	-17.08185	169.395	-356.2278	-31.6726	95.72954	-6.049822	-6.049822	-17.43772	-4.626335	-8.185054	-5.338078	-17.08185	-4.626335	-8.185054
23.89	-12.81139	-585.3594	139.7012	361.9218	-92.88256	-2089.754	-607.4733	-67.97156	390.0356	-53.73666	82.91815	-6.049822	-5.338078	-17.08185	369.395	43.77225	-31.6726	-4.270463	-6.049822	-6.049822	-17.43772	-4.626335	-8.185054	-5.338078	-17.08185	-4.626335	-8.185054
24.17	-12.81139	-285.3594	-1061.299	-538.0782	-92.88256	-1489.754	-507.4733	332.0284	90.03564	246.2633	82.91815	-6.049822	-5.338078	-17.08185	-30.60498	-156.2278	-31.6726	-4.270463	-6.049822	-6.049822	82.56228	-4.626335	-8.185054	-5.338078	-17.08185	-4.626335	-8.185054
24.46	-12.81139	614.6406	-1461.299	-338.0782	-92.88256	-388.7544	292.5267	-167.9716	-9.964355	46.26334	-17.08185	-6.049822	-5.338078	-17.08185	-30.60498	-56.22775	68.3274	-4.270463	-6.049822	-6.049822	-17.43772	-4.626335	-8.185054	-5.338078	-17.08185	-4.626335	-8.185054
24.75	-12.81139	1514.641	39.70117	-238.0782	-92.88256	-789.7544	-207.4733	132.0284	390.0356	-53.73666	-17.08185	-6.049822	-5.338078	-17.08185	37197.39	-156.2278	-31.6726	-4.270463	-6.049822	-6.049822	-17.43772	-4.626335	-8.185054	-5.338078	-17.08185	-4.626335	-8.185054
25.03	-12.81139	1014.641	139.7012	-138.0782	-92.88256	-288.7544	592.5267	-167.9716	490.0356	-53.73666	-17.08185	-6.049822	-5.338078	-17.08185	-130.605	143.7722	68.3274	-4.270463	-6.049822	-6.049822	-17.43772	-4.626335	-8.185054	-5.338078	-17.08185	-4.626335	-8.185054
25.32	-12.81139	-185.3594	-260.2988	-638.0782	7.117439	-2489.754	-607.4733	-67.97156	-9.964355	-53.73666	-17.08185	-6.049822	-5.338078	-17.08185	-30.60498	-356.2278	-31.6726	-4.270463	-6.049822	-6.049822	82.56228	-4.626335	-8.185054	-5.338078	-17.08185	-4.626335	-8.185054
25.6	-12.81139	-185.3594	-1561.299	-38.07825	7.117439	111.2456	-607.4733	-267.9716	-9.964355	-53.73666	-17.08185	-6.049822	-5.338078	-17.08185	69.39502	443.7722	-31.6726	-4.270463	-6.049822	-6.049822	-17.43772	-4.626335	-8.185054	-5.338078	-17.08185	-4.626335	-8.185054
25.89	-12.81139	314.6406	-160.2988	-638.0782	-92.88256	111.2456	-607.4733	32.02844	290.0356	-53.73666	82.91815	-6.049822	94.66192	-17.08185	-30.60498	-156.2278	-31.6726	-4.270463	-6.049822	-6.049822	-17.43772	95.37366	-8.185054	94.66192	-17.08185	95.37366	-8.185054
26.17	-12.81139	214.6406	-1761.299	261.9218	-92.88256	-1389.754	-407.4733	132.0284	-209.9644	46.26334	182.9182	-6.049822	-5.338078	-17.08185	-130.605	143.7722	-31.6726	-4.270463	-6.049822	-6.049822	-17.43772	-4.626335	-8.185054	-5.338078	-17.08185	-4.626335	-8.185054
26.45	-12.81139	1514.641	-1361.299	-538.0782	7.117439	-1989.754	-7.473267	-167.9716	-9.964355	-53.73666	-17.08185	-6.049822	-5.338078	-17.08185	-30.60498	-56.22775	-31.6726	-4.270463	-6.049822	-6.049822	-17.43772	-4.626335	-8.185054	-5.338078	-17.08185	-4.626335	-8.185054
26.74	-12.81139	-485.3594	-560.2988	161.9218	-92.88256	-1089.754	192.5267	-67.97156	590.0356	46.26334	-17.08185	-6.049822	-5.338078	-17.08185	-30.60498	-56.22775	-31.6726	-4.270463	-6.049822	-6.049822	-17.43772	-4.626335	-8.185054	-5.338078	-17.08185	-4.626335	-8.185054
27.02	-12.81139	314.6406	-460.2988	161.9218	7.117439	-1889.754	-207.4733	32.02844	-509.9644	146.2633	82.91815	-6.049822	-5.338078	-17.08185	-30.60498	43.77225	-31.6726	95.72954	-6.049822	393.9502	-17.43772	-4.626335	-8.185054	-5.338078	-17.08185	-4.626335	-8.185054
27.31	-12.81139	314.6406	-660.2988	161.9218	7.117439	-1589.754	-507.4733	-67.97156	-409.9644	46.26334	-17.08185	-6.049822	-5.338078	-17.08185	-130.605	43.77225	-31.6726	-4.270463	-6.049822	-6.049822	-17.43772	-4.626335	-8.185054	-5.338078	-17.08185	-4.626335	-8.185054
27.59	87.18861	14.64062	-2361.299	761.9218	7.117439	-488.7544	-307.4733	32.02844	90.03564	-53.73666	-17.08185	-6.049822	-5.338078	-17.08185	-30.60498	443.7722	-31.6726	-4.270463	-6.049822	-6.049822	-17.43772	-4.626335	-8.185054	-5.338078	-17.08185	-4.626335	-8.185054
27.88	-12.81139	414.6406	-1461.299	361.9218	7.117439	-2089.754	-107.4733	-367.9716	-309.9644	-53.73666	-17.08185	-6.049822	-5.338078	-17.08185	-30.60498	343.7722	-31.6726	-4.270463	-6.049822	93.95018	82.56228	-4.626335	-8.185054	-5.338078	-17.08185	-4.626335	-8.185054
28.17	-12.81139	-1386.359	-1761.299	361.9218	-92.88256	-388.7544	392.5267	232.0284	-409.9644	-53.73666	-17.08185	-6.049822	-5.338078	-17.08185	-30.60498	-156.2278	-31.6726	-4.270463	-6.049822	-6.049822	-17.43772	-4.626335	-8.185054	-5.338078	-17.08185	-4.626335	-8.185054
28.45	-12.81139	614.6406	-1161.299	161.9218	-92.88256	-2189.754	-107.4733	132.0284	90.03564	46.26334	-17.08185	-6.049822	-5.338078	-17.08185	69.39502	-56.22775	-31.6726	95.72954	-6.049822	-6.049822	82.56228	-4.626335	-8.185054	-5.338078	-17.08185	-4.626335	-8.185054
28.74	-12.81139	1214.641	-1161.299	-338.0782	7.117439	-1089.754	-107.4733	232.0284	-709.9644	-53.73666	82.91815	-6.049822	-5.338078	-17.08185	-130.605	-156.2278	-31.6726	-4.270463	-6.049822	-6.049822	-17.43772	95.37366	-8.185054	-5.338078	-17.08185	95.37366	-8.185054
29.02	-12.81139	414.6406	439.7012	561.9218	-92.88256	-789.7544	-207.4733	-167.9716	790.0356	146.2633	-17.08185	-6.049822	94.66192	-17.08185	15674.39	34668.77	-31.6726	-4.270463	93.95018	193.9502	182.5623	-4.626335	-8.185054	94.66192	-17.08185	-4.626335	-8.185054
29.31	-12.81139	573972.6	239.7012	261.9218	107.1174	9114.246	91466.52	332.0284	390.0356	446.2633	1082.918	193.9502	-5.338078	-17.08185	177699.4	404698.8	-31.6726	-4.270463	393.9502	493.9502	782.5623	95.37366	191.8149	-5.338078	-17.08185	95.37366	191.8149
29.59	387.1886	3120786	-160.2988	461.9218	7.117439	41054.25	309722.5	-467.9716	-309.9644	2246.263	2082.918	293.9502	-5.338078	-17.08185	171355.4	439173.8	68.3274	195.7295	693.9502	-6.049822	682.5623	-4.626335	191.8149	-5.338078	-17.08185	-4.626335	191.8149
29.88	487.1886		239.7012	461.9218	107.1174	53680.25	468068.5	1132.028	190.0356	2646.263	3782.918	593.9502	-5.338078	82.91815	165415.4	381335.8	68.3274	-4.270463	693.9502	193.9502	982.5623	295.3737	391.8149	-5.338078	82.91815	295.3737	391.8149
30.17	287.1886		1539.701	461.9218	407.1174	64408.25	493961.5	532.0284	490.0356	4646.263	3882.918	593.9502	-5.338078	-17.08185	209040.4	268603.8	68.3274	95.72954	-6.049822	193.9502	1282.562	95.37366	491.8149	-5.338078	-17.08185	95.37366	491.8149
30.45	-12.81139		2139.701	161.9218	907.1174	69623.24	546645.5	232.0284	490.0356	3546.263	3682.918	1393.95	-5.338078	-17.08185	112671.4	455257.8	68.3274	195.7295	293.9502	193.9502	682.5623	-4.626335	91.81495	-5.338078	-17.08185	-4.626335	91.81495
30.74	187.1886		1139.701	1361.922	807.1174	83569.24	605072.5	632.0284	-9.964355	4946.263	5083.918	893.9502	-5.338078	-17.08185	170650.4	449250.8	-31.6726	395.7295	193.9502	293.9502	482.5623	-4.626335	491.8149	-5.338078	-17.08185	-4.626335	491.8149
31.02	487.1886		1639.701	861.9218	607.1174	79655.24	513960.5	-367.9716	490.0356	5847.263	6483.918	293.9502	-5.338078	-17.08185	230326.4	621482.8	168.3274	-4.270463	1093.95	293.9502	1782.562	-4.626335	591.8149	-5.338078	-17.08185	-4.626335	591.8149
31.31	87.18861		3040.701	1561.922	407.1174	77749.24	581317.5	-267.9716	-9.964355	4546.263	7183.918	1293.95	-5.338078	82.91815	236988.4	675250.8	-31.6726	195.7295	593.9502	193.9502	682.5623	95.37366	591.8149	-5.338078	82.91815	95.37366	591.8149
31.59	87.18861		2139.701	761.9218	407.1174	84171.24	600667.5	232.0284	-9.964355	4946.263	5483.918	693.9502	-5.338078	-17.08185	278715.4	796545.8	-31.6726	295.7295	393.9502	193.9502	982.5623	95.37366	891.8149	-5.338078	-17.08185	95.37366	891.8149
31.88	187.1886		1039.701	1161.922	7.117439	84974.24	608863.5	-67.97156	390.0356	5147.263	5883.918	893.9502	-5.338078	-17.08185	342501.4	912511.8	68.3274	195.7295	393.9502	493.9502	1182.562	95.37366	791.8149	-5.338078	-17.08185	95.37366	791.8149
32.16	187.1886		2439.701	1561.922	307.1174	96418.24	676986.5	632.0284	290.0356	7147.263	6683.918	1093.95	-5.338078	82.91815	451207.4	1197259	-31.6726	295.7295	93.95018	593.9502	882.5623	-4.626335	591.8149	-5.338078	82.91815	-4.626335	591.8149
32.45	87.18861		3640.701	461.9218	407.1174	96820.24	678938.5	32.02844	90.03564	5147.263	6183.918	693.9502	-5.338078	-17.08185	647552.4	1626936	168.3274	695.7296	493.9502	93.95018	982.5623	-4.626335	291.8149	-5.338078	-17.08185	-4.626335	291.8149
32.74	387.1886		3140.701	561.9218	107.1174	85275.24	602921.5	432.0284	90.03564	6847.263	6183.918	593.9502	94.66192	-17.08185	1076670	2562673	68.3274	695.7296	293.9502	693.9502	1982.562	195.3737	491.8149	94.66192	-17.08185	195.3737	491.8149
33.02	887.1886		1539.701	2461.922	1107.117	75341.24	522229.5	432.0284	490.0356	5047.263	7783.918	693.9502	-5.338078	-17.08185	1.09019e+07	2.913738e+07	268.3274	195.7295	593.9502	1693.95	6183.562	195.3737	491.8149	-5.338078	-17.08185	195.3737	491.8149
33.31	1287.189		339.7012	4762.922	4407.118	75943.24	495593.5	1432.028	290.0356	5547.263	15887.92	793.9502	94.66192	282.9182	2.7432e+07	8.306365e+07	368.3274	1095.729	193.9502	3893.95	6283.562	195.3737	491.8149	94.66192	282.9182	195.3737	491.8149
33.59	2987.189		4340.701	7362.922	7308.118	58693.25	389837.5	932.0284	990.0356	7447.263	15587.92	793.9502	94.66192	382.9182	4.741057e+07	1.236015e+08	68.3274	1395.729	193.9502	5994.95	8183.562	-4.626335	591.8149	94.66192	382.9182	-4.626335	591.8149
33.88	4387.188		-660.2988	10063.92	8508.117	46565.25	335858.5	1132.028	2090.036	8147.263	22492.92	393.9502	-5.338078	982.9182	6.88103e+07	1.80231e+08	168.3274	895.7296	293.9502	7394.95	9484.562	-4.626335	591.8149	-5.338078	982.9182	-4.626335	591.8149
34.17	3787.189		3440.701	18769.92	8609.117	36846.25	253389.5	1632.028	1390.036	10048.26	22292.92	393.9502	-5.338078	782.9182	8.835847e+07	2.202913e+08	768.3274	1195.729	193.9502	16899.95	8383.562	195.3737	1391.815	-5.338078	782.9182	195.3737	1391.815
34.45	1587.189	4317466	2639.701	32784.92	8408.117	30136.25	206658.5	2132.028	3891.036	13850.26	31602.92	193.9502	-5.338078	1182.918	1.041645e+08	3.104385e+08	2068.327	895.7296	493.9502	31513.95	9084.562	-4.626335	1691.815	-5.338078	1182.918	-4.626335	1691.815
34.74	2887.189	3145635	3540.701	48510.92	7208.118	25930.25	183175.5	1732.028	3090.036	16451.26	39613.92	93.95018	-5.338078	1982.918	1.150418e+08	3.104385e+08	2068.327	1095.729	-6.049822	52348.95	12085.56	-4.626335	3391.815	-5.338078	1982.918	-4.626335	3391.815
35.03	1687.189	2764397	5641.701	64346.92	2807.117	18322.25	175827.5	1932.028	2790.036	18653.26	35808.92	193.9502	-5.338078	2182.918	1.152311e+08	3.264664e+08	3568.327	995.7296	193.9502	70893.95	13185.56	95.37366	3091.815	-5.338078	2182.918	95.37366	3091.815
35.32	887.1886	2028923	2940.701	80694.92	2707.117	18722.25	133156.5	2432.028	3891.036	27361.26	38612.92	393.9502	-5.338078	2082.918	1.182764e+08	3.224594e+08	4068.327	1395.729	193.9502	100194	11285.56	-4.626335	4991.815	-5.338078	2082.918	-4.626335	4991.815
35.6	987.1886	1964560	1939.701	101872.9	1907.117	12717.25	123707.5	2632.028	2890.036	25659.26	50834.92	593.9502	-5.338078	3482.918	1.29533e+08	3.46502e+08	6269.328	1795.729	93.95018	142700	12585.56	-4.626335	4591.815	-5.338078	3482.918	-4.626335	4591.815
35.89	1187.189	1592669	4340.701	112518.9	2407.117	9515.246	128934.5	2832.028	4491.036	37975.26	49531.92	293.9502	94.66192	3082.918	1.324588e+08	3.845718e+08	6269.328	2095.729	193.9502	185177	12985.56	-4.626335	6592.815	94.66192	3082.918	-4.626335	6592.815
36.18	1087.189	1134882	2839.701	126385.9	1507.117	8214.246	97389.52	3032.028	2890.036	32768.26	59653.92	93.95018	-5.338078	3982.918	1.330003e+08	3.585237e+08	5569.328	2595.729	93.95018	191827	10984.56	-4.626335	6492.815	-5.338078	3982.918	-4.626335	6492.815
36.46	1187.189	983739.6	2439.701	139656.9	1807.117	6713.246	88756.52	1632.028	2690.036	37174.26	54942.92	293.9502	-5.338078	2482.918	1.299278e+08	3.264664e+08	5569.328	1795.729	93.95018	202612	9684.562	-4.626335	5992.815	-5.338078	2482.918	-4.626335	5992.815
36.75	687.1886	914881.6	3240.701	139153.9	1407.117	6013.246	87853.52	2432.028	4191.036	38476.26	65267.92	293.9502	94.66192	2182.918	1.360754e+08	3.505092e+08	5069.328	4395.729	93.95018	203217	12185.56	-4.626335	7792.815	94.66192	2182.918	-4.626335	7792.815
37.03	1687.189	769777.6	2539.701	160481.9	1207.117	6013.246	78922.52	2832.028	3390.036	39878.26	72387.92	193.9502	-5.338078	2682.918	1.399156e+08	4.166328e+08	6469.328	3095.729	-6.049822	194850	12885.56	-4.626335	6792.815	-5.338078	2682.918	-4.626335	6792.815
37.32	1187.189	602540.6	2339.701	170649.9	1107.117	2611.246	97188.52	2032.028	3691.036	38576.26	74292.92	193.9502	-5.338078	4282.918	1.289043e+08	2.904044e+08	4968.328	4095.729	93.95018	170977	12185.56	-4.626335	6092.815	-5.338078	4282.918	-4.626335	6092.815
37.6	1987.189	444238.6	3340.701	156154.9	2707.117	2111.246	61974.53	1232.028	2690.036	33168.26	71284.92	193.9502	-5.338078	2882.918	1.250466e+08	3.82568e+08	4068.327	3495.729	93.95018	147025	10584.56	-4.626335	4391.815	-5.338078	2882.918	-4.626335	4391.815
37.89	2987.189	355919.6	3340.701	142472.9	7508.118	1011.246	51048.53	1932.028	4791.036	36373.26	72086.92	193.9502	-5.338078	2282.918	1.287727e+08	3.344805e+08	3368.327	3495.729	93.95018	110237	12185.56	-4.626335	4091.815	-5.338078	2282.918	-4.626335	4091.815
38.18	3387.189	338982.6	2139.701	118044.9	9209.117	1111.246	37523.53	1432.028	2990.036	25960.26	57749.92	193.9502	-5.338078	2282.918	1.286996e+08	3.044282e+08	3368.327	1695.729	193.9502	85840.95	9984.562	-4.626335	3291.815	-5.338078	2282.918	-4.626335	3291.815
38.46	4087.189	270741.6	4840.701	93439.92	24119.12	2811.246	34418.53	2232.028	3891.036	22156.26	51034.92	-6.049822	-5.338078	1682.918	1.232774e+08	3.264664e+08	2368.327	2695.729	93.95018	66281.95	11385.56	-4.626335	2691.815	-5.338078	1682.918	-4.626335	2691.815
38.75	9389.188	244970.6	3740.701	77083.92	28724.12	611.2456	28711.53	2832.028	3891.036	16251.26	52537.92	-6.049822	-5.338078	1082.918	1.30352e+08	3.064316e+08	2068.327	2095.729	93.95018	53350.95	11485.56	-4.626335	1991.815	-5.338078	1082.918	-4.626335	1991.815
39.04	15692.19	173055.6	3940.701	61940.92	39739.12	411.2456	30813.53	3032.028	3691.036	13550.26	44722.92	93.95018	-5.338078	982.9182	1.309371e+08	3.364841e+08	1468.327	2295.729	93.95018	42128.95	11285.56	-4.626335	1691.815	-5.338078	982.9182	-4.626335	1691.815
39.32	20996.19	198650.6	1739.701	58031.92	42443.12	611.2456	24206.53	2732.028	3791.036	13250.26	46726.92	-6.049822	-5.338078	682.9182	1.424536e+08	4.00602e+08	1368.327	1495.729	193.9502	40426.95	11084.56	-4.626335	1591.815	-5.338078	682.9182	-4.626335	1591.815
39.61	21296.19	141650.6	4040.701	63544.92	49356.12	911.2456	23505.53	3432.028	3290.036	16952.26	50433.92	293.9502	-5.338078	1782.918	1.411331e+08	4.146289e+08	1568.327	2095.729	193.9502	35919.95	12085.56	-4.626335	2091.815	-5.338078	1782.918	-4.626335	2091.815
39.89	21096.19	107773.6	2940.701	76682.92	40840.12	-1189.754	26708.53	3132.028	3190.036	20154.26	45523.92	193.9502	-5.338078	1782.918	1.354602e+08	3.705457e+08	1368.327	1195.729	93.95018	35118.95	11385.56	-4.626335	1791.815	-5.338078	1782.918	-4.626335	1791.815
40.18	14291.19	115107.6	2339.701	88421.92	29224.12	511.2456	28811.53	2832.028	4391.036	20855.26	47026.92	93.95018	-5.338078	2182.918	1.365003e+08	3.364841e+08	2168.327	1595.729	93.95018	30311.95	10584.56	-4.626335	1491.815	-5.338078	2182.918	-4.626335	1491.815
40.47	10989.19	96223.64	3940.701	86614.92	20916.12	111.2456	35019.53	3932.028	3991.036	28562.26	54141.92	-6.049822	-5.338078	2082.918	1.410304e+08	3.745531e+08	2468.327	1995.729	193.9502	29210.95	12585.56	-4.626335	2591.815	-5.338078	2082.918	-4.626335	2591.815
40.75	7588.188	74343.64	2839.701	86213.92	17013.12	11.24561	36221.53	2732.028	4391.036	29463.26	59152.92	93.95018	-5.338078	2682.918	1.338933e+08	3.344805e+08	2368.327	2495.729	93.95018	25406.95	11785.56	-4.626335	2591.815	-5.338078	2682.918	-4.626335	2591.815
41.04	7088.188	68726.64	2839.701	77484.92	14711.12	311.2456	36722.53	2732.028	3991.036	33969.26	53539.92	-6.049822	-5.338078	3082.918	1.418226e+08	3.805643e+08	2868.327	2795.729	-6.049822	33415.95	11685.56	-4.626335	4391.815	-5.338078	3082.918	-4.626335	4391.815
41.32	6488.188	70732.64	2739.701	64246.92	10809.12	-188.7544	41430.53	3032.028	3591.036	41881.26	56746.92	93.95018	-5.338078	3982.918	1.454046e+08	3.104385e+08	2168.327	2095.729	93.95018	37421.95	12485.56	-4.626335	4191.815	-5.338078	3982.918	-4.626335	4191.815
41.61	5888.188	57896.64	3840.701	63444.92	8909.117	-1289.754	48443.53	2132.028	3090.036	40779.26	55644.92	193.9502	-5.338078	3582.918	1.30586e+08	3.344805e+08	3168.327	1595.729	93.95018	42529.95	13686.56	95.37366	6392.815	-5.338078	3582.918	95.37366	6392.815
41.9	6288.188	65115.64	4540.701	62341.92	7008.118	11.24561	47741.53	3032.028	3190.036	48293.26	58350.92	193.9502	-5.338078	4482.918	1.327076e+08	4.066135e+08	3368.327	1195.729	-6.049822	55454.95	11685.56	-4.626335	5792.815	-5.338078	4482.918	-4.626335	5792.815
42.18	5988.188	63210.64	2639.701	60637.92	7508.118	3812.246	49545.53	2632.028	2190.036	49495.26	57448.92	93.95018	94.66192	4882.918	1.382588e+08	4.486958e+08	4968.328	2495.729	193.9502	82830.95	10684.56	-4.626335	5392.815	94.66192	4882.918	-4.626335	5392.815
42.47	6888.188	52482.64	4840.701	61639.92	6208.118	1111.246	49645.53	2332.028	3290.036	53303.26	58450.92	193.9502	-5.338078	4482.918	1.375553e+08	4.106212e+08	3268.327	2595.729	193.9502	78015.95	10984.56	95.37366	7192.815	-5.338078	4482.918	95.37366	7192.815
42.75	8088.188	61204.64	4140.701	69360.92	6708.118	611.2456	56360.53	3232.028	3390.036	59818.26	62460.92	393.9502	-5.338078	4682.918	1.423802e+08	3.765569e+08	3268.327	2095.729	293.9502	83131.95	11485.56	-4.626335	7392.815	-5.338078	4682.918	-4.626335	7392.815
43.04	12690.19	59199.64	3240.701	87518.92	5208.118	811.2456	50447.53	2032.028	3591.036	56009.26	61157.92	393.9502	-5.338078	4182.918	1.308786e+08	3.745531e+08	2668.327	2095.729	-6.049822	82128.95	11685.56	-4.626335	6892.815	-5.338078	4182.918	-4.626335	6892.815
43.32	15692.19	52983.64	2839.701	91432.92	4707.118	-488.7544	47841.53	1732.028	5091.036	55808.26	55243.92	593.9502	-5.338078	4682.918	1.223603e+08	3.144455e+08	2468.327	2695.729	93.95018	86242.95	12785.56	-4.626335	7492.815	-5.338078	4682.918	-4.626335	7492.815
43.61	22797.19	35448.64	3240.701	87718.92	6208.118	-1289.754	46038.53	3332.028	2990.036	54004.26	56045.92	293.9502	-5.338078	3582.918	1.451696e+08	3.485056e+08	3468.327	2595.729	293.9502	89352.95	10684.56	-4.626335	5792.815	-5.338078	3582.918	-4.626335	5792.815
43.9	26001.19	35147.64	3840.701	81497.92	7008.118	-989.7544	45838.53	2532.028	2690.036	46089.26	60255.92	1293.95	-5.338078	3782.918	1.335566e+08	3.204559e+08	2168.327	1595.729	-6.049822	80623.95	10084.56	-4.626335	4291.815	-5.338078	3782.918	-4.626335	4291.815
44.18	25500.19	32343.64	2940.701	64046.92	7608.118	-1189.754	38224.53	2432.028	3891.036	40579.26	56045.92	493.9502	-5.338078	3182.918	1.384641e+08	3.224594e+08	2268.327	1295.729	-6.049822	74604.95	10784.56	-4.626335	4591.815	-5.338078	3182.918	-4.626335	4591.815
44.47	23798.19	32343.64	2639.701	64146.92	11410.12	-689.7544	43834.53	2832.028	2390.036	37875.26	55945.92	593.9502	-5.338078	4782.918	1.387719e+08	3.384877e+08	3768.327	1595.729	-6.049822	70693.95	9884.562	-4.626335	5492.815	-5.338078	4782.918	-4.626335	5492.815
44.75	25200.19	39555.64	6541.701	55625.92	11410.12	-1289.754	41630.53	2732.028	2190.036	32667.26	51435.92	593.9502	-5.338078	3182.918	1.333223e+08	3.46502e+08	3968.327	2095.729	93.95018	73601.95	11084.56	-4.626335	5292.815	-5.338078	3182.918	-4.626335	5292.815
45.04	24699.19	27035.64	3940.701	57229.92	26421.12	11.24561	45337.53	2532.028	3591.036	34270.26	58751.92	-6.049822	-5.338078	4082.918	1.384787e+08	3.264664e+08	2968.327	1595.729	93.95018	66682.95	12085.56	-4.626335	4191.815	-5.338078	4082.918	-4.626335	4191.815
45.33	32909.19	32543.64	3140.701	55024.92	49256.12	-388.7544	38925.53	3132.028	3190.036	29063.26	58150.92	393.9502	-5.338078	3682.918	1.342007e+08	3.545164e+08	3068.327	995.7296	193.9502	59163.95	11685.56	-4.626335	3491.815	-5.338078	3682.918	-4.626335	3491.815
45.61	38617.19	27937.64	2439.701	56627.92	78129.12	-1089.754	35420.53	2132.028	2590.036	26060.26	58851.92	593.9502	-5.338078	3782.918	1.303081e+08	3.885793e+08	3868.327	1195.729	93.95018	51245.95	12285.56	-4.626335	3891.815	-5.338078	3782.918	-4.626335	3891.815
45.9	51841.19	25033.64	4640.701	60436.92	121803.1	-1789.754	39526.53	2132.028	3190.036	26860.26	70582.92	593.9502	-5.338078	2282.918	1.348304e+08	3.62531e+08	3668.327	1695.729	193.9502	46737.95	13886.56	-4.626335	1991.815	-5.338078	2282.918	-4.626335	1991.815
46.18	57253.19	87690.64	2339.701	67054.92	141607.1	-288.7544	33317.53	2632.028	2690.036	27161.26	67974.92	993.9502	-5.338078	2182.918	1.349622e+08	3.705457e+08	2568.327	2695.729	-6.049822	44132.95	13286.56	95.37366	3591.815	-5.338078	2182.918	95.37366	3591.815
46.47	61162.19	27035.64	2139.701	62843.92	189624.1	-88.75439	31114.53	2632.028	4691.036	22356.26	71083.92	1593.95	-5.338078	2782.918	1.32371e+08	3.68542e+08	2168.327	2595.729	-6.049822	40025.95	10284.56	-4.626335	3991.815	-5.338078	2782.918	-4.626335	3991.815
46.76	89246.19	25033.64	3640.701	62141.92	355721.1	111.2456	30513.53	2732.028	4491.036	23057.26	89642.92	2693.95	-5.338078	1782.918	1.481816e+08	3.985982e+08	2068.327	3295.729	93.95018	39725.95	11985.56	-4.626335	4891.815	-5.338078	1782.918	-4.626335	4891.815
47.04	113946.2	24632.64	4040.701	60236.92	499244.1	-1289.754	28010.53	1932.028	3991.036	20254.26	84324.92	3193.95	94.66192	1082.918	1.474321e+08	4.046097e+08	1768.327	1995.729	293.9502	37621.95	13886.56	-4.626335	4691.815	94.66192	1082.918	-4.626335	4691.815
47.33	114951.2	23231.64	2539.701	66352.92	612829.1	-488.7544	27609.53	1532.028	4291.036	21856.26	89542.92	4093.95	-5.338078	2182.918	1.232774e+08	3.965944e+08	2168.327	3095.729	193.9502	42429.95	11685.56	95.37366	5392.815	-5.338078	2182.918	95.37366	5392.815
47.61	112540.2	30841.64	3140.701	71867.92	632511.1	611.2456	24906.53	2932.028	3390.036	22957.26	90746.92	3993.95	-5.338078	2982.918	1.353137e+08	3.925868e+08	1568.327	4395.729	293.9502	43531.95	12885.56	-4.626335	5592.815	-5.338078	2982.918	-4.626335	5592.815
47.9	115654.2	21428.64	5240.701	84005.92	688769.1	-188.7544	23405.53	3232.028	3491.036	27561.26	90245.92	3493.95	-5.338078	1782.918	1.354602e+08	3.68542e+08	1468.327	4795.729	593.9502	43932.95	11485.56	-4.626335	6492.815	-5.338078	1782.918	-4.626335	6492.815
48.18	110631.2	28237.64	2439.701	81196.92	560421.1	411.2456	25207.53	2832.028	3491.036	29163.26	87234.92	3793.95	-5.338078	2082.918	1.352405e+08	3.745531e+08	2268.327	3395.729	693.9502	57860.95	11285.56	-4.626335	5792.815	-5.338078	2082.918	-4.626335	5792.815
48.47	100790.2	22830.64	2439.701	107797.9	516898.1	-288.7544	26808.53	2532.028	6691.036	36773.26	94059.92	2893.95	94.66192	1682.918	1.368519e+08	3.525128e+08	1968.327	2095.729	993.9502	72999.95	10684.56	-4.626335	6292.815	94.66192	1682.918	-4.626335	6292.815
48.76	104103.2	29339.64	2339.701	110610.9	503835.1	-1089.754	23805.53	2032.028	4191.036	39077.26	89141.92	2693.95	-5.338078	3282.918	1.37526e+08	3.545164e+08	1268.327	2195.729	293.9502	91661.95	11585.56	-4.626335	5192.815	-5.338078	3282.918	-4.626335	5192.815
49.04	87741.19	19827.64	3540.701	115733.9	452365.1	-588.7544	29512.53	2632.028	2890.036	41881.26	84926.92	4093.95	194.6619	2182.918	1.255286e+08	3.424948e+08	1768.327	2695.729	593.9502	102504	10284.56	-4.626335	6492.815	194.6619	2182.918	-4.626335	6492.815
49.33	98782.19	18525.64	1339.701	109505.9	445137.1	-1089.754	32616.53	2532.028	3390.036	44385.26	87736.92	1893.95	-5.338078	3282.918	1.3464e+08	3.344805e+08	2768.327	2195.729	593.9502	95274.95	8684.562	-4.626335	5992.815	-5.338078	3282.918	-4.626335	5992.815
49.61	103702.2	18726.64	2539.701	104885.9	447987.1	-88.75439	29311.53	2932.028	3390.036	50096.26	87535.92	1993.95	-5.338078	2382.918	1.428058e+08	3.545164e+08	1568.327	2895.729	193.9502	90757.95	15687.56	-4.626335	6192.815	-5.338078	2382.918	-4.626335	6192.815
49.9	101593.2	18926.64	3940.701	98961.92	476915.1	-388.7544	33717.53	1832.028	3491.036	56209.26	82317.92	2093.95	-5.338078	2382.918	1.433343e+08	3.304735e+08	2668.327	2695.729	193.9502	100897	15187.56	-4.626335	5592.815	-5.338078	2382.918	-4.626335	5592.815
50.18	108422.2	15623.64	2839.701	101471.9	453587.1	411.2456	32315.53	1632.028	3190.036	50497.26	86331.92	4593.95	-5.338078	2882.918	1.448465e+08	4.6072e+08	2368.327	2795.729	193.9502	136465	10184.56	-4.626335	5492.815	-5.338078	2882.918	-4.626335	5492.815
50.47	108924.2	24432.64	3040.701	93740.92	463058.1	811.2456	27810.53	1632.028	4391.036	49896.26	87134.92	15998.95	-5.338078	1582.918	1.212888e+08	3.424948e+08	2068.327	2695.729	1293.95	318003.9	11185.56	-4.626335	7292.815	-5.338078	1582.918	-4.626335	7292.815
50.76	120979.2	29739.64	2839.701	86313.92	431806.1	611.2456	28510.53	2732.028	4891.036	39177.26	91449.92	29711.95	-5.338078	2382.918	1.434517e+08	3.32477e+08	2468.327	3295.729	2893.95	535160.9	13286.56	-4.626335	5592.815	-5.338078	2382.918	-4.626335	5592.815
51.04	126406.2	47170.64	2940.701	72469.92	436486.1	2411.246	35019.53	2732.028	3591.036	32367.26	97873.92	49843.95	94.66192	1482.918	1.428058e+08	3.765569e+08	1768.327	4295.729	4493.95	673546.9	14586.56	-4.626335	7292.815	94.66192	1482.918	-4.626335	7292.815
51.33	141788.2	49976.64	4240.701	65149.92	469476.1	3912.246	35520.53	2832.028	2490.036	30364.26	93055.92	47238.95	-5.338078	1682.918	1.432462e+08	4.026059e+08	2168.327	4795.729	3693.95	590485.9	11084.56	-4.626335	7592.815	-5.338078	1682.918	-4.626335	7592.815
51.61	130728.2	61405.64	2439.701	60637.92	501897.1	2511.246	32215.53	1432.028	4191.036	29263.26	94761.92	48139.95	-5.338078	1582.918	1.414118e+08	3.845718e+08	2668.327	4895.729	2693.95	498412.9	12185.56	-4.626335	7392.815	-5.338078	1582.918	-4.626335	7392.815
51.9	147219.2	77554.64	1139.701	69460.92	630870.1	1111.246	31915.53	3032.028	4291.036	33869.26	90245.92	38022.95	-5.338078	1382.918	1.398276e+08	3.705457e+08	3468.327	4195.729	3093.95	382294.9	13486.56	-4.626335	6592.815	-5.338078	1382.918	-4.626335	6592.815
52.19	139475.2	37151.64	1239.701	65850.92	652105.1	1411.246	29111.53	1932.028	3691.036	37474.26	96669.92	29911.95	-5.338078	1182.918	1.365296e+08	3.505092e+08	2668.327	2395.729	1693.95	291584.9	8784.562	-4.626335	6792.815	-5.338078	1182.918	-4.626335	6792.815
52.47	139978.2	28938.64	2739.701	64346.92	678699.1	2111.246	24206.53	1332.028	3090.036	29864.26	83822.92	20902.95	-5.338078	2182.918	1.324002e+08	3.485056e+08	3268.327	3795.729	993.9502	231360	10584.56	95.37366	5992.815	-5.338078	2182.918	95.37366	5992.815
52.76	145208.2	28437.64	2839.701	75679.92	764524.1	311.2456	28711.53	3032.028	2890.036	36272.26	96468.92	16198.95	94.66192	2082.918	1.316686e+08	3.144455e+08	2568.327	3295.729	1593.95	186890	10884.56	-4.626335	6292.815	94.66192	2082.918	-4.626335	6292.815
53.04	134950.2	31241.64	2839.701	75277.92	797635.1	311.2456	24506.53	4132.028	3290.036	33168.26	88438.92	13196.95	-5.338078	2082.918	1.339665e+08	3.865756e+08	2668.327	5096.729	1293.95	150043	10784.56	-4.626335	7592.815	-5.338078	2082.918	-4.626335	7592.815
53.33	163923.2	27135.64	3940.701	81898.92	917130.1	-188.7544	21203.53	3132.028	2490.036	35371.26	101488.9	14897.95	-5.338078	1882.918	1.327661e+08	4.166328e+08	1868.327	4795.729	893.9502	120182	11385.56	-4.626335	7192.815	-5.338078	1882.918	-4.626335	7192.815
53.62	151545.2	23731.64	2439.701	71165.92	957294.1	-689.7544	17600.53	2032.028	3390.036	25159.26	101588.9	12496.95	-5.338078	882.9182	1.367787e+08	4.106212e+08	2268.327	5096.729	793.9502	96780.95	11685.56	-4.626335	7992.815	-5.338078	882.9182	-4.626335	7992.815
53.9	151847.2	18926.64	2139.701	75979.92	923871.1	1211.246	18200.53	2532.028	1890.036	22556.26	98275.92	13897.95	-5.338078	1282.918	1.370571e+08	3.344805e+08	1468.327	5096.729	393.9502	86141.95	11485.56	-4.626335	8893.815	-5.338078	1282.918	-4.626335	8893.815
54.19	143397.2	21529.64	2539.701	82801.92	816530.1	711.2456	14798.53	2232.028	4091.036	17752.26	107211.9	11296.95	-5.338078	1182.918	1.341129e+08	3.805643e+08	1568.327	5396.729	293.9502	71896.95	10584.56	-4.626335	6992.815	-5.338078	1182.918	-4.626335	6992.815
54.47	128617.2	19326.64	1839.701	83102.92	747109.1	711.2456	19501.53	3332.028	4091.036	15351.26	101789.9	8995.95	-5.338078	1082.918	1.339811e+08	3.545164e+08	1068.327	5196.729	993.9502	70593.95	11084.56	-4.626335	8793.815	-5.338078	1082.918	-4.626335	8793.815
54.76	121180.2	22830.64	3440.701	99463.92	619491.1	1011.246	15998.53	2632.028	3791.036	14250.26	109321.9	8394.95	-5.338078	1582.918	1.3864e+08	4.106212e+08	1968.327	4195.729	193.9502	57860.95	11985.56	-4.626335	7592.815	-5.338078	1582.918	-4.626335	7592.815
55.05	110430.2	19426.64	3740.701	105688.9	557762.1	-1489.754	17700.53	2532.028	2790.036	13049.26	109521.9	10295.95	-5.338078	782.9182	1.364124e+08	3.424948e+08	1568.327	4095.729	493.9502	69289.95	11385.56	-4.626335	6492.815	-5.338078	782.9182	-4.626335	6492.815
55.33	109125.2	21829.64	2539.701	120958.9	503019.1	-889.7544	18400.53	2332.028	3491.036	12549.26	105705.9	7694.95	-5.338078	1482.918	1.36134e+08	3.184524e+08	2168.327	4395.729	193.9502	114757	12985.56	-4.626335	5892.815	-5.338078	1482.918	-4.626335	5892.815
55.62	88343.19	22229.64	3940.701	117341.9	438114.1	811.2456	22604.53	2232.028	2390.036	13049.26	105002.9	6694.95	-5.338078	2182.918	1.39857e+08	3.404912e+08	1468.327	3895.729	593.9502	158495	10284.56	-4.626335	6692.815	-5.338078	2182.918	-4.626335	6692.815
55.9	80817.19	25734.64	2239.701	118144.9	371346.1	1011.246	28711.53	2932.028	4291.036	15951.26	98777.92	7994.95	-5.338078	2182.918	1.4445e+08	4.486958e+08	2968.327	3895.729	293.9502	208359	12085.56	-4.626335	5992.815	-5.338078	2182.918	-4.626335	5992.815
56.19	68882.19	28838.64	3140.701	101069.9	301009.1	2111.246	33117.53	2332.028	3491.036	17052.26	87635.92	5494.95	-5.338078	2182.918	1.31215e+08	3.32477e+08	2568.327	2695.729	193.9502	167856	9284.562	95.37366	4691.815	-5.338078	2182.918	95.37366	4691.815
56.48	59257.19	46168.64	3140.701	78287.92	222897.1	-488.7544	29612.53	2132.028	2490.036	20254.26	79207.92	4193.95	-5.338078	2782.918	1.353284e+08	3.46502e+08	3068.327	2195.729	393.9502	134857	10684.56	-4.626335	3191.815	-5.338078	2782.918	-4.626335	3191.815
56.76	57152.19	42962.64	3640.701	73572.92	176025.1	711.2456	37523.53	3432.028	3791.036	20054.26	75797.92	2693.95	-5.338078	3282.918	1.337469e+08	3.885793e+08	2268.327	2395.729	193.9502	118072	9584.562	-4.626335	2991.815	-5.338078	3282.918	-4.626335	2991.815
57.05	49536.19	55189.64	2139.701	61439.92	145932.1	2011.246	36722.53	2432.028	3390.036	20454.26	71384.92	2793.95	-5.338078	2682.918	1.420427e+08	3.965944e+08	2468.327	1395.729	193.9502	89051.95	12785.56	-4.626335	4091.815	-5.338078	2682.918	-4.626335	4091.815
57.33	47532.19	66218.64	2940.701	67956.92	118889.1	1611.246	38725.53	2232.028	2690.036	22056.26	69880.92	2893.95	-5.338078	3582.918	1.336151e+08	3.785605e+08	2968.327	2195.729	93.95018	77011.95	12085.56	-4.626335	4391.815	-5.338078	3582.918	-4.626335	4391.815
57.62	45328.19	58497.64	3040.701	64447.92	112359.1	3012.246	39226.53	2932.028	4091.036	24158.26	71484.92	2693.95	-5.338078	3682.918	1.387719e+08	3.965944e+08	2068.327	1195.729	393.9502	73501.95	10384.56	-4.626335	3191.815	-5.338078	3682.918	-4.626335	3191.815
57.91	40620.19	74243.64	2039.701	58031.92	79132.12	2511.246	42431.53	2532.028	2890.036	23757.26	67573.92	2493.95	-5.338078	3082.918	1.347279e+08	3.865756e+08	3168.327	1895.729	193.9502	59764.95	10184.56	-4.626335	2891.815	-5.338078	3082.918	-4.626335	2891.815
58.19	42022.19	66820.64	2839.701	51717.92	77226.12	2211.246	41329.53	2232.028	3190.036	22856.26	58851.92	1693.95	-5.338078	4582.918	1.690171e+08	3.384877e+08	2568.327	1095.729	193.9502	59363.95	12885.56	-4.626335	3591.815	-5.338078	4582.918	-4.626335	3591.815
58.48	41221.19	70030.64	3440.701	52919.92	62686.12	5813.246	39727.53	2932.028	3991.036	26660.26	66170.92	2393.95	94.66192	4782.918	1.531386e+08	3.505092e+08	3668.327	1995.729	193.9502	72297.95	11785.56	-4.626335	2791.815	94.66192	4782.918	-4.626335	2791.815
58.77	40320.19	181819.6	3140.701	49011.92	53965.12	3812.246	38725.53	3032.028	3190.036	24458.26	65367.92	3093.95	-5.338078	3982.918	1.439949e+08	4.026059e+08	2668.327	1495.729	193.9502	208964	13686.56	-4.626335	3491.815	-5.338078	3982.918	-4.626335	3491.815
59.05	40320.19	85983.64	1839.701	44102.92	43445.12	2611.246	37223.53	2432.028	3390.036	25559.26	67172.92	2993.95	-5.338078	2882.918	1.366321e+08	3.765569e+08	2668.327	3095.729	193.9502	390824.9	11485.56	-4.626335	3091.815	-5.338078	2882.918	-4.626335	3091.815
59.34	38016.19	97026.64	539.7012	44002.92	38036.12	3512.246	42832.53	1732.028	3991.036	23457.26	70281.92	4993.95	-5.338078	3082.918	1.447731e+08	3.505092e+08	2368.327	2395.729	393.9502	718265.9	10684.56	95.37366	3791.815	-5.338078	3082.918	95.37366	3791.815
59.62	36113.19	84177.64	3440.701	43200.92	29825.12	3112.246	37423.53	1732.028	2490.036	17852.26	62460.92	6694.95	-5.338078	3982.918	1.400036e+08	3.785605e+08	2968.327	2195.729	93.95018	1007286	11985.56	-4.626335	4191.815	-5.338078	3982.918	-4.626335	4191.815
59.91	39218.19	140342.6	1739.701	34987.92	31827.12	4212.246	38425.53	2732.028	3290.036	18953.26	64866.92	5194.95	-5.338078	2482.918	1.317564e+08	3.264664e+08	2968.327	2695.729	193.9502	933917.9	11985.56	95.37366	2891.815	-5.338078	2482.918	95.37366	2891.815
60.19	33610.19	146076.6	2139.701	32984.92	32729.12	2911.246	32115.53	1832.028	1890.036	15651.26	65167.92	6794.95	-5.338078	3182.918	1.270188e+08	3.665384e+08	3768.327	2095.729	393.9502	856725.9	10584.56	-4.626335	4191.815	-5.338078	3182.918	-4.626335	4191.815
60.48	35512.19	155737.6	3040.701	36389.92	57473.12	3512.246	32716.53	2532.028	2090.036	17452.26	61758.92	4993.95	-5.338078	2282.918	1.403116e+08	3.90583e+08	1768.327	1895.729	293.9502	746989.9	10184.56	-4.626335	4591.815	-5.338078	2282.918	-4.626335	4591.815
60.77	50338.19	188369.6	3340.701	54924.92	118488.1	1811.246	36822.53	3032.028	3390.036	21555.26	75195.92	5394.95	-5.338078	2582.918	1.403116e+08	4.046097e+08	3268.327	2895.729	93.95018	776467.9	11185.56	-4.626335	3691.815	-5.338078	2582.918	-4.626335	3691.815
61.05	53945.19	194315.6	2940.701	50614.92	119090.1	1811.246	33717.53	1732.028	5191.036	20855.26	80311.92	4893.95	-5.338078	1082.918	1.25266e+08	3.845718e+08	2368.327	2295.729	93.95018	952291.9	9884.562	-4.626335	3991.815	-5.338078	1082.918	-4.626335	3991.815
61.34	54747.19	547788.6	2239.701	50113.92	120095.1	811.2456	30012.53	1332.028	3591.036	20254.26	79609.92	9595.95	-5.338078	1582.918	1.372476e+08	3.585237e+08	1968.327	2095.729	-6.049822	1421172	9084.562	95.37366	4791.815	-5.338078	1582.918	95.37366	4791.815
61.63	52342.19	168724.6	3240.701	39394.92	98802.12	2911.246	27910.53	3132.028	4691.036	12549.26	75997.92	6094.95	-5.338078	1382.918	1.344936e+08	4.386759e+08	1468.327	2795.729	193.9502	1812929	12285.56	-4.626335	6692.815	-5.338078	1382.918	-4.626335	6692.815
61.91	44527.19	216704.6	2839.701	30981.92	71409.12	3312.246	25407.53	2432.028	4491.036	11449.26	69579.92	6894.95	-5.338078	982.9182	1.309663e+08	3.12442e+08	1768.327	2895.729	93.95018	1987908	11185.56	-4.626335	6592.815	-5.338078	982.9182	-4.626335	6592.815
62.2	33509.19	221648.6	3740.701	22072.92	47152.12	5312.246	29912.53	2632.028	4891.036	8247.264	69980.92	5894.95	-5.338078	1582.918	1.319612e+08	3.805643e+08	1568.327	2995.729	-6.049822	2154605	12285.56	-4.626335	5592.815	-5.338078	1582.918	-4.626335	5592.815
62.48	38617.19	252749.6	2839.701	18268.92	41241.12	2911.246	22504.53	3232.028	3791.036	10848.26	64966.92	8194.95	-5.338078	982.9182	1.353576e+08	3.204559e+08	1968.327	3195.729	193.9502	2136115	12285.56	95.37366	8092.815	-5.338078	982.9182	95.37366	8092.815
62.77	36714.19	243960.6	2639.701	24874.92	35733.12	4512.246	25407.53	3032.028	2790.036	14450.26	69579.92	12796.95	-5.338078	1982.918	1.339226e+08	3.865756e+08	2468.327	3095.729	193.9502	1787813	10484.56	95.37366	4191.815	-5.338078	1982.918	95.37366	4191.815
63.05	39218.19	217814.6	3940.701	31082.92	31327.12	2111.246	25507.53	1332.028	3791.036	18853.26	65869.92	9795.95	-5.338078	1982.918	1.329418e+08	3.805643e+08	1568.327	3895.729	293.9502	1496800	12385.56	95.37366	4491.815	-5.338078	1982.918	95.37366	4491.815
63.34	44126.19	259317.6	3340.701	38693.92	28423.12	2611.246	39025.53	2032.028	2890.036	19053.26	67674.92	6094.95	-5.338078	2082.918	1.376432e+08	3.364841e+08	1868.327	2395.729	93.95018	1079508	9384.562	-4.626335	4691.815	-5.338078	2082.918	-4.626335	4691.815
63.63	40520.19	199255.6	2839.701	39995.92	21316.12	1311.246	33717.53	4032.028	3691.036	22456.26	63964.92	7194.95	-5.338078	3182.918	1.398716e+08	3.865756e+08	2668.327	1595.729	193.9502	854760.9	12985.56	-4.626335	4091.815	-5.338078	3182.918	-4.626335	4091.815
63.91	34210.19	224272.6	2739.701	40696.92	18114.12	-588.7544	37523.53	2132.028	3190.036	20154.26	59052.92	3893.95	-5.338078	3682.918	1.351672e+08	3.585237e+08	2568.327	1495.729	193.9502	631264.9	10884.56	-4.626335	3491.815	-5.338078	3682.918	-4.626335	3491.815
64.2	27903.19	154026.6	2739.701	42599.92	19014.12	-989.7544	39727.53	2532.028	3090.036	25159.26	54541.92	4093.95	-5.338078	3382.918	1.330442e+08	3.885793e+08	2268.327	1295.729	193.9502	476491.9	12385.56	-4.626335	4891.815	-5.338078	3382.918	-4.626335	4891.815
64.48	29805.19	144064.6	2839.701	43801.92	17913.12	1611.246	36822.53	3532.028	4191.036	21956.26	50934.92	2193.95	-5.338078	2982.918	1.300302e+08	3.565201e+08	3068.327	1195.729	-6.049822	361589.9	11285.56	-4.626335	4191.815	-5.338078	2982.918	-4.626335	4191.815
64.77	29204.19	212870.6	1839.701	47007.92	23418.12	1411.246	40127.53	2932.028	3290.036	18453.26	56546.92	2293.95	-5.338078	3982.918	1.381269e+08	3.62531e+08	4068.327	495.7295	-6.049822	296845.9	11685.56	-4.626335	4891.815	-5.338078	3982.918	-4.626335	4891.815
65.06	31407.19	219025.6	2539.701	50314.92	35232.12	-88.75439	38625.53	2432.028	2990.036	21756.26	53740.92	2093.95	-5.338078	3382.918	1.304836e+08	3.264664e+08	2468.327	2195.729	193.9502	259231	10384.56	-4.626335	3791.815	-5.338078	3382.918	-4.626335	3791.815
65.34	33109.19	158857.6	3140.701	49612.92	66195.12	-488.7544	38725.53	2632.028	3891.036	22856.26	60054.92	1693.95	-5.338078	2782.918	1.363098e+08	3.545164e+08	2868.327	1995.729	293.9502	227827	10884.56	-4.626335	3591.815	-5.338078	2782.918	-4.626335	3591.815
65.63	45028.19	198751.6	2639.701	60236.92	110451.1	-388.7544	39526.53	2532.028	4091.036	24458.26	66270.92	1993.95	-5.338078	2582.918	1.322246e+08	4.046097e+08	2068.327	2195.729	93.95018	193641	10684.56	-4.626335	2591.815	-5.338078	2582.918	-4.626335	2591.815
65.91	47833.19	169630.6	3040.701	57129.92	147240.1	-488.7544	37423.53	2732.028	3491.036	23857.26	69178.92	2093.95	-5.338078	2082.918	1.311858e+08	4.046097e+08	2368.327	1995.729	93.95018	167453	8884.562	-4.626335	3091.815	-5.338078	2082.918	-4.626335	3091.815
66.2	59658.19	169832.6	1639.701	59935.92	162937.1	311.2456	33317.53	1832.028	2390.036	21455.26	64265.92	893.9502	-5.338078	2882.918	1.324734e+08	3.785605e+08	2568.327	1995.729	293.9502	140488	10584.56	-4.626335	3191.815	-5.338078	2882.918	-4.626335	3191.815
66.49	57653.19	156341.6	2739.701	59434.92	167668.1	-1789.754	44235.53	2732.028	3190.036	22156.26	67974.92	1893.95	-5.338078	3382.918	1.284072e+08	3.545164e+08	1568.327	2395.729	393.9502	104713	8583.562	-4.626335	3491.815	-5.338078	3382.918	-4.626335	3491.815
66.77	62264.19	153120.6	2239.701	57630.92	168775.1	211.2456	32816.53	2832.028	3591.036	20855.26	66671.92	2893.95	-5.338078	1582.918	1.35841e+08	3.545164e+08	3268.327	1395.729	393.9502	108931	10584.56	-4.626335	2591.815	-5.338078	1582.918	-4.626335	2591.815
67.06	69784.19	235578.6	2139.701	52017.92	192748.1	-1189.754	31414.53	1932.028	2890.036	16151.26	67272.92	3493.95	-5.338078	2282.918	1.381856e+08	3.485056e+08	1868.327	1695.729	-6.049822	101901	11885.56	-4.626335	2391.815	-5.338078	2282.918	-4.626335	2391.815
67.34	84530.19	173055.6	3440.701	52418.92	264298.1	711.2456	32916.53	2532.028	4391.036	12549.26	75496.92	3593.95	-5.338078	1182.918	1.341568e+08	3.885793e+08	1868.327	1795.729	193.9502	96981.95	11685.56	-4.626335	3091.815	-5.338078	1182.918	-4.626335	3091.815
67.63	95469.19	242546.6	4240.701	49412.92	402421.1	-588.7544	25107.53	2132.028	2990.036	16652.26	80612.92	3793.95	-5.338078	1482.918	1.343179e+08	3.204559e+08	1568.327	2495.729	293.9502	80021.95	10084.56	-4.626335	5492.815	-5.338078	1482.918	-4.626335	5492.815
67.92	116156.2	92508.64	-360.2988	50414.92	570546.1	-288.7544	21303.53	2132.028	3390.036	17852.26	88137.92	5094.95	-5.338078	1382.918	1.353576e+08	3.505092e+08	1668.327	3695.729	293.9502	81024.95	9784.562	-4.626335	3591.815	-5.338078	1382.918	-4.626335	3591.815
68.2	142190.2	84879.64	2039.701	55826.92	745873.1	311.2456	21403.53	2332.028	3991.036	20154.26	88840.92	5794.95	-5.338078	1482.918	1.332491e+08	3.404912e+08	2268.327	3095.729	193.9502	79118.95	7983.562	-4.626335	6092.815	-5.338078	1482.918	-4.626335	6092.815
68.49	144403.2	86485.64	3040.701	68558.92	794848.1	111.2456	23805.53	2032.028	3691.036	26660.26	88840.92	4993.95	-5.338078	1582.918	1.321954e+08	3.485056e+08	2068.327	3095.729	293.9502	76711.95	12685.56	-4.626335	6092.815	-5.338078	1582.918	-4.626335	6092.815
68.77	126406.2	81768.64	3540.701	75779.92	689283.1	-88.75439	25507.53	1632.028	2290.036	28462.26	90947.92	4293.95	-5.338078	2682.918	1.298401e+08	3.384877e+08	1568.327	3495.729	-6.049822	71896.95	10484.56	-4.626335	5892.815	-5.338078	2682.918	-4.626335	5892.815
69.06	117261.2	58597.64	3940.701	81798.92	632101.1	-689.7544	26308.53	2232.028	1990.036	41981.26	90144.92	1693.95	-5.338078	2882.918	1.371303e+08	3.605274e+08	2168.327	3095.729	393.9502	68888.95	11785.56	95.37366	5792.815	-5.338078	2882.918	95.37366	5792.815
69.35	113143.2	64012.64	2139.701	96049.92	531193.1	-588.7544	29912.53	3232.028	4591.036	51198.26	86231.92	2893.95	-5.338078	2282.918	1.346693e+08	3.404912e+08	2168.327	1995.729	93.95018	84335.95	10884.56	-4.626335	5892.815	-5.338078	2282.918	-4.626335	5892.815
69.63	94064.19	60402.64	3340.701	101471.9	437707.1	-1889.754	33918.53	2332.028	3190.036	58414.26	84424.92	1993.95	-5.338078	2182.918	1.323563e+08	3.745531e+08	3068.327	1995.729	193.9502	114455	10584.56	-4.626335	6592.815	-5.338078	2182.918	-4.626335	6592.815
69.92	97979.19	52582.64	3340.701	104483.9	396528.1	311.2456	30713.53	2032.028	3290.036	58515.26	85829.92	3693.95	-5.338078	2382.918	1.324002e+08	3.485056e+08	2868.327	2795.729	493.9502	189913	12085.56	-4.626335	5692.815	-5.338078	2382.918	-4.626335	5692.815
70.2	96874.19	46268.64	3240.701	91532.92	346391.1	-1689.754	33317.53	1932.028	2890.036	51299.26	83321.92	7594.95	-5.338078	3882.918	1.326051e+08	3.805643e+08	1668.327	3495.729	693.9502	309801.9	11285.56	-4.626335	8292.815	-5.338078	3882.918	-4.626335	8292.815
70.49	101091.2	50879.64	1439.701	82099.92	323488.1	-1189.754	28010.53	1932.028	3390.036	41080.26	86130.92	11396.95	94.66192	1282.918	1.289774e+08	4.046097e+08	2368.327	3295.729	1793.95	482403.9	11785.56	-4.626335	10893.82	94.66192	1282.918	-4.626335	10893.82
70.78	114850.2	44465.64	3140.701	65951.92	316499.1	911.2456	25907.53	1632.028	2390.036	32667.26	87134.92	19401.95	-5.338078	1582.918	1.281295e+08	3.90583e+08	2868.327	2995.729	2093.95	813621.9	12985.56	-4.626335	11194.82	-5.338078	1582.918	-4.626335	11194.82
71.06	135554.2	24632.64	1439.701	52518.92	255709.1	711.2456	23505.53	1132.028	3891.036	26560.26	95263.92	32915.95	-5.338078	1182.918	1.356945e+08	3.384877e+08	2868.327	3695.729	2993.95	1071578	11585.56	-4.626335	11594.82	-5.338078	1182.918	-4.626335	11594.82
71.35	134649.2	20628.64	2239.701	39794.92	218357.1	3312.246	26808.53	2232.028	3591.036	19153.26	98174.92	50043.95	-5.338078	1282.918	1.337908e+08	3.605274e+08	2068.327	4695.729	3493.95	1278259	9184.562	-4.626335	12594.82	-5.338078	1282.918	-4.626335	12594.82
71.64	107317.2	16824.64	3040.701	31082.92	161326.1	1111.246	16699.53	1732.028	2690.036	17152.26	69278.92	27108.95	-5.338078	882.9182	9.11495e+07	2.383194e+08	1168.327	2695.729	2793.95	688855.9	6383.562	-4.626335	8893.815	-5.338078	882.9182	-4.626335	8893.815
71.92	68180.19	14422.64	1539.701	28779.92	126326.1	11.24561	14798.53	732.0284	1590.036	11149.26	46625.92	15598.95	-5.338078	782.9182	6.21171e+07	1.722194e+08	1068.327	1595.729	1193.95	502085.9	5883.562	-4.626335	4791.815	-5.338078	782.9182	-4.626335	4791.815
72.21	56551.19	17625.64	2639.701	20370.92	89969.12	-388.7544	7594.527	932.0284	1590.036	9948.264	37610.92	13196.95	-5.338078	582.9182	4.681043e+07	1.323753e+08	568.3274	1095.729	793.9502	379451.9	3182.562	-4.626335	3691.815	-5.338078	582.9182	-4.626335	3691.815
72.49	38717.19	8417.641	-1261.299	16167.92	71610.12	-1189.754	6393.527	432.0284	2490.036	6447.263	27597.92	10095.95	-5.338078	1182.918	3.72647e+07	1.055492e+08	668.3274	395.7295	593.9502	259534	2782.562	-4.626335	2791.815	-5.338078	1182.918	-4.626335	2791.815
72.78	30606.19	8117.641	-761.2988	11764.92	61082.12	-288.7544	5493.527	732.0284	90.03564	7647.263	23693.92	7094.95	-5.338078	782.9182	3.105739e+07	8.02538e+07	568.3274	795.7296	593.9502	195153	1582.562	-4.626335	2591.815	-5.338078	782.9182	-4.626335	2591.815
73.06	23898.19	5616.641	239.7012	8363.922	50959.12	-989.7544	4593.527	132.0284	590.0356	4946.263	16087.92	5894.95	-5.338078	182.9182	2.307223e+07	6.936838e+07	568.3274	395.7295	393.9502	167554	1582.562	-4.626335	1991.815	-5.338078	182.9182	-4.626335	1991.815
73.35	19995.19	21729.64	-961.2988	9563.922	40139.12	-88.75439	5093.527	332.0284	190.0356	5047.263	13686.92	3193.95	-5.338078	182.9182	1.888794e+07	5.668892e+07	368.3274	495.7295	93.95018	147830	1282.562	-4.626335	891.8149	-5.338078	182.9182	-4.626335	891.8149
73.64	15592.19	4715.641	339.7012	8663.922	29525.12	-588.7544	2192.527	632.0284	490.0356	3546.263	12585.92	4093.95	-5.338078	-17.08185	1.555823e+07	4.538749e+07	-31.6726	95.72954	293.9502	120886	882.5623	-4.626335	1591.815	-5.338078	-17.08185	-4.626335	1591.815
73.92	12890.19	1614.641	-260.2988	5862.922	28423.12	-188.7544	3293.527	632.0284	1190.036	3746.263	9984.918	3093.95	-5.338078	-17.08185	1.312315e+07	3.595167e+07	268.3274	395.7295	93.95018	83934.95	982.5623	-4.626335	1191.815	-5.338078	-17.08185	-4.626335	1191.815
74.21	11590.19	1714.641	-1261.299	2761.922	29324.12	-388.7544	1392.527	432.0284	390.0356	1646.263	6683.918	2793.95	-5.338078	82.91815	9402994	2.648377e+07	368.3274	195.7295	93.95018	69590.95	482.5623	-4.626335	591.8149	-5.338078	82.91815	-4.626335	591.8149
74.49	10389.19	414.6406	-1161.299	4462.922	14611.12	-1489.754	1792.527	732.0284	-209.9644	1746.263	7583.918	2893.95	-5.338078	182.9182	7664494	2.143882e+07	68.3274	295.7295	193.9502	53350.95	682.5623	-4.626335	1091.815	-5.338078	182.9182	-4.626335	1091.815
74.78	7188.188	2615.641	239.7012	2761.922	15412.12	-1789.754	1192.527	-167.9716	290.0356	2046.263	5883.918	2493.95	-5.338078	182.9182	7339504	2.113977e+07	68.3274	-4.270463	93.95018	51947.95	482.5623	-4.626335	591.8149	-5.338078	182.9182	-4.626335	591.8149
75.06	5588.188	4715.641	1039.701	1261.922	13411.12	-789.7544	1192.527	632.0284	190.0356	1346.263	4882.918	1293.95	-5.338078	-17.08185	5220732	1.529198e+07	268.3274	195.7295	93.95018	34917.95	282.5623	-4.626335	591.8149	-5.338078	-17.08185	-4.626335	591.8149
75.35	5588.188	1614.641	-2361.299	2361.922	12310.12	711.2456	1392.527	532.0284	-809.9644	1446.263	3482.918	1293.95	-5.338078	-17.08185	5277218	1.458122e+07	-31.6726	95.72954	-6.049822	29010.95	182.5623	-4.626335	291.8149	-5.338078	-17.08185	-4.626335	291.8149
75.64	3487.189	714.6406	-1861.299	1061.922	5908.118	-2189.754	892.5267	132.0284	1490.036	746.2634	3382.918	1693.95	-5.338078	82.91815	4641824	9993189	68.3274	-4.270463	-6.049822	34216.95	282.5623	-4.626335	191.8149	-5.338078	82.91815	-4.626335	191.8149
75.92	2987.189	1014.641	-2061.299	2161.922	8208.117	-288.7544	-7.473267	-167.9716	90.03564	1146.263	2282.918	1193.95	-5.338078	-17.08185	3385494	8531379	68.3274	195.7295	-6.049822	20702.95	82.56228	-4.626335	-8.185054	-5.338078	-17.08185	-4.626335	-8.185054
76.21	3387.189	1314.641	-660.2988	1961.922	4907.118	-1889.754	992.5267	-67.97156	490.0356	846.2634	882.9182	793.9502	-5.338078	82.91815	2665778	8829369	368.3274	95.72954	93.95018	20601.95	582.5623	-4.626335	291.8149	-5.338078	82.91815	-4.626335	291.8149
76.49	1887.189	614.6406	639.7012	861.9218	6708.118	-689.7544	-507.4733	432.0284	-109.9644	146.2633	2482.918	193.9502	-5.338078	-17.08185	2623446	6219261	-31.6726	195.7295	93.95018	19100.95	-17.43772	-4.626335	91.81495	-5.338078	-17.08185	-4.626335	91.81495
76.78	1587.189	1614.641	-961.2988	361.9218	5308.118	-1189.754	-7.473267	-267.9716	90.03564	546.2634	1682.918	393.9502	-5.338078	-17.08185	1480680	6049104	-31.6726	-4.270463	-6.049822	16498.95	182.5623	-4.626335	191.8149	-5.338078	-17.08185	-4.626335	191.8149
77.07	1087.189	1514.641	-2161.299	1061.922	2007.117	-2189.754	292.5267	-67.97156	1290.036	346.2633	1082.918	193.9502	-5.338078	-17.08185	1254993	4135393	-31.6726	195.7295	-6.049822	11796.95	282.5623	-4.626335	91.81495	-5.338078	-17.08185	-4.626335	91.81495
77.36	1087.189	1514.641	-460.2988	861.9218	3907.117	-789.7544	92.52673	232.0284	-209.9644	346.2633	782.9182	193.9502	-5.338078	-17.08185	1621742	3157674	68.3274	-4.270463	93.95018	7894.95	382.5623	-4.626335	191.8149	-5.338078	-17.08185	-4.626335	191.8149
77.65	1587.189	314.6406	-60.29883	-38.07825	3207.117	-1789.754	-507.4733	332.0284	-509.9644	246.2633	1082.918	93.95018	-5.338078	82.91815	1156259	3271019	-31.6726	-4.270463	-6.049822	5894.95	82.56228	-4.626335	191.8149	-5.338078	82.91815	-4.626335	191.8149
77.94	587.1886	1114.641	-1961.299	761.9218	1607.117	-1789.754	792.5267	-267.9716	-709.9644	-53.73666	382.9182	393.9502	-5.338078	-17.08185	465200.4	3908652	68.3274	-4.270463	93.95018	6794.95	82.56228	-4.626335	-8.185054	-5.338078	-17.08185	-4.626335	-8.185054
78.23	487.1886	14.64062	-260.2988	561.9218	707.1174	-3089.754	292.5267	-567.9716	-9.964355	46.26334	282.9182	-6.049822	-5.338078	-17.08185	834575.4	2661833	-31.6726	-4.270463	-6.049822	5694.95	-17.43772	-4.626335	91.81495	-5.338078	-17.08185	-4.626335	91.81495
78.52	887.1886	714.6406	-560.2988	361.9218	2007.117	-488.7544	-307.4733	-567.9716	290.0356	346.2633	582.9182	-6.049822	-5.338078	-17.08185	620324.4	2180225	-31.6726	-4.270463	-6.049822	4393.95	-17.43772	-4.626335	-8.185054	-5.338078	-17.08185	-4.626335	-8.185054
78.81	587.1886	1414.641	-1061.299	161.9218	1207.117	-1289.754	692.5267	232.0284	190.0356	146.2633	382.9182	393.9502	-5.338078	-17.08185	648529.4	2307703	-31.6726	-4.270463	-6.049822	1793.95	182.5623	-4.626335	-8.185054	-5.338078	-17.08185	-4.626335	-8.185054
79.1	787.1886	-585.3594	39.70117	-38.07825	807.1174	111.2456	-807.4733	232.0284	-209.9644	46.26334	682.9182	93.95018	-5.338078	-17.08185	521608.4	1528742	-31.6726	-4.270463	93.95018	3793.95	82.56228	-4.626335	-8.185054	-5.338078	-17.08185	-4.626335	-8.185054
79.39	287.1886	-285.3594	-1661.299	961.9218	2207.117	-1689.754	-307.4733	-467.9716	-309.9644	146.2633	82.91815	-6.049822	-5.338078	-17.08185	416105.4	1259686	-31.6726	-4.270463	-6.049822	3993.95	82.56228	-4.626335	-8.185054	-5.338078	-17.08185	-4.626335	-8.185054
79.67	387.1886	1814.641	-60.29883	61.92175	607.1174	-1789.754	192.5267	-67.97156	-9.964355	-53.73666	182.9182	93.95018	-5.338078	82.91815	422512.4	749951.8	-31.6726	-4.270463	-6.049822	1393.95	-17.43772	-4.626335	-8.185054	-5.338078	82.91815	-4.626335	-8.185054
79.97	487.1886	514.6406	-1161.299	-38.07825	1207.117	-689.7544	-407.4733	132.0284	190.0356	-53.73666	282.9182	93.95018	-5.338078	-17.08185	240825.4	1132246	168.3274	-4.270463	93.95018	1193.95	182.5623	-4.626335	91.81495	-5.338078	-17.08185	-4.626335	91.81495
80.26	187.1886	414.6406	-1261.299	361.9218	2107.117	-1789.754	92.52673	332.0284	-209.9644	246.2633	282.9182	-6.049822	-5.338078	-17.08185	169073.4	226134.8	-31.6726	-4.270463	-6.049822	1693.95	-17.43772	95.37366	-8.185054	-5.338078	-17.08185	95.37366	-8.185054
80.55	187.1886	-185.3594	-560.2988	361.9218	707.1174	-1689.754	-107.4733	32.02844	-409.9644	-53.73666	282.9182	-6.049822	-5.338078	82.91815	217210.4	424326.8	-31.6726	95.72954	-6.049822	3393.95	82.56228	-4.626335	-8.185054	-5.338078	82.91815	-4.626335	-8.185054
80.84	87.18861	414.6406	-1161.299	961.9218	407.1174	-1889.754	-207.4733	232.0284	290.0356	146.2633	82.91815	-6.049822	-5.338078	-17.08185	182131.4	1047288	-31.6726	-4.270463	-6.049822	893.9502	-17.43772	-4.626335	-8.185054	-5.338078	-17.08185	-4.626335	-8.185054
81.13	87.18861	214.6406	239.7012	61.92175	107.1174	-989.7544	192.5267	132.0284	-409.9644	-53.73666	82.91815	-6.049822	-5.338078	-17.08185	112723.4	396012.8	-31.6726	-4.270463	-6.049822	1193.95	82.56228	-4.626335	-8.185054	-5.338078	-17.08185	-4.626335	-8.185054
81.41	87.18861	1214.641	-1561.299	261.9218	7.117439	-288.7544	-307.4733	132.0284	690.0356	146.2633	-17.08185	93.95018	-5.338078	-17.08185	254156.4	197822.8	-31.6726	-4.270463	-6.049822	293.9502	-17.43772	-4.626335	191.8149	-5.338078	-17.08185	-4.626335	191.8149
81.7	287.1886	414.6406	-60.29883	161.9218	607.1174	-1189.754	192.5267	332.0284	-409.9644	-53.73666	-17.08185	93.95018	-5.338078	-17.08185	170449.4	311072.8	-31.6726	95.72954	-6.049822	693.9502	-17.43772	-4.626335	-8.185054	-5.338078	-17.08185	-4.626335	-8.185054
81.99	187.1886	414.6406	939.7012	-138.0782	407.1174	-488.7544	492.5267	-67.97156	190.0356	46.26334	-17.08185	93.95018	-5.338078	-17.08185	44409.39	693318.8	-31.6726	-4.270463	-6.049822	93.95018	-17.43772	-4.626335	-8.185054	-5.338078	-17.08185	-4.626335	-8.185054
82.28	87.18861	1014.641	-1261.299	461.9218	307.1174	-889.7544	292.5267	132.0284	490.0356	46.26334	-17.08185	93.95018	-5.338078	-17.08185	132721.4	141198.8	168.3274	-4.270463	-6.049822	-6.049822	-17.43772	-4.626335	-8.185054	-5.338078	-17.08185	-4.626335	-8.185054
82.57	-12.81139	214.6406	-861.2988	-38.07825	307.1174	-1789.754	492.5267	-67.97156	-809.9644	46.26334	182.9182	-6.049822	-5.338078	-17.08185	13969.39	197822.8	-31.6726	-4.270463	93.95018	293.9502	82.56228	-4.626335	191.8149	-5.338078	-17.08185	-4.626335	191.8149
82.86	-12.81139	514.6406	-2061.299	-38.07825	107.1174	-889.7544	-607.4733	-167.9716	-409.9644	246.2633	-17.08185	-6.049822	-5.338078	-17.08185	78894.4	197822.8	-31.6726	-4.270463	-6.049822	-6.049822	-17.43772	-4.626335	-8.185054	-5.338078	-17.08185	-4.626335	-8.185054
83.15	-12.81139	1414.641	-560.2988	-238.0782	107.1174	-689.7544	-207.4733	-67.97156	-409.9644	46.26334	-17.08185	-6.049822	-5.338078	-17.08185	41904.39	183666.8	-31.6726	-4.270463	-6.049822	393.9502	-17.43772	-4.626335	-8.185054	-5.338078	-17.08185	-4.626335	-8.185054
83.44	87.18861	-985.3594	-761.2988	261.9218	7.117439	-689.7544	492.5267	332.0284	290.0356	46.26334	82.91815	-6.049822	-5.338078	-17.08185	66458.4	196817.8	-31.6726	-4.270463	-6.049822	-6.049822	-17.43772	-4.626335	-8.185054	-5.338078	-17.08185	-4.626335	-8.185054
83.72	87.18861	1114.641	-2361.299	-538.0782	107.1174	11.24561	292.5267	-167.9716	-209.9644	46.26334	182.9182	-6.049822	-5.338078	-17.08185	37898.39	83283.77	-31.6726	-4.270463	-6.049822	193.9502	-17.43772	-4.626335	-8.185054	-5.338078	-17.08185	-4.626335	-8.185054
84	187.1886	1914.641	-1261.299	-138.0782	407.1174	-1889.754	392.5267	32.02844	-9.964355	-53.73666	-17.08185	-6.049822	-5.338078	-17.08185	91236.4	217992.8	-31.6726	-4.270463	-6.049822	93.95018	-17.43772	-4.626335	-8.185054	-5.338078	-17.08185	-4.626335	-8.185054
84.29	87.18861	1014.641	-1661.299	-338.0782	107.1174	-1289.754	-207.4733	132.0284	-209.9644	146.2633	-17.08185	-6.049822	-5.338078	-17.08185	10071.39	143858.8	-31.6726	-4.270463	-6.049822	193.9502	-17.43772	-4.626335	-8.185054	-5.338078	-17.08185	-4.626335	-8.185054
84.57	-12.81139	714.6406	-1661.299	-238.0782	207.1174	-1589.754	-7.473267	-567.9716	-309.9644	-53.73666	82.91815	93.95018	-5.338078	82.91815	22279.39	98731.77	-31.6726	-4.270463	-6.049822	293.9502	-17.43772	-4.626335	-8.185054	-5.338078	82.91815	-4.626335	-8.185054
84.86	-12.81139	-385.3594	39.70117	561.9218	-92.88256	-789.7544	-407.4733	-67.97156	790.0356	46.26334	82.91815	-6.049822	-5.338078	-17.08185	15874.39	282759.8	-31.6726	95.72954	-6.049822	893.9502	-17.43772	-4.626335	-8.185054	-5.338078	-17.08185	-4.626335	-8.185054
85.15	-12.81139	614.6406	-660.2988	-238.0782	107.1174	-1289.754	-407.4733	-67.97156	-309.9644	-53.73666	-17.08185	-6.049822	-5.338078	-17.08185	14273.39	-356.2278	-31.6726	-4.270463	93.95018	93.95018	-17.43772	-4.626335	-8.185054	-5.338078	-17.08185	-4.626335	-8.185054
85.44	-12.81139	314.6406	239.7012	261.9218	107.1174	-2689.754	-407.4733	-67.97156	-509.9644	46.26334	82.91815	-6.049822	-5.338078	-17.08185	18876.39	5444.772	68.3274	-4.270463	-6.049822	-6.049822	-17.43772	-4.626335	-8.185054	-5.338078	-17.08185	-4.626335	-8.185054
85.72	87.18861	-485.3594	-2561.299	-138.0782	107.1174	-1089.754	-307.4733	-67.97156	-809.9644	-53.73666	-17.08185	-6.049822	94.66192	-17.08185	18976.39	143.7722	-31.6726	-4.270463	-6.049822	293.9502	-17.43772	-4.626335	-8.185054	94.66192	-17.08185	-4.626335	-8.185054
86.01	-12.81139	-385.3594	-761.2988	161.9218	207.1174	-889.7544	-7.473267	-367.9716	590.0356	-53.73666	-17.08185	-6.049822	-5.338078	-17.08185	17075.39	69741.77	-31.6726	-4.270463	-6.049822	693.9502	-17.43772	-4.626335	-8.185054	-5.338078	-17.08185	-4.626335	-8.185054
86.29	-12.81139	-1185.359	439.7012	361.9218	-92.88256	-689.7544	892.5267	132.0284	-209.9644	-53.73666	-17.08185	-6.049822	-5.338078	-17.08185	20177.39	1143.772	-31.6726	-4.270463	-6.049822	93.95018	-17.43772	-4.626335	-8.185054	-5.338078	-17.08185	-4.626335	-8.185054
86.58	-12.81139	14.64062	-460.2988	61.92175	7.117439	-388.7544	592.5267	32.02844	-109.9644	-53.73666	-17.08185	-6.049822	-5.338078	-17.08185	30888.39	381855.8	-31.6726	-4.270463	-6.049822	-6.049822	-17.43772	-4.626335	-8.185054	-5.338078	-17.08185	-4.626335	-8.185054
86.86	-12.81139	314.6406	139.7012	261.9218	-92.88256	-1489.754	-407.4733	-167.9716	-409.9644	-53.73666	-17.08185	-6.049822	-5.338078	-17.08185	34793.39	143.7722	-31.6726	-4.270463	-6.049822	-6.049822	-17.43772	-4.626335	-8.185054	-5.338078	-17.08185	-4.626335	-8.185054
87.15	-12.81139	-85.35938	-660.2988	61.92175	107.1174	-1389.754	-507.4733	-167.9716	390.0356	-53.73666	-17.08185	-6.049822	-5.338078	-17.08185	91537.4	2543.772	68.3274	-4.270463	-6.049822	-6.049822	-17.43772	-4.626335	-8.185054	-5.338078	-17.08185	-4.626335	-8.185054
87.43	87.18861	614.6406	-961.2988	-38.07825	7.117439	-1289.754	292.5267	32.02844	790.0356	46.26334	-17.08185	-6.049822	-5.338078	-17.08185	19677.39	18650.77	-31.6726	-4.270463	-6.049822	-6.049822	-17.43772	-4.626335	-8.185054	-5.338078	-17.08185	-4.626335	-8.185054
87.72	-12.81139	-485.3594	-1361.299	-438.0782	-92.88256	-1489.754	-407.4733	132.0284	1090.036	46.26334	-17.08185	-6.049822	-5.338078	82.91815	-30.60498	69841.77	-31.6726	-4.270463	-6.049822	-6.049822	-17.43772	-4.626335	91.81495	-5.338078	82.91815	-4.626335	91.81495
88	-12.81139	814.6406	-1061.299	-238.0782	107.1174	-1589.754	-107.4733	-67.97156	190.0356	46.26334	-17.08185	-6.049822	-5.338078	-17.08185	7470.395	-56.22775	-31.6726	-4.270463	-6.049822	93.95018	-17.43772	-4.626335	-8.185054	-5.338078	-17.08185	-4.626335	-8.185054
