ElapsedTime_s	Ti49_CPS	Al27_CPS	S33_CPS	Sc45_CPS	V51_CPS	Mn55_CPS	Fe57_CPS	Co59_CPS	Ni60_CPS	Ga71_CPS	Zr90_CPS	Nb93_CPS	Mo97_CPS	In113_CPS	Sn119_CPS	Sn118_CPS	Sb121_CPS	Hf177_CPS	Ta181_CPS	W183_CPS	Pb206_CPS	Th232_CPS	U238_CPS	Tc97_CPS	Cd113_CPS	U232_CPS	Pu238_CPS
0	-12.81139	214.6406	-1061.299	-138.0782	-92.88256	-689.7544	92.52673	532.0284	690.0356	46.26334	182.9182	-6.049822	-5.338078	82.91815	-130.605	183666.8	-31.6726	-4.270463	-6.049822	-6.049822	-17.43772	-4.626335	-8.185054	-5.338078	82.91815	-4.626335	-8.185054
																											
9.14	87.18861	114.6406	-1161.299	161.9218	-92.88256	-588.7544	-207.4733	-67.97156	-409.9644	46.26334	-17.08185	-6.049822	-5.338078	-17.08185	-130.605	17950.77	-31.6726	-4.270463	-6.049822	-6.049822	-17.43772	-4.626335	91.81495	-5.338078	-17.08185	-4.626335	91.81495
9.43	87.18861	-285.3594	-660.2988	61.92175	-92.88256	111.2456	-507.4733	232.0284	-9.964355	46.26334	-17.08185	-6.049822	-5.338078	-17.08185	-130.605	72248.77	-31.6726	-4.270463	-6.049822	-6.049822	-17.43772	-4.626335	-8.185054	-5.338078	-17.08185	-4.626335	-8.185054
9.71	-12.81139	314.6406	-60.29883	-138.0782	-92.88256	-2089.754	992.5267	32.02844	-409.9644	-53.73666	-17.08185	-6.049822	-5.338078	-17.08185	-130.605	13847.77	-31.6726	-4.270463	-6.049822	-6.049822	-17.43772	95.37366	-8.185054	-5.338078	-17.08185	95.37366	-8.185054
10.01	-12.81139	1314.641	39.70117	-38.07825	-92.88256	-989.7544	-207.4733	-467.9716	190.0356	-53.73666	-17.08185	-6.049822	-5.338078	-17.08185	269.395	141198.8	-31.6726	-4.270463	-6.049822	-6.049822	-17.43772	-4.626335	-8.185054	-5.338078	-17.08185	-4.626335	-8.185054
10.29	187.1886	2214.641	-861.2988	-238.0782	107.1174	-488.7544	-707.4733	132.0284	-9.964355	46.26334	-17.08185	-6.049822	-5.338078	-17.08185	3169.395	143.7722	-31.6726	-4.270463	-6.049822	-6.049822	-17.43772	-4.626335	-8.185054	-5.338078	-17.08185	-4.626335	-8.185054
10.58	-12.81139	514.6406	-961.2988	761.9218	-92.88256	-1189.754	-807.4733	-267.9716	590.0356	-53.73666	-17.08185	-6.049822	-5.338078	-17.08185	-130.605	443.7722	-31.6726	-4.270463	-6.049822	-6.049822	-17.43772	-4.626335	-8.185054	-5.338078	-17.08185	-4.626335	-8.185054
10.86	-12.81139	1414.641	-1061.299	-538.0782	7.117439	-1889.754	92.52673	-67.97156	-609.9644	346.2633	82.91815	-6.049822	-5.338078	-17.08185	169.395	22253.77	-31.6726	-4.270463	-6.049822	-6.049822	-17.43772	-4.626335	-8.185054	-5.338078	-17.08185	-4.626335	-8.185054
11.15	-12.81139	-885.3594	-460.2988	-438.0782	7.117439	-1689.754	-7.473267	-367.9716	-409.9644	-53.73666	-17.08185	93.95018	-5.338078	82.91815	-130.605	43.77225	-31.6726	-4.270463	-6.049822	-6.049822	-17.43772	-4.626335	91.81495	-5.338078	82.91815	-4.626335	91.81495
11.43	-12.81139	14.64062	-1561.299	-138.0782	7.117439	-488.7544	192.5267	32.02844	-309.9644	-53.73666	-17.08185	-6.049822	-5.338078	-17.08185	969.395	62622.77	-31.6726	-4.270463	-6.049822	-6.049822	-17.43772	-4.626335	-8.185054	-5.338078	-17.08185	-4.626335	-8.185054
11.72	-12.81139	1214.641	839.7012	-238.0782	-92.88256	-2289.754	92.52673	32.02844	-109.9644	-53.73666	82.91815	-6.049822	-5.338078	-17.08185	-130.605	-156.2278	-31.6726	-4.270463	-6.049822	-6.049822	-17.43772	-4.626335	-8.185054	-5.338078	-17.08185	-4.626335	-8.185054
12	-12.81139	-185.3594	-560.2988	-38.07825	7.117439	-1389.754	-107.4733	32.02844	890.0356	46.26334	-17.08185	-6.049822	-5.338078	-17.08185	169.395	43.77225	68.3274	-4.270463	-6.049822	-6.049822	-17.43772	-4.626335	-8.185054	-5.338078	-17.08185	-4.626335	-8.185054
12.29	-12.81139	414.6406	-761.2988	-538.0782	407.1174	-1289.754	92.52673	32.02844	-409.9644	-53.73666	82.91815	-6.049822	-5.338078	-17.08185	41904.39	-356.2278	-31.6726	-4.270463	-6.049822	-6.049822	-17.43772	-4.626335	-8.185054	-5.338078	-17.08185	-4.626335	-8.185054
12.57	-12.81139	1014.641	-1161.299	-538.0782	7.117439	-1189.754	-607.4733	332.0284	290.0356	-53.73666	-17.08185	-6.049822	-5.338078	82.91815	29687.39	20852.77	168.3274	-4.270463	-6.049822	-6.049822	-17.43772	-4.626335	-8.185054	-5.338078	82.91815	-4.626335	-8.185054
12.87	87.18861	-385.3594	-360.2988	-138.0782	107.1174	-288.7544	-7.473267	232.0284	790.0356	-53.73666	-17.08185	-6.049822	-5.338078	-17.08185	-30.60498	-356.2278	68.3274	-4.270463	-6.049822	-6.049822	-17.43772	-4.626335	-8.185054	-5.338078	-17.08185	-4.626335	-8.185054
13.15	-12.81139	214.6406	-460.2988	-438.0782	7.117439	-288.7544	592.5267	-367.9716	290.0356	-53.73666	-17.08185	-6.049822	-5.338078	82.91815	69.39502	-156.2278	68.3274	-4.270463	-6.049822	-6.049822	-17.43772	-4.626335	-8.185054	-5.338078	82.91815	-4.626335	-8.185054
13.44	-12.81139	1114.641	-1461.299	261.9218	7.117439	-1089.754	-207.4733	-67.97156	-209.9644	-53.73666	82.91815	-6.049822	-5.338078	-17.08185	5070.395	43.77225	68.3274	-4.270463	-6.049822	-6.049822	82.56228	-4.626335	-8.185054	-5.338078	-17.08185	-4.626335	-8.185054
13.72	-12.81139	-485.3594	-260.2988	261.9218	-92.88256	-1889.754	-607.4733	-167.9716	290.0356	-53.73666	82.91815	-6.049822	-5.338078	-17.08185	-130.605	-156.2278	-31.6726	-4.270463	-6.049822	193.9502	-17.43772	-4.626335	-8.185054	-5.338078	-17.08185	-4.626335	-8.185054
14.01	87.18861	514.6406	239.7012	461.9218	-92.88256	-1089.754	92.52673	232.0284	290.0356	-53.73666	-17.08185	-6.049822	-5.338078	-17.08185	-130.605	16849.77	-31.6726	-4.270463	-6.049822	-6.049822	-17.43772	-4.626335	-8.185054	-5.338078	-17.08185	-4.626335	-8.185054
14.29	-12.81139	14.64062	-660.2988	61.92175	-92.88256	-889.7544	-207.4733	-67.97156	290.0356	46.26334	82.91815	-6.049822	-5.338078	-17.08185	-30.60498	-56.22775	-31.6726	-4.270463	-6.049822	-6.049822	82.56228	-4.626335	-8.185054	-5.338078	-17.08185	-4.626335	-8.185054
14.58	-12.81139	414.6406	-761.2988	61.92175	-92.88256	-1489.754	-407.4733	-367.9716	-409.9644	-53.73666	-17.08185	-6.049822	-5.338078	-17.08185	69.39502	43.77225	-31.6726	-4.270463	-6.049822	-6.049822	-17.43772	-4.626335	91.81495	-5.338078	-17.08185	-4.626335	91.81495
14.86	-12.81139	614.6406	-1761.299	-638.0782	-92.88256	-1289.754	192.5267	332.0284	390.0356	146.2633	-17.08185	-6.049822	-5.338078	-17.08185	-30.60498	-156.2278	-31.6726	-4.270463	-6.049822	-6.049822	-17.43772	-4.626335	-8.185054	-5.338078	-17.08185	-4.626335	-8.185054
15.15	-12.81139	-385.3594	-660.2988	261.9218	107.1174	-689.7544	-307.4733	-67.97156	190.0356	46.26334	-17.08185	-6.049822	-5.338078	-17.08185	69.39502	29861.77	-31.6726	-4.270463	-6.049822	-6.049822	-17.43772	-4.626335	-8.185054	-5.338078	-17.08185	-4.626335	-8.185054
15.43	-12.81139	-985.3594	139.7012	61.92175	107.1174	-1689.754	-207.4733	432.0284	-109.9644	246.2633	-17.08185	-6.049822	-5.338078	-17.08185	-30.60498	43.77225	-31.6726	-4.270463	-6.049822	-6.049822	-17.43772	-4.626335	-8.185054	-5.338078	-17.08185	-4.626335	-8.185054
15.72	87.18861	314.6406	639.7012	-38.07825	-92.88256	-1989.754	-407.4733	-67.97156	-509.9644	-53.73666	-17.08185	-6.049822	-5.338078	-17.08185	-30.60498	-56.22775	-31.6726	-4.270463	-6.049822	-6.049822	-17.43772	-4.626335	-8.185054	-5.338078	-17.08185	-4.626335	-8.185054
16	-12.81139	614.6406	439.7012	-238.0782	-92.88256	-1989.754	-307.4733	32.02844	-609.9644	46.26334	82.91815	-6.049822	-5.338078	-17.08185	-130.605	-256.2278	-31.6726	-4.270463	-6.049822	-6.049822	-17.43772	-4.626335	91.81495	-5.338078	-17.08185	-4.626335	91.81495
16.29	-12.81139	1414.641	-1961.299	261.9218	-92.88256	-1889.754	192.5267	32.02844	790.0356	46.26334	-17.08185	-6.049822	-5.338078	-17.08185	69.39502	-356.2278	-31.6726	-4.270463	-6.049822	-6.049822	-17.43772	95.37366	-8.185054	-5.338078	-17.08185	95.37366	-8.185054
16.57	-12.81139	614.6406	-1461.299	-38.07825	7.117439	-789.7544	-207.4733	-167.9716	-409.9644	-53.73666	-17.08185	-6.049822	-5.338078	-17.08185	169.395	-256.2278	-31.6726	-4.270463	-6.049822	-6.049822	-17.43772	-4.626335	-8.185054	-5.338078	-17.08185	-4.626335	-8.185054
16.86	-12.81139	1314.641	-1361.299	761.9218	7.117439	-1089.754	-7.473267	-167.9716	-109.9644	-53.73666	-17.08185	-6.049822	-5.338078	-17.08185	369.395	43.77225	68.3274	-4.270463	-6.049822	-6.049822	-17.43772	-4.626335	-8.185054	-5.338078	-17.08185	-4.626335	-8.185054
17.14	-12.81139	1114.641	-1861.299	-638.0782	107.1174	-488.7544	-807.4733	-367.9716	-209.9644	46.26334	-17.08185	-6.049822	-5.338078	-17.08185	169.395	143.7722	-31.6726	-4.270463	-6.049822	-6.049822	-17.43772	-4.626335	-8.185054	-5.338078	-17.08185	-4.626335	-8.185054
17.43	-12.81139	814.6406	-360.2988	161.9218	-92.88256	-1389.754	292.5267	132.0284	-209.9644	-53.73666	-17.08185	-6.049822	94.66192	-17.08185	-130.605	343.7722	-31.6726	-4.270463	-6.049822	-6.049822	-17.43772	-4.626335	-8.185054	94.66192	-17.08185	-4.626335	-8.185054
17.71	-12.81139	1914.641	-60.29883	361.9218	107.1174	-989.7544	292.5267	132.0284	-9.964355	46.26334	-17.08185	-6.049822	-5.338078	-17.08185	-30.60498	43.77225	-31.6726	-4.270463	-6.049822	-6.049822	-17.43772	-4.626335	-8.185054	-5.338078	-17.08185	-4.626335	-8.185054
18	-12.81139	214.6406	-460.2988	-438.0782	107.1174	-1689.754	-507.4733	-67.97156	890.0356	-53.73666	-17.08185	-6.049822	-5.338078	-17.08185	-30.60498	-256.2278	-31.6726	-4.270463	-6.049822	-6.049822	-17.43772	-4.626335	-8.185054	-5.338078	-17.08185	-4.626335	-8.185054
18.28	-12.81139	-485.3594	1039.701	61.92175	-92.88256	-2289.754	292.5267	32.02844	690.0356	-53.73666	-17.08185	-6.049822	-5.338078	-17.08185	69.39502	-56.22775	-31.6726	-4.270463	-6.049822	-6.049822	-17.43772	-4.626335	-8.185054	-5.338078	-17.08185	-4.626335	-8.185054
18.57	87.18861	-1386.359	-1661.299	161.9218	-92.88256	-588.7544	292.5267	132.0284	790.0356	-53.73666	82.91815	-6.049822	-5.338078	-17.08185	169.395	-156.2278	-31.6726	-4.270463	-6.049822	-6.049822	-17.43772	-4.626335	91.81495	-5.338078	-17.08185	-4.626335	91.81495
18.85	-12.81139	1614.641	-1461.299	-38.07825	107.1174	-1689.754	592.5267	132.0284	90.03564	-53.73666	82.91815	-6.049822	-5.338078	-17.08185	-30.60498	-56.22775	-31.6726	-4.270463	-6.049822	-6.049822	-17.43772	-4.626335	-8.185054	-5.338078	-17.08185	-4.626335	-8.185054
19.14	87.18861	-1386.359	-1061.299	-138.0782	7.117439	-288.7544	192.5267	-167.9716	290.0356	-53.73666	-17.08185	-6.049822	-5.338078	-17.08185	69.39502	-56.22775	-31.6726	-4.270463	-6.049822	-6.049822	-17.43772	95.37366	-8.185054	-5.338078	-17.08185	95.37366	-8.185054
19.42	-12.81139	314.6406	-560.2988	-138.0782	7.117439	-989.7544	192.5267	-67.97156	90.03564	146.2633	-17.08185	-6.049822	94.66192	-17.08185	-130.605	243.7722	-31.6726	-4.270463	-6.049822	-6.049822	-17.43772	-4.626335	-8.185054	94.66192	-17.08185	-4.626335	-8.185054
19.71	-12.81139	814.6406	-660.2988	661.9218	7.117439	-1889.754	792.5267	132.0284	-409.9644	46.26334	-17.08185	-6.049822	-5.338078	-17.08185	-30.60498	-56.22775	68.3274	-4.270463	-6.049822	-6.049822	-17.43772	-4.626335	-8.185054	-5.338078	-17.08185	-4.626335	-8.185054
19.99	-12.81139	114.6406	-1861.299	361.9218	-92.88256	-388.7544	-107.4733	-367.9716	290.0356	146.2633	82.91815	-6.049822	-5.338078	-17.08185	-30.60498	43.77225	-31.6726	-4.270463	-6.049822	-6.049822	-17.43772	-4.626335	-8.185054	-5.338078	-17.08185	-4.626335	-8.185054
20.28	-12.81139	-985.3594	639.7012	161.9218	-92.88256	-488.7544	-7.473267	532.0284	-309.9644	46.26334	-17.08185	-6.049822	-5.338078	-17.08185	69.39502	-256.2278	-31.6726	-4.270463	-6.049822	-6.049822	-17.43772	-4.626335	-8.185054	-5.338078	-17.08185	-4.626335	-8.185054
20.56	-12.81139	-585.3594	-560.2988	461.9218	107.1174	-1289.754	-307.4733	832.0284	590.0356	-53.73666	-17.08185	-6.049822	-5.338078	-17.08185	169.395	-56.22775	-31.6726	-4.270463	-6.049822	-6.049822	-17.43772	-4.626335	91.81495	-5.338078	-17.08185	-4.626335	91.81495
20.85	-12.81139	1314.641	139.7012	-38.07825	7.117439	-1389.754	92.52673	-267.9716	-509.9644	-53.73666	-17.08185	-6.049822	-5.338078	-17.08185	69.39502	243.7722	-31.6726	-4.270463	-6.049822	-6.049822	-17.43772	-4.626335	-8.185054	-5.338078	-17.08185	-4.626335	-8.185054
21.13	-12.81139	1214.641	-1061.299	61.92175	7.117439	-989.7544	-407.4733	-167.9716	90.03564	-53.73666	-17.08185	-6.049822	-5.338078	-17.08185	69.39502	16349.77	-31.6726	-4.270463	-6.049822	-6.049822	-17.43772	-4.626335	-8.185054	-5.338078	-17.08185	-4.626335	-8.185054
21.42	-12.81139	314.6406	939.7012	161.9218	7.117439	-1989.754	-507.4733	-267.9716	-309.9644	246.2633	-17.08185	-6.049822	-5.338078	-17.08185	4869.395	-56.22775	-31.6726	-4.270463	-6.049822	-6.049822	-17.43772	-4.626335	-8.185054	-5.338078	-17.08185	-4.626335	-8.185054
21.7	-12.81139	1814.641	-60.29883	-438.0782	7.117439	-889.7544	-7.473267	132.0284	190.0356	46.26334	-17.08185	-6.049822	-5.338078	-17.08185	-30.60498	343.7722	-31.6726	-4.270463	-6.049822	-6.049822	82.56228	-4.626335	-8.185054	-5.338078	-17.08185	-4.626335	-8.185054
21.99	-12.81139	314.6406	-60.29883	-438.0782	7.117439	-1889.754	-407.4733	232.0284	490.0356	-53.73666	-17.08185	-6.049822	-5.338078	-17.08185	-30.60498	143.7722	-31.6726	-4.270463	-6.049822	-6.049822	-17.43772	-4.626335	-8.185054	-5.338078	-17.08185	-4.626335	-8.185054
22.27	-12.81139	-385.3594	-260.2988	-238.0782	207.1174	-1089.754	-507.4733	-367.9716	90.03564	-53.73666	-17.08185	-6.049822	-5.338078	-17.08185	-130.605	-156.2278	-31.6726	-4.270463	-6.049822	-6.049822	-17.43772	-4.626335	-8.185054	-5.338078	-17.08185	-4.626335	-8.185054
22.56	87.18861	814.6406	1139.701	461.9218	7.117439	-2689.754	92.52673	32.02844	-709.9644	46.26334	-17.08185	-6.049822	-5.338078	-17.08185	-130.605	-56.22775	-31.6726	-4.270463	-6.049822	-6.049822	-17.43772	-4.626335	-8.185054	-5.338078	-17.08185	-4.626335	-8.185054
22.84	-12.81139	814.6406	-460.2988	-338.0782	-92.88256	-1889.754	492.5267	-67.97156	490.0356	-53.73666	-17.08185	-6.049822	-5.338078	-17.08185	-130.605	-56.22775	-31.6726	-4.270463	-6.049822	-6.049822	-17.43772	-4.626335	-8.185054	-5.338078	-17.08185	-4.626335	-8.185054
23.13	-12.81139	-485.3594	-1361.299	-138.0782	7.117439	-488.7544	-107.4733	-467.9716	390.0356	-53.73666	82.91815	-6.049822	-5.338078	-17.08185	-130.605	-156.2278	-31.6726	-4.270463	-6.049822	-6.049822	-17.43772	-4.626335	-8.185054	-5.338078	-17.08185	-4.626335	-8.185054
23.41	-12.81139	-285.3594	139.7012	-138.0782	7.117439	-1989.754	292.5267	432.0284	490.0356	-53.73666	-17.08185	-6.049822	-5.338078	-17.08185	69.39502	43.77225	-31.6726	-4.270463	-6.049822	93.95018	-17.43772	-4.626335	-8.185054	-5.338078	-17.08185	-4.626335	-8.185054
23.7	-12.81139	-285.3594	-260.2988	461.9218	-92.88256	-288.7544	692.5267	-167.9716	-109.9644	46.26334	-17.08185	-6.049822	-5.338078	-17.08185	69.39502	143.7722	-31.6726	-4.270463	-6.049822	-6.049822	-17.43772	-4.626335	-8.185054	-5.338078	-17.08185	-4.626335	-8.185054
23.98	-12.81139	1314.641	-460.2988	61.92175	-92.88256	-789.7544	-7.473267	632.0284	-309.9644	-53.73666	-17.08185	93.95018	-5.338078	182.9182	-130.605	43.77225	-31.6726	-4.270463	-6.049822	-6.049822	-17.43772	-4.626335	-8.185054	-5.338078	182.9182	-4.626335	-8.185054
24.27	-12.81139	1514.641	39.70117	-238.0782	107.1174	-789.7544	-107.4733	132.0284	-209.9644	46.26334	-17.08185	-6.049822	-5.338078	-17.08185	3269.395	143.7722	-31.6726	-4.270463	-6.049822	-6.049822	-17.43772	-4.626335	-8.185054	-5.338078	-17.08185	-4.626335	-8.185054
24.55	-12.81139	814.6406	39.70117	-238.0782	107.1174	-1189.754	-607.4733	32.02844	290.0356	146.2633	-17.08185	-6.049822	-5.338078	-17.08185	-130.605	-156.2278	-31.6726	-4.270463	-6.049822	-6.049822	-17.43772	-4.626335	-8.185054	-5.338078	-17.08185	-4.626335	-8.185054
24.84	-12.81139	514.6406	-560.2988	-38.07825	-92.88256	-889.7544	-807.4733	132.0284	790.0356	-53.73666	-17.08185	-6.049822	-5.338078	-17.08185	-130.605	43.77225	-31.6726	-4.270463	-6.049822	-6.049822	82.56228	-4.626335	-8.185054	-5.338078	-17.08185	-4.626335	-8.185054
25.12	-12.81139	1414.641	-761.2988	161.9218	-92.88256	-1589.754	92.52673	-67.97156	-409.9644	46.26334	-17.08185	-6.049822	-5.338078	-17.08185	-130.605	443.7722	-31.6726	-4.270463	-6.049822	93.95018	-17.43772	-4.626335	-8.185054	-5.338078	-17.08185	-4.626335	-8.185054
25.41	-12.81139	-485.3594	439.7012	161.9218	-92.88256	-889.7544	-707.4733	132.0284	-9.964355	46.26334	82.91815	-6.049822	-5.338078	-17.08185	69.39502	-256.2278	-31.6726	-4.270463	-6.049822	-6.049822	-17.43772	-4.626335	-8.185054	-5.338078	-17.08185	-4.626335	-8.185054
25.69	87.18861	714.6406	839.7012	-138.0782	207.1174	-689.7544	392.5267	-67.97156	190.0356	-53.73666	-17.08185	-6.049822	-5.338078	-17.08185	169.395	843.7722	68.3274	-4.270463	-6.049822	-6.049822	-17.43772	-4.626335	-8.185054	-5.338078	-17.08185	-4.626335	-8.185054
25.98	-12.81139	2715.641	-1561.299	161.9218	7.117439	-1089.754	-107.4733	732.0284	490.0356	46.26334	-17.08185	-6.049822	-5.338078	82.91815	-130.605	-156.2278	-31.6726	95.72954	-6.049822	-6.049822	-17.43772	-4.626335	-8.185054	-5.338078	82.91815	-4.626335	-8.185054
26.26	-12.81139	1214.641	-160.2988	361.9218	7.117439	-1789.754	392.5267	132.0284	390.0356	46.26334	-17.08185	-6.049822	-5.338078	-17.08185	-130.605	43.77225	-31.6726	-4.270463	-6.049822	-6.049822	-17.43772	-4.626335	-8.185054	-5.338078	-17.08185	-4.626335	-8.185054
26.55	-12.81139	214.6406	-1061.299	61.92175	7.117439	-1489.754	-407.4733	-367.9716	-509.9644	46.26334	82.91815	-6.049822	-5.338078	-17.08185	-30.60498	-56.22775	68.3274	-4.270463	-6.049822	-6.049822	-17.43772	-4.626335	-8.185054	-5.338078	-17.08185	-4.626335	-8.185054
26.84	-12.81139	-185.3594	339.7012	-38.07825	107.1174	-1289.754	-307.4733	-167.9716	-309.9644	46.26334	-17.08185	-6.049822	-5.338078	-17.08185	-30.60498	-356.2278	68.3274	-4.270463	-6.049822	-6.049822	82.56228	-4.626335	-8.185054	-5.338078	-17.08185	-4.626335	-8.185054
27.12	-12.81139	1014.641	439.7012	261.9218	-92.88256	-2089.754	-307.4733	732.0284	-409.9644	146.2633	-17.08185	-6.049822	-5.338078	-17.08185	-30.60498	92515.77	68.3274	-4.270463	-6.049822	-6.049822	-17.43772	-4.626335	91.81495	-5.338078	-17.08185	-4.626335	91.81495
27.41	87.18861	314.6406	-1761.299	-438.0782	107.1174	-2189.754	-507.4733	232.0284	-109.9644	-53.73666	82.91815	-6.049822	-5.338078	-17.08185	-30.60498	-256.2278	-31.6726	-4.270463	-6.049822	-6.049822	-17.43772	-4.626335	-8.185054	-5.338078	-17.08185	-4.626335	-8.185054
27.69	-12.81139	214.6406	-1061.299	261.9218	7.117439	311.2456	-707.4733	32.02844	-209.9644	-53.73666	-17.08185	93.95018	-5.338078	-17.08185	-130.605	44784.77	-31.6726	-4.270463	-6.049822	-6.049822	-17.43772	-4.626335	-8.185054	-5.338078	-17.08185	-4.626335	-8.185054
27.98	-12.81139	514.6406	-1161.299	-338.0782	-92.88256	-1189.754	-107.4733	-67.97156	390.0356	46.26334	-17.08185	-6.049822	-5.338078	-17.08185	69.39502	-156.2278	-31.6726	-4.270463	-6.049822	-6.049822	82.56228	-4.626335	-8.185054	-5.338078	-17.08185	-4.626335	-8.185054
28.26	-12.81139	-285.3594	-1261.299	-338.0782	7.117439	-188.7544	-807.4733	-267.9716	-109.9644	46.26334	-17.08185	-6.049822	-5.338078	82.91815	-130.605	43.77225	-31.6726	-4.270463	-6.049822	-6.049822	-17.43772	-4.626335	-8.185054	-5.338078	82.91815	-4.626335	-8.185054
28.55	-12.81139	14.64062	-660.2988	361.9218	107.1174	-1189.754	-207.4733	-267.9716	-309.9644	-53.73666	-17.08185	-6.049822	-5.338078	-17.08185	-130.605	-156.2278	-31.6726	-4.270463	-6.049822	-6.049822	-17.43772	-4.626335	-8.185054	-5.338078	-17.08185	-4.626335	-8.185054
28.83	-12.81139	-485.3594	-260.2988	261.9218	307.1174	-1289.754	-7.473267	-267.9716	-609.9644	-53.73666	-17.08185	-6.049822	-5.338078	-17.08185	-130.605	243.7722	-31.6726	-4.270463	-6.049822	-6.049822	-17.43772	-4.626335	-8.185054	-5.338078	-17.08185	-4.626335	-8.185054
29.12	-12.81139	-985.3594	-360.2988	-338.0782	7.117439	11.24561	492.5267	32.02844	-1009.964	46.26334	-17.08185	-6.049822	-5.338078	-17.08185	-130.605	-256.2278	-31.6726	-4.270463	-6.049822	-6.049822	-17.43772	-4.626335	-8.185054	-5.338078	-17.08185	-4.626335	-8.185054
29.4	-12.81139	1414.641	-460.2988	261.9218	-92.88256	-1789.754	-907.4733	132.0284	-309.9644	-53.73666	82.91815	-6.049822	-5.338078	-17.08185	-30.60498	-256.2278	-31.6726	-4.270463	-6.049822	-6.049822	-17.43772	-4.626335	-8.185054	-5.338078	-17.08185	-4.626335	-8.185054
29.69	-12.81139	1114.641	-260.2988	-338.0782	-92.88256	-488.7544	-507.4733	332.0284	-109.9644	146.2633	-17.08185	-6.049822	94.66192	-17.08185	69.39502	-156.2278	68.3274	-4.270463	-6.049822	-6.049822	-17.43772	-4.626335	-8.185054	94.66192	-17.08185	-4.626335	-8.185054
29.97	-12.81139	-485.3594	-1261.299	-338.0782	-92.88256	-1489.754	-7.473267	232.0284	-309.9644	146.2633	82.91815	-6.049822	-5.338078	82.91815	-30.60498	43.77225	-31.6726	-4.270463	-6.049822	-6.049822	-17.43772	-4.626335	-8.185054	-5.338078	82.91815	-4.626335	-8.185054
30.26	87.18861	1014.641	339.7012	361.9218	7.117439	11.24561	-407.4733	-467.9716	-9.964355	46.26334	-17.08185	93.95018	-5.338078	82.91815	12572.39	1043.772	-31.6726	-4.270463	-6.049822	-6.049822	-17.43772	-4.626335	-8.185054	-5.338078	82.91815	-4.626335	-8.185054
30.55	-12.81139	89798.64	-961.2988	161.9218	207.1174	2011.246	65984.52	-167.9716	590.0356	746.2634	382.9182	393.9502	-5.338078	-17.08185	239512.4	820743.8	-31.6726	-4.270463	293.9502	493.9502	382.5623	95.37366	191.8149	-5.338078	-17.08185	95.37366	191.8149
30.83	87.18861	2442890	-761.2988	361.9218	207.1174	34242.25	257834.5	-167.9716	-9.964355	2246.263	2082.918	393.9502	-5.338078	-17.08185	274873.4	721635.8	-31.6726	-4.270463	93.95018	793.9502	582.5623	95.37366	291.8149	-5.338078	-17.08185	95.37366	291.8149
31.12	-12.81139	4612038	-761.2988	761.9218	507.1174	42156.25	388720.5	132.0284	390.0356	3046.263	3982.918	593.9502	-5.338078	-17.08185	231336.4	665003.8	68.3274	-4.270463	293.9502	293.9502	482.5623	95.37366	491.8149	-5.338078	-17.08185	95.37366	491.8149
31.41	387.1886		2339.701	561.9218	407.1174	59294.25	542148.5	132.0284	-209.9644	4846.263	4982.918	393.9502	194.6619	-17.08185	226391.4	542166.8	-31.6726	195.7295	393.9502	393.9502	1182.562	195.3737	691.8149	194.6619	-17.08185	195.3737	691.8149
31.69	87.18861		539.7012	961.9218	707.1174	56387.25	568424.5	-367.9716	-609.9644	4146.263	4782.918	493.9502	-5.338078	-17.08185	226492.4	577955.8	-31.6726	295.7295	193.9502	93.95018	882.5623	-4.626335	391.8149	-5.338078	-17.08185	-4.626335	391.8149
31.98	287.1886		1739.701	61.92175	307.1174	70727.24	606814.5	-367.9716	590.0356	6347.263	7083.918	393.9502	94.66192	-17.08185	195834.4	520003.8	-31.6726	295.7295	993.9502	293.9502	1482.562	295.3737	391.8149	94.66192	-17.08185	295.3737	391.8149
32.26	87.18861		739.7012	1261.922	207.1174	70927.24	618598.5	-567.9716	-109.9644	5347.263	6183.918	993.9502	-5.338078	-17.08185	229620.4	575602.8	-31.6726	295.7295	393.9502	593.9502	1282.562	95.37366	191.8149	-5.338078	-17.08185	95.37366	191.8149
32.55	87.18861		1239.701	761.9218	307.1174	76043.24	704637.5	-67.97156	-209.9644	3846.263	5283.918	193.9502	-5.338078	82.91815	194625.4	515511.8	68.3274	95.72954	293.9502	1493.95	882.5623	95.37366	491.8149	-5.338078	82.91815	95.37366	491.8149
32.83	287.1886		1439.701	761.9218	307.1174	80458.24	699804.5	132.0284	790.0356	6347.263	6283.918	1093.95	-5.338078	-17.08185	205209.4	4007850	-31.6726	395.7295	493.9502	393.9502	1782.562	195.3737	591.8149	-5.338078	-17.08185	195.3737	591.8149
33.12	487.1886		1639.701	761.9218	807.1174	88487.24	769307.5	132.0284	-209.9644	6247.263	6683.918	593.9502	-5.338078	-17.08185	263249.4	610311.8	168.3274	195.7295	593.9502	193.9502	1082.562	195.3737	491.8149	-5.338078	-17.08185	195.3737	491.8149
33.4	387.1886		2039.701	861.9218	207.1174	89692.24	737054.5	-267.9716	290.0356	5947.263	5283.918	893.9502	-5.338078	-17.08185	211965.4	586552.8	-31.6726	495.7295	293.9502	893.9502	582.5623	195.3737	391.8149	-5.338078	-17.08185	195.3737	391.8149
33.69	87.18861		1339.701	1161.922	407.1174	88788.24	723568.5	132.0284	490.0356	4746.263	6083.918	1093.95	-5.338078	82.91815	186563.4	522759.8	168.3274	195.7295	693.9502	993.9502	782.5623	195.3737	591.8149	-5.338078	82.91815	195.3737	591.8149
33.97	87.18861		1539.701	-38.07825	207.1174	93908.24	758276.5	-267.9716	-109.9644	4846.263	7583.918	493.9502	94.66192	-17.08185	169073.4	519492.8	-31.6726	295.7295	393.9502	993.9502	882.5623	195.3737	791.8149	94.66192	-17.08185	195.3737	791.8149
34.26	487.1886		2339.701	1461.922	607.1174	96519.24	772503.5	-267.9716	290.0356	4546.263	7883.918	693.9502	-5.338078	-17.08185	232648.4	485315.8	-31.6726	295.7295	393.9502	393.9502	1082.562	195.3737	491.8149	-5.338078	-17.08185	195.3737	491.8149
34.54	587.1886		2439.701	461.9218	507.1174	90796.24	736024.5	332.0284	190.0356	5747.263	8784.918	193.9502	94.66192	-17.08185	208234.4	527763.8	68.3274	395.7295	393.9502	993.9502	682.5623	195.3737	691.8149	94.66192	-17.08185	195.3737	691.8149
34.83	187.1886		1939.701	761.9218	207.1174	84673.24	711117.5	-267.9716	890.0356	5147.263	7783.918	1693.95	-5.338078	-17.08185	216100.4	562509.8	-31.6726	595.7296	393.9502	893.9502	782.5623	195.3737	391.8149	-5.338078	-17.08185	195.3737	391.8149
35.11	187.1886		2239.701	961.9218	807.1174	81261.24	796026.5	232.0284	-109.9644	5347.263	7683.918	793.9502	-5.338078	82.91815	222052.4	591466.8	-31.6726	-4.270463	293.9502	193.9502	682.5623	95.37366	291.8149	-5.338078	82.91815	95.37366	291.8149
35.41	-12.81139		1039.701	261.9218	307.1174	82766.24	648853.5	632.0284	-409.9644	6447.263	7183.918	1093.95	-5.338078	-17.08185	251933.4	1033128	68.3274	295.7295	93.95018	393.9502	1382.562	-4.626335	991.8149	-5.338078	-17.08185	-4.626335	991.8149
35.69	387.1886		2439.701	261.9218	407.1174	83368.24	668974.5	-67.97156	190.0356	6047.263	6283.918	793.9502	-5.338078	82.91815	332973.4	915518.8	68.3274	795.7296	293.9502	493.9502	1282.562	295.3737	491.8149	-5.338078	82.91815	295.3737	491.8149
35.98	187.1886		639.7012	461.9218	807.1174	79455.24	719966.5	532.0284	-109.9644	4746.263	7683.918	1193.95	194.6619	-17.08185	452632.4	1178288	68.3274	95.72954	193.9502	1093.95	982.5623	195.3737	691.8149	194.6619	-17.08185	195.3737	691.8149
36.26	187.1886		1839.701	661.9218	407.1174	80458.24	728406.5	-167.9716	-209.9644	6247.263	7783.918	693.9502	-5.338078	-17.08185	734095.4	1905740	68.3274	595.7296	493.9502	893.9502	2382.562	95.37366	691.8149	-5.338078	-17.08185	95.37366	691.8149
36.55	287.1886		4140.701	1761.922	1307.117	85877.24	710191.5	-167.9716	290.0356	6447.263	8984.918	993.9502	-5.338078	-17.08185	4190058	1.037648e+07	-31.6726	495.7295	493.9502	2293.95	2382.562	-4.626335	891.8149	-5.338078	-17.08185	-4.626335	891.8149
36.83	1487.189		1539.701	4562.922	2907.117	82867.24	700318.5	-167.9716	290.0356	6547.263	15087.92	693.9502	-5.338078	482.9182	1.932741e+07	5.063885e+07	68.3274	595.7296	93.95018	4393.95	6483.562	195.3737	1591.815	-5.338078	482.9182	195.3737	1591.815
37.12	2187.189		2539.701	11564.92	6508.118	81562.24	605892.5	832.0284	1090.036	8347.264	18389.92	693.9502	-5.338078	482.9182	3.901782e+07	1.062783e+08	268.3274	995.7296	293.9502	5694.95	7083.562	95.37366	1391.815	-5.338078	482.9182	95.37366	1391.815
37.41	3487.189		3840.701	19970.92	7808.118	59695.25	512633.5	832.0284	1290.036	9148.264	28799.92	593.9502	-5.338078	1382.918	5.119952e+07	1.440578e+08	168.3274	1595.729	93.95018	4093.95	7583.562	95.37366	891.8149	-5.338078	1382.918	95.37366	891.8149
37.69	5288.188		2839.701	26276.92	8508.117	47567.25	385673.5	1332.028	1990.036	13350.26	35708.92	393.9502	94.66192	1282.918	7.589061e+07	2.042668e+08	568.3274	2695.729	793.9502	4293.95	8884.562	95.37366	391.8149	94.66192	1282.918	95.37366	391.8149
37.97	4987.188		3240.701	31282.92	10009.12	37848.25	304559.5	1832.028	2790.036	13750.26	42017.92	193.9502	-5.338078	1282.918	9.402959e+07	2.423258e+08	568.3274	995.7296	93.95018	7294.95	9884.562	95.37366	491.8149	-5.338078	1282.918	95.37366	491.8149
38.26	5488.188	4035049	1439.701	29079.92	12210.12	31738.25	266020.5	1632.028	4891.036	15651.26	37410.92	293.9502	194.6619	1182.918	1.082614e+08	3.064316e+08	1268.327	2295.729	93.95018	5894.95	14186.56	95.37366	691.8149	194.6619	1182.918	95.37366	691.8149
38.55	5588.188	3145974	3040.701	33685.92	13711.12	21124.25	210188.5	2732.028	3190.036	16051.26	51635.92	593.9502	-5.338078	1582.918	1.324588e+08	3.605274e+08	1468.327	2295.729	693.9502	7194.95	14586.56	-4.626335	1291.815	-5.338078	1582.918	-4.626335	1291.815
38.83	3587.189	2747694	2539.701	60537.92	11410.12	20023.25	193755.5	1932.028	2790.036	20855.26	44622.92	393.9502	94.66192	1982.918	1.264343e+08	3.044282e+08	2568.327	1495.729	93.95018	7294.95	11985.56	-4.626335	1491.815	94.66192	1982.918	-4.626335	1491.815
39.12	3987.189	2307565	4040.701	71566.92	8609.117	20524.25	153976.5	3432.028	3290.036	20354.26	43019.92	293.9502	94.66192	1282.918	1.21514e+08	3.304735e+08	2168.327	2395.729	293.9502	8094.95	12085.56	-4.626335	2691.815	94.66192	1282.918	-4.626335	2691.815
39.4	2187.189	2091166	1339.701	86815.92	6008.118	16420.25	138083.5	2932.028	2390.036	19854.26	46926.92	193.9502	-5.338078	2882.918	1.201428e+08	3.565201e+08	3468.327	2095.729	293.9502	14197.95	13686.56	-4.626335	2591.815	-5.338078	2882.918	-4.626335	2591.815
39.69	2687.189	1475680	3740.701	109204.9	3607.117	12016.25	147537.5	2832.028	4291.036	25359.26	57849.92	193.9502	-5.338078	2482.918	1.322978e+08	3.82568e+08	3168.327	1095.729	193.9502	19501.95	12685.56	-4.626335	3591.815	-5.338078	2482.918	-4.626335	3591.815
39.98	1387.189	1187350	4940.701	138751.9	4207.118	8014.246	140295.5	1632.028	4091.036	27862.26	51034.92	193.9502	-5.338078	3182.918	1.30469e+08	3.204559e+08	4468.328	2095.729	93.95018	17899.95	11084.56	-4.626335	4291.815	-5.338078	3182.918	-4.626335	4291.815
40.26	1487.189	1135196	5541.701	147602.9	3807.117	8814.246	110343.5	2032.028	4291.036	32267.26	53339.92	93.95018	-5.338078	5283.918	1.24477e+08	3.525128e+08	4468.328	1795.729	-6.049822	24405.95	10284.56	-4.626335	4591.815	-5.338078	5283.918	-4.626335	4591.815
40.55	1287.189	765343.6	3740.701	164407.9	4007.117	5312.246	100401.5	1432.028	2890.036	32567.26	61357.92	193.9502	-5.338078	4482.918	1.258938e+08	3.745531e+08	3468.327	3095.729	93.95018	29611.95	10584.56	-4.626335	6492.815	-5.338078	4482.918	-4.626335	6492.815
40.83	987.1886	668604.6	2940.701	215091.9	2207.117	2311.246	88756.52	2232.028	4091.036	32768.26	83421.92	293.9502	-5.338078	3982.918	1.359289e+08	3.62531e+08	5169.328	3595.729	193.9502	42529.95	12785.56	-4.626335	5192.815	-5.338078	3982.918	-4.626335	5192.815
41.12	687.1886	671275.6	3940.701	279324.9	2307.117	4812.246	75813.52	2032.028	2890.036	29864.26	90546.92	-6.049822	-5.338078	3982.918	1.355188e+08	3.364841e+08	3068.327	4395.729	393.9502	43731.95	11985.56	-4.626335	4991.815	-5.338078	3982.918	-4.626335	4991.815
41.41	487.1886	661209.6	3840.701	272348.9	1107.117	7013.246	88555.52	3432.028	3891.036	24258.26	86732.92	93.95018	-5.338078	2982.918	1.31771e+08	3.424948e+08	3468.327	3695.729	93.95018	49542.95	11585.56	-4.626335	4791.815	-5.338078	2982.918	-4.626335	4791.815
41.69	787.1886	434059.6	4240.701	329127.9	807.1174	3012.246	66285.52	2632.028	3491.036	25659.26	93657.92	193.9502	-5.338078	2782.918	1.263174e+08	3.12442e+08	2368.327	3595.729	193.9502	48740.95	9184.562	-4.626335	4691.815	-5.338078	2782.918	-4.626335	4691.815
41.98	987.1886	388101.6	2039.701	309376.9	507.1174	3612.246	45136.53	2132.028	3290.036	23657.26	98978.92	293.9502	-5.338078	3882.918	1.274133e+08	3.384877e+08	3168.327	4195.729	93.95018	51947.95	12285.56	-4.626335	5092.815	-5.338078	3882.918	-4.626335	5092.815
42.26	487.1886	281461.6	3840.701	321022.9	1007.117	2811.246	65784.52	2132.028	3691.036	28562.26	104299.9	-6.049822	-5.338078	3782.918	1.399303e+08	4.146289e+08	3168.327	3695.729	-6.049822	51947.95	11885.56	-4.626335	5092.815	-5.338078	3782.918	-4.626335	5092.815
42.55	1287.189	257802.6	3840.701	321123.9	1207.117	1911.246	49545.53	2432.028	3591.036	26360.26	102391.9	93.95018	-5.338078	3182.918	1.323417e+08	3.505092e+08	3968.327	5596.729	-6.049822	53250.95	11685.56	-4.626335	5192.815	-5.338078	3182.918	-4.626335	5192.815
42.84	287.1886	238810.6	4140.701	317072.9	707.1174	2811.246	48743.53	1932.028	3190.036	34570.26	99781.92	93.95018	-5.338078	3482.918	1.320929e+08	3.485056e+08	3568.327	4395.729	-6.049822	53149.95	15287.56	-4.626335	5192.815	-5.338078	3482.918	-4.626335	5192.815
43.12	887.1886	227704.6	3640.701	295003.9	207.1174	1111.246	45737.53	2532.028	3791.036	32467.26	94360.92	93.95018	-5.338078	4182.918	1.317271e+08	3.845718e+08	4268.328	4395.729	193.9502	49041.95	15087.56	-4.626335	4691.815	-5.338078	4182.918	-4.626335	4691.815
43.41	887.1886	133704.6	1539.701	270932.9	407.1174	911.2456	56761.53	2532.028	2590.036	34870.26	94661.92	-6.049822	94.66192	4382.918	1.296354e+08	3.605274e+08	4268.328	3695.729	193.9502	48039.95	14086.56	-4.626335	5192.815	94.66192	4382.918	-4.626335	5192.815
43.69	1387.189	186353.6	1739.701	231437.9	607.1174	311.2456	57563.53	2232.028	4791.036	38175.26	87033.92	93.95018	-5.338078	4482.918	1.315223e+08	3.32477e+08	4268.328	3995.729	93.95018	52548.95	13185.56	-4.626335	6592.815	-5.338078	4482.918	-4.626335	6592.815
43.98	487.1886	173458.6	2639.701	244763.9	307.1174	611.2456	63076.53	3032.028	2690.036	38576.26	81414.92	93.95018	-5.338078	5083.918	1.34274e+08	3.404912e+08	4768.328	3095.729	193.9502	54252.95	13786.56	-4.626335	6292.815	-5.338078	5083.918	-4.626335	6292.815
44.27	887.1886	83876.64	2539.701	226895.9	707.1174	-1289.754	52852.53	2132.028	4791.036	40579.26	80612.92	-6.049822	-5.338078	4082.918	1.360022e+08	3.404912e+08	4268.328	2495.729	93.95018	57559.95	9784.562	-4.626335	5592.815	-5.338078	4082.918	-4.626335	5592.815
44.55	387.1886	138129.6	2239.701	219328.9	7.117439	-1089.754	51750.53	2532.028	4691.036	36072.26	77703.92	93.95018	-5.338078	2482.918	1.330881e+08	3.545164e+08	5869.328	2995.729	-6.049822	60366.95	14086.56	95.37366	5792.815	-5.338078	2482.918	95.37366	5792.815
44.84	787.1886	87890.64	2940.701	203898.9	1407.117	-1589.754	63177.53	2232.028	2690.036	37474.26	79107.92	93.95018	-5.338078	3382.918	1.40033e+08	3.565201e+08	6369.328	3095.729	293.9502	67885.95	12985.56	-4.626335	6392.815	-5.338078	3382.918	-4.626335	6392.815
45.12	387.1886	80765.64	2139.701	202889.9	607.1174	11.24561	51248.53	3032.028	3591.036	41681.26	82518.92	93.95018	-5.338078	3682.918	1.360754e+08	4.406799e+08	5269.328	3095.729	193.9502	68186.95	11084.56	95.37366	5892.815	-5.338078	3682.918	95.37366	5892.815
45.41	687.1886	63511.64	3440.701	193717.9	307.1174	-1589.754	49946.53	3132.028	3390.036	41881.26	82117.92	93.95018	-5.338078	4182.918	1.327076e+08	3.605274e+08	5769.328	2995.729	293.9502	73401.95	12685.56	-4.626335	6392.815	-5.338078	4182.918	-4.626335	6392.815
45.7	287.1886	97127.64	2339.701	171051.9	307.1174	-1089.754	52651.53	1832.028	4791.036	38376.26	77201.92	-6.049822	-5.338078	4582.918	1.296939e+08	3.665384e+08	5169.328	3095.729	193.9502	82128.95	13586.56	-4.626335	7692.815	-5.338078	4582.918	-4.626335	7692.815
45.98	387.1886	93713.64	2139.701	193314.9	607.1174	111.2456	48944.53	2532.028	3491.036	40279.26	71785.92	-6.049822	-5.338078	4182.918	1.380976e+08	3.805643e+08	4168.328	2095.729	193.9502	80924.95	14086.56	-4.626335	7292.815	-5.338078	4182.918	-4.626335	7292.815
46.27	87.18861	62006.64	3440.701	181827.9	407.1174	-388.7544	47240.53	2632.028	2290.036	41480.26	70882.92	-6.049822	-5.338078	4182.918	1.330735e+08	4.326641e+08	4968.328	3195.729	393.9502	94270.95	13386.56	-4.626335	7792.815	-5.338078	4182.918	-4.626335	7792.815
46.55	587.1886	48674.64	3140.701	169742.9	307.1174	-989.7544	55358.53	3032.028	2790.036	38075.26	70682.92	-6.049822	-5.338078	3582.918	1.411184e+08	3.705457e+08	4168.328	2195.729	93.95018	97081.95	12685.56	-4.626335	7392.815	-5.338078	3582.918	-4.626335	7392.815
46.84	-12.81139	39355.64	3040.701	172058.9	107.1174	-1289.754	49846.53	1732.028	3390.036	39077.26	62159.92	93.95018	-5.338078	3582.918	1.346107e+08	3.12442e+08	5369.328	2295.729	93.95018	90055.95	14886.56	95.37366	6592.815	-5.338078	3582.918	95.37366	6592.815
47.13	287.1886	33244.64	4140.701	148507.9	207.1174	-789.7544	48843.53	3132.028	3791.036	39577.26	65067.92	-6.049822	-5.338078	2782.918	1.279395e+08	3.68542e+08	6569.328	3495.729	-6.049822	100496	12985.56	-4.626335	5392.815	-5.338078	2782.918	-4.626335	5392.815
47.41	87.18861	27636.64	4940.701	149714.9	607.1174	-789.7544	50647.53	2732.028	3691.036	36673.26	64766.92	-6.049822	-5.338078	3282.918	1.357385e+08	3.304735e+08	6269.328	1895.729	393.9502	103809	12785.56	-4.626335	5092.815	-5.338078	3282.918	-4.626335	5092.815
47.7	487.1886	33645.64	3740.701	154242.9	107.1174	-1689.754	47942.53	1532.028	4091.036	33569.26	62660.92	93.95018	-5.338078	2682.918	1.36808e+08	3.545164e+08	4768.328	1895.729	93.95018	100395	12585.56	-4.626335	8192.815	-5.338078	2682.918	-4.626335	8192.815
47.99	387.1886	34246.64	4340.701	139555.9	107.1174	-2089.754	46038.53	2232.028	3691.036	33869.26	56245.92	93.95018	-5.338078	2982.918	1.337469e+08	3.605274e+08	4868.328	1995.729	-6.049822	99290.95	14486.56	-4.626335	5992.815	-5.338078	2982.918	-4.626335	5992.815
48.27	187.1886	31542.64	4840.701	146495.9	307.1174	711.2456	43233.53	2232.028	3991.036	34169.26	67874.92	-6.049822	-5.338078	3982.918	1.32049e+08	3.424948e+08	4768.328	2395.729	93.95018	93568.95	12385.56	-4.626335	5492.815	-5.338078	3982.918	-4.626335	5492.815
48.56	87.18861	27937.64	3640.701	144383.9	207.1174	-288.7544	46439.53	2632.028	4391.036	29764.26	58450.92	393.9502	-5.338078	3882.918	1.322685e+08	3.845718e+08	4768.328	1395.729	-6.049822	79519.95	13786.56	-4.626335	4791.815	-5.338078	3882.918	-4.626335	4791.815
48.84	287.1886	38654.64	3240.701	116738.9	207.1174	-2189.754	37924.53	3532.028	3791.036	26961.26	52036.92	-6.049822	-5.338078	2982.918	1.282172e+08	3.404912e+08	3968.327	1195.729	93.95018	69690.95	14386.56	95.37366	4691.815	-5.338078	2982.918	95.37366	4691.815
49.13	287.1886	31141.64	3340.701	119551.9	307.1174	-1889.754	43133.53	2132.028	3991.036	27061.26	50733.92	-6.049822	-5.338078	1982.918	1.384348e+08	3.384877e+08	3768.327	895.7296	-6.049822	65479.95	14186.56	-4.626335	4491.815	-5.338078	1982.918	-4.626335	4491.815
49.42	487.1886	38954.64	2739.701	111514.9	1907.117	-889.7544	40328.53	2732.028	2090.036	30665.26	50834.92	-6.049822	-5.338078	2882.918	1.396077e+08	4.34668e+08	3968.327	1095.729	-6.049822	51346.95	13886.56	-4.626335	5192.815	-5.338078	2882.918	-4.626335	5192.815
49.7	487.1886	24832.64	2940.701	112117.9	1207.117	-1589.754	34619.53	3132.028	3591.036	25059.26	45523.92	393.9502	-5.338078	1982.918	1.369252e+08	3.985982e+08	3468.327	1795.729	-6.049822	54152.95	13986.56	-4.626335	2791.815	-5.338078	1982.918	-4.626335	2791.815
49.99	1787.189	29939.64	1439.701	92335.92	4307.118	-1489.754	35119.53	1332.028	3591.036	22656.26	48329.92	-6.049822	-5.338078	1582.918	1.40605e+08	4.56712e+08	3368.327	1595.729	93.95018	51747.95	14886.56	-4.626335	4291.815	-5.338078	1582.918	-4.626335	4291.815
50.27	2187.189	31241.64	3040.701	81798.92	6308.118	-2589.754	29812.53	2732.028	4091.036	18253.26	44922.92	93.95018	-5.338078	2682.918	1.40825e+08	4.126251e+08	2168.327	1195.729	-6.049822	45835.95	13586.56	-4.626335	2691.815	-5.338078	2682.918	-4.626335	2691.815
50.56	2787.189	25533.64	3740.701	75277.92	7908.118	-588.7544	37122.53	3032.028	3491.036	15051.26	42318.92	193.9502	-5.338078	1282.918	1.465798e+08	4.046097e+08	3368.327	1295.729	-6.049822	36920.95	18389.56	-4.626335	2691.815	-5.338078	1282.918	-4.626335	2691.815
50.85	3387.189	54988.64	2940.701	69962.92	9109.117	511.2456	33217.53	1932.028	3190.036	16351.26	44221.92	93.95018	-5.338078	1882.918	1.453165e+08	4.146289e+08	1868.327	795.7296	293.9502	29811.95	14987.56	-4.626335	2691.815	-5.338078	1882.918	-4.626335	2691.815
51.13	4687.188	180005.6	1839.701	60136.92	13110.12	1511.246	45838.53	2632.028	3290.036	15851.26	40114.92	293.9502	-5.338078	1482.918	1.363977e+08	3.2847e+08	2068.327	1595.729	293.9502	27208.95	12885.56	-4.626335	1991.815	-5.338078	1482.918	-4.626335	1991.815
51.42	4687.188	291376.6	3840.701	48610.92	15512.12	7113.246	61071.53	2932.028	5191.036	13350.26	43520.92	293.9502	-5.338078	1182.918	1.364417e+08	3.765569e+08	1768.327	1795.729	193.9502	22603.95	11985.56	-4.626335	1191.815	-5.338078	1182.918	-4.626335	1191.815
51.71	7288.188	543392.6	2839.701	47408.92	16913.12	8514.246	78722.52	2732.028	3290.036	13350.26	38211.92	93.95018	-5.338078	1382.918	1.300741e+08	3.364841e+08	1668.327	795.7296	93.95018	18500.95	11985.56	-4.626335	691.8149	-5.338078	1382.918	-4.626335	691.8149
51.99	6288.188	898395.6	2039.701	39894.92	17613.12	11116.25	112654.5	1432.028	3090.036	13149.26	37610.92	193.9502	-5.338078	782.9182	1.211784e+08	3.204559e+08	1268.327	2295.729	393.9502	12896.95	10784.56	195.3737	1191.815	-5.338078	782.9182	195.3737	1191.815
52.28	5088.188	1367770	3140.701	31682.92	17013.12	15919.25	159008.5	2932.028	2890.036	11549.26	41516.92	193.9502	-5.338078	1182.918	1.248713e+08	3.304735e+08	1168.327	1695.729	593.9502	12496.95	7383.562	95.37366	1891.815	-5.338078	1182.918	95.37366	1891.815
52.56	5288.188	2259661	4240.701	32383.92	17013.12	26030.25	203936.5	1832.028	3190.036	12749.26	38512.92	393.9502	-5.338078	1482.918	1.102825e+08	2.783843e+08	1268.327	2195.729	593.9502	9895.95	8183.562	95.37366	991.8149	-5.338078	1482.918	95.37366	991.8149
52.85	6088.188	2719656	3540.701	28679.92	16913.12	26931.25	240158.5	932.0284	4591.036	12149.26	36008.92	193.9502	-5.338078	1182.918	1.074911e+08	2.723744e+08	468.3274	1995.729	393.9502	8394.95	6183.562	195.3737	1791.815	-5.338078	1182.918	195.3737	1791.815
53.13	5988.188	3015096	1639.701	22973.92	14711.12	35143.25	267435.5	1232.028	2190.036	9848.264	35207.92	793.9502	-5.338078	582.9182	9.15546e+07	2.563482e+08	468.3274	1595.729	193.9502	9595.95	6483.562	-4.626335	1191.815	-5.338078	582.9182	-4.626335	1191.815
53.42	4187.188	3716272	3840.701	26676.92	12310.12	36646.25	284321.5	1332.028	1690.036	11149.26	31502.92	493.9502	94.66192	982.9182	8.109468e+07	2.303068e+08	668.3274	2395.729	493.9502	7194.95	5583.562	195.3737	1491.815	94.66192	982.9182	195.3737	1491.815
53.71	3787.189	4130893	2139.701	18569.92	8809.117	49471.25	348835.5	932.0284	1890.036	10648.26	26496.92	493.9502	-5.338078	982.9182	7.198894e+07	1.82234e+08	668.3274	1595.729	93.95018	6794.95	4582.562	195.3737	1191.815	-5.338078	982.9182	195.3737	1191.815
53.99	4287.188	4646666	2539.701	20670.92	9309.117	51776.25	396237.5	432.0284	1690.036	9548.264	28598.92	493.9502	-5.338078	1082.918	6.494509e+07	1.682136e+08	668.3274	995.7296	793.9502	4693.95	4282.562	295.3737	991.8149	-5.338078	1082.918	295.3737	991.8149
54.28	2987.189		4740.701	17768.92	7808.118	65010.25	547871.5	1432.028	1390.036	9548.264	23393.92	93.95018	-5.338078	282.9182	5.338894e+07	1.516555e+08	368.3274	895.7296	393.9502	5494.95	6083.562	-4.626335	891.8149	-5.338078	282.9182	-4.626335	891.8149
54.56	2887.189		3840.701	13065.92	6308.118	69623.24	574870.5	1332.028	1190.036	6847.263	22192.92	693.9502	-5.338078	582.9182	4.595326e+07	1.212723e+08	368.3274	1095.729	193.9502	6494.95	5083.562	-4.626335	1391.815	-5.338078	582.9182	-4.626335	1391.815
54.85	2087.189		1939.701	11264.92	4607.118	76645.24	678630.5	332.0284	1390.036	8748.264	18589.92	693.9502	-5.338078	482.9182	3.501401e+07	9.679697e+07	368.3274	695.7296	293.9502	5094.95	5183.562	95.37366	691.8149	-5.338078	482.9182	95.37366	691.8149
55.14	2587.189		2439.701	11664.92	3907.117	79254.24	677295.5	632.0284	890.0356	5247.263	17488.92	993.9502	-5.338078	382.9182	2.861162e+07	7.887865e+07	268.3274	1095.729	593.9502	2993.95	3682.562	95.37366	591.8149	-5.338078	382.9182	95.37366	591.8149
55.42	1787.189		639.7012	6562.922	3207.117	106662.2	718731.5	432.0284	1490.036	5947.263	14987.92	493.9502	-5.338078	382.9182	2.305804e+07	6.243232e+07	368.3274	95.72954	793.9502	2793.95	2982.562	-4.626335	691.8149	-5.338078	382.9182	-4.626335	691.8149
55.71	1387.189		2739.701	6862.922	3207.117	86981.24	678014.5	232.0284	90.03564	7047.263	11785.92	493.9502	-5.338078	482.9182	1.895882e+07	5.221864e+07	468.3274	695.7296	393.9502	2393.95	2782.562	295.3737	891.8149	-5.338078	482.9182	295.3737	891.8149
55.99	987.1886		639.7012	6562.922	2407.117	80157.24	682535.5	32.02844	90.03564	4546.263	10184.92	893.9502	-5.338078	282.9182	1.568569e+07	3.95999e+07	268.3274	395.7295	293.9502	1793.95	2182.562	195.3737	391.8149	-5.338078	282.9182	195.3737	391.8149
56.28	1287.189		1539.701	4962.922	2007.117	80358.24	674726.5	32.02844	490.0356	6447.263	10284.92	793.9502	-5.338078	382.9182	1.306654e+07	3.65523e+07	468.3274	195.7295	393.9502	1093.95	1982.562	295.3737	391.8149	-5.338078	382.9182	295.3737	391.8149
56.56	1087.189		2239.701	4062.922	2407.117	80860.24	633772.5	-67.97156	190.0356	4646.263	8684.918	1093.95	-5.338078	-17.08185	1.059076e+07	2.605595e+07	68.3274	95.72954	393.9502	1793.95	1382.562	-4.626335	991.8149	-5.338078	-17.08185	-4.626335	991.8149
56.85	887.1886		639.7012	2961.922	1207.117	84974.24	660760.5	232.0284	790.0356	4346.263	8283.918	293.9502	-5.338078	82.91815	7749278	2.00577e+07	-31.6726	495.7295	593.9502	1893.95	2382.562	95.37366	291.8149	-5.338078	82.91815	95.37366	291.8149
57.14	687.1886		939.7012	3661.922	1307.117	73836.24	683048.5	-267.9716	-209.9644	5247.263	10684.92	593.9502	-5.338078	-17.08185	6604852	1.927483e+07	-31.6726	395.7295	493.9502	2393.95	2082.562	-4.626335	891.8149	-5.338078	-17.08185	-4.626335	891.8149
57.42	687.1886		639.7012	1361.922	1307.117	75742.24	631619.5	-467.9716	490.0356	5747.263	7983.918	993.9502	-5.338078	-17.08185	5813860	1.480865e+07	-31.6726	695.7296	-6.049822	1293.95	982.5623	95.37366	791.8149	-5.338078	-17.08185	95.37366	791.8149
57.71	387.1886		639.7012	3161.922	1507.117	81462.24	700524.5	432.0284	90.03564	5747.263	7683.918	693.9502	-5.338078	-17.08185	4444170	1.269131e+07	-31.6726	295.7295	693.9502	1593.95	982.5623	195.3737	591.8149	-5.338078	-17.08185	195.3737	591.8149
57.99	887.1886		439.7012	1061.922	907.1174	80157.24	708134.5	32.02844	-109.9644	6747.263	7683.918	693.9502	94.66192	-17.08185	3710122	8616516	-31.6726	-4.270463	293.9502	793.9502	1882.562	-4.626335	391.8149	94.66192	-17.08185	-4.626335	391.8149
58.28	887.1886		1639.701	1861.922	1207.117	79956.24	696719.5	532.0284	390.0356	5347.263	6283.918	1493.95	-5.338078	-17.08185	3385494	9226728	-31.6726	495.7295	393.9502	793.9502	1182.562	95.37366	691.8149	-5.338078	-17.08185	95.37366	691.8149
58.57	787.1886		2940.701	2361.922	607.1174	85376.24	704123.5	432.0284	390.0356	5147.263	6183.918	1093.95	-5.338078	182.9182	2835110	8389488	-31.6726	395.7295	493.9502	793.9502	982.5623	-4.626335	691.8149	-5.338078	182.9182	-4.626335	691.8149
58.85	287.1886		1639.701	2061.922	307.1174	79455.24	718113.5	-167.9716	-109.9644	5347.263	6583.918	893.9502	-5.338078	-17.08185	2425904	6928340	-31.6726	395.7295	493.9502	1193.95	1382.562	-4.626335	691.8149	-5.338078	-17.08185	-4.626335	691.8149
59.14	687.1886		939.7012	561.9218	207.1174	83569.24	794478.5	32.02844	-309.9644	5747.263	5583.918	1593.95	94.66192	82.91815	2270700	6829060	-31.6726	195.7295	493.9502	1093.95	1182.562	195.3737	691.8149	94.66192	82.91815	195.3737	691.8149
59.43	487.1886		2339.701	1661.922	507.1174	90796.24	808105.5	-567.9716	690.0356	5947.263	6183.918	693.9502	-5.338078	-17.08185	2101396	4971628	168.3274	95.72954	793.9502	893.9502	1482.562	-4.626335	491.8149	-5.338078	-17.08185	-4.626335	491.8149
59.72	787.1886		439.7012	861.9218	607.1174	95715.24	792620.5	332.0284	-9.964355	5047.263	7383.918	693.9502	-5.338078	82.91815	1678169	3653585	68.3274	95.72954	193.9502	593.9502	1382.562	95.37366	691.8149	-5.338078	82.91815	95.37366	691.8149
60.01	187.1886		1439.701	1061.922	707.1174	97322.24	817504.5	132.0284	-409.9644	4646.263	7283.918	293.9502	-5.338078	-17.08185	1311413	3540228	68.3274	395.7295	393.9502	293.9502	1482.562	95.37366	691.8149	-5.338078	-17.08185	95.37366	691.8149
60.3	287.1886		1339.701	1161.922	407.1174	98326.24	764977.5	432.0284	890.0356	4846.263	6983.918	1393.95	194.6619	-17.08185	930592.4	4489706	-31.6726	395.7295	493.9502	393.9502	2082.562	-4.626335	191.8149	194.6619	-17.08185	-4.626335	191.8149
60.59	1087.189		939.7012	1461.922	507.1174	89290.24	724391.5	-367.9716	190.0356	4246.263	7683.918	593.9502	-5.338078	82.91815	1198573	2534342	68.3274	195.7295	293.9502	793.9502	1482.562	-4.626335	991.8149	-5.338078	82.91815	-4.626335	991.8149
60.87	187.1886		2039.701	1661.922	507.1174	100937.2	709986.5	-67.97156	-209.9644	5547.263	5783.918	1493.95	94.66192	-17.08185	891697.4	3384368	-31.6726	395.7295	493.9502	693.9502	1382.562	-4.626335	291.8149	94.66192	-17.08185	-4.626335	291.8149
61.16	287.1886		1839.701	361.9218	607.1174	90394.24	697336.5	-367.9716	-609.9644	5047.263	6583.918	493.9502	-5.338078	-17.08185	1034442	3115170	-31.6726	195.7295	393.9502	993.9502	982.5623	295.3737	291.8149	-5.338078	-17.08185	295.3737	291.8149
61.46	387.1886		2339.701	1561.922	607.1174	94410.24	658706.5	1232.028	-109.9644	5947.263	6383.918	493.9502	-5.338078	82.91815	733145.4	2293538	68.3274	95.72954	-6.049822	693.9502	1682.562	195.3737	191.8149	-5.338078	82.91815	195.3737	191.8149
61.74	387.1886		1839.701	1161.922	107.1174	81662.24	646185.5	-367.9716	-9.964355	4446.263	6283.918	993.9502	-5.338078	-17.08185	778405.4	2562673	68.3274	295.7295	193.9502	493.9502	1782.562	-4.626335	491.8149	-5.338078	-17.08185	-4.626335	491.8149
62.03	287.1886		1339.701	861.9218	307.1174	76545.24	596980.5	132.0284	-209.9644	3746.263	5083.918	693.9502	-5.338078	-17.08185	768919.4	1826143	-31.6726	195.7295	293.9502	493.9502	1782.562	195.3737	491.8149	-5.338078	-17.08185	195.3737	491.8149
62.32	387.1886		1339.701	1261.922	507.1174	79053.24	566890.5	32.02844	90.03564	2946.263	6883.918	793.9502	94.66192	-17.08185	708985.4	1981934	68.3274	195.7295	193.9502	693.9502	1382.562	95.37366	291.8149	94.66192	-17.08185	95.37366	291.8149
62.6	387.1886		1139.701	661.9218	607.1174	80057.24	581726.5	232.0284	590.0356	4546.263	5383.918	593.9502	-5.338078	-17.08185	560281.4	2194389	-31.6726	195.7295	-6.049822	593.9502	1582.562	95.37366	891.8149	-5.338078	-17.08185	95.37366	891.8149
62.9	487.1886		2940.701	1261.922	307.1174	75642.24	585718.5	-67.97156	-609.9644	4846.263	7683.918	493.9502	94.66192	-17.08185	676734.4	1882794	-31.6726	295.7295	493.9502	993.9502	1582.562	-4.626335	591.8149	94.66192	-17.08185	-4.626335	591.8149
63.19	587.1886		39.70117	861.9218	507.1174	73636.24	598824.5	432.0284	-509.9644	5047.263	7283.918	593.9502	-5.338078	82.91815	689964.4	1925282	68.3274	95.72954	293.9502	1193.95	1882.562	-4.626335	591.8149	-5.338078	82.91815	-4.626335	591.8149
63.48	187.1886		1739.701	761.9218	307.1174	80458.24	643004.5	332.0284	290.0356	4246.263	7083.918	1493.95	94.66192	82.91815	915951.4	2251045	-31.6726	195.7295	293.9502	993.9502	1682.562	-4.626335	491.8149	94.66192	82.91815	-4.626335	491.8149
63.78	287.1886		739.7012	761.9218	607.1174	93908.24	636849.5	132.0284	390.0356	4846.263	5783.918	893.9502	-5.338078	182.9182	902385.4	2364361	168.3274	-4.270463	793.9502	1093.95	2382.562	-4.626335	391.8149	-5.338078	182.9182	-4.626335	391.8149
64.07	487.1886		1639.701	1361.922	1407.117	87383.24	707928.5	632.0284	190.0356	4546.263	7283.918	893.9502	-5.338078	-17.08185	1124091	3681925	-31.6726	95.72954	693.9502	1493.95	1982.562	95.37366	691.8149	-5.338078	-17.08185	95.37366	691.8149
64.36	387.1886		1839.701	861.9218	1207.117	91097.24	747972.5	132.0284	-9.964355	4046.263	7983.918	1193.95	-5.338078	82.91815	3498404	9084809	68.3274	195.7295	593.9502	1493.95	2382.562	-4.626335	491.8149	-5.338078	82.91815	-4.626335	491.8149
64.64	387.1886		2339.701	1961.922	2007.117	90194.24	752093.5	432.0284	90.03564	4246.263	10084.92	1593.95	-5.338078	182.9182	1.336375e+07	3.247861e+07	268.3274	995.7296	593.9502	4293.95	5883.562	295.3737	1191.815	-5.338078	182.9182	295.3737	1191.815
64.93	1387.189		3140.701	10364.92	5308.118	96418.24	751681.5	232.0284	390.0356	7147.263	16788.92	793.9502	94.66192	582.9182	3.558367e+07	9.68697e+07	768.3274	995.7296	1193.95	11196.95	6283.562	195.3737	1191.815	94.66192	582.9182	195.3737	1191.815
65.21	2687.189		3340.701	19770.92	3507.117	86078.24	652137.5	1232.028	2090.036	11749.26	22292.92	1093.95	94.66192	982.9182	5.356072e+07	1.454581e+08	1468.327	895.7296	893.9502	25606.95	7583.562	295.3737	1891.815	94.66192	982.9182	295.3737	1891.815
65.5	1387.189		1239.701	46606.92	4807.118	65311.25	557686.5	1332.028	2190.036	14550.26	31502.92	693.9502	94.66192	1182.918	7.380246e+07	2.062698e+08	2068.327	1095.729	593.9502	45935.95	12985.56	395.3737	2491.815	94.66192	1182.918	395.3737	2491.815
65.78	1887.189		4140.701	66753.92	3307.117	51676.25	454215.5	1632.028	2490.036	20655.26	40615.92	893.9502	194.6619	1582.918	9.74047e+07	2.14282e+08	3468.327	1395.729	793.9502	74203.95	10784.56	195.3737	4391.815	194.6619	1582.918	195.3737	4391.815
66.07	1687.189	4076902	2139.701	85912.92	3407.117	43558.25	367400.5	2132.028	2390.036	27461.26	49631.92	393.9502	-5.338078	2382.918	1.008555e+08	2.62358e+08	4268.328	1895.729	293.9502	104211	12585.56	95.37366	4691.815	-5.338078	2382.918	95.37366	4691.815
66.36	987.1886	3236874	3340.701	106391.9	2907.117	35744.25	295855.5	2332.028	2490.036	31766.26	52437.92	593.9502	-5.338078	1882.918	1.087121e+08	2.783843e+08	5069.328	3095.729	293.9502	119579	8984.562	95.37366	6192.815	-5.338078	1882.918	95.37366	6192.815
66.64	1087.189	2617660	1639.701	112719.9	2107.117	28033.25	230366.5	2732.028	2190.036	30665.26	48229.92	293.9502	-5.338078	2582.918	1.090319e+08	3.304735e+08	5569.328	1095.729	493.9502	135259	11285.56	95.37366	5692.815	-5.338078	2582.918	95.37366	5692.815
66.93	987.1886	2211626	1739.701	123872.9	1407.117	21124.25	203029.5	2232.028	2790.036	34370.26	58250.92	-6.049822	-5.338078	2982.918	1.18845e+08	3.164489e+08	5069.328	1995.729	193.9502	155476	12185.56	-4.626335	5592.815	-5.338078	2982.918	-4.626335	5592.815
67.21	1387.189	1860726	3340.701	128496.9	1107.117	14518.25	171088.5	2132.028	2690.036	36172.26	55143.92	93.95018	94.66192	2482.918	1.197053e+08	3.104385e+08	5469.328	2495.729	293.9502	159501	14286.56	-4.626335	5292.815	94.66192	2482.918	-4.626335	5292.815
67.5	1787.189	1448660	3240.701	146193.9	1607.117	14218.25	165954.5	2432.028	4091.036	38175.26	63763.92	493.9502	94.66192	2782.918	1.259814e+08	3.32477e+08	4668.328	3695.729	293.9502	176716	12485.56	-4.626335	6392.815	94.66192	2782.918	-4.626335	6392.815
67.79	2587.189	1359537	3240.701	144986.9	2807.117	11816.25	124410.5	3232.028	2990.036	41480.26	74292.92	193.9502	-5.338078	2082.918	1.279979e+08	3.364841e+08	5569.328	4095.729	193.9502	175911	11685.56	-4.626335	5392.815	-5.338078	2082.918	-4.626335	5392.815
68.07	2687.189	1034543	1239.701	146998.9	4107.118	5913.246	125415.5	3032.028	3390.036	38175.26	68175.92	93.95018	94.66192	1982.918	1.244478e+08	3.304735e+08	3168.327	3795.729	93.95018	140287	12285.56	-4.626335	5292.815	94.66192	1982.918	-4.626335	5292.815
68.36	3787.189	759261.6	1239.701	127893.9	9009.117	6913.246	88054.52	1432.028	3491.036	33068.26	69679.92	193.9502	-5.338078	2082.918	1.299132e+08	3.2847e+08	4068.327	3295.729	493.9502	118374	11985.56	-4.626335	5292.815	-5.338078	2082.918	-4.626335	5292.815
68.64	6088.188	568037.6	1739.701	109103.9	16713.12	3412.246	78220.52	2132.028	4091.036	26860.26	57749.92	393.9502	-5.338078	1882.918	1.241412e+08	3.224594e+08	2968.327	2295.729	193.9502	90858.95	10784.56	-4.626335	3391.815	-5.338078	1882.918	-4.626335	3391.815
68.93	12790.19	493154.6	1739.701	86915.92	31827.12	3512.246	63979.53	3232.028	4091.036	21555.26	59753.92	293.9502	-5.338078	1282.918	1.291674e+08	3.505092e+08	1968.327	1695.729	493.9502	71495.95	12185.56	-4.626335	2391.815	-5.338078	1282.918	-4.626335	2391.815
69.22	21396.19	474188.6	3940.701	78588.92	46150.12	3612.246	55658.53	1932.028	3791.036	16151.26	50633.92	293.9502	94.66192	1682.918	1.285096e+08	3.545164e+08	2068.327	3095.729	293.9502	49041.95	11585.56	95.37366	1491.815	94.66192	1682.918	95.37366	1491.815
69.5	22697.19	350036.6	2239.701	57530.92	56772.12	3512.246	45537.53	2832.028	3791.036	13250.26	49631.92	93.95018	-5.338078	582.9182	1.361633e+08	3.344805e+08	1068.327	1795.729	193.9502	39324.95	11185.56	195.3737	1691.815	-5.338078	582.9182	195.3737	1691.815
69.79	26001.19	292084.6	2439.701	44703.92	65493.12	2011.246	48543.53	2032.028	4391.036	11449.26	43520.92	293.9502	-5.338078	582.9182	1.391678e+08	3.885793e+08	1668.327	2195.729	-6.049822	44733.95	11185.56	-4.626335	991.8149	-5.338078	582.9182	-4.626335	991.8149
70.07	31106.19	284091.6	1839.701	42098.92	77527.12	2111.246	28410.53	2232.028	3390.036	12449.26	46225.92	293.9502	-5.338078	982.9182	1.322685e+08	3.645347e+08	1368.327	3095.729	-6.049822	61368.95	12385.56	-4.626335	1191.815	-5.338078	982.9182	-4.626335	1191.815
70.36	29905.19	226695.6	3940.701	47208.92	77327.12	1611.246	39727.53	2232.028	3591.036	13550.26	48729.92	1393.95	-5.338078	482.9182	1.320051e+08	3.805643e+08	1168.327	2095.729	93.95018	102805	11685.56	-4.626335	2291.815	-5.338078	482.9182	-4.626335	2291.815
70.65	26501.19	229622.6	3140.701	46306.92	55368.12	2011.246	40027.53	3732.028	3691.036	18753.26	48729.92	1193.95	-5.338078	782.9182	1.322978e+08	3.565201e+08	1068.327	1995.729	-6.049822	108027	11585.56	-4.626335	1791.815	-5.338078	782.9182	-4.626335	1791.815
70.93	20295.19	188973.6	3040.701	51216.92	43245.12	311.2456	40428.53	1832.028	3591.036	23557.26	49130.92	993.9502	-5.338078	1482.918	1.28071e+08	3.224594e+08	1568.327	1595.729	93.95018	130433	12685.56	-4.626335	1791.815	-5.338078	1482.918	-4.626335	1791.815
71.22	16292.19	169630.6	2039.701	54422.92	32328.12	1511.246	47741.53	2332.028	4791.036	28262.26	48329.92	1093.95	-5.338078	2782.918	1.360461e+08	4.066135e+08	2868.327	1995.729	-6.049822	112547	10184.56	-4.626335	3091.815	-5.338078	2782.918	-4.626335	3091.815
71.5	12390.19	110285.6	2139.701	52017.92	24419.12	511.2456	48142.53	2932.028	2990.036	31065.26	53339.92	693.9502	-5.338078	2282.918	1.321807e+08	3.444984e+08	2368.327	995.7296	193.9502	112045	10684.56	-4.626335	4391.815	-5.338078	2282.918	-4.626335	4391.815
71.79	10989.19	79460.64	2239.701	49211.92	20315.12	-188.7544	47140.53	2232.028	1890.036	36573.26	50032.92	493.9502	-5.338078	3282.918	1.311419e+08	3.82568e+08	2568.327	1595.729	-6.049822	148132	11985.56	-4.626335	4291.815	-5.338078	3282.918	-4.626335	4291.815
72.08	9889.188	117318.6	4040.701	51015.92	14411.12	111.2456	49344.53	2132.028	3491.036	40779.26	57047.92	193.9502	-5.338078	4882.918	1.347865e+08	3.044282e+08	2568.327	2295.729	93.95018	152659	12385.56	-4.626335	4991.815	-5.338078	4882.918	-4.626335	4991.815
72.36	7588.188	87288.64	2739.701	50715.92	11610.12	-689.7544	49144.53	3232.028	2290.036	44185.26	57448.92	493.9502	-5.338078	3182.918	1.295038e+08	3.444984e+08	2868.327	1895.729	93.95018	177220	12985.56	-4.626335	4691.815	-5.338078	3182.918	-4.626335	4691.815
72.65	4987.188	58798.64	4040.701	45104.92	9109.117	611.2456	42932.53	1932.028	3791.036	45988.26	59653.92	93.95018	-5.338078	2982.918	1.375993e+08	3.404912e+08	3868.327	1395.729	-6.049822	180241	10784.56	-4.626335	5192.815	-5.338078	2982.918	-4.626335	5192.815
72.93	6988.188	86786.64	3340.701	48911.92	7808.118	-989.7544	42732.53	3632.028	1990.036	36973.26	42518.92	193.9502	-5.338078	3382.918	9.462326e+07	2.743777e+08	2968.327	1995.729	93.95018	126915	7383.562	-4.626335	3691.815	-5.338078	3382.918	-4.626335	3691.815
73.22	3687.189	34647.64	1939.701	32083.92	5208.118	311.2456	31815.53	1232.028	1490.036	24458.26	32703.92	-6.049822	-5.338078	1182.918	6.593614e+07	1.962548e+08	1968.327	695.7296	93.95018	80723.95	5583.562	-4.626335	2991.815	-5.338078	1182.918	-4.626335	2991.815
73.51	2387.189	44565.64	939.7012	22772.92	5008.118	-1189.754	21002.53	1432.028	1490.036	17852.26	23593.92	93.95018	-5.338078	1882.918	5.175748e+07	1.431737e+08	1668.327	1495.729	-6.049822	65579.95	4382.562	-4.626335	1991.815	-5.338078	1882.918	-4.626335	1991.815
73.79	1587.189	41359.64	2339.701	17968.92	4307.118	-1389.754	16499.53	-167.9716	1190.036	10848.26	19289.92	-6.049822	-5.338078	1482.918	3.787749e+07	1.128762e+08	1068.327	495.7295	-6.049822	53851.95	4082.562	-4.626335	1191.815	-5.338078	1482.918	-4.626335	1191.815
74.08	2087.189	75647.64	1139.701	13165.92	2907.117	-488.7544	11796.53	-67.97156	1390.036	11249.26	15087.92	-6.049822	-5.338078	1082.918	3.438748e+07	9.186957e+07	468.3274	695.7296	-6.049822	38022.95	2482.562	-4.626335	1291.815	-5.338078	1082.918	-4.626335	1291.815
74.36	2087.189	16423.64	-961.2988	9463.922	2107.117	-1189.754	13997.53	432.0284	590.0356	8447.264	11485.92	-6.049822	-5.338078	882.9182	2.680681e+07	7.141861e+07	668.3274	495.7295	-6.049822	27508.95	1882.562	-4.626335	791.8149	-5.338078	882.9182	-4.626335	791.8149
74.65	787.1886	27736.64	-260.2988	10264.92	1207.117	-1189.754	7794.527	332.0284	-109.9644	5247.263	8283.918	93.95018	-5.338078	282.9182	2.020652e+07	5.773902e+07	168.3274	195.7295	93.95018	24505.95	1382.562	-4.626335	991.8149	-5.338078	282.9182	-4.626335	991.8149
74.93	1687.189	15322.64	439.7012	7062.922	2007.117	-1689.754	5693.527	332.0284	690.0356	5647.263	7583.918	193.9502	-5.338078	582.9182	1.557239e+07	4.857182e+07	168.3274	295.7295	-6.049822	20201.95	982.5623	-4.626335	791.8149	-5.338078	582.9182	-4.626335	791.8149
75.22	1087.189	35949.64	-160.2988	5562.922	1707.117	-989.7544	4993.527	-367.9716	190.0356	4446.263	7883.918	-6.049822	-5.338078	82.91815	1.356191e+07	3.629487e+07	368.3274	95.72954	193.9502	14597.95	1182.562	-4.626335	191.8149	-5.338078	82.91815	-4.626335	191.8149
75.5	787.1886	11319.64	339.7012	5862.922	1107.117	-488.7544	3993.527	132.0284	390.0356	3246.263	3782.918	-6.049822	-5.338078	-17.08185	1.184965e+07	3.280719e+07	268.3274	395.7295	-6.049822	13897.95	1282.562	95.37366	191.8149	-5.338078	-17.08185	95.37366	191.8149
75.79	587.1886	16824.64	-360.2988	4962.922	1107.117	-889.7544	3092.527	232.0284	-309.9644	3446.263	3482.918	93.95018	-5.338078	-17.08185	9021299	2.292021e+07	168.3274	95.72954	-6.049822	10595.95	1482.562	-4.626335	291.8149	-5.338078	-17.08185	-4.626335	291.8149
76.07	587.1886	5516.641	439.7012	1761.922	807.1174	-889.7544	3993.527	132.0284	-709.9644	2446.263	2482.918	-6.049822	-5.338078	182.9182	7000414	2.136762e+07	68.3274	-4.270463	-6.049822	9595.95	582.5623	-4.626335	91.81495	-5.338078	182.9182	-4.626335	91.81495
76.36	787.1886	8017.641	-1261.299	2461.922	707.1174	-488.7544	3092.527	-167.9716	-109.9644	2646.263	2482.918	-6.049822	-5.338078	82.91815	7184084	1.560475e+07	68.3274	-4.270463	-6.049822	7794.95	882.5623	-4.626335	91.81495	-5.338078	82.91815	-4.626335	91.81495
76.65	687.1886	12420.64	-961.2988	1561.922	607.1174	-1389.754	992.5267	-167.9716	390.0356	1346.263	2582.918	-6.049822	-5.338078	82.91815	5107768	1.26629e+07	-31.6726	-4.270463	-6.049822	4693.95	282.5623	-4.626335	-8.185054	-5.338078	82.91815	-4.626335	-8.185054
76.93	87.18861	15923.64	39.70117	2061.922	307.1174	-1289.754	3293.527	-67.97156	-709.9644	846.2634	1982.918	-6.049822	-5.338078	-17.08185	4500642	1.1413e+07	-31.6726	95.72954	-6.049822	4693.95	482.5623	-4.626335	91.81495	-5.338078	-17.08185	-4.626335	91.81495
77.22	87.18861	5716.641	139.7012	1261.922	207.1174	-1489.754	2092.527	-467.9716	90.03564	1246.263	1382.918	-6.049822	-5.338078	-17.08185	3752466	9837044	68.3274	95.72954	-6.049822	4693.95	282.5623	-4.626335	91.81495	-5.338078	-17.08185	-4.626335	91.81495
77.51	487.1886	3815.641	239.7012	1161.922	507.1174	-1889.754	1392.527	132.0284	290.0356	746.2634	982.9182	-6.049822	-5.338078	282.9182	3272588	7892913	-31.6726	-4.270463	-6.049822	3593.95	482.5623	-4.626335	-8.185054	-5.338078	282.9182	-4.626335	-8.185054
77.79	387.1886	6316.641	-961.2988	961.9218	307.1174	-689.7544	592.5267	-267.9716	-209.9644	646.2634	1182.918	-6.049822	-5.338078	-17.08185	2298920	6843242	68.3274	-4.270463	-6.049822	2793.95	182.5623	95.37366	91.81495	-5.338078	-17.08185	95.37366	91.81495
78.08	87.18861	6116.641	-560.2988	661.9218	-92.88256	-488.7544	1192.527	-467.9716	190.0356	1146.263	1382.918	-6.049822	-5.338078	82.91815	2284810	5170086	168.3274	-4.270463	-6.049822	3293.95	182.5623	-4.626335	191.8149	-5.338078	82.91815	-4.626335	191.8149
78.37	87.18861	3215.641	-1061.299	561.9218	107.1174	-1489.754	292.5267	132.0284	-109.9644	646.2634	1082.918	-6.049822	-5.338078	-17.08185	1946206	5056680	-31.6726	-4.270463	-6.049822	1293.95	82.56228	-4.626335	91.81495	-5.338078	-17.08185	-4.626335	91.81495
78.66	187.1886	2114.641	-160.2988	661.9218	307.1174	-889.7544	1292.527	132.0284	-9.964355	446.2633	582.9182	-6.049822	-5.338078	82.91815	1607635	3837798	68.3274	-4.270463	-6.049822	1093.95	182.5623	-4.626335	-8.185054	-5.338078	82.91815	-4.626335	-8.185054
78.95	187.1886	5916.641	-961.2988	761.9218	507.1174	-1889.754	-7.473267	132.0284	-109.9644	446.2633	482.9182	-6.049822	-5.338078	82.91815	1381940	2803494	68.3274	95.72954	-6.049822	893.9502	82.56228	-4.626335	-8.185054	-5.338078	82.91815	-4.626335	-8.185054
79.24	-12.81139	2415.641	-2061.299	161.9218	307.1174	-2789.754	392.5267	-67.97156	-109.9644	646.2634	182.9182	-6.049822	-5.338078	-17.08185	845971.4	3299356	-31.6726	-4.270463	-6.049822	793.9502	82.56228	-4.626335	-8.185054	-5.338078	-17.08185	-4.626335	-8.185054
79.53	-12.81139	6016.641	-961.2988	461.9218	7.117439	-2189.754	-107.4733	432.0284	190.0356	146.2633	482.9182	93.95018	-5.338078	82.91815	1057528	2619335	-31.6726	-4.270463	-6.049822	1193.95	-17.43772	-4.626335	-8.185054	-5.338078	82.91815	-4.626335	-8.185054
79.83	187.1886	4916.641	39.70117	-138.0782	-92.88256	-1289.754	292.5267	132.0284	-409.9644	-53.73666	182.9182	-6.049822	-5.338078	-17.08185	648529.4	2520176	-31.6726	-4.270463	-6.049822	693.9502	-17.43772	-4.626335	-8.185054	-5.338078	-17.08185	-4.626335	-8.185054
80.11	87.18861	1014.641	-861.2988	61.92175	407.1174	11.24561	192.5267	332.0284	-309.9644	146.2633	282.9182	-6.049822	-5.338078	-17.08185	626526.4	1939445	-31.6726	-4.270463	-6.049822	1193.95	-17.43772	-4.626335	191.8149	-5.338078	-17.08185	-4.626335	191.8149
80.4	-12.81139	4715.641	-1061.299	-38.07825	307.1174	-2189.754	392.5267	-167.9716	-409.9644	146.2633	82.91815	-6.049822	-5.338078	-17.08185	570099.4	1967771	-31.6726	-4.270463	-6.049822	493.9502	82.56228	-4.626335	-8.185054	-5.338078	-17.08185	-4.626335	-8.185054
80.69	-12.81139	7117.641	-1461.299	661.9218	207.1174	-1089.754	292.5267	-367.9716	-409.9644	146.2633	82.91815	193.9502	-5.338078	-17.08185	396998.4	962331.8	-31.6726	-4.270463	-6.049822	93.95018	-17.43772	-4.626335	-8.185054	-5.338078	-17.08185	-4.626335	-8.185054
80.97	87.18861	814.6406	-2161.299	161.9218	7.117439	-288.7544	-607.4733	-567.9716	-9.964355	246.2633	282.9182	-6.049822	-5.338078	182.9182	261026.4	1457936	-31.6726	-4.270463	-6.049822	393.9502	-17.43772	-4.626335	91.81495	-5.338078	182.9182	-4.626335	91.81495
81.26	187.1886	1714.641	-1661.299	-38.07825	107.1174	-1389.754	792.5267	32.02844	-209.9644	146.2633	-17.08185	-6.049822	-5.338078	-17.08185	413970.4	962331.8	-31.6726	-4.270463	-6.049822	293.9502	-17.43772	95.37366	-8.185054	-5.338078	-17.08185	95.37366	-8.185054
81.55	187.1886	-185.3594	1139.701	-238.0782	107.1174	-88.75439	692.5267	232.0284	590.0356	-53.73666	82.91815	-6.049822	-5.338078	-17.08185	301174.4	792426.8	-31.6726	-4.270463	-6.049822	393.9502	82.56228	-4.626335	-8.185054	-5.338078	-17.08185	-4.626335	-8.185054
81.83	87.18861	1414.641	-160.2988	-38.07825	-92.88256	-789.7544	192.5267	-67.97156	190.0356	46.26334	382.9182	-6.049822	-5.338078	-17.08185	132721.4	411305.8	-31.6726	-4.270463	-6.049822	-6.049822	-17.43772	95.37366	-8.185054	-5.338078	-17.08185	95.37366	-8.185054
82.12	-12.81139	1914.641	-761.2988	-138.0782	107.1174	-588.7544	-407.4733	-67.97156	-609.9644	146.2633	182.9182	-6.049822	-5.338078	-17.08185	215394.4	905695.8	-31.6726	-4.270463	-6.049822	93.95018	-17.43772	-4.626335	-8.185054	-5.338078	-17.08185	-4.626335	-8.185054
82.41	-12.81139	1014.641	-560.2988	-138.0782	7.117439	-1789.754	-307.4733	-67.97156	-309.9644	46.26334	382.9182	-6.049822	94.66192	-17.08185	328414.4	523426.8	168.3274	-4.270463	-6.049822	93.95018	-17.43772	-4.626335	-8.185054	94.66192	-17.08185	-4.626335	-8.185054
82.71	-12.81139	-85.35938	-260.2988	-38.07825	-92.88256	-88.75439	-607.4733	-67.97156	-109.9644	146.2633	282.9182	-6.049822	-5.338078	-17.08185	132218.4	537583.8	-31.6726	-4.270463	-6.049822	-6.049822	-17.43772	-4.626335	-8.185054	-5.338078	-17.08185	-4.626335	-8.185054
82.99	-12.81139	1314.641	-460.2988	-338.0782	-92.88256	-1989.754	-307.4733	-267.9716	-509.9644	-53.73666	-17.08185	-6.049822	-5.338078	-17.08185	168133.4	254447.8	-31.6726	-4.270463	-6.049822	93.95018	-17.43772	-4.626335	-8.185054	-5.338078	-17.08185	-4.626335	-8.185054
83.28	-12.81139	514.6406	-1561.299	561.9218	207.1174	-1789.754	-307.4733	-267.9716	390.0356	-53.73666	182.9182	-6.049822	94.66192	-17.08185	127896.4	240291.8	68.3274	-4.270463	-6.049822	93.95018	-17.43772	-4.626335	-8.185054	94.66192	-17.08185	-4.626335	-8.185054
83.56	-12.81139	-585.3594	-560.2988	361.9218	207.1174	-488.7544	-307.4733	232.0284	90.03564	246.2633	82.91815	-6.049822	-5.338078	-17.08185	121062.4	176164.8	-31.6726	-4.270463	-6.049822	-6.049822	-17.43772	-4.626335	-8.185054	-5.338078	-17.08185	-4.626335	-8.185054
83.85	-12.81139	1214.641	-861.2988	261.9218	-92.88256	111.2456	-207.4733	332.0284	690.0356	246.2633	382.9182	-6.049822	-5.338078	-17.08185	66758.4	216580.8	-31.6726	-4.270463	-6.049822	193.9502	-17.43772	-4.626335	-8.185054	-5.338078	-17.08185	-4.626335	-8.185054
84.14	-12.81139	514.6406	-861.2988	461.9218	107.1174	-1089.754	-507.4733	-67.97156	490.0356	46.26334	-17.08185	-6.049822	-5.338078	-17.08185	125986.4	27954.77	-31.6726	-4.270463	-6.049822	-6.049822	-17.43772	-4.626335	-8.185054	-5.338078	-17.08185	-4.626335	-8.185054
84.43	-12.81139	514.6406	-160.2988	-538.0782	307.1174	-1689.754	-607.4733	-167.9716	290.0356	-53.73666	-17.08185	-6.049822	-5.338078	-17.08185	79997.4	176365.8	-31.6726	-4.270463	-6.049822	93.95018	-17.43772	-4.626335	-8.185054	-5.338078	-17.08185	-4.626335	-8.185054
84.71	87.18861	1014.641	-260.2988	161.9218	7.117439	-288.7544	-307.4733	432.0284	-509.9644	146.2633	-17.08185	-6.049822	-5.338078	-17.08185	109509.4	141198.8	-31.6726	-4.270463	-6.049822	93.95018	82.56228	-4.626335	-8.185054	-5.338078	-17.08185	-4.626335	-8.185054
85	-12.81139	814.6406	-861.2988	-238.0782	7.117439	-2889.754	-507.4733	-67.97156	-9.964355	46.26334	182.9182	-6.049822	-5.338078	-17.08185	105893.4	127043.8	-31.6726	-4.270463	-6.049822	-6.049822	82.56228	-4.626335	-8.185054	-5.338078	-17.08185	-4.626335	-8.185054
85.29	-12.81139	2014.641	-761.2988	-338.0782	-92.88256	-388.7544	-7.473267	-367.9716	-409.9644	46.26334	182.9182	-6.049822	94.66192	-17.08185	35494.39	27954.77	-31.6726	95.72954	-6.049822	-6.049822	-17.43772	-4.626335	-8.185054	94.66192	-17.08185	-4.626335	-8.185054
85.57	-12.81139	614.6406	-861.2988	-238.0782	-92.88256	-1289.754	392.5267	-67.97156	-909.9644	46.26334	-17.08185	-6.049822	-5.338078	-17.08185	40101.39	84576.77	-31.6726	-4.270463	-6.049822	93.95018	82.56228	-4.626335	-8.185054	-5.338078	-17.08185	-4.626335	-8.185054
85.86	-12.81139	3815.641	639.7012	-538.0782	-92.88256	-1889.754	692.5267	-267.9716	590.0356	-53.73666	-17.08185	-6.049822	-5.338078	-17.08185	2669.395	131289.8	-31.6726	-4.270463	-6.049822	93.95018	-17.43772	-4.626335	-8.185054	-5.338078	-17.08185	-4.626335	-8.185054
86.14	-12.81139	1214.641	-1261.299	-238.0782	7.117439	-1489.754	-107.4733	332.0284	90.03564	-53.73666	-17.08185	-6.049822	-5.338078	-17.08185	9571.395	58612.77	-31.6726	-4.270463	-6.049822	-6.049822	-17.43772	-4.626335	-8.185054	-5.338078	-17.08185	-4.626335	-8.185054
86.43	-12.81139	2415.641	1139.701	-538.0782	107.1174	-88.75439	-407.4733	832.0284	-509.9644	-53.73666	-17.08185	-6.049822	-5.338078	-17.08185	23180.39	155354.8	-31.6726	-4.270463	-6.049822	193.9502	-17.43772	-4.626335	-8.185054	-5.338078	-17.08185	-4.626335	-8.185054
86.72	87.18861	1514.641	-360.2988	261.9218	-92.88256	-889.7544	-107.4733	132.0284	90.03564	46.26334	-17.08185	-6.049822	-5.338078	-17.08185	25382.39	148585.8	-31.6726	-4.270463	-6.049822	-6.049822	-17.43772	-4.626335	-8.185054	-5.338078	-17.08185	-4.626335	-8.185054
87	-12.81139	3215.641	39.70117	-538.0782	-92.88256	-1789.754	-407.4733	-467.9716	-409.9644	-53.73666	-17.08185	-6.049822	-5.338078	-17.08185	50119.39	36670.77	-31.6726	-4.270463	-6.049822	-6.049822	-17.43772	-4.626335	-8.185054	-5.338078	-17.08185	-4.626335	-8.185054
87.29	-12.81139	2114.641	-961.2988	861.9218	7.117439	-2389.754	-607.4733	32.02844	390.0356	-53.73666	-17.08185	-6.049822	-5.338078	-17.08185	9671.395	27959.77	-31.6726	-4.270463	-6.049822	-6.049822	-17.43772	95.37366	-8.185054	-5.338078	-17.08185	95.37366	-8.185054
87.58	87.18861	1314.641	-360.2988	-538.0782	7.117439	-1889.754	-707.4733	-167.9716	-309.9644	-53.73666	-17.08185	-6.049822	-5.338078	-17.08185	23780.39	70420.77	-31.6726	-4.270463	-6.049822	93.95018	-17.43772	-4.626335	-8.185054	-5.338078	-17.08185	-4.626335	-8.185054
87.86	187.1886	14.64062	539.7012	-438.0782	207.1174	-1589.754	292.5267	-167.9716	-409.9644	-53.73666	-17.08185	-6.049822	-5.338078	-17.08185	46212.39	69641.77	-31.6726	95.72954	-6.049822	-6.049822	-17.43772	-4.626335	91.81495	-5.338078	-17.08185	-4.626335	91.81495
88.15	-12.81139	2815.641	39.70117	361.9218	7.117439	-1889.754	-407.4733	332.0284	-209.9644	46.26334	82.91815	-6.049822	94.66192	-17.08185	-30.60498	32164.77	-31.6726	-4.270463	-6.049822	-6.049822	-17.43772	-4.626335	-8.185054	94.66192	-17.08185	-4.626335	-8.185054
88.43	-12.81139	1414.641	-1261.299	-138.0782	7.117439	-989.7544	-107.4733	32.02844	-209.9644	-53.73666	82.91815	-6.049822	-5.338078	-17.08185	6770.395	8545.772	68.3274	-4.270463	-6.049822	-6.049822	-17.43772	-4.626335	-8.185054	-5.338078	-17.08185	-4.626335	-8.185054
88.72	-12.81139	1214.641	-1061.299	-138.0782	107.1174	-1689.754	-107.4733	32.02844	-309.9644	-53.73666	-17.08185	-6.049822	-5.338078	-17.08185	16775.39	4143.772	-31.6726	-4.270463	-6.049822	-6.049822	82.56228	-4.626335	-8.185054	-5.338078	-17.08185	-4.626335	-8.185054
89	-12.81139	1014.641	-2061.299	-138.0782	-92.88256	-1689.754	192.5267	-67.97156	290.0356	146.2633	-17.08185	-6.049822	94.66192	-17.08185	-30.60498	101651.8	168.3274	-4.270463	93.95018	93.95018	-17.43772	-4.626335	-8.185054	94.66192	-17.08185	-4.626335	-8.185054
