ElapsedTime_s	Ti49_CPS	Al27_CPS	S33_CPS	Sc45_CPS	V51_CPS	Mn55_CPS	Fe57_CPS	Co59_CPS	Ni60_CPS	Ga71_CPS	Zr90_CPS	Nb93_CPS	Mo97_CPS	In113_CPS	Sn119_CPS	Sn118_CPS	Sb121_CPS	Hf177_CPS	Ta181_CPS	W183_CPS	Pb206_CPS	Th232_CPS	U238_CPS	Tc97_CPS	Cd113_CPS	U232_CPS	Pu238_CPS
0	87.18861	2415.641	-260.2988	-238.0782	-92.88256	-1189.754	-1007.473	332.0284	-209.9644	146.2633	-17.08185	-6.049822	-5.338078	-17.08185	-30.60498	1543.772	-31.6726	-4.270463	-6.049822	-6.049822	-17.43772	95.37366	-8.185054	-5.338078	-17.08185	95.37366	-8.185054
																											
12.16	-12.81139	-85.35938	-1261.299	-438.0782	207.1174	-288.7544	-507.4733	-167.9716	-509.9644	-53.73666	-17.08185	-6.049822	-5.338078	-17.08185	-30.60498	143.7722	-31.6726	-4.270463	-6.049822	-6.049822	-17.43772	95.37366	-8.185054	-5.338078	-17.08185	95.37366	-8.185054
12.45	-12.81139	1314.641	1339.701	-38.07825	7.117439	511.2456	-307.4733	-167.9716	-9.964355	-53.73666	-17.08185	-6.049822	-5.338078	-17.08185	69.39502	-156.2278	-31.6726	-4.270463	-6.049822	-6.049822	-17.43772	-4.626335	-8.185054	-5.338078	-17.08185	-4.626335	-8.185054
12.74	-12.81139	414.6406	139.7012	-238.0782	7.117439	-1089.754	-607.4733	532.0284	290.0356	-53.73666	-17.08185	-6.049822	-5.338078	-17.08185	-30.60498	-356.2278	-31.6726	-4.270463	-6.049822	-6.049822	-17.43772	-4.626335	-8.185054	-5.338078	-17.08185	-4.626335	-8.185054
13.02	87.18861	-285.3594	539.7012	-238.0782	7.117439	-1189.754	-307.4733	-67.97156	-309.9644	46.26334	-17.08185	-6.049822	-5.338078	-17.08185	-130.605	-256.2278	68.3274	-4.270463	-6.049822	-6.049822	-17.43772	-4.626335	-8.185054	-5.338078	-17.08185	-4.626335	-8.185054
13.31	-12.81139	-1586.359	-560.2988	461.9218	-92.88256	-689.7544	-307.4733	632.0284	90.03564	46.26334	-17.08185	-6.049822	-5.338078	-17.08185	-130.605	-256.2278	-31.6726	-4.270463	-6.049822	-6.049822	-17.43772	-4.626335	-8.185054	-5.338078	-17.08185	-4.626335	-8.185054
13.59	-12.81139	-85.35938	139.7012	-338.0782	-92.88256	-1389.754	-407.4733	-267.9716	190.0356	-53.73666	-17.08185	-6.049822	-5.338078	-17.08185	269.395	143.7722	-31.6726	-4.270463	-6.049822	-6.049822	-17.43772	-4.626335	-8.185054	-5.338078	-17.08185	-4.626335	-8.185054
13.88	-12.81139	14.64062	39.70117	461.9218	-92.88256	-889.7544	-407.4733	432.0284	-309.9644	46.26334	-17.08185	-6.049822	-5.338078	-17.08185	269.395	-156.2278	-31.6726	-4.270463	-6.049822	-6.049822	-17.43772	-4.626335	-8.185054	-5.338078	-17.08185	-4.626335	-8.185054
14.16	87.18861	114.6406	-660.2988	-338.0782	-92.88256	-1789.754	492.5267	-367.9716	-609.9644	146.2633	-17.08185	-6.049822	-5.338078	-17.08185	169.395	243.7722	68.3274	-4.270463	-6.049822	-6.049822	-17.43772	-4.626335	-8.185054	-5.338078	-17.08185	-4.626335	-8.185054
14.45	-12.81139	714.6406	-260.2988	-38.07825	7.117439	-388.7544	-907.4733	-167.9716	-709.9644	46.26334	-17.08185	-6.049822	-5.338078	-17.08185	-30.60498	-256.2278	-31.6726	-4.270463	-6.049822	-6.049822	-17.43772	-4.626335	-8.185054	-5.338078	-17.08185	-4.626335	-8.185054
14.73	87.18861	414.6406	-360.2988	-138.0782	7.117439	-689.7544	-507.4733	-67.97156	-209.9644	-53.73666	-17.08185	-6.049822	94.66192	-17.08185	-130.605	-56.22775	-31.6726	-4.270463	-6.049822	-6.049822	-17.43772	-4.626335	-8.185054	94.66192	-17.08185	-4.626335	-8.185054
15.02	87.18861	314.6406	-460.2988	-138.0782	-92.88256	-1589.754	-507.4733	132.0284	90.03564	46.26334	-17.08185	-6.049822	-5.338078	-17.08185	-130.605	-156.2278	-31.6726	-4.270463	-6.049822	-6.049822	-17.43772	-4.626335	-8.185054	-5.338078	-17.08185	-4.626335	-8.185054
15.3	-12.81139	414.6406	439.7012	461.9218	-92.88256	-1389.754	-507.4733	-467.9716	190.0356	-53.73666	-17.08185	-6.049822	94.66192	82.91815	-130.605	-156.2278	-31.6726	-4.270463	-6.049822	-6.049822	82.56228	-4.626335	-8.185054	94.66192	82.91815	-4.626335	-8.185054
15.59	-12.81139	-85.35938	-360.2988	561.9218	-92.88256	-1389.754	-307.4733	-67.97156	1690.036	46.26334	-17.08185	-6.049822	-5.338078	-17.08185	369.395	143.7722	-31.6726	-4.270463	-6.049822	-6.049822	-17.43772	-4.626335	-8.185054	-5.338078	-17.08185	-4.626335	-8.185054
15.87	-12.81139	-285.3594	-761.2988	161.9218	7.117439	-2089.754	-707.4733	32.02844	290.0356	-53.73666	-17.08185	-6.049822	-5.338078	-17.08185	-30.60498	43.77225	-31.6726	-4.270463	-6.049822	-6.049822	-17.43772	-4.626335	-8.185054	-5.338078	-17.08185	-4.626335	-8.185054
16.16	-12.81139	-985.3594	-861.2988	-338.0782	-92.88256	-588.7544	-307.4733	-167.9716	390.0356	-53.73666	-17.08185	-6.049822	-5.338078	-17.08185	5370.395	-56.22775	68.3274	-4.270463	-6.049822	-6.049822	-17.43772	-4.626335	-8.185054	-5.338078	-17.08185	-4.626335	-8.185054
16.44	-12.81139	-885.3594	139.7012	-38.07825	7.117439	-1589.754	392.5267	-267.9716	390.0356	-53.73666	-17.08185	-6.049822	-5.338078	-17.08185	69.39502	-56.22775	-31.6726	-4.270463	-6.049822	-6.049822	-17.43772	-4.626335	-8.185054	-5.338078	-17.08185	-4.626335	-8.185054
16.73	-12.81139	1714.641	-60.29883	-438.0782	-92.88256	-388.7544	-707.4733	-467.9716	-9.964355	46.26334	-17.08185	-6.049822	-5.338078	-17.08185	69.39502	43.77225	-31.6726	-4.270463	-6.049822	-6.049822	-17.43772	-4.626335	-8.185054	-5.338078	-17.08185	-4.626335	-8.185054
17.01	-12.81139	-385.3594	139.7012	161.9218	7.117439	-1089.754	-1007.473	-267.9716	490.0356	-53.73666	-17.08185	-6.049822	-5.338078	-17.08185	-30.60498	343.7722	-31.6726	-4.270463	-6.049822	-6.049822	-17.43772	-4.626335	-8.185054	-5.338078	-17.08185	-4.626335	-8.185054
17.3	87.18861	714.6406	-660.2988	-338.0782	-92.88256	-1089.754	92.52673	-67.97156	-409.9644	46.26334	-17.08185	-6.049822	-5.338078	-17.08185	69.39502	543.7722	68.3274	-4.270463	93.95018	-6.049822	-17.43772	-4.626335	-8.185054	-5.338078	-17.08185	-4.626335	-8.185054
17.58	-12.81139	-85.35938	1039.701	361.9218	7.117439	-689.7544	-407.4733	-67.97156	-9.964355	46.26334	-17.08185	93.95018	-5.338078	-17.08185	269.395	43.77225	-31.6726	-4.270463	-6.049822	-6.049822	-17.43772	-4.626335	-8.185054	-5.338078	-17.08185	-4.626335	-8.185054
17.87	-12.81139	-685.3594	-560.2988	-138.0782	-92.88256	-1989.754	592.5267	-67.97156	-9.964355	-53.73666	82.91815	-6.049822	-5.338078	82.91815	-30.60498	43.77225	-31.6726	-4.270463	-6.049822	-6.049822	-17.43772	-4.626335	-8.185054	-5.338078	82.91815	-4.626335	-8.185054
18.15	-12.81139	1014.641	-260.2988	161.9218	-92.88256	-789.7544	-907.4733	-167.9716	-9.964355	46.26334	-17.08185	-6.049822	-5.338078	-17.08185	-30.60498	143.7722	68.3274	-4.270463	-6.049822	-6.049822	-17.43772	-4.626335	-8.185054	-5.338078	-17.08185	-4.626335	-8.185054
18.44	-12.81139	114.6406	-460.2988	-338.0782	-92.88256	-1389.754	-507.4733	-267.9716	-609.9644	-53.73666	-17.08185	-6.049822	-5.338078	-17.08185	-30.60498	-56.22775	-31.6726	-4.270463	-6.049822	-6.049822	-17.43772	-4.626335	-8.185054	-5.338078	-17.08185	-4.626335	-8.185054
18.72	-12.81139	414.6406	1039.701	761.9218	7.117439	-588.7544	-407.4733	-467.9716	-309.9644	-53.73666	82.91815	-6.049822	-5.338078	-17.08185	-30.60498	-56.22775	68.3274	-4.270463	-6.049822	-6.049822	-17.43772	-4.626335	-8.185054	-5.338078	-17.08185	-4.626335	-8.185054
19.01	-12.81139	-1185.359	239.7012	-138.0782	-92.88256	311.2456	-207.4733	-67.97156	290.0356	-53.73666	-17.08185	-6.049822	94.66192	-17.08185	69.39502	-256.2278	68.3274	-4.270463	-6.049822	-6.049822	-17.43772	-4.626335	-8.185054	94.66192	-17.08185	-4.626335	-8.185054
19.29	-12.81139	314.6406	1339.701	161.9218	-92.88256	-1689.754	-1007.473	232.0284	90.03564	-53.73666	-17.08185	-6.049822	-5.338078	-17.08185	69.39502	443.7722	-31.6726	-4.270463	-6.049822	-6.049822	-17.43772	-4.626335	-8.185054	-5.338078	-17.08185	-4.626335	-8.185054
19.58	87.18861	814.6406	-1061.299	-438.0782	-92.88256	-88.75439	-207.4733	432.0284	190.0356	46.26334	-17.08185	-6.049822	-5.338078	-17.08185	69.39502	-256.2278	68.3274	-4.270463	-6.049822	-6.049822	-17.43772	-4.626335	-8.185054	-5.338078	-17.08185	-4.626335	-8.185054
19.86	-12.81139	14.64062	739.7012	-138.0782	7.117439	-789.7544	-707.4733	132.0284	90.03564	-53.73666	-17.08185	-6.049822	-5.338078	-17.08185	169.395	-56.22775	-31.6726	-4.270463	-6.049822	93.95018	-17.43772	-4.626335	-8.185054	-5.338078	-17.08185	-4.626335	-8.185054
20.15	-12.81139	-185.3594	-60.29883	361.9218	7.117439	11.24561	-607.4733	332.0284	590.0356	46.26334	-17.08185	-6.049822	-5.338078	-17.08185	-130.605	243.7722	-31.6726	-4.270463	-6.049822	-6.049822	-17.43772	-4.626335	-8.185054	-5.338078	-17.08185	-4.626335	-8.185054
20.43	87.18861	514.6406	239.7012	-138.0782	-92.88256	411.2456	392.5267	132.0284	-309.9644	146.2633	-17.08185	-6.049822	-5.338078	-17.08185	69.39502	43.77225	-31.6726	-4.270463	-6.049822	-6.049822	-17.43772	-4.626335	-8.185054	-5.338078	-17.08185	-4.626335	-8.185054
20.72	-12.81139	914.6406	-60.29883	-338.0782	7.117439	-1789.754	292.5267	232.0284	90.03564	46.26334	82.91815	-6.049822	-5.338078	-17.08185	69.39502	-56.22775	68.3274	-4.270463	-6.049822	-6.049822	-17.43772	-4.626335	-8.185054	-5.338078	-17.08185	-4.626335	-8.185054
21	-12.81139	314.6406	339.7012	161.9218	7.117439	311.2456	-407.4733	-567.9716	90.03564	-53.73666	-17.08185	-6.049822	-5.338078	-17.08185	-130.605	343.7722	-31.6726	-4.270463	93.95018	-6.049822	-17.43772	-4.626335	91.81495	-5.338078	-17.08185	-4.626335	91.81495
21.29	-12.81139	214.6406	-1461.299	-238.0782	-92.88256	-1289.754	-207.4733	-167.9716	-309.9644	-53.73666	-17.08185	-6.049822	-5.338078	-17.08185	-130.605	143.7722	-31.6726	-4.270463	-6.049822	93.95018	-17.43772	95.37366	-8.185054	-5.338078	-17.08185	95.37366	-8.185054
21.57	-12.81139	-85.35938	-1061.299	-138.0782	107.1174	-689.7544	392.5267	-67.97156	890.0356	-53.73666	-17.08185	-6.049822	-5.338078	-17.08185	269.395	43.77225	-31.6726	-4.270463	-6.049822	-6.049822	-17.43772	-4.626335	-8.185054	-5.338078	-17.08185	-4.626335	-8.185054
21.86	-12.81139	514.6406	-560.2988	361.9218	-92.88256	-1689.754	392.5267	-267.9716	590.0356	46.26334	-17.08185	-6.049822	-5.338078	-17.08185	-130.605	143.7722	-31.6726	-4.270463	-6.049822	-6.049822	-17.43772	-4.626335	-8.185054	-5.338078	-17.08185	-4.626335	-8.185054
22.14	-12.81139	714.6406	939.7012	-38.07825	-92.88256	-388.7544	292.5267	132.0284	490.0356	-53.73666	-17.08185	-6.049822	-5.338078	-17.08185	69.39502	-56.22775	-31.6726	-4.270463	-6.049822	-6.049822	-17.43772	-4.626335	-8.185054	-5.338078	-17.08185	-4.626335	-8.185054
22.43	-12.81139	8718.641	-460.2988	161.9218	-92.88256	-1789.754	-7.473267	232.0284	290.0356	-53.73666	82.91815	-6.049822	-5.338078	-17.08185	69.39502	143.7722	-31.6726	-4.270463	93.95018	-6.049822	-17.43772	-4.626335	-8.185054	-5.338078	-17.08185	-4.626335	-8.185054
22.71	-12.81139	514.6406	-861.2988	61.92175	-92.88256	-288.7544	-207.4733	-267.9716	390.0356	46.26334	-17.08185	-6.049822	-5.338078	-17.08185	-30.60498	-156.2278	-31.6726	95.72954	-6.049822	-6.049822	82.56228	-4.626335	-8.185054	-5.338078	-17.08185	-4.626335	-8.185054
23	-12.81139	-585.3594	439.7012	-238.0782	107.1174	-689.7544	192.5267	-67.97156	190.0356	-53.73666	82.91815	-6.049822	-5.338078	-17.08185	-30.60498	-156.2278	-31.6726	-4.270463	-6.049822	-6.049822	-17.43772	-4.626335	-8.185054	-5.338078	-17.08185	-4.626335	-8.185054
23.28	-12.81139	1014.641	-861.2988	-138.0782	7.117439	-689.7544	-107.4733	732.0284	90.03564	46.26334	-17.08185	-6.049822	-5.338078	-17.08185	-30.60498	43.77225	-31.6726	-4.270463	-6.049822	-6.049822	-17.43772	95.37366	-8.185054	-5.338078	-17.08185	95.37366	-8.185054
23.57	-12.81139	-185.3594	-160.2988	261.9218	-92.88256	-1689.754	-507.4733	-267.9716	-309.9644	46.26334	-17.08185	-6.049822	-5.338078	-17.08185	269.395	-56.22775	-31.6726	-4.270463	-6.049822	-6.049822	-17.43772	-4.626335	-8.185054	-5.338078	-17.08185	-4.626335	-8.185054
23.85	-12.81139	314.6406	-360.2988	-538.0782	-92.88256	611.2456	-607.4733	132.0284	-409.9644	146.2633	-17.08185	-6.049822	-5.338078	-17.08185	-130.605	443.7722	-31.6726	-4.270463	-6.049822	-6.049822	-17.43772	-4.626335	-8.185054	-5.338078	-17.08185	-4.626335	-8.185054
24.14	-12.81139	-1486.359	-761.2988	161.9218	-92.88256	-1389.754	-107.4733	-67.97156	-109.9644	46.26334	-17.08185	-6.049822	94.66192	-17.08185	-30.60498	243.7722	-31.6726	-4.270463	-6.049822	-6.049822	-17.43772	-4.626335	-8.185054	94.66192	-17.08185	-4.626335	-8.185054
24.42	-12.81139	-185.3594	439.7012	161.9218	107.1174	-1789.754	-507.4733	332.0284	390.0356	-53.73666	-17.08185	-6.049822	-5.338078	82.91815	-30.60498	143.7722	-31.6726	-4.270463	-6.049822	-6.049822	-17.43772	-4.626335	-8.185054	-5.338078	82.91815	-4.626335	-8.185054
24.71	-12.81139	-185.3594	-160.2988	-138.0782	107.1174	-989.7544	392.5267	-267.9716	-109.9644	-53.73666	-17.08185	-6.049822	-5.338078	-17.08185	-130.605	-256.2278	-31.6726	-4.270463	-6.049822	-6.049822	-17.43772	-4.626335	-8.185054	-5.338078	-17.08185	-4.626335	-8.185054
24.99	-12.81139	-385.3594	-160.2988	361.9218	7.117439	-1389.754	692.5267	232.0284	-509.9644	46.26334	-17.08185	-6.049822	-5.338078	-17.08185	-130.605	43.77225	-31.6726	-4.270463	-6.049822	-6.049822	82.56228	-4.626335	-8.185054	-5.338078	-17.08185	-4.626335	-8.185054
25.28	-12.81139	-185.3594	339.7012	161.9218	7.117439	-989.7544	-407.4733	632.0284	1590.036	-53.73666	-17.08185	-6.049822	-5.338078	-17.08185	69.39502	143.7722	-31.6726	-4.270463	-6.049822	-6.049822	-17.43772	-4.626335	-8.185054	-5.338078	-17.08185	-4.626335	-8.185054
25.56	-12.81139	1014.641	-1361.299	61.92175	7.117439	-2289.754	292.5267	-167.9716	-209.9644	-53.73666	82.91815	-6.049822	-5.338078	-17.08185	69.39502	43.77225	-31.6726	-4.270463	-6.049822	-6.049822	-17.43772	-4.626335	-8.185054	-5.338078	-17.08185	-4.626335	-8.185054
25.85	-12.81139	814.6406	-60.29883	261.9218	-92.88256	511.2456	-1407.473	732.0284	-709.9644	-53.73666	-17.08185	-6.049822	-5.338078	-17.08185	169.395	143.7722	-31.6726	-4.270463	-6.049822	-6.049822	-17.43772	-4.626335	-8.185054	-5.338078	-17.08185	-4.626335	-8.185054
26.13	-12.81139	414.6406	2239.701	361.9218	7.117439	311.2456	192.5267	-67.97156	-409.9644	-53.73666	-17.08185	-6.049822	-5.338078	-17.08185	169.395	43.77225	-31.6726	-4.270463	-6.049822	93.95018	-17.43772	-4.626335	91.81495	-5.338078	-17.08185	-4.626335	91.81495
26.42	-12.81139	-85.35938	39.70117	-138.0782	7.117439	-1689.754	-707.4733	532.0284	-109.9644	-53.73666	82.91815	-6.049822	-5.338078	-17.08185	-130.605	-56.22775	68.3274	-4.270463	-6.049822	-6.049822	-17.43772	-4.626335	-8.185054	-5.338078	-17.08185	-4.626335	-8.185054
26.7	-12.81139	-685.3594	739.7012	-38.07825	-92.88256	411.2456	-207.4733	132.0284	-109.9644	46.26334	-17.08185	-6.049822	-5.338078	-17.08185	-130.605	143.7722	-31.6726	-4.270463	-6.049822	-6.049822	-17.43772	-4.626335	91.81495	-5.338078	-17.08185	-4.626335	91.81495
26.99	-12.81139	-485.3594	-460.2988	661.9218	-92.88256	-388.7544	-807.4733	-67.97156	-1009.964	-53.73666	-17.08185	-6.049822	-5.338078	-17.08185	-130.605	143.7722	-31.6726	-4.270463	-6.049822	-6.049822	-17.43772	-4.626335	-8.185054	-5.338078	-17.08185	-4.626335	-8.185054
27.27	-12.81139	314.6406	-360.2988	-38.07825	107.1174	-1989.754	-707.4733	-267.9716	-109.9644	-53.73666	-17.08185	-6.049822	-5.338078	-17.08185	-30.60498	143.7722	-31.6726	-4.270463	-6.049822	-6.049822	-17.43772	-4.626335	-8.185054	-5.338078	-17.08185	-4.626335	-8.185054
27.56	-12.81139	-1686.359	-660.2988	-38.07825	-92.88256	11.24561	492.5267	-367.9716	90.03564	-53.73666	-17.08185	-6.049822	-5.338078	-17.08185	469.395	143.7722	-31.6726	-4.270463	-6.049822	-6.049822	-17.43772	-4.626335	-8.185054	-5.338078	-17.08185	-4.626335	-8.185054
27.84	-12.81139	3115.641	339.7012	61.92175	-92.88256	-989.7544	-7.473267	-67.97156	-409.9644	146.2633	-17.08185	-6.049822	-5.338078	-17.08185	-30.60498	-156.2278	68.3274	-4.270463	-6.049822	-6.049822	-17.43772	-4.626335	-8.185054	-5.338078	-17.08185	-4.626335	-8.185054
28.13	87.18861	-1085.359	-260.2988	261.9218	7.117439	-1289.754	-307.4733	-367.9716	290.0356	-53.73666	-17.08185	-6.049822	-5.338078	-17.08185	-130.605	243.7722	-31.6726	-4.270463	-6.049822	-6.049822	-17.43772	-4.626335	-8.185054	-5.338078	-17.08185	-4.626335	-8.185054
28.41	-12.81139	-685.3594	39.70117	361.9218	-92.88256	-588.7544	-407.4733	32.02844	-209.9644	46.26334	-17.08185	-6.049822	-5.338078	82.91815	-30.60498	143.7722	-31.6726	-4.270463	-6.049822	-6.049822	-17.43772	-4.626335	-8.185054	-5.338078	82.91815	-4.626335	-8.185054
28.7	-12.81139	-185.3594	-1261.299	661.9218	-92.88256	-989.7544	-507.4733	432.0284	-1209.964	46.26334	-17.08185	-6.049822	-5.338078	-17.08185	-30.60498	-156.2278	-31.6726	-4.270463	-6.049822	-6.049822	-17.43772	-4.626335	-8.185054	-5.338078	-17.08185	-4.626335	-8.185054
28.98	87.18861	-1085.359	-861.2988	-138.0782	7.117439	-1089.754	-407.4733	-167.9716	90.03564	-53.73666	-17.08185	-6.049822	-5.338078	-17.08185	169.395	-156.2278	-31.6726	-4.270463	-6.049822	-6.049822	-17.43772	-4.626335	-8.185054	-5.338078	-17.08185	-4.626335	-8.185054
29.27	-12.81139	-85.35938	-560.2988	461.9218	7.117439	-989.7544	-807.4733	-67.97156	-309.9644	146.2633	-17.08185	-6.049822	-5.338078	-17.08185	169.395	443.7722	-31.6726	-4.270463	-6.049822	-6.049822	-17.43772	-4.626335	-8.185054	-5.338078	-17.08185	-4.626335	-8.185054
29.55	87.18861	2114.641	-1461.299	761.9218	-92.88256	-1989.754	-107.4733	232.0284	-409.9644	-53.73666	-17.08185	-6.049822	-5.338078	-17.08185	-130.605	-56.22775	-31.6726	-4.270463	-6.049822	-6.049822	-17.43772	-4.626335	-8.185054	-5.338078	-17.08185	-4.626335	-8.185054
29.84	-12.81139	-85.35938	-961.2988	661.9218	7.117439	-288.7544	-907.4733	-67.97156	-109.9644	46.26334	-17.08185	-6.049822	-5.338078	-17.08185	169.395	-156.2278	68.3274	-4.270463	-6.049822	-6.049822	82.56228	-4.626335	-8.185054	-5.338078	-17.08185	-4.626335	-8.185054
30.12	-12.81139	-285.3594	-60.29883	-338.0782	7.117439	-889.7544	-107.4733	-167.9716	-409.9644	-53.73666	-17.08185	-6.049822	-5.338078	-17.08185	-30.60498	43.77225	68.3274	-4.270463	-6.049822	-6.049822	-17.43772	-4.626335	-8.185054	-5.338078	-17.08185	-4.626335	-8.185054
30.41	-12.81139	-185.3594	-861.2988	461.9218	7.117439	-2389.754	92.52673	-67.97156	290.0356	46.26334	-17.08185	-6.049822	-5.338078	-17.08185	69.39502	43.77225	-31.6726	-4.270463	-6.049822	-6.049822	-17.43772	-4.626335	-8.185054	-5.338078	-17.08185	-4.626335	-8.185054
30.69	-12.81139	114.6406	-1361.299	-38.07825	7.117439	-1889.754	92.52673	-167.9716	-309.9644	-53.73666	-17.08185	-6.049822	-5.338078	-17.08185	69.39502	-156.2278	-31.6726	-4.270463	-6.049822	-6.049822	-17.43772	-4.626335	-8.185054	-5.338078	-17.08185	-4.626335	-8.185054
30.98	-12.81139	1414.641	439.7012	-238.0782	-92.88256	-1889.754	792.5267	432.0284	490.0356	46.26334	-17.08185	-6.049822	-5.338078	-17.08185	-30.60498	243.7722	-31.6726	-4.270463	-6.049822	-6.049822	-17.43772	-4.626335	-8.185054	-5.338078	-17.08185	-4.626335	-8.185054
31.26	-12.81139	-785.3594	-1161.299	561.9218	-92.88256	-1689.754	-507.4733	132.0284	-309.9644	-53.73666	-17.08185	-6.049822	-5.338078	-17.08185	169.395	243.7722	-31.6726	-4.270463	-6.049822	-6.049822	-17.43772	-4.626335	-8.185054	-5.338078	-17.08185	-4.626335	-8.185054
31.55	87.18861	-185.3594	-260.2988	-338.0782	7.117439	-789.7544	492.5267	32.02844	-409.9644	-53.73666	-17.08185	-6.049822	-5.338078	-17.08185	369.395	643.7722	-31.6726	-4.270463	-6.049822	-6.049822	82.56228	-4.626335	-8.185054	-5.338078	-17.08185	-4.626335	-8.185054
31.83	-12.81139	665933.6	139.7012	361.9218	-92.88256	11316.25	76114.52	-367.9716	-109.9644	446.2633	782.9182	93.95018	-5.338078	-17.08185	27584.39	73351.77	-31.6726	95.72954	293.9502	193.9502	782.5623	95.37366	-8.185054	-5.338078	-17.08185	95.37366	-8.185054
32.12	387.1886	3047952	239.7012	1161.922	307.1174	45162.25	287052.5	532.0284	-509.9644	1946.263	2182.918	793.9502	-5.338078	-17.08185	34994.39	101450.8	-31.6726	-4.270463	993.9502	293.9502	1482.562	-4.626335	-8.185054	-5.338078	-17.08185	-4.626335	-8.185054
32.41	187.1886		39.70117	461.9218	807.1174	76244.24	555030.5	-367.9716	690.0356	6347.263	2782.918	593.9502	94.66192	-17.08185	84470.4	105868.8	-31.6726	95.72954	693.9502	93.95018	882.5623	95.37366	391.8149	94.66192	-17.08185	95.37366	391.8149
32.7	187.1886		1839.701	561.9218	1007.117	79956.24	628952.5	-167.9716	90.03564	3346.263	3882.918	993.9502	94.66192	-17.08185	48015.39	116415.8	168.3274	95.72954	293.9502	193.9502	882.5623	-4.626335	-8.185054	94.66192	-17.08185	-4.626335	-8.185054
32.99	187.1886		339.7012	1161.922	507.1174	83168.24	669591.5	232.0284	90.03564	4046.263	5283.918	293.9502	94.66192	-17.08185	70370.4	183666.8	-31.6726	295.7295	293.9502	93.95018	882.5623	-4.626335	191.8149	94.66192	-17.08185	-4.626335	191.8149
33.29	187.1886		639.7012	1861.922	607.1174	95414.24	619316.5	432.0284	-109.9644	5047.263	5183.918	1193.95	-5.338078	-17.08185	48416.39	27954.77	-31.6726	95.72954	193.9502	393.9502	2582.562	195.3737	191.8149	-5.338078	-17.08185	195.3737	191.8149
33.57	487.1886		2139.701	1061.922	1507.117	89892.24	559628.5	-367.9716	90.03564	3446.263	5483.918	793.9502	-5.338078	-17.08185	107400.4	143053.8	-31.6726	195.7295	293.9502	493.9502	1582.562	95.37366	691.8149	-5.338078	-17.08185	95.37366	691.8149
33.87	387.1886		1139.701	1261.922	407.1174	100736.2	580702.5	-67.97156	790.0356	5147.263	4782.918	1193.95	94.66192	-17.08185	42169.39	159553.8	68.3274	195.7295	693.9502	593.9502	1682.562	-4.626335	691.8149	94.66192	-17.08185	-4.626335	691.8149
34.16	-12.81139		2639.701	1061.922	807.1174	99732.24	590583.5	-67.97156	-309.9644	3246.263	4582.918	493.9502	-5.338078	-17.08185	65254.39	139131.8	68.3274	295.7295	493.9502	193.9502	2082.562	95.37366	491.8149	-5.338078	-17.08185	95.37366	491.8149
34.44	587.1886		839.7012	2061.922	607.1174	109475.2	562287.5	232.0284	-109.9644	3946.263	7783.918	2193.95	-5.338078	-17.08185	71572.4	189461.8	-31.6726	95.72954	-6.049822	593.9502	882.5623	195.3737	391.8149	-5.338078	-17.08185	195.3737	391.8149
34.73	687.1886		3840.701	1661.922	1507.117	115704.2	579474.5	232.0284	-109.9644	4446.263	7283.918	1193.95	-5.338078	82.91815	56934.39	161968.8	-31.6726	95.72954	393.9502	193.9502	1282.562	95.37366	691.8149	-5.338078	82.91815	95.37366	691.8149
35.01	287.1886		139.7012	861.9218	1407.117	156736.2	563719.5	132.0284	1290.036	4546.263	6183.918	1193.95	-5.338078	82.91815	73878.4	163780.8	-31.6726	-4.270463	-6.049822	93.95018	882.5623	-4.626335	591.8149	-5.338078	82.91815	-4.626335	591.8149
35.3	587.1886		2539.701	1561.922	1407.117	149088.2	617061.5	132.0284	-609.9644	4746.263	7183.918	1293.95	-5.338078	182.9182	73778.4	3781116	68.3274	195.7295	193.9502	193.9502	1082.562	95.37366	491.8149	-5.338078	182.9182	95.37366	491.8149
35.59	387.1886		2039.701	1561.922	707.1174	122739.2	714924.5	132.0284	-309.9644	4546.263	6583.918	1093.95	-5.338078	-17.08185	104186.4	273030.8	-31.6726	95.72954	293.9502	93.95018	1082.562	195.3737	791.8149	-5.338078	-17.08185	195.3737	791.8149
35.88	187.1886		539.7012	1961.922	907.1174	127464.2	744470.5	32.02844	-709.9644	3846.263	6983.918	1993.95	-5.338078	-17.08185	151025.4	398195.8	-31.6726	295.7295	193.9502	693.9502	882.5623	195.3737	291.8149	-5.338078	-17.08185	195.3737	291.8149
36.16	187.1886		539.7012	1861.922	1507.117	121030.2	646390.5	32.02844	-109.9644	4346.263	7383.918	1193.95	94.66192	182.9182	180217.4	480954.8	168.3274	495.7295	193.9502	393.9502	1382.562	95.37366	791.8149	94.66192	182.9182	95.37366	791.8149
36.45	287.1886		2439.701	1761.922	907.1174	120327.2	599950.5	232.0284	-9.964355	3546.263	7083.918	1893.95	-5.338078	-17.08185	244460.4	672785.8	-31.6726	-4.270463	193.9502	493.9502	1082.562	195.3737	491.8149	-5.338078	-17.08185	195.3737	491.8149
36.73	387.1886		839.7012	961.9218	1007.117	117814.2	607633.5	432.0284	390.0356	4046.263	6883.918	2093.95	-5.338078	82.91815	305324.4	818849.8	-31.6726	95.72954	293.9502	393.9502	1182.562	95.37366	591.8149	-5.338078	82.91815	95.37366	591.8149
37.02	287.1886		3340.701	1161.922	907.1174	116005.2	512531.5	-167.9716	290.0356	4246.263	7083.918	1393.95	-5.338078	-17.08185	405026.4	1100249	68.3274	395.7295	493.9502	293.9502	1282.562	195.3737	491.8149	-5.338078	-17.08185	195.3737	491.8149
37.3	887.1886		1339.701	1661.922	907.1174	96820.24	480298.5	-267.9716	790.0356	4146.263	8083.918	1193.95	94.66192	-17.08185	534628.4	1566556	-31.6726	695.7296	293.9502	393.9502	2282.562	195.3737	491.8149	94.66192	-17.08185	195.3737	491.8149
37.59	287.1886		2139.701	2961.922	807.1174	98125.24	447495.5	332.0284	390.0356	5147.263	8083.918	2893.95	-5.338078	-17.08185	1047364	2680799	68.3274	95.72954	493.9502	393.9502	1982.562	95.37366	1591.815	-5.338078	-17.08185	95.37366	1591.815
37.87	187.1886		1839.701	1761.922	1107.117	85877.24	429177.5	32.02844	90.03564	4746.263	6983.918	1693.95	-5.338078	82.91815	1817314	4532226	168.3274	295.7295	693.9502	1893.95	1882.562	-4.626335	991.8149	-5.338078	82.91815	-4.626335	991.8149
38.16	87.18861		3540.701	2361.922	1607.117	94410.24	453197.5	232.0284	190.0356	5247.263	8884.918	2293.95	94.66192	482.9182	9827148	2.531453e+07	168.3274	495.7295	1093.95	2893.95	2982.562	95.37366	991.8149	94.66192	482.9182	95.37366	991.8149
38.44	1587.189		2739.701	12465.92	3007.117	100435.2	445357.5	532.0284	390.0356	6947.263	17288.92	1993.95	-5.338078	282.9182	3.546973e+07	9.710243e+07	568.3274	695.7296	593.9502	8094.95	9084.562	95.37366	1091.815	-5.338078	282.9182	95.37366	1091.815
38.73	1187.189		2039.701	26776.92	4107.118	84472.24	387908.5	632.0284	1490.036	10348.26	19790.92	893.9502	-5.338078	1582.918	4.731054e+07	1.244076e+08	968.3274	695.7296	493.9502	10495.95	6583.562	-4.626335	1491.815	-5.338078	1582.918	-4.626335	1491.815
39.02	1487.189		2639.701	42699.92	6408.118	70325.24	317520.5	1532.028	1790.036	11249.26	29299.92	1893.95	-5.338078	882.9182	6.062506e+07	1.742223e+08	968.3274	695.7296	393.9502	18300.95	8283.562	295.3737	2291.815	-5.338078	882.9182	295.3737	2291.815
39.3	1987.189		3740.701	53220.92	6008.118	58492.25	270973.5	1932.028	1390.036	14350.26	30901.92	593.9502	-5.338078	1682.918	7.400403e+07	2.182882e+08	1868.327	1195.729	293.9502	24305.95	9584.562	95.37366	3091.815	-5.338078	1682.918	95.37366	3091.815
39.59	2287.189		2539.701	85109.92	5708.118	46464.25	232990.5	1932.028	1990.036	19354.26	32703.92	693.9502	-5.338078	2382.918	9.136651e+07	2.3231e+08	3268.327	1595.729	493.9502	39725.95	10784.56	95.37366	4191.815	-5.338078	2382.918	95.37366	4191.815
39.87	1687.189	4155876	2739.701	114728.9	3207.117	34342.25	199802.5	932.0284	2890.036	23557.26	47026.92	993.9502	-5.338078	2482.918	1.084795e+08	2.863977e+08	2868.327	1295.729	593.9502	60366.95	11585.56	-4.626335	5592.815	-5.338078	2482.918	-4.626335	5592.815
40.16	1387.189	2974982	2239.701	162192.9	3007.117	32439.25	205348.5	1832.028	4191.036	26961.26	53239.92	793.9502	-5.338078	2582.918	1.164839e+08	3.084351e+08	3768.327	2095.729	393.9502	68487.95	11385.56	-4.626335	5492.815	-5.338078	2582.918	-4.626335	5492.815
40.45	487.1886	2468431	4640.701	191600.9	3407.117	22526.25	156492.5	2432.028	2990.036	24758.26	62460.92	193.9502	-5.338078	4182.918	1.197928e+08	3.104385e+08	3368.327	2895.729	-6.049822	75206.95	8784.562	-4.626335	4191.815	-5.338078	4182.918	-4.626335	4191.815
40.73	687.1886	2028923	3740.701	237292.9	1807.117	19923.25	115567.5	2932.028	2290.036	27962.26	67874.92	793.9502	-5.338078	3782.918	1.190491e+08	3.565201e+08	4868.328	2595.729	293.9502	68386.95	10284.56	-4.626335	4291.815	-5.338078	3782.918	-4.626335	4291.815
41.02	87.18861	1848462	3540.701	278414.9	1807.117	12016.25	102610.5	2932.028	3591.036	25159.26	81916.92	493.9502	-5.338078	4082.918	1.350647e+08	3.244629e+08	3368.327	4095.729	293.9502	73401.95	12285.56	-4.626335	3191.815	-5.338078	4082.918	-4.626335	3191.815
41.3	787.1886	1484799	4340.701	287314.9	1407.117	10415.25	95782.52	2332.028	2190.036	22156.26	85026.92	393.9502	-5.338078	4182.918	1.294453e+08	2.904044e+08	2868.327	3595.729	393.9502	72097.95	9684.562	-4.626335	2891.815	-5.338078	4182.918	-4.626335	2891.815
41.59	1087.189	1048406	3740.701	325885.9	1807.117	13617.25	79825.52	1832.028	2990.036	16652.26	87234.92	493.9502	-5.338078	3282.918	1.282464e+08	3.525128e+08	2468.327	3795.729	293.9502	113652	12385.56	-4.626335	2891.815	-5.338078	3282.918	-4.626335	2891.815
41.88	1287.189	891451.6	3640.701	345344.9	1807.117	8514.246	56159.53	2532.028	2490.036	15051.26	94761.92	193.9502	-5.338078	3582.918	1.205512e+08	3.304735e+08	2868.327	6696.729	93.95018	135762	10984.56	-4.626335	2491.815	-5.338078	3582.918	-4.626335	2491.815
42.16	1787.189	887410.6	2139.701	341694.9	2907.117	4412.246	54756.53	2332.028	3290.036	14050.26	89743.92	393.9502	94.66192	1882.918	1.320051e+08	3.585237e+08	1868.327	4195.729	393.9502	161615	9984.562	-4.626335	2291.815	94.66192	1882.918	-4.626335	2291.815
42.45	2387.189	576428.6	2239.701	326797.9	8709.117	8114.246	50848.53	2932.028	3991.036	12049.26	95564.92	-6.049822	-5.338078	3282.918	1.27691e+08	3.845718e+08	2568.327	4795.729	93.95018	133650	12085.56	-4.626335	1491.815	-5.338078	3282.918	-4.626335	1491.815
42.73	5088.188	500500.6	5340.701	296319.9	25420.12	4312.246	35921.53	2232.028	4191.036	11249.26	91248.92	393.9502	-5.338078	2182.918	1.442298e+08	3.985982e+08	1368.327	3795.729	-6.049822	138275	11285.56	-4.626335	1791.815	-5.338078	2182.918	-4.626335	1791.815
43.02	8488.188	406596.6	2940.701	254965.9	39038.12	3512.246	26308.53	3332.028	3791.036	9448.264	85327.92	293.9502	-5.338078	1782.918	1.491297e+08	3.945906e+08	1468.327	4395.729	193.9502	186386	15287.56	-4.626335	1891.815	-5.338078	1782.918	-4.626335	1891.815
43.31	6788.188	321550.6	4040.701	227602.9	34231.12	6813.246	64881.53	3432.028	2390.036	9848.264	79408.92	393.9502	-5.338078	1482.918	1.312882e+08	3.424948e+08	2368.327	2895.729	-6.049822	273582.9	11385.56	-4.626335	2591.815	-5.338078	1482.918	-4.626335	2591.815
43.59	4387.188	296638.6	3540.701	214183.9	26721.12	2011.246	21203.53	2632.028	3190.036	8848.264	78706.92	793.9502	-5.338078	2282.918	1.350794e+08	3.12442e+08	1568.327	2695.729	193.9502	476185.9	8884.562	-4.626335	1191.815	-5.338078	2282.918	-4.626335	1191.815
43.88	5588.188	319828.6	4440.701	172562.9	20215.12	2711.246	18200.53	3032.028	3791.036	5947.263	73289.92	593.9502	94.66192	2782.918	1.31215e+08	3.765569e+08	1068.327	3395.729	193.9502	868936.9	11084.56	-4.626335	1891.815	94.66192	2782.918	-4.626335	1891.815
44.16	4787.188	282776.6	5040.701	164105.9	15112.12	3012.246	21203.53	2132.028	4691.036	7147.263	75696.92	993.9502	-5.338078	2382.918	1.365149e+08	3.424948e+08	768.3274	3295.729	93.95018	1176543	12185.56	-4.626335	2391.815	-5.338078	2382.918	-4.626335	2391.815
44.45	3887.189	255983.6	4440.701	149915.9	13211.12	3612.246	22504.53	2232.028	6891.036	9848.264	77000.92	593.9502	-5.338078	3182.918	1.342007e+08	3.565201e+08	1468.327	2795.729	393.9502	1687487	12585.56	-4.626335	3791.815	-5.338078	3182.918	-4.626335	3791.815
44.73	6988.188	307268.6	3940.701	133221.9	11510.12	4512.246	21903.53	3032.028	3991.036	9948.264	73390.92	1393.95	-5.338078	1982.918	1.327954e+08	3.885793e+08	1068.327	3195.729	-6.049822	1712399	9784.562	-4.626335	3591.815	-5.338078	1982.918	-4.626335	3591.815
45.02	9289.188	211055.6	3640.701	117542.9	8609.117	3812.246	21903.53	2432.028	4391.036	13750.26	88238.92	3093.95	-5.338078	3782.918	1.570846e+08	4.34668e+08	768.3274	3195.729	93.95018	2122310	11785.56	-4.626335	4291.815	-5.338078	3782.918	-4.626335	4291.815
45.31	19495.19	86786.64	4840.701	141868.9	8108.118	4412.246	22704.53	1332.028	4391.036	19354.26	80110.92	2493.95	-5.338078	3382.918	1.355334e+08	3.925868e+08	1368.327	2895.729	93.95018	1567225	10584.56	95.37366	3391.815	-5.338078	3382.918	95.37366	3391.815
45.59	26901.19	118524.6	5741.701	123973.9	10209.12	2911.246	24005.53	1732.028	4391.036	21255.26	74593.92	2293.95	-5.338078	2482.918	1.311858e+08	3.745531e+08	1168.327	2695.729	-6.049822	1222050	9184.562	-4.626335	3791.815	-5.338078	2482.918	-4.626335	3791.815
45.88	27002.19	94817.64	4840.701	120255.9	9709.117	3712.246	23705.53	2132.028	3791.036	23757.26	73089.92	2793.95	-5.338078	2682.918	1.350794e+08	3.364841e+08	1868.327	2995.729	93.95018	910994.9	9984.562	-4.626335	2691.815	-5.338078	2682.918	-4.626335	2691.815
46.16	34711.19	64213.64	4340.701	102274.9	10409.12	1611.246	24706.53	2332.028	2590.036	19854.26	72286.92	1893.95	-5.338078	2482.918	1.404583e+08	4.186367e+08	1368.327	3095.729	293.9502	723616.9	12385.56	-4.626335	2791.815	-5.338078	2482.918	-4.626335	2791.815
46.45	33209.19	69227.64	4040.701	80895.92	10709.12	2011.246	27509.53	2532.028	3090.036	19253.26	66771.92	1293.95	-5.338078	2782.918	1.312318e+08	4.306601e+08	2068.327	2795.729	93.95018	588233.9	11385.56	-4.626335	2391.815	-5.338078	2782.918	-4.626335	2391.815
46.74	32007.19	47471.64	3940.701	69059.92	8609.117	611.2456	26408.53	2832.028	3791.036	21455.26	61658.92	1593.95	-5.338078	3182.918	1.478877e+08	3.785605e+08	2868.327	1795.729	93.95018	475064.9	13085.56	-4.626335	3991.815	-5.338078	3182.918	-4.626335	3991.815
47.03	26601.19	69428.64	4140.701	61940.92	7608.118	1011.246	31715.53	3032.028	4091.036	20254.26	58150.92	1593.95	-5.338078	2982.918	1.40517e+08	3.605274e+08	3468.327	1895.729	93.95018	390215.9	9984.562	-4.626335	3291.815	-5.338078	2982.918	-4.626335	3291.815
47.31	22597.19	47170.64	4240.701	64948.92	7608.118	11.24561	33016.53	2632.028	2690.036	20354.26	51435.92	793.9502	94.66192	4482.918	1.410157e+08	3.865756e+08	3068.327	1395.729	-6.049822	326106.9	10884.56	-4.626335	3791.815	94.66192	4482.918	-4.626335	3791.815
47.6	24599.19	37051.64	2940.701	53320.92	9609.117	-88.75439	34118.53	2432.028	4691.036	21956.26	56345.92	1293.95	-5.338078	4682.918	1.368519e+08	3.485056e+08	2868.327	1595.729	-6.049822	266203.9	11185.56	-4.626335	3591.815	-5.338078	4682.918	-4.626335	3591.815
47.88	21496.19	77754.64	5140.701	52919.92	9809.117	-989.7544	34619.53	3132.028	2890.036	21956.26	57348.92	893.9502	-5.338078	3882.918	1.212888e+08	3.82568e+08	3368.327	995.7296	-6.049822	289560.9	9784.562	-4.626335	4091.815	-5.338078	3882.918	-4.626335	4091.815
48.17	21296.19	43262.64	2439.701	48610.92	16012.12	-488.7544	36221.53	2132.028	2790.036	25960.26	55143.92	993.9502	-5.338078	5183.918	1.338347e+08	3.184524e+08	3168.327	1495.729	-6.049822	323472.9	10584.56	-4.626335	3591.815	-5.338078	5183.918	-4.626335	3591.815
48.46	28203.19	30040.64	3440.701	53420.92	13411.12	611.2456	40428.53	1732.028	3090.036	22656.26	57949.92	1193.95	-5.338078	2982.918	1.352091e+08	3.2847e+08	2468.327	1695.729	-6.049822	531687.9	10384.56	-4.626335	4491.815	-5.338078	2982.918	-4.626335	4491.815
48.74	28103.19	44164.64	4940.701	46306.92	14611.12	2311.246	34218.53	2532.028	3491.036	18153.26	65869.92	2293.95	-5.338078	2182.918	1.484168e+08	3.46502e+08	3768.327	2395.729	193.9502	847003.9	14386.56	-4.626335	4591.815	-5.338078	2182.918	-4.626335	4591.815
49.03	30405.19	24031.64	3840.701	42499.92	10609.12	1711.246	53052.53	3032.028	4091.036	18253.26	67272.92	4593.95	-5.338078	2782.918	1.292432e+08	4.166328e+08	3368.327	1395.729	-6.049822	938795.9	11885.56	-4.626335	4591.815	-5.338078	2782.918	-4.626335	4591.815
49.31	28703.19	25734.64	4240.701	42799.92	11510.12	1211.246	30112.53	2832.028	4991.036	16552.26	70281.92	5394.95	-5.338078	2282.918	1.487402e+08	3.585237e+08	2968.327	995.7296	293.9502	909025.9	10784.56	95.37366	5192.815	-5.338078	2282.918	95.37366	5192.815
49.6	29404.19	24933.64	2439.701	48009.92	10109.12	1911.246	32916.53	2732.028	3491.036	20755.26	71284.92	8995.95	-5.338078	2682.918	1.312318e+08	3.965944e+08	3068.327	2295.729	-6.049822	808767.9	13386.56	95.37366	5692.815	-5.338078	2682.918	95.37366	5692.815
49.88	30706.19	35047.64	2839.701	52117.92	10109.12	7013.246	42732.53	3232.028	3290.036	27761.26	80311.92	6094.95	-5.338078	2982.918	1.391864e+08	3.965944e+08	2068.327	3095.729	193.9502	720220.9	11385.56	-4.626335	5292.815	-5.338078	2982.918	-4.626335	5292.815
50.17	33910.19	37351.64	3940.701	64246.92	9009.117	4412.246	42031.53	4132.028	3491.036	36072.26	75997.92	6394.95	-5.338078	2082.918	1.590733e+08	4.066135e+08	3168.327	2895.729	193.9502	611379.9	10784.56	-4.626335	3991.815	-5.338078	2082.918	-4.626335	3991.815
50.46	32308.19	36550.64	6341.701	61740.92	11310.12	5012.246	41730.53	3132.028	3290.036	32968.26	70180.92	5294.95	-5.338078	2082.918	1.312318e+08	4.066135e+08	2168.327	2495.729	93.95018	529951.9	8784.562	95.37366	3891.815	-5.338078	2082.918	95.37366	3891.815
50.74	33509.19	30040.64	4240.701	69861.92	11610.12	911.2456	40929.53	2532.028	3791.036	34370.26	71183.92	4593.95	94.66192	3782.918	1.507108e+08	3.845718e+08	2668.327	3195.729	-6.049822	424161.9	12385.56	95.37366	3291.815	94.66192	3782.918	95.37366	3291.815
51.03	39518.19	27836.64	2339.701	66151.92	11310.12	3212.246	35019.53	3732.028	2290.036	35672.26	68175.92	3593.95	-5.338078	2582.918	1.379071e+08	3.525128e+08	1968.327	3195.729	593.9502	334111.9	9784.562	-4.626335	4991.815	-5.338078	2582.918	-4.626335	4991.815
51.31	34911.19	31141.64	1939.701	61740.92	13311.12	3712.246	38024.53	3632.028	2390.036	31165.26	63964.92	2593.95	-5.338078	2782.918	1.524616e+08	4.026059e+08	2268.327	1495.729	93.95018	281266.9	11084.56	-4.626335	3991.815	-5.338078	2782.918	-4.626335	3991.815
51.6	38016.19	26935.64	2839.701	58432.92	13611.12	3612.246	43734.53	3332.028	3090.036	30865.26	64064.92	3393.95	-5.338078	4282.918	1.422041e+08	3.68542e+08	3168.327	2095.729	493.9502	244888	12585.56	-4.626335	2691.815	-5.338078	4282.918	-4.626335	2691.815
51.89	31707.19	66319.64	3540.701	51616.92	11510.12	3012.246	37824.53	2532.028	2790.036	24358.26	53940.92	2793.95	-5.338078	2882.918	1.338054e+08	3.545164e+08	3868.327	1495.729	93.95018	191223	11185.56	-4.626335	3191.815	-5.338078	2882.918	-4.626335	3191.815
52.17	27102.19	42360.64	3640.701	53019.92	16412.12	1411.246	42331.53	2432.028	2490.036	27361.26	58651.92	2293.95	-5.338078	3382.918	1.46286e+08	3.965944e+08	3968.327	1195.729	193.9502	176918	12685.56	95.37366	3191.815	-5.338078	3382.918	95.37366	3191.815
52.46	32508.19	45367.64	2539.701	46707.92	17413.12	1911.246	42431.53	2932.028	4391.036	26860.26	52337.92	2493.95	-5.338078	3282.918	1.3082e+08	3.765569e+08	4168.328	995.7296	493.9502	147226	10684.56	-4.626335	3291.815	-5.338078	3282.918	-4.626335	3291.815
52.75	32508.19	33345.64	2639.701	47107.92	40640.12	2811.246	40628.53	2032.028	3390.036	24358.26	55945.92	1293.95	-5.338078	3082.918	1.403703e+08	3.424948e+08	3668.327	895.7296	193.9502	118976	7283.562	-4.626335	3191.815	-5.338078	3082.918	-4.626335	3191.815
53.03	34411.19	20828.64	4340.701	50915.92	72813.12	311.2456	35119.53	2732.028	4491.036	24558.26	51134.92	993.9502	-5.338078	3482.918	1.27881e+08	3.90583e+08	1668.327	1795.729	-6.049822	111542	6283.562	-4.626335	2691.815	-5.338078	3482.918	-4.626335	2691.815
53.32	41321.19	21629.64	2039.701	48811.92	89066.12	311.2456	30914.53	2032.028	2590.036	22256.26	60856.92	1793.95	-5.338078	2982.918	1.228858e+08	3.384877e+08	1668.327	995.7296	93.95018	167151	3982.562	-4.626335	3691.815	-5.338078	2982.918	-4.626335	3691.815
53.6	45629.19	19727.64	4240.701	51316.92	134468.1	1311.246	32716.53	2632.028	2890.036	20154.26	65167.92	2393.95	-5.338078	1282.918	1.232215e+08	3.004214e+08	2068.327	2195.729	-6.049822	228231	3782.562	-4.626335	2291.815	-5.338078	1282.918	-4.626335	2291.815
53.89	58255.19	16824.64	2239.701	67354.92	195066.1	-588.7544	29412.53	2232.028	4691.036	21555.26	69077.92	1893.95	-5.338078	2082.918	1.313321e+08	3.525128e+08	2268.327	2695.729	193.9502	238325	4782.562	-4.626335	3591.815	-5.338078	2082.918	-4.626335	3591.815
54.17	52041.19	58597.64	3740.701	87819.92	249345.1	611.2456	28611.53	2632.028	3290.036	19454.26	77000.92	2293.95	-5.338078	1282.918	1.300302e+08	3.304735e+08	2468.327	3595.729	-6.049822	195556	5583.562	-4.626335	3591.815	-5.338078	1282.918	-4.626335	3591.815
54.46	51841.19	26134.64	3240.701	81898.92	245407.1	411.2456	29512.53	2732.028	3390.036	21856.26	66170.92	2193.95	-5.338078	2482.918	1.244624e+08	3.485056e+08	2268.327	3495.729	93.95018	163124	3582.562	-4.626335	2591.815	-5.338078	2482.918	-4.626335	2591.815
54.75	50438.19	19126.64	3240.701	69460.92	209280.1	-88.75439	25507.53	1632.028	2590.036	19053.26	58751.92	2393.95	-5.338078	1682.918	1.109226e+08	2.964146e+08	2668.327	1995.729	193.9502	184271	3682.562	-4.626335	2991.815	-5.338078	1682.918	-4.626335	2991.815
55.03	42423.19	27236.64	3940.701	64747.92	166561.1	211.2456	29612.53	3032.028	2790.036	15951.26	52637.92	4393.95	-5.338078	2082.918	1.08276e+08	3.024248e+08	2068.327	3795.729	393.9502	380872.9	4882.562	-4.626335	3191.815	-5.338078	2082.918	-4.626335	3191.815
55.32	41722.19	28137.64	2739.701	57930.92	132055.1	211.2456	24106.53	2432.028	3290.036	13450.26	53239.92	6694.95	-5.338078	2182.918	1.058201e+08	2.643612e+08	3168.327	1795.729	693.9502	589359.9	4882.562	-4.626335	4391.815	-5.338078	2182.918	-4.626335	4391.815
55.6	50037.19	13621.64	3140.701	41197.92	118588.1	1011.246	23605.53	2732.028	1590.036	11849.26	63262.92	26607.95	-5.338078	782.9182	1.081161e+08	3.104385e+08	1268.327	3095.729	793.9502	1033838	8083.562	-4.626335	5192.815	-5.338078	782.9182	-4.626335	5192.815
55.89	73094.19	20427.64	3340.701	38092.92	145027.1	2911.246	21002.53	2732.028	3090.036	9948.264	74693.92	53651.95	-5.338078	1582.918	1.267411e+08	3.32477e+08	1568.327	2995.729	893.9502	1332799	9984.562	95.37366	7192.815	-5.338078	1582.918	95.37366	7192.815
56.18	94164.19	34947.64	2139.701	32784.92	162937.1	3312.246	15298.53	1632.028	1890.036	10548.26	70983.92	70492.95	-5.338078	582.9182	1.251926e+08	2.863977e+08	1968.327	3595.729	1793.95	1459064	7683.562	-4.626335	6192.815	-5.338078	582.9182	-4.626335	6192.815
56.46	103300.2	16523.64	3740.701	36790.92	211902.1	2511.246	17099.53	2432.028	3591.036	12349.26	84424.92	86041.95	-5.338078	582.9182	1.27048e+08	3.68542e+08	968.3274	4295.729	2493.95	1511443	9684.562	-4.626335	7392.815	-5.338078	582.9182	-4.626335	7392.815
56.75	113243.2	40457.64	3340.701	36689.92	266622.1	4112.246	13697.53	2332.028	3491.036	12249.26	84725.92	80924.95	-5.338078	882.9182	1.30352e+08	3.264664e+08	1968.327	3895.729	2193.95	1597345	9184.562	95.37366	7592.815	-5.338078	882.9182	95.37366	7592.815
57.03	122888.2	11419.64	1539.701	34887.92	321259.1	811.2456	14898.53	2132.028	3891.036	10448.26	89944.92	88851.95	-5.338078	1182.918	1.363391e+08	3.885793e+08	1868.327	4995.729	2093.95	1576481	8884.562	-4.626335	9993.815	-5.338078	1182.918	-4.626335	9993.815
57.32	131733.2	26535.64	3440.701	36089.92	437198.1	2611.246	15198.53	2132.028	2490.036	12249.26	91850.92	89653.95	-5.338078	682.9182	1.31932e+08	3.565201e+08	868.3274	4895.729	1893.95	1512717	9484.562	-4.626335	9393.815	-5.338078	682.9182	-4.626335	9393.815
57.61	134548.2	19126.64	1839.701	30481.92	501591.1	1811.246	15798.53	3332.028	2890.036	11849.26	92352.92	75407.95	-5.338078	882.9182	1.337176e+08	3.805643e+08	1468.327	5696.729	1593.95	1368344	9484.562	-4.626335	8592.815	-5.338078	882.9182	-4.626335	8592.815
57.89	144101.2	32643.64	3540.701	32083.92	582415.1	3412.246	12796.53	3332.028	5291.036	11649.26	88840.92	65178.95	-5.338078	982.9182	1.312318e+08	4.066135e+08	1368.327	5196.729	1093.95	1317520	11385.56	-4.626335	7392.815	-5.338078	982.9182	-4.626335	7392.815
58.18	133342.2	16924.64	2940.701	31582.92	553673.1	611.2456	11896.53	2232.028	3591.036	7947.263	92152.92	58562.95	-5.338078	982.9182	1.279102e+08	3.505092e+08	1268.327	3595.729	593.9502	1158844	10684.56	-4.626335	5492.815	-5.338078	982.9182	-4.626335	5492.815
58.46	133844.2	21629.64	1639.701	31783.92	483438.1	2711.246	17299.53	2132.028	2990.036	12349.26	89944.92	48941.95	-5.338078	882.9182	1.374234e+08	3.184524e+08	1268.327	4095.729	993.9502	1299303	10384.56	-4.626335	5092.815	-5.338078	882.9182	-4.626335	5092.815
58.75	118568.2	23731.64	3440.701	37991.92	419702.1	1411.246	14998.53	3532.028	3891.036	10448.26	90245.92	36820.95	-5.338078	382.9182	1.41175e+08	3.164489e+08	1668.327	4095.729	693.9502	1126934	10584.56	-4.626335	4891.815	-5.338078	382.9182	-4.626335	4891.815
59.04	107618.2	21428.64	3240.701	44202.92	378553.1	1211.246	24806.53	2632.028	3691.036	10348.26	83120.92	34317.95	-5.338078	1082.918	1.292432e+08	3.965944e+08	1668.327	3895.729	493.9502	1014364	10184.56	95.37366	4491.815	-5.338078	1082.918	95.37366	4491.815
59.32	102898.2	44064.64	3240.701	51015.92	321766.1	2211.246	22104.53	2532.028	2690.036	10848.26	86231.92	26107.95	-5.338078	682.9182	1.261567e+08	3.2847e+08	2468.327	3495.729	693.9502	828084.9	8183.562	-4.626335	4191.815	-5.338078	682.9182	-4.626335	4191.815
59.61	87139.19	31542.64	3340.701	44402.92	268745.1	311.2456	16399.53	1632.028	4591.036	10348.26	71986.92	20001.95	-5.338078	982.9182	1.230609e+08	3.665384e+08	1568.327	2295.729	393.9502	734013.9	8684.562	95.37366	3791.815	-5.338078	982.9182	95.37366	3791.815
59.9	86737.19	35047.64	3240.701	46206.92	270362.1	1011.246	23805.53	1832.028	2790.036	13750.26	71685.92	15798.95	-5.338078	1382.918	1.16615e+08	3.204559e+08	1368.327	2395.729	793.9502	570632.9	7083.562	95.37366	1991.815	-5.338078	1382.918	95.37366	1991.815
60.18	79513.19	35849.64	3640.701	51717.92	248133.1	611.2456	25407.53	2432.028	4091.036	16552.26	71384.92	16599.95	94.66192	1382.918	1.234404e+08	3.144455e+08	2068.327	3995.729	-6.049822	447869.9	6383.562	-4.626335	3691.815	94.66192	1382.918	-4.626335	3691.815
60.47	76504.19	39856.64	3740.701	50715.92	245003.1	2611.246	28611.53	1532.028	4191.036	15351.26	66170.92	11396.95	-5.338078	1882.918	1.049777e+08	2.76381e+08	1768.327	2295.729	293.9502	347086.9	6783.562	-4.626335	4091.815	-5.338078	1882.918	-4.626335	4091.815
60.76	62465.19	71735.64	4040.701	48310.92	200811.1	1611.246	24306.53	2232.028	2890.036	13750.26	55243.92	11196.95	-5.338078	1282.918	8.83151e+07	2.363163e+08	2168.327	1995.729	293.9502	267921.9	4682.562	95.37366	1891.815	-5.338078	1282.918	95.37366	1891.815
61.04	51540.19	169731.6	4340.701	39494.92	165554.1	2511.246	18000.53	832.0284	3090.036	10048.26	46926.92	8695.95	-5.338078	682.9182	7.384566e+07	2.283037e+08	868.3274	1395.729	393.9502	219957	4282.562	-4.626335	2291.815	-5.338078	682.9182	-4.626335	2291.815
61.33	39618.19	33845.64	2539.701	30180.92	138691.1	2711.246	15398.53	832.0284	790.0356	11149.26	41717.92	8594.95	-5.338078	282.9182	6.326525e+07	1.541936e+08	1268.327	1295.729	93.95018	231965	2082.562	-4.626335	1991.815	-5.338078	282.9182	-4.626335	1991.815
61.61	35412.19	40357.64	3840.701	27177.92	125220.1	1211.246	15198.53	932.0284	2090.036	9348.264	31001.92	7694.95	-5.338078	782.9182	6.330831e+07	1.50188e+08	568.3274	895.7296	293.9502	178429	2682.562	-4.626335	1391.815	-5.338078	782.9182	-4.626335	1391.815
61.9	37615.19	23030.64	2539.701	30080.92	141909.1	2211.246	16799.53	1432.028	1490.036	11048.26	39814.92	6294.95	-5.338078	782.9182	7.373049e+07	1.82234e+08	1668.327	1895.729	93.95018	161917	1582.562	-4.626335	2791.815	-5.338078	782.9182	-4.626335	2791.815
62.19	49536.19	46870.64	2839.701	42699.92	164749.1	311.2456	21103.53	1132.028	2390.036	10448.26	49731.92	5694.95	94.66192	982.9182	8.945727e+07	2.603547e+08	1468.327	1495.729	93.95018	131740	1082.562	-4.626335	1991.815	94.66192	982.9182	-4.626335	1991.815
62.47	59257.19	20928.64	2439.701	43200.92	212911.1	-388.7544	21403.53	1732.028	2590.036	10748.26	49331.92	4593.95	-5.338078	982.9182	1.01668e+08	2.603547e+08	1668.327	1995.729	93.95018	114455	1182.562	-4.626335	2091.815	-5.338078	982.9182	-4.626335	2091.815
62.76	73896.19	25433.64	1939.701	41597.92	292509.1	-88.75439	18700.53	1432.028	2290.036	11949.26	59252.92	5194.95	-5.338078	882.9182	9.578194e+07	2.904044e+08	1468.327	2395.729	293.9502	108730	1982.562	-4.626335	1791.815	-5.338078	882.9182	-4.626335	1791.815
63.04	84831.19	40357.64	1639.701	39694.92	403438.1	-588.7544	17500.53	2132.028	2890.036	11149.26	61257.92	5394.95	94.66192	1282.918	9.982574e+07	2.76381e+08	968.3274	1795.729	-6.049822	88851.95	2382.562	-4.626335	3391.815	94.66192	1282.918	-4.626335	3391.815
63.33	104806.2	23331.64	1839.701	36689.92	579857.1	211.2456	16499.53	1532.028	2090.036	11449.26	64966.92	6394.95	-5.338078	782.9182	1.104862e+08	2.803876e+08	1968.327	3095.729	393.9502	93668.95	4682.562	-4.626335	2691.815	-5.338078	782.9182	-4.626335	2691.815
63.62	113243.2	15022.64	1039.701	39294.92	705424.1	911.2456	12296.53	2632.028	2590.036	13250.26	71183.92	8494.95	-5.338078	782.9182	1.174602e+08	3.024248e+08	1468.327	4595.729	293.9502	125006	7083.562	-4.626335	3391.815	-5.338078	782.9182	-4.626335	3391.815
63.9	126104.2	17524.64	1239.701	48009.92	756072.1	-88.75439	15698.53	1732.028	3691.036	19053.26	73089.92	8194.95	-5.338078	982.9182	1.160177e+08	3.344805e+08	2068.327	3695.729	-6.049822	133952	6183.562	-4.626335	4491.815	-5.338078	982.9182	-4.626335	4491.815
64.19	119773.2	39555.64	2539.701	51616.92	706555.1	-88.75439	15598.53	2832.028	3290.036	19654.26	72788.92	6694.95	-5.338078	882.9182	1.322685e+08	3.404912e+08	1368.327	2795.729	193.9502	153665	9684.562	-4.626335	4591.815	-5.338078	882.9182	-4.626335	4591.815
64.47	120678.2	18025.64	3740.701	52318.92	711595.1	1011.246	19201.53	2932.028	3290.036	26360.26	73891.92	6994.95	-5.338078	882.9182	1.237616e+08	3.144455e+08	1568.327	3195.729	-6.049822	147126	10984.56	-4.626335	4191.815	-5.338078	882.9182	-4.626335	4191.815
64.76	117462.2	19026.64	3140.701	55826.92	606477.1	-388.7544	21002.53	2732.028	3290.036	30064.26	74192.92	5894.95	-5.338078	782.9182	1.2965e+08	3.404912e+08	2268.327	2295.729	-6.049822	198781	10184.56	-4.626335	4591.815	-5.338078	782.9182	-4.626335	4591.815
65.05	114750.2	23431.64	2139.701	61940.92	530682.1	1411.246	22204.53	2632.028	3791.036	33869.26	75997.92	9195.95	-5.338078	2182.918	1.306006e+08	3.344805e+08	1668.327	2895.729	193.9502	371229.9	10584.56	-4.626335	4491.815	-5.338078	2182.918	-4.626335	4491.815
65.33	101292.2	26435.64	3040.701	61339.92	433942.1	-789.7544	19801.53	1532.028	3290.036	38175.26	72888.92	17999.95	-5.338078	1082.918	1.252657e+08	3.725494e+08	2168.327	2395.729	793.9502	650446.9	10184.56	-4.626335	6492.815	-5.338078	1082.918	-4.626335	6492.815
65.62	102798.2	23130.64	1639.701	58131.92	391348.1	1311.246	19601.53	2532.028	4191.036	30865.26	71785.92	21803.95	-5.338078	1482.918	1.285242e+08	3.2847e+08	2668.327	2695.729	1093.95	972653.9	9684.562	-4.626335	8092.815	-5.338078	1482.918	-4.626335	8092.815
65.9	104505.2	27836.64	2239.701	49111.92	328452.1	711.2456	18400.53	3432.028	2490.036	26460.26	77101.92	31513.95	-5.338078	882.9182	1.287142e+08	3.705457e+08	1568.327	2095.729	993.9502	1300250	12585.56	-4.626335	9093.815	-5.338078	882.9182	-4.626335	9093.815
66.19	109125.2	22029.64	2639.701	42799.92	280675.1	1711.246	20002.53	2132.028	3991.036	19053.26	78405.92	42128.95	-5.338078	582.9182	1.324002e+08	3.2847e+08	1868.327	3995.729	1993.95	1644350	11385.56	-4.626335	9693.815	-5.338078	582.9182	-4.626335	9693.815
66.48	109024.2	23030.64	3640.701	43300.92	250355.1	2411.246	19501.53	2932.028	4091.036	19854.26	78505.92	52248.95	-5.338078	682.9182	1.361193e+08	3.545164e+08	2168.327	3295.729	2493.95	2026315	11585.56	-4.626335	9493.815	-5.338078	682.9182	-4.626335	9493.815
66.76	104003.2	29339.64	2639.701	36589.92	236824.1	1811.246	16299.53	1632.028	2390.036	17552.26	76098.92	55454.95	-5.338078	982.9182	1.339079e+08	3.665384e+08	2168.327	3295.729	2493.95	2130244	11485.56	-4.626335	9693.815	-5.338078	982.9182	-4.626335	9693.815
67.05	103501.2	23731.64	2639.701	34486.92	206255.1	3512.246	15698.53	3132.028	3390.036	10748.26	75797.92	66682.95	94.66192	82.91815	1.324295e+08	3.745531e+08	1168.327	3995.729	2693.95	2144597	9984.562	-4.626335	10593.82	94.66192	82.91815	-4.626335	10593.82
67.33	107417.2	20527.64	2739.701	31182.92	203230.1	4812.246	15998.53	2832.028	3390.036	13550.26	71584.92	92062.95	-5.338078	582.9182	1.371596e+08	3.725494e+08	968.3274	3795.729	2593.95	2486820	10484.56	-4.626335	11694.82	-5.338078	582.9182	-4.626335	11694.82
67.62	122587.2	30240.64	3440.701	31382.92	215936.1	3512.246	16399.53	2032.028	4291.036	11649.26	81615.92	110237	-5.338078	482.9182	1.419107e+08	3.765569e+08	1768.327	3895.729	2793.95	2333766	14386.56	-4.626335	12894.82	-5.338078	482.9182	-4.626335	12894.82
67.9	122084.2	29238.64	2339.701	28478.92	190632.1	4312.246	13797.53	2532.028	3290.036	12049.26	85829.92	106018	-5.338078	482.9182	1.531072e+08	4.306601e+08	2068.327	5396.729	2293.95	2386954	12085.56	195.3737	11194.82	-5.338078	482.9182	195.3737	11194.82
68.19	122386.2	49976.64	2739.701	24674.92	171695.1	3412.246	12596.53	832.0284	3390.036	8347.264	77602.92	92664.95	-5.338078	1082.918	1.378045e+08	3.62531e+08	1468.327	3095.729	1993.95	2274346	10484.56	-4.626335	11994.82	-5.338078	1082.918	-4.626335	11994.82
68.48	113042.2	65015.64	3640.701	18669.92	137786.1	4112.246	12496.53	1832.028	2890.036	9448.264	82719.92	75808.95	-5.338078	382.9182	1.239806e+08	3.304735e+08	1968.327	3495.729	2093.95	2172891	11685.56	195.3737	13495.82	-5.338078	382.9182	195.3737	13495.82
68.76	119170.2	39455.64	2439.701	23073.92	113866.1	3212.246	16899.53	2032.028	2790.036	8748.264	87736.92	78717.95	-5.338078	482.9182	1.273549e+08	3.2847e+08	1968.327	3595.729	1993.95	2048195	12885.56	-4.626335	15296.82	-5.338078	482.9182	-4.626335	15296.82
69.05	131432.2	39455.64	3440.701	25375.92	109848.1	2111.246	19801.53	2432.028	2490.036	9648.264	92051.92	72297.95	-5.338078	1282.918	1.389772e+08	3.645347e+08	2368.327	3595.729	2593.95	1671890	11585.56	95.37366	12794.82	-5.338078	1282.918	95.37366	12794.82
69.34	126707.2	68224.64	2940.701	29079.92	103722.1	2711.246	24206.53	2832.028	3591.036	10248.26	85227.92	52949.95	-5.338078	1782.918	1.316393e+08	2.643612e+08	2568.327	3695.729	1693.95	1288147	12485.56	-4.626335	6792.815	-5.338078	1782.918	-4.626335	6792.815
69.62	127009.2	76350.64	2639.701	41397.92	117483.1	1411.246	29812.53	2832.028	2690.036	12349.26	82117.92	41227.95	-5.338078	2582.918	1.29416e+08	3.62531e+08	1968.327	2595.729	1093.95	1070013	12385.56	-4.626335	9993.815	-5.338078	2582.918	-4.626335	9993.815
69.91	121783.2	82370.64	1839.701	44603.92	119090.1	1511.246	30914.53	2232.028	2490.036	12749.26	99178.92	35418.95	-5.338078	2182.918	1.31215e+08	3.645347e+08	2668.327	2995.729	1293.95	867384.9	10784.56	95.37366	9693.815	-5.338078	2182.918	95.37366	9693.815
70.19	129019.2	68124.64	2339.701	53721.92	130145.1	1511.246	28210.53	2232.028	3090.036	10848.26	86532.92	30311.95	-5.338078	3982.918	1.340836e+08	3.32477e+08	3068.327	2895.729	693.9502	921572.9	12185.56	-4.626335	8893.815	-5.338078	3982.918	-4.626335	8893.815
70.48	134045.2	64714.64	3140.701	56627.92	155993.1	1811.246	28811.53	2132.028	3390.036	11949.26	101086.9	37020.95	-5.338078	2482.918	1.377019e+08	3.765569e+08	1568.327	4195.729	1893.95	905500.9	10284.56	-4.626335	10993.82	-5.338078	2482.918	-4.626335	10993.82
70.76	122486.2	72437.64	3540.701	54523.92	225117.1	1411.246	19801.53	1332.028	3891.036	12549.26	98978.92	33215.95	-5.338078	1882.918	1.367493e+08	3.32477e+08	1868.327	2795.729	2493.95	853312.9	9984.562	-4.626335	10593.82	-5.338078	1882.918	-4.626335	10593.82
71.05	108823.2	64915.64	2639.701	56427.92	237632.1	311.2456	17900.53	3032.028	3491.036	9148.264	92754.92	37822.95	-5.338078	1082.918	1.26858e+08	3.084351e+08	1268.327	2295.729	2093.95	778633.9	11185.56	-4.626335	9993.815	-5.338078	1082.918	-4.626335	9993.815
71.34	103099.2	200163.6	1839.701	56928.92	252274.1	911.2456	16499.53	2332.028	2490.036	10248.26	88940.92	32013.95	-5.338078	2782.918	1.144447e+08	2.683678e+08	1668.327	2895.729	1893.95	653730.9	9584.562	-4.626335	8993.815	-5.338078	2782.918	-4.626335	8993.815
71.62	97276.19	555456.6	3340.701	65349.92	234603.1	1411.246	15098.53	2932.028	4591.036	10048.26	75195.92	28309.95	-5.338078	1782.918	1.06997e+08	2.76381e+08	768.3274	3095.729	1693.95	563677.9	6083.562	-4.626335	7892.815	-5.338078	1782.918	-4.626335	7892.815
71.91	78610.19	1009129	3640.701	57129.92	199501.1	1311.246	10995.53	1332.028	2090.036	11349.26	71584.92	25606.95	-5.338078	1682.918	9.336364e+07	2.44329e+08	1468.327	2595.729	1893.95	442983.9	4282.562	295.3737	7592.815	-5.338078	1682.918	295.3737	7592.815
72.2	69483.19	1392486	2639.701	45003.92	160018.1	4812.246	11295.53	1832.028	1590.036	7247.263	54942.92	22803.95	-5.338078	882.9182	7.594822e+07	1.962548e+08	968.3274	1995.729	1093.95	366865.9	4082.562	95.37366	3191.815	-5.338078	882.9182	95.37366	3191.815
72.48	47733.19	1412572	339.7012	33685.92	114971.1	9615.246	8894.526	1032.028	1590.036	5347.263	36409.92	16999.95	-5.338078	682.9182	5.476339e+07	1.081307e+08	1368.327	1795.729	793.9502	305448.9	2782.562	95.37366	4391.815	-5.338078	682.9182	95.37366	4391.815
72.77	37816.19	1038399	1439.701	22172.92	86356.12	4212.246	7594.527	732.0284	290.0356	3346.263	28799.92	13797.95	-5.338078	982.9182	4.331163e+07	1.212137e+08	668.3274	495.7295	793.9502	221975	2282.562	195.3737	2691.815	-5.338078	982.9182	195.3737	2691.815
73.05	26301.19	723927.6	839.7012	19569.92	69504.12	6013.246	5393.527	632.0284	590.0356	2246.263	25895.92	8795.95	-5.338078	382.9182	3.304938e+07	8.95463e+07	68.3274	595.7296	393.9502	185177	2382.562	95.37366	2791.815	-5.338078	382.9182	95.37366	2791.815
73.34	19995.19	524184.6	439.7012	15266.92	47853.12	17321.25	4793.527	332.0284	290.0356	2446.263	21291.92	8594.95	-5.338078	382.9182	2.419361e+07	6.511286e+07	68.3274	395.7295	593.9502	140689	1282.562	-4.626335	2091.815	-5.338078	382.9182	-4.626335	2091.815
73.62	19194.19	404970.6	739.7012	10564.92	43044.12	2111.246	3393.527	432.0284	890.0356	2146.263	13686.92	5494.95	-5.338078	582.9182	1.870366e+07	5.952348e+07	-31.6726	295.7295	493.9502	116867	1482.562	-4.626335	1091.815	-5.338078	582.9182	-4.626335	1091.815
73.91	15892.19	324792.6	-260.2988	7863.922	35933.12	1811.246	2492.527	432.0284	490.0356	1946.263	13786.92	4093.95	-5.338078	282.9182	1.663473e+07	4.40687e+07	168.3274	595.7296	193.9502	104914	1982.562	-4.626335	1391.815	-5.338078	282.9182	-4.626335	1391.815
74.19	11089.19	234266.6	-60.29883	5862.922	25220.12	2811.246	2192.527	332.0284	390.0356	1646.263	10584.92	3193.95	-5.338078	382.9182	1.350529e+07	3.816877e+07	468.3274	95.72954	93.95018	76811.95	982.5623	-4.626335	1391.815	-5.338078	382.9182	-4.626335	1391.815
74.48	10289.19	198449.6	439.7012	6462.922	23618.12	811.2456	2092.527	332.0284	190.0356	1146.263	6183.918	4293.95	-5.338078	282.9182	1.098676e+07	2.946565e+07	-31.6726	395.7295	-6.049822	64376.95	582.5623	-4.626335	991.8149	-5.338078	282.9182	-4.626335	991.8149
74.77	9589.188	138733.6	839.7012	3961.922	19315.12	1111.246	1892.527	-67.97156	190.0356	646.2634	7283.918	2193.95	-5.338078	482.9182	8964754	2.773899e+07	168.3274	-4.270463	293.9502	52648.95	282.5623	-4.626335	391.8149	-5.338078	482.9182	-4.626335	391.8149
75.05	7088.188	139336.6	-660.2988	5062.922	15412.12	-1189.754	692.5267	32.02844	-109.9644	746.2634	6883.918	1993.95	94.66192	82.91815	7212340	2.186608e+07	68.3274	295.7295	-6.049822	39725.95	482.5623	-4.626335	991.8149	94.66192	82.91815	-4.626335	991.8149
75.34	5388.188	96524.64	1539.701	3061.922	12010.12	311.2456	2192.527	632.0284	190.0356	846.2634	4682.918	1893.95	-5.338078	82.91815	6407088	1.874827e+07	68.3274	95.72954	93.95018	32815.95	482.5623	-4.626335	191.8149	-5.338078	82.91815	-4.626335	191.8149
75.62	4087.189	73240.64	-560.2988	2761.922	9509.117	-188.7544	-507.4733	-67.97156	190.0356	546.2634	2482.918	1193.95	-5.338078	82.91815	5799738	1.534884e+07	68.3274	195.7295	293.9502	35218.95	382.5623	-4.626335	191.8149	-5.338078	82.91815	-4.626335	191.8149
75.91	3887.189	74945.64	-660.2988	1961.922	8508.117	511.2456	592.5267	-167.9716	-209.9644	646.2634	3682.918	1393.95	-5.338078	182.9182	4119476	1.233618e+07	-31.6726	-4.270463	93.95018	28709.95	482.5623	-4.626335	291.8149	-5.338078	182.9182	-4.626335	291.8149
76.2	3187.189	64213.64	-1061.299	1661.922	6208.118	-689.7544	792.5267	-367.9716	-309.9644	546.2634	2082.918	793.9502	-5.338078	82.91815	3653662	1.017773e+07	-31.6726	295.7295	-6.049822	23204.95	182.5623	95.37366	91.81495	-5.338078	82.91815	95.37366	91.81495
76.48	2787.189	45166.64	-1761.299	661.9218	6708.118	-588.7544	-507.4733	132.0284	-809.9644	546.2634	1882.918	893.9502	-5.338078	-17.08185	2877444	1.031969e+07	-31.6726	-4.270463	193.9502	21302.95	82.56228	-4.626335	-8.185054	-5.338078	-17.08185	-4.626335	-8.185054
76.77	2587.189	39555.64	39.70117	2061.922	4207.118	-588.7544	-207.4733	432.0284	990.0356	246.2633	2082.918	893.9502	-5.338078	-17.08185	2228374	8304356	-31.6726	-4.270463	93.95018	18400.95	282.5623	-4.626335	91.81495	-5.338078	-17.08185	-4.626335	91.81495
77.06	1087.189	46369.64	-761.2988	961.9218	5708.118	711.2456	192.5267	132.0284	90.03564	146.2633	1482.918	593.9502	-5.338078	-17.08185	2186048	5439440	-31.6726	-4.270463	93.95018	16398.95	182.5623	-4.626335	-8.185054	-5.338078	-17.08185	-4.626335	-8.185054
77.34	1787.189	32443.64	-1061.299	561.9218	4207.118	-789.7544	1092.527	-467.9716	190.0356	146.2633	982.9182	293.9502	-5.338078	-17.08185	1720489	4943278	-31.6726	-4.270463	-6.049822	12396.95	282.5623	-4.626335	291.8149	-5.338078	-17.08185	-4.626335	291.8149
77.63	1087.189	24933.64	-1261.299	561.9218	3507.117	-889.7544	-207.4733	132.0284	-9.964355	246.2633	1082.918	293.9502	-5.338078	-17.08185	1649955	4730659	68.3274	-4.270463	-6.049822	11396.95	282.5623	-4.626335	-8.185054	-5.338078	-17.08185	-4.626335	-8.185054
77.92	1287.189	18726.64	739.7012	1261.922	2107.117	-1189.754	-507.4733	32.02844	-309.9644	46.26334	882.9182	293.9502	-5.338078	-17.08185	1297308	4815706	68.3274	95.72954	-6.049822	7394.95	82.56228	-4.626335	-8.185054	-5.338078	-17.08185	-4.626335	-8.185054
78.2	887.1886	14522.64	-660.2988	561.9218	2307.117	311.2456	192.5267	-67.97156	-509.9644	246.2633	1282.918	93.95018	-5.338078	-17.08185	1001111	2435185	-31.6726	-4.270463	-6.049822	5894.95	82.56228	-4.626335	91.81495	-5.338078	-17.08185	-4.626335	91.81495
78.5	1087.189	16824.64	-1361.299	561.9218	1407.117	-989.7544	492.5267	132.0284	90.03564	46.26334	382.9182	93.95018	94.66192	-17.08185	507506.4	2052751	-31.6726	95.72954	-6.049822	6094.95	82.56228	-4.626335	91.81495	94.66192	-17.08185	-4.626335	91.81495
78.78	487.1886	9218.641	139.7012	361.9218	1507.117	-488.7544	292.5267	132.0284	-409.9644	46.26334	-17.08185	293.9502	-5.338078	82.91815	676734.4	2491846	68.3274	-4.270463	-6.049822	4993.95	82.56228	-4.626335	91.81495	-5.338078	82.91815	-4.626335	91.81495
79.07	787.1886	6216.641	-360.2988	361.9218	707.1174	-188.7544	-107.4733	-267.9716	290.0356	46.26334	682.9182	93.95018	-5.338078	-17.08185	644781.4	1429614	68.3274	-4.270463	-6.049822	2893.95	-17.43772	-4.626335	-8.185054	-5.338078	-17.08185	-4.626335	-8.185054
79.36	587.1886	5516.641	439.7012	361.9218	1607.117	-1989.754	192.5267	-267.9716	590.0356	46.26334	582.9182	193.9502	-5.338078	-17.08185	493404.4	2123569	-31.6726	-4.270463	-6.049822	2393.95	-17.43772	-4.626335	-8.185054	-5.338078	-17.08185	-4.626335	-8.185054
79.65	187.1886	4415.641	-2061.299	-38.07825	1207.117	-1489.754	92.52673	532.0284	-309.9644	-53.73666	482.9182	93.95018	-5.338078	-17.08185	499104.4	1557065	-31.6726	-4.270463	-6.049822	3593.95	-17.43772	-4.626335	91.81495	-5.338078	-17.08185	-4.626335	91.81495
79.94	587.1886	2415.641	339.7012	-138.0782	1307.117	-1089.754	-407.4733	-267.9716	390.0356	146.2633	482.9182	193.9502	94.66192	-17.08185	436996.4	1613711	-31.6726	-4.270463	-6.049822	3193.95	82.56228	-4.626335	-8.185054	94.66192	-17.08185	-4.626335	-8.185054
80.24	787.1886	52983.64	-660.2988	161.9218	507.1174	911.2456	-7.473267	-367.9716	-809.9644	46.26334	282.9182	93.95018	-5.338078	-17.08185	295981.4	976490.8	68.3274	95.72954	-6.049822	2293.95	-17.43772	-4.626335	-8.185054	-5.338078	-17.08185	-4.626335	-8.185054
80.52	387.1886	2014.641	1439.701	361.9218	107.1174	-1189.754	-207.4733	-267.9716	-809.9644	46.26334	782.9182	193.9502	-5.338078	82.91815	218420.4	1033128	-31.6726	-4.270463	-6.049822	2293.95	-17.43772	-4.626335	-8.185054	-5.338078	82.91815	-4.626335	-8.185054
80.82	587.1886	4816.641	-2061.299	161.9218	7.117439	-1589.754	-807.4733	-67.97156	-609.9644	146.2633	182.9182	-6.049822	-5.338078	-17.08185	211375.4	749951.8	-31.6726	295.7295	-6.049822	3493.95	82.56228	-4.626335	-8.185054	-5.338078	-17.08185	-4.626335	-8.185054
81.12	287.1886	6917.641	-1861.299	-138.0782	607.1174	-789.7544	-407.4733	32.02844	-309.9644	-53.73666	-17.08185	-6.049822	-5.338078	-17.08185	154972.4	721635.8	-31.6726	-4.270463	-6.049822	2493.95	82.56228	-4.626335	-8.185054	-5.338078	-17.08185	-4.626335	-8.185054
81.4	87.18861	5216.641	-1661.299	961.9218	607.1174	-1589.754	-7.473267	132.0284	-309.9644	-53.73666	-17.08185	-6.049822	-5.338078	-17.08185	432582.4	849060.8	-31.6726	-4.270463	-6.049822	293.9502	-17.43772	-4.626335	-8.185054	-5.338078	-17.08185	-4.626335	-8.185054
81.69	187.1886	4916.641	-60.29883	61.92175	807.1174	-1089.754	-507.4733	-167.9716	-709.9644	46.26334	182.9182	-6.049822	-5.338078	82.91815	80699.4	877378.8	-31.6726	-4.270463	-6.049822	2093.95	182.5623	-4.626335	-8.185054	-5.338078	82.91815	-4.626335	-8.185054
81.98	287.1886	314.6406	-60.29883	-238.0782	507.1174	-1389.754	-607.4733	-367.9716	-509.9644	46.26334	-17.08185	-6.049822	-5.338078	82.91815	105492.4	87397.77	168.3274	-4.270463	-6.049822	693.9502	82.56228	-4.626335	-8.185054	-5.338078	82.91815	-4.626335	-8.185054
82.27	87.18861	2715.641	-1661.299	-338.0782	107.1174	-2589.754	-107.4733	-67.97156	490.0356	146.2633	-17.08185	-6.049822	-5.338078	-17.08185	151226.4	226134.8	68.3274	-4.270463	-6.049822	1193.95	-17.43772	-4.626335	-8.185054	-5.338078	-17.08185	-4.626335	-8.185054
82.55	87.18861	5116.641	-761.2988	461.9218	807.1174	-1389.754	-407.4733	132.0284	90.03564	-53.73666	82.91815	-6.049822	-5.338078	-17.08185	100772.4	480954.8	-31.6726	-4.270463	-6.049822	893.9502	-17.43772	-4.626335	-8.185054	-5.338078	-17.08185	-4.626335	-8.185054
82.84	187.1886	-585.3594	-260.2988	761.9218	507.1174	-1489.754	-307.4733	-67.97156	-609.9644	146.2633	-17.08185	-6.049822	-5.338078	-17.08185	310083.4	226134.8	-31.6726	-4.270463	-6.049822	393.9502	-17.43772	-4.626335	-8.185054	-5.338078	-17.08185	-4.626335	-8.185054
83.12	387.1886	1114.641	-1461.299	361.9218	507.1174	-1389.754	92.52673	-267.9716	-309.9644	-53.73666	-17.08185	93.95018	-5.338078	-17.08185	69867.4	424326.8	-31.6726	-4.270463	-6.049822	1493.95	-17.43772	-4.626335	-8.185054	-5.338078	-17.08185	-4.626335	-8.185054
83.41	-12.81139	614.6406	-560.2988	161.9218	7.117439	-1289.754	-307.4733	232.0284	-109.9644	146.2633	-17.08185	-6.049822	-5.338078	-17.08185	68262.4	255445.8	-31.6726	95.72954	-6.049822	293.9502	-17.43772	-4.626335	-8.185054	-5.338078	-17.08185	-4.626335	-8.185054
83.69	-12.81139	-885.3594	439.7012	-38.07825	7.117439	-2289.754	-207.4733	-267.9716	-609.9644	46.26334	82.91815	-6.049822	-5.338078	-17.08185	88927.4	197825.8	-31.6726	-4.270463	-6.049822	193.9502	82.56228	-4.626335	-8.185054	-5.338078	-17.08185	-4.626335	-8.185054
83.98	487.1886	1514.641	-1561.299	161.9218	7.117439	-488.7544	-207.4733	232.0284	-309.9644	-53.73666	82.91815	-6.049822	-5.338078	-17.08185	37397.39	27954.77	68.3274	-4.270463	-6.049822	993.9502	-17.43772	-4.626335	-8.185054	-5.338078	-17.08185	-4.626335	-8.185054
84.27	-12.81139	-1185.359	39.70117	261.9218	207.1174	-1489.754	-407.4733	-167.9716	390.0356	46.26334	-17.08185	-6.049822	-5.338078	-17.08185	105492.4	253223.8	-31.6726	-4.270463	-6.049822	493.9502	-17.43772	-4.626335	-8.185054	-5.338078	-17.08185	-4.626335	-8.185054
84.55	-12.81139	1514.641	-1161.299	161.9218	-92.88256	-288.7544	-7.473267	532.0284	-9.964355	-53.73666	82.91815	-6.049822	-5.338078	-17.08185	19176.39	37371.77	-31.6726	-4.270463	-6.049822	-6.049822	-17.43772	-4.626335	91.81495	-5.338078	-17.08185	-4.626335	91.81495
84.85	-12.81139	214.6406	239.7012	-238.0782	-92.88256	-1789.754	192.5267	-267.9716	-9.964355	-53.73666	-17.08185	-6.049822	-5.338078	-17.08185	54428.39	254447.8	-31.6726	-4.270463	-6.049822	-6.049822	-17.43772	-4.626335	-8.185054	-5.338078	-17.08185	-4.626335	-8.185054
85.13	87.18861	1414.641	-660.2988	161.9218	307.1174	-1089.754	-407.4733	232.0284	-209.9644	-53.73666	-17.08185	-6.049822	-5.338078	82.91815	36296.39	126062.8	-31.6726	-4.270463	93.95018	393.9502	-17.43772	-4.626335	-8.185054	-5.338078	82.91815	-4.626335	-8.185054
85.42	87.18861	-585.3594	-1561.299	461.9218	1107.117	311.2456	-307.4733	32.02844	390.0356	-53.73666	-17.08185	93.95018	-5.338078	-17.08185	32490.39	140237.8	-31.6726	-4.270463	-6.049822	393.9502	-17.43772	-4.626335	-8.185054	-5.338078	-17.08185	-4.626335	-8.185054
85.7	87.18861	1914.641	339.7012	-38.07825	107.1174	-288.7544	-107.4733	-267.9716	-109.9644	46.26334	-17.08185	-6.049822	-5.338078	-17.08185	67962.4	78467.77	-31.6726	-4.270463	-6.049822	-6.049822	-17.43772	-4.626335	-8.185054	-5.338078	-17.08185	-4.626335	-8.185054
85.99	87.18861	214.6406	-660.2988	-538.0782	207.1174	-1389.754	492.5267	132.0284	-9.964355	-53.73666	-17.08185	-6.049822	-5.338078	-17.08185	19377.39	94322.77	-31.6726	-4.270463	-6.049822	193.9502	-17.43772	-4.626335	-8.185054	-5.338078	-17.08185	-4.626335	-8.185054
86.27	87.18861	-785.3594	-660.2988	-338.0782	7.117439	-689.7544	-807.4733	-267.9716	-809.9644	46.26334	-17.08185	93.95018	-5.338078	-17.08185	25182.39	43682.77	-31.6726	-4.270463	-6.049822	193.9502	-17.43772	-4.626335	-8.185054	-5.338078	-17.08185	-4.626335	-8.185054
86.56	-12.81139	-2186.359	439.7012	-338.0782	7.117439	-1889.754	192.5267	32.02844	190.0356	46.26334	82.91815	-6.049822	-5.338078	-17.08185	16875.39	139332.8	-31.6726	-4.270463	-6.049822	93.95018	-17.43772	-4.626335	-8.185054	-5.338078	-17.08185	-4.626335	-8.185054
86.84	-12.81139	714.6406	-1661.299	61.92175	-92.88256	-689.7544	92.52673	-567.9716	90.03564	-53.73666	-17.08185	-6.049822	-5.338078	-17.08185	110112.4	113904.8	-31.6726	-4.270463	-6.049822	-6.049822	-17.43772	-4.626335	-8.185054	-5.338078	-17.08185	-4.626335	-8.185054
87.13	-12.81139	214.6406	239.7012	-38.07825	207.1174	-689.7544	-807.4733	32.02844	-109.9644	246.2633	-17.08185	-6.049822	-5.338078	-17.08185	24882.39	7944.772	-31.6726	-4.270463	-6.049822	-6.049822	-17.43772	-4.626335	-8.185054	-5.338078	-17.08185	-4.626335	-8.185054
87.41	87.18861	514.6406	239.7012	561.9218	107.1174	-989.7544	-407.4733	-167.9716	-109.9644	-53.73666	82.91815	-6.049822	-5.338078	-17.08185	1769.395	37672.77	68.3274	-4.270463	-6.049822	-6.049822	-17.43772	-4.626335	-8.185054	-5.338078	-17.08185	-4.626335	-8.185054
87.7	-12.81139	714.6406	439.7012	61.92175	107.1174	-789.7544	-307.4733	132.0284	-309.9644	-53.73666	182.9182	-6.049822	-5.338078	82.91815	46112.39	1343.772	-31.6726	-4.270463	-6.049822	93.95018	-17.43772	-4.626335	-8.185054	-5.338078	82.91815	-4.626335	-8.185054
87.98	-12.81139	-285.3594	-660.2988	-238.0782	107.1174	-1389.754	-707.4733	-267.9716	-9.964355	-53.73666	-17.08185	-6.049822	-5.338078	-17.08185	26984.39	31663.77	-31.6726	-4.270463	-6.049822	93.95018	-17.43772	-4.626335	91.81495	-5.338078	-17.08185	-4.626335	91.81495
88.27	-12.81139	-885.3594	-1161.299	-38.07825	7.117439	-1389.754	-7.473267	-67.97156	390.0356	-53.73666	-17.08185	-6.049822	-5.338078	-17.08185	12672.39	343.7722	-31.6726	-4.270463	-6.049822	-6.049822	-17.43772	-4.626335	-8.185054	-5.338078	-17.08185	-4.626335	-8.185054
88.55	-12.81139	1214.641	-1661.299	-738.0782	7.117439	-288.7544	-207.4733	-267.9716	-109.9644	46.26334	-17.08185	-6.049822	-5.338078	-17.08185	17275.39	13798.77	-31.6726	-4.270463	-6.049822	93.95018	-17.43772	-4.626335	-8.185054	-5.338078	-17.08185	-4.626335	-8.185054
88.84	-12.81139	914.6406	439.7012	761.9218	7.117439	-488.7544	-307.4733	32.02844	-9.964355	46.26334	-17.08185	-6.049822	-5.338078	-17.08185	38198.39	26958.77	68.3274	-4.270463	-6.049822	-6.049822	-17.43772	-4.626335	-8.185054	-5.338078	-17.08185	-4.626335	-8.185054
89.13	-12.81139	-785.3594	-761.2988	-38.07825	7.117439	-1189.754	192.5267	132.0284	-209.9644	-53.73666	-17.08185	-6.049822	-5.338078	82.91815	169.395	27954.77	-31.6726	-4.270463	-6.049822	-6.049822	-17.43772	-4.626335	-8.185054	-5.338078	82.91815	-4.626335	-8.185054
89.42	87.18861	714.6406	-1361.299	61.92175	-92.88256	-1189.754	492.5267	132.0284	190.0356	146.2633	-17.08185	-6.049822	-5.338078	82.91815	569.395	127043.8	-31.6726	-4.270463	-6.049822	-6.049822	-17.43772	-4.626335	-8.185054	-5.338078	82.91815	-4.626335	-8.185054
89.71	87.18861	1614.641	-1661.299	261.9218	7.117439	-1889.754	-607.4733	32.02844	-209.9644	246.2633	-17.08185	-6.049822	-5.338078	-17.08185	31489.39	22754.77	-31.6726	-4.270463	-6.049822	193.9502	-17.43772	-4.626335	-8.185054	-5.338078	-17.08185	-4.626335	-8.185054
89.99	-12.81139	-485.3594	-761.2988	61.92175	7.117439	-789.7544	-807.4733	-167.9716	390.0356	46.26334	-17.08185	-6.049822	-5.338078	-17.08185	69.39502	80273.77	68.3274	-4.270463	-6.049822	293.9502	-17.43772	-4.626335	-8.185054	-5.338078	-17.08185	-4.626335	-8.185054
90.28	-12.81139	-685.3594	-961.2988	261.9218	7.117439	-989.7544	92.52673	232.0284	490.0356	46.26334	-17.08185	-6.049822	-5.338078	82.91815	1969.395	19451.77	-31.6726	-4.270463	-6.049822	-6.049822	-17.43772	-4.626335	-8.185054	-5.338078	82.91815	-4.626335	-8.185054
90.56	-12.81139	514.6406	-460.2988	-238.0782	7.117439	-989.7544	-107.4733	-367.9716	-9.964355	-53.73666	-17.08185	-6.049822	-5.338078	-17.08185	16975.39	60517.77	68.3274	-4.270463	-6.049822	-6.049822	-17.43772	-4.626335	-8.185054	-5.338078	-17.08185	-4.626335	-8.185054
90.86	87.18861	-285.3594	-1461.299	-138.0782	7.117439	-1389.754	-507.4733	-167.9716	290.0356	-53.73666	-17.08185	-6.049822	-5.338078	-17.08185	1669.395	-356.2278	68.3274	-4.270463	-6.049822	-6.049822	82.56228	-4.626335	-8.185054	-5.338078	-17.08185	-4.626335	-8.185054
91.14	-12.81139	1014.641	239.7012	-138.0782	-92.88256	-689.7544	-307.4733	432.0284	90.03564	46.26334	-17.08185	-6.049822	94.66192	-17.08185	-130.605	343.7722	-31.6726	-4.270463	-6.049822	193.9502	-17.43772	-4.626335	-8.185054	94.66192	-17.08185	-4.626335	-8.185054
91.43	-12.81139	-1486.359	-560.2988	661.9218	-92.88256	-88.75439	-607.4733	-67.97156	190.0356	-53.73666	-17.08185	-6.049822	-5.338078	-17.08185	10571.39	143.7722	-31.6726	95.72954	-6.049822	-6.049822	-17.43772	95.37366	-8.185054	-5.338078	-17.08185	95.37366	-8.185054
91.71	-12.81139	-385.3594	-1261.299	-538.0782	-92.88256	-588.7544	-107.4733	-167.9716	390.0356	-53.73666	-17.08185	-6.049822	-5.338078	-17.08185	669.395	67535.77	-31.6726	95.72954	-6.049822	93.95018	-17.43772	-4.626335	-8.185054	-5.338078	-17.08185	-4.626335	-8.185054
92	-12.81139	-885.3594	-761.2988	-238.0782	107.1174	-1189.754	492.5267	-167.9716	390.0356	-53.73666	82.91815	-6.049822	-5.338078	-17.08185	17875.39	2643.772	-31.6726	-4.270463	-6.049822	93.95018	-17.43772	-4.626335	-8.185054	-5.338078	-17.08185	-4.626335	-8.185054
