ElapsedTime_s	Ti49_CPS	Al27_CPS	S33_CPS	Sc45_CPS	V51_CPS	Mn55_CPS	Fe57_CPS	Co59_CPS	Ni60_CPS	Ga71_CPS	Zr90_CPS	Nb93_CPS	Mo97_CPS	In113_CPS	Sn119_CPS	Sn118_CPS	Sb121_CPS	Hf177_CPS	Ta181_CPS	W183_CPS	Pb206_CPS	Th232_CPS	U238_CPS	Tc97_CPS	Cd113_CPS	U232_CPS	Pu238_CPS
0	87.18861	-85.35938	-1161.299	161.9218	-92.88256	-1189.754	92.52673	532.0284	-709.9644	46.26334	-17.08185	93.95018	-5.338078	-17.08185	169.395	43181.77	-31.6726	-4.270463	93.95018	93.95018	-17.43772	-4.626335	-8.185054	-5.338078	-17.08185	-4.626335	-8.185054
																											
15.18	-12.81139	-285.3594	-761.2988	-38.07825	7.117439	-488.7544	-107.4733	32.02844	-809.9644	46.26334	-17.08185	-6.049822	-5.338078	-17.08185	-30.60498	143.7722	-31.6726	95.72954	-6.049822	-6.049822	-17.43772	-4.626335	-8.185054	-5.338078	-17.08185	-4.626335	-8.185054
15.47	87.18861	-1085.359	-1061.299	-338.0782	7.117439	-1589.754	-507.4733	-567.9716	290.0356	-53.73666	-17.08185	-6.049822	-5.338078	-17.08185	-30.60498	143.7722	-31.6726	-4.270463	-6.049822	93.95018	-17.43772	-4.626335	-8.185054	-5.338078	-17.08185	-4.626335	-8.185054
15.75	-12.81139	214.6406	-360.2988	361.9218	7.117439	-588.7544	-207.4733	32.02844	-109.9644	46.26334	182.9182	-6.049822	-5.338078	-17.08185	11172.39	-56.22775	-31.6726	-4.270463	-6.049822	-6.049822	-17.43772	-4.626335	-8.185054	-5.338078	-17.08185	-4.626335	-8.185054
16.04	-12.81139	1014.641	439.7012	761.9218	107.1174	-989.7544	-807.4733	32.02844	390.0356	-53.73666	182.9182	-6.049822	-5.338078	-17.08185	-30.60498	-56.22775	-31.6726	-4.270463	-6.049822	-6.049822	-17.43772	-4.626335	-8.185054	-5.338078	-17.08185	-4.626335	-8.185054
16.32	187.1886	914.6406	-660.2988	-238.0782	-92.88256	-1389.754	392.5267	432.0284	390.0356	-53.73666	-17.08185	-6.049822	-5.338078	-17.08185	-130.605	143.7722	68.3274	-4.270463	-6.049822	-6.049822	-17.43772	-4.626335	-8.185054	-5.338078	-17.08185	-4.626335	-8.185054
16.61	-12.81139	1014.641	-861.2988	161.9218	-92.88256	-488.7544	-307.4733	-167.9716	190.0356	46.26334	-17.08185	-6.049822	-5.338078	-17.08185	-130.605	-56.22775	-31.6726	-4.270463	-6.049822	-6.049822	-17.43772	-4.626335	-8.185054	-5.338078	-17.08185	-4.626335	-8.185054
16.9	-12.81139	914.6406	339.7012	261.9218	7.117439	-1389.754	-407.4733	432.0284	-709.9644	46.26334	-17.08185	-6.049822	-5.338078	-17.08185	-30.60498	-56.22775	68.3274	-4.270463	-6.049822	-6.049822	-17.43772	-4.626335	-8.185054	-5.338078	-17.08185	-4.626335	-8.185054
17.18	-12.81139	1014.641	439.7012	561.9218	107.1174	-989.7544	292.5267	32.02844	-509.9644	-53.73666	-17.08185	-6.049822	-5.338078	-17.08185	-130.605	-156.2278	-31.6726	-4.270463	-6.049822	-6.049822	-17.43772	95.37366	-8.185054	-5.338078	-17.08185	95.37366	-8.185054
17.47	-12.81139	-785.3594	-1961.299	-138.0782	-92.88256	-488.7544	492.5267	-67.97156	90.03564	46.26334	-17.08185	-6.049822	-5.338078	-17.08185	-130.605	43.77225	-31.6726	-4.270463	-6.049822	-6.049822	-17.43772	-4.626335	-8.185054	-5.338078	-17.08185	-4.626335	-8.185054
17.75	-12.81139	414.6406	-660.2988	1061.922	107.1174	-689.7544	-1207.473	-167.9716	190.0356	46.26334	-17.08185	-6.049822	-5.338078	-17.08185	69.39502	43.77225	-31.6726	-4.270463	-6.049822	-6.049822	-17.43772	-4.626335	91.81495	-5.338078	-17.08185	-4.626335	91.81495
18.03	-12.81139	-85.35938	-1661.299	-238.0782	7.117439	-188.7544	-607.4733	-367.9716	390.0356	-53.73666	82.91815	-6.049822	-5.338078	-17.08185	-130.605	-56.22775	-31.6726	-4.270463	-6.049822	-6.049822	-17.43772	-4.626335	-8.185054	-5.338078	-17.08185	-4.626335	-8.185054
18.32	-12.81139	14.64062	239.7012	-238.0782	-92.88256	-1489.754	92.52673	-167.9716	-609.9644	-53.73666	-17.08185	-6.049822	-5.338078	-17.08185	-130.605	43.77225	68.3274	-4.270463	-6.049822	93.95018	-17.43772	-4.626335	-8.185054	-5.338078	-17.08185	-4.626335	-8.185054
18.6	-12.81139	-885.3594	-761.2988	-138.0782	-92.88256	-1689.754	792.5267	-367.9716	-109.9644	-53.73666	-17.08185	93.95018	94.66192	-17.08185	-30.60498	-256.2278	-31.6726	-4.270463	-6.049822	-6.049822	-17.43772	-4.626335	-8.185054	94.66192	-17.08185	-4.626335	-8.185054
18.89	-12.81139	1014.641	739.7012	61.92175	7.117439	-1489.754	-607.4733	-67.97156	90.03564	-53.73666	-17.08185	-6.049822	-5.338078	82.91815	-30.60498	43.77225	-31.6726	-4.270463	-6.049822	-6.049822	82.56228	-4.626335	-8.185054	-5.338078	82.91815	-4.626335	-8.185054
19.18	-12.81139	-585.3594	-761.2988	-538.0782	207.1174	-1089.754	492.5267	232.0284	590.0356	46.26334	82.91815	-6.049822	-5.338078	-17.08185	4269.395	143.7722	68.3274	-4.270463	-6.049822	-6.049822	-17.43772	-4.626335	-8.185054	-5.338078	-17.08185	-4.626335	-8.185054
19.46	-12.81139	-585.3594	-1561.299	61.92175	7.117439	-1289.754	-107.4733	-267.9716	-109.9644	-53.73666	-17.08185	-6.049822	-5.338078	82.91815	69.39502	-56.22775	68.3274	-4.270463	-6.049822	-6.049822	-17.43772	-4.626335	-8.185054	-5.338078	82.91815	-4.626335	-8.185054
19.75	-12.81139	-585.3594	-861.2988	561.9218	7.117439	-989.7544	-207.4733	332.0284	-109.9644	46.26334	-17.08185	-6.049822	-5.338078	-17.08185	-30.60498	243.7722	-31.6726	-4.270463	-6.049822	-6.049822	-17.43772	-4.626335	-8.185054	-5.338078	-17.08185	-4.626335	-8.185054
20.03	-12.81139	-485.3594	1139.701	461.9218	207.1174	-588.7544	292.5267	-167.9716	-609.9644	-53.73666	-17.08185	-6.049822	-5.338078	-17.08185	69.39502	243.7722	-31.6726	-4.270463	-6.049822	-6.049822	-17.43772	-4.626335	-8.185054	-5.338078	-17.08185	-4.626335	-8.185054
20.32	187.1886	-685.3594	839.7012	-438.0782	-92.88256	-1089.754	392.5267	-167.9716	-9.964355	-53.73666	-17.08185	-6.049822	-5.338078	-17.08185	69.39502	43.77225	-31.6726	-4.270463	-6.049822	-6.049822	-17.43772	-4.626335	-8.185054	-5.338078	-17.08185	-4.626335	-8.185054
20.6	-12.81139	414.6406	-1061.299	-238.0782	-92.88256	-2089.754	92.52673	-67.97156	290.0356	-53.73666	-17.08185	-6.049822	-5.338078	-17.08185	-130.605	-256.2278	-31.6726	-4.270463	-6.049822	-6.049822	-17.43772	-4.626335	-8.185054	-5.338078	-17.08185	-4.626335	-8.185054
20.89	-12.81139	214.6406	-560.2988	661.9218	107.1174	-2089.754	-7.473267	-267.9716	690.0356	-53.73666	-17.08185	-6.049822	-5.338078	-17.08185	-30.60498	-56.22775	-31.6726	-4.270463	-6.049822	-6.049822	-17.43772	-4.626335	-8.185054	-5.338078	-17.08185	-4.626335	-8.185054
21.17	-12.81139	-1185.359	-160.2988	261.9218	7.117439	-288.7544	-7.473267	-367.9716	-9.964355	-53.73666	-17.08185	-6.049822	-5.338078	-17.08185	-130.605	-156.2278	-31.6726	-4.270463	-6.049822	-6.049822	-17.43772	-4.626335	-8.185054	-5.338078	-17.08185	-4.626335	-8.185054
21.45	-12.81139	1314.641	-961.2988	-38.07825	-92.88256	-1589.754	-807.4733	-467.9716	-309.9644	-53.73666	82.91815	-6.049822	-5.338078	-17.08185	169.395	143.7722	-31.6726	-4.270463	-6.049822	-6.049822	-17.43772	-4.626335	91.81495	-5.338078	-17.08185	-4.626335	91.81495
21.74	-12.81139	14.64062	239.7012	261.9218	7.117439	-488.7544	-607.4733	332.0284	890.0356	-53.73666	-17.08185	-6.049822	-5.338078	-17.08185	-130.605	143.7722	68.3274	-4.270463	-6.049822	-6.049822	-17.43772	-4.626335	-8.185054	-5.338078	-17.08185	-4.626335	-8.185054
22.02	87.18861	614.6406	439.7012	-38.07825	-92.88256	-789.7544	-307.4733	132.0284	190.0356	46.26334	-17.08185	-6.049822	-5.338078	-17.08185	169.395	-56.22775	-31.6726	-4.270463	-6.049822	-6.049822	-17.43772	-4.626335	-8.185054	-5.338078	-17.08185	-4.626335	-8.185054
22.31	-12.81139	-85.35938	-1061.299	161.9218	7.117439	-689.7544	-107.4733	-167.9716	-209.9644	-53.73666	-17.08185	-6.049822	-5.338078	-17.08185	-130.605	-256.2278	-31.6726	-4.270463	-6.049822	-6.049822	82.56228	-4.626335	-8.185054	-5.338078	-17.08185	-4.626335	-8.185054
22.59	87.18861	114.6406	639.7012	361.9218	-92.88256	-588.7544	-307.4733	-467.9716	490.0356	-53.73666	-17.08185	-6.049822	-5.338078	-17.08185	69.39502	-156.2278	-31.6726	-4.270463	-6.049822	-6.049822	-17.43772	-4.626335	-8.185054	-5.338078	-17.08185	-4.626335	-8.185054
22.88	-12.81139	-585.3594	639.7012	61.92175	-92.88256	-689.7544	-1307.473	-267.9716	-9.964355	46.26334	-17.08185	-6.049822	-5.338078	-17.08185	169.395	-56.22775	-31.6726	-4.270463	-6.049822	-6.049822	-17.43772	-4.626335	-8.185054	-5.338078	-17.08185	-4.626335	-8.185054
23.16	-12.81139	814.6406	-660.2988	-538.0782	7.117439	-1689.754	492.5267	332.0284	-309.9644	46.26334	-17.08185	-6.049822	-5.338078	-17.08185	-130.605	243.7722	-31.6726	-4.270463	-6.049822	-6.049822	-17.43772	95.37366	-8.185054	-5.338078	-17.08185	95.37366	-8.185054
23.45	87.18861	-985.3594	139.7012	-138.0782	107.1174	-989.7544	-807.4733	-167.9716	1090.036	-53.73666	-17.08185	-6.049822	-5.338078	-17.08185	-30.60498	-156.2278	-31.6726	-4.270463	-6.049822	-6.049822	-17.43772	-4.626335	-8.185054	-5.338078	-17.08185	-4.626335	-8.185054
23.73	-12.81139	814.6406	-1061.299	61.92175	107.1174	-588.7544	592.5267	332.0284	190.0356	-53.73666	-17.08185	-6.049822	-5.338078	-17.08185	69.39502	-256.2278	-31.6726	-4.270463	-6.049822	-6.049822	-17.43772	-4.626335	-8.185054	-5.338078	-17.08185	-4.626335	-8.185054
24.02	-12.81139	714.6406	-460.2988	-238.0782	-92.88256	-1389.754	-7.473267	-467.9716	-309.9644	-53.73666	-17.08185	-6.049822	-5.338078	-17.08185	-30.60498	143.7722	-31.6726	-4.270463	-6.049822	-6.049822	-17.43772	-4.626335	-8.185054	-5.338078	-17.08185	-4.626335	-8.185054
24.3	-12.81139	314.6406	-1161.299	-138.0782	-92.88256	-1489.754	-307.4733	-367.9716	-309.9644	-53.73666	-17.08185	-6.049822	-5.338078	-17.08185	-30.60498	-256.2278	68.3274	-4.270463	-6.049822	-6.049822	-17.43772	-4.626335	-8.185054	-5.338078	-17.08185	-4.626335	-8.185054
24.59	-12.81139	914.6406	-60.29883	-38.07825	-92.88256	-1989.754	-207.4733	32.02844	90.03564	-53.73666	-17.08185	-6.049822	-5.338078	-17.08185	-130.605	-156.2278	-31.6726	-4.270463	-6.049822	-6.049822	-17.43772	-4.626335	-8.185054	-5.338078	-17.08185	-4.626335	-8.185054
24.88	-12.81139	-185.3594	-660.2988	-438.0782	107.1174	-488.7544	-607.4733	-167.9716	-109.9644	-53.73666	-17.08185	-6.049822	-5.338078	-17.08185	-130.605	-56.22775	-31.6726	-4.270463	-6.049822	93.95018	-17.43772	-4.626335	-8.185054	-5.338078	-17.08185	-4.626335	-8.185054
25.16	-12.81139	-485.3594	-560.2988	161.9218	-92.88256	-1189.754	-407.4733	232.0284	-309.9644	-53.73666	82.91815	-6.049822	-5.338078	-17.08185	169.395	-256.2278	-31.6726	-4.270463	-6.049822	-6.049822	-17.43772	-4.626335	-8.185054	-5.338078	-17.08185	-4.626335	-8.185054
25.45	-12.81139	-185.3594	39.70117	-238.0782	107.1174	-889.7544	292.5267	-267.9716	-709.9644	-53.73666	-17.08185	-6.049822	-5.338078	-17.08185	-130.605	143.7722	-31.6726	-4.270463	-6.049822	393.9502	-17.43772	-4.626335	-8.185054	-5.338078	-17.08185	-4.626335	-8.185054
25.73	-12.81139	-385.3594	-360.2988	-238.0782	-92.88256	-1289.754	92.52673	32.02844	-9.964355	46.26334	82.91815	93.95018	-5.338078	-17.08185	-30.60498	-256.2278	-31.6726	-4.270463	-6.049822	-6.049822	-17.43772	-4.626335	-8.185054	-5.338078	-17.08185	-4.626335	-8.185054
26.01	-12.81139	214.6406	-660.2988	-638.0782	207.1174	-1889.754	-107.4733	-67.97156	-309.9644	-53.73666	-17.08185	-6.049822	-5.338078	-17.08185	-30.60498	-56.22775	-31.6726	-4.270463	-6.049822	393.9502	-17.43772	-4.626335	-8.185054	-5.338078	-17.08185	-4.626335	-8.185054
26.3	87.18861	114.6406	-360.2988	261.9218	-92.88256	-989.7544	-707.4733	132.0284	890.0356	-53.73666	82.91815	-6.049822	-5.338078	-17.08185	-30.60498	-156.2278	-31.6726	-4.270463	-6.049822	-6.049822	-17.43772	-4.626335	-8.185054	-5.338078	-17.08185	-4.626335	-8.185054
26.59	-12.81139	414.6406	-160.2988	161.9218	7.117439	-1589.754	-407.4733	-267.9716	190.0356	-53.73666	82.91815	-6.049822	-5.338078	-17.08185	-130.605	143.7722	-31.6726	-4.270463	-6.049822	-6.049822	-17.43772	95.37366	-8.185054	-5.338078	-17.08185	95.37366	-8.185054
26.87	-12.81139	714.6406	-560.2988	361.9218	-92.88256	-989.7544	-607.4733	132.0284	190.0356	46.26334	-17.08185	-6.049822	-5.338078	-17.08185	69.39502	-56.22775	-31.6726	-4.270463	-6.049822	-6.049822	-17.43772	-4.626335	-8.185054	-5.338078	-17.08185	-4.626335	-8.185054
27.16	-12.81139	1414.641	-1161.299	-538.0782	107.1174	-1789.754	192.5267	332.0284	-409.9644	46.26334	-17.08185	-6.049822	-5.338078	-17.08185	69.39502	-56.22775	-31.6726	-4.270463	-6.049822	-6.049822	-17.43772	-4.626335	-8.185054	-5.338078	-17.08185	-4.626335	-8.185054
27.44	-12.81139	814.6406	-1661.299	-238.0782	-92.88256	-1589.754	92.52673	-67.97156	490.0356	-53.73666	-17.08185	-6.049822	-5.338078	-17.08185	-30.60498	-56.22775	-31.6726	-4.270463	-6.049822	-6.049822	-17.43772	95.37366	-8.185054	-5.338078	-17.08185	95.37366	-8.185054
27.72	-12.81139	-1085.359	339.7012	-38.07825	-92.88256	-1389.754	-807.4733	-67.97156	1290.036	-53.73666	-17.08185	-6.049822	-5.338078	-17.08185	-130.605	243.7722	-31.6726	-4.270463	-6.049822	-6.049822	-17.43772	-4.626335	-8.185054	-5.338078	-17.08185	-4.626335	-8.185054
28.01	-12.81139	-185.3594	-460.2988	461.9218	-92.88256	-1589.754	-507.4733	132.0284	490.0356	-53.73666	-17.08185	-6.049822	-5.338078	-17.08185	-130.605	-256.2278	-31.6726	-4.270463	-6.049822	-6.049822	82.56228	-4.626335	-8.185054	-5.338078	-17.08185	-4.626335	-8.185054
28.29	-12.81139	-885.3594	-761.2988	-238.0782	-92.88256	-689.7544	-407.4733	232.0284	90.03564	146.2633	-17.08185	-6.049822	-5.338078	-17.08185	-130.605	-156.2278	-31.6726	95.72954	-6.049822	-6.049822	-17.43772	-4.626335	-8.185054	-5.338078	-17.08185	-4.626335	-8.185054
28.58	287.1886	-1185.359	-1261.299	161.9218	107.1174	-889.7544	-207.4733	132.0284	-209.9644	-53.73666	82.91815	-6.049822	-5.338078	82.91815	-30.60498	43.77225	-31.6726	-4.270463	-6.049822	93.95018	-17.43772	-4.626335	-8.185054	-5.338078	82.91815	-4.626335	-8.185054
28.86	-12.81139	214.6406	-260.2988	-538.0782	7.117439	-689.7544	-107.4733	-167.9716	90.03564	46.26334	-17.08185	-6.049822	-5.338078	-17.08185	-30.60498	-356.2278	-31.6726	-4.270463	-6.049822	-6.049822	-17.43772	-4.626335	-8.185054	-5.338078	-17.08185	-4.626335	-8.185054
29.15	-12.81139	-85.35938	-460.2988	361.9218	7.117439	-1789.754	-707.4733	232.0284	690.0356	-53.73666	-17.08185	-6.049822	-5.338078	-17.08185	169.395	-256.2278	-31.6726	-4.270463	-6.049822	-6.049822	-17.43772	-4.626335	-8.185054	-5.338078	-17.08185	-4.626335	-8.185054
29.43	-12.81139	-1085.359	-1061.299	561.9218	7.117439	-1489.754	-307.4733	-467.9716	-509.9644	-53.73666	-17.08185	-6.049822	-5.338078	-17.08185	-130.605	-156.2278	68.3274	-4.270463	-6.049822	-6.049822	82.56228	-4.626335	-8.185054	-5.338078	-17.08185	-4.626335	-8.185054
29.72	-12.81139	-1486.359	-1561.299	-338.0782	-92.88256	-2189.754	-807.4733	-367.9716	-109.9644	-53.73666	-17.08185	-6.049822	-5.338078	-17.08185	-30.60498	-56.22775	-31.6726	-4.270463	-6.049822	-6.049822	-17.43772	-4.626335	-8.185054	-5.338078	-17.08185	-4.626335	-8.185054
30	-12.81139	314.6406	-1261.299	-438.0782	7.117439	-889.7544	-607.4733	32.02844	590.0356	-53.73666	-17.08185	-6.049822	-5.338078	-17.08185	69.39502	243.7722	-31.6726	-4.270463	-6.049822	-6.049822	-17.43772	-4.626335	-8.185054	-5.338078	-17.08185	-4.626335	-8.185054
30.29	-12.81139	-285.3594	139.7012	-438.0782	207.1174	-1889.754	-107.4733	232.0284	290.0356	-53.73666	-17.08185	-6.049822	-5.338078	-17.08185	169.395	143.7722	168.3274	-4.270463	-6.049822	-6.049822	-17.43772	-4.626335	-8.185054	-5.338078	-17.08185	-4.626335	-8.185054
30.57	-12.81139	1414.641	-861.2988	-38.07825	-92.88256	-1789.754	-207.4733	-267.9716	-9.964355	-53.73666	82.91815	-6.049822	-5.338078	-17.08185	-30.60498	143.7722	-31.6726	-4.270463	-6.049822	-6.049822	-17.43772	-4.626335	-8.185054	-5.338078	-17.08185	-4.626335	-8.185054
30.86	-12.81139	1314.641	-1161.299	-38.07825	7.117439	-1489.754	292.5267	-67.97156	690.0356	46.26334	-17.08185	-6.049822	-5.338078	-17.08185	-30.60498	-156.2278	-31.6726	-4.270463	-6.049822	-6.049822	-17.43772	-4.626335	-8.185054	-5.338078	-17.08185	-4.626335	-8.185054
31.14	-12.81139	-685.3594	-1661.299	-238.0782	7.117439	-1489.754	-307.4733	-267.9716	890.0356	46.26334	-17.08185	-6.049822	-5.338078	-17.08185	-30.60498	-256.2278	-31.6726	-4.270463	-6.049822	-6.049822	-17.43772	-4.626335	-8.185054	-5.338078	-17.08185	-4.626335	-8.185054
31.43	-12.81139	914.6406	1239.701	-338.0782	-92.88256	-1289.754	-307.4733	-167.9716	190.0356	46.26334	-17.08185	-6.049822	-5.338078	-17.08185	69.39502	-56.22775	-31.6726	-4.270463	-6.049822	-6.049822	-17.43772	-4.626335	-8.185054	-5.338078	-17.08185	-4.626335	-8.185054
31.71	-12.81139	614.6406	-1061.299	-138.0782	-92.88256	-689.7544	592.5267	132.0284	290.0356	46.26334	-17.08185	-6.049822	-5.338078	82.91815	-130.605	43.77225	-31.6726	-4.270463	-6.049822	-6.049822	-17.43772	-4.626335	-8.185054	-5.338078	82.91815	-4.626335	-8.185054
32	-12.81139	614.6406	939.7012	-538.0782	107.1174	-588.7544	-207.4733	-567.9716	-609.9644	-53.73666	-17.08185	-6.049822	-5.338078	-17.08185	169.395	643.7722	-31.6726	-4.270463	-6.049822	-6.049822	-17.43772	-4.626335	-8.185054	-5.338078	-17.08185	-4.626335	-8.185054
32.28	87.18861	-585.3594	-260.2988	-338.0782	7.117439	-288.7544	-407.4733	-567.9716	-9.964355	46.26334	-17.08185	-6.049822	-5.338078	-17.08185	69.39502	-56.22775	68.3274	-4.270463	-6.049822	-6.049822	-17.43772	-4.626335	-8.185054	-5.338078	-17.08185	-4.626335	-8.185054
32.57	-12.81139	2315.641	239.7012	-138.0782	7.117439	-2189.754	-707.4733	-567.9716	290.0356	346.2633	82.91815	-6.049822	-5.338078	-17.08185	-130.605	-56.22775	-31.6726	-4.270463	-6.049822	-6.049822	-17.43772	-4.626335	-8.185054	-5.338078	-17.08185	-4.626335	-8.185054
32.85	-12.81139	-385.3594	-2261.299	261.9218	107.1174	-989.7544	-407.4733	-67.97156	490.0356	46.26334	-17.08185	-6.049822	-5.338078	82.91815	69.39502	-256.2278	-31.6726	-4.270463	-6.049822	-6.049822	-17.43772	-4.626335	-8.185054	-5.338078	82.91815	-4.626335	-8.185054
33.14	-12.81139	514.6406	-1061.299	261.9218	-92.88256	-889.7544	-307.4733	332.0284	-109.9644	-53.73666	-17.08185	-6.049822	-5.338078	-17.08185	-30.60498	28760.77	168.3274	-4.270463	-6.049822	-6.049822	-17.43772	-4.626335	-8.185054	-5.338078	-17.08185	-4.626335	-8.185054
33.42	-12.81139	2214.641	-460.2988	-238.0782	-92.88256	-1189.754	-207.4733	32.02844	-109.9644	-53.73666	-17.08185	-6.049822	-5.338078	-17.08185	-130.605	-256.2278	68.3274	-4.270463	-6.049822	-6.049822	-17.43772	-4.626335	-8.185054	-5.338078	-17.08185	-4.626335	-8.185054
33.71	-12.81139	-885.3594	-1261.299	-38.07825	7.117439	-388.7544	-407.4733	132.0284	290.0356	46.26334	82.91815	-6.049822	-5.338078	-17.08185	-30.60498	-156.2278	-31.6726	-4.270463	-6.049822	-6.049822	82.56228	-4.626335	-8.185054	-5.338078	-17.08185	-4.626335	-8.185054
33.99	-12.81139	-85.35938	-460.2988	361.9218	-92.88256	-789.7544	292.5267	-367.9716	690.0356	-53.73666	-17.08185	-6.049822	-5.338078	-17.08185	-130.605	143.7722	-31.6726	-4.270463	-6.049822	-6.049822	-17.43772	-4.626335	-8.185054	-5.338078	-17.08185	-4.626335	-8.185054
34.28	-12.81139	1314.641	-660.2988	-138.0782	-92.88256	-188.7544	-507.4733	232.0284	-209.9644	-53.73666	-17.08185	-6.049822	-5.338078	-17.08185	69.39502	-56.22775	-31.6726	-4.270463	-6.049822	-6.049822	-17.43772	-4.626335	-8.185054	-5.338078	-17.08185	-4.626335	-8.185054
34.56	87.18861	314.6406	-360.2988	-238.0782	-92.88256	-1189.754	-607.4733	32.02844	690.0356	-53.73666	-17.08185	-6.049822	-5.338078	-17.08185	69.39502	-156.2278	-31.6726	-4.270463	-6.049822	-6.049822	-17.43772	-4.626335	-8.185054	-5.338078	-17.08185	-4.626335	-8.185054
34.85	-12.81139	1014.641	-1361.299	161.9218	-92.88256	-1089.754	-7.473267	132.0284	290.0356	46.26334	-17.08185	-6.049822	-5.338078	-17.08185	-30.60498	243.7722	-31.6726	-4.270463	-6.049822	-6.049822	-17.43772	-4.626335	-8.185054	-5.338078	-17.08185	-4.626335	-8.185054
35.13	87.18861	1114.641	439.7012	-138.0782	-92.88256	-2289.754	-507.4733	-467.9716	-809.9644	-53.73666	-17.08185	-6.049822	-5.338078	-17.08185	-30.60498	-156.2278	-31.6726	-4.270463	-6.049822	-6.049822	-17.43772	-4.626335	-8.185054	-5.338078	-17.08185	-4.626335	-8.185054
35.42	-12.81139	1614.641	-60.29883	-238.0782	107.1174	-1689.754	92.52673	-467.9716	-109.9644	146.2633	-17.08185	-6.049822	-5.338078	-17.08185	69.39502	243.7722	-31.6726	-4.270463	-6.049822	93.95018	-17.43772	-4.626335	-8.185054	-5.338078	-17.08185	-4.626335	-8.185054
35.7	-12.81139	214.6406	-961.2988	461.9218	-92.88256	-2489.754	-807.4733	232.0284	-609.9644	46.26334	-17.08185	-6.049822	-5.338078	-17.08185	69.39502	143.7722	-31.6726	-4.270463	-6.049822	-6.049822	-17.43772	-4.626335	-8.185054	-5.338078	-17.08185	-4.626335	-8.185054
35.99	-12.81139	-485.3594	-260.2988	361.9218	-92.88256	-1789.754	-707.4733	132.0284	-709.9644	46.26334	-17.08185	-6.049822	-5.338078	-17.08185	-130.605	-56.22775	-31.6726	-4.270463	-6.049822	193.9502	-17.43772	-4.626335	-8.185054	-5.338078	-17.08185	-4.626335	-8.185054
36.27	-12.81139	-1285.359	539.7012	61.92175	7.117439	-1589.754	-107.4733	-267.9716	-309.9644	46.26334	-17.08185	-6.049822	-5.338078	-17.08185	-30.60498	43.77225	-31.6726	-4.270463	-6.049822	-6.049822	-17.43772	-4.626335	-8.185054	-5.338078	-17.08185	-4.626335	-8.185054
36.56	-12.81139	414.6406	-861.2988	-238.0782	7.117439	-1789.754	-707.4733	-267.9716	590.0356	346.2633	182.9182	-6.049822	94.66192	-17.08185	2595224	4107050	-31.6726	195.7295	93.95018	793.9502	3882.562	-4.626335	91.81495	94.66192	-17.08185	-4.626335	91.81495
36.85	787.1886	7217.641	-60.29883	3361.922	2607.117	-1289.754	1992.527	32.02844	1090.036	4246.263	10984.92	-6.049822	-5.338078	582.9182	4.041524e+07	1.077662e+08	268.3274	795.7296	193.9502	4393.95	11185.56	-4.626335	291.8149	-5.338078	582.9182	-4.626335	291.8149
37.14	2787.189	12420.64	939.7012	15767.92	6508.118	-989.7544	6493.527	1232.028	1090.036	8748.264	22392.92	193.9502	-5.338078	1082.918	7.021947e+07	1.922488e+08	668.3274	1295.729	193.9502	3993.95	12485.56	-4.626335	191.8149	-5.338078	1082.918	-4.626335	191.8149
37.42	4987.188	9918.641	1239.701	25675.92	9009.117	1211.246	8994.526	1632.028	3290.036	12449.26	34906.92	193.9502	-5.338078	1082.918	8.939943e+07	2.283037e+08	768.3274	1995.729	-6.049822	4493.95	14486.56	-4.626335	391.8149	-5.338078	1082.918	-4.626335	391.8149
37.71	5188.188	16824.64	2039.701	30581.92	10109.12	-388.7544	12096.53	2032.028	3090.036	13650.26	46225.92	93.95018	94.66192	2482.918	1.112135e+08	2.82391e+08	468.3274	2695.729	-6.049822	8294.95	13085.56	-4.626335	591.8149	94.66192	2482.918	-4.626335	591.8149
37.99	7288.188	17625.64	1839.701	39995.92	9909.117	-588.7544	14197.53	2132.028	3290.036	14750.26	44121.92	493.9502	-5.338078	1282.918	1.027999e+08	2.783843e+08	1168.327	3095.729	193.9502	11296.95	12085.56	-4.626335	291.8149	-5.338078	1282.918	-4.626335	291.8149
38.28	6388.188	31942.64	1239.701	40896.92	7608.118	1911.246	18500.53	1432.028	4091.036	15251.26	51435.92	893.9502	-5.338078	1782.918	1.151874e+08	3.12442e+08	768.3274	2795.729	93.95018	17999.95	10884.56	95.37366	591.8149	-5.338078	1782.918	95.37366	591.8149
38.57	6088.188	61204.64	1339.701	53821.92	10809.12	3312.246	29512.53	1732.028	2790.036	17052.26	58551.92	693.9502	-5.338078	1882.918	1.201428e+08	2.924078e+08	468.3274	3595.729	193.9502	23804.95	10184.56	-4.626335	691.8149	-5.338078	1882.918	-4.626335	691.8149
38.85	7088.188	118223.6	2639.701	58732.92	7608.118	6113.246	43233.53	2332.028	4791.036	13149.26	68075.92	1293.95	94.66192	2382.918	1.268726e+08	3.424948e+08	1068.327	3195.729	393.9502	31212.95	12385.56	95.37366	491.8149	94.66192	2382.918	95.37366	491.8149
39.14	6588.188	161777.6	2039.701	61840.92	8408.117	5513.246	52651.53	2732.028	3190.036	14450.26	54742.92	1393.95	94.66192	2582.918	1.188887e+08	3.404912e+08	868.3274	4395.729	293.9502	40626.95	12785.56	-4.626335	891.8149	94.66192	2582.918	-4.626335	891.8149
39.42	8288.188	195323.6	2639.701	67054.92	9609.117	8714.246	61572.53	2632.028	2690.036	15151.26	63262.92	1593.95	94.66192	2182.918	1.321368e+08	3.545164e+08	1568.327	3795.729	93.95018	52348.95	9084.562	95.37366	1291.815	94.66192	2182.918	95.37366	1291.815
39.71	9189.188	213375.6	1439.701	64146.92	11210.12	8914.246	63177.53	1832.028	4491.036	13750.26	70180.92	1393.95	-5.338078	3582.918	1.306153e+08	3.184524e+08	1068.327	4095.729	393.9502	68487.95	11084.56	295.3737	1491.815	-5.338078	3582.918	295.3737	1491.815
40	10889.19	264776.6	3640.701	64146.92	13411.12	13017.25	84240.52	2032.028	2190.036	11849.26	71284.92	3293.95	-5.338078	1582.918	1.291528e+08	3.184524e+08	1768.327	4195.729	393.9502	104110	10284.56	-4.626335	1891.815	-5.338078	1582.918	-4.626335	1891.815
40.28	12990.19	387288.6	2539.701	71065.92	14011.12	15619.25	143313.5	2632.028	3791.036	12049.26	77703.92	5494.95	-5.338078	2582.918	1.404876e+08	3.384877e+08	1368.327	5396.729	193.9502	132042	12185.56	-4.626335	891.8149	-5.338078	2582.918	-4.626335	891.8149
40.57	13691.19	424800.6	3240.701	79892.92	20215.12	19122.25	136072.5	3632.028	5091.036	8948.264	69378.92	6194.95	-5.338078	1982.918	1.256308e+08	3.084351e+08	1068.327	4895.729	293.9502	123800	11585.56	95.37366	1891.815	-5.338078	1982.918	95.37366	1891.815
40.85	14491.19	363327.6	3040.701	63143.92	17113.12	15119.25	111147.5	1832.028	2990.036	10048.26	67874.92	5294.95	-5.338078	1082.918	1.280856e+08	3.68542e+08	1168.327	4795.729	193.9502	106018	12685.56	-4.626335	1191.815	-5.338078	1082.918	-4.626335	1191.815
41.14	11390.19	276505.6	4640.701	54022.92	18014.12	14918.25	88756.52	3532.028	5391.036	10048.26	59252.92	2893.95	-5.338078	2082.918	1.328247e+08	3.865756e+08	1068.327	4695.729	193.9502	89352.95	11685.56	95.37366	1291.815	-5.338078	2082.918	95.37366	1291.815
41.43	9489.188	421036.6	4940.701	58833.92	13911.12	11816.25	70196.52	3432.028	3390.036	14250.26	56947.92	3093.95	94.66192	1782.918	1.377752e+08	3.485056e+08	1468.327	4895.729	593.9502	84034.95	12285.56	95.37366	2191.815	94.66192	1782.918	95.37366	2191.815
41.71	6388.188	176379.6	2839.701	66151.92	13211.12	7513.246	77518.52	2732.028	2990.036	15051.26	52838.92	3693.95	-5.338078	2182.918	1.345229e+08	3.264664e+08	1568.327	2695.729	-6.049822	72398.95	14186.56	95.37366	3991.815	-5.338078	2182.918	95.37366	3991.815
42	6188.188	128777.6	3540.701	83504.92	8709.117	4412.246	58866.53	2232.028	2890.036	17352.26	53840.92	2193.95	-5.338078	1682.918	1.348158e+08	3.344805e+08	3568.327	1995.729	493.9502	69790.95	12285.56	-4.626335	3891.815	-5.338078	1682.918	-4.626335	3891.815
42.29	4287.188	122947.6	5340.701	103479.9	8108.118	6013.246	89960.52	1632.028	3591.036	22456.26	56646.92	1393.95	-5.338078	3082.918	1.312443e+08	3.965944e+08	3968.327	2295.729	93.95018	68988.95	11285.56	95.37366	3891.815	-5.338078	3082.918	95.37366	3891.815
42.57	4087.189	84377.64	3940.701	124073.9	6708.118	1711.246	61873.53	2532.028	3190.036	30164.26	55043.92	1793.95	-5.338078	3682.918	1.331613e+08	3.364841e+08	3168.327	2095.729	93.95018	71194.95	13386.56	95.37366	6492.815	-5.338078	3682.918	95.37366	6492.815
42.86	2687.189	77654.64	3740.701	129501.9	5508.118	2211.246	52351.53	2932.028	3891.036	30164.26	59152.92	1193.95	-5.338078	3682.918	1.359582e+08	3.525128e+08	3968.327	2995.729	93.95018	70994.95	10984.56	-4.626335	6692.815	-5.338078	3682.918	-4.626335	6692.815
43.14	2687.189	60302.64	2139.701	144886.9	5208.118	2811.246	52752.53	3332.028	3591.036	31065.26	60656.92	793.9502	-5.338078	3982.918	1.326929e+08	3.044282e+08	5369.328	2195.729	93.95018	69489.95	9184.562	-4.626335	4991.815	-5.338078	3982.918	-4.626335	4991.815
43.43	2887.189	65717.64	2739.701	162494.9	4107.118	211.2456	56661.53	3232.028	2590.036	33068.26	57348.92	593.9502	-5.338078	3182.918	1.361926e+08	3.004214e+08	5569.328	2595.729	-6.049822	69991.95	12685.56	95.37366	7592.815	-5.338078	3182.918	95.37366	7592.815
43.72	1387.189	57194.64	2940.701	177093.9	3007.117	611.2456	61372.53	2632.028	3190.036	39577.26	65568.92	693.9502	-5.338078	3882.918	1.350354e+08	3.725494e+08	4468.328	2695.729	93.95018	75507.95	10484.56	-4.626335	7892.815	-5.338078	3882.918	-4.626335	7892.815
44	1687.189	51079.64	3840.701	169440.9	2707.117	611.2456	52050.53	2432.028	3791.036	36973.26	63964.92	593.9502	-5.338078	3382.918	1.345375e+08	3.505092e+08	4568.328	1995.729	93.95018	76008.95	11585.56	195.3737	6092.815	-5.338078	3382.918	195.3737	6092.815
44.29	2787.189	50478.64	2439.701	191097.9	3507.117	1011.246	48944.53	2232.028	3390.036	41080.26	78304.92	393.9502	-5.338078	3582.918	1.379804e+08	3.044282e+08	4968.328	4195.729	93.95018	71395.95	13986.56	-4.626335	6792.815	-5.338078	3582.918	-4.626335	6792.815
44.57	2687.189	36951.64	3940.701	209645.9	2207.117	611.2456	50447.53	2932.028	3390.036	39177.26	84023.92	93.95018	-5.338078	4082.918	1.426591e+08	4.026059e+08	3668.327	3795.729	93.95018	67283.95	10984.56	-4.626335	4591.815	-5.338078	4082.918	-4.626335	4591.815
44.86	3287.189	37451.64	2839.701	188678.9	3707.117	1211.246	46539.53	2732.028	2190.036	35571.26	82518.92	193.9502	-5.338078	2582.918	1.376139e+08	3.364841e+08	3268.327	2795.729	93.95018	56256.95	9884.562	-4.626335	5692.815	-5.338078	2582.918	-4.626335	5692.815
45.15	5288.188	26835.64	5340.701	159676.9	10809.12	-288.7544	31314.53	1832.028	2690.036	33268.26	76298.92	193.9502	-5.338078	2082.918	1.40693e+08	3.12442e+08	2968.327	3395.729	-6.049822	45635.95	11084.56	-4.626335	4991.815	-5.338078	2082.918	-4.626335	4991.815
45.43	5188.188	26234.64	3540.701	132215.9	21616.12	-188.7544	32015.53	2732.028	2990.036	27761.26	62961.92	393.9502	-5.338078	3082.918	1.332204e+08	4.00602e+08	3268.327	2995.729	-6.049822	35218.95	9684.562	-4.626335	2291.815	-5.338078	3082.918	-4.626335	2291.815
45.72	10289.19	21428.64	2039.701	104985.9	30225.12	1511.246	28110.53	2932.028	4191.036	21155.26	65869.92	293.9502	-5.338078	1182.918	1.371977e+08	3.525128e+08	2568.327	3195.729	-6.049822	38122.95	10484.56	-4.626335	1591.815	-5.338078	1182.918	-4.626335	1591.815
46	11590.19	18726.64	5040.701	84607.92	33329.12	-88.75439	23205.53	1632.028	3791.036	15851.26	62460.92	493.9502	-5.338078	1682.918	1.372036e+08	3.404912e+08	2368.327	2095.729	93.95018	35518.95	9684.562	-4.626335	1491.815	-5.338078	1682.918	-4.626335	1491.815
46.29	15492.19	13921.64	3440.701	74776.92	40840.12	-789.7544	19501.53	4032.028	3891.036	15651.26	59553.92	293.9502	-5.338078	1382.918	1.403703e+08	4.246484e+08	1368.327	1395.729	-6.049822	52648.95	13085.56	95.37366	2591.815	-5.338078	1382.918	95.37366	2591.815
46.58	20095.19	13821.64	5040.701	76983.92	46350.12	-889.7544	18000.53	2632.028	3290.036	16652.26	51034.92	493.9502	-5.338078	1782.918	1.31771e+08	3.384877e+08	1568.327	1295.729	93.95018	71094.95	11585.56	-4.626335	2991.815	-5.338078	1782.918	-4.626335	2991.815
46.86	17793.19	12920.64	3040.701	88019.92	44346.12	-789.7544	20502.53	3032.028	3390.036	22556.26	52036.92	93.95018	-5.338078	1482.918	1.370131e+08	3.665384e+08	2068.327	1795.729	-6.049822	87546.95	11785.56	-4.626335	2791.815	-5.338078	1482.918	-4.626335	2791.815
47.15	15692.19	12620.64	4340.701	86113.92	33530.12	11.24561	20502.53	3032.028	2990.036	25659.26	51836.92	593.9502	-5.338078	1482.918	1.365296e+08	4.426839e+08	1968.327	1995.729	193.9502	98989.95	11985.56	-4.626335	2191.815	-5.338078	1482.918	-4.626335	2191.815
47.44	10489.19	16523.64	2639.701	78688.92	25420.12	-188.7544	22304.53	2032.028	2590.036	22556.26	50433.92	93.95018	-5.338078	1982.918	1.32049e+08	3.665384e+08	1468.327	2595.729	-6.049822	102504	11185.56	-4.626335	2291.815	-5.338078	1982.918	-4.626335	2291.815
47.72	9589.188	15623.64	2439.701	72669.92	19315.12	-889.7544	30213.53	2332.028	4791.036	31566.26	47928.92	893.9502	94.66192	1982.918	1.312318e+08	3.485056e+08	1868.327	1795.729	-6.049822	115159	10284.56	-4.626335	3891.815	94.66192	1982.918	-4.626335	3891.815
48.01	8288.188	23231.64	3340.701	70764.92	14411.12	-588.7544	29011.53	2232.028	2190.036	34870.26	46325.92	493.9502	-5.338078	2782.918	1.286265e+08	3.304735e+08	2568.327	1795.729	93.95018	150144	10684.56	-4.626335	4091.815	-5.338078	2782.918	-4.626335	4091.815
48.29	7788.188	20227.64	3240.701	63344.92	13110.12	211.2456	34418.53	3232.028	3290.036	35772.26	52838.92	893.9502	-5.338078	3282.918	1.421161e+08	3.965944e+08	3268.327	1595.729	93.95018	192331	8884.562	-4.626335	5792.815	-5.338078	3282.918	-4.626335	5792.815
48.58	8488.188	32844.64	4140.701	54723.92	9909.117	-1489.754	40027.53	2532.028	4991.036	43384.26	60656.92	693.9502	-5.338078	4282.918	1.50343e+08	3.82568e+08	4568.328	2995.729	493.9502	261757	11985.56	-4.626335	5692.815	-5.338078	4282.918	-4.626335	5692.815
48.86	6988.188	29038.64	4740.701	57930.92	7808.118	-188.7544	40828.53	2032.028	4191.036	43584.26	57849.92	893.9502	-5.338078	3882.918	1.403263e+08	3.605274e+08	3368.327	2695.729	393.9502	296946.9	12285.56	-4.626335	6692.815	-5.338078	3882.918	-4.626335	6692.815
49.15	6488.188	29539.64	2339.701	52117.92	10309.12	-188.7544	41830.53	1932.028	4291.036	42482.26	50433.92	593.9502	-5.338078	3082.918	1.37526e+08	3.164489e+08	4268.328	2295.729	193.9502	343030.9	12885.56	-4.626335	5592.815	-5.338078	3082.918	-4.626335	5592.815
49.44	6588.188	30540.64	3940.701	48911.92	6408.118	-1689.754	43032.53	2432.028	3190.036	43684.26	49531.92	393.9502	-5.338078	3282.918	1.261421e+08	3.084351e+08	4468.328	3095.729	93.95018	366459.9	12985.56	-4.626335	5092.815	-5.338078	3282.918	-4.626335	5092.815
49.72	9289.188	30640.64	1839.701	57930.92	6408.118	1111.246	40127.53	1832.028	2590.036	45888.26	51234.92	593.9502	-5.338078	3082.918	1.349036e+08	3.505092e+08	3568.327	2195.729	-6.049822	413789.9	11285.56	-4.626335	6592.815	-5.338078	3082.918	-4.626335	6592.815
50.01	10789.19	25633.64	2639.701	56728.92	4207.118	1611.246	40027.53	2432.028	2890.036	41380.26	48729.92	593.9502	-5.338078	3682.918	1.300595e+08	3.144455e+08	3168.327	1895.729	-6.049822	417755.9	11385.56	-4.626335	4991.815	-5.338078	3682.918	-4.626335	4991.815
50.3	20696.19	33545.64	2739.701	60136.92	6008.118	-588.7544	38124.53	2932.028	3491.036	42081.26	50433.92	893.9502	-5.338078	3682.918	1.418813e+08	3.705457e+08	3468.327	3195.729	93.95018	401187.9	11785.56	-4.626335	5092.815	-5.338078	3682.918	-4.626335	5092.815
50.58	24599.19	31742.64	4640.701	64346.92	8308.117	111.2456	36722.53	3032.028	3691.036	44385.26	56546.92	693.9502	94.66192	3182.918	1.392851e+08	3.925868e+08	3668.327	1495.729	293.9502	324181.9	11485.56	-4.626335	5392.815	94.66192	3182.918	-4.626335	5392.815
50.87	23999.19	27236.64	2439.701	57229.92	8709.117	-288.7544	38825.53	3032.028	3390.036	36973.26	53840.92	1193.95	-5.338078	2982.918	1.339372e+08	3.525128e+08	3068.327	2095.729	193.9502	243676	12785.56	-4.626335	5392.815	-5.338078	2982.918	-4.626335	5392.815
51.15	23798.19	23531.64	2039.701	50314.92	9109.117	-989.7544	38725.53	3632.028	3090.036	35672.26	51736.92	993.9502	94.66192	5083.918	1.384348e+08	3.885793e+08	4068.327	1995.729	93.95018	210376	12485.56	95.37366	4691.815	94.66192	5083.918	95.37366	4691.815
51.44	21496.19	23931.64	3040.701	50715.92	8809.117	-889.7544	40428.53	3032.028	2390.036	28462.26	51535.92	593.9502	-5.338078	3382.918	1.287142e+08	3.404912e+08	3068.327	595.7296	93.95018	167755	10384.56	-4.626335	3791.815	-5.338078	3382.918	-4.626335	3791.815
51.73	25300.19	25633.64	4740.701	52619.92	13411.12	-588.7544	40428.53	2332.028	4591.036	29964.26	56646.92	793.9502	-5.338078	4182.918	1.321076e+08	3.404912e+08	3268.327	1495.729	-6.049822	142600	9684.562	-4.626335	3591.815	-5.338078	4182.918	-4.626335	3591.815
52.01	24399.19	23931.64	3340.701	52518.92	24119.12	1711.246	42732.53	3032.028	4991.036	27261.26	52738.92	1293.95	-5.338078	5683.918	1.302935e+08	3.705457e+08	3568.327	1695.729	293.9502	120383	10784.56	-4.626335	5092.815	-5.338078	5683.918	-4.626335	5092.815
52.3	36113.19	25533.64	3040.701	51717.92	57072.12	3012.246	38925.53	3132.028	2390.036	25859.26	52738.92	1493.95	-5.338078	4382.918	1.312882e+08	3.90583e+08	3368.327	1695.729	93.95018	99792.95	9484.562	-4.626335	3591.815	-5.338078	4382.918	-4.626335	3591.815
52.58	40119.19	24532.64	2339.701	58732.92	93381.12	2011.246	40628.53	2532.028	2290.036	28763.26	62961.92	2393.95	-5.338078	2682.918	1.352258e+08	3.62531e+08	2868.327	1795.729	293.9502	93769.95	11285.56	-4.626335	3491.815	-5.338078	2682.918	-4.626335	3491.815
52.87	49937.19	25133.64	3340.701	61840.92	136278.1	3912.246	38224.53	2532.028	3891.036	27561.26	70983.92	2193.95	-5.338078	2182.918	1.339079e+08	3.985982e+08	3468.327	2295.729	493.9502	88349.95	11885.56	-4.626335	4391.815	-5.338078	2182.918	-4.626335	4391.815
53.16	63167.19	28437.64	3940.701	67655.92	161125.1	1011.246	39526.53	2332.028	3591.036	25159.26	73690.92	6294.95	-5.338078	2282.918	1.40913e+08	3.404912e+08	3168.327	3195.729	593.9502	127920	12885.56	-4.626335	4791.815	-5.338078	2282.918	-4.626335	4791.815
53.44	79112.19	27836.64	3240.701	73171.92	220577.1	611.2456	39025.53	4032.028	2690.036	24258.26	85428.92	21202.95	-5.338078	2182.918	1.41984e+08	5.128281e+08	3468.327	2795.729	1193.95	218747	11685.56	-4.626335	4891.815	-5.338078	2182.918	-4.626335	4891.815
53.73	86737.19	31442.64	2339.701	67756.92	264096.1	1311.246	35921.53	2332.028	3390.036	19754.26	79508.92	39624.95	-5.338078	1782.918	1.347425e+08	3.264664e+08	3568.327	3395.729	893.9502	491987.9	12185.56	-4.626335	6192.815	-5.338078	1782.918	-4.626335	6192.815
54.02	102999.2	30040.64	4140.701	54723.92	363837.1	1411.246	27710.53	2232.028	2990.036	20354.26	92051.92	69790.95	-5.338078	1782.918	1.37101e+08	3.705457e+08	2468.327	3995.729	793.9502	669027.9	8984.562	-4.626335	8492.815	-5.338078	1782.918	-4.626335	8492.815
54.3	121984.2	77654.64	3340.701	48009.92	446460.1	4012.246	32115.53	2032.028	5091.036	14450.26	94561.92	92966.95	-5.338078	1782.918	1.466827e+08	3.645347e+08	2068.327	4895.729	1593.95	935785.9	16187.56	195.3737	8893.815	-5.338078	1782.918	195.3737	8893.815
54.59	134749.2	58196.64	2539.701	50213.92	522309.1	4612.246	29612.53	3232.028	3390.036	14450.26	96367.92	86643.95	-5.338078	982.9182	1.432021e+08	4.446879e+08	1868.327	5596.729	993.9502	1026546	13386.56	-4.626335	8292.815	-5.338078	982.9182	-4.626335	8292.815
54.87	143196.2	51781.64	4240.701	53320.92	497408.1	3512.246	30012.53	2232.028	3491.036	17452.26	97873.92	83934.95	-5.338078	1582.918	1.316686e+08	3.785605e+08	1668.327	4595.729	893.9502	988247.9	10684.56	-4.626335	7992.815	-5.338078	1582.918	-4.626335	7992.815
55.16	133442.2	60803.64	3440.701	49011.92	441880.1	5613.246	28310.53	1932.028	3791.036	18653.26	93256.92	77011.95	-5.338078	882.9182	1.289335e+08	3.364841e+08	3068.327	2695.729	1293.95	966003.9	11885.56	-4.626335	8492.815	-5.338078	882.9182	-4.626335	8492.815
55.45	127210.2	48072.64	2539.701	47809.92	366982.1	2611.246	28210.53	3232.028	2990.036	22856.26	93557.92	68788.95	-5.338078	1082.918	1.450668e+08	3.985982e+08	2968.327	5496.729	1293.95	1077004	12985.56	95.37366	11594.82	-5.338078	1082.918	95.37366	11594.82
55.73	143297.2	32744.64	4040.701	50815.92	340410.1	1411.246	26408.53	1532.028	3190.036	26660.26	100885.9	65579.95	94.66192	2682.918	1.442151e+08	4.00602e+08	2368.327	4595.729	3593.95	1172667	10984.56	-4.626335	10593.82	94.66192	2682.918	-4.626335	10593.82
56.02	135554.2	39856.64	3240.701	51616.92	309107.1	2811.246	25207.53	2332.028	4191.036	21255.26	101588.9	60566.95	-5.338078	1482.918	1.357385e+08	3.064316e+08	3468.327	3595.729	993.9502	1165545	10384.56	-4.626335	12494.82	-5.338078	1482.918	-4.626335	12494.82
56.3	133945.2	37051.64	3540.701	48209.92	286743.1	2211.246	23305.53	2432.028	3491.036	19554.26	103496.9	49241.95	-5.338078	1082.918	1.389918e+08	3.485056e+08	2668.327	3995.729	2193.95	1190375	11585.56	-4.626335	11093.82	-5.338078	1082.918	-4.626335	11093.82
56.59	144302.2	45266.64	2940.701	40195.92	258639.1	1411.246	24306.53	3032.028	3190.036	18353.26	107914.9	42028.95	-5.338078	1482.918	1.550959e+08	3.845718e+08	2168.327	3995.729	1993.95	1335750	12085.56	-4.626335	15296.82	-5.338078	1482.918	-4.626335	15296.82
56.88	155167.2	80865.64	3340.701	34086.92	236622.1	1611.246	21002.53	3032.028	5091.036	16351.26	114845.9	53851.95	-5.338078	1282.918	1.460362e+08	4.086173e+08	3268.327	3195.729	4393.95	1539053	15087.56	-4.626335	17197.81	-5.338078	1282.918	-4.626335	17197.81
57.16	182954.2	213072.6	2139.701	29580.92	200811.1	3812.246	28210.53	2732.028	4791.036	13650.26	119768.9	62772.95	-5.338078	282.9182	1.42982e+08	3.965944e+08	2768.327	4595.729	2893.95	1632298	11785.56	-4.626335	18098.81	-5.338078	282.9182	-4.626335	18098.81
57.45	164728.2	295221.6	4040.701	28378.92	154785.1	8214.246	35820.53	2632.028	3891.036	12949.26	118663.9	57259.95	-5.338078	1082.918	1.452284e+08	3.585237e+08	3368.327	5596.729	3593.95	1760793	12185.56	-4.626335	16997.81	-5.338078	1082.918	-4.626335	16997.81
57.73	147823.2	397550.6	2439.701	23073.92	133865.1	9315.246	39727.53	2932.028	3491.036	8547.264	107513.9	61268.95	-5.338078	282.9182	1.332345e+08	3.665384e+08	2568.327	5496.729	4593.95	1947398	13486.56	95.37366	16396.81	-5.338078	282.9182	95.37366	16396.81
58.02	154664.2	474086.6	2539.701	21571.92	121703.1	11716.25	47641.53	2532.028	3691.036	8948.264	107111.9	57058.95	-5.338078	882.9182	1.299863e+08	3.62531e+08	3268.327	3995.729	2093.95	2049712	12785.56	-4.626335	16196.82	-5.338078	882.9182	-4.626335	16196.82
58.31	128215.2	463284.6	3140.701	22072.92	98903.12	12417.25	41129.53	3332.028	2990.036	10048.26	105605.9	42128.95	-5.338078	982.9182	1.31376e+08	3.565201e+08	3068.327	5396.729	2293.95	2051554	11285.56	-4.626335	16797.81	-5.338078	982.9182	-4.626335	16797.81
58.59	129723.2	377031.6	3640.701	22172.92	97296.12	13918.25	43032.53	2232.028	3591.036	8648.264	105806.9	52448.95	-5.338078	1182.918	1.447878e+08	4.106212e+08	2768.327	4695.729	3293.95	2287466	12285.56	-4.626335	18898.81	-5.338078	1182.918	-4.626335	18898.81
58.88	135151.2	373680.6	2940.701	18669.92	92779.12	11316.25	30513.53	2832.028	2190.036	9348.264	112535.9	45935.95	-5.338078	382.9182	1.367493e+08	4.246484e+08	5469.328	4895.729	4593.95	2069225	9884.562	195.3737	16797.81	-5.338078	382.9182	195.3737	16797.81
59.16	132135.2	202885.6	1939.701	18268.92	121904.1	10715.25	26308.53	2632.028	3491.036	8247.264	105303.9	51847.95	-5.338078	882.9182	1.378191e+08	3.665384e+08	4068.327	4795.729	4393.95	1849680	11785.56	-4.626335	14795.82	-5.338078	882.9182	-4.626335	14795.82
59.45	132940.2	183834.6	1939.701	21371.92	188113.1	10215.25	28711.53	3632.028	2290.036	8748.264	101186.9	44232.95	-5.338078	582.9182	1.230463e+08	3.224594e+08	3068.327	3195.729	2493.95	1482166	10384.56	95.37366	15196.82	-5.338078	582.9182	95.37366	15196.82
59.74	117462.2	265180.6	2940.701	18569.92	206558.1	7814.246	20702.53	2432.028	3190.036	9348.264	99379.92	34817.95	-5.338078	682.9182	1.211493e+08	4.00602e+08	3868.327	4595.729	2893.95	1247040	9484.562	-4.626335	12894.82	-5.338078	682.9182	-4.626335	12894.82
60.02	122788.2	142354.6	4540.701	27677.92	229153.1	9214.246	22604.53	2732.028	3290.036	10448.26	98375.92	31713.95	-5.338078	882.9182	1.292432e+08	3.224594e+08	2268.327	3795.729	1993.95	1030192	10684.56	-4.626335	13395.82	-5.338078	882.9182	-4.626335	13395.82
60.31	114248.2	106568.6	3340.701	33685.92	201013.1	8614.246	26408.53	2032.028	2490.036	11149.26	82117.92	24605.95	-5.338078	782.9182	1.199678e+08	3.244629e+08	1768.327	3295.729	2693.95	972341.9	9684.562	95.37366	10393.82	-5.338078	782.9182	95.37366	10393.82
60.59	109125.2	127169.6	2439.701	38292.92	180658.1	6613.246	25207.53	2432.028	2690.036	15651.26	86833.92	24905.95	-5.338078	1182.918	1.207992e+08	3.164489e+08	2168.327	2195.729	2393.95	846899.9	11685.56	195.3737	13595.82	-5.338078	1182.918	195.3737	13595.82
60.88	115152.2	132900.6	2239.701	43601.92	197485.1	6413.246	32716.53	1932.028	2890.036	22957.26	90345.92	28009.95	-5.338078	1482.918	1.353723e+08	3.605274e+08	3368.327	4495.729	2293.95	751213.9	10284.56	195.3737	10693.82	-5.338078	1482.918	195.3737	10693.82
61.17	123893.2	198953.6	2739.701	51015.92	232484.1	6913.246	33317.53	2032.028	3791.036	31566.26	95464.92	22603.95	594.6619	2282.918	1.338494e+08	3.68542e+08	2968.327	4195.729	1493.95	610661.9	11285.56	-4.626335	13395.82	594.6619	2282.918	-4.626335	13395.82
61.45	115252.2	136017.6	2839.701	58833.92	254396.1	3512.246	37022.53	1632.028	2890.036	34270.26	94561.92	19100.95	-5.338078	2182.918	1.29884e+08	3.444984e+08	3668.327	2195.729	493.9502	503105.9	10984.56	-4.626335	7292.815	-5.338078	2182.918	-4.626335	7292.815
61.74	106112.2	91404.64	3240.701	60637.92	256820.1	3812.246	29912.53	3432.028	2990.036	36973.26	88639.92	13597.95	-5.338078	2382.918	1.26522e+08	3.344805e+08	3068.327	2595.729	1493.95	385746.9	10384.56	95.37366	8693.815	-5.338078	2382.918	95.37366	8693.815
62.03	95268.19	156643.6	3240.701	78086.92	293825.1	1911.246	33818.53	2632.028	4391.036	47391.26	87635.92	10695.95	-5.338078	3482.918	1.289481e+08	3.925868e+08	3368.327	2895.729	1093.95	302411.9	13686.56	-4.626335	8492.815	-5.338078	3482.918	-4.626335	8492.815
62.31	109526.2	77152.64	3840.701	87317.92	332505.1	2311.246	32115.53	2832.028	2890.036	46990.26	92051.92	11296.95	94.66192	2182.918	1.412944e+08	3.765569e+08	2368.327	2695.729	1393.95	265495.9	11985.56	-4.626335	8492.815	94.66192	2182.918	-4.626335	8492.815
62.6	94566.19	54988.64	1539.701	86915.92	319335.1	1111.246	36622.53	2632.028	3591.036	55608.26	91148.92	6094.95	-5.338078	2082.918	1.310102e+08	3.585237e+08	2968.327	3595.729	1293.95	214006	12485.56	-4.626335	7792.815	-5.338078	2082.918	-4.626335	7792.815
62.88	96975.19	57795.64	4040.701	87919.92	279664.1	2211.246	34018.53	2632.028	3891.036	48593.26	81515.92	8695.95	94.66192	2782.918	1.288604e+08	3.184524e+08	2468.327	2495.729	1093.95	178328	11685.56	-4.626335	5592.815	94.66192	2782.918	-4.626335	5592.815
63.17	93461.19	31041.64	2439.701	91231.92	299188.1	-1489.754	33217.53	2932.028	3090.036	53403.26	86532.92	7294.95	-5.338078	2382.918	1.384641e+08	3.244629e+08	3068.327	3095.729	1093.95	161413	12485.56	95.37366	6592.815	-5.338078	2382.918	95.37366	6592.815
63.45	92759.19	33545.64	4140.701	99663.92	314069.1	2111.246	38224.53	2332.028	2590.036	62925.26	87134.92	4093.95	-5.338078	2982.918	1.398423e+08	3.224594e+08	2768.327	2695.729	693.9502	138275	14286.56	-4.626335	6292.815	-5.338078	2982.918	-4.626335	6292.815
63.74	92859.19	45367.64	1639.701	103881.9	345175.1	-1489.754	34719.53	3332.028	3691.036	70245.27	93256.92	5594.95	-5.338078	2582.918	1.530503e+08	4.086173e+08	3368.327	1895.729	1193.95	128121	9584.562	-4.626335	6192.815	-5.338078	2582.918	-4.626335	6192.815
64.03	93562.19	45868.64	2239.701	110710.9	323893.1	-588.7544	33317.53	2732.028	3591.036	62624.26	82016.92	4193.95	-5.338078	2882.918	1.367933e+08	3.545164e+08	2168.327	2895.729	993.9502	109333	12285.56	-4.626335	6192.815	-5.338078	2882.918	-4.626335	6192.815
64.31	93060.19	26334.64	2940.701	104985.9	322272.1	1911.246	30813.53	2632.028	4591.036	62023.26	79007.92	4593.95	-5.338078	2982.918	1.372915e+08	3.865756e+08	2368.327	2495.729	293.9502	114958	10984.56	-4.626335	5992.815	-5.338078	2982.918	-4.626335	5992.815
64.6	81419.19	23631.64	2940.701	94041.92	300706.1	911.2456	31214.53	2532.028	3390.036	48293.26	78706.92	3293.95	-5.338078	2582.918	1.3464e+08	4.146289e+08	1768.327	1795.729	293.9502	93267.95	10084.56	-4.626335	6192.815	-5.338078	2582.918	-4.626335	6192.815
64.89	90751.19	28738.64	2639.701	97655.92	316499.1	1011.246	27209.53	3032.028	3190.036	51800.26	81013.92	3593.95	-5.338078	2182.918	1.296646e+08	3.745531e+08	2068.327	1895.729	293.9502	83633.95	7683.562	-4.626335	4391.815	-5.338078	2182.918	-4.626335	4391.815
65.17	73595.19	19627.64	1539.701	82300.92	311537.1	3012.246	27609.53	2832.028	3591.036	43083.26	77502.92	4593.95	-5.338078	3182.918	1.128142e+08	3.545164e+08	1868.327	2595.729	593.9502	70492.95	5983.562	-4.626335	3691.815	-5.338078	3182.918	-4.626335	3691.815
65.46	70386.19	22129.64	3140.701	77484.92	256820.1	17621.25	21203.53	3232.028	2790.036	38776.26	67874.92	4093.95	-5.338078	1782.918	1.102535e+08	2.843943e+08	1868.327	2095.729	193.9502	63273.95	5183.562	-4.626335	4791.815	-5.338078	1782.918	-4.626335	4791.815
65.74	65773.19	17925.64	2839.701	71767.92	245104.1	36245.25	20602.53	2432.028	2790.036	31666.26	61959.92	3993.95	-5.338078	1582.918	1.043968e+08	2.062698e+08	668.3274	1995.729	393.9502	77312.95	4582.562	-4.626335	3291.815	-5.338078	1582.918	-4.626335	3291.815
66.03	55649.19	19226.64	2739.701	61238.92	391856.1	100836.2	17600.53	1832.028	1990.036	23057.26	52337.92	10295.95	-5.338078	1482.918	8.197479e+07	2.303068e+08	968.3274	2595.729	593.9502	191726	3682.562	295.3737	3891.815	-5.338078	1482.918	295.3737	3891.815
66.32	50939.19	16824.64	1739.701	49612.92	194461.1	51375.25	18801.53	1832.028	2690.036	21455.26	48830.92	13697.95	-5.338078	582.9182	8.237885e+07	2.182882e+08	1068.327	1695.729	693.9502	326208.9	4582.562	95.37366	5792.815	-5.338078	582.9182	95.37366	5792.815
66.6	60360.19	18726.64	3940.701	47191.92	211398.1	31638.25	17800.53	1732.028	1990.036	18453.26	54642.92	20802.95	-5.338078	782.9182	8.645084e+07	2.022638e+08	1168.327	2695.729	993.9502	383715.9	2882.562	95.37366	3091.815	-5.338078	782.9182	95.37366	3091.815
66.89	57152.19	23431.64	1739.701	44703.92	198392.1	30036.25	17099.53	1432.028	2490.036	11849.26	52938.92	27608.95	-5.338078	682.9182	8.071962e+07	2.403226e+08	1568.327	2395.729	493.9502	437895.9	3482.562	-4.626335	4391.815	-5.338078	682.9182	-4.626335	4391.815
67.18	51540.19	23130.64	2539.701	43200.92	162635.1	22526.25	30213.53	1832.028	1990.036	11949.26	46024.92	41127.95	-5.338078	582.9182	8.00273e+07	1.982578e+08	1268.327	1895.729	1093.95	468441.9	2582.562	95.37366	3591.815	-5.338078	582.9182	95.37366	3591.815
67.46	52943.19	35248.64	1739.701	36289.92	174213.1	21725.25	29412.53	2332.028	2090.036	9948.264	55644.92	58361.95	-5.338078	282.9182	9.290044e+07	2.182882e+08	1268.327	2795.729	2393.95	258109	3182.562	-4.626335	4491.815	-5.338078	282.9182	-4.626335	4491.815
67.75	56751.19	42661.64	2940.701	36389.92	185292.1	19423.25	34118.53	2032.028	2590.036	8347.264	56446.92	63072.95	94.66192	582.9182	9.58109e+07	2.383194e+08	668.3274	2295.729	2393.95	561427.9	4182.562	195.3737	4491.815	94.66192	582.9182	195.3737	4491.815
68.04	69383.19	137325.6	1139.701	38292.92	216642.1	16920.25	32916.53	2232.028	3090.036	8247.264	67473.92	53951.95	94.66192	782.9182	1.032499e+08	3.12442e+08	1668.327	2995.729	3193.95	512595.9	1582.562	-4.626335	4891.815	94.66192	782.9182	-4.626335	4891.815
68.32	73294.19	135615.6	539.7012	36189.92	229860.1	13217.25	30513.53	1532.028	3390.036	8748.264	74493.92	63674.95	-5.338078	382.9182	1.156827e+08	2.884011e+08	1068.327	3395.729	2993.95	864589.9	2282.562	295.3737	6892.815	-5.338078	382.9182	295.3737	6892.815
68.61	74097.19	107974.6	839.7012	31883.92	226832.1	9915.246	26208.53	1732.028	2990.036	6947.263	71685.92	52849.95	-5.338078	382.9182	1.153185e+08	2.463322e+08	1568.327	2695.729	2593.95	960081.9	3282.562	395.3737	6492.815	-5.338078	382.9182	395.3737	6492.815
68.89	73094.19	78457.64	2139.701	24074.92	184990.1	6113.246	23105.53	1632.028	3090.036	7447.263	73590.92	52248.95	-5.338078	482.9182	1.251634e+08	3.46502e+08	1768.327	3295.729	1593.95	1596386	8083.562	-4.626335	7492.815	-5.338078	482.9182	-4.626335	7492.815
69.18	69082.19	68425.64	1739.701	21871.92	149453.1	5012.246	22504.53	2632.028	2290.036	6047.263	80311.92	43932.95	-5.338078	282.9182	1.265073e+08	3.485056e+08	1468.327	3695.729	993.9502	1803481	8784.562	95.37366	7392.815	-5.338078	282.9182	95.37366	7392.815
69.47	63568.19	71635.64	2940.701	18469.92	110551.1	7113.246	18100.53	3232.028	2990.036	3546.263	72587.92	31913.95	94.66192	282.9182	1.308493e+08	3.765569e+08	1268.327	3195.729	2093.95	1935959	8483.562	-4.626335	6692.815	94.66192	282.9182	-4.626335	6692.815
69.75	50137.19	132598.6	1739.701	16167.92	80336.12	5613.246	16699.53	1532.028	4091.036	4446.263	68175.92	38423.95	194.6619	382.9182	1.211784e+08	3.144455e+08	1968.327	2095.729	3493.95	988112.9	6783.562	95.37366	5392.815	194.6619	382.9182	95.37366	5392.815
70.04	38116.19	454217.6	3740.701	13165.92	66496.12	3012.246	20202.53	1232.028	2490.036	3446.263	56646.92	27808.95	94.66192	282.9182	1.056894e+08	2.884011e+08	1868.327	1895.729	2093.95	1661853	5883.562	-4.626335	4491.815	94.66192	282.9182	-4.626335	4491.815
70.33	35512.19	991853.6	2339.701	10164.92	57473.12	7213.246	17700.53	1732.028	790.0356	3646.263	50433.92	24005.95	-5.338078	82.91815	9.752065e+07	2.44329e+08	968.3274	2595.729	1193.95	1464891	3882.562	95.37366	4591.815	-5.338078	82.91815	95.37366	4591.815
70.61	30005.19	1848570	2339.701	11264.92	49356.12	8514.246	24606.53	2232.028	2290.036	3646.263	44922.92	23004.95	-5.338078	182.9182	8.564185e+07	2.082729e+08	1068.327	2695.729	2293.95	1330691	5783.562	-4.626335	3291.815	-5.338078	182.9182	-4.626335	3291.815
70.9	26901.19	2764954	1139.701	9663.922	38337.12	18021.25	69494.52	1632.028	1590.036	4346.263	38311.92	16999.95	-5.338078	382.9182	7.643805e+07	1.782281e+08	468.3274	1495.729	1693.95	1203481	3882.562	295.3737	3591.815	-5.338078	382.9182	295.3737	3591.815
71.18	25500.19	3411390	3240.701	7863.922	34531.12	48869.25	168471.5	2532.028	1690.036	5347.263	36409.92	14297.95	-5.338078	182.9182	7.02051e+07	1.662107e+08	968.3274	2495.729	893.9502	1001771	3482.562	-4.626335	2491.815	-5.338078	182.9182	-4.626335	2491.815
71.47	17893.19	4611084	2239.701	7362.922	29925.12	62302.25	256824.5	632.0284	2390.036	7747.263	33504.92	12296.95	-5.338078	482.9182	6.026649e+07	1.561964e+08	568.3274	1195.729	593.9502	783068.9	2282.562	95.37366	791.8149	-5.338078	482.9182	95.37366	791.8149
71.76	14391.19		2239.701	11564.92	25921.12	68219.24	344070.5	1032.028	1190.036	7047.263	28498.92	9595.95	-5.338078	982.9182	5.689769e+07	1.702165e+08	868.3274	1195.729	493.9502	594581.9	2982.562	95.37366	2691.815	-5.338078	982.9182	95.37366	2691.815
72.04	15292.19		2339.701	11964.92	23118.12	89792.24	345590.5	1632.028	1090.036	9748.264	26696.92	8194.95	94.66192	982.9182	5.83165e+07	1.221494e+08	968.3274	595.7296	493.9502	492803.9	1882.562	-4.626335	2191.815	94.66192	982.9182	-4.626335	2191.815
72.33	11690.19		2639.701	13865.92	18214.12	69824.24	310937.5	732.0284	1590.036	13250.26	30901.92	6294.95	94.66192	782.9182	6.02378e+07	1.762252e+08	668.3274	1495.729	3593.95	420297.9	2282.562	-4.626335	1591.815	94.66192	782.9182	-4.626335	1591.815
72.62	8488.188		939.7012	18168.92	16412.12	61701.25	255005.5	1632.028	1290.036	11649.26	28598.92	8895.95	-5.338078	1382.918	5.592349e+07	1.50188e+08	1768.327	1195.729	3393.95	325904.9	3882.562	95.37366	2491.815	-5.338078	1382.918	95.37366	2491.815
72.9	10489.19		2539.701	15667.92	14211.12	51676.25	215534.5	1332.028	2390.036	12649.26	27497.92	6394.95	94.66192	1382.918	5.67974e+07	1.50188e+08	1668.327	795.7296	3293.95	286526.9	2882.562	-4.626335	1791.815	94.66192	1382.918	-4.626335	1791.815
73.19	6788.188	4777448	2639.701	16567.92	12510.12	42957.25	208373.5	932.0284	1090.036	10948.26	25095.92	4993.95	-5.338078	1082.918	5.154287e+07	1.301603e+08	768.3274	895.7296	2993.95	240849	2982.562	-4.626335	2191.815	-5.338078	1082.918	-4.626335	2191.815
73.47	4987.188		639.7012	18769.92	10409.12	49371.25	212407.5	932.0284	890.0356	11249.26	29399.92	4693.95	94.66192	1582.918	5.005526e+07	1.462986e+08	668.3274	895.7296	1193.95	220865	3582.562	-4.626335	1091.815	94.66192	1582.918	-4.626335	1091.815
73.76	7488.188		1639.701	19469.92	10409.12	50473.25	220880.5	132.0284	890.0356	11249.26	31201.92	4793.95	-5.338078	1082.918	6.030952e+07	1.221494e+08	1368.327	195.7295	1293.95	465894.9	7183.562	-4.626335	2191.815	-5.338078	1082.918	-4.626335	2191.815
74.05	6288.188		1839.701	21471.92	9309.117	50373.25	221183.5	532.0284	1890.036	10048.26	38311.92	4093.95	-5.338078	1482.918	6.531849e+07	1.541936e+08	668.3274	1195.729	893.9502	806599.9	5883.562	-4.626335	2091.815	-5.338078	1482.918	-4.626335	2091.815
74.33	7288.188	4815050	1839.701	19069.92	11310.12	58593.25	224715.5	1032.028	2090.036	8547.264	43019.92	6194.95	194.6619	682.9182	8.419768e+07	2.102759e+08	1168.327	1795.729	993.9502	1447310	8183.562	95.37366	2491.815	194.6619	682.9182	95.37366	2491.815
74.62	10089.19	4202148	1039.701	16667.92	8809.117	42557.25	225825.5	1932.028	2690.036	8748.264	57849.92	6594.95	194.6619	782.9182	9.020927e+07	2.263006e+08	868.3274	2395.729	1293.95	1716143	6983.562	-4.626335	3091.815	194.6619	782.9182	-4.626335	3091.815
74.9	9489.188	3625570	1939.701	13265.92	8008.118	39150.25	210490.5	1332.028	2590.036	8447.264	61858.92	7594.95	-5.338078	482.9182	9.175718e+07	2.263006e+08	1168.327	3195.729	1393.95	2023500	7983.562	-4.626335	4991.815	-5.338078	482.9182	-4.626335	4991.815
75.19	11490.19	3200726	4340.701	12365.92	10009.12	37046.25	208978.5	1532.028	3290.036	7447.263	67172.92	8494.95	-5.338078	582.9182	1.079416e+08	2.964146e+08	768.3274	3295.729	493.9502	2451141	10784.56	195.3737	4491.815	-5.338078	582.9182	195.3737	4491.815
75.48	13591.19	2392652	939.7012	11864.92	6208.118	33941.25	170686.5	1032.028	1390.036	7047.263	65869.92	7194.95	-5.338078	482.9182	1.117373e+08	2.703711e+08	1268.327	2395.729	593.9502	2477675	6683.562	-4.626335	3691.815	-5.338078	482.9182	-4.626335	3691.815
75.76	15792.19	2039539	1739.701	9063.922	6708.118	26230.25	142307.5	1532.028	3691.036	5647.263	68275.92	6994.95	-5.338078	482.9182	1.101662e+08	3.084351e+08	1268.327	2795.729	793.9502	2679816	9284.562	-4.626335	4291.815	-5.338078	482.9182	-4.626335	4291.815
76.05	17493.19	1663801	3040.701	9163.922	9009.117	23227.25	116974.5	2632.028	2990.036	4346.263	70983.92	8194.95	94.66192	82.91815	1.219663e+08	3.264664e+08	1468.327	3095.729	593.9502	2581648	12385.56	-4.626335	5992.815	94.66192	82.91815	-4.626335	5992.815
76.33	17293.19	1340125	2839.701	7763.922	12510.12	18422.25	130341.5	1932.028	2690.036	4746.263	68676.92	8294.95	-5.338078	82.91815	1.187284e+08	3.044282e+08	1168.327	1895.729	493.9502	2357660	11485.56	-4.626335	5192.815	-5.338078	82.91815	-4.626335	5192.815
76.62	18594.19	1311351	1239.701	7763.922	14811.12	21525.25	99798.52	2232.028	2590.036	3846.263	59653.92	10995.95	-5.338078	282.9182	1.131344e+08	2.583515e+08	1268.327	2695.729	393.9502	2268772	11084.56	95.37366	4991.815	-5.338078	282.9182	95.37366	4991.815
76.91	22297.19	1490632	2839.701	6162.922	16613.12	22226.25	128732.5	932.0284	2290.036	3046.263	66170.92	13597.95	-5.338078	82.91815	1.124212e+08	3.104385e+08	1168.327	2495.729	793.9502	2160917	11785.56	195.3737	5992.815	-5.338078	82.91815	195.3737	5992.815
77.19	22297.19	1335169	1739.701	8163.922	13311.12	17220.25	168672.5	2332.028	3090.036	3046.263	64766.92	12296.95	-5.338078	482.9182	1.218058e+08	3.485056e+08	1368.327	2895.729	993.9502	2325660	12085.56	95.37366	5292.815	-5.338078	482.9182	95.37366	5292.815
77.48	25400.19	1240660	1839.701	5662.922	20916.12	18221.25	124008.5	2632.028	3190.036	3746.263	71785.92	14998.95	-5.338078	282.9182	1.24258e+08	3.244629e+08	1768.327	2295.729	693.9502	2189010	10584.56	-4.626335	5992.815	-5.338078	282.9182	-4.626335	5992.815
77.77	34210.19	1058417	3340.701	10564.92	36634.12	15319.25	107732.5	2332.028	4091.036	4246.263	75797.92	15698.95	94.66192	782.9182	1.266096e+08	3.505092e+08	1968.327	2895.729	1193.95	1946966	10284.56	-4.626335	6192.815	94.66192	782.9182	-4.626335	6192.815
78.05	41421.19	951831.6	1739.701	13765.92	62385.12	14218.25	87050.52	2832.028	4691.036	6547.263	76900.92	16899.95	-5.338078	382.9182	1.300741e+08	3.565201e+08	1968.327	2495.729	693.9502	1555421	11185.56	95.37366	6392.815	-5.338078	382.9182	95.37366	6392.815
78.34	52642.19	697587.6	2339.701	20771.92	128537.1	12717.25	69394.52	3132.028	3390.036	9948.264	80110.92	15598.95	-5.338078	382.9182	1.356213e+08	3.805643e+08	1968.327	2995.729	1593.95	1278048	10584.56	-4.626335	8793.815	-5.338078	382.9182	-4.626335	8793.815
78.62	77507.19	501316.6	2839.701	28779.92	176126.1	12717.25	63177.53	3432.028	2690.036	12149.26	84424.92	19000.95	-5.338078	582.9182	1.308786e+08	3.444984e+08	1068.327	3795.729	793.9502	1045717	10784.56	95.37366	6192.815	-5.338078	582.9182	95.37366	6192.815
78.91	77407.19	441286.6	2239.701	28979.92	194058.1	9214.246	50046.53	1732.028	3791.036	14250.26	88639.92	20501.95	-5.338078	1082.918	1.274864e+08	3.424948e+08	2168.327	2495.729	693.9502	882499.9	10184.56	195.3737	6592.815	-5.338078	1082.918	195.3737	6592.815
79.2	74799.19	357441.6	2439.701	24574.92	176932.1	6213.246	38825.53	2332.028	2890.036	9048.264	66771.92	11496.95	94.66192	582.9182	8.847412e+07	2.503386e+08	868.3274	2895.729	293.9502	687930.9	6383.562	-4.626335	5892.815	94.66192	582.9182	-4.626335	5892.815
79.48	48033.19	219529.6	2339.701	17068.92	118789.1	4612.246	31815.53	1732.028	590.0356	8147.263	48729.92	8995.95	-5.338078	382.9182	6.55483e+07	1.682136e+08	1368.327	1095.729	493.9502	505350.9	5683.562	-4.626335	3091.815	-5.338078	382.9182	-4.626335	3091.815
79.77	34611.19	218016.6	1539.701	14266.92	78631.12	6213.246	25207.53	432.0284	1390.036	6447.263	37009.92	8494.95	-5.338078	182.9182	5.101355e+07	1.381712e+08	668.3274	1195.729	193.9502	394786.9	4782.562	-4.626335	2391.815	-5.338078	182.9182	-4.626335	2391.815
80.05	23698.19	164193.6	639.7012	9363.922	61483.12	1411.246	18300.53	332.0284	1290.036	4646.263	26496.92	4593.95	-5.338078	282.9182	3.725046e+07	1.016874e+08	568.3274	895.7296	193.9502	327322.9	2682.562	-4.626335	1491.815	-5.338078	282.9182	-4.626335	1491.815
80.34	21696.19	135716.6	1539.701	6262.922	46050.12	3012.246	11696.53	632.0284	1290.036	3146.263	20991.92	3193.95	-5.338078	82.91815	3.071602e+07	8.512174e+07	268.3274	595.7296	393.9502	243373	2682.562	-4.626335	1591.815	-5.338078	82.91815	-4.626335	1591.815
80.62	17593.19	132297.6	-260.2988	5862.922	43345.12	1011.246	12396.53	332.0284	990.0356	2746.263	18789.92	3793.95	-5.338078	82.91815	2.281678e+07	6.814169e+07	268.3274	995.7296	93.95018	218343	1382.562	-4.626335	1091.815	-5.338078	82.91815	-4.626335	1091.815
80.91	13791.19	104659.6	639.7012	3961.922	26821.12	411.2456	10295.53	32.02844	-9.964355	1546.263	12185.92	2193.95	-5.338078	-17.08185	2.136955e+07	5.217554e+07	268.3274	595.7296	193.9502	185278	1882.562	-4.626335	491.8149	-5.338078	-17.08185	-4.626335	491.8149
81.2	9889.188	87389.64	139.7012	4062.922	24819.12	1611.246	8794.526	332.0284	590.0356	1946.263	10184.92	2393.95	-5.338078	-17.08185	1.588398e+07	4.366742e+07	668.3274	295.7295	193.9502	140287	1182.562	-4.626335	291.8149	-5.338078	-17.08185	-4.626335	291.8149
81.48	8088.188	138331.6	439.7012	1961.922	19415.12	511.2456	3993.527	32.02844	290.0356	1346.263	7483.918	2093.95	-5.338078	82.91815	1.363268e+07	3.776816e+07	268.3274	695.7296	-6.049822	112748	982.5623	-4.626335	591.8149	-5.338078	82.91815	-4.626335	591.8149
81.77	6188.188	84377.64	-1261.299	3761.922	17713.12	-188.7544	7094.527	932.0284	-609.9644	746.2634	6783.918	1193.95	94.66192	-17.08185	9728175	2.745368e+07	68.3274	95.72954	93.95018	107726	1682.562	-4.626335	691.8149	94.66192	-17.08185	-4.626335	691.8149
82.05	6288.188	49375.64	-961.2988	1161.922	14111.12	-288.7544	3793.527	132.0284	-209.9644	846.2634	5683.918	1293.95	-5.338078	-17.08185	7947118	2.579929e+07	168.3274	95.72954	-6.049822	81927.95	282.5623	-4.626335	391.8149	-5.338078	-17.08185	-4.626335	391.8149
82.34	4587.188	56993.64	439.7012	1961.922	8108.118	-1589.754	4993.527	432.0284	-309.9644	646.2634	4482.918	893.9502	-5.338078	-17.08185	6562472	2.031395e+07	-31.6726	95.72954	-6.049822	61970.95	782.5623	-4.626335	491.8149	-5.338078	-17.08185	-4.626335	491.8149
82.63	3587.189	33044.64	-2161.299	961.9218	6108.118	11.24561	3092.527	432.0284	-409.9644	846.2634	3882.918	793.9502	94.66192	-17.08185	5686754	1.630149e+07	268.3274	95.72954	-6.049822	57359.95	182.5623	-4.626335	291.8149	94.66192	-17.08185	-4.626335	291.8149
82.91	2387.189	50177.64	-861.2988	961.9218	5708.118	-488.7544	2592.527	32.02844	590.0356	446.2633	2282.918	693.9502	94.66192	82.91815	4783012	1.419748e+07	68.3274	95.72954	193.9502	47538.95	582.5623	-4.626335	391.8149	94.66192	82.91815	-4.626335	391.8149
83.2	1987.189	38453.64	-761.2988	1061.922	5908.118	-889.7544	1792.527	-167.9716	-9.964355	346.2633	2782.918	293.9502	-5.338078	-17.08185	3470178	1.162602e+07	168.3274	-4.270463	-6.049822	36219.95	182.5623	-4.626335	91.81495	-5.338078	-17.08185	-4.626335	91.81495
83.48	2087.189	25633.64	-360.2988	761.9218	3907.117	711.2456	1592.527	32.02844	-9.964355	546.2634	2782.918	293.9502	-5.338078	82.91815	3399608	9099000	68.3274	-4.270463	-6.049822	29210.95	282.5623	-4.626335	191.8149	-5.338078	82.91815	-4.626335	191.8149
83.77	2187.189	20828.64	-1161.299	-238.0782	4807.118	-1789.754	2792.527	-67.97156	990.0356	346.2633	1282.918	493.9502	-5.338078	-17.08185	3131460	6559601	168.3274	195.7295	-6.049822	26707.95	-17.43772	-4.626335	191.8149	-5.338078	-17.08185	-4.626335	191.8149
84.06	887.1886	17424.64	-1061.299	-38.07825	2907.117	-1389.754	1192.527	-267.9716	-109.9644	546.2634	2482.918	193.9502	-5.338078	-17.08185	2143722	5864776	-31.6726	95.72954	-6.049822	22803.95	182.5623	-4.626335	91.81495	-5.338078	-17.08185	-4.626335	91.81495
84.34	1187.189	9518.641	-961.2988	561.9218	1907.117	-1789.754	792.5267	32.02844	-309.9644	146.2633	782.9182	-6.049822	-5.338078	-17.08185	2087287	5737169	-31.6726	95.72954	93.95018	23904.95	-17.43772	-4.626335	91.81495	-5.338078	-17.08185	-4.626335	91.81495
84.63	887.1886	8317.641	-260.2988	1161.922	2007.117	-789.7544	792.5267	332.0284	390.0356	346.2633	482.9182	193.9502	-5.338078	82.91815	2044962	4376322	68.3274	-4.270463	93.95018	10995.95	-17.43772	-4.626335	-8.185054	-5.338078	82.91815	-4.626335	-8.185054
84.92	287.1886	9918.641	-1261.299	461.9218	1107.117	-1389.754	992.5267	-267.9716	290.0356	346.2633	582.9182	193.9502	94.66192	-17.08185	1367834	3356030	-31.6726	-4.270463	-6.049822	12796.95	282.5623	-4.626335	-8.185054	94.66192	-17.08185	-4.626335	-8.185054
85.21	687.1886	4515.641	-260.2988	-38.07825	1607.117	-2589.754	692.5267	232.0284	590.0356	46.26334	882.9182	193.9502	94.66192	-17.08185	1212678	3115170	-31.6726	-4.270463	-6.049822	11996.95	82.56228	-4.626335	-8.185054	94.66192	-17.08185	-4.626335	-8.185054
85.5	1187.189	5116.641	739.7012	261.9218	707.1174	-2389.754	192.5267	-67.97156	-309.9644	46.26334	682.9182	-6.049822	-5.338078	-17.08185	938567.4	2973496	-31.6726	-4.270463	93.95018	6094.95	82.56228	-4.626335	191.8149	-5.338078	-17.08185	-4.626335	191.8149
85.78	287.1886	3915.641	-260.2988	661.9218	707.1174	-2489.754	92.52673	232.0284	90.03564	46.26334	382.9182	-6.049822	-5.338078	82.91815	855050.4	2081078	-31.6726	95.72954	-6.049822	14897.95	82.56228	-4.626335	191.8149	-5.338078	82.91815	-4.626335	191.8149
86.07	287.1886	41359.64	-1161.299	-38.07825	907.1174	-889.7544	892.5267	-167.9716	290.0356	46.26334	382.9182	93.95018	-5.338078	-17.08185	470559.4	1302167	-31.6726	-4.270463	-6.049822	7894.95	-17.43772	-4.626335	191.8149	-5.338078	-17.08185	-4.626335	191.8149
86.36	787.1886	4415.641	-1361.299	-138.0782	507.1174	-2289.754	-507.4733	132.0284	690.0356	-53.73666	282.9182	193.9502	-5.338078	-17.08185	592818.4	1996098	-31.6726	-4.270463	-6.049822	4393.95	182.5623	-4.626335	-8.185054	-5.338078	-17.08185	-4.626335	-8.185054
86.64	287.1886	1814.641	-260.2988	61.92175	107.1174	-1089.754	-107.4733	-367.9716	390.0356	46.26334	482.9182	193.9502	-5.338078	-17.08185	622425.4	1103926	-31.6726	-4.270463	-6.049822	3893.95	-17.43772	-4.626335	-8.185054	-5.338078	-17.08185	-4.626335	-8.185054
86.93	-12.81139	7117.641	-1161.299	261.9218	7.117439	111.2456	-307.4733	-167.9716	-9.964355	146.2633	382.9182	393.9502	-5.338078	82.91815	475959.4	891536.8	68.3274	-4.270463	-6.049822	2993.95	-17.43772	-4.626335	-8.185054	-5.338078	82.91815	-4.626335	-8.185054
87.22	187.1886	1614.641	-761.2988	61.92175	207.1174	-2889.754	-307.4733	-367.9716	-509.9644	-53.73666	182.9182	-6.049822	-5.338078	-17.08185	267779.4	1273846	-31.6726	-4.270463	-6.049822	5594.95	82.56228	-4.626335	-8.185054	-5.338078	-17.08185	-4.626335	-8.185054
87.51	-12.81139	2114.641	-660.2988	-238.0782	307.1174	-1489.754	-507.4733	-67.97156	590.0356	46.26334	82.91815	-6.049822	-5.338078	-17.08185	320208.4	551741.8	-31.6726	-4.270463	-6.049822	4293.95	-17.43772	-4.626335	-8.185054	-5.338078	-17.08185	-4.626335	-8.185054
87.8	187.1886	-285.3594	-1661.299	-438.0782	107.1174	-2389.754	292.5267	-267.9716	190.0356	-53.73666	582.9182	-6.049822	-5.338078	-17.08185	396592.4	537583.8	-31.6726	95.72954	-6.049822	3293.95	-17.43772	-4.626335	-8.185054	-5.338078	-17.08185	-4.626335	-8.185054
88.1	287.1886	514.6406	-1261.299	-438.0782	407.1174	-1189.754	92.52673	-167.9716	690.0356	446.2633	82.91815	-6.049822	-5.338078	82.91815	324184.4	523426.8	-31.6726	-4.270463	-6.049822	893.9502	-17.43772	-4.626335	-8.185054	-5.338078	82.91815	-4.626335	-8.185054
88.39	287.1886	4415.641	-560.2988	-538.0782	7.117439	-2189.754	292.5267	-267.9716	390.0356	46.26334	282.9182	-6.049822	-5.338078	-17.08185	140872.4	197822.8	68.3274	-4.270463	93.95018	2893.95	-17.43772	-4.626335	91.81495	-5.338078	-17.08185	-4.626335	91.81495
88.68	87.18861	614.6406	39.70117	161.9218	207.1174	-1989.754	292.5267	-267.9716	-309.9644	-53.73666	382.9182	-6.049822	-5.338078	-17.08185	171254.4	1826143	68.3274	-4.270463	-6.049822	1393.95	-17.43772	-4.626335	91.81495	-5.338078	-17.08185	-4.626335	91.81495
88.96	-12.81139	2315.641	39.70117	161.9218	407.1174	-889.7544	-107.4733	-167.9716	90.03564	146.2633	182.9182	-6.049822	-5.338078	-17.08185	170348.4	259082.8	68.3274	-4.270463	-6.049822	1593.95	-17.43772	-4.626335	-8.185054	-5.338078	-17.08185	-4.626335	-8.185054
89.26	187.1886	614.6406	-560.2988	461.9218	307.1174	811.2456	-307.4733	32.02844	390.0356	-53.73666	82.91815	-6.049822	-5.338078	82.91815	211375.4	495112.8	-31.6726	-4.270463	-6.049822	1993.95	-17.43772	-4.626335	-8.185054	-5.338078	82.91815	-4.626335	-8.185054
89.54	87.18861	-185.3594	239.7012	161.9218	407.1174	-889.7544	-307.4733	-67.97156	90.03564	46.26334	-17.08185	-6.049822	-5.338078	-17.08185	122167.4	119128.8	-31.6726	-4.270463	-6.049822	2293.95	-17.43772	-4.626335	-8.185054	-5.338078	-17.08185	-4.626335	-8.185054
89.83	-12.81139	1514.641	-1061.299	-438.0782	607.1174	-1689.754	-207.4733	332.0284	190.0356	-53.73666	-17.08185	-6.049822	-5.338078	-17.08185	51823.39	197822.8	-31.6726	-4.270463	-6.049822	393.9502	82.56228	-4.626335	-8.185054	-5.338078	-17.08185	-4.626335	-8.185054
90.12	-12.81139	1014.641	-861.2988	461.9218	7.117439	-689.7544	192.5267	-167.9716	90.03564	46.26334	182.9182	93.95018	-5.338078	-17.08185	159578.4	254447.8	-31.6726	-4.270463	-6.049822	793.9502	-17.43772	-4.626335	-8.185054	-5.338078	-17.08185	-4.626335	-8.185054
90.41	87.18861	1714.641	-1161.299	61.92175	207.1174	-889.7544	92.52673	632.0284	-209.9644	246.2633	82.91815	-6.049822	-5.338078	-17.08185	75182.4	155354.8	-31.6726	-4.270463	-6.049822	793.9502	182.5623	-4.626335	-8.185054	-5.338078	-17.08185	-4.626335	-8.185054
90.7	87.18861	14.64062	-861.2988	-38.07825	-92.88256	-188.7544	-7.473267	32.02844	-109.9644	46.26334	182.9182	-6.049822	94.66192	-17.08185	31990.39	367699.8	-31.6726	95.72954	-6.049822	1693.95	-17.43772	-4.626335	-8.185054	94.66192	-17.08185	-4.626335	-8.185054
90.99	87.18861	414.6406	-460.2988	361.9218	7.117439	-1489.754	-107.4733	32.02844	-409.9644	146.2633	182.9182	-6.049822	-5.338078	-17.08185	53627.39	679160.8	68.3274	-4.270463	-6.049822	93.95018	-17.43772	-4.626335	-8.185054	-5.338078	-17.08185	-4.626335	-8.185054
91.28	-12.81139	-85.35938	-460.2988	461.9218	7.117439	-1389.754	-407.4733	132.0284	-209.9644	46.26334	-17.08185	-6.049822	-5.338078	-17.08185	29386.39	199942.8	68.3274	-4.270463	-6.049822	293.9502	-17.43772	-4.626335	-8.185054	-5.338078	-17.08185	-4.626335	-8.185054
91.57	-12.81139	414.6406	239.7012	-138.0782	107.1174	-2289.754	292.5267	132.0284	-409.9644	-53.73666	82.91815	-6.049822	-5.338078	-17.08185	25282.39	27954.77	-31.6726	-4.270463	-6.049822	93.95018	82.56228	95.37366	-8.185054	-5.338078	-17.08185	95.37366	-8.185054
91.86	-12.81139	214.6406	-260.2988	61.92175	-92.88256	-488.7544	-107.4733	432.0284	590.0356	46.26334	-17.08185	93.95018	-5.338078	-17.08185	31189.39	146674.8	-31.6726	-4.270463	-6.049822	693.9502	-17.43772	-4.626335	-8.185054	-5.338078	-17.08185	-4.626335	-8.185054
92.14	87.18861	2014.641	1139.701	-138.0782	207.1174	-1489.754	-907.4733	-167.9716	-9.964355	46.26334	82.91815	-6.049822	-5.338078	-17.08185	67260.4	103960.8	68.3274	-4.270463	-6.049822	193.9502	-17.43772	-4.626335	-8.185054	-5.338078	-17.08185	-4.626335	-8.185054
92.43	-12.81139	614.6406	-1761.299	-38.07825	-92.88256	-1389.754	-7.473267	-67.97156	-9.964355	-53.73666	-17.08185	-6.049822	-5.338078	82.91815	13072.39	-356.2278	-31.6726	-4.270463	-6.049822	193.9502	-17.43772	-4.626335	-8.185054	-5.338078	82.91815	-4.626335	-8.185054
92.72	-12.81139	314.6406	239.7012	561.9218	7.117439	-1989.754	1192.527	-167.9716	90.03564	46.26334	-17.08185	-6.049822	-5.338078	-17.08185	56032.39	197019.8	-31.6726	-4.270463	-6.049822	993.9502	-17.43772	-4.626335	-8.185054	-5.338078	-17.08185	-4.626335	-8.185054
93.01	-12.81139	914.6406	-1761.299	61.92175	-92.88256	-2089.754	-307.4733	332.0284	-109.9644	-53.73666	-17.08185	-6.049822	-5.338078	-17.08185	10671.39	155354.8	-31.6726	-4.270463	-6.049822	193.9502	-17.43772	-4.626335	-8.185054	-5.338078	-17.08185	-4.626335	-8.185054
93.29	-12.81139	1914.641	-60.29883	-338.0782	107.1174	-1989.754	-707.4733	132.0284	-109.9644	-53.73666	-17.08185	-6.049822	-5.338078	-17.08185	46312.39	11746.77	-31.6726	-4.270463	-6.049822	193.9502	-17.43772	-4.626335	-8.185054	-5.338078	-17.08185	-4.626335	-8.185054
93.58	-12.81139	-85.35938	-260.2988	-338.0782	107.1174	-989.7544	292.5267	32.02844	-109.9644	-53.73666	-17.08185	-6.049822	-5.338078	-17.08185	3769.395	27959.77	-31.6726	-4.270463	-6.049822	-6.049822	-17.43772	-4.626335	-8.185054	-5.338078	-17.08185	-4.626335	-8.185054
93.86	-12.81139	914.6406	-1061.299	361.9218	7.117439	-889.7544	192.5267	132.0284	90.03564	-53.73666	-17.08185	-6.049822	-5.338078	-17.08185	30488.39	34768.77	-31.6726	-4.270463	-6.049822	93.95018	-17.43772	-4.626335	-8.185054	-5.338078	-17.08185	-4.626335	-8.185054
94.15	-12.81139	214.6406	-560.2988	561.9218	107.1174	-1589.754	192.5267	-67.97156	-609.9644	-53.73666	-17.08185	-6.049822	-5.338078	-17.08185	33492.39	92917.77	-31.6726	-4.270463	-6.049822	193.9502	-17.43772	-4.626335	-8.185054	-5.338078	-17.08185	-4.626335	-8.185054
94.43	187.1886	814.6406	-660.2988	361.9218	107.1174	-2089.754	92.52673	-367.9716	-509.9644	46.26334	-17.08185	-6.049822	-5.338078	-17.08185	27584.39	12446.77	68.3274	-4.270463	-6.049822	193.9502	82.56228	-4.626335	-8.185054	-5.338078	-17.08185	-4.626335	-8.185054
94.72	87.18861	114.6406	-861.2988	161.9218	-92.88256	-488.7544	892.5267	232.0284	-309.9644	-53.73666	-17.08185	-6.049822	-5.338078	-17.08185	6470.395	13798.77	-31.6726	95.72954	-6.049822	293.9502	-17.43772	-4.626335	-8.185054	-5.338078	-17.08185	-4.626335	-8.185054
95	-12.81139	-985.3594	1139.701	161.9218	7.117439	-689.7544	-707.4733	132.0284	390.0356	146.2633	82.91815	-6.049822	-5.338078	-17.08185	42105.39	73552.77	-31.6726	-4.270463	-6.049822	93.95018	182.5623	-4.626335	-8.185054	-5.338078	-17.08185	-4.626335	-8.185054
