ElapsedTime_s	Ti49_CPS	Al27_CPS	S33_CPS	Sc45_CPS	V51_CPS	Mn55_CPS	Fe57_CPS	Co59_CPS	Ni60_CPS	Ga71_CPS	Zr90_CPS	Nb93_CPS	Mo97_CPS	In113_CPS	Sn119_CPS	Sn118_CPS	Sb121_CPS	Hf177_CPS	Ta181_CPS	W183_CPS	Pb206_CPS	Th232_CPS	U238_CPS	Tc97_CPS	Cd113_CPS	U232_CPS	Pu238_CPS
0	87.18861	114.6406	-560.2988	-38.07825	7.117439	-388.7544	-707.4733	-67.97156	-309.9644	-53.73666	-17.08185	-6.049822	-5.338078	-17.08185	7870.395	-356.2278	-31.6726	-4.270463	-6.049822	-6.049822	-17.43772	95.37366	-8.185054	-5.338078	-17.08185	95.37366	-8.185054
																											
9.06	-12.81139	1014.641	1339.701	761.9218	7.117439	-1889.754	-407.4733	332.0284	390.0356	-53.73666	-17.08185	-6.049822	-5.338078	-17.08185	-130.605	73652.77	-31.6726	-4.270463	-6.049822	-6.049822	-17.43772	-4.626335	-8.185054	-5.338078	-17.08185	-4.626335	-8.185054
9.35	-12.81139	714.6406	-360.2988	-238.0782	7.117439	-288.7544	-207.4733	232.0284	-909.9644	46.26334	-17.08185	-6.049822	-5.338078	-17.08185	2269.395	143.7722	-31.6726	-4.270463	-6.049822	-6.049822	-17.43772	95.37366	-8.185054	-5.338078	-17.08185	95.37366	-8.185054
9.63	-12.81139	714.6406	-460.2988	-538.0782	-92.88256	-1889.754	-407.4733	232.0284	-109.9644	346.2633	-17.08185	-6.049822	94.66192	-17.08185	169.395	43.77225	-31.6726	-4.270463	-6.049822	-6.049822	-17.43772	-4.626335	-8.185054	94.66192	-17.08185	-4.626335	-8.185054
9.92	87.18861	414.6406	-160.2988	361.9218	-92.88256	11.24561	192.5267	32.02844	790.0356	-53.73666	-17.08185	-6.049822	-5.338078	-17.08185	69.39502	-356.2278	-31.6726	-4.270463	-6.049822	-6.049822	182.5623	-4.626335	-8.185054	-5.338078	-17.08185	-4.626335	-8.185054
10.2	-12.81139	-885.3594	-560.2988	461.9218	-92.88256	-1289.754	692.5267	132.0284	-409.9644	46.26334	82.91815	-6.049822	-5.338078	-17.08185	-30.60498	60918.77	-31.6726	-4.270463	-6.049822	-6.049822	-17.43772	-4.626335	-8.185054	-5.338078	-17.08185	-4.626335	-8.185054
10.49	-12.81139	514.6406	-560.2988	361.9218	207.1174	-1989.754	292.5267	32.02844	90.03564	46.26334	-17.08185	-6.049822	-5.338078	-17.08185	69.39502	-56.22775	68.3274	-4.270463	-6.049822	-6.049822	-17.43772	-4.626335	-8.185054	-5.338078	-17.08185	-4.626335	-8.185054
10.78	87.18861	814.6406	-160.2988	361.9218	-92.88256	-889.7544	-407.4733	-467.9716	-809.9644	146.2633	82.91815	-6.049822	94.66192	-17.08185	-30.60498	55505.77	68.3274	-4.270463	-6.049822	-6.049822	82.56228	-4.626335	-8.185054	94.66192	-17.08185	-4.626335	-8.185054
11.06	-12.81139	914.6406	-1661.299	-138.0782	7.117439	-989.7544	592.5267	-267.9716	290.0356	-53.73666	82.91815	-6.049822	-5.338078	82.91815	-30.60498	43.77225	-31.6726	-4.270463	-6.049822	-6.049822	82.56228	95.37366	-8.185054	-5.338078	82.91815	95.37366	-8.185054
11.35	87.18861	614.6406	339.7012	-138.0782	-92.88256	-1689.754	-107.4733	-367.9716	490.0356	46.26334	-17.08185	-6.049822	-5.338078	-17.08185	-30.60498	43.77225	-31.6726	-4.270463	-6.049822	-6.049822	-17.43772	-4.626335	-8.185054	-5.338078	-17.08185	-4.626335	-8.185054
11.63	-12.81139	1214.641	-1061.299	-38.07825	7.117439	-2289.754	-507.4733	-167.9716	290.0356	46.26334	82.91815	-6.049822	-5.338078	-17.08185	69.39502	-156.2278	-31.6726	-4.270463	-6.049822	-6.049822	-17.43772	-4.626335	-8.185054	-5.338078	-17.08185	-4.626335	-8.185054
11.91	87.18861	1314.641	-360.2988	161.9218	7.117439	311.2456	-507.4733	132.0284	-9.964355	-53.73666	-17.08185	-6.049822	-5.338078	-17.08185	-30.60498	-256.2278	-31.6726	-4.270463	-6.049822	-6.049822	-17.43772	95.37366	-8.185054	-5.338078	-17.08185	95.37366	-8.185054
12.2	-12.81139	214.6406	-160.2988	161.9218	-92.88256	-1189.754	-807.4733	-167.9716	-109.9644	146.2633	-17.08185	-6.049822	-5.338078	-17.08185	30688.39	243.7722	-31.6726	-4.270463	-6.049822	-6.049822	-17.43772	-4.626335	-8.185054	-5.338078	-17.08185	-4.626335	-8.185054
12.48	-12.81139	1214.641	39.70117	261.9218	107.1174	-488.7544	-307.4733	132.0284	-509.9644	46.26334	-17.08185	-6.049822	-5.338078	-17.08185	69.39502	-156.2278	-31.6726	-4.270463	-6.049822	-6.049822	-17.43772	-4.626335	-8.185054	-5.338078	-17.08185	-4.626335	-8.185054
12.77	-12.81139	14.64062	-60.29883	-38.07825	-92.88256	-588.7544	-607.4733	-67.97156	290.0356	-53.73666	82.91815	-6.049822	-5.338078	-17.08185	-30.60498	-56.22775	-31.6726	-4.270463	-6.049822	-6.049822	-17.43772	-4.626335	-8.185054	-5.338078	-17.08185	-4.626335	-8.185054
13.05	-12.81139	714.6406	-1561.299	361.9218	-92.88256	-2389.754	-7.473267	232.0284	290.0356	246.2633	-17.08185	-6.049822	-5.338078	-17.08185	2469.395	-56.22775	-31.6726	-4.270463	93.95018	-6.049822	-17.43772	-4.626335	-8.185054	-5.338078	-17.08185	-4.626335	-8.185054
13.34	-12.81139	1814.641	-160.2988	-38.07825	7.117439	-989.7544	-507.4733	32.02844	490.0356	46.26334	-17.08185	-6.049822	94.66192	-17.08185	-30.60498	-56.22775	-31.6726	-4.270463	-6.049822	-6.049822	-17.43772	-4.626335	-8.185054	94.66192	-17.08185	-4.626335	-8.185054
13.62	-12.81139	314.6406	-861.2988	361.9218	-92.88256	-989.7544	-507.4733	-267.9716	-309.9644	-53.73666	-17.08185	-6.049822	-5.338078	82.91815	569.395	-56.22775	-31.6726	-4.270463	93.95018	-6.049822	-17.43772	-4.626335	-8.185054	-5.338078	82.91815	-4.626335	-8.185054
13.91	-12.81139	1314.641	139.7012	361.9218	-92.88256	111.2456	-307.4733	-267.9716	-209.9644	46.26334	-17.08185	-6.049822	-5.338078	-17.08185	-30.60498	4944.772	-31.6726	-4.270463	-6.049822	-6.049822	-17.43772	-4.626335	-8.185054	-5.338078	-17.08185	-4.626335	-8.185054
14.19	-12.81139	714.6406	-761.2988	861.9218	-92.88256	-989.7544	-307.4733	32.02844	590.0356	46.26334	-17.08185	93.95018	-5.338078	-17.08185	-130.605	-356.2278	-31.6726	-4.270463	-6.049822	-6.049822	-17.43772	-4.626335	-8.185054	-5.338078	-17.08185	-4.626335	-8.185054
14.48	-12.81139	-185.3594	39.70117	461.9218	7.117439	11.24561	-507.4733	-167.9716	-9.964355	46.26334	-17.08185	-6.049822	-5.338078	-17.08185	18876.39	443.7722	68.3274	-4.270463	-6.049822	-6.049822	-17.43772	95.37366	91.81495	-5.338078	-17.08185	95.37366	91.81495
14.77	-12.81139	1614.641	-2461.299	-138.0782	-92.88256	-2389.754	-507.4733	-67.97156	90.03564	-53.73666	-17.08185	-6.049822	-5.338078	-17.08185	2569.395	-156.2278	-31.6726	-4.270463	-6.049822	-6.049822	-17.43772	-4.626335	-8.185054	-5.338078	-17.08185	-4.626335	-8.185054
15.05	-12.81139	414.6406	139.7012	-138.0782	-92.88256	-1489.754	-607.4733	-167.9716	490.0356	-53.73666	-17.08185	-6.049822	-5.338078	-17.08185	18076.39	143.7722	-31.6726	-4.270463	-6.049822	93.95018	-17.43772	-4.626335	-8.185054	-5.338078	-17.08185	-4.626335	-8.185054
15.33	-12.81139	1914.641	139.7012	-238.0782	-92.88256	-1089.754	-107.4733	432.0284	-109.9644	46.26334	-17.08185	-6.049822	-5.338078	-17.08185	-130.605	43.77225	-31.6726	-4.270463	-6.049822	-6.049822	-17.43772	-4.626335	-8.185054	-5.338078	-17.08185	-4.626335	-8.185054
15.62	-12.81139	-1386.359	-1161.299	-38.07825	7.117439	-1589.754	-407.4733	-267.9716	490.0356	-53.73666	-17.08185	-6.049822	-5.338078	-17.08185	-30.60498	-56.22775	68.3274	-4.270463	-6.049822	-6.049822	-17.43772	95.37366	-8.185054	-5.338078	-17.08185	95.37366	-8.185054
15.9	87.18861	814.6406	-660.2988	61.92175	107.1174	-1489.754	-7.473267	-67.97156	290.0356	-53.73666	-17.08185	-6.049822	-5.338078	82.91815	-130.605	543.7722	-31.6726	-4.270463	-6.049822	93.95018	-17.43772	-4.626335	-8.185054	-5.338078	82.91815	-4.626335	-8.185054
16.19	-12.81139	-285.3594	-360.2988	361.9218	-92.88256	-1189.754	-7.473267	-167.9716	290.0356	146.2633	-17.08185	-6.049822	-5.338078	82.91815	-130.605	43181.77	-31.6726	-4.270463	-6.049822	-6.049822	-17.43772	-4.626335	-8.185054	-5.338078	82.91815	-4.626335	-8.185054
16.47	87.18861	714.6406	-560.2988	61.92175	107.1174	-789.7544	-207.4733	132.0284	690.0356	-53.73666	-17.08185	-6.049822	-5.338078	-17.08185	69.39502	-56.22775	-31.6726	-4.270463	-6.049822	-6.049822	82.56228	-4.626335	-8.185054	-5.338078	-17.08185	-4.626335	-8.185054
16.76	-12.81139	814.6406	-160.2988	461.9218	-92.88256	-689.7544	-807.4733	-267.9716	90.03564	46.26334	82.91815	-6.049822	-5.338078	-17.08185	-30.60498	-156.2278	-31.6726	-4.270463	-6.049822	-6.049822	-17.43772	-4.626335	-8.185054	-5.338078	-17.08185	-4.626335	-8.185054
17.04	-12.81139	1514.641	-560.2988	361.9218	7.117439	-889.7544	-307.4733	332.0284	-9.964355	46.26334	-17.08185	-6.049822	-5.338078	-17.08185	-30.60498	43.77225	-31.6726	-4.270463	-6.049822	-6.049822	-17.43772	-4.626335	-8.185054	-5.338078	-17.08185	-4.626335	-8.185054
17.33	-12.81139	2114.641	-1061.299	-38.07825	-92.88256	-2189.754	-307.4733	232.0284	-109.9644	46.26334	182.9182	-6.049822	-5.338078	-17.08185	-130.605	-356.2278	68.3274	95.72954	-6.049822	-6.049822	-17.43772	-4.626335	191.8149	-5.338078	-17.08185	-4.626335	191.8149
17.61	-12.81139	514.6406	739.7012	-438.0782	7.117439	11.24561	-707.4733	332.0284	90.03564	-53.73666	82.91815	-6.049822	-5.338078	-17.08185	69.39502	-156.2278	-31.6726	-4.270463	-6.049822	-6.049822	-17.43772	-4.626335	-8.185054	-5.338078	-17.08185	-4.626335	-8.185054
17.9	-12.81139	914.6406	-1861.299	161.9218	-92.88256	-2589.754	-607.4733	-367.9716	-409.9644	46.26334	82.91815	-6.049822	-5.338078	-17.08185	-130.605	-56.22775	-31.6726	-4.270463	-6.049822	-6.049822	-17.43772	-4.626335	-8.185054	-5.338078	-17.08185	-4.626335	-8.185054
18.18	-12.81139	1714.641	-961.2988	-638.0782	-92.88256	-588.7544	-7.473267	332.0284	-109.9644	46.26334	-17.08185	-6.049822	-5.338078	-17.08185	69.39502	43.77225	-31.6726	-4.270463	-6.049822	-6.049822	-17.43772	-4.626335	-8.185054	-5.338078	-17.08185	-4.626335	-8.185054
18.47	-12.81139	914.6406	-260.2988	61.92175	7.117439	-288.7544	-207.4733	432.0284	590.0356	-53.73666	-17.08185	-6.049822	-5.338078	-17.08185	-30.60498	-156.2278	-31.6726	-4.270463	-6.049822	-6.049822	-17.43772	-4.626335	-8.185054	-5.338078	-17.08185	-4.626335	-8.185054
18.76	87.18861	1214.641	-761.2988	-438.0782	-92.88256	-1489.754	92.52673	-367.9716	-709.9644	-53.73666	-17.08185	-6.049822	-5.338078	-17.08185	169.395	-156.2278	68.3274	-4.270463	-6.049822	-6.049822	-17.43772	-4.626335	-8.185054	-5.338078	-17.08185	-4.626335	-8.185054
19.04	-12.81139	1114.641	-2061.299	-338.0782	107.1174	-1189.754	-307.4733	432.0284	490.0356	-53.73666	-17.08185	-6.049822	-5.338078	-17.08185	14273.39	-256.2278	-31.6726	-4.270463	-6.049822	-6.049822	-17.43772	-4.626335	-8.185054	-5.338078	-17.08185	-4.626335	-8.185054
19.33	-12.81139	2815.641	-761.2988	-338.0782	107.1174	-288.7544	-507.4733	-267.9716	290.0356	-53.73666	-17.08185	-6.049822	-5.338078	-17.08185	-30.60498	-156.2278	-31.6726	-4.270463	-6.049822	-6.049822	-17.43772	-4.626335	-8.185054	-5.338078	-17.08185	-4.626335	-8.185054
19.61	-12.81139	1514.641	-861.2988	-238.0782	-92.88256	-1889.754	-507.4733	-67.97156	790.0356	46.26334	-17.08185	-6.049822	-5.338078	-17.08185	-30.60498	-256.2278	-31.6726	-4.270463	-6.049822	-6.049822	-17.43772	-4.626335	-8.185054	-5.338078	-17.08185	-4.626335	-8.185054
19.89	-12.81139	-1686.359	-761.2988	-138.0782	-92.88256	-1289.754	-507.4733	-467.9716	390.0356	-53.73666	-17.08185	-6.049822	94.66192	-17.08185	-30.60498	-156.2278	-31.6726	-4.270463	-6.049822	-6.049822	82.56228	-4.626335	-8.185054	94.66192	-17.08185	-4.626335	-8.185054
20.18	-12.81139	614.6406	-1861.299	361.9218	-92.88256	-1489.754	-107.4733	-267.9716	690.0356	46.26334	-17.08185	-6.049822	-5.338078	-17.08185	-30.60498	43.77225	-31.6726	-4.270463	-6.049822	-6.049822	-17.43772	-4.626335	-8.185054	-5.338078	-17.08185	-4.626335	-8.185054
20.47	-12.81139	614.6406	-761.2988	-238.0782	7.117439	-1389.754	-807.4733	-67.97156	190.0356	46.26334	-17.08185	-6.049822	-5.338078	-17.08185	-130.605	443.7722	-31.6726	-4.270463	-6.049822	-6.049822	-17.43772	95.37366	-8.185054	-5.338078	-17.08185	95.37366	-8.185054
20.75	-12.81139	-185.3594	-260.2988	-38.07825	7.117439	-2089.754	-807.4733	432.0284	790.0356	-53.73666	82.91815	-6.049822	-5.338078	-17.08185	-130.605	-356.2278	-31.6726	-4.270463	-6.049822	-6.049822	-17.43772	-4.626335	-8.185054	-5.338078	-17.08185	-4.626335	-8.185054
21.04	-12.81139	-1386.359	-160.2988	61.92175	7.117439	-1889.754	192.5267	-367.9716	-109.9644	-53.73666	82.91815	-6.049822	-5.338078	-17.08185	-30.60498	5444.772	-31.6726	-4.270463	-6.049822	-6.049822	82.56228	-4.626335	-8.185054	-5.338078	-17.08185	-4.626335	-8.185054
21.32	-12.81139	314.6406	-1761.299	-38.07825	-92.88256	-889.7544	-107.4733	-167.9716	-209.9644	46.26334	-17.08185	-6.049822	-5.338078	-17.08185	-30.60498	143.7722	-31.6726	-4.270463	-6.049822	-6.049822	-17.43772	-4.626335	-8.185054	-5.338078	-17.08185	-4.626335	-8.185054
21.61	-12.81139	514.6406	-1061.299	-38.07825	7.117439	-1589.754	92.52673	-67.97156	-109.9644	-53.73666	-17.08185	-6.049822	-5.338078	-17.08185	-30.60498	243.7722	-31.6726	-4.270463	-6.049822	-6.049822	-17.43772	-4.626335	-8.185054	-5.338078	-17.08185	-4.626335	-8.185054
21.89	-12.81139	714.6406	-1261.299	-138.0782	7.117439	-2589.754	-707.4733	32.02844	590.0356	46.26334	82.91815	-6.049822	-5.338078	-17.08185	-130.605	-56.22775	-31.6726	-4.270463	93.95018	-6.049822	82.56228	-4.626335	-8.185054	-5.338078	-17.08185	-4.626335	-8.185054
22.18	87.18861	114.6406	-1261.299	-238.0782	-92.88256	-789.7544	92.52673	132.0284	90.03564	-53.73666	-17.08185	-6.049822	-5.338078	-17.08185	-30.60498	-156.2278	-31.6726	-4.270463	-6.049822	-6.049822	-17.43772	-4.626335	-8.185054	-5.338078	-17.08185	-4.626335	-8.185054
22.46	-12.81139	114.6406	-761.2988	-538.0782	107.1174	-689.7544	-507.4733	432.0284	-209.9644	46.26334	-17.08185	-6.049822	-5.338078	-17.08185	-130.605	-156.2278	-31.6726	-4.270463	-6.049822	-6.049822	-17.43772	-4.626335	-8.185054	-5.338078	-17.08185	-4.626335	-8.185054
22.75	-12.81139	-85.35938	-1561.299	-138.0782	7.117439	-388.7544	-407.4733	-67.97156	90.03564	246.2633	-17.08185	-6.049822	-5.338078	-17.08185	-30.60498	-56.22775	-31.6726	95.72954	-6.049822	-6.049822	-17.43772	-4.626335	-8.185054	-5.338078	-17.08185	-4.626335	-8.185054
23.03	-12.81139	714.6406	-861.2988	-38.07825	7.117439	-488.7544	-707.4733	-167.9716	890.0356	146.2633	82.91815	-6.049822	94.66192	-17.08185	-30.60498	-56.22775	-31.6726	-4.270463	-6.049822	-6.049822	-17.43772	-4.626335	-8.185054	94.66192	-17.08185	-4.626335	-8.185054
23.32	-12.81139	-85.35938	-560.2988	461.9218	-92.88256	-989.7544	-807.4733	-67.97156	-109.9644	246.2633	82.91815	-6.049822	-5.338078	-17.08185	-130.605	43.77225	-31.6726	-4.270463	-6.049822	-6.049822	-17.43772	-4.626335	-8.185054	-5.338078	-17.08185	-4.626335	-8.185054
23.6	-12.81139	814.6406	-560.2988	661.9218	7.117439	-1589.754	592.5267	232.0284	490.0356	46.26334	-17.08185	-6.049822	-5.338078	-17.08185	-130.605	-56.22775	-31.6726	-4.270463	-6.049822	-6.049822	-17.43772	-4.626335	-8.185054	-5.338078	-17.08185	-4.626335	-8.185054
23.89	-12.81139	1014.641	739.7012	-438.0782	7.117439	-1189.754	-607.4733	-267.9716	90.03564	-53.73666	-17.08185	-6.049822	-5.338078	82.91815	-30.60498	-156.2278	68.3274	-4.270463	-6.049822	-6.049822	-17.43772	-4.626335	91.81495	-5.338078	82.91815	-4.626335	91.81495
24.17	-12.81139	1214.641	-260.2988	-238.0782	107.1174	-188.7544	-207.4733	-167.9716	690.0356	146.2633	82.91815	-6.049822	-5.338078	-17.08185	69.39502	43.77225	-31.6726	-4.270463	-6.049822	-6.049822	-17.43772	-4.626335	-8.185054	-5.338078	-17.08185	-4.626335	-8.185054
24.46	-12.81139	-585.3594	-1061.299	-238.0782	-92.88256	-1389.754	-207.4733	132.0284	-109.9644	46.26334	-17.08185	-6.049822	-5.338078	-17.08185	-30.60498	-156.2278	-31.6726	-4.270463	-6.049822	-6.049822	-17.43772	-4.626335	-8.185054	-5.338078	-17.08185	-4.626335	-8.185054
24.74	-12.81139	-485.3594	-660.2988	261.9218	-92.88256	-1289.754	192.5267	232.0284	190.0356	-53.73666	-17.08185	-6.049822	-5.338078	-17.08185	-30.60498	143.7722	168.3274	-4.270463	-6.049822	-6.049822	-17.43772	-4.626335	-8.185054	-5.338078	-17.08185	-4.626335	-8.185054
25.03	-12.81139	1814.641	-1061.299	461.9218	107.1174	-2589.754	-407.4733	-67.97156	-209.9644	46.26334	-17.08185	-6.049822	-5.338078	-17.08185	-30.60498	143.7722	68.3274	-4.270463	93.95018	-6.049822	-17.43772	-4.626335	-8.185054	-5.338078	-17.08185	-4.626335	-8.185054
25.31	-12.81139	314.6406	-360.2988	461.9218	-92.88256	-488.7544	192.5267	-67.97156	390.0356	46.26334	82.91815	-6.049822	-5.338078	82.91815	-130.605	-56.22775	-31.6726	-4.270463	-6.049822	-6.049822	-17.43772	-4.626335	-8.185054	-5.338078	82.91815	-4.626335	-8.185054
25.6	87.18861	714.6406	-160.2988	61.92175	7.117439	-1289.754	792.5267	332.0284	590.0356	246.2633	-17.08185	-6.049822	-5.338078	-17.08185	69.39502	643.7722	68.3274	-4.270463	-6.049822	-6.049822	-17.43772	-4.626335	-8.185054	-5.338078	-17.08185	-4.626335	-8.185054
25.88	-12.81139	614.6406	39.70117	-538.0782	-92.88256	-1589.754	-307.4733	32.02844	-9.964355	-53.73666	82.91815	-6.049822	-5.338078	-17.08185	-30.60498	78768.77	-31.6726	-4.270463	-6.049822	-6.049822	-17.43772	-4.626335	-8.185054	-5.338078	-17.08185	-4.626335	-8.185054
26.17	-12.81139	614.6406	-1161.299	261.9218	-92.88256	-1189.754	-7.473267	-167.9716	790.0356	-53.73666	-17.08185	-6.049822	-5.338078	-17.08185	61144.39	143.7722	-31.6726	-4.270463	-6.049822	-6.049822	-17.43772	-4.626335	-8.185054	-5.338078	-17.08185	-4.626335	-8.185054
26.45	-12.81139	1514.641	39.70117	-338.0782	107.1174	-989.7544	-507.4733	332.0284	-309.9644	-53.73666	82.91815	-6.049822	-5.338078	82.91815	669.395	243.7722	68.3274	-4.270463	-6.049822	-6.049822	-17.43772	-4.626335	-8.185054	-5.338078	82.91815	-4.626335	-8.185054
26.74	-12.81139	-885.3594	-160.2988	-238.0782	-92.88256	411.2456	-7.473267	-267.9716	490.0356	146.2633	-17.08185	-6.049822	94.66192	-17.08185	-130.605	343.7722	-31.6726	-4.270463	-6.049822	-6.049822	-17.43772	-4.626335	-8.185054	94.66192	-17.08185	-4.626335	-8.185054
27.02	-12.81139	1014.641	-1261.299	61.92175	7.117439	-2289.754	-307.4733	232.0284	690.0356	-53.73666	82.91815	-6.049822	-5.338078	-17.08185	-130.605	-256.2278	-31.6726	-4.270463	-6.049822	-6.049822	-17.43772	-4.626335	-8.185054	-5.338078	-17.08185	-4.626335	-8.185054
27.31	-12.81139	914.6406	-1161.299	-738.0782	7.117439	-889.7544	-407.4733	-67.97156	-9.964355	-53.73666	-17.08185	-6.049822	-5.338078	-17.08185	69.39502	143.7722	-31.6726	-4.270463	-6.049822	-6.049822	-17.43772	-4.626335	-8.185054	-5.338078	-17.08185	-4.626335	-8.185054
27.59	-12.81139	2815.641	539.7012	-138.0782	-92.88256	11.24561	-307.4733	132.0284	-409.9644	-53.73666	82.91815	-6.049822	-5.338078	-17.08185	-30.60498	-156.2278	68.3274	-4.270463	-6.049822	-6.049822	82.56228	-4.626335	91.81495	-5.338078	-17.08185	-4.626335	91.81495
27.88	-12.81139	714.6406	239.7012	-338.0782	107.1174	-1189.754	292.5267	132.0284	90.03564	146.2633	-17.08185	-6.049822	-5.338078	82.91815	-30.60498	-156.2278	68.3274	-4.270463	-6.049822	-6.049822	82.56228	-4.626335	-8.185054	-5.338078	82.91815	-4.626335	-8.185054
28.16	87.18861	1714.641	-460.2988	-338.0782	-92.88256	-2089.754	392.5267	232.0284	-109.9644	46.26334	-17.08185	-6.049822	-5.338078	-17.08185	-130.605	-56.22775	-31.6726	-4.270463	-6.049822	-6.049822	-17.43772	-4.626335	-8.185054	-5.338078	-17.08185	-4.626335	-8.185054
28.45	-12.81139	14.64062	739.7012	-438.0782	307.1174	-2489.754	-107.4733	-67.97156	-509.9644	-53.73666	-17.08185	-6.049822	-5.338078	-17.08185	69.39502	-56.22775	-31.6726	-4.270463	-6.049822	-6.049822	-17.43772	-4.626335	-8.185054	-5.338078	-17.08185	-4.626335	-8.185054
28.73	-12.81139	514.6406	839.7012	-238.0782	207.1174	-1189.754	-307.4733	132.0284	90.03564	46.26334	82.91815	-6.049822	-5.338078	-17.08185	169.395	-156.2278	-31.6726	-4.270463	-6.049822	-6.049822	-17.43772	-4.626335	91.81495	-5.338078	-17.08185	-4.626335	91.81495
29.02	-12.81139	414.6406	-360.2988	761.9218	-92.88256	-689.7544	92.52673	132.0284	490.0356	-53.73666	-17.08185	-6.049822	-5.338078	-17.08185	-130.605	-56.22775	-31.6726	-4.270463	-6.049822	-6.049822	-17.43772	-4.626335	-8.185054	-5.338078	-17.08185	-4.626335	-8.185054
29.3	-12.81139	1314.641	-761.2988	261.9218	7.117439	-2189.754	-707.4733	132.0284	190.0356	-53.73666	-17.08185	-6.049822	-5.338078	-17.08185	-30.60498	-156.2278	-31.6726	-4.270463	-6.049822	-6.049822	-17.43772	-4.626335	-8.185054	-5.338078	-17.08185	-4.626335	-8.185054
29.59	-12.81139	714.6406	-1461.299	-238.0782	-92.88256	-1989.754	792.5267	-267.9716	490.0356	-53.73666	-17.08185	-6.049822	-5.338078	82.91815	69.39502	443.7722	-31.6726	-4.270463	-6.049822	-6.049822	-17.43772	-4.626335	-8.185054	-5.338078	82.91815	-4.626335	-8.185054
29.87	-12.81139	714.6406	-961.2988	-138.0782	-92.88256	-1289.754	-307.4733	-267.9716	590.0356	46.26334	-17.08185	-6.049822	-5.338078	-17.08185	-30.60498	-56.22775	-31.6726	-4.270463	-6.049822	-6.049822	82.56228	-4.626335	-8.185054	-5.338078	-17.08185	-4.626335	-8.185054
30.16	-12.81139	1214.641	139.7012	61.92175	7.117439	-789.7544	-307.4733	232.0284	390.0356	46.26334	-17.08185	-6.049822	-5.338078	-17.08185	-30.60498	-256.2278	-31.6726	-4.270463	-6.049822	-6.049822	82.56228	-4.626335	-8.185054	-5.338078	-17.08185	-4.626335	-8.185054
30.44	87.18861	160569.6	-660.2988	-38.07825	7.117439	3712.246	80528.52	-67.97156	-709.9644	246.2633	882.9182	293.9502	-5.338078	-17.08185	98262.4	197221.8	68.3274	-4.270463	493.9502	593.9502	782.5623	-4.626335	291.8149	-5.338078	-17.08185	-4.626335	291.8149
30.73	287.1886	2602156	-861.2988	261.9218	107.1174	31738.25	249853.5	-167.9716	-109.9644	3546.263	2782.918	393.9502	-5.338078	-17.08185	136139.4	235854.8	-31.6726	-4.270463	293.9502	293.9502	1182.562	-4.626335	591.8149	-5.338078	-17.08185	-4.626335	591.8149
31.01	287.1886	4832246	1539.701	161.9218	107.1174	46064.25	383134.5	-267.9716	90.03564	3446.263	4082.918	693.9502	-5.338078	82.91815	100371.4	240195.8	-31.6726	95.72954	193.9502	293.9502	982.5623	-4.626335	291.8149	-5.338078	82.91815	-4.626335	291.8149
31.3	87.18861		1139.701	-38.07825	107.1174	50473.25	421853.5	132.0284	190.0356	2946.263	4382.918	493.9502	-5.338078	-17.08185	94749.4	255445.8	-31.6726	295.7295	193.9502	493.9502	2682.562	95.37366	391.8149	-5.338078	-17.08185	95.37366	391.8149
31.58	287.1886		1639.701	-238.0782	507.1174	72933.24	550529.5	132.0284	290.0356	5247.263	5583.918	593.9502	-5.338078	-17.08185	94749.4	257061.8	-31.6726	495.7295	93.95018	593.9502	782.5623	95.37366	291.8149	-5.338078	-17.08185	95.37366	291.8149
31.87	187.1886		2339.701	61.92175	407.1174	65511.25	625261.5	32.02844	-409.9644	4446.263	6183.918	793.9502	-5.338078	-17.08185	96756.4	277579.8	168.3274	95.72954	393.9502	1293.95	1482.562	195.3737	591.8149	-5.338078	-17.08185	195.3737	591.8149
32.15	387.1886		1139.701	361.9218	207.1174	59796.25	652856.5	232.0284	490.0356	4946.263	6283.918	493.9502	-5.338078	82.91815	112671.4	293561.8	-31.6726	95.72954	493.9502	793.9502	882.5623	-4.626335	491.8149	-5.338078	82.91815	-4.626335	491.8149
32.44	187.1886		1039.701	1261.922	707.1174	76746.24	659938.5	132.0284	-109.9644	3546.263	7083.918	793.9502	-5.338078	-17.08185	160785.4	337409.8	168.3274	95.72954	893.9502	5294.95	1582.562	95.37366	291.8149	-5.338078	-17.08185	95.37366	291.8149
32.72	-12.81139		1239.701	961.9218	107.1174	73535.24	675856.5	-67.97156	790.0356	6247.263	6483.918	1093.95	-5.338078	182.9182	123474.4	333558.8	-31.6726	495.7295	493.9502	593.9502	1282.562	195.3737	791.8149	-5.338078	182.9182	195.3737	791.8149
33.02	187.1886		2239.701	861.9218	507.1174	67517.24	691784.5	332.0284	390.0356	4246.263	6683.918	293.9502	-5.338078	-17.08185	152433.4	268603.8	-31.6726	295.7295	293.9502	593.9502	1082.562	95.37366	891.8149	-5.338078	-17.08185	95.37366	891.8149
33.3	387.1886		1939.701	1161.922	407.1174	71328.24	752506.5	332.0284	-9.964355	5447.263	6483.918	593.9502	194.6619	-17.08185	132520.4	282759.8	-31.6726	395.7295	593.9502	1593.95	1682.562	195.3737	91.81495	194.6619	-17.08185	195.3737	91.81495
33.6	187.1886		639.7012	461.9218	407.1174	81060.24	675343.5	232.0284	190.0356	4346.263	8684.918	993.9502	-5.338078	-17.08185	154972.4	408357.8	-31.6726	95.72954	493.9502	893.9502	1682.562	95.37366	491.8149	-5.338078	-17.08185	95.37366	491.8149
33.88	487.1886		1439.701	861.9218	607.1174	90796.24	676986.5	32.02844	490.0356	6647.263	5983.918	993.9502	-5.338078	82.91815	171053.4	441921.8	68.3274	95.72954	793.9502	693.9502	982.5623	95.37366	591.8149	-5.338078	82.91815	95.37366	591.8149
34.17	87.18861		3640.701	561.9218	807.1174	78351.24	659014.5	232.0284	490.0356	6347.263	6583.918	993.9502	94.66192	-17.08185	141569.4	424726.8	68.3274	-4.270463	593.9502	2093.95	782.5623	-4.626335	191.8149	94.66192	-17.08185	-4.626335	191.8149
34.45	187.1886		4240.701	1161.922	507.1174	79455.24	710500.5	232.0284	-109.9644	4746.263	7483.918	693.9502	-5.338078	-17.08185	186967.4	565898.8	-31.6726	95.72954	93.95018	1593.95	1282.562	95.37366	791.8149	-5.338078	-17.08185	95.37366	791.8149
34.75	287.1886		3940.701	1261.922	907.1174	85978.24	555030.5	32.02844	-609.9644	7447.263	7783.918	1193.95	-5.338078	82.91815	303805.4	863219.8	68.3274	195.7295	493.9502	3693.95	1182.562	95.37366	691.8149	-5.338078	82.91815	95.37366	691.8149
35.03	1187.189		2839.701	561.9218	407.1174	86881.24	725318.5	-167.9716	-209.9644	5147.263	8383.918	1093.95	-5.338078	-17.08185	1330144	3299356	68.3274	-4.270463	593.9502	24105.95	1182.562	395.3737	1591.815	-5.338078	-17.08185	395.3737	1591.815
35.32	2187.189		1639.701	361.9218	507.1174	78351.24	740247.5	232.0284	-309.9644	5347.263	9484.918	893.9502	-5.338078	82.91815	2369466	6743966	-31.6726	295.7295	693.9502	44833.95	1982.562	95.37366	791.8149	-5.338078	82.91815	95.37366	791.8149
35.61	2487.189		3740.701	1761.922	707.1174	80358.24	779310.5	32.02844	190.0356	6447.263	8283.918	1493.95	-5.338078	-17.08185	2940510	7949662	168.3274	295.7295	193.9502	52448.95	1782.562	-4.626335	791.8149	-5.338078	-17.08185	-4.626335	791.8149
35.89	1887.189		3040.701	1461.922	1007.117	75843.24	731185.5	132.0284	-9.964355	6247.263	8083.918	1293.95	94.66192	182.9182	2402752	7126906	168.3274	195.7295	493.9502	39224.95	1282.562	295.3737	891.8149	94.66192	182.9182	295.3737	891.8149
36.18	1987.189		1639.701	1961.922	1707.117	86078.24	712557.5	332.0284	390.0356	5747.263	7583.918	1593.95	-5.338078	-17.08185	1819247	5567034	68.3274	95.72954	993.9502	29510.95	1682.562	-4.626335	591.8149	-5.338078	-17.08185	-4.626335	591.8149
36.46	587.1886		2439.701	1661.922	1107.117	72131.24	667434.5	-167.9716	-509.9644	5647.263	8583.918	1393.95	-5.338078	-17.08185	1526075	4801530	168.3274	295.7295	493.9502	22303.95	782.5623	-4.626335	1091.815	-5.338078	-17.08185	-4.626335	1091.815
36.75	1587.189		2439.701	1361.922	707.1174	78652.24	688598.5	332.0284	990.0356	4246.263	6883.918	793.9502	94.66192	-17.08185	1611387	4858229	68.3274	395.7295	193.9502	20601.95	1382.562	295.3737	491.8149	94.66192	-17.08185	295.3737	491.8149
37.04	1187.189		2539.701	1261.922	1607.117	81963.24	685104.5	-67.97156	-209.9644	5947.263	8083.918	1493.95	-5.338078	-17.08185	3950082	1.102959e+07	68.3274	595.7296	793.9502	15598.95	2382.562	95.37366	1091.815	-5.338078	-17.08185	95.37366	1091.815
37.32	1287.189		2239.701	3161.922	4107.118	99431.24	742925.5	532.0284	690.0356	8447.264	15487.92	1293.95	-5.338078	82.91815	1.905805e+07	4.716577e+07	268.3274	695.7296	293.9502	19601.95	5883.562	295.3737	2491.815	-5.338078	82.91815	295.3737	2491.815
37.61	2787.189		2039.701	9563.922	9509.117	85275.24	705151.5	532.0284	1290.036	7847.263	19690.92	1793.95	-5.338078	282.9182	3.101471e+07	8.17019e+07	168.3274	895.7296	193.9502	28009.95	7183.562	295.3737	1791.815	-5.338078	282.9182	295.3737	1791.815
37.89	6388.188		1939.701	16967.92	11410.12	77649.24	594113.5	1032.028	1490.036	7547.263	37110.92	1493.95	-5.338078	782.9182	5.585186e+07	1.556896e+08	268.3274	3095.729	493.9502	38322.95	9584.562	95.37366	2391.815	-5.338078	782.9182	95.37366	2391.815
38.18	5188.188		2239.701	22072.92	12910.12	63806.25	519881.5	1232.028	1690.036	8547.264	46325.92	1393.95	194.6619	382.9182	7.380246e+07	2.263006e+08	568.3274	4395.729	393.9502	32013.95	10284.56	395.3737	1791.815	194.6619	382.9182	395.3737	1791.815
38.47	6188.188		1639.701	35388.92	13010.12	51275.25	410567.5	1032.028	2790.036	8247.264	57648.92	1693.95	-5.338078	982.9182	8.619078e+07	2.12279e+08	268.3274	4695.729	593.9502	33916.95	11084.56	-4.626335	2091.815	-5.338078	982.9182	-4.626335	2091.815
38.75	9389.188	4766166	2339.701	34787.92	14311.12	38950.25	332818.5	1632.028	3390.036	7847.263	70983.92	293.9502	-5.338078	1482.918	1.083922e+08	3.184524e+08	368.3274	6496.729	693.9502	30111.95	11585.56	-4.626335	1591.815	-5.338078	1482.918	-4.626335	1591.815
39.04	5288.188	3721814	3240.701	39193.92	14311.12	29335.25	257935.5	1932.028	3090.036	6447.263	77201.92	693.9502	-5.338078	882.9182	1.127414e+08	3.264664e+08	468.3274	7996.729	393.9502	30512.95	11385.56	95.37366	1191.815	-5.338078	882.9182	95.37366	1191.815
39.32	7188.188	2953096	4240.701	41597.92	13511.12	26431.25	199298.5	2832.028	2890.036	7147.263	72788.92	893.9502	-5.338078	1782.918	1.187575e+08	2.884011e+08	268.3274	7096.729	493.9502	23804.95	11485.56	-4.626335	991.8149	-5.338078	1782.918	-4.626335	991.8149
39.61	5888.188	2394519	3740.701	38592.92	15412.12	17921.25	175318.5	2832.028	4291.036	5447.263	67373.92	1293.95	-5.338078	1582.918	1.315662e+08	3.12442e+08	268.3274	5296.729	193.9502	22603.95	15887.56	195.3737	1091.815	-5.338078	1582.918	195.3737	1091.815
39.9	7088.188	2234322	4340.701	41798.92	14711.12	15519.25	139591.5	2532.028	3591.036	7047.263	61357.92	393.9502	-5.338078	1082.918	1.240682e+08	3.885793e+08	768.3274	4895.729	293.9502	20301.95	11785.56	95.37366	591.8149	-5.338078	1082.918	95.37366	591.8149
40.18	5888.188	1687413	5541.701	36389.92	16713.12	16720.25	161122.5	2632.028	3190.036	7147.263	56145.92	93.95018	-5.338078	782.9182	1.281295e+08	3.605274e+08	668.3274	5396.729	193.9502	14897.95	14586.56	-4.626335	491.8149	-5.338078	782.9182	-4.626335	491.8149
40.47	5288.188	1462219	3340.701	33785.92	17213.12	12316.25	108033.5	2232.028	4591.036	9548.264	56546.92	193.9502	-5.338078	982.9182	1.336883e+08	3.404912e+08	768.3274	3295.729	293.9502	11796.95	12085.56	-4.626335	691.8149	-5.338078	982.9182	-4.626335	691.8149
40.75	5488.188	1094323	2940.701	30781.92	15912.12	8714.246	85545.52	2132.028	2990.036	10348.26	45323.92	593.9502	-5.338078	1382.918	1.265804e+08	3.865756e+08	268.3274	3095.729	593.9502	10495.95	13286.56	-4.626335	191.8149	-5.338078	1382.918	-4.626335	191.8149
41.04	7488.188	1048614	3140.701	31382.92	16913.12	6013.246	85244.52	2932.028	3090.036	9748.264	46024.92	393.9502	-5.338078	1082.918	1.298109e+08	3.925868e+08	168.3274	2895.729	593.9502	10995.95	13886.56	-4.626335	491.8149	-5.338078	1082.918	-4.626335	491.8149
41.33	5988.188	898187.6	4840.701	31382.92	20515.12	8014.246	88756.52	2932.028	3791.036	9448.264	45724.92	193.9502	94.66192	1282.918	1.378631e+08	4.026059e+08	468.3274	3295.729	1793.95	9395.95	13185.56	95.37366	1091.815	94.66192	1282.918	95.37366	1091.815
41.61	7088.188	843829.6	3240.701	29379.92	20215.12	10916.25	101204.5	3132.028	4591.036	13350.26	48429.92	593.9502	-5.338078	1482.918	1.303374e+08	3.82568e+08	968.3274	2395.729	1093.95	11496.95	13586.56	95.37366	591.8149	-5.338078	1482.918	95.37366	591.8149
41.9	8789.188	1001530	2139.701	29580.92	21216.12	13818.25	116673.5	2232.028	3190.036	9848.264	43019.92	393.9502	-5.338078	882.9182	1.291528e+08	3.184524e+08	868.3274	2395.729	593.9502	11796.95	10684.56	195.3737	591.8149	-5.338078	882.9182	195.3737	591.8149
42.18	6888.188	1196262	5340.701	28378.92	19114.12	11116.25	145525.5	2132.028	2090.036	11449.26	40515.92	493.9502	94.66192	482.9182	1.270041e+08	3.705457e+08	768.3274	1995.729	1093.95	16599.95	11885.56	-4.626335	1191.815	94.66192	482.9182	-4.626335	1191.815
42.47	7888.188	1494558	1339.701	25575.92	24319.12	17421.25	173102.5	2432.028	3991.036	11949.26	44522.92	893.9502	-5.338078	682.9182	1.220539e+08	2.803876e+08	868.3274	1695.729	1193.95	18800.95	11985.56	295.3737	1191.815	-5.338078	682.9182	295.3737	1191.815
42.75	8689.188	1735558	3040.701	27377.92	23118.12	21825.25	209482.5	2132.028	3090.036	9848.264	39914.92	693.9502	-5.338078	1582.918	1.197344e+08	3.424948e+08	168.3274	2495.729	593.9502	23704.95	11185.56	95.37366	991.8149	-5.338078	1582.918	95.37366	991.8149
43.04	7088.188	2304500	4340.701	23373.92	20315.12	23827.25	262685.5	2332.028	2990.036	8748.264	37210.92	893.9502	-5.338078	582.9182	1.135275e+08	3.46502e+08	668.3274	2195.729	1093.95	29210.95	9384.562	295.3737	891.8149	-5.338078	582.9182	295.3737	891.8149
43.33	7888.188	2808990	4240.701	24474.92	22117.12	31237.25	330690.5	1732.028	3290.036	9748.264	35808.92	893.9502	-5.338078	1282.918	1.11068e+08	3.505092e+08	568.3274	1995.729	993.9502	35118.95	8083.562	295.3737	1091.815	-5.338078	1282.918	295.3737	1091.815
43.61	7288.188	3537926	3940.701	21771.92	21016.12	42256.25	431110.5	1532.028	1690.036	9548.264	36509.92	393.9502	-5.338078	682.9182	1.014794e+08	2.563482e+08	368.3274	1995.729	493.9502	29911.95	8383.562	95.37366	1091.815	-5.338078	682.9182	95.37366	1091.815
43.9	6688.188	3655386	3040.701	17568.92	22317.12	41454.25	439149.5	1932.028	2790.036	9148.264	35607.92	893.9502	-5.338078	1182.918	8.739008e+07	2.54345e+08	1168.327	1995.729	693.9502	24805.95	7083.562	195.3737	1691.815	-5.338078	1182.918	195.3737	1691.815
44.19	5688.188	3949672	2439.701	16667.92	14411.12	55585.25	474794.5	2432.028	2390.036	8948.264	30601.92	1093.95	94.66192	782.9182	8.190265e+07	2.022638e+08	768.3274	2595.729	393.9502	23004.95	7083.562	195.3737	1191.815	94.66192	782.9182	195.3737	1191.815
44.47	6588.188	4474800	3140.701	13365.92	14011.12	47466.25	513960.5	2032.028	1890.036	9248.264	27297.92	593.9502	294.6619	282.9182	7.329862e+07	2.403226e+08	868.3274	1795.729	993.9502	18400.95	5683.562	295.3737	1091.815	294.6619	282.9182	295.3737	1091.815
44.76	4587.188	4737140	4040.701	12164.92	11910.12	62002.25	593192.5	1632.028	1990.036	7747.263	26096.92	693.9502	94.66192	482.9182	6.244716e+07	1.261548e+08	668.3274	1795.729	593.9502	19801.95	4982.562	-4.626335	1491.815	94.66192	482.9182	-4.626335	1491.815
45.04	5088.188		2940.701	12265.92	12410.12	66915.24	702066.5	732.0284	1690.036	9548.264	21992.92	893.9502	-5.338078	582.9182	5.364661e+07	1.461824e+08	368.3274	1495.729	693.9502	18900.95	4282.562	195.3737	791.8149	-5.338078	582.9182	195.3737	791.8149
45.33	4687.188		4240.701	8463.922	11210.12	79154.24	730670.5	832.0284	890.0356	8648.264	17488.92	993.9502	-5.338078	282.9182	4.428238e+07	1.214773e+08	368.3274	1095.729	193.9502	15498.95	3082.562	295.3737	1691.815	-5.338078	282.9182	295.3737	1691.815
45.62	4087.189		3840.701	8063.922	8208.117	72432.24	708854.5	1332.028	1190.036	6147.263	17088.92	693.9502	-5.338078	82.91815	3.452987e+07	1.010467e+08	168.3274	1195.729	493.9502	11896.95	3582.562	195.3737	691.8149	-5.338078	82.91815	195.3737	691.8149
45.9	2387.189		3240.701	6962.922	6508.118	73636.24	688290.5	332.0284	1290.036	7547.263	14386.92	993.9502	-5.338078	82.91815	2.872534e+07	7.670842e+07	168.3274	595.7296	693.9502	12896.95	2982.562	195.3737	491.8149	-5.338078	82.91815	195.3737	491.8149
46.19	2187.189		2439.701	4162.922	5308.118	84472.24	704020.5	1232.028	290.0356	7147.263	11985.92	1093.95	-5.338078	82.91815	2.304385e+07	6.145285e+07	68.3274	695.7296	393.9502	8594.95	2582.562	195.3737	291.8149	-5.338078	82.91815	195.3737	291.8149
46.47	1387.189		3440.701	5262.922	5708.118	75140.24	733553.5	232.0284	990.0356	4746.263	11785.92	893.9502	-5.338078	82.91815	1.884541e+07	4.847137e+07	68.3274	695.7296	293.9502	7894.95	2382.562	95.37366	991.8149	-5.338078	82.91815	95.37366	991.8149
46.76	1387.189		2239.701	2361.922	3707.117	80559.24	693943.5	832.0284	1290.036	6347.263	10184.92	793.9502	-5.338078	182.9182	1.405734e+07	4.159011e+07	268.3274	295.7295	293.9502	43431.95	2082.562	95.37366	1191.815	-5.338078	182.9182	95.37366	1191.815
47.04	2787.189		3640.701	2861.922	3507.117	80358.24	731082.5	-67.97156	490.0356	5747.263	10884.92	1693.95	-5.338078	-17.08185	1.574234e+07	4.216304e+07	68.3274	895.7296	693.9502	88851.95	2582.562	95.37366	1091.815	-5.338078	-17.08185	95.37366	1091.815
47.33	3487.189		2639.701	2461.922	3107.117	76445.24	736230.5	232.0284	890.0356	5147.263	11685.92	2393.95	-5.338078	82.91815	1.578483e+07	4.350979e+07	468.3274	195.7295	493.9502	155577	2482.562	95.37366	1291.815	-5.338078	82.91815	95.37366	1291.815
47.62	4487.188		2439.701	4662.922	3507.117	82365.24	725626.5	732.0284	290.0356	6047.263	11084.92	2793.95	94.66192	382.9182	1.59548e+07	4.626218e+07	168.3274	95.72954	493.9502	209266	1582.562	95.37366	1291.815	94.66192	382.9182	95.37366	1291.815
47.9	5488.188		2539.701	3961.922	3507.117	79154.24	708854.5	332.0284	390.0356	6947.263	11385.92	4193.95	-5.338078	82.91815	1.772573e+07	4.037294e+07	268.3274	895.7296	593.9502	239940	2382.562	95.37366	1291.815	-5.338078	82.91815	95.37366	1291.815
48.19	5488.188		2739.701	3461.922	4007.117	85576.24	724906.5	532.0284	-9.964355	7647.263	9784.918	2093.95	-5.338078	-17.08185	1.2359e+07	3.583728e+07	168.3274	395.7295	693.9502	164936	1282.562	395.3737	791.8149	-5.338078	-17.08185	395.3737	791.8149
48.47	6188.188		2039.701	2261.922	4607.118	87182.24	729126.5	32.02844	590.0356	5747.263	11185.92	2393.95	94.66192	282.9182	9431270	2.975113e+07	368.3274	595.7296	493.9502	145717	2182.562	295.3737	791.8149	94.66192	282.9182	295.3737	791.8149
48.76	4387.188		4240.701	2761.922	2307.117	83870.24	719348.5	432.0284	690.0356	5647.263	10184.92	2793.95	-5.338078	82.91815	8399365	2.200852e+07	168.3274	395.7295	493.9502	99691.95	1782.562	-4.626335	991.8149	-5.338078	82.91815	-4.626335	991.8149
49.04	3187.189		1439.701	2461.922	1707.117	90194.24	697644.5	132.0284	590.0356	7247.263	7683.918	1293.95	-5.338078	282.9182	5955096	1.52209e+07	68.3274	195.7295	493.9502	73802.95	2282.562	295.3737	691.8149	-5.338078	282.9182	295.3737	691.8149
49.33	3187.189		1139.701	2061.922	1907.117	82666.24	751166.5	732.0284	-309.9644	4946.263	8283.918	1693.95	-5.338078	-17.08185	5192492	1.561897e+07	168.3274	295.7295	593.9502	79218.95	1282.562	-4.626335	491.8149	-5.338078	-17.08185	-4.626335	491.8149
49.61	2087.189		1439.701	1561.922	1607.117	78451.24	739114.5	32.02844	-109.9644	6547.263	8383.918	1793.95	94.66192	182.9182	3921850	1.175384e+07	68.3274	295.7295	393.9502	41728.95	1182.562	-4.626335	1091.815	94.66192	182.9182	-4.626335	1091.815
49.9	1987.189		2039.701	1761.922	1007.117	83669.24	683460.5	232.0284	790.0356	5547.263	8884.918	1693.95	-5.338078	82.91815	3456064	9978994	168.3274	495.7295	393.9502	39124.95	2482.562	195.3737	591.8149	-5.338078	82.91815	195.3737	591.8149
50.18	1187.189		1339.701	1161.922	1907.117	80458.24	713998.5	32.02844	-209.9644	7147.263	6783.918	793.9502	94.66192	-17.08185	3018562	7892913	-31.6726	95.72954	393.9502	28409.95	2082.562	195.3737	791.8149	94.66192	-17.08185	195.3737	791.8149
50.47	1187.189		1239.701	861.9218	907.1174	77849.24	737054.5	532.0284	190.0356	7047.263	8684.918	1393.95	-5.338078	-17.08185	2228374	6474513	-31.6726	195.7295	193.9502	17099.95	1382.562	295.3737	1191.815	-5.338078	-17.08185	295.3737	1191.815
50.76	1187.189		2439.701	1761.922	1407.117	86078.24	728920.5	32.02844	-209.9644	5047.263	8083.918	1293.95	-5.338078	-17.08185	1861560	6531238	68.3274	95.72954	193.9502	18100.95	1882.562	195.3737	691.8149	-5.338078	-17.08185	195.3737	691.8149
51.05	387.1886		1339.701	1161.922	1407.117	92201.24	798297.5	-267.9716	-9.964355	5847.263	6183.918	993.9502	-5.338078	-17.08185	1240887	4801530	68.3274	295.7295	293.9502	18800.95	1482.562	95.37366	1191.815	-5.338078	-17.08185	95.37366	1191.815
51.34	787.1886		1439.701	1361.922	1007.117	86379.24	737054.5	-67.97156	90.03564	4646.263	6483.918	393.9502	94.66192	82.91815	1156259	3993678	-31.6726	495.7295	593.9502	13397.95	2282.562	195.3737	391.8149	94.66192	82.91815	195.3737	391.8149
51.62	887.1886		1539.701	961.9218	707.1174	88286.24	719348.5	-267.9716	-309.9644	5547.263	7483.918	893.9502	-5.338078	-17.08185	1276871	3483550	-31.6726	95.72954	393.9502	14097.95	1982.562	95.37366	791.8149	-5.338078	-17.08185	95.37366	791.8149
51.91	987.1886		1739.701	261.9218	1307.117	85677.24	761059.5	232.0284	490.0356	4846.263	6583.918	1093.95	94.66192	-17.08185	1365897	3639415	-31.6726	595.7296	493.9502	15398.95	1582.562	195.3737	1191.815	94.66192	-17.08185	195.3737	1191.815
52.21	1187.189		2439.701	561.9218	707.1174	84472.24	709096.5	332.0284	-309.9644	6847.263	7783.918	993.9502	-5.338078	-17.08185	1649955	3511889	168.3274	195.7295	593.9502	23704.95	1182.562	-4.626335	691.8149	-5.338078	-17.08185	-4.626335	691.8149
52.49	1087.189		2639.701	861.9218	1507.117	84171.24	792723.5	32.02844	690.0356	6347.263	6183.918	493.9502	-5.338078	82.91815	1796379	4418840	168.3274	395.7295	293.9502	29611.95	1082.562	-4.626335	591.8149	-5.338078	82.91815	-4.626335	591.8149
52.78	887.1886		2139.701	561.9218	1207.117	77047.24	746633.5	32.02844	390.0356	6147.263	9084.918	993.9502	-5.338078	-17.08185	1539672	5481970	-31.6726	195.7295	493.9502	22903.95	882.5623	195.3737	691.8149	-5.338078	-17.08185	195.3737	691.8149
53.06	887.1886		939.7012	1261.922	807.1174	84171.24	715953.5	32.02844	90.03564	7447.263	8884.918	1193.95	-5.338078	82.91815	1459787	4078706	168.3274	195.7295	193.9502	19601.95	1182.562	-4.626335	91.81495	-5.338078	82.91815	-4.626335	91.81495
53.35	687.1886		2639.701	61.92175	407.1174	82465.24	711529.5	232.0284	590.0356	5947.263	7183.918	993.9502	-5.338078	-17.08185	1165839	3030166	68.3274	395.7295	593.9502	11996.95	1482.562	95.37366	291.8149	-5.338078	-17.08185	95.37366	291.8149
53.64	787.1886		1539.701	861.9218	707.1174	82766.24	742101.5	32.02844	-9.964355	7147.263	7183.918	893.9502	-5.338078	82.91815	895945.4	2945162	-31.6726	195.7295	393.9502	9995.95	1182.562	95.37366	391.8149	-5.338078	82.91815	95.37366	391.8149
53.92	387.1886		1639.701	861.9218	407.1174	94410.24	761162.5	132.0284	990.0356	7147.263	7583.918	793.9502	-5.338078	-17.08185	633396.4	1840306	168.3274	295.7295	593.9502	7594.95	2082.562	-4.626335	891.8149	-5.338078	-17.08185	-4.626335	891.8149
54.21	587.1886		2940.701	1261.922	1007.117	89491.24	850376.5	132.0284	490.0356	5547.263	7983.918	793.9502	-5.338078	-17.08185	592119.4	1741169	168.3274	195.7295	293.9502	6794.95	1882.562	295.3737	991.8149	-5.338078	-17.08185	295.3737	991.8149
54.5	587.1886		1339.701	361.9218	1007.117	78251.24	798400.5	32.02844	-609.9644	6547.263	9684.918	1393.95	94.66192	-17.08185	491965.4	1642034	-31.6726	295.7295	793.9502	6394.95	1882.562	195.3737	991.8149	94.66192	-17.08185	195.3737	991.8149
54.79	387.1886		2739.701	1061.922	707.1174	87383.24	793033.5	132.0284	290.0356	7747.263	7583.918	993.9502	94.66192	-17.08185	586471.4	1727006	168.3274	95.72954	593.9502	4293.95	882.5623	295.3737	391.8149	94.66192	-17.08185	295.3737	391.8149
55.09	587.1886		1739.701	661.9218	1207.117	83067.24	842413.5	332.0284	390.0356	6347.263	9084.918	1193.95	-5.338078	-17.08185	339663.4	962331.8	168.3274	95.72954	493.9502	3293.95	1282.562	-4.626335	691.8149	-5.338078	-17.08185	-4.626335	691.8149
55.38	387.1886		139.7012	761.9218	807.1174	85576.24	755185.5	132.0284	890.0356	5647.263	7483.918	993.9502	-5.338078	-17.08185	363089.4	1401292	68.3274	295.7295	493.9502	3893.95	582.5623	-4.626335	791.8149	-5.338078	-17.08185	-4.626335	791.8149
55.66	187.1886		3440.701	461.9218	1007.117	89591.24	740247.5	-367.9716	290.0356	6347.263	7083.918	1593.95	-5.338078	-17.08185	332061.4	855031.8	68.3274	495.7295	493.9502	3493.95	1382.562	95.37366	91.81495	-5.338078	-17.08185	95.37366	91.81495
55.96	787.1886		1739.701	861.9218	307.1174	93908.24	626137.5	-167.9716	390.0356	4746.263	8583.918	593.9502	-5.338078	-17.08185	316157.4	1330488	268.3274	395.7295	693.9502	3493.95	1682.562	95.37366	291.8149	-5.338078	-17.08185	95.37366	291.8149
56.26	-12.81139		1039.701	861.9218	1107.117	109676.2	792057.5	-267.9716	190.0356	6547.263	7483.918	1193.95	-5.338078	-17.08185	352387.4	792426.8	-31.6726	395.7295	393.9502	4393.95	1282.562	-4.626335	691.8149	-5.338078	-17.08185	-4.626335	691.8149
56.54	487.1886		1939.701	1261.922	707.1174	88487.24	788802.5	332.0284	290.0356	6547.263	7983.918	693.9502	-5.338078	-17.08185	372221.4	1103926	-31.6726	195.7295	393.9502	3693.95	2782.562	195.3737	-8.185054	-5.338078	-17.08185	195.3737	-8.185054
56.83	487.1886		1439.701	1761.922	207.1174	95414.24	763843.5	132.0284	90.03564	4446.263	6583.918	993.9502	94.66192	-17.08185	356697.4	849060.8	168.3274	195.7295	293.9502	2893.95	1382.562	95.37366	491.8149	94.66192	-17.08185	95.37366	491.8149
57.13	387.1886		2539.701	661.9218	407.1174	95012.24	733141.5	-67.97156	190.0356	5247.263	5483.918	793.9502	-5.338078	-17.08185	183174.4	863219.8	68.3274	195.7295	493.9502	3793.95	1782.562	95.37366	691.8149	-5.338078	-17.08185	95.37366	691.8149
57.42	787.1886		1039.701	1361.922	507.1174	86981.24	761059.5	-367.9716	-109.9644	4846.263	7383.918	993.9502	-5.338078	-17.08185	231033.4	679160.8	-31.6726	395.7295	593.9502	1793.95	882.5623	-4.626335	391.8149	-5.338078	-17.08185	-4.626335	391.8149
57.71	387.1886		2239.701	961.9218	307.1174	85074.24	803909.5	32.02844	190.0356	5147.263	7783.918	993.9502	-5.338078	-17.08185	243652.4	621687.8	-31.6726	295.7295	393.9502	593.9502	1582.562	-4.626335	991.8149	-5.338078	-17.08185	-4.626335	991.8149
57.99	87.18861		639.7012	1261.922	307.1174	117211.2	839465.5	-167.9716	-409.9644	4946.263	7983.918	1093.95	-5.338078	-17.08185	212368.4	621584.8	68.3274	295.7295	493.9502	693.9502	1482.562	195.3737	291.8149	-5.338078	-17.08185	195.3737	291.8149
58.28	187.1886		2139.701	2461.922	407.1174	90294.24	704020.5	-467.9716	-9.964355	6247.263	7083.918	593.9502	-5.338078	-17.08185	250317.4	665003.8	-31.6726	395.7295	493.9502	1793.95	1482.562	295.3737	491.8149	-5.338078	-17.08185	295.3737	491.8149
58.57	787.1886		1839.701	561.9218	507.1174	90093.24	697244.5	732.0284	290.0356	5547.263	6683.918	593.9502	-5.338078	82.91815	84470.4	532155.8	68.3274	295.7295	293.9502	1793.95	1582.562	-4.626335	591.8149	-5.338078	82.91815	-4.626335	591.8149
58.87	287.1886		3540.701	561.9218	707.1174	94310.24	778588.5	-67.97156	290.0356	4546.263	8083.918	1193.95	94.66192	-17.08185	451098.4	523426.8	168.3274	195.7295	293.9502	793.9502	2782.562	-4.626335	791.8149	94.66192	-17.08185	-4.626335	791.8149
59.15	187.1886		1439.701	861.9218	807.1174	91699.24	741792.5	-367.9716	390.0356	5147.263	7083.918	493.9502	94.66192	82.91815	214184.4	456581.8	-31.6726	495.7295	393.9502	1593.95	1082.562	195.3737	291.8149	94.66192	82.91815	195.3737	291.8149
59.44	587.1886		4840.701	1361.922	307.1174	97523.24	763327.5	-167.9716	-109.9644	5147.263	7183.918	693.9502	-5.338078	-17.08185	111116.4	418015.8	68.3274	395.7295	393.9502	893.9502	1582.562	95.37366	1391.815	-5.338078	-17.08185	95.37366	1391.815
59.72	287.1886		2239.701	1761.922	407.1174	105557.2	847377.5	232.0284	-309.9644	5947.263	7683.918	1293.95	-5.338078	-17.08185	177699.4	376462.8	-31.6726	195.7295	293.9502	1393.95	2382.562	95.37366	891.8149	-5.338078	-17.08185	95.37366	891.8149
60.02	887.1886		2039.701	1661.922	207.1174	97322.24	810274.5	132.0284	290.0356	6147.263	8183.918	993.9502	-5.338078	82.91815	112671.4	424326.8	68.3274	295.7295	893.9502	593.9502	1282.562	-4.626335	291.8149	-5.338078	82.91815	-4.626335	291.8149
60.3	687.1886		3440.701	1461.922	307.1174	96920.24	766626.5	-367.9716	-209.9644	5647.263	7483.918	1293.95	-5.338078	-17.08185	234767.4	353542.8	68.3274	595.7296	593.9502	2793.95	1782.562	-4.626335	891.8149	-5.338078	-17.08185	-4.626335	891.8149
60.59	287.1886		3540.701	1561.922	807.1174	90495.24	792057.5	-167.9716	190.0356	4246.263	8283.918	793.9502	-5.338078	-17.08185	780365.4	7680117	-31.6726	195.7295	393.9502	16699.95	1282.562	95.37366	391.8149	-5.338078	-17.08185	95.37366	391.8149
60.88	1787.189		4240.701	1661.922	1207.117	102946.2	885570.5	32.02844	290.0356	6147.263	7983.918	1293.95	-5.338078	-17.08185	2168084	5481970	68.3274	195.7295	193.9502	49843.95	1882.562	195.3737	1091.815	-5.338078	-17.08185	195.3737	1091.815
61.16	2187.189		1839.701	2361.922	1107.117	105457.2	910027.5	332.0284	290.0356	6347.263	10184.92	2193.95	-5.338078	82.91815	3780696	1.067463e+07	168.3274	195.7295	1093.95	70492.95	1982.562	-4.626335	291.8149	-5.338078	82.91815	-4.626335	291.8149
61.45	2387.189		2239.701	1861.922	1707.117	109876.2	894583.5	-67.97156	-109.9644	6247.263	7983.918	1093.95	94.66192	82.91815	3060898	8616516	68.3274	-4.270463	893.9502	50444.95	882.5623	-4.626335	591.8149	94.66192	82.91815	-4.626335	591.8149
61.73	2387.189		2839.701	661.9218	2307.117	95314.24	917389.5	-67.97156	-209.9644	5847.263	7983.918	2193.95	194.6619	-17.08185	2115232	6517056	468.3274	195.7295	293.9502	36920.95	2582.562	95.37366	291.8149	194.6619	-17.08185	95.37366	291.8149
62.03	987.1886		2639.701	961.9218	807.1174	93105.24	792057.5	232.0284	690.0356	4146.263	8283.918	1793.95	-5.338078	-17.08185	1635849	5921490	-31.6726	-4.270463	693.9502	31212.95	982.5623	195.3737	791.8149	-5.338078	-17.08185	195.3737	791.8149
62.32	1387.189		1139.701	861.9218	907.1174	105557.2	835486.5	-267.9716	-309.9644	5347.263	7883.918	993.9502	-5.338078	-17.08185	1398635	3696095	68.3274	495.7295	693.9502	18300.95	1682.562	195.3737	391.8149	-5.338078	-17.08185	195.3737	391.8149
62.61	1687.189		1539.701	561.9218	507.1174	97021.24	825770.5	32.02844	-109.9644	7147.263	6783.918	1393.95	-5.338078	-17.08185	857015.4	2675998	-31.6726	595.7296	793.9502	18700.95	682.5623	95.37366	1091.815	-5.338078	-17.08185	95.37366	1091.815
62.9	887.1886		2039.701	1061.922	1107.117	86078.24	901112.5	32.02844	90.03564	6347.263	6883.918	993.9502	-5.338078	82.91815	902385.4	1925282	-31.6726	295.7295	593.9502	11296.95	1282.562	-4.626335	1091.815	-5.338078	82.91815	-4.626335	1091.815
63.19	487.1886		1139.701	1261.922	607.1174	82365.24	661690.5	32.02844	690.0356	5547.263	6383.918	893.9502	-5.338078	-17.08185	695001.4	1642034	-31.6726	295.7295	193.9502	11996.95	1682.562	95.37366	291.8149	-5.338078	-17.08185	95.37366	291.8149
63.48	287.1886		239.7012	861.9218	407.1174	76746.24	672775.5	332.0284	90.03564	3946.263	6883.918	1293.95	94.66192	-17.08185	587700.4	1811980	168.3274	295.7295	293.9502	7894.95	1482.562	195.3737	791.8149	94.66192	-17.08185	195.3737	791.8149
63.78	687.1886		839.7012	1861.922	707.1174	74438.24	686954.5	-267.9716	690.0356	5647.263	6983.918	1093.95	-5.338078	82.91815	561814.4	1712844	-31.6726	195.7295	793.9502	4893.95	1982.562	195.3737	791.8149	-5.338078	82.91815	195.3737	791.8149
64.06	787.1886		939.7012	1861.922	507.1174	78251.24	776422.5	32.02844	390.0356	4346.263	6683.918	993.9502	-5.338078	-17.08185	360857.4	1316328	268.3274	95.72954	393.9502	3593.95	1082.562	-4.626335	391.8149	-5.338078	-17.08185	-4.626335	391.8149
64.35	87.18861		3540.701	1361.922	1307.117	76344.24	652034.5	-167.9716	-909.9644	5847.263	7283.918	1093.95	-5.338078	-17.08185	415597.4	764109.8	168.3274	395.7295	693.9502	5494.95	1482.562	-4.626335	491.8149	-5.338078	-17.08185	-4.626335	491.8149
64.64	687.1886		539.7012	561.9218	1107.117	86781.24	710706.5	-67.97156	-109.9644	5447.263	7983.918	1693.95	-5.338078	-17.08185	394662.4	948172.8	68.3274	295.7295	493.9502	4493.95	2282.562	-4.626335	891.8149	-5.338078	-17.08185	-4.626335	891.8149
64.92	487.1886		1739.701	761.9218	607.1174	96719.24	747972.5	332.0284	190.0356	5447.263	6883.918	1593.95	-5.338078	-17.08185	448458.4	927135.8	-31.6726	195.7295	293.9502	3193.95	1882.562	195.3737	191.8149	-5.338078	-17.08185	195.3737	191.8149
65.21	287.1886		1139.701	1361.922	807.1174	95012.24	495777.5	532.0284	690.0356	4946.263	7383.918	893.9502	-5.338078	-17.08185	358320.4	959316.8	-31.6726	395.7295	793.9502	2693.95	1182.562	95.37366	391.8149	-5.338078	-17.08185	95.37366	391.8149
65.5	487.1886		1939.701	1061.922	407.1174	75140.24	661273.5	32.02844	-309.9644	3946.263	5383.918	1193.95	94.66192	82.91815	364205.4	919854.8	-31.6726	495.7295	693.9502	1793.95	582.5623	-4.626335	691.8149	94.66192	82.91815	-4.626335	691.8149
65.78	687.1886		1039.701	1261.922	607.1174	84874.24	634285.5	132.0284	890.0356	5447.263	7883.918	493.9502	-5.338078	-17.08185	419664.4	1178812	-31.6726	195.7295	493.9502	1593.95	1682.562	-4.626335	691.8149	-5.338078	-17.08185	-4.626335	691.8149
66.09	887.1886		3340.701	961.9218	307.1174	84272.24	651521.5	32.02844	-9.964355	3646.263	5983.918	1293.95	-5.338078	-17.08185	648529.4	1698682	168.3274	295.7295	293.9502	1793.95	1382.562	95.37366	691.8149	-5.338078	-17.08185	95.37366	691.8149
66.37	187.1886		-60.29883	1161.922	807.1174	96820.24	648853.5	732.0284	-209.9644	3946.263	7583.918	993.9502	94.66192	-17.08185	1113743	2321867	-31.6726	95.72954	793.9502	1593.95	2182.562	95.37366	191.8149	94.66192	-17.08185	95.37366	191.8149
66.66	587.1886		839.7012	1061.922	607.1174	100937.2	689832.5	332.0284	-209.9644	5947.263	8984.918	1093.95	-5.338078	-17.08185	5870354	9865433	168.3274	395.7295	793.9502	2893.95	3382.562	195.3737	591.8149	-5.338078	-17.08185	195.3737	591.8149
66.95	1787.189		2339.701	3461.922	3607.117	96217.24	781992.5	332.0284	-9.964355	5347.263	10884.92	893.9502	-5.338078	82.91815	1.642224e+07	4.61618e+07	68.3274	695.7296	893.9502	6594.95	6683.562	395.3737	991.8149	-5.338078	82.91815	395.3737	991.8149
67.23	3187.189		3740.701	9063.922	5908.118	97723.24	745397.5	532.0284	890.0356	8347.264	18489.92	493.9502	-5.338078	282.9182	3.809127e+07	1.029111e+08	568.3274	595.7296	1593.95	8194.95	7283.562	295.3737	1191.815	-5.338078	282.9182	295.3737	1191.815
67.51	1787.189		1339.701	19970.92	7008.118	93004.24	689215.5	1732.028	290.0356	11949.26	26096.92	1493.95	-5.338078	1082.918	6.378204e+07	1.381712e+08	768.3274	1395.729	793.9502	21602.95	12585.56	195.3737	1591.815	-5.338078	1082.918	195.3737	1591.815
67.79	2287.189		1239.701	41397.92	8108.118	77348.24	576404.5	1332.028	1790.036	16451.26	34406.92	493.9502	-5.338078	982.9182	7.842682e+07	2.022638e+08	1268.327	1495.729	93.95018	37922.95	13886.56	95.37366	2591.815	-5.338078	982.9182	95.37366	2591.815
68.08	2687.189		3640.701	63645.92	7308.118	53480.25	444136.5	2532.028	4191.036	21756.26	39814.92	1093.95	94.66192	2282.918	9.805692e+07	2.703711e+08	2868.327	1795.729	993.9502	63273.95	12085.56	395.3737	2991.815	94.66192	2282.918	395.3737	2991.815
68.37	2487.189	4100546	3240.701	82601.92	5808.118	42156.25	357152.5	932.0284	2690.036	25759.26	51234.92	1293.95	94.66192	2382.918	1.030176e+08	2.683678e+08	3468.327	2095.729	593.9502	76109.95	10984.56	-4.626335	3791.815	94.66192	2382.918	-4.626335	3791.815
68.65	2287.189	2997222	3040.701	100868.9	3307.117	34643.25	300814.5	1332.028	2990.036	26260.26	60255.92	793.9502	-5.338078	1982.918	1.162654e+08	2.683678e+08	3768.327	2295.729	393.9502	83934.95	11685.56	-4.626335	4591.815	-5.338078	1982.918	-4.626335	4591.815
68.94	2287.189	2584338	1639.701	127088.9	3507.117	26931.25	244500.5	2532.028	3791.036	29964.26	62360.92	1293.95	-5.338078	1482.918	1.144738e+08	3.12442e+08	3668.327	2495.729	193.9502	78516.95	13486.56	-4.626335	5992.815	-5.338078	1482.918	-4.626335	5992.815
69.22	2487.189	2379805	2539.701	141064.9	3207.117	18021.25	234000.5	2932.028	3390.036	33368.26	77301.92	793.9502	-5.338078	2582.918	1.198074e+08	3.745531e+08	3368.327	4695.729	993.9502	79419.95	11685.56	95.37366	4091.815	-5.338078	2582.918	95.37366	4091.815
69.51	5188.188	1759236	3540.701	138952.9	7908.118	13918.25	194057.5	2532.028	3791.036	32768.26	76198.92	593.9502	94.66192	1582.918	1.249882e+08	3.665384e+08	3168.327	3595.729	293.9502	56256.95	11084.56	-4.626335	4991.815	94.66192	1582.918	-4.626335	4991.815
69.8	4987.188	1434578	1339.701	133019.9	13110.12	15419.25	165350.5	2032.028	2590.036	27361.26	76399.92	793.9502	-5.338078	1982.918	1.330003e+08	3.264664e+08	2768.327	3195.729	193.9502	41127.95	12985.56	95.37366	4191.815	-5.338078	1982.918	95.37366	4191.815
70.08	6788.188	1288818	2139.701	108902.9	16012.12	11616.25	117175.5	1632.028	3190.036	23958.26	63362.92	493.9502	-5.338078	982.9182	1.333809e+08	3.845718e+08	1268.327	3095.729	193.9502	33616.95	11885.56	-4.626335	2591.815	-5.338078	982.9182	-4.626335	2591.815
70.37	11390.19	1036835	3540.701	91331.92	28724.12	9915.246	110143.5	2132.028	3090.036	18953.26	63262.92	593.9502	-5.338078	882.9182	1.271064e+08	3.925868e+08	1368.327	1995.729	193.9502	24105.95	11285.56	-4.626335	1191.815	-5.338078	882.9182	-4.626335	1191.815
70.65	16693.19	734429.6	3140.701	73773.92	41041.12	7413.246	79223.52	2432.028	4191.036	17552.26	53239.92	193.9502	-5.338078	1182.918	1.350501e+08	3.785605e+08	1468.327	1195.729	93.95018	24705.95	11485.56	-4.626335	1591.815	-5.338078	1182.918	-4.626335	1591.815
70.94	16292.19	680214.6	939.7012	71767.92	42844.12	8114.246	64480.53	1132.028	3190.036	13850.26	50733.92	93.95018	-5.338078	1582.918	1.273695e+08	3.204559e+08	1368.327	2795.729	-6.049822	16699.95	10184.56	-4.626335	2391.815	-5.338078	1582.918	-4.626335	2391.815
71.23	18294.19	535830.6	3340.701	69962.92	40340.12	6113.246	60670.53	2832.028	3491.036	18353.26	50934.92	293.9502	-5.338078	1582.918	1.241996e+08	3.204559e+08	1068.327	1595.729	193.9502	16298.95	11084.56	95.37366	1391.815	-5.338078	1582.918	95.37366	1391.815
71.51	16392.19	487647.6	1539.701	78387.92	36033.12	3012.246	74208.52	2332.028	4191.036	20554.26	47828.92	493.9502	-5.338078	1782.918	1.254117e+08	3.805643e+08	1568.327	1695.729	93.95018	17099.95	9184.562	-4.626335	2191.815	-5.338078	1782.918	-4.626335	2191.815
71.8	15592.19	344052.6	4540.701	84407.92	39138.12	4612.246	57362.53	2432.028	3491.036	22056.26	43019.92	293.9502	-5.338078	2282.918	1.221414e+08	3.184524e+08	1268.327	1295.729	-6.049822	83733.95	9984.562	-4.626335	2291.815	-5.338078	2282.918	-4.626335	2291.815
72.08	9689.188	374492.6	3040.701	89424.92	22918.12	4212.246	69293.52	2832.028	2790.036	22156.26	48028.92	93.95018	-5.338078	2182.918	1.307469e+08	3.244629e+08	1968.327	2095.729	-6.049822	386965.9	12085.56	-4.626335	2691.815	-5.338078	2182.918	-4.626335	2691.815
72.37	9289.188	309699.6	2039.701	76481.92	14211.12	2411.246	65282.53	2032.028	2790.036	22656.26	46425.92	193.9502	-5.338078	1582.918	1.308493e+08	4.046097e+08	1668.327	1995.729	-6.049822	546502.9	11485.56	-4.626335	2891.815	-5.338078	1582.918	-4.626335	2891.815
72.66	7288.188	394197.6	1839.701	63945.92	11510.12	2111.246	39426.53	2732.028	3491.036	18653.26	44321.92	193.9502	-5.338078	1382.918	1.10428e+08	2.503386e+08	1468.327	1195.729	-6.049822	618654.9	9284.562	-4.626335	2491.815	-5.338078	1382.918	-4.626335	2491.815
72.94	3887.189	248304.6	3340.701	55926.92	10309.12	6613.246	45036.53	1932.028	2990.036	15151.26	36909.92	93.95018	-5.338078	1982.918	8.151306e+07	2.723744e+08	968.3274	1095.729	393.9502	430366.9	7183.562	-4.626335	991.8149	-5.338078	1982.918	-4.626335	991.8149
73.23	4887.188	208129.6	3640.701	42198.92	7408.118	3712.246	18801.53	1232.028	1190.036	10348.26	22392.92	293.9502	-5.338078	1582.918	5.944908e+07	2.102759e+08	668.3274	1095.729	-6.049822	327221.9	3682.562	-4.626335	1091.815	-5.338078	1582.918	-4.626335	1091.815
73.51	2787.189	202079.6	1439.701	28879.92	9909.117	2111.246	15798.53	1632.028	1590.036	8147.263	18789.92	-6.049822	-5.338078	582.9182	4.452511e+07	1.335066e+08	268.3274	795.7296	-6.049822	202007	3982.562	-4.626335	791.8149	-5.338078	582.9182	-4.626335	791.8149
73.8	2087.189	106367.6	-660.2988	23873.92	4107.118	1811.246	17199.53	732.0284	1090.036	5647.263	15587.92	193.9502	-5.338078	382.9182	3.62389e+07	1.014981e+08	268.3274	795.7296	-6.049822	163124	3082.562	-4.626335	591.8149	-5.338078	382.9182	-4.626335	591.8149
74.09	1887.189	93412.64	2039.701	18869.92	4007.117	-388.7544	16199.53	432.0284	690.0356	4546.263	11885.92	-6.049822	-5.338078	782.9182	2.800044e+07	8.302018e+07	168.3274	495.7295	93.95018	135661	1682.562	-4.626335	491.8149	-5.338078	782.9182	-4.626335	491.8149
74.37	1887.189	101144.6	-260.2988	15166.92	2307.117	111.2456	9395.526	1032.028	1090.036	5347.263	8383.918	93.95018	-5.338078	382.9182	2.240525e+07	6.630966e+07	268.3274	195.7295	493.9502	96378.95	2382.562	-4.626335	491.8149	-5.338078	382.9182	-4.626335	491.8149
74.66	1687.189	75848.64	-460.2988	10664.92	3707.117	611.2456	10395.53	232.0284	190.0356	2646.263	7583.918	-6.049822	-5.338078	182.9182	1.826427e+07	4.848571e+07	268.3274	195.7295	-6.049822	79519.95	1782.562	-4.626335	191.8149	-5.338078	182.9182	-4.626335	191.8149
74.94	1287.189	161374.6	-60.29883	7863.922	2107.117	11.24561	11095.53	532.0284	-209.9644	2046.263	5183.918	93.95018	-5.338078	382.9182	1.535996e+07	4.54305e+07	568.3274	395.7295	-6.049822	67885.95	882.5623	-4.626335	291.8149	-5.338078	382.9182	-4.626335	291.8149
75.23	887.1886	52783.64	-360.2988	5662.922	1507.117	-288.7544	7994.527	-467.9716	-9.964355	1546.263	5783.918	-6.049822	-5.338078	382.9182	1.25571e+07	3.493656e+07	68.3274	-4.270463	-6.049822	45635.95	1382.562	-4.626335	191.8149	-5.338078	382.9182	-4.626335	191.8149
75.51	587.1886	42861.64	-961.2988	5962.922	1507.117	-989.7544	6493.527	232.0284	890.0356	1646.263	3882.918	-6.049822	-5.338078	182.9182	8851669	2.755354e+07	68.3274	95.72954	-6.049822	26107.95	1282.562	-4.626335	91.81495	-5.338078	182.9182	-4.626335	91.81495
75.8	387.1886	30640.64	-1461.299	6262.922	807.1174	-2589.754	5393.527	-267.9716	490.0356	2046.263	2982.918	-6.049822	94.66192	-17.08185	8470033	2.209398e+07	268.3274	195.7295	93.95018	39825.95	82.56228	-4.626335	291.8149	94.66192	-17.08185	-4.626335	291.8149
76.08	387.1886	26835.64	39.70117	4462.922	1007.117	-2089.754	3393.527	-167.9716	-9.964355	1746.263	2182.918	-6.049822	-5.338078	-17.08185	6845010	2.022853e+07	168.3274	-4.270463	-6.049822	27208.95	582.5623	-4.626335	91.81495	-5.338078	-17.08185	-4.626335	91.81495
76.37	387.1886	24832.64	-1961.299	3661.922	807.1174	-2689.754	1192.527	132.0284	390.0356	946.2634	2982.918	-6.049822	-5.338078	182.9182	5729122	1.660014e+07	68.3274	-4.270463	-6.049822	18800.95	582.5623	-4.626335	-8.185054	-5.338078	182.9182	-4.626335	-8.185054
76.66	687.1886	44064.64	-1361.299	2561.922	807.1174	-1589.754	1792.527	32.02844	590.0356	846.2634	2082.918	-6.049822	94.66192	-17.08185	5616140	1.402694e+07	168.3274	-4.270463	-6.049822	13597.95	282.5623	-4.626335	-8.185054	94.66192	-17.08185	-4.626335	-8.185054
76.94	187.1886	77253.64	1239.701	2361.922	407.1174	-1389.754	2292.527	332.0284	-309.9644	446.2633	1682.918	-6.049822	-5.338078	82.91815	3441950	1.189586e+07	268.3274	-4.270463	-6.049822	12896.95	282.5623	-4.626335	191.8149	-5.338078	82.91815	-4.626335	191.8149
77.23	287.1886	39154.64	-160.2988	2261.922	607.1174	-789.7544	1992.527	32.02844	-109.9644	246.2633	882.9182	-6.049822	-5.338078	-17.08185	2693998	7992222	268.3274	95.72954	-6.049822	15398.95	382.5623	-4.626335	91.81495	-5.338078	-17.08185	-4.626335	91.81495
77.51	187.1886	3315.641	339.7012	2161.922	207.1174	-1489.754	1892.527	132.0284	90.03564	446.2633	482.9182	-6.049822	-5.338078	82.91815	2440014	6786512	-31.6726	95.72954	-6.049822	15198.95	382.5623	-4.626335	-8.185054	-5.338078	82.91815	-4.626335	-8.185054
77.8	87.18861	107170.6	-1861.299	2261.922	207.1174	-889.7544	1192.527	-267.9716	390.0356	46.26334	582.9182	-6.049822	-5.338078	82.91815	2609336	5992386	-31.6726	-4.270463	-6.049822	7094.95	82.56228	-4.626335	-8.185054	-5.338078	82.91815	-4.626335	-8.185054
78.09	287.1886	11019.64	-2161.299	761.9218	1307.117	-1389.754	1292.527	-67.97156	-9.964355	446.2633	482.9182	-6.049822	-5.338078	-17.08185	1537104	4730659	-31.6726	-4.270463	-6.049822	6494.95	82.56228	-4.626335	91.81495	-5.338078	-17.08185	-4.626335	91.81495
78.38	187.1886	28638.64	339.7012	461.9218	107.1174	-1989.754	792.5267	-67.97156	890.0356	346.2633	282.9182	-6.049822	-5.338078	-17.08185	1791024	4064535	168.3274	-4.270463	-6.049822	6994.95	82.56228	-4.626335	-8.185054	-5.338078	-17.08185	-4.626335	-8.185054
78.66	187.1886	6316.641	-1661.299	961.9218	507.1174	-1889.754	1192.527	-67.97156	-309.9644	346.2633	482.9182	-6.049822	-5.338078	-17.08185	1454491	3795286	68.3274	-4.270463	-6.049822	3893.95	-17.43772	-4.626335	-8.185054	-5.338078	-17.08185	-4.626335	-8.185054
78.95	-12.81139	23931.64	39.70117	461.9218	207.1174	-1589.754	592.5267	32.02844	190.0356	246.2633	282.9182	-6.049822	94.66192	182.9182	797080.4	2619335	-31.6726	-4.270463	-6.049822	4293.95	182.5623	-4.626335	-8.185054	94.66192	182.9182	-4.626335	-8.185054
79.23	87.18861	11519.64	39.70117	161.9218	107.1174	-1589.754	592.5267	732.0284	90.03564	346.2633	482.9182	193.9502	-5.338078	-17.08185	833645.4	1627873	-31.6726	-4.270463	-6.049822	2693.95	82.56228	-4.626335	91.81495	-5.338078	-17.08185	-4.626335	91.81495
79.52	-12.81139	3515.641	-160.2988	361.9218	307.1174	-588.7544	1192.527	332.0284	190.0356	246.2633	82.91815	-6.049822	-5.338078	82.91815	623860.4	2392691	-31.6726	-4.270463	-6.049822	1293.95	382.5623	-4.626335	91.81495	-5.338078	82.91815	-4.626335	91.81495
79.82	-12.81139	4816.641	-160.2988	261.9218	7.117439	-789.7544	1392.527	-67.97156	790.0356	46.26334	582.9182	-6.049822	-5.338078	-17.08185	845971.4	1372970	-31.6726	-4.270463	-6.049822	5094.95	82.56228	-4.626335	-8.185054	-5.338078	-17.08185	-4.626335	-8.185054
80.1	87.18861	2715.641	-1761.299	-38.07825	107.1174	-1389.754	1292.527	-67.97156	-109.9644	146.2633	-17.08185	-6.049822	-5.338078	-17.08185	483910.4	679160.8	-31.6726	-4.270463	-6.049822	1893.95	-17.43772	-4.626335	-8.185054	-5.338078	-17.08185	-4.626335	-8.185054
80.39	-12.81139	7417.641	-1461.299	161.9218	7.117439	-188.7544	92.52673	-67.97156	-309.9644	146.2633	82.91815	-6.049822	-5.338078	-17.08185	394691.4	1245526	-31.6726	-4.270463	-6.049822	2293.95	-17.43772	-4.626335	91.81495	-5.338078	-17.08185	-4.626335	91.81495
80.68	-12.81139	27937.64	-1061.299	-38.07825	107.1174	-1089.754	592.5267	32.02844	90.03564	-53.73666	82.91815	-6.049822	-5.338078	-17.08185	408793.4	1457936	68.3274	-4.270463	-6.049822	1593.95	-17.43772	-4.626335	-8.185054	-5.338078	-17.08185	-4.626335	-8.185054
80.97	-12.81139	-685.3594	-1061.299	-238.0782	7.117439	-1189.754	-407.4733	32.02844	-9.964355	-53.73666	82.91815	-6.049822	-5.338078	-17.08185	376485.4	693318.8	-31.6726	-4.270463	-6.049822	893.9502	-17.43772	-4.626335	-8.185054	-5.338078	-17.08185	-4.626335	-8.185054
81.26	87.18861	16824.64	-861.2988	461.9218	-92.88256	-1289.754	-7.473267	32.02844	-609.9644	46.26334	182.9182	-6.049822	-5.338078	-17.08185	267779.4	806584.8	-31.6726	-4.270463	-6.049822	993.9502	-17.43772	-4.626335	-8.185054	-5.338078	-17.08185	-4.626335	-8.185054
81.55	-12.81139	7117.641	339.7012	361.9218	-92.88256	-1589.754	-307.4733	232.0284	-509.9644	-53.73666	82.91815	-6.049822	-5.338078	-17.08185	167630.4	650845.8	-31.6726	-4.270463	-6.049822	93.95018	-17.43772	-4.626335	-8.185054	-5.338078	-17.08185	-4.626335	-8.185054
81.84	-12.81139	614.6406	-460.2988	-138.0782	-92.88256	-88.75439	792.5267	-367.9716	-609.9644	46.26334	-17.08185	-6.049822	-5.338078	-17.08185	154848.4	863219.8	-31.6726	-4.270463	-6.049822	93.95018	82.56228	-4.626335	-8.185054	-5.338078	-17.08185	-4.626335	-8.185054
82.13	-12.81139	314.6406	-1261.299	761.9218	207.1174	-1789.754	392.5267	232.0284	-209.9644	-53.73666	82.91815	-6.049822	-5.338078	-17.08185	102379.4	480954.8	-31.6726	95.72954	-6.049822	93.95018	-17.43772	-4.626335	-8.185054	-5.338078	-17.08185	-4.626335	-8.185054
82.41	-12.81139	7117.641	-1161.299	61.92175	107.1174	-288.7544	-207.4733	32.02844	190.0356	146.2633	-17.08185	-6.049822	-5.338078	-17.08185	111116.4	130384.8	-31.6726	-4.270463	-6.049822	393.9502	-17.43772	-4.626335	-8.185054	-5.338078	-17.08185	-4.626335	-8.185054
82.7	-12.81139	6917.641	-761.2988	-438.0782	-92.88256	-1989.754	692.5267	232.0284	-309.9644	46.26334	182.9182	-6.049822	94.66192	-17.08185	125886.4	339031.8	-31.6726	-4.270463	93.95018	1493.95	-17.43772	-4.626335	-8.185054	94.66192	-17.08185	-4.626335	-8.185054
82.98	-12.81139	2014.641	-1961.299	761.9218	207.1174	-1589.754	-807.4733	132.0284	-109.9644	46.26334	82.91815	-6.049822	-5.338078	-17.08185	163704.4	260598.8	-31.6726	-4.270463	-6.049822	93.95018	-17.43772	-4.626335	-8.185054	-5.338078	-17.08185	-4.626335	-8.185054
83.27	-12.81139	214.6406	-861.2988	-38.07825	107.1174	-889.7544	-307.4733	432.0284	190.0356	146.2633	82.91815	-6.049822	-5.338078	-17.08185	79797.4	282759.8	-31.6726	-4.270463	-6.049822	1093.95	-17.43772	-4.626335	-8.185054	-5.338078	-17.08185	-4.626335	-8.185054
83.56	-12.81139	2515.641	39.70117	-238.0782	-92.88256	-3089.754	-307.4733	-167.9716	90.03564	46.26334	182.9182	-6.049822	-5.338078	-17.08185	40302.39	70420.77	-31.6726	-4.270463	-6.049822	993.9502	-17.43772	-4.626335	-8.185054	-5.338078	-17.08185	-4.626335	-8.185054
83.85	-12.81139	314.6406	-1561.299	-38.07825	-92.88256	-1689.754	-407.4733	-467.9716	490.0356	-53.73666	82.91815	-6.049822	194.6619	-17.08185	154972.4	120032.8	-31.6726	-4.270463	-6.049822	193.9502	-17.43772	-4.626335	-8.185054	194.6619	-17.08185	-4.626335	-8.185054
84.14	-12.81139	-585.3594	-761.2988	561.9218	307.1174	-889.7544	-107.4733	-167.9716	90.03564	146.2633	-17.08185	-6.049822	-5.338078	-17.08185	22279.39	85089.77	-31.6726	-4.270463	-6.049822	393.9502	82.56228	-4.626335	-8.185054	-5.338078	-17.08185	-4.626335	-8.185054
84.42	-12.81139	4215.641	-761.2988	161.9218	-92.88256	-1889.754	-7.473267	32.02844	-409.9644	46.26334	-17.08185	-6.049822	-5.338078	82.91815	97660.4	129278.8	-31.6726	-4.270463	-6.049822	-6.049822	-17.43772	-4.626335	-8.185054	-5.338078	82.91815	-4.626335	-8.185054
84.71	-12.81139	6516.641	-1461.299	-738.0782	-92.88256	-588.7544	392.5267	-67.97156	-409.9644	-53.73666	-17.08185	93.95018	-5.338078	-17.08185	15674.39	99643.77	-31.6726	-4.270463	-6.049822	-6.049822	-17.43772	-4.626335	-8.185054	-5.338078	-17.08185	-4.626335	-8.185054
85	-12.81139	-85.35938	-861.2988	61.92175	-92.88256	-88.75439	992.5267	-67.97156	490.0356	146.2633	-17.08185	-6.049822	-5.338078	-17.08185	26783.39	197822.8	-31.6726	-4.270463	-6.049822	93.95018	-17.43772	-4.626335	-8.185054	-5.338078	-17.08185	-4.626335	-8.185054
85.28	-12.81139	6917.641	-1861.299	461.9218	-92.88256	-1389.754	-207.4733	-67.97156	890.0356	146.2633	-17.08185	-6.049822	-5.338078	-17.08185	36997.39	84576.77	-31.6726	-4.270463	-6.049822	193.9502	-17.43772	-4.626335	-8.185054	-5.338078	-17.08185	-4.626335	-8.185054
85.57	-12.81139	1814.641	-1561.299	161.9218	7.117439	-588.7544	-507.4733	232.0284	290.0356	146.2633	382.9182	-6.049822	-5.338078	-17.08185	13473.39	24455.77	68.3274	-4.270463	-6.049822	93.95018	82.56228	-4.626335	-8.185054	-5.338078	-17.08185	-4.626335	-8.185054
85.85	-12.81139	314.6406	-1661.299	-438.0782	7.117439	-1489.754	192.5267	-167.9716	490.0356	-53.73666	82.91815	-6.049822	-5.338078	-17.08185	19076.39	79069.77	-31.6726	-4.270463	-6.049822	193.9502	82.56228	-4.626335	-8.185054	-5.338078	-17.08185	-4.626335	-8.185054
86.14	-12.81139	1214.641	-1861.299	361.9218	-92.88256	-889.7544	-7.473267	32.02844	190.0356	-53.73666	82.91815	-6.049822	-5.338078	-17.08185	28069.39	37472.77	68.3274	-4.270463	-6.049822	93.95018	-17.43772	-4.626335	-8.185054	-5.338078	-17.08185	-4.626335	-8.185054
86.43	-12.81139	414.6406	-60.29883	161.9218	7.117439	-1189.754	92.52673	-167.9716	90.03564	-53.73666	82.91815	-6.049822	-5.338078	-17.08185	25983.39	116516.8	-31.6726	-4.270463	-6.049822	-6.049822	-17.43772	-4.626335	-8.185054	-5.338078	-17.08185	-4.626335	-8.185054
86.72	-12.81139	3015.641	-1461.299	161.9218	7.117439	-1189.754	-7.473267	32.02844	-9.964355	46.26334	-17.08185	-6.049822	-5.338078	-17.08185	86118.4	268603.8	-31.6726	-4.270463	-6.049822	-6.049822	82.56228	95.37366	-8.185054	-5.338078	-17.08185	95.37366	-8.185054
87	-12.81139	1214.641	-1061.299	261.9218	-92.88256	-1089.754	392.5267	332.0284	-409.9644	-53.73666	-17.08185	-6.049822	-5.338078	-17.08185	3669.395	4844.772	-31.6726	-4.270463	-6.049822	-6.049822	82.56228	-4.626335	-8.185054	-5.338078	-17.08185	-4.626335	-8.185054
87.29	-12.81139	1714.641	-260.2988	-338.0782	207.1174	-1889.754	-7.473267	132.0284	-609.9644	-53.73666	82.91815	-6.049822	-5.338078	-17.08185	69.39502	64126.77	-31.6726	-4.270463	93.95018	-6.049822	-17.43772	-4.626335	-8.185054	-5.338078	-17.08185	-4.626335	-8.185054
87.57	87.18861	3815.641	439.7012	-238.0782	-92.88256	-1589.754	-1307.473	-67.97156	-209.9644	46.26334	-17.08185	-6.049822	-5.338078	-17.08185	20778.39	14147.77	168.3274	-4.270463	-6.049822	393.9502	-17.43772	-4.626335	-8.185054	-5.338078	-17.08185	-4.626335	-8.185054
87.86	-12.81139	1014.641	-1461.299	-238.0782	107.1174	-889.7544	-207.4733	432.0284	-509.9644	246.2633	-17.08185	-6.049822	-5.338078	82.91815	31389.39	15448.77	-31.6726	-4.270463	-6.049822	-6.049822	-17.43772	-4.626335	-8.185054	-5.338078	82.91815	-4.626335	-8.185054
88.14	-12.81139	1914.641	1739.701	61.92175	-92.88256	-1889.754	-507.4733	232.0284	-109.9644	146.2633	82.91815	-6.049822	-5.338078	-17.08185	-130.605	2543.772	-31.6726	-4.270463	-6.049822	-6.049822	-17.43772	-4.626335	-8.185054	-5.338078	-17.08185	-4.626335	-8.185054
88.43	-12.81139	1714.641	-160.2988	-38.07825	307.1174	-2489.754	92.52673	-167.9716	190.0356	46.26334	-17.08185	-6.049822	-5.338078	82.91815	4169.395	3043.772	-31.6726	-4.270463	-6.049822	-6.049822	-17.43772	-4.626335	-8.185054	-5.338078	82.91815	-4.626335	-8.185054
88.71	-12.81139	10619.64	-1061.299	-38.07825	-92.88256	-1489.754	92.52673	-67.97156	-9.964355	-53.73666	82.91815	-6.049822	-5.338078	82.91815	34593.39	243.7722	-31.6726	-4.270463	-6.049822	-6.049822	-17.43772	-4.626335	-8.185054	-5.338078	82.91815	-4.626335	-8.185054
89	-12.81139	514.6406	1239.701	461.9218	-92.88256	-2189.754	-207.4733	132.0284	-9.964355	-53.73666	-17.08185	-6.049822	-5.338078	-17.08185	669.395	16649.77	-31.6726	-4.270463	-6.049822	-6.049822	-17.43772	-4.626335	-8.185054	-5.338078	-17.08185	-4.626335	-8.185054
