ElapsedTime_s	Ti49_CPS	Al27_CPS	S33_CPS	Sc45_CPS	V51_CPS	Mn55_CPS	Fe57_CPS	Co59_CPS	Ni60_CPS	Ga71_CPS	Zr90_CPS	Nb93_CPS	Mo97_CPS	In113_CPS	Sn119_CPS	Sn118_CPS	Sb121_CPS	Hf177_CPS	Ta181_CPS	W183_CPS	Pb206_CPS	Th232_CPS	U238_CPS	Tc97_CPS	Cd113_CPS	U232_CPS	Pu238_CPS
0	-12.81139	914.6406	-260.2988	-438.0782	-92.88256	-689.7544	-7.473267	232.0284	-309.9644	146.2633	-17.08185	-6.049822	-5.338078	-17.08185	7870.395	6144.772	-31.6726	-4.270463	-6.049822	-6.049822	82.56228	-4.626335	-8.185054	-5.338078	-17.08185	-4.626335	-8.185054
																											
9.22	-12.81139	314.6406	-2161.299	161.9218	107.1174	-1189.754	-707.4733	132.0284	690.0356	146.2633	-17.08185	-6.049822	-5.338078	-17.08185	-130.605	27258.77	-31.6726	-4.270463	-6.049822	93.95018	-17.43772	-4.626335	-8.185054	-5.338078	-17.08185	-4.626335	-8.185054
9.51	-12.81139	-185.3594	-560.2988	361.9218	-92.88256	-1289.754	-507.4733	332.0284	490.0356	-53.73666	-17.08185	-6.049822	-5.338078	-17.08185	-130.605	143.7722	-31.6726	-4.270463	-6.049822	-6.049822	-17.43772	-4.626335	-8.185054	-5.338078	-17.08185	-4.626335	-8.185054
9.79	-12.81139	1314.641	-160.2988	61.92175	-92.88256	-488.7544	-507.4733	32.02844	-609.9644	46.26334	-17.08185	-6.049822	-5.338078	-17.08185	9071.395	-256.2278	-31.6726	-4.270463	-6.049822	-6.049822	-17.43772	-4.626335	-8.185054	-5.338078	-17.08185	-4.626335	-8.185054
10.08	-12.81139	-1486.359	-1261.299	261.9218	-92.88256	-1189.754	-407.4733	-267.9716	-209.9644	-53.73666	-17.08185	-6.049822	-5.338078	-17.08185	69.39502	-256.2278	-31.6726	-4.270463	-6.049822	-6.049822	-17.43772	-4.626335	-8.185054	-5.338078	-17.08185	-4.626335	-8.185054
10.36	-12.81139	614.6406	-961.2988	-38.07825	7.117439	-488.7544	-607.4733	-367.9716	190.0356	46.26334	-17.08185	-6.049822	-5.338078	-17.08185	769.395	43.77225	-31.6726	-4.270463	-6.049822	-6.049822	-17.43772	-4.626335	-8.185054	-5.338078	-17.08185	-4.626335	-8.185054
10.65	-12.81139	-885.3594	539.7012	-38.07825	-92.88256	-488.7544	192.5267	-67.97156	890.0356	46.26334	82.91815	-6.049822	-5.338078	-17.08185	269.395	-56.22775	-31.6726	-4.270463	-6.049822	-6.049822	-17.43772	-4.626335	-8.185054	-5.338078	-17.08185	-4.626335	-8.185054
10.93	-12.81139	1314.641	539.7012	-238.0782	-92.88256	-1189.754	-7.473267	132.0284	90.03564	-53.73666	-17.08185	-6.049822	-5.338078	-17.08185	-30.60498	243.7722	-31.6726	-4.270463	-6.049822	-6.049822	-17.43772	-4.626335	-8.185054	-5.338078	-17.08185	-4.626335	-8.185054
11.22	-12.81139	-185.3594	-460.2988	561.9218	7.117439	-2089.754	692.5267	-267.9716	90.03564	146.2633	-17.08185	-6.049822	-5.338078	-17.08185	169.395	4944.772	-31.6726	-4.270463	-6.049822	93.95018	-17.43772	-4.626335	-8.185054	-5.338078	-17.08185	-4.626335	-8.185054
11.5	-12.81139	-485.3594	-1861.299	-238.0782	7.117439	-388.7544	492.5267	-267.9716	-109.9644	-53.73666	-17.08185	-6.049822	-5.338078	-17.08185	-30.60498	43381.77	-31.6726	-4.270463	-6.049822	-6.049822	-17.43772	-4.626335	-8.185054	-5.338078	-17.08185	-4.626335	-8.185054
11.79	-12.81139	14.64062	-260.2988	-238.0782	7.117439	-789.7544	-207.4733	-67.97156	-109.9644	-53.73666	-17.08185	-6.049822	-5.338078	-17.08185	-30.60498	343.7722	-31.6726	-4.270463	-6.049822	-6.049822	82.56228	-4.626335	-8.185054	-5.338078	-17.08185	-4.626335	-8.185054
12.07	-12.81139	-585.3594	-660.2988	-238.0782	7.117439	-1289.754	92.52673	-267.9716	490.0356	246.2633	-17.08185	-6.049822	-5.338078	-17.08185	-30.60498	-256.2278	-31.6726	-4.270463	-6.049822	-6.049822	-17.43772	-4.626335	-8.185054	-5.338078	-17.08185	-4.626335	-8.185054
12.36	-12.81139	314.6406	239.7012	-38.07825	7.117439	-1089.754	-207.4733	332.0284	590.0356	-53.73666	82.91815	-6.049822	94.66192	-17.08185	-30.60498	243.7722	-31.6726	-4.270463	-6.049822	-6.049822	-17.43772	-4.626335	-8.185054	94.66192	-17.08185	-4.626335	-8.185054
12.64	-12.81139	-285.3594	-761.2988	261.9218	-92.88256	-1689.754	392.5267	132.0284	190.0356	246.2633	-17.08185	-6.049822	94.66192	-17.08185	-30.60498	143.7722	-31.6726	-4.270463	-6.049822	-6.049822	-17.43772	95.37366	-8.185054	94.66192	-17.08185	95.37366	-8.185054
12.93	-12.81139	914.6406	-260.2988	361.9218	7.117439	-1589.754	292.5267	-167.9716	-509.9644	46.26334	-17.08185	-6.049822	94.66192	-17.08185	-30.60498	243.7722	168.3274	-4.270463	-6.049822	93.95018	-17.43772	-4.626335	-8.185054	94.66192	-17.08185	-4.626335	-8.185054
13.21	-12.81139	1114.641	-761.2988	-38.07825	-92.88256	-588.7544	492.5267	-367.9716	190.0356	-53.73666	-17.08185	-6.049822	-5.338078	-17.08185	-30.60498	343.7722	-31.6726	-4.270463	-6.049822	-6.049822	-17.43772	-4.626335	-8.185054	-5.338078	-17.08185	-4.626335	-8.185054
13.5	-12.81139	-985.3594	-160.2988	561.9218	7.117439	-1389.754	-507.4733	-67.97156	-109.9644	46.26334	-17.08185	-6.049822	-5.338078	82.91815	-30.60498	143.7722	-31.6726	-4.270463	-6.049822	-6.049822	-17.43772	-4.626335	-8.185054	-5.338078	82.91815	-4.626335	-8.185054
13.78	-12.81139	-285.3594	-961.2988	361.9218	307.1174	-488.7544	-107.4733	-467.9716	-209.9644	46.26334	-17.08185	-6.049822	-5.338078	-17.08185	169.395	43.77225	-31.6726	-4.270463	-6.049822	-6.049822	-17.43772	-4.626335	-8.185054	-5.338078	-17.08185	-4.626335	-8.185054
14.07	87.18861	114.6406	-660.2988	61.92175	7.117439	-1389.754	-407.4733	-67.97156	-309.9644	-53.73666	-17.08185	-6.049822	-5.338078	82.91815	169.395	-56.22775	-31.6726	-4.270463	-6.049822	-6.049822	-17.43772	-4.626335	-8.185054	-5.338078	82.91815	-4.626335	-8.185054
14.35	-12.81139	614.6406	-260.2988	-538.0782	7.117439	-1189.754	-1007.473	-167.9716	-9.964355	-53.73666	-17.08185	-6.049822	-5.338078	82.91815	69.39502	43.77225	-31.6726	-4.270463	-6.049822	-6.049822	-17.43772	-4.626335	-8.185054	-5.338078	82.91815	-4.626335	-8.185054
14.64	-12.81139	-1586.359	-260.2988	-38.07825	-92.88256	-1689.754	-507.4733	132.0284	-509.9644	46.26334	82.91815	-6.049822	94.66192	-17.08185	-30.60498	43.77225	68.3274	-4.270463	-6.049822	-6.049822	-17.43772	95.37366	-8.185054	94.66192	-17.08185	95.37366	-8.185054
14.93	-12.81139	514.6406	-861.2988	-638.0782	7.117439	-488.7544	392.5267	432.0284	-9.964355	46.26334	-17.08185	-6.049822	-5.338078	82.91815	-130.605	-56.22775	68.3274	-4.270463	-6.049822	-6.049822	-17.43772	-4.626335	-8.185054	-5.338078	82.91815	-4.626335	-8.185054
15.21	-12.81139	714.6406	-660.2988	-138.0782	7.117439	311.2456	-7.473267	332.0284	690.0356	-53.73666	-17.08185	93.95018	-5.338078	-17.08185	169.395	-256.2278	-31.6726	-4.270463	-6.049822	-6.049822	82.56228	-4.626335	-8.185054	-5.338078	-17.08185	-4.626335	-8.185054
15.49	-12.81139	-185.3594	-861.2988	-38.07825	-92.88256	-1389.754	692.5267	-67.97156	-209.9644	-53.73666	-17.08185	-6.049822	-5.338078	-17.08185	-30.60498	52799.77	-31.6726	-4.270463	-6.049822	-6.049822	-17.43772	-4.626335	-8.185054	-5.338078	-17.08185	-4.626335	-8.185054
15.78	-12.81139	614.6406	-1661.299	461.9218	-92.88256	-88.75439	-607.4733	-367.9716	690.0356	146.2633	-17.08185	-6.049822	-5.338078	-17.08185	-30.60498	-156.2278	-31.6726	-4.270463	-6.049822	-6.049822	-17.43772	-4.626335	-8.185054	-5.338078	-17.08185	-4.626335	-8.185054
16.07	-12.81139	214.6406	-1061.299	161.9218	7.117439	-1089.754	-607.4733	132.0284	-509.9644	146.2633	-17.08185	-6.049822	-5.338078	-17.08185	-30.60498	43.77225	-31.6726	-4.270463	-6.049822	-6.049822	-17.43772	95.37366	-8.185054	-5.338078	-17.08185	95.37366	-8.185054
16.35	-12.81139	-1285.359	-160.2988	161.9218	-92.88256	-188.7544	692.5267	-467.9716	-509.9644	-53.73666	-17.08185	-6.049822	-5.338078	-17.08185	-30.60498	443.7722	-31.6726	-4.270463	-6.049822	93.95018	-17.43772	-4.626335	-8.185054	-5.338078	-17.08185	-4.626335	-8.185054
16.64	-12.81139	-485.3594	-560.2988	-338.0782	-92.88256	-2089.754	492.5267	32.02844	-609.9644	-53.73666	82.91815	-6.049822	-5.338078	-17.08185	69.39502	-56.22775	-31.6726	-4.270463	-6.049822	-6.049822	82.56228	-4.626335	-8.185054	-5.338078	-17.08185	-4.626335	-8.185054
16.92	-12.81139	1014.641	139.7012	261.9218	-92.88256	-789.7544	-107.4733	632.0284	-9.964355	-53.73666	-17.08185	-6.049822	-5.338078	-17.08185	69.39502	243.7722	-31.6726	-4.270463	-6.049822	-6.049822	-17.43772	-4.626335	-8.185054	-5.338078	-17.08185	-4.626335	-8.185054
17.21	87.18861	414.6406	639.7012	161.9218	7.117439	-288.7544	492.5267	32.02844	490.0356	46.26334	-17.08185	-6.049822	-5.338078	-17.08185	-130.605	-156.2278	-31.6726	-4.270463	-6.049822	-6.049822	-17.43772	-4.626335	-8.185054	-5.338078	-17.08185	-4.626335	-8.185054
17.49	-12.81139	614.6406	-1261.299	261.9218	207.1174	11.24561	-207.4733	-67.97156	-9.964355	-53.73666	82.91815	-6.049822	94.66192	-17.08185	-30.60498	243.7722	68.3274	-4.270463	-6.049822	-6.049822	-17.43772	-4.626335	-8.185054	94.66192	-17.08185	-4.626335	-8.185054
17.78	-12.81139	-385.3594	-160.2988	-238.0782	7.117439	-488.7544	-307.4733	-67.97156	-9.964355	-53.73666	-17.08185	-6.049822	94.66192	-17.08185	69.39502	43.77225	-31.6726	-4.270463	-6.049822	-6.049822	-17.43772	-4.626335	-8.185054	94.66192	-17.08185	-4.626335	-8.185054
18.06	-12.81139	-1386.359	639.7012	-438.0782	307.1174	-1089.754	-407.4733	-167.9716	-409.9644	-53.73666	-17.08185	-6.049822	-5.338078	-17.08185	69.39502	143.7722	-31.6726	-4.270463	-6.049822	-6.049822	82.56228	-4.626335	91.81495	-5.338078	-17.08185	-4.626335	91.81495
18.35	-12.81139	-185.3594	-1261.299	-338.0782	7.117439	-1089.754	592.5267	-367.9716	90.03564	146.2633	-17.08185	-6.049822	-5.338078	-17.08185	-130.605	-56.22775	-31.6726	-4.270463	-6.049822	-6.049822	-17.43772	-4.626335	-8.185054	-5.338078	-17.08185	-4.626335	-8.185054
18.63	-12.81139	214.6406	-1561.299	-138.0782	-92.88256	-188.7544	92.52673	-267.9716	-709.9644	-53.73666	-17.08185	-6.049822	-5.338078	-17.08185	-30.60498	43.77225	-31.6726	-4.270463	-6.049822	-6.049822	-17.43772	-4.626335	-8.185054	-5.338078	-17.08185	-4.626335	-8.185054
18.92	-12.81139	1414.641	-560.2988	-438.0782	7.117439	-1489.754	-607.4733	-167.9716	890.0356	-53.73666	-17.08185	-6.049822	-5.338078	-17.08185	-130.605	-156.2278	-31.6726	-4.270463	-6.049822	-6.049822	-17.43772	-4.626335	-8.185054	-5.338078	-17.08185	-4.626335	-8.185054
19.2	-12.81139	314.6406	-1061.299	161.9218	7.117439	-1989.754	592.5267	-467.9716	-9.964355	-53.73666	-17.08185	-6.049822	-5.338078	-17.08185	-30.60498	343.7722	68.3274	-4.270463	-6.049822	-6.049822	-17.43772	-4.626335	-8.185054	-5.338078	-17.08185	-4.626335	-8.185054
19.49	-12.81139	1214.641	-360.2988	61.92175	7.117439	-488.7544	-107.4733	132.0284	390.0356	146.2633	-17.08185	-6.049822	-5.338078	-17.08185	469.395	-256.2278	-31.6726	-4.270463	-6.049822	93.95018	-17.43772	-4.626335	-8.185054	-5.338078	-17.08185	-4.626335	-8.185054
19.77	-12.81139	1114.641	-1161.299	261.9218	7.117439	-388.7544	92.52673	432.0284	-409.9644	-53.73666	-17.08185	-6.049822	94.66192	82.91815	-30.60498	43.77225	-31.6726	-4.270463	-6.049822	-6.049822	-17.43772	-4.626335	-8.185054	94.66192	82.91815	-4.626335	-8.185054
20.06	-12.81139	1514.641	-660.2988	-338.0782	7.117439	-1289.754	92.52673	-467.9716	-109.9644	46.26334	82.91815	-6.049822	-5.338078	-17.08185	-30.60498	-56.22775	-31.6726	-4.270463	-6.049822	-6.049822	82.56228	-4.626335	-8.185054	-5.338078	-17.08185	-4.626335	-8.185054
20.34	-12.81139	-985.3594	-560.2988	261.9218	7.117439	-388.7544	292.5267	-67.97156	-9.964355	46.26334	-17.08185	-6.049822	-5.338078	-17.08185	-30.60498	-256.2278	-31.6726	-4.270463	-6.049822	-6.049822	-17.43772	-4.626335	-8.185054	-5.338078	-17.08185	-4.626335	-8.185054
20.63	-12.81139	-385.3594	239.7012	-138.0782	-92.88256	11.24561	-107.4733	32.02844	390.0356	-53.73666	-17.08185	-6.049822	-5.338078	-17.08185	-30.60498	-256.2278	68.3274	-4.270463	-6.049822	-6.049822	-17.43772	-4.626335	-8.185054	-5.338078	-17.08185	-4.626335	-8.185054
20.91	-12.81139	-485.3594	-1261.299	-38.07825	107.1174	311.2456	-807.4733	332.0284	590.0356	46.26334	-17.08185	-6.049822	-5.338078	-17.08185	-130.605	-156.2278	-31.6726	-4.270463	-6.049822	-6.049822	82.56228	-4.626335	-8.185054	-5.338078	-17.08185	-4.626335	-8.185054
21.2	-12.81139	314.6406	-861.2988	-338.0782	-92.88256	-388.7544	292.5267	-267.9716	-509.9644	-53.73666	-17.08185	-6.049822	-5.338078	-17.08185	-30.60498	43.77225	-31.6726	-4.270463	-6.049822	-6.049822	-17.43772	95.37366	-8.185054	-5.338078	-17.08185	95.37366	-8.185054
21.48	87.18861	14.64062	-660.2988	-338.0782	7.117439	-588.7544	-107.4733	332.0284	490.0356	-53.73666	-17.08185	-6.049822	-5.338078	-17.08185	69.39502	-256.2278	68.3274	-4.270463	-6.049822	-6.049822	-17.43772	-4.626335	-8.185054	-5.338078	-17.08185	-4.626335	-8.185054
21.76	-12.81139	-185.3594	-1861.299	-138.0782	-92.88256	-388.7544	-7.473267	-467.9716	-709.9644	46.26334	82.91815	-6.049822	-5.338078	-17.08185	-130.605	43.77225	68.3274	-4.270463	-6.049822	-6.049822	-17.43772	-4.626335	-8.185054	-5.338078	-17.08185	-4.626335	-8.185054
22.05	-12.81139	-785.3594	-60.29883	61.92175	-92.88256	-1089.754	-107.4733	-267.9716	290.0356	-53.73666	-17.08185	-6.049822	-5.338078	-17.08185	-30.60498	-256.2278	-31.6726	-4.270463	-6.049822	-6.049822	-17.43772	-4.626335	-8.185054	-5.338078	-17.08185	-4.626335	-8.185054
22.34	-12.81139	1814.641	-1061.299	-438.0782	-92.88256	-1489.754	-307.4733	232.0284	190.0356	46.26334	-17.08185	-6.049822	-5.338078	-17.08185	269.395	243.7722	-31.6726	-4.270463	-6.049822	93.95018	-17.43772	-4.626335	-8.185054	-5.338078	-17.08185	-4.626335	-8.185054
22.62	-12.81139	14.64062	-160.2988	661.9218	7.117439	-2489.754	-207.4733	132.0284	190.0356	-53.73666	-17.08185	-6.049822	-5.338078	-17.08185	-130.605	-156.2278	-31.6726	-4.270463	-6.049822	-6.049822	-17.43772	95.37366	91.81495	-5.338078	-17.08185	95.37366	91.81495
22.91	-12.81139	-385.3594	239.7012	-238.0782	107.1174	-1789.754	-607.4733	-67.97156	-109.9644	146.2633	-17.08185	-6.049822	-5.338078	-17.08185	-130.605	-56.22775	-31.6726	-4.270463	-6.049822	-6.049822	-17.43772	-4.626335	-8.185054	-5.338078	-17.08185	-4.626335	-8.185054
23.19	-12.81139	-1586.359	-160.2988	61.92175	-92.88256	-989.7544	-407.4733	132.0284	390.0356	-53.73666	82.91815	-6.049822	-5.338078	-17.08185	-30.60498	43.77225	-31.6726	-4.270463	-6.049822	-6.049822	-17.43772	-4.626335	-8.185054	-5.338078	-17.08185	-4.626335	-8.185054
23.48	-12.81139	114.6406	-60.29883	-138.0782	107.1174	-1589.754	-107.4733	-267.9716	-9.964355	-53.73666	-17.08185	-6.049822	-5.338078	-17.08185	-30.60498	-356.2278	68.3274	-4.270463	-6.049822	-6.049822	-17.43772	-4.626335	-8.185054	-5.338078	-17.08185	-4.626335	-8.185054
23.76	-12.81139	914.6406	639.7012	-138.0782	7.117439	411.2456	-207.4733	-67.97156	-409.9644	146.2633	-17.08185	-6.049822	-5.338078	-17.08185	-130.605	-156.2278	-31.6726	-4.270463	-6.049822	-6.049822	-17.43772	-4.626335	-8.185054	-5.338078	-17.08185	-4.626335	-8.185054
24.05	-12.81139	-985.3594	-660.2988	161.9218	-92.88256	-889.7544	392.5267	-567.9716	390.0356	246.2633	-17.08185	-6.049822	-5.338078	-17.08185	-30.60498	43.77225	-31.6726	-4.270463	-6.049822	-6.049822	82.56228	-4.626335	-8.185054	-5.338078	-17.08185	-4.626335	-8.185054
24.33	187.1886	214.6406	339.7012	-238.0782	7.117439	-488.7544	-107.4733	332.0284	-309.9644	46.26334	-17.08185	-6.049822	-5.338078	-17.08185	169.395	-156.2278	-31.6726	-4.270463	-6.049822	-6.049822	-17.43772	-4.626335	-8.185054	-5.338078	-17.08185	-4.626335	-8.185054
24.62	-12.81139	1114.641	439.7012	61.92175	207.1174	11.24561	-407.4733	-367.9716	690.0356	46.26334	-17.08185	-6.049822	-5.338078	82.91815	69.39502	43.77225	-31.6726	-4.270463	-6.049822	93.95018	-17.43772	-4.626335	-8.185054	-5.338078	82.91815	-4.626335	-8.185054
24.9	-12.81139	-385.3594	-160.2988	-238.0782	-92.88256	-1689.754	-307.4733	-167.9716	290.0356	246.2633	-17.08185	-6.049822	-5.338078	-17.08185	-130.605	-56.22775	-31.6726	95.72954	-6.049822	-6.049822	-17.43772	-4.626335	-8.185054	-5.338078	-17.08185	-4.626335	-8.185054
25.19	-12.81139	-385.3594	239.7012	861.9218	107.1174	-88.75439	392.5267	-267.9716	190.0356	46.26334	-17.08185	-6.049822	-5.338078	-17.08185	-30.60498	143.7722	-31.6726	-4.270463	-6.049822	93.95018	82.56228	95.37366	-8.185054	-5.338078	-17.08185	95.37366	-8.185054
25.47	-12.81139	-85.35938	39.70117	-38.07825	7.117439	-1089.754	-7.473267	-267.9716	-9.964355	-53.73666	-17.08185	-6.049822	-5.338078	-17.08185	69.39502	-156.2278	68.3274	-4.270463	-6.049822	-6.049822	-17.43772	-4.626335	-8.185054	-5.338078	-17.08185	-4.626335	-8.185054
25.76	-12.81139	114.6406	-761.2988	-38.07825	107.1174	-1989.754	-307.4733	-167.9716	390.0356	-53.73666	-17.08185	-6.049822	-5.338078	-17.08185	-130.605	-56.22775	-31.6726	-4.270463	-6.049822	-6.049822	-17.43772	-4.626335	-8.185054	-5.338078	-17.08185	-4.626335	-8.185054
26.04	-12.81139	114.6406	-660.2988	261.9218	7.117439	711.2456	-707.4733	-267.9716	290.0356	346.2633	-17.08185	-6.049822	-5.338078	-17.08185	-30.60498	-156.2278	-31.6726	-4.270463	-6.049822	-6.049822	-17.43772	-4.626335	-8.185054	-5.338078	-17.08185	-4.626335	-8.185054
26.33	-12.81139	-285.3594	-1361.299	-138.0782	-92.88256	-789.7544	-107.4733	-67.97156	-609.9644	-53.73666	-17.08185	-6.049822	-5.338078	-17.08185	-130.605	43.77225	-31.6726	-4.270463	-6.049822	-6.049822	-17.43772	-4.626335	-8.185054	-5.338078	-17.08185	-4.626335	-8.185054
26.61	-12.81139	314.6406	-1461.299	-38.07825	7.117439	911.2456	-607.4733	-167.9716	1090.036	46.26334	-17.08185	-6.049822	-5.338078	-17.08185	9871.395	-56.22775	-31.6726	-4.270463	-6.049822	-6.049822	-17.43772	-4.626335	-8.185054	-5.338078	-17.08185	-4.626335	-8.185054
26.9	-12.81139	514.6406	139.7012	261.9218	-92.88256	-188.7544	-107.4733	32.02844	590.0356	-53.73666	-17.08185	-6.049822	-5.338078	-17.08185	-30.60498	-256.2278	-31.6726	-4.270463	-6.049822	-6.049822	-17.43772	-4.626335	-8.185054	-5.338078	-17.08185	-4.626335	-8.185054
27.18	87.18861	414.6406	-961.2988	261.9218	-92.88256	-1689.754	-307.4733	-67.97156	-209.9644	-53.73666	-17.08185	-6.049822	-5.338078	-17.08185	269.395	-56.22775	168.3274	-4.270463	-6.049822	-6.049822	-17.43772	-4.626335	-8.185054	-5.338078	-17.08185	-4.626335	-8.185054
27.47	-12.81139	614.6406	-460.2988	-138.0782	107.1174	911.2456	-307.4733	-367.9716	-209.9644	-53.73666	82.91815	-6.049822	-5.338078	-17.08185	169.395	43.77225	-31.6726	-4.270463	-6.049822	-6.049822	-17.43772	95.37366	-8.185054	-5.338078	-17.08185	95.37366	-8.185054
27.75	87.18861	514.6406	-160.2988	-138.0782	7.117439	-588.7544	-107.4733	132.0284	90.03564	-53.73666	-17.08185	-6.049822	-5.338078	-17.08185	-30.60498	-56.22775	-31.6726	-4.270463	-6.049822	-6.049822	-17.43772	-4.626335	-8.185054	-5.338078	-17.08185	-4.626335	-8.185054
28.04	-12.81139	-685.3594	-160.2988	161.9218	-92.88256	-1189.754	-307.4733	-467.9716	-809.9644	-53.73666	-17.08185	-6.049822	-5.338078	-17.08185	-130.605	-56.22775	-31.6726	-4.270463	-6.049822	-6.049822	-17.43772	-4.626335	-8.185054	-5.338078	-17.08185	-4.626335	-8.185054
28.32	-12.81139	614.6406	-861.2988	-238.0782	-92.88256	-1589.754	-407.4733	-367.9716	-409.9644	46.26334	-17.08185	-6.049822	-5.338078	-17.08185	69.39502	43.77225	-31.6726	-4.270463	93.95018	-6.049822	82.56228	-4.626335	-8.185054	-5.338078	-17.08185	-4.626335	-8.185054
28.61	87.18861	1114.641	-1061.299	-838.0782	107.1174	-288.7544	292.5267	32.02844	-309.9644	-53.73666	-17.08185	-6.049822	-5.338078	-17.08185	-130.605	343.7722	68.3274	-4.270463	-6.049822	-6.049822	-17.43772	-4.626335	-8.185054	-5.338078	-17.08185	-4.626335	-8.185054
28.89	-12.81139	14.64062	-260.2988	-38.07825	107.1174	-488.7544	-1107.473	-67.97156	390.0356	-53.73666	-17.08185	-6.049822	-5.338078	-17.08185	269.395	-156.2278	-31.6726	-4.270463	-6.049822	-6.049822	-17.43772	-4.626335	-8.185054	-5.338078	-17.08185	-4.626335	-8.185054
29.18	-12.81139	314.6406	339.7012	-138.0782	107.1174	-1089.754	-207.4733	32.02844	-209.9644	-53.73666	-17.08185	-6.049822	-5.338078	-17.08185	-130.605	243.7722	68.3274	-4.270463	-6.049822	-6.049822	-17.43772	-4.626335	-8.185054	-5.338078	-17.08185	-4.626335	-8.185054
29.46	-12.81139	414.6406	439.7012	461.9218	107.1174	111.2456	-107.4733	-67.97156	-9.964355	-53.73666	-17.08185	-6.049822	-5.338078	-17.08185	-130.605	-56.22775	-31.6726	-4.270463	-6.049822	-6.049822	-17.43772	-4.626335	-8.185054	-5.338078	-17.08185	-4.626335	-8.185054
29.75	-12.81139	414.6406	-360.2988	-338.0782	7.117439	-1489.754	-507.4733	232.0284	-109.9644	46.26334	82.91815	-6.049822	-5.338078	82.91815	369.395	243.7722	-31.6726	-4.270463	-6.049822	-6.049822	-17.43772	-4.626335	-8.185054	-5.338078	82.91815	-4.626335	-8.185054
30.03	-12.81139	-885.3594	-861.2988	-438.0782	-92.88256	-1689.754	292.5267	-167.9716	90.03564	46.26334	-17.08185	-6.049822	-5.338078	-17.08185	-30.60498	-56.22775	-31.6726	-4.270463	-6.049822	-6.049822	-17.43772	-4.626335	-8.185054	-5.338078	-17.08185	-4.626335	-8.185054
30.32	-12.81139	-85.35938	-1061.299	-238.0782	-92.88256	-2389.754	-107.4733	132.0284	490.0356	46.26334	-17.08185	-6.049822	94.66192	-17.08185	69.39502	43.77225	-31.6726	-4.270463	-6.049822	-6.049822	-17.43772	95.37366	-8.185054	94.66192	-17.08185	95.37366	-8.185054
30.6	-12.81139	1414.641	-60.29883	-138.0782	-92.88256	-989.7544	-7.473267	132.0284	190.0356	-53.73666	82.91815	-6.049822	-5.338078	-17.08185	7070.395	24355.77	-31.6726	-4.270463	-6.049822	93.95018	282.5623	-4.626335	191.8149	-5.338078	-17.08185	-4.626335	191.8149
30.89	-12.81139	1295449	-961.2988	761.9218	307.1174	23327.25	113759.5	-367.9716	-409.9644	446.2633	982.9182	193.9502	-5.338078	-17.08185	42806.39	85089.77	-31.6726	95.72954	393.9502	93.95018	382.5623	-4.626335	491.8149	-5.338078	-17.08185	-4.626335	491.8149
31.17	-12.81139	4117532	239.7012	1761.922	607.1174	46765.25	268648.5	-67.97156	-109.9644	1446.263	1882.918	293.9502	-5.338078	-17.08185	47615.39	68337.77	-31.6726	-4.270463	393.9502	93.95018	682.5623	95.37366	391.8149	-5.338078	-17.08185	95.37366	391.8149
31.46	187.1886		639.7012	361.9218	307.1174	64007.25	333730.5	532.0284	90.03564	2846.263	4182.918	293.9502	-5.338078	-17.08185	32891.39	87597.77	-31.6726	95.72954	793.9502	293.9502	682.5623	95.37366	191.8149	-5.338078	-17.08185	95.37366	191.8149
31.74	87.18861		1239.701	1361.922	707.1174	90997.24	378058.5	132.0284	-909.9644	2446.263	4682.918	593.9502	-5.338078	182.9182	43006.39	13798.77	68.3274	95.72954	193.9502	393.9502	682.5623	95.37366	591.8149	-5.338078	182.9182	95.37366	591.8149
32.04	787.1886		1039.701	661.9218	1007.117	95213.24	436524.5	-67.97156	290.0356	4446.263	5283.918	1093.95	194.6619	82.91815	49719.39	118224.8	-31.6726	295.7295	393.9502	393.9502	1082.562	295.3737	791.8149	194.6619	82.91815	295.3737	791.8149
32.32	187.1886		1339.701	1261.922	707.1174	106461.2	462058.5	-167.9716	790.0356	4346.263	6783.918	693.9502	-5.338078	-17.08185	62447.39	126665.8	168.3274	295.7295	793.9502	93.95018	1282.562	95.37366	591.8149	-5.338078	-17.08185	95.37366	591.8149
32.61	87.18861		1739.701	1461.922	707.1174	118317.2	548791.5	-467.9716	590.0356	4946.263	5183.918	1393.95	94.66192	-17.08185	73678.4	186337.8	-31.6726	395.7295	693.9502	-6.049822	882.5623	295.3737	991.8149	94.66192	-17.08185	295.3737	991.8149
32.89	487.1886		1239.701	1161.922	1407.117	125051.2	473061.5	232.0284	390.0356	4046.263	8183.918	1593.95	-5.338078	-17.08185	48015.39	149994.8	68.3274	195.7295	593.9502	493.9502	782.5623	95.37366	791.8149	-5.338078	-17.08185	95.37366	791.8149
33.19	287.1886		1439.701	961.9218	507.1174	118317.2	504265.5	-267.9716	-9.964355	4946.263	7083.918	1393.95	-5.338078	-17.08185	75985.4	296916.8	68.3274	195.7295	493.9502	393.9502	1382.562	95.37366	791.8149	-5.338078	-17.08185	95.37366	791.8149
33.47	687.1886		2439.701	1061.922	1007.117	114096.2	507020.5	132.0284	1290.036	4946.263	7283.918	1193.95	-5.338078	82.91815	58939.39	153817.8	68.3274	195.7295	193.9502	193.9502	1082.562	195.3737	591.8149	-5.338078	82.91815	195.3737	591.8149
33.77	87.18861		2239.701	361.9218	1407.117	117111.2	535303.5	632.0284	-909.9644	3646.263	5783.918	1393.95	-5.338078	-17.08185	66257.4	226134.8	68.3274	195.7295	493.9502	493.9502	882.5623	-4.626335	591.8149	-5.338078	-17.08185	-4.626335	591.8149
34.05	787.1886		2239.701	861.9218	807.1174	157642.2	524782.5	-467.9716	690.0356	4346.263	5983.918	693.9502	94.66192	82.91815	95953.4	270401.8	68.3274	695.7296	593.9502	493.9502	1382.562	295.3737	591.8149	94.66192	82.91815	295.3737	591.8149
34.34	87.18861		2539.701	1761.922	607.1174	129173.2	554618.5	-67.97156	890.0356	3746.263	7883.918	793.9502	-5.338078	-17.08185	108304.4	296799.8	-31.6726	395.7295	893.9502	193.9502	782.5623	-4.626335	291.8149	-5.338078	-17.08185	-4.626335	291.8149
34.62	487.1886		1839.701	2061.922	1307.117	131988.2	525906.5	32.02844	190.0356	4746.263	6783.918	393.9502	-5.338078	82.91815	70370.4	248071.8	68.3274	95.72954	493.9502	593.9502	882.5623	95.37366	891.8149	-5.338078	82.91815	95.37366	891.8149
34.91	487.1886		1139.701	2661.922	907.1174	138826.2	576507.5	-267.9716	-509.9644	5947.263	9184.918	1393.95	-5.338078	82.91815	117746.4	279400.8	-31.6726	495.7295	793.9502	293.9502	882.5623	-4.626335	691.8149	-5.338078	82.91815	-4.626335	691.8149
35.19	687.1886		3240.701	1861.922	1607.117	140436.2	566276.5	-167.9716	490.0356	5947.263	7183.918	1593.95	94.66192	-17.08185	131917.4	369052.8	68.3274	195.7295	1093.95	593.9502	1382.562	-4.626335	591.8149	94.66192	-17.08185	-4.626335	591.8149
35.48	487.1886		1839.701	861.9218	1807.117	158548.2	564435.5	432.0284	-409.9644	5747.263	8383.918	1993.95	-5.338078	-17.08185	342704.4	861238.8	68.3274	295.7295	793.9502	893.9502	782.5623	-4.626335	591.8149	-5.338078	-17.08185	-4.626335	591.8149
35.76	487.1886		2139.701	1461.922	1307.117	133496.2	521413.5	-67.97156	190.0356	4046.263	6183.918	993.9502	-5.338078	-17.08185	1437552	3072668	-31.6726	295.7295	593.9502	1093.95	2282.562	-4.626335	291.8149	-5.338078	-17.08185	-4.626335	291.8149
36.05	187.1886		1739.701	1661.922	1707.117	136916.2	514368.5	232.0284	-9.964355	4546.263	9084.918	1693.95	-5.338078	82.91815	4853610	1.13562e+07	-31.6726	495.7295	293.9502	3093.95	3382.562	95.37366	391.8149	-5.338078	82.91815	95.37366	391.8149
36.34	487.1886		2940.701	4362.922	1607.117	128368.2	544192.5	-67.97156	-309.9644	6047.263	11084.92	2593.95	-5.338078	182.9182	8780993	2.581355e+07	-31.6726	595.7296	693.9502	3393.95	2982.562	-4.626335	791.8149	-5.338078	182.9182	-4.626335	791.8149
36.62	1087.189		2940.701	4662.922	2507.117	123644.2	483254.5	-167.9716	390.0356	3946.263	12885.92	1993.95	-5.338078	82.91815	1.609644e+07	4.286501e+07	68.3274	995.7296	1093.95	6094.95	5783.562	95.37366	791.8149	-5.338078	82.91815	95.37366	791.8149
36.91	1687.189		3540.701	4662.922	3307.117	131083.2	519983.5	632.0284	690.0356	6347.263	16588.92	1093.95	-5.338078	-17.08185	2.3569e+07	6.566075e+07	68.3274	795.7296	793.9502	6194.95	6183.562	-4.626335	1491.815	-5.338078	-17.08185	-4.626335	1491.815
37.19	1887.189		2339.701	8063.922	4007.117	112891.2	455336.5	832.0284	890.0356	6547.263	18489.92	1393.95	-5.338078	382.9182	3.478617e+07	9.208746e+07	268.3274	795.7296	793.9502	19801.95	7883.562	195.3737	691.8149	-5.338078	382.9182	195.3737	691.8149
37.48	3387.189		2739.701	11964.92	3107.117	143051.2	438334.5	2032.028	1090.036	7747.263	25795.92	1993.95	-5.338078	82.91815	4.739628e+07	1.256683e+08	268.3274	1495.729	1093.95	87044.95	7983.562	195.3737	891.8149	-5.338078	82.91815	195.3737	891.8149
37.76	3487.189		1939.701	13265.92	3807.117	107365.2	390447.5	2132.028	1990.036	8247.264	28999.92	1893.95	94.66192	82.91815	6.048162e+07	1.521908e+08	368.3274	2095.729	493.9502	191726	8483.562	95.37366	2591.815	94.66192	82.91815	95.37366	2591.815
38.05	5088.188		3840.701	20170.92	4907.118	82566.24	330284.5	832.0284	2490.036	9948.264	39814.92	1893.95	-5.338078	882.9182	7.210406e+07	2.022638e+08	768.3274	1595.729	93.95018	331881.9	6183.562	-4.626335	2591.815	-5.338078	882.9182	-4.626335	2591.815
38.34	4587.188		2539.701	23173.92	5208.118	66113.24	280984.5	1332.028	1590.036	8948.264	42618.92	1693.95	-5.338078	782.9182	8.362017e+07	2.44329e+08	768.3274	1395.729	593.9502	470071.9	9184.562	-4.626335	2491.815	-5.338078	782.9182	-4.626335	2491.815
38.62	6188.188	4231550	3740.701	36990.92	5508.118	52879.25	251268.5	1432.028	1390.036	13450.26	58350.92	1793.95	-5.338078	1482.918	9.714385e+07	2.383194e+08	1168.327	3395.729	93.95018	561018.9	10084.56	95.37366	3091.815	-5.338078	1482.918	95.37366	3091.815
38.91	4887.188	3891742	1339.701	59835.92	6808.118	42056.25	218963.5	2332.028	3190.036	19053.26	66571.92	1893.95	-5.338078	982.9182	1.043097e+08	2.904044e+08	1068.327	4995.729	93.95018	662866.9	11885.56	95.37366	4391.815	-5.338078	982.9182	95.37366	4391.815
39.19	6488.188	3303633	2940.701	70263.92	6208.118	36145.25	175217.5	1732.028	3591.036	16051.26	71384.92	993.9502	-5.338078	682.9182	1.128142e+08	3.184524e+08	1668.327	3195.729	493.9502	653730.9	10184.56	-4.626335	3491.815	-5.338078	682.9182	-4.626335	3491.815
39.48	7188.188	2374866	3640.701	68658.92	15212.12	27832.25	123506.5	1232.028	3290.036	18453.26	72788.92	1393.95	-5.338078	1482.918	1.249736e+08	3.565201e+08	1968.327	3095.729	393.9502	555292.9	10084.56	-4.626335	2491.815	-5.338078	1482.918	-4.626335	2491.815
39.77	14591.19	1709870	2439.701	77484.92	20115.12	22326.25	124310.5	2332.028	3290.036	15851.26	73991.92	693.9502	-5.338078	1082.918	1.273402e+08	3.725494e+08	1268.327	2595.729	293.9502	405861.9	11985.56	-4.626335	3391.815	-5.338078	1082.918	-4.626335	3391.815
40.05	15992.19	1629544	2940.701	70664.92	29525.12	22926.25	109841.5	2232.028	3691.036	15851.26	67573.92	793.9502	-5.338078	782.9182	1.355188e+08	3.68542e+08	1768.327	2595.729	93.95018	301298.9	9084.562	-4.626335	2591.815	-5.338078	782.9182	-4.626335	2591.815
40.34	16392.19	1328422	2739.701	84607.92	32929.12	16920.25	98794.52	1832.028	3891.036	12749.26	66470.92	793.9502	-5.338078	1282.918	1.311858e+08	3.344805e+08	1268.327	2495.729	-6.049822	233076	10284.56	-4.626335	1591.815	-5.338078	1282.918	-4.626335	1591.815
40.62	12290.19	1142102	2940.701	88722.92	23618.12	13718.25	66185.52	3132.028	4691.036	11449.26	69679.92	593.9502	94.66192	1582.918	1.26595e+08	3.525128e+08	2068.327	1895.729	93.95018	199890	9684.562	-4.626335	1991.815	94.66192	1582.918	-4.626335	1991.815
40.91	12990.19	928471.6	4240.701	103479.9	20916.12	10815.25	62375.53	2032.028	3390.036	14050.26	78706.92	93.95018	-5.338078	2182.918	1.399303e+08	3.384877e+08	1168.327	2795.729	393.9502	155778	11185.56	-4.626335	2091.815	-5.338078	2182.918	-4.626335	2091.815
41.2	8588.188	812612.6	3840.701	107797.9	14411.12	7614.246	47340.53	2832.028	3390.036	19354.26	76599.92	193.9502	-5.338078	1982.918	1.433489e+08	4.026059e+08	1468.327	4195.729	293.9502	142600	11084.56	-4.626335	1591.815	-5.338078	1982.918	-4.626335	1591.815
41.48	5188.188	607663.6	2839.701	111112.9	11310.12	7614.246	49645.53	2432.028	4691.036	22156.26	76499.92	393.9502	-5.338078	1482.918	1.316247e+08	3.82568e+08	2068.327	3095.729	-6.049822	120383	10484.56	-4.626335	2291.815	-5.338078	1482.918	-4.626335	2291.815
41.77	6388.188	614939.6	3240.701	91733.92	9509.117	4412.246	43633.53	2332.028	3591.036	26760.26	67172.92	393.9502	94.66192	3982.918	1.345082e+08	3.62531e+08	1368.327	2695.729	93.95018	116364	11485.56	-4.626335	1991.815	94.66192	3982.918	-4.626335	1991.815
42.05	6688.188	433754.6	4440.701	82099.92	5808.118	4212.246	41730.53	2632.028	3190.036	27561.26	68375.92	293.9502	-5.338078	2882.918	1.261275e+08	3.444984e+08	3068.327	1695.729	193.9502	114054	10884.56	-4.626335	2891.815	-5.338078	2882.918	-4.626335	2891.815
42.34	4787.188	274583.6	2139.701	69661.92	5708.118	3612.246	49044.53	2732.028	4091.036	37875.26	70281.92	-6.049822	-5.338078	3582.918	1.390358e+08	3.785605e+08	2768.327	3195.729	293.9502	105416	12685.56	-4.626335	3691.815	-5.338078	3582.918	-4.626335	3691.815
42.63	3487.189	330062.6	4240.701	69561.92	4607.118	2811.246	56961.53	3332.028	3991.036	42081.26	66571.92	293.9502	94.66192	3482.918	1.344204e+08	3.32477e+08	2468.327	2195.729	293.9502	110839	10684.56	-4.626335	4291.815	94.66192	3482.918	-4.626335	4291.815
42.91	4387.188	272358.6	1439.701	67054.92	3207.117	911.2456	57964.53	3232.028	3991.036	48393.26	60355.92	193.9502	-5.338078	4882.918	1.332931e+08	3.444984e+08	1768.327	1595.729	93.95018	110237	10684.56	-4.626335	4691.815	-5.338078	4882.918	-4.626335	4691.815
43.2	4387.188	272662.6	3740.701	65750.92	3107.117	111.2456	59467.53	2632.028	4491.036	47491.26	62660.92	-6.049822	-5.338078	3682.918	1.222144e+08	3.485056e+08	4168.328	2095.729	-6.049822	122996	9884.562	-4.626335	5492.815	-5.338078	3682.918	-4.626335	5492.815
43.48	6188.188	238608.6	3440.701	62943.92	2807.117	811.2456	59467.53	2832.028	4391.036	47591.26	66871.92	293.9502	-5.338078	4282.918	1.406343e+08	3.785605e+08	2168.327	2995.729	-6.049822	151049	11585.56	-4.626335	3891.815	-5.338078	4282.918	-4.626335	3891.815
43.77	7688.188	185446.6	3540.701	62441.92	2707.117	311.2456	55959.53	2332.028	4691.036	56911.26	71284.92	493.9502	-5.338078	5883.918	1.37101e+08	3.444984e+08	4168.328	2695.729	-6.049822	158998	10984.56	-4.626335	6992.815	-5.338078	5883.918	-4.626335	6992.815
44.06	10689.19	147485.6	1639.701	70764.92	2207.117	311.2456	52150.53	2832.028	3691.036	57612.26	61658.92	193.9502	-5.338078	5183.918	1.39593e+08	4.186367e+08	2968.327	1895.729	193.9502	199184	13486.56	-4.626335	5392.815	-5.338078	5183.918	-4.626335	5392.815
44.34	15492.19	118625.6	4840.701	83303.92	4507.118	2311.246	56460.53	2432.028	2990.036	60620.26	63964.92	793.9502	-5.338078	3282.918	1.362072e+08	3.745531e+08	2568.327	3095.729	93.95018	249028	11385.56	-4.626335	5792.815	-5.338078	3282.918	-4.626335	5792.815
44.63	18994.19	130587.6	3140.701	92636.92	4007.117	3812.246	58665.53	2332.028	2890.036	59116.26	66571.92	893.9502	-5.338078	3982.918	1.380243e+08	3.845718e+08	2968.327	1595.729	193.9502	259433	10984.56	95.37366	6192.815	-5.338078	3982.918	95.37366	6192.815
44.91	28003.19	95621.64	4340.701	101170.9	5808.118	2111.246	57964.53	2632.028	3190.036	60118.26	69077.92	1093.95	-5.338078	3682.918	1.377458e+08	3.224594e+08	3068.327	2695.729	293.9502	257109	10984.56	-4.626335	4991.815	-5.338078	3682.918	-4.626335	4991.815
45.2	30405.19	83575.64	2940.701	93238.92	5308.118	2111.246	50547.53	2332.028	4191.036	55407.26	58350.92	1993.95	-5.338078	4582.918	1.327368e+08	3.68542e+08	2568.327	2795.729	-6.049822	236810	9084.562	-4.626335	4591.815	-5.338078	4582.918	-4.626335	4591.815
45.49	39017.19	107572.6	2739.701	96953.92	7608.118	2711.246	53253.53	2532.028	3190.036	53203.26	65167.92	793.9502	-5.338078	4082.918	1.386693e+08	3.565201e+08	2768.327	2895.729	-6.049822	196967	9884.562	-4.626335	4991.815	-5.338078	4082.918	-4.626335	4991.815
45.77	41521.19	84578.64	3840.701	85711.92	7608.118	5412.246	40828.53	3032.028	3190.036	51499.26	63763.92	693.9502	-5.338078	3482.918	1.373208e+08	3.505092e+08	2068.327	2695.729	193.9502	153866	12585.56	-4.626335	3391.815	-5.338078	3482.918	-4.626335	3391.815
46.06	42523.19	58898.64	4440.701	85711.92	9109.117	811.2456	37223.53	2932.028	4591.036	44686.26	61257.92	1993.95	-5.338078	3182.918	1.421014e+08	3.965944e+08	2368.327	1995.729	93.95018	127016	12685.56	-4.626335	4491.815	-5.338078	3182.918	-4.626335	4491.815
46.34	43926.19	58698.64	3740.701	62441.92	9609.117	311.2456	38825.53	2432.028	4191.036	41380.26	56145.92	993.9502	-5.338078	3082.918	1.302496e+08	3.745531e+08	1568.327	1595.729	93.95018	96278.95	11485.56	-4.626335	2991.815	-5.338078	3082.918	-4.626335	2991.815
46.63	36614.19	64112.64	2940.701	64747.92	8709.117	1411.246	43934.53	2732.028	2890.036	38175.26	54742.92	693.9502	-5.338078	3882.918	1.389772e+08	3.765569e+08	2168.327	2395.729	193.9502	87847.95	11084.56	-4.626335	2791.815	-5.338078	3882.918	-4.626335	2791.815
46.91	35612.19	43763.64	3540.701	54823.92	7208.118	311.2456	37924.53	2632.028	4991.036	34370.26	53439.92	893.9502	-5.338078	3482.918	1.35841e+08	4.186367e+08	3768.327	1295.729	93.95018	79519.95	11485.56	-4.626335	3191.815	-5.338078	3482.918	-4.626335	3191.815
47.2	31507.19	42561.64	4540.701	53721.92	7808.118	-388.7544	54455.53	4332.028	3190.036	33669.26	50733.92	393.9502	94.66192	3282.918	1.332204e+08	4.086173e+08	2368.327	1495.729	93.95018	68286.95	12985.56	-4.626335	3291.815	94.66192	3282.918	-4.626335	3291.815
47.49	27802.19	32744.64	4040.701	51817.92	8308.117	-889.7544	39827.53	2232.028	2290.036	34670.26	58651.92	393.9502	-5.338078	2982.918	1.451524e+08	3.46502e+08	3668.327	1595.729	393.9502	71094.95	11785.56	-4.626335	3191.815	-5.338078	2982.918	-4.626335	3191.815
47.77	30005.19	32744.64	2239.701	47608.92	10109.12	-588.7544	40227.53	2632.028	2790.036	31966.26	44522.92	193.9502	-5.338078	4582.918	1.41045e+08	3.90583e+08	3568.327	2095.729	193.9502	72899.95	12785.56	-4.626335	5092.815	-5.338078	4582.918	-4.626335	5092.815
48.06	29705.19	30640.64	2439.701	48510.92	13411.12	1211.246	42732.53	2432.028	2090.036	32467.26	50032.92	493.9502	-5.338078	3382.918	1.4586e+08	3.865756e+08	4668.328	1795.729	-6.049822	67985.95	10584.56	-4.626335	3591.815	-5.338078	3382.918	-4.626335	3591.815
48.35	29805.19	123952.6	3140.701	44703.92	16112.12	-88.75439	41129.53	2232.028	4891.036	28662.26	50032.92	893.9502	-5.338078	3482.918	1.36178e+08	3.46502e+08	3668.327	595.7296	593.9502	65779.95	8984.562	95.37366	3691.815	-5.338078	3482.918	95.37366	3691.815
48.63	30606.19	30841.64	2940.701	48610.92	26721.12	311.2456	37223.53	3332.028	4291.036	28963.26	59352.92	1993.95	94.66192	2982.918	1.452137e+08	3.645347e+08	2868.327	1095.729	2993.95	72699.95	12185.56	195.3737	3191.815	94.66192	2982.918	195.3737	3191.815
48.92	38417.19	48473.64	3340.701	52318.92	52863.12	1111.246	41930.53	2932.028	4391.036	27761.26	61357.92	1393.95	194.6619	2982.918	1.670283e+08	3.68542e+08	2868.327	1595.729	4593.95	80723.95	12285.56	95.37366	3691.815	194.6619	2982.918	95.37366	3691.815
49.21	36313.19	51680.64	2940.701	56427.92	79734.12	2811.246	37824.53	3232.028	3991.036	27161.26	59854.92	1793.95	94.66192	3082.918	1.352091e+08	4.106212e+08	3168.327	3295.729	2993.95	90356.95	12385.56	-4.626335	3591.815	94.66192	3082.918	-4.626335	3591.815
49.49	48734.19	54587.64	4440.701	56627.92	121904.1	3412.246	36722.53	4132.028	3691.036	27962.26	67272.92	1593.95	394.6619	2682.918	1.446703e+08	4.166328e+08	3568.327	2495.729	5194.95	116565	10884.56	-4.626335	2991.815	394.6619	2682.918	-4.626335	2991.815
49.78	50538.19	32343.64	4140.701	63845.92	147642.1	-288.7544	31514.53	2032.028	3591.036	27361.26	63462.92	1393.95	94.66192	1782.918	1.366175e+08	3.585237e+08	3468.327	2195.729	893.9502	102002	11685.56	-4.626335	2691.815	94.66192	1782.918	-4.626335	2691.815
50.07	50237.19	28638.64	2839.701	54623.92	141708.1	-889.7544	30713.53	3032.028	4891.036	23958.26	62259.92	2193.95	94.66192	1882.918	1.374527e+08	3.144455e+08	2568.327	2595.729	1193.95	111040	11285.56	-4.626335	4391.815	94.66192	1882.918	-4.626335	4391.815
50.35	58956.19	31942.64	3340.701	64246.92	158509.1	811.2456	30813.53	2732.028	3491.036	21455.26	67072.92	1893.95	-5.338078	1682.918	1.212888e+08	3.545164e+08	3268.327	3595.729	1193.95	117972	11785.56	-4.626335	4591.815	-5.338078	1682.918	-4.626335	4591.815
50.64	58656.19	27536.64	2639.701	62542.92	171595.1	-488.7544	33818.53	3032.028	3591.036	24258.26	72587.92	1893.95	-5.338078	2082.918	1.472263e+08	3.82568e+08	3768.327	1995.729	493.9502	109132	11985.56	-4.626335	3491.815	-5.338078	2082.918	-4.626335	3491.815
50.92	63066.19	35548.64	3940.701	66953.92	183982.1	-789.7544	33717.53	4132.028	3290.036	20054.26	73590.92	1293.95	-5.338078	1982.918	1.41175e+08	3.525128e+08	2268.327	3695.729	293.9502	102705	11885.56	-4.626335	2191.815	-5.338078	1982.918	-4.626335	2191.815
51.21	70587.19	30640.64	4540.701	56327.92	176327.1	411.2456	31014.53	2932.028	3290.036	18153.26	71284.92	1993.95	-5.338078	1882.918	1.491297e+08	3.965944e+08	2968.327	2495.729	93.95018	94572.95	11185.56	-4.626335	2191.815	-5.338078	1882.918	-4.626335	2191.815
51.5	75902.19	20427.64	2539.701	53420.92	203735.1	511.2456	27009.53	3032.028	5191.036	17252.26	68175.92	1693.95	294.6619	1082.918	1.397983e+08	3.404912e+08	2468.327	2295.729	293.9502	73200.95	10684.56	-4.626335	3391.815	294.6619	1082.918	-4.626335	3391.815
51.78	76002.19	23431.64	3440.701	54022.92	245407.1	-388.7544	27309.53	2932.028	4191.036	15651.26	82217.92	2793.95	-5.338078	2382.918	1.431288e+08	3.62531e+08	1768.327	2495.729	193.9502	65378.95	11685.56	-4.626335	3291.815	-5.338078	2382.918	-4.626335	3291.815
52.07	105911.2	25734.64	3440.701	56928.92	356735.1	-88.75439	27910.53	2332.028	4191.036	16251.26	92754.92	3093.95	-5.338078	1582.918	1.391091e+08	3.665384e+08	2168.327	1895.729	593.9502	60967.95	10484.56	-4.626335	3491.815	-5.338078	1582.918	-4.626335	3491.815
52.35	118367.2	19226.64	4540.701	60036.92	486497.1	-1489.754	23805.53	2532.028	2990.036	17252.26	88539.92	3593.95	-5.338078	2482.918	1.364563e+08	3.525128e+08	1868.327	3495.729	293.9502	51546.95	10984.56	95.37366	4891.815	-5.338078	2482.918	95.37366	4891.815
52.64	132437.2	18025.64	4240.701	62542.92	628204.1	-1189.754	26308.53	2332.028	4591.036	19854.26	96167.92	5094.95	-5.338078	1982.918	1.391864e+08	4.406799e+08	2968.327	4095.729	293.9502	59163.95	11185.56	-4.626335	4191.815	-5.338078	1982.918	-4.626335	4191.815
52.93	137162.2	19026.64	1539.701	61038.92	678699.1	-288.7544	24306.53	2332.028	3991.036	24658.26	90245.92	4093.95	-5.338078	1882.918	1.372036e+08	3.645347e+08	2768.327	2895.729	193.9502	63574.95	11685.56	95.37366	4491.815	-5.338078	1882.918	95.37366	4491.815
53.21	130929.2	30741.64	3640.701	64547.92	654055.1	911.2456	22104.53	3232.028	2790.036	24658.26	90546.92	4293.95	-5.338078	1582.918	1.372182e+08	3.565201e+08	2668.327	3895.729	193.9502	59865.95	12285.56	95.37366	5392.815	-5.338078	1582.918	95.37366	5392.815
53.5	132839.2	25533.64	2439.701	63745.92	681575.1	-588.7544	19801.53	3332.028	4791.036	23457.26	80110.92	3793.95	-5.338078	1082.918	1.328247e+08	3.404912e+08	1768.327	2895.729	93.95018	58461.95	11084.56	-4.626335	3491.815	-5.338078	1082.918	-4.626335	3491.815
53.78	122285.2	15523.64	3340.701	63043.92	615084.1	511.2456	18801.53	2432.028	2590.036	30965.26	90345.92	3193.95	-5.338078	1882.918	1.435691e+08	3.885793e+08	1768.327	3695.729	293.9502	73300.95	11185.56	-4.626335	3991.815	-5.338078	1882.918	-4.626335	3991.815
54.07	118367.2	15423.64	2439.701	64848.92	595621.1	711.2456	20102.53	3232.028	3991.036	30965.26	82418.92	3693.95	94.66192	2182.918	1.392997e+08	3.565201e+08	1868.327	2495.729	-6.049822	86944.95	13586.56	-4.626335	3891.815	94.66192	2182.918	-4.626335	3891.815
54.36	105509.2	11419.64	4740.701	73973.92	558171.1	611.2456	21803.53	2432.028	2790.036	34971.26	78906.92	3993.95	-5.338078	1382.918	1.173116e+08	3.82568e+08	2068.327	2195.729	193.9502	114857	11285.56	-4.626335	3391.815	-5.338078	1382.918	-4.626335	3391.815
54.64	106614.2	11019.64	2739.701	75879.92	512407.1	-88.75439	22504.53	2532.028	4091.036	35071.26	81113.92	5694.95	-5.338078	1682.918	1.412504e+08	3.404912e+08	1868.327	2695.729	793.9502	211888	12185.56	-4.626335	5892.815	-5.338078	1682.918	-4.626335	5892.815
54.93	110330.2	13321.64	4340.701	88320.92	488536.1	-288.7544	23805.53	3632.028	4591.036	36873.26	88639.92	8294.95	-5.338078	2082.918	1.363391e+08	3.865756e+08	2668.327	2995.729	293.9502	241757	11185.56	-4.626335	3491.815	-5.338078	2082.918	-4.626335	3491.815
55.22	101091.2	11820.64	2839.701	85310.92	440353.1	-188.7544	24806.53	2532.028	3891.036	36773.26	78906.92	11396.95	-5.338078	2382.918	1.416172e+08	3.645347e+08	2468.327	2795.729	1193.95	268932.9	10584.56	-4.626335	5292.815	-5.338078	2382.918	-4.626335	5292.815
55.5	93261.19	13221.64	2439.701	86213.92	369925.1	611.2456	26308.53	2132.028	1790.036	43083.26	81113.92	10595.95	-5.338078	1982.918	1.413531e+08	3.525128e+08	2368.327	2595.729	593.9502	283997.9	11385.56	-4.626335	6592.815	-5.338078	1982.918	-4.626335	6592.815
55.79	104103.2	13421.64	3640.701	96451.92	372056.1	811.2456	35620.53	2932.028	3791.036	47191.26	86732.92	8394.95	-5.338078	2582.918	1.387133e+08	3.925868e+08	1768.327	2695.729	893.9502	249836	8884.562	-4.626335	7092.815	-5.338078	2582.918	-4.626335	7092.815
56.07	105409.2	19126.64	4240.701	89224.92	374188.1	711.2456	28711.53	3932.028	2890.036	41581.26	89341.92	7294.95	-5.338078	1382.918	1.32971e+08	3.585237e+08	2668.327	2295.729	393.9502	188905	9284.562	95.37366	6292.815	-5.338078	1382.918	95.37366	6292.815
56.36	109225.2	19126.64	2539.701	84708.92	387285.1	-488.7544	26508.53	2232.028	2890.036	38376.26	84224.92	7894.95	-5.338078	2682.918	1.428939e+08	3.505092e+08	2368.327	3395.729	393.9502	179134	9484.562	-4.626335	7692.815	-5.338078	2682.918	-4.626335	7692.815
56.65	136358.2	51279.64	2339.701	75979.92	404149.1	111.2456	27309.53	1932.028	4691.036	37574.26	96669.92	7894.95	-5.338078	2982.918	1.320783e+08	3.404912e+08	3268.327	2795.729	993.9502	165842	13386.56	-4.626335	8292.815	-5.338078	2982.918	-4.626335	8292.815
56.93	140179.2	22830.64	2739.701	71065.92	407503.1	111.2456	27409.53	1932.028	4691.036	31065.26	90947.92	7894.95	-5.338078	2382.918	1.34684e+08	4.00602e+08	2068.327	3295.729	893.9502	177321	10984.56	-4.626335	7892.815	-5.338078	2382.918	-4.626335	7892.815
57.22	134950.2	23431.64	3640.701	58131.92	392059.1	511.2456	21203.53	2632.028	3691.036	32868.26	96568.92	8194.95	-5.338078	2482.918	1.41175e+08	3.645347e+08	3168.327	3195.729	393.9502	178126	11785.56	-4.626335	8192.815	-5.338078	2482.918	-4.626335	8192.815
57.5	145308.2	24332.64	5340.701	61539.92	405775.1	-588.7544	27910.53	2032.028	3791.036	28462.26	102893.9	10295.95	-5.338078	1882.918	1.451109e+08	3.12442e+08	2268.327	3695.729	693.9502	146723	10684.56	-4.626335	9993.815	-5.338078	1882.918	-4.626335	9993.815
57.79	153255.2	22830.64	3440.701	61439.92	406588.1	1311.246	23905.53	2432.028	3290.036	26961.26	98174.92	8494.95	-5.338078	1782.918	1.388306e+08	3.424948e+08	3268.327	3495.729	1193.95	125709	10884.56	-4.626335	8092.815	-5.338078	1782.918	-4.626335	8092.815
58.08	144202.2	70130.64	1839.701	71566.92	422651.1	-88.75439	24806.53	1932.028	3491.036	27361.26	99178.92	8695.95	194.6619	2282.918	1.312318e+08	3.68542e+08	2968.327	3995.729	793.9502	94070.95	10184.56	195.3737	8993.815	194.6619	2282.918	195.3737	8993.815
58.36	144302.2	25734.64	3640.701	85109.92	431908.1	411.2456	23705.53	2032.028	4491.036	27161.26	110124.9	5994.95	-5.338078	2282.918	1.272546e+08	3.605274e+08	2568.327	3395.729	693.9502	81726.95	8583.562	-4.626335	10493.82	-5.338078	2282.918	-4.626335	10493.82
58.65	123692.2	19927.64	1339.701	91934.92	401710.1	-488.7544	19601.53	2032.028	4191.036	22957.26	105002.9	5194.95	-5.338078	2382.918	1.245355e+08	3.004214e+08	3068.327	3495.729	493.9502	74604.95	10384.56	95.37366	8993.815	-5.338078	2382.918	95.37366	8993.815
58.93	97878.19	15022.64	2639.701	111413.9	354200.1	1411.246	22404.53	3532.028	3390.036	26160.26	100986.9	4193.95	-5.338078	2182.918	1.275302e+08	3.725494e+08	2368.327	3695.729	1593.95	69590.95	9084.562	95.37366	9293.815	-5.338078	2182.918	95.37366	9293.815
59.22	89848.19	83374.64	2940.701	144785.9	321867.1	-88.75439	15998.53	2632.028	3591.036	26760.26	100785.9	3593.95	-5.338078	2882.918	1.245647e+08	3.224594e+08	2268.327	2695.729	293.9502	67484.95	8183.562	-4.626335	8492.815	-5.338078	2882.918	-4.626335	8492.815
59.5	87440.19	37451.64	3340.701	160783.9	285630.1	511.2456	23905.53	2732.028	4391.036	34570.26	97572.92	3293.95	-5.338078	1982.918	1.272379e+08	3.665384e+08	2168.327	3695.729	93.95018	65479.95	10984.56	-4.626335	6092.815	-5.338078	1982.918	-4.626335	6092.815
59.79	83125.19	22229.64	2739.701	162192.9	279967.1	611.2456	23505.53	2432.028	2990.036	40479.26	98877.92	2193.95	-5.338078	3382.918	1.346547e+08	3.444984e+08	1668.327	4795.729	293.9502	62070.95	12185.56	-4.626335	6492.815	-5.338078	3382.918	-4.626335	6492.815
60.07	100991.2	14021.64	3540.701	140661.9	339194.1	-488.7544	22104.53	2732.028	3691.036	37474.26	92854.92	3993.95	-5.338078	2782.918	1.300741e+08	2.98418e+08	2268.327	2295.729	393.9502	56356.95	8583.562	95.37366	5692.815	-5.338078	2782.918	95.37366	5692.815
60.36	98380.19	13721.64	2339.701	116336.9	437504.1	-388.7544	24706.53	3532.028	4791.036	40279.26	95564.92	3493.95	-5.338078	3082.918	1.343179e+08	3.304735e+08	2368.327	3395.729	-6.049822	64476.95	9584.562	-4.626335	4791.815	-5.338078	3082.918	-4.626335	4791.815
60.65	128617.2	13021.64	4040.701	105990.9	602892.1	-1189.754	19701.53	2332.028	4091.036	33669.26	92955.92	4893.95	-5.338078	2682.918	1.299278e+08	3.164489e+08	2668.327	4295.729	293.9502	61468.95	10684.56	-4.626335	5492.815	-5.338078	2682.918	-4.626335	5492.815
60.93	129823.2	10419.64	2639.701	90227.92	659495.1	-188.7544	16799.53	2632.028	3691.036	25960.26	95263.92	4493.95	-5.338078	1582.918	1.340397e+08	3.2847e+08	1368.327	4495.729	493.9502	57659.95	9684.562	95.37366	4791.815	-5.338078	1582.918	95.37366	4791.815
61.22	117965.2	13221.64	4140.701	79490.92	571365.1	-88.75439	18100.53	2332.028	4191.036	22456.26	93858.92	5294.95	-5.338078	1282.918	1.318881e+08	3.304735e+08	1968.327	3995.729	293.9502	62070.95	10884.56	-4.626335	3991.815	-5.338078	1282.918	-4.626335	3991.815
61.5	111535.2	14121.64	2039.701	72970.92	495878.1	-388.7544	20502.53	2032.028	3591.036	24358.26	81715.92	4893.95	-5.338078	1482.918	1.053803e+08	3.605274e+08	1868.327	2895.729	93.95018	66181.95	10784.56	-4.626335	3691.815	-5.338078	1482.918	-4.626335	3691.815
61.79	101392.2	16323.64	3540.701	80092.92	399576.1	111.2456	22304.53	2032.028	3591.036	25259.26	79408.92	2193.95	-5.338078	1682.918	1.412211e+08	3.62531e+08	2968.327	2595.729	293.9502	78215.95	9484.562	-4.626335	3591.815	-5.338078	1682.918	-4.626335	3591.815
62.08	85132.19	19226.64	3940.701	62843.92	335241.1	-789.7544	25707.53	3132.028	3390.036	22356.26	76700.92	2893.95	-5.338078	1482.918	1.342447e+08	3.585237e+08	1768.327	2295.729	193.9502	77914.95	10784.56	-4.626335	3491.815	-5.338078	1482.918	-4.626335	3491.815
62.36	73395.19	16924.64	2839.701	65249.92	277742.1	-88.75439	25006.53	2332.028	2390.036	26460.26	73289.92	2393.95	-5.338078	2882.918	1.35841e+08	3.665384e+08	3268.327	2795.729	293.9502	81024.95	9484.562	-4.626335	3591.815	-5.338078	2882.918	-4.626335	3591.815
62.65	62264.19	16624.64	2940.701	58432.92	200609.1	-789.7544	30012.53	2832.028	3190.036	21255.26	65969.92	1893.95	-5.338078	1082.918	1.33132e+08	3.725494e+08	3368.327	1695.729	-6.049822	92564.95	11785.56	-4.626335	2591.815	-5.338078	1082.918	-4.626335	2591.815
62.94	57052.19	17424.64	1739.701	52218.92	158005.1	211.2456	28811.53	2532.028	3591.036	24458.26	60255.92	1393.95	-5.338078	2582.918	1.256162e+08	4.266523e+08	1568.327	1395.729	93.95018	114154	11185.56	-4.626335	2391.815	-5.338078	2582.918	-4.626335	2391.815
63.22	52642.19	16724.64	3440.701	46807.92	113163.1	-1489.754	29412.53	2332.028	2590.036	22656.26	61858.92	2393.95	-5.338078	1682.918	1.304251e+08	3.985982e+08	3068.327	2095.729	-6.049822	183868	9984.562	-4.626335	2491.815	-5.338078	1682.918	-4.626335	2491.815
63.51	47833.19	21128.64	2339.701	54924.92	103823.1	-989.7544	29712.53	3732.028	4191.036	28062.26	64164.92	1793.95	-5.338078	2782.918	1.3464e+08	3.545164e+08	3268.327	2195.729	293.9502	245695	12085.56	-4.626335	4891.815	-5.338078	2782.918	-4.626335	4891.815
63.79	43926.19	22229.64	3940.701	61740.92	74117.12	411.2456	35921.53	3132.028	4091.036	35171.26	66270.92	1493.95	-5.338078	3582.918	1.319173e+08	3.084351e+08	2568.327	2995.729	-6.049822	267820.9	10384.56	-4.626335	5292.815	-5.338078	3582.918	-4.626335	5292.815
64.08	35012.19	28938.64	3340.701	58331.92	71610.12	-1389.754	35220.53	2232.028	3491.036	37975.26	60756.92	1793.95	-5.338078	3182.918	1.372622e+08	3.885793e+08	3268.327	2695.729	93.95018	330666.9	8984.562	-4.626335	4491.815	-5.338078	3182.918	-4.626335	4491.815
64.37	28603.19	35248.64	2539.701	59434.92	53164.12	1011.246	43233.53	2032.028	3190.036	43284.26	58651.92	1693.95	-5.338078	3682.918	1.38083e+08	3.865756e+08	2668.327	2295.729	-6.049822	357024.9	10484.56	-4.626335	5492.815	-5.338078	3682.918	-4.626335	5492.815
64.65	22197.19	25233.64	1339.701	56627.92	43144.12	511.2456	41029.53	2932.028	3090.036	40379.26	63362.92	1093.95	94.66192	2382.918	1.332204e+08	3.46502e+08	3868.327	2095.729	93.95018	380162.9	10584.56	-4.626335	4891.815	94.66192	2382.918	-4.626335	4891.815
64.94	17393.19	31041.64	1139.701	50815.92	31827.12	1011.246	46439.53	2032.028	3491.036	43284.26	62360.92	793.9502	-5.338078	2882.918	1.301326e+08	3.885793e+08	4568.328	1895.729	-6.049822	347289.9	11885.56	-4.626335	6392.815	-5.338078	2882.918	-4.626335	6392.815
65.23	15392.19	34747.64	3040.701	47107.92	26021.12	411.2456	38725.53	2432.028	3591.036	39277.26	59653.92	1393.95	-5.338078	2782.918	1.346693e+08	3.084351e+08	3468.327	2195.729	-6.049822	450822.9	10484.56	-4.626335	5792.815	-5.338078	2782.918	-4.626335	5792.815
65.51	15392.19	25433.64	2139.701	41096.92	25921.12	1311.246	42632.53	2332.028	4491.036	38576.26	56045.92	1293.95	-5.338078	3882.918	1.360754e+08	3.925868e+08	4668.328	2195.729	93.95018	617117.9	15487.56	95.37366	4191.815	-5.338078	3882.918	95.37366	4191.815
65.8	11690.19	21829.64	2339.701	35287.92	25520.12	10615.25	72302.52	2532.028	3290.036	28562.26	48229.92	1693.95	-5.338078	2182.918	1.261275e+08	3.304735e+08	5569.328	2095.729	293.9502	787711.9	17488.56	-4.626335	5092.815	-5.338078	2182.918	-4.626335	5092.815
66.08	13891.19	36349.64	3040.701	29379.92	23618.12	20324.25	121194.5	2732.028	4291.036	21555.26	50032.92	3393.95	-5.338078	1782.918	1.209742e+08	3.224594e+08	7769.328	1895.729	393.9502	1029046	20891.56	-4.626335	4891.815	-5.338078	1782.918	-4.626335	4891.815
66.37	13090.19	38654.64	3140.701	25275.92	23318.12	21224.25	160921.5	2332.028	2690.036	16552.26	46826.92	4093.95	-5.338078	1582.918	1.211639e+08	3.304735e+08	8069.328	2095.729	393.9502	1210928	18789.56	-4.626335	4391.815	-5.338078	1582.918	-4.626335	4391.815
66.66	10389.19	33345.64	4140.701	25675.92	18614.12	15619.25	146833.5	1932.028	2990.036	14650.26	54241.92	6394.95	-5.338078	1182.918	1.171396e+08	3.144455e+08	4568.328	1295.729	393.9502	1116376	17488.56	195.3737	3691.815	-5.338078	1182.918	195.3737	3691.815
66.94	14291.19	19627.64	3140.701	29079.92	16412.12	12116.25	105522.5	2432.028	3591.036	14650.26	57248.92	4293.95	-5.338078	2082.918	1.239806e+08	2.863977e+08	5569.328	2395.729	193.9502	969328.9	15287.56	95.37366	6092.815	-5.338078	2082.918	95.37366	6092.815
67.23	11490.19	48072.64	2139.701	51316.92	17813.12	12116.25	73305.52	3132.028	1790.036	22556.26	66069.92	4493.95	94.66192	2382.918	1.339079e+08	3.104385e+08	3668.327	3195.729	293.9502	950526.9	15387.56	-4.626335	5792.815	94.66192	2382.918	-4.626335	5792.815
67.51	10989.19	22129.64	1739.701	60737.92	10809.12	10515.25	72904.52	1832.028	2190.036	19954.26	68275.92	4093.95	-5.338078	3482.918	1.390212e+08	3.545164e+08	3168.327	2995.729	293.9502	979306.9	16688.56	195.3737	5092.815	-5.338078	3482.918	195.3737	5092.815
67.8	9589.188	23531.64	3640.701	59735.92	8208.117	10315.25	60871.53	2732.028	4491.036	24358.26	68777.92	4293.95	-5.338078	3282.918	1.310249e+08	3.525128e+08	3368.327	3195.729	393.9502	1058436	13486.56	-4.626335	3791.815	-5.338078	3282.918	-4.626335	3791.815
68.09	12590.19	24532.64	1739.701	66853.92	10309.12	8214.246	58866.53	2532.028	2890.036	30465.26	66571.92	2993.95	-5.338078	3182.918	1.232774e+08	3.344805e+08	3468.327	3095.729	493.9502	958627.9	13386.56	-4.626335	4691.815	-5.338078	3182.918	-4.626335	4691.815
68.37	17493.19	25533.64	3240.701	82500.92	7408.118	8114.246	51950.53	2132.028	4991.036	35371.26	71785.92	3093.95	-5.338078	3582.918	1.389185e+08	3.945906e+08	3868.327	3795.729	93.95018	826948.9	12885.56	-4.626335	4991.815	-5.338078	3582.918	-4.626335	4991.815
68.66	24099.19	30140.64	4040.701	102575.9	7408.118	6313.246	52451.53	3732.028	3190.036	38776.26	83421.92	3493.95	-5.338078	4182.918	1.401503e+08	4.106212e+08	3768.327	3495.729	293.9502	686285.9	13886.56	-4.626335	6392.815	-5.338078	4182.918	-4.626335	6392.815
68.94	30305.19	29339.64	2739.701	119451.9	8108.118	2611.246	48042.53	2832.028	2190.036	39077.26	80311.92	2493.95	-5.338078	2782.918	1.343179e+08	4.246484e+08	2668.327	3695.729	93.95018	473128.9	13886.56	95.37366	4991.815	-5.338078	2782.918	95.37366	4991.815
69.23	35112.19	26535.64	4140.701	152833.9	10409.12	3012.246	41730.53	2632.028	4191.036	32267.26	92051.92	4693.95	-5.338078	4682.918	1.232774e+08	3.68542e+08	2268.327	4195.729	-6.049822	400577.9	9984.562	-4.626335	5292.815	-5.338078	4682.918	-4.626335	5292.815
69.51	36113.19	22029.64	3440.701	178906.9	12910.12	2111.246	35019.53	3832.028	3991.036	27261.26	86933.92	6094.95	-5.338078	4682.918	1.317125e+08	4.106212e+08	1668.327	5096.729	293.9502	332591.9	12485.56	-4.626335	4991.815	-5.338078	4682.918	-4.626335	4991.815
69.8	39819.19	19526.64	1939.701	160884.9	14511.12	2011.246	31314.53	2032.028	3190.036	24959.26	97773.92	4293.95	-5.338078	3382.918	1.292698e+08	3.244629e+08	2968.327	4595.729	93.95018	280660.9	10284.56	-4.626335	5092.815	-5.338078	3382.918	-4.626335	5092.815
70.09	39218.19	18425.64	3840.701	169642.9	15512.12	611.2456	27910.53	2132.028	3290.036	21555.26	97271.92	4793.95	-5.338078	3782.918	1.373501e+08	3.605274e+08	1368.327	4495.729	193.9502	231763	10884.56	-4.626335	5792.815	-5.338078	3782.918	-4.626335	5792.815
70.37	38517.19	16323.64	1939.701	182432.9	17413.12	411.2456	21903.53	1932.028	2790.036	17152.26	93858.92	6194.95	-5.338078	3682.918	1.324441e+08	3.645347e+08	2368.327	3995.729	193.9502	200898	9384.562	-4.626335	5492.815	-5.338078	3682.918	-4.626335	5492.815
70.66	41321.19	14221.64	2539.701	178302.9	17113.12	-789.7544	16399.53	3132.028	2390.036	17552.26	97271.92	4693.95	-5.338078	3882.918	1.22769e+08	3.404912e+08	968.3274	4395.729	93.95018	183666	9684.562	-4.626335	6892.815	-5.338078	3882.918	-4.626335	6892.815
70.95	43124.19	14221.64	3540.701	157261.9	18914.12	111.2456	16999.53	2932.028	4091.036	15751.26	91750.92	5394.95	-5.338078	3382.918	1.220101e+08	3.525128e+08	1268.327	4695.729	193.9502	172688	11084.56	-4.626335	3791.815	-5.338078	3382.918	-4.626335	3791.815
71.23	44527.19	15022.64	2039.701	151223.9	20415.12	1411.246	14998.53	2732.028	3791.036	13350.26	93356.92	4793.95	-5.338078	2582.918	1.178537e+08	3.184524e+08	1168.327	3695.729	93.95018	196665	7783.562	-4.626335	4991.815	-5.338078	2582.918	-4.626335	4991.815
71.52	36914.19	18325.64	2039.701	134326.9	18114.12	1011.246	20202.53	3332.028	2890.036	11649.26	78405.92	5794.95	-5.338078	2482.918	1.038596e+08	2.98418e+08	1268.327	5796.729	193.9502	220361	7283.562	95.37366	3591.815	-5.338078	2482.918	95.37366	3591.815
71.8	31707.19	25633.64	2139.701	118948.9	17413.12	511.2456	16699.53	1232.028	3791.036	9048.264	65969.92	5394.95	-5.338078	2082.918	9.633244e+07	2.863977e+08	868.3274	2595.729	593.9502	219554	6983.562	-4.626335	2591.815	-5.338078	2082.918	-4.626335	2591.815
72.09	28804.19	20327.64	3140.701	85109.92	13411.12	2611.246	13197.53	1732.028	2190.036	8247.264	51034.92	5094.95	-5.338078	1582.918	7.105374e+07	1.561964e+08	368.3274	2295.729	-6.049822	189107	4282.562	-4.626335	2291.815	-5.338078	1582.918	-4.626335	2291.815
72.38	19194.19	17424.64	839.7012	61539.92	9709.117	711.2456	8694.526	1932.028	1390.036	3746.263	42017.92	3993.95	-5.338078	1682.918	5.608106e+07	1.541936e+08	468.3274	2195.729	93.95018	131841	3282.562	-4.626335	2391.815	-5.338078	1682.918	-4.626335	2391.815
72.66	15492.19	10519.64	-60.29883	53320.92	10209.12	411.2456	10195.53	932.0284	1190.036	3546.263	29600.92	3093.95	-5.338078	682.9182	4.47393e+07	1.194129e+08	168.3274	1095.729	-6.049822	105617	2682.562	-4.626335	891.8149	-5.338078	682.9182	-4.626335	891.8149
72.95	10589.19	8718.641	-1161.299	39093.92	5308.118	1011.246	6293.527	1032.028	1290.036	2446.263	22792.92	1893.95	-5.338078	382.9182	3.349062e+07	9.15355e+07	368.3274	1095.729	-6.049822	72297.95	1982.562	-4.626335	791.8149	-5.338078	382.9182	-4.626335	791.8149
73.23	9589.188	7917.641	839.7012	29580.92	5308.118	111.2456	4193.527	632.0284	1190.036	2346.263	21291.92	1493.95	-5.338078	582.9182	2.487513e+07	7.93418e+07	168.3274	695.7296	-6.049822	65679.95	2682.562	-4.626335	891.8149	-5.338078	582.9182	-4.626335	891.8149
73.52	8588.188	8718.641	1239.701	26776.92	4607.118	-689.7544	3092.527	632.0284	590.0356	1946.263	16688.92	693.9502	-5.338078	582.9182	2.148304e+07	5.611365e+07	-31.6726	995.7296	93.95018	47739.95	1282.562	-4.626335	691.8149	-5.338078	582.9182	-4.626335	691.8149
73.8	6688.188	3415.641	439.7012	23073.92	4407.118	511.2456	4893.527	132.0284	190.0356	1446.263	12485.92	1093.95	-5.338078	282.9182	1.632308e+07	4.808394e+07	-31.6726	195.7295	-6.049822	36720.95	1382.562	-4.626335	191.8149	-5.338078	282.9182	-4.626335	191.8149
74.09	6388.188	4215.641	-761.2988	19569.92	1807.117	411.2456	2392.527	32.02844	690.0356	2046.263	9184.918	493.9502	-5.338078	182.9182	1.26703e+07	4.16474e+07	268.3274	95.72954	93.95018	31813.95	782.5623	-4.626335	91.81495	-5.338078	182.9182	-4.626335	91.81495
74.37	3487.189	4315.641	-560.2988	14366.92	2207.117	-1689.754	3193.527	232.0284	590.0356	846.2634	7383.918	293.9502	-5.338078	282.9182	1.158086e+07	3.173584e+07	68.3274	295.7295	93.95018	34317.95	1382.562	-4.626335	691.8149	-5.338078	282.9182	-4.626335	691.8149
74.66	2687.189	3015.641	-1461.299	11864.92	2107.117	-1289.754	1192.527	32.02844	290.0356	1346.263	6483.918	193.9502	-5.338078	82.91815	9855428	2.812421e+07	68.3274	195.7295	-6.049822	23004.95	382.5623	-4.626335	91.81495	-5.338078	82.91815	-4.626335	91.81495
74.95	2387.189	15423.64	-460.2988	8863.922	1207.117	-1189.754	1492.527	32.02844	990.0356	946.2634	4482.918	693.9502	-5.338078	182.9182	7113440	2.284898e+07	68.3274	395.7295	-6.049822	19300.95	2382.562	-4.626335	191.8149	-5.338078	182.9182	-4.626335	191.8149
75.23	1487.189	3615.641	-761.2988	9663.922	2007.117	-1889.754	892.5267	632.0284	490.0356	146.2633	4482.918	593.9502	-5.338078	182.9182	6053964	1.913251e+07	-31.6726	95.72954	-6.049822	14297.95	482.5623	-4.626335	391.8149	-5.338078	182.9182	-4.626335	391.8149
75.52	1487.189	4115.641	-1461.299	5262.922	1007.117	1511.246	1192.527	-67.97156	-409.9644	646.2634	3982.918	293.9502	-5.338078	-17.08185	5757368	1.549101e+07	68.3274	195.7295	-6.049822	11396.95	582.5623	-4.626335	291.8149	-5.338078	-17.08185	-4.626335	291.8149
75.8	487.1886	2415.641	-160.2988	4262.922	907.1174	-989.7544	492.5267	132.0284	-209.9644	446.2633	2482.918	293.9502	-5.338078	82.91815	4684180	1.247823e+07	68.3274	95.72954	-6.049822	11095.95	282.5623	-4.626335	391.8149	-5.338078	82.91815	-4.626335	391.8149
76.09	1287.189	1414.641	-1361.299	4162.922	607.1174	-88.75439	692.5267	232.0284	-9.964355	846.2634	1882.918	-6.049822	-5.338078	182.9182	3540748	8786797	168.3274	-4.270463	-6.049822	9295.95	782.5623	-4.626335	91.81495	-5.338078	182.9182	-4.626335	91.81495
76.38	687.1886	514.6406	-1961.299	4562.922	107.1174	-1089.754	-207.4733	132.0284	790.0356	746.2634	2482.918	-6.049822	-5.338078	182.9182	2722220	8559758	68.3274	95.72954	-6.049822	5594.95	-17.43772	-4.626335	-8.185054	-5.338078	182.9182	-4.626335	-8.185054
76.66	887.1886	3315.641	-1561.299	2361.922	507.1174	-1889.754	892.5267	232.0284	-109.9644	246.2633	1282.918	193.9502	-5.338078	-17.08185	2200156	7098539	168.3274	95.72954	-6.049822	6794.95	82.56228	-4.626335	191.8149	-5.338078	-17.08185	-4.626335	191.8149
76.95	887.1886	2715.641	-460.2988	2561.922	407.1174	-789.7544	-907.4733	32.02844	-309.9644	146.2633	1682.918	393.9502	-5.338078	182.9182	2242482	7878726	368.3274	295.7295	-6.049822	6894.95	182.5623	-4.626335	191.8149	-5.338078	182.9182	-4.626335	191.8149
77.24	587.1886	714.6406	-60.29883	2361.922	607.1174	-288.7544	792.5267	-167.9716	-109.9644	146.2633	782.9182	93.95018	-5.338078	82.91815	2115504	4305459	-31.6726	-4.270463	-6.049822	6194.95	82.56228	-4.626335	-8.185054	-5.338078	82.91815	-4.626335	-8.185054
77.52	687.1886	1614.641	539.7012	3061.922	407.1174	-1489.754	392.5267	32.02844	290.0356	46.26334	1182.918	93.95018	-5.338078	-17.08185	1833346	4064535	-31.6726	195.7295	93.95018	2293.95	182.5623	-4.626335	191.8149	-5.338078	-17.08185	-4.626335	191.8149
77.81	487.1886	2114.641	-160.2988	1761.922	107.1174	-889.7544	692.5267	-367.9716	190.0356	146.2633	582.9182	-6.049822	-5.338078	82.91815	1015215	4503880	-31.6726	-4.270463	-6.049822	5094.95	182.5623	-4.626335	91.81495	-5.338078	82.91815	-4.626335	91.81495
78.11	287.1886	1514.641	-2261.299	1261.922	7.117439	-2289.754	-7.473267	-67.97156	490.0356	346.2633	682.9182	-6.049822	-5.338078	-17.08185	1001111	2746829	68.3274	95.72954	-6.049822	2693.95	-17.43772	-4.626335	-8.185054	-5.338078	-17.08185	-4.626335	-8.185054
78.4	487.1886	414.6406	-861.2988	861.9218	307.1174	-689.7544	1492.527	332.0284	1490.036	346.2633	982.9182	-6.049822	-5.338078	82.91815	1367834	3058500	-31.6726	95.72954	-6.049822	3393.95	-17.43772	-4.626335	91.81495	-5.338078	82.91815	-4.626335	91.81495
78.68	187.1886	-385.3594	-560.2988	661.9218	107.1174	211.2456	1192.527	432.0284	-309.9644	46.26334	282.9182	93.95018	-5.338078	-17.08185	629089.4	2746829	-31.6726	-4.270463	-6.049822	1893.95	282.5623	-4.626335	-8.185054	-5.338078	-17.08185	-4.626335	-8.185054
78.97	187.1886	814.6406	-1461.299	861.9218	107.1174	-889.7544	-407.4733	-67.97156	-109.9644	246.2633	82.91815	-6.049822	-5.338078	-17.08185	591795.4	2831828	68.3274	-4.270463	-6.049822	893.9502	-17.43772	-4.626335	91.81495	-5.338078	-17.08185	-4.626335	91.81495
79.25	187.1886	714.6406	-861.2988	661.9218	7.117439	-288.7544	-307.4733	-467.9716	890.0356	-53.73666	182.9182	93.95018	-5.338078	-17.08185	537590.4	1840306	-31.6726	-4.270463	-6.049822	793.9502	82.56228	-4.626335	191.8149	-5.338078	-17.08185	-4.626335	191.8149
79.54	87.18861	1114.641	-460.2988	361.9218	307.1174	-1189.754	-107.4733	-267.9716	-109.9644	-53.73666	482.9182	-6.049822	-5.338078	-17.08185	445404.4	1925282	268.3274	-4.270463	-6.049822	493.9502	82.56228	-4.626335	-8.185054	-5.338078	-17.08185	-4.626335	-8.185054
79.83	187.1886	314.6406	-1261.299	1361.922	407.1174	-288.7544	-407.4733	-167.9716	190.0356	-53.73666	482.9182	-6.049822	-5.338078	-17.08185	505022.4	1188885	-31.6726	-4.270463	-6.049822	1393.95	-17.43772	-4.626335	-8.185054	-5.338078	-17.08185	-4.626335	-8.185054
80.11	87.18861	614.6406	-761.2988	61.92175	7.117439	-1389.754	-407.4733	232.0284	290.0356	146.2633	-17.08185	-6.049822	-5.338078	182.9182	268302.4	843964.8	68.3274	-4.270463	-6.049822	1093.95	-17.43772	-4.626335	-8.185054	-5.338078	182.9182	-4.626335	-8.185054
80.4	287.1886	-185.3594	-360.2988	161.9218	207.1174	-1289.754	-407.4733	-67.97156	-209.9644	46.26334	182.9182	-6.049822	-5.338078	-17.08185	392122.4	1457936	-31.6726	-4.270463	-6.049822	1393.95	-17.43772	95.37366	-8.185054	-5.338078	-17.08185	95.37366	-8.185054
80.69	87.18861	-385.3594	339.7012	461.9218	7.117439	-1489.754	-207.4733	132.0284	90.03564	46.26334	82.91815	-6.049822	-5.338078	-17.08185	330136.4	693318.8	-31.6726	-4.270463	-6.049822	1193.95	-17.43772	-4.626335	-8.185054	-5.338078	-17.08185	-4.626335	-8.185054
80.98	-12.81139	214.6406	939.7012	-238.0782	-92.88256	-689.7544	-207.4733	132.0284	-609.9644	46.26334	-17.08185	-6.049822	-5.338078	-17.08185	211375.4	509269.8	-31.6726	-4.270463	-6.049822	893.9502	82.56228	-4.626335	-8.185054	-5.338078	-17.08185	-4.626335	-8.185054
81.27	87.18861	-1185.359	-1861.299	561.9218	107.1174	-488.7544	-707.4733	-167.9716	-109.9644	46.26334	82.91815	-6.049822	-5.338078	-17.08185	316866.4	594214.8	-31.6726	-4.270463	-6.049822	93.95018	-17.43772	-4.626335	-8.185054	-5.338078	-17.08185	-4.626335	-8.185054
81.55	187.1886	914.6406	-1161.299	61.92175	107.1174	-1789.754	-7.473267	-67.97156	690.0356	-53.73666	82.91815	-6.049822	-5.338078	82.91815	175282.4	98731.77	-31.6726	-4.270463	-6.049822	193.9502	-17.43772	-4.626335	-8.185054	-5.338078	82.91815	-4.626335	-8.185054
81.84	287.1886	14.64062	-761.2988	361.9218	107.1174	-588.7544	-107.4733	32.02844	290.0356	246.2633	82.91815	-6.049822	-5.338078	-17.08185	155552.4	282759.8	-31.6726	-4.270463	-6.049822	-6.049822	-17.43772	-4.626335	91.81495	-5.338078	-17.08185	-4.626335	91.81495
82.14	-12.81139	14.64062	-961.2988	561.9218	7.117439	-588.7544	-307.4733	-267.9716	490.0356	-53.73666	82.91815	-6.049822	-5.338078	-17.08185	111317.4	424326.8	168.3274	-4.270463	-6.049822	493.9502	182.5623	-4.626335	-8.185054	-5.338078	-17.08185	-4.626335	-8.185054
82.42	87.18861	14.64062	-1461.299	-138.0782	-92.88256	-989.7544	592.5267	-267.9716	90.03564	46.26334	82.91815	-6.049822	-5.338078	-17.08185	84010.4	154018.8	-31.6726	-4.270463	-6.049822	-6.049822	-17.43772	-4.626335	-8.185054	-5.338078	-17.08185	-4.626335	-8.185054
82.71	-12.81139	214.6406	-861.2988	461.9218	-92.88256	-1689.754	-407.4733	-167.9716	-309.9644	146.2633	182.9182	-6.049822	-5.338078	-17.08185	154949.4	665003.8	-31.6726	95.72954	-6.049822	-6.049822	-17.43772	-4.626335	-8.185054	-5.338078	-17.08185	-4.626335	-8.185054
83	-12.81139	-185.3594	-1661.299	461.9218	107.1174	-889.7544	-107.4733	-167.9716	-509.9644	46.26334	-17.08185	-6.049822	-5.338078	-17.08185	63149.39	1443774	68.3274	95.72954	-6.049822	293.9502	-17.43772	-4.626335	-8.185054	-5.338078	-17.08185	-4.626335	-8.185054
83.29	87.18861	314.6406	-160.2988	361.9218	7.117439	-1189.754	-507.4733	-67.97156	-109.9644	146.2633	-17.08185	-6.049822	-5.338078	-17.08185	79195.4	424326.8	-31.6726	-4.270463	-6.049822	193.9502	-17.43772	-4.626335	-8.185054	-5.338078	-17.08185	-4.626335	-8.185054
83.57	87.18861	1314.641	-560.2988	361.9218	207.1174	-1289.754	-607.4733	532.0284	-409.9644	-53.73666	82.91815	-6.049822	-5.338078	-17.08185	152735.4	135913.8	168.3274	-4.270463	-6.049822	-6.049822	-17.43772	-4.626335	-8.185054	-5.338078	-17.08185	-4.626335	-8.185054
83.86	87.18861	214.6406	339.7012	161.9218	7.117439	311.2456	-7.473267	-67.97156	-809.9644	-53.73666	-17.08185	-6.049822	-5.338078	-17.08185	56269.39	184020.8	-31.6726	-4.270463	-6.049822	-6.049822	-17.43772	-4.626335	-8.185054	-5.338078	-17.08185	-4.626335	-8.185054
84.15	87.18861	-885.3594	-1061.299	-838.0782	107.1174	-1289.754	-607.4733	-67.97156	-809.9644	-53.73666	82.91815	-6.049822	-5.338078	-17.08185	19477.39	110388.8	-31.6726	-4.270463	93.95018	693.9502	-17.43772	-4.626335	-8.185054	-5.338078	-17.08185	-4.626335	-8.185054
84.43	-12.81139	14.64062	1039.701	61.92175	207.1174	-689.7544	-207.4733	-167.9716	-409.9644	46.26334	82.91815	-6.049822	-5.338078	-17.08185	23981.39	141198.8	-31.6726	-4.270463	-6.049822	-6.049822	-17.43772	-4.626335	-8.185054	-5.338078	-17.08185	-4.626335	-8.185054
84.72	-12.81139	914.6406	-1161.299	-238.0782	-92.88256	-989.7544	-607.4733	-567.9716	-209.9644	46.26334	-17.08185	-6.049822	-5.338078	-17.08185	53527.39	86293.77	68.3274	-4.270463	-6.049822	-6.049822	82.56228	-4.626335	91.81495	-5.338078	-17.08185	-4.626335	91.81495
85	-12.81139	-185.3594	-660.2988	161.9218	107.1174	-989.7544	-407.4733	232.0284	-109.9644	-53.73666	82.91815	-6.049822	-5.338078	-17.08185	42004.39	26758.77	-31.6726	-4.270463	93.95018	-6.049822	-17.43772	-4.626335	-8.185054	-5.338078	-17.08185	-4.626335	-8.185054
85.29	187.1886	114.6406	-1961.299	-538.0782	-92.88256	-488.7544	-207.4733	132.0284	-9.964355	46.26334	-17.08185	-6.049822	-5.338078	-17.08185	32490.39	60216.77	-31.6726	-4.270463	-6.049822	-6.049822	-17.43772	-4.626335	-8.185054	-5.338078	-17.08185	-4.626335	-8.185054
85.57	-12.81139	1214.641	939.7012	361.9218	107.1174	-1189.754	-307.4733	132.0284	-509.9644	46.26334	82.91815	-6.049822	-5.338078	-17.08185	17075.39	56264.77	-31.6726	-4.270463	-6.049822	393.9502	-17.43772	-4.626335	-8.185054	-5.338078	-17.08185	-4.626335	-8.185054
85.86	-12.81139	-1986.359	-260.2988	661.9218	7.117439	-588.7544	492.5267	132.0284	-709.9644	46.26334	182.9182	-6.049822	-5.338078	-17.08185	44609.39	268603.8	-31.6726	-4.270463	93.95018	-6.049822	82.56228	-4.626335	-8.185054	-5.338078	-17.08185	-4.626335	-8.185054
86.14	-12.81139	414.6406	339.7012	-338.0782	107.1174	-789.7544	92.52673	32.02844	-609.9644	-53.73666	82.91815	-6.049822	-5.338078	-17.08185	33291.39	4043.772	-31.6726	-4.270463	-6.049822	-6.049822	82.56228	-4.626335	-8.185054	-5.338078	-17.08185	-4.626335	-8.185054
86.43	-12.81139	-85.35938	-1061.299	161.9218	7.117439	-488.7544	-307.4733	-167.9716	190.0356	-53.73666	-17.08185	-6.049822	-5.338078	82.91815	36596.39	163881.8	-31.6726	-4.270463	-6.049822	-6.049822	-17.43772	-4.626335	-8.185054	-5.338078	82.91815	-4.626335	-8.185054
86.71	-12.81139	1014.641	-1961.299	61.92175	-92.88256	-1389.754	492.5267	32.02844	890.0356	-53.73666	-17.08185	-6.049822	-5.338078	-17.08185	14173.39	43582.77	-31.6726	-4.270463	-6.049822	-6.049822	-17.43772	-4.626335	-8.185054	-5.338078	-17.08185	-4.626335	-8.185054
87	87.18861	214.6406	-1561.299	-138.0782	-92.88256	-989.7544	92.52673	-167.9716	-109.9644	146.2633	-17.08185	-6.049822	-5.338078	-17.08185	14573.39	57410.77	-31.6726	-4.270463	-6.049822	393.9502	-17.43772	-4.626335	-8.185054	-5.338078	-17.08185	-4.626335	-8.185054
87.28	87.18861	-285.3594	-1061.299	-238.0782	107.1174	-1889.754	-307.4733	-367.9716	190.0356	46.26334	-17.08185	-6.049822	-5.338078	-17.08185	5770.395	76160.77	68.3274	-4.270463	-6.049822	193.9502	-17.43772	-4.626335	-8.185054	-5.338078	-17.08185	-4.626335	-8.185054
87.57	-12.81139	-85.35938	-961.2988	461.9218	-92.88256	-388.7544	-307.4733	-367.9716	-609.9644	46.26334	82.91815	-6.049822	194.6619	-17.08185	24481.39	127043.8	-31.6726	-4.270463	-6.049822	-6.049822	-17.43772	-4.626335	-8.185054	194.6619	-17.08185	-4.626335	-8.185054
87.86	-12.81139	2415.641	-961.2988	61.92175	207.1174	-88.75439	192.5267	-167.9716	190.0356	146.2633	-17.08185	-6.049822	-5.338078	-17.08185	42605.39	7444.772	-31.6726	-4.270463	-6.049822	-6.049822	82.56228	-4.626335	-8.185054	-5.338078	-17.08185	-4.626335	-8.185054
88.14	-12.81139	1014.641	-60.29883	-238.0782	7.117439	-1189.754	-307.4733	-67.97156	190.0356	46.26334	-17.08185	-6.049822	-5.338078	-17.08185	27084.39	343.7722	-31.6726	-4.270463	-6.049822	-6.049822	-17.43772	-4.626335	-8.185054	-5.338078	-17.08185	-4.626335	-8.185054
88.43	87.18861	1414.641	-761.2988	561.9218	207.1174	-1189.754	-107.4733	-67.97156	290.0356	146.2633	82.91815	93.95018	-5.338078	-17.08185	40302.39	5944.772	-31.6726	-4.270463	-6.049822	193.9502	-17.43772	-4.626335	-8.185054	-5.338078	-17.08185	-4.626335	-8.185054
88.72	-12.81139	1314.641	-560.2988	61.92175	-92.88256	-388.7544	92.52673	-467.9716	190.0356	-53.73666	282.9182	-6.049822	-5.338078	-17.08185	-30.60498	13798.77	-31.6726	-4.270463	-6.049822	93.95018	-17.43772	-4.626335	-8.185054	-5.338078	-17.08185	-4.626335	-8.185054
89	-12.81139	-285.3594	39.70117	361.9218	7.117439	-789.7544	992.5267	-167.9716	690.0356	146.2633	-17.08185	93.95018	-5.338078	-17.08185	9071.395	72750.77	-31.6726	-4.270463	-6.049822	-6.049822	-17.43772	-4.626335	-8.185054	-5.338078	-17.08185	-4.626335	-8.185054
