ElapsedTime_s	Ti49_CPS	Al27_CPS	S33_CPS	Sc45_CPS	V51_CPS	Mn55_CPS	Fe57_CPS	Co59_CPS	Ni60_CPS	Ga71_CPS	Zr90_CPS	Nb93_CPS	Mo97_CPS	In113_CPS	Sn119_CPS	Sn118_CPS	Sb121_CPS	Hf177_CPS	Ta181_CPS	W183_CPS	Pb206_CPS	Th232_CPS	U238_CPS	Tc97_CPS	Cd113_CPS	U232_CPS	Pu238_CPS
0	-12.81139	814.6406	-1061.299	-238.0782	107.1174	-1589.754	-107.4733	-67.97156	190.0356	46.26334	-17.08185	-6.049822	-5.338078	-17.08185	7470.395	-56.22775	-31.6726	-4.270463	-6.049822	93.95018	-17.43772	-4.626335	-8.185054	-5.338078	-17.08185	-4.626335	-8.185054
																											
14.22	-12.81139	114.6406	-60.29883	61.92175	-92.88256	-388.7544	392.5267	132.0284	90.03564	46.26334	82.91815	-6.049822	-5.338078	-17.08185	-130.605	-156.2278	-31.6726	-4.270463	-6.049822	-6.049822	-17.43772	-4.626335	-8.185054	-5.338078	-17.08185	-4.626335	-8.185054
14.51	-12.81139	1114.641	-861.2988	761.9218	7.117439	-188.7544	92.52673	332.0284	-709.9644	-53.73666	-17.08185	-6.049822	-5.338078	-17.08185	-30.60498	-56.22775	-31.6726	-4.270463	-6.049822	-6.049822	-17.43772	-4.626335	-8.185054	-5.338078	-17.08185	-4.626335	-8.185054
14.79	-12.81139	14.64062	-260.2988	-138.0782	-92.88256	-288.7544	792.5267	332.0284	-309.9644	-53.73666	82.91815	-6.049822	-5.338078	-17.08185	-30.60498	-156.2278	-31.6726	-4.270463	-6.049822	-6.049822	-17.43772	-4.626335	-8.185054	-5.338078	-17.08185	-4.626335	-8.185054
15.08	-12.81139	714.6406	-761.2988	61.92175	7.117439	-789.7544	792.5267	-367.9716	890.0356	-53.73666	-17.08185	-6.049822	-5.338078	82.91815	-30.60498	43.77225	68.3274	-4.270463	-6.049822	-6.049822	-17.43772	-4.626335	-8.185054	-5.338078	82.91815	-4.626335	-8.185054
15.36	-12.81139	414.6406	-1261.299	261.9218	107.1174	-1689.754	92.52673	-267.9716	190.0356	-53.73666	-17.08185	-6.049822	-5.338078	-17.08185	26183.39	143.7722	-31.6726	-4.270463	-6.049822	-6.049822	-17.43772	-4.626335	-8.185054	-5.338078	-17.08185	-4.626335	-8.185054
15.65	-12.81139	814.6406	-1261.299	-38.07825	-92.88256	-989.7544	-507.4733	-67.97156	490.0356	46.26334	-17.08185	-6.049822	-5.338078	-17.08185	69.39502	23554.77	168.3274	-4.270463	-6.049822	-6.049822	-17.43772	-4.626335	-8.185054	-5.338078	-17.08185	-4.626335	-8.185054
15.94	-12.81139	-1185.359	-560.2988	-438.0782	-92.88256	-1689.754	-207.4733	-67.97156	490.0356	146.2633	-17.08185	-6.049822	-5.338078	-17.08185	-130.605	-56.22775	68.3274	-4.270463	-6.049822	-6.049822	-17.43772	-4.626335	-8.185054	-5.338078	-17.08185	-4.626335	-8.185054
16.22	-12.81139	2114.641	-560.2988	261.9218	107.1174	11.24561	192.5267	-167.9716	-309.9644	146.2633	-17.08185	-6.049822	-5.338078	82.91815	-130.605	-156.2278	-31.6726	-4.270463	-6.049822	-6.049822	82.56228	-4.626335	-8.185054	-5.338078	82.91815	-4.626335	-8.185054
16.51	-12.81139	-485.3594	-260.2988	361.9218	-92.88256	-1589.754	92.52673	-67.97156	-109.9644	46.26334	-17.08185	-6.049822	-5.338078	-17.08185	-130.605	-56.22775	-31.6726	-4.270463	-6.049822	-6.049822	-17.43772	-4.626335	-8.185054	-5.338078	-17.08185	-4.626335	-8.185054
16.79	-12.81139	614.6406	-1561.299	61.92175	307.1174	-1789.754	-507.4733	-167.9716	290.0356	46.26334	-17.08185	-6.049822	-5.338078	-17.08185	-30.60498	-56.22775	-31.6726	-4.270463	93.95018	-6.049822	82.56228	95.37366	-8.185054	-5.338078	-17.08185	95.37366	-8.185054
17.07	-12.81139	514.6406	-160.2988	-138.0782	-92.88256	-588.7544	-607.4733	132.0284	590.0356	-53.73666	182.9182	-6.049822	-5.338078	-17.08185	269.395	4643.772	-31.6726	-4.270463	-6.049822	-6.049822	-17.43772	-4.626335	-8.185054	-5.338078	-17.08185	-4.626335	-8.185054
17.36	-12.81139	-385.3594	1339.701	-38.07825	107.1174	-1489.754	-507.4733	-167.9716	-109.9644	146.2633	-17.08185	-6.049822	-5.338078	-17.08185	-130.605	4243.772	-31.6726	95.72954	-6.049822	-6.049822	-17.43772	-4.626335	-8.185054	-5.338078	-17.08185	-4.626335	-8.185054
17.65	-12.81139	-485.3594	539.7012	361.9218	-92.88256	-1789.754	-407.4733	432.0284	690.0356	46.26334	-17.08185	-6.049822	-5.338078	-17.08185	69.39502	-56.22775	-31.6726	-4.270463	-6.049822	-6.049822	-17.43772	-4.626335	-8.185054	-5.338078	-17.08185	-4.626335	-8.185054
17.93	87.18861	314.6406	-1161.299	361.9218	107.1174	-1989.754	192.5267	-167.9716	590.0356	-53.73666	-17.08185	-6.049822	-5.338078	-17.08185	-130.605	-156.2278	168.3274	-4.270463	-6.049822	-6.049822	-17.43772	-4.626335	-8.185054	-5.338078	-17.08185	-4.626335	-8.185054
18.22	-12.81139	2014.641	139.7012	261.9218	7.117439	-1889.754	-7.473267	-267.9716	290.0356	146.2633	-17.08185	-6.049822	-5.338078	-17.08185	-130.605	-256.2278	-31.6726	-4.270463	-6.049822	-6.049822	-17.43772	-4.626335	-8.185054	-5.338078	-17.08185	-4.626335	-8.185054
18.5	-12.81139	814.6406	-60.29883	61.92175	-92.88256	-2489.754	-407.4733	532.0284	190.0356	46.26334	-17.08185	-6.049822	-5.338078	-17.08185	-30.60498	-356.2278	-31.6726	-4.270463	-6.049822	-6.049822	-17.43772	95.37366	-8.185054	-5.338078	-17.08185	95.37366	-8.185054
18.79	-12.81139	514.6406	439.7012	-238.0782	107.1174	-1489.754	-207.4733	232.0284	390.0356	46.26334	-17.08185	-6.049822	-5.338078	-17.08185	-30.60498	43.77225	-31.6726	-4.270463	-6.049822	-6.049822	-17.43772	95.37366	-8.185054	-5.338078	-17.08185	95.37366	-8.185054
19.07	-12.81139	114.6406	39.70117	61.92175	-92.88256	-1789.754	-107.4733	132.0284	390.0356	46.26334	-17.08185	-6.049822	-5.338078	-17.08185	169.395	-56.22775	-31.6726	-4.270463	-6.049822	-6.049822	-17.43772	-4.626335	-8.185054	-5.338078	-17.08185	-4.626335	-8.185054
19.36	87.18861	-385.3594	-1461.299	-238.0782	7.117439	-1489.754	-7.473267	132.0284	490.0356	146.2633	-17.08185	-6.049822	-5.338078	-17.08185	-30.60498	-56.22775	-31.6726	-4.270463	-6.049822	93.95018	-17.43772	-4.626335	-8.185054	-5.338078	-17.08185	-4.626335	-8.185054
19.64	-12.81139	2114.641	-961.2988	-138.0782	-92.88256	-1089.754	-207.4733	-167.9716	590.0356	46.26334	-17.08185	-6.049822	-5.338078	-17.08185	-130.605	143.7722	-31.6726	-4.270463	-6.049822	-6.049822	-17.43772	-4.626335	-8.185054	-5.338078	-17.08185	-4.626335	-8.185054
19.93	87.18861	714.6406	-1061.299	-138.0782	107.1174	-1289.754	-707.4733	-67.97156	-409.9644	46.26334	-17.08185	-6.049822	-5.338078	-17.08185	-130.605	-156.2278	-31.6726	-4.270463	-6.049822	-6.049822	-17.43772	-4.626335	-8.185054	-5.338078	-17.08185	-4.626335	-8.185054
20.21	-12.81139	214.6406	-1961.299	361.9218	7.117439	-1389.754	-307.4733	32.02844	-809.9644	-53.73666	-17.08185	-6.049822	-5.338078	-17.08185	-130.605	-56.22775	-31.6726	-4.270463	-6.049822	-6.049822	-17.43772	-4.626335	-8.185054	-5.338078	-17.08185	-4.626335	-8.185054
20.5	-12.81139	-385.3594	-560.2988	261.9218	207.1174	-2089.754	192.5267	-67.97156	-9.964355	-53.73666	-17.08185	-6.049822	-5.338078	-17.08185	-130.605	143.7722	-31.6726	-4.270463	-6.049822	-6.049822	-17.43772	-4.626335	-8.185054	-5.338078	-17.08185	-4.626335	-8.185054
20.78	-12.81139	1114.641	-861.2988	161.9218	7.117439	-1289.754	-607.4733	-167.9716	-109.9644	-53.73666	-17.08185	-6.049822	-5.338078	-17.08185	69.39502	-56.22775	-31.6726	-4.270463	-6.049822	-6.049822	182.5623	-4.626335	-8.185054	-5.338078	-17.08185	-4.626335	-8.185054
21.07	-12.81139	414.6406	-1561.299	-138.0782	107.1174	-1789.754	192.5267	-67.97156	-109.9644	46.26334	-17.08185	93.95018	-5.338078	-17.08185	169.395	-256.2278	-31.6726	-4.270463	-6.049822	-6.049822	-17.43772	-4.626335	-8.185054	-5.338078	-17.08185	-4.626335	-8.185054
21.35	-12.81139	-485.3594	-360.2988	-538.0782	107.1174	-1189.754	-207.4733	-67.97156	90.03564	46.26334	-17.08185	-6.049822	-5.338078	-17.08185	-130.605	-156.2278	-31.6726	-4.270463	-6.049822	-6.049822	-17.43772	-4.626335	-8.185054	-5.338078	-17.08185	-4.626335	-8.185054
21.64	-12.81139	314.6406	-761.2988	-438.0782	-92.88256	-1489.754	-407.4733	-67.97156	-409.9644	46.26334	-17.08185	-6.049822	-5.338078	-17.08185	169.395	-56.22775	-31.6726	-4.270463	-6.049822	-6.049822	-17.43772	-4.626335	-8.185054	-5.338078	-17.08185	-4.626335	-8.185054
21.92	-12.81139	1414.641	-160.2988	-338.0782	-92.88256	11.24561	492.5267	32.02844	290.0356	46.26334	-17.08185	-6.049822	-5.338078	-17.08185	169.395	-156.2278	-31.6726	-4.270463	-6.049822	-6.049822	-17.43772	-4.626335	-8.185054	-5.338078	-17.08185	-4.626335	-8.185054
22.21	-12.81139	614.6406	-1561.299	-238.0782	-92.88256	-1389.754	292.5267	-67.97156	-209.9644	46.26334	-17.08185	-6.049822	94.66192	-17.08185	-30.60498	28560.77	-31.6726	-4.270463	-6.049822	-6.049822	-17.43772	-4.626335	-8.185054	94.66192	-17.08185	-4.626335	-8.185054
22.49	-12.81139	1514.641	-861.2988	-38.07825	307.1174	-1689.754	592.5267	432.0284	90.03564	-53.73666	-17.08185	93.95018	-5.338078	-17.08185	269.395	143.7722	-31.6726	-4.270463	-6.049822	-6.049822	-17.43772	-4.626335	-8.185054	-5.338078	-17.08185	-4.626335	-8.185054
22.78	-12.81139	1314.641	-861.2988	-538.0782	107.1174	-1089.754	-407.4733	-367.9716	190.0356	-53.73666	-17.08185	93.95018	-5.338078	82.91815	-130.605	-156.2278	-31.6726	-4.270463	-6.049822	-6.049822	-17.43772	-4.626335	-8.185054	-5.338078	82.91815	-4.626335	-8.185054
23.06	-12.81139	214.6406	139.7012	-338.0782	-92.88256	111.2456	292.5267	132.0284	-109.9644	-53.73666	-17.08185	-6.049822	-5.338078	-17.08185	-130.605	43.77225	-31.6726	-4.270463	-6.049822	-6.049822	-17.43772	-4.626335	-8.185054	-5.338078	-17.08185	-4.626335	-8.185054
23.35	-12.81139	1114.641	-260.2988	-38.07825	7.117439	-1589.754	-607.4733	-267.9716	190.0356	-53.73666	-17.08185	-6.049822	-5.338078	-17.08185	-30.60498	-56.22775	-31.6726	-4.270463	-6.049822	-6.049822	-17.43772	-4.626335	-8.185054	-5.338078	-17.08185	-4.626335	-8.185054
23.63	-12.81139	814.6406	-660.2988	-38.07825	7.117439	-1589.754	292.5267	32.02844	-109.9644	-53.73666	-17.08185	-6.049822	-5.338078	-17.08185	169.395	-256.2278	-31.6726	-4.270463	-6.049822	-6.049822	-17.43772	-4.626335	-8.185054	-5.338078	-17.08185	-4.626335	-8.185054
23.92	-12.81139	-1285.359	-1161.299	-238.0782	-92.88256	-2489.754	-107.4733	132.0284	490.0356	46.26334	-17.08185	-6.049822	-5.338078	-17.08185	-30.60498	-56.22775	-31.6726	-4.270463	-6.049822	-6.049822	-17.43772	-4.626335	-8.185054	-5.338078	-17.08185	-4.626335	-8.185054
24.2	-12.81139	514.6406	-961.2988	61.92175	7.117439	-989.7544	-207.4733	232.0284	690.0356	-53.73666	-17.08185	-6.049822	-5.338078	-17.08185	969.395	-156.2278	-31.6726	-4.270463	-6.049822	-6.049822	-17.43772	-4.626335	-8.185054	-5.338078	-17.08185	-4.626335	-8.185054
24.49	-12.81139	914.6406	-560.2988	-38.07825	107.1174	311.2456	-407.4733	132.0284	-409.9644	-53.73666	-17.08185	-6.049822	-5.338078	-17.08185	-30.60498	-56.22775	-31.6726	95.72954	-6.049822	-6.049822	82.56228	95.37366	-8.185054	-5.338078	-17.08185	95.37366	-8.185054
24.77	87.18861	3015.641	-360.2988	261.9218	7.117439	-889.7544	-7.473267	-367.9716	890.0356	-53.73666	82.91815	-6.049822	-5.338078	-17.08185	-130.605	-256.2278	-31.6726	95.72954	-6.049822	-6.049822	-17.43772	-4.626335	-8.185054	-5.338078	-17.08185	-4.626335	-8.185054
25.06	-12.81139	114.6406	839.7012	-338.0782	7.117439	-1389.754	-407.4733	32.02844	-909.9644	46.26334	-17.08185	93.95018	-5.338078	-17.08185	-30.60498	-56.22775	-31.6726	-4.270463	-6.049822	-6.049822	-17.43772	-4.626335	-8.185054	-5.338078	-17.08185	-4.626335	-8.185054
25.34	87.18861	-685.3594	539.7012	-138.0782	107.1174	-1489.754	192.5267	-67.97156	390.0356	-53.73666	82.91815	-6.049822	94.66192	-17.08185	69.39502	-156.2278	68.3274	-4.270463	-6.049822	-6.049822	82.56228	-4.626335	-8.185054	94.66192	-17.08185	-4.626335	-8.185054
25.63	-12.81139	114.6406	339.7012	-338.0782	-92.88256	-989.7544	-7.473267	532.0284	-209.9644	246.2633	82.91815	-6.049822	-5.338078	-17.08185	69.39502	-356.2278	-31.6726	-4.270463	-6.049822	-6.049822	-17.43772	-4.626335	-8.185054	-5.338078	-17.08185	-4.626335	-8.185054
25.91	-12.81139	1014.641	539.7012	-638.0782	7.117439	-1989.754	-7.473267	32.02844	290.0356	-53.73666	-17.08185	-6.049822	-5.338078	-17.08185	269.395	43.77225	-31.6726	-4.270463	-6.049822	-6.049822	-17.43772	-4.626335	-8.185054	-5.338078	-17.08185	-4.626335	-8.185054
26.2	-12.81139	14.64062	-961.2988	-38.07825	7.117439	-288.7544	-607.4733	232.0284	690.0356	-53.73666	82.91815	-6.049822	-5.338078	-17.08185	-130.605	43.77225	-31.6726	-4.270463	-6.049822	-6.049822	-17.43772	-4.626335	91.81495	-5.338078	-17.08185	-4.626335	91.81495
26.48	-12.81139	414.6406	-1561.299	-338.0782	7.117439	-2189.754	192.5267	32.02844	-309.9644	-53.73666	-17.08185	-6.049822	-5.338078	82.91815	169.395	143.7722	-31.6726	-4.270463	-6.049822	-6.049822	-17.43772	-4.626335	-8.185054	-5.338078	82.91815	-4.626335	-8.185054
26.77	-12.81139	314.6406	39.70117	-138.0782	-92.88256	-2989.754	-707.4733	32.02844	-509.9644	46.26334	-17.08185	-6.049822	-5.338078	-17.08185	-130.605	43.77225	-31.6726	95.72954	-6.049822	-6.049822	82.56228	-4.626335	-8.185054	-5.338078	-17.08185	-4.626335	-8.185054
27.05	-12.81139	214.6406	739.7012	-438.0782	-92.88256	-989.7544	-207.4733	-267.9716	-309.9644	46.26334	-17.08185	-6.049822	-5.338078	-17.08185	-130.605	143.7722	-31.6726	-4.270463	-6.049822	-6.049822	-17.43772	-4.626335	-8.185054	-5.338078	-17.08185	-4.626335	-8.185054
27.34	-12.81139	14.64062	-1261.299	-338.0782	207.1174	-588.7544	592.5267	-67.97156	190.0356	46.26334	-17.08185	-6.049822	-5.338078	-17.08185	-30.60498	343.7722	-31.6726	-4.270463	-6.049822	-6.049822	-17.43772	-4.626335	-8.185054	-5.338078	-17.08185	-4.626335	-8.185054
27.62	287.1886	914.6406	-360.2988	-138.0782	107.1174	-1289.754	-7.473267	232.0284	-109.9644	146.2633	-17.08185	-6.049822	94.66192	-17.08185	69.39502	743.7722	68.3274	-4.270463	-6.049822	-6.049822	-17.43772	-4.626335	-8.185054	94.66192	-17.08185	-4.626335	-8.185054
27.91	87.18861	14.64062	139.7012	-38.07825	7.117439	-789.7544	492.5267	-167.9716	-209.9644	46.26334	-17.08185	-6.049822	-5.338078	-17.08185	69.39502	143.7722	-31.6726	-4.270463	-6.049822	-6.049822	-17.43772	-4.626335	-8.185054	-5.338078	-17.08185	-4.626335	-8.185054
28.19	-12.81139	1314.641	-1961.299	61.92175	-92.88256	-588.7544	-107.4733	32.02844	590.0356	46.26334	-17.08185	-6.049822	-5.338078	-17.08185	-130.605	-56.22775	-31.6726	-4.270463	-6.049822	-6.049822	-17.43772	-4.626335	-8.185054	-5.338078	-17.08185	-4.626335	-8.185054
28.48	-12.81139	114.6406	-1261.299	-238.0782	-92.88256	-1089.754	392.5267	532.0284	390.0356	-53.73666	-17.08185	-6.049822	-5.338078	-17.08185	269.395	143.7722	-31.6726	-4.270463	-6.049822	-6.049822	82.56228	-4.626335	-8.185054	-5.338078	-17.08185	-4.626335	-8.185054
28.76	87.18861	114.6406	-460.2988	61.92175	-92.88256	11.24561	-307.4733	-67.97156	-109.9644	-53.73666	-17.08185	-6.049822	-5.338078	-17.08185	-30.60498	143.7722	68.3274	-4.270463	-6.049822	-6.049822	-17.43772	95.37366	-8.185054	-5.338078	-17.08185	95.37366	-8.185054
29.05	-12.81139	-985.3594	-660.2988	661.9218	-92.88256	-588.7544	-107.4733	532.0284	-309.9644	146.2633	-17.08185	-6.049822	-5.338078	-17.08185	69.39502	143.7722	68.3274	-4.270463	-6.049822	-6.049822	6083.562	-4.626335	-8.185054	-5.338078	-17.08185	-4.626335	-8.185054
29.33	-12.81139	614.6406	-761.2988	161.9218	7.117439	-1589.754	-307.4733	-267.9716	290.0356	-53.73666	-17.08185	-6.049822	94.66192	-17.08185	-30.60498	-56.22775	-31.6726	-4.270463	-6.049822	-6.049822	-17.43772	-4.626335	-8.185054	94.66192	-17.08185	-4.626335	-8.185054
29.62	-12.81139	-85.35938	-1161.299	-138.0782	-92.88256	-1689.754	-707.4733	532.0284	-209.9644	-53.73666	-17.08185	-6.049822	-5.338078	-17.08185	7370.395	43.77225	68.3274	-4.270463	-6.049822	-6.049822	-17.43772	-4.626335	-8.185054	-5.338078	-17.08185	-4.626335	-8.185054
29.9	-12.81139	-485.3594	-360.2988	-38.07825	7.117439	-2289.754	192.5267	32.02844	-109.9644	-53.73666	-17.08185	-6.049822	-5.338078	-17.08185	-130.605	43.77225	-31.6726	-4.270463	-6.049822	-6.049822	-17.43772	-4.626335	-8.185054	-5.338078	-17.08185	-4.626335	-8.185054
30.19	-12.81139	-485.3594	-560.2988	-838.0782	-92.88256	-1489.754	192.5267	32.02844	90.03564	-53.73666	-17.08185	-6.049822	94.66192	-17.08185	-130.605	-56.22775	-31.6726	-4.270463	-6.049822	-6.049822	-17.43772	-4.626335	-8.185054	94.66192	-17.08185	-4.626335	-8.185054
30.47	-12.81139	-685.3594	-260.2988	-638.0782	-92.88256	-889.7544	492.5267	332.0284	290.0356	46.26334	-17.08185	-6.049822	-5.338078	-17.08185	-130.605	-56.22775	-31.6726	-4.270463	-6.049822	-6.049822	-17.43772	-4.626335	-8.185054	-5.338078	-17.08185	-4.626335	-8.185054
30.76	-12.81139	-85.35938	-560.2988	-138.0782	-92.88256	-1689.754	-207.4733	-367.9716	-509.9644	-53.73666	-17.08185	-6.049822	-5.338078	-17.08185	-130.605	143.7722	-31.6726	-4.270463	-6.049822	-6.049822	-17.43772	-4.626335	-8.185054	-5.338078	-17.08185	-4.626335	-8.185054
31.04	-12.81139	614.6406	439.7012	-38.07825	-92.88256	-889.7544	-907.4733	32.02844	-109.9644	-53.73666	-17.08185	-6.049822	-5.338078	82.91815	-130.605	43.77225	-31.6726	-4.270463	-6.049822	-6.049822	182.5623	-4.626335	-8.185054	-5.338078	82.91815	-4.626335	-8.185054
31.33	-12.81139	1014.641	1139.701	461.9218	-92.88256	-1589.754	192.5267	-167.9716	90.03564	-53.73666	82.91815	-6.049822	-5.338078	-17.08185	-130.605	-156.2278	68.3274	-4.270463	-6.049822	-6.049822	-17.43772	-4.626335	-8.185054	-5.338078	-17.08185	-4.626335	-8.185054
31.61	87.18861	714.6406	-160.2988	261.9218	-92.88256	-1389.754	-807.4733	432.0284	-309.9644	-53.73666	-17.08185	-6.049822	-5.338078	-17.08185	69.39502	-56.22775	68.3274	-4.270463	-6.049822	-6.049822	-17.43772	-4.626335	-8.185054	-5.338078	-17.08185	-4.626335	-8.185054
31.89	87.18861	-885.3594	939.7012	-538.0782	7.117439	-1189.754	192.5267	132.0284	-9.964355	-53.73666	-17.08185	-6.049822	-5.338078	-17.08185	169.395	43.77225	-31.6726	-4.270463	-6.049822	-6.049822	-17.43772	-4.626335	-8.185054	-5.338078	-17.08185	-4.626335	-8.185054
32.18	-12.81139	614.6406	-861.2988	-238.0782	107.1174	-989.7544	292.5267	-267.9716	290.0356	46.26334	-17.08185	-6.049822	-5.338078	-17.08185	69.39502	-56.22775	-31.6726	-4.270463	-6.049822	-6.049822	-17.43772	-4.626335	-8.185054	-5.338078	-17.08185	-4.626335	-8.185054
32.46	-12.81139	-385.3594	-360.2988	261.9218	-92.88256	-1689.754	392.5267	32.02844	190.0356	146.2633	-17.08185	-6.049822	-5.338078	-17.08185	169.395	343.7722	-31.6726	-4.270463	-6.049822	-6.049822	-17.43772	-4.626335	-8.185054	-5.338078	-17.08185	-4.626335	-8.185054
32.75	-12.81139	914.6406	-861.2988	-138.0782	-92.88256	-488.7544	-907.4733	132.0284	-409.9644	46.26334	-17.08185	-6.049822	-5.338078	-17.08185	69.39502	-256.2278	-31.6726	-4.270463	-6.049822	-6.049822	-17.43772	95.37366	-8.185054	-5.338078	-17.08185	95.37366	-8.185054
33.04	-12.81139	-485.3594	-660.2988	-38.07825	-92.88256	-1489.754	-7.473267	-67.97156	390.0356	46.26334	-17.08185	-6.049822	-5.338078	-17.08185	-130.605	-156.2278	68.3274	-4.270463	-6.049822	-6.049822	-17.43772	-4.626335	-8.185054	-5.338078	-17.08185	-4.626335	-8.185054
33.32	-12.81139	-185.3594	-260.2988	-438.0782	-92.88256	-288.7544	-707.4733	-167.9716	690.0356	-53.73666	-17.08185	-6.049822	-5.338078	-17.08185	269.395	243.7722	-31.6726	-4.270463	-6.049822	-6.049822	-17.43772	-4.626335	-8.185054	-5.338078	-17.08185	-4.626335	-8.185054
33.61	-12.81139	14.64062	-660.2988	-38.07825	-92.88256	-1489.754	292.5267	-167.9716	-109.9644	46.26334	-17.08185	-6.049822	-5.338078	-17.08185	-130.605	-56.22775	-31.6726	-4.270463	-6.049822	-6.049822	-17.43772	-4.626335	-8.185054	-5.338078	-17.08185	-4.626335	-8.185054
33.89	187.1886	614.6406	39.70117	-38.07825	-92.88256	-2589.754	192.5267	32.02844	890.0356	-53.73666	82.91815	-6.049822	-5.338078	-17.08185	-30.60498	43.77225	68.3274	-4.270463	-6.049822	-6.049822	-17.43772	-4.626335	91.81495	-5.338078	-17.08185	-4.626335	91.81495
34.18	187.1886	-485.3594	-861.2988	-338.0782	-92.88256	-1089.754	-207.4733	-267.9716	-109.9644	46.26334	-17.08185	-6.049822	-5.338078	-17.08185	-130.605	-56.22775	-31.6726	-4.270463	193.9502	-6.049822	-17.43772	-4.626335	-8.185054	-5.338078	-17.08185	-4.626335	-8.185054
34.46	-12.81139	1014.641	-1061.299	61.92175	7.117439	-1189.754	792.5267	32.02844	390.0356	-53.73666	-17.08185	-6.049822	-5.338078	-17.08185	69.39502	143.7722	-31.6726	-4.270463	-6.049822	-6.049822	-17.43772	-4.626335	-8.185054	-5.338078	-17.08185	-4.626335	-8.185054
34.75	-12.81139	-1386.359	-1461.299	-138.0782	7.117439	-1489.754	-807.4733	-467.9716	-9.964355	-53.73666	-17.08185	-6.049822	-5.338078	-17.08185	69.39502	-156.2278	-31.6726	-4.270463	-6.049822	-6.049822	-17.43772	-4.626335	-8.185054	-5.338078	-17.08185	-4.626335	-8.185054
35.03	-12.81139	414.6406	-1861.299	61.92175	107.1174	-1289.754	-107.4733	-167.9716	890.0356	46.26334	-17.08185	-6.049822	-5.338078	-17.08185	-130.605	-56.22775	-31.6726	-4.270463	-6.049822	-6.049822	-17.43772	-4.626335	-8.185054	-5.338078	-17.08185	-4.626335	-8.185054
35.32	87.18861	1214.641	-460.2988	661.9218	-92.88256	-1989.754	-607.4733	32.02844	290.0356	-53.73666	-17.08185	-6.049822	-5.338078	182.9182	-130.605	43.77225	68.3274	-4.270463	-6.049822	-6.049822	-17.43772	-4.626335	-8.185054	-5.338078	182.9182	-4.626335	-8.185054
35.6	-12.81139	114.6406	-660.2988	461.9218	-92.88256	-2589.754	-207.4733	332.0284	290.0356	-53.73666	82.91815	-6.049822	-5.338078	-17.08185	69.39502	43.77225	-31.6726	-4.270463	93.95018	-6.049822	-17.43772	-4.626335	-8.185054	-5.338078	-17.08185	-4.626335	-8.185054
35.89	-12.81139	214.6406	239.7012	-38.07825	7.117439	-88.75439	-107.4733	-67.97156	90.03564	-53.73666	82.91815	-6.049822	-5.338078	-17.08185	3969.395	4543.772	-31.6726	-4.270463	-6.049822	-6.049822	-17.43772	-4.626335	91.81495	-5.338078	-17.08185	-4.626335	91.81495
36.17	-12.81139	214888.6	-761.2988	-238.0782	307.1174	3812.246	32816.53	232.0284	90.03564	646.2634	182.9182	93.95018	-5.338078	-17.08185	115536.4	273131.8	-31.6726	-4.270463	293.9502	793.9502	582.5623	95.37366	-8.185054	-5.338078	-17.08185	95.37366	-8.185054
36.46	387.1886	2540565	39.70117	161.9218	107.1174	29935.25	215735.5	-67.97156	790.0356	2546.263	1882.918	393.9502	94.66192	-17.08185	143279.4	425540.8	-31.6726	-4.270463	93.95018	593.9502	782.5623	95.37366	291.8149	94.66192	-17.08185	95.37366	291.8149
36.74	-12.81139		539.7012	461.9218	107.1174	43558.25	353298.5	332.0284	190.0356	3346.263	2282.918	193.9502	-5.338078	-17.08185	169039.4	507346.8	-31.6726	95.72954	93.95018	193.9502	682.5623	195.3737	91.81495	-5.338078	-17.08185	195.3737	91.81495
37.03	287.1886		1539.701	361.9218	507.1174	54482.25	449022.5	-367.9716	190.0356	2246.263	4982.918	593.9502	-5.338078	-17.08185	239577.4	511837.8	-31.6726	-4.270463	293.9502	193.9502	882.5623	95.37366	391.8149	-5.338078	-17.08185	95.37366	391.8149
37.32	287.1886		539.7012	61.92175	407.1174	62102.25	526723.5	-567.9716	-409.9644	4046.263	3882.918	793.9502	-5.338078	-17.08185	177699.4	470129.8	168.3274	395.7295	593.9502	293.9502	1082.562	-4.626335	191.8149	-5.338078	-17.08185	-4.626335	191.8149
37.6	-12.81139		339.7012	1161.922	207.1174	74639.24	599131.5	232.0284	-309.9644	4946.263	5583.918	793.9502	-5.338078	-17.08185	172563.4	488884.8	68.3274	295.7295	393.9502	2193.95	782.5623	95.37366	491.8149	-5.338078	-17.08185	95.37366	491.8149
37.88	387.1886		2639.701	561.9218	107.1174	63806.25	625364.5	132.0284	-109.9644	4446.263	4682.918	693.9502	-5.338078	82.91815	188276.4	515307.8	-31.6726	395.7295	693.9502	93.95018	782.5623	95.37366	491.8149	-5.338078	82.91815	95.37366	491.8149
38.17	187.1886		2039.701	61.92175	507.1174	73134.24	585820.5	132.0284	490.0356	4546.263	4482.918	793.9502	-5.338078	-17.08185	217916.4	623224.8	-31.6726	195.7295	993.9502	493.9502	782.5623	-4.626335	591.8149	-5.338078	-17.08185	-4.626335	591.8149
38.45	287.1886		2940.701	361.9218	607.1174	74137.24	650084.5	-67.97156	490.0356	4446.263	5883.918	593.9502	-5.338078	-17.08185	253853.4	600170.8	68.3274	95.72954	793.9502	993.9502	1182.562	-4.626335	91.81495	-5.338078	-17.08185	-4.626335	91.81495
38.74	187.1886		1639.701	261.9218	107.1174	79555.24	651419.5	-167.9716	-509.9644	4346.263	5483.918	293.9502	-5.338078	82.91815	300263.4	899450.8	68.3274	295.7295	893.9502	793.9502	682.5623	-4.626335	691.8149	-5.338078	82.91815	-4.626335	691.8149
39.02	287.1886		2439.701	761.9218	407.1174	85376.24	581726.5	432.0284	-809.9644	3946.263	4082.918	293.9502	-5.338078	182.9182	362277.4	924022.8	-31.6726	95.72954	793.9502	493.9502	1382.562	95.37366	591.8149	-5.338078	182.9182	95.37366	591.8149
39.31	87.18861		1339.701	961.9218	907.1174	72632.24	540411.5	-367.9716	290.0356	4146.263	6083.918	393.9502	-5.338078	-17.08185	461594.4	1307481	268.3274	95.72954	193.9502	393.9502	982.5623	-4.626335	1091.815	-5.338078	-17.08185	-4.626335	1091.815
39.6	587.1886		2839.701	861.9218	207.1174	79856.24	504469.5	32.02844	-9.964355	4846.263	3982.918	793.9502	-5.338078	-17.08185	724830.4	1472097	-31.6726	195.7295	893.9502	793.9502	682.5623	95.37366	691.8149	-5.338078	-17.08185	95.37366	691.8149
39.88	187.1886		1639.701	461.9218	107.1174	76344.24	515287.5	-267.9716	790.0356	4446.263	4182.918	193.9502	94.66192	82.91815	2200156	4886578	68.3274	195.7295	493.9502	893.9502	1682.562	-4.626335	691.8149	94.66192	82.91815	-4.626335	691.8149
40.17	687.1886		2239.701	1261.922	2107.117	80559.24	541944.5	32.02844	-9.964355	4946.263	8483.918	593.9502	-5.338078	82.91815	1.880289e+07	4.779699e+07	468.3274	295.7295	593.9502	3593.95	5983.562	95.37366	591.8149	-5.338078	82.91815	95.37366	591.8149
40.46	2087.189		2039.701	4062.922	5408.118	70526.24	557174.5	432.0284	490.0356	5547.263	12985.92	793.9502	94.66192	282.9182	3.220976e+07	8.396211e+07	468.3274	595.7296	493.9502	3593.95	5183.562	295.3737	691.8149	94.66192	282.9182	295.3737	691.8149
40.74	3187.189		3740.701	7863.922	6608.118	58893.25	384048.5	1532.028	1290.036	8047.263	18189.92	493.9502	-5.338078	582.9182	5.820182e+07	1.361685e+08	268.3274	1295.729	193.9502	6494.95	9784.562	95.37366	491.8149	-5.338078	582.9182	95.37366	491.8149
41.03	5088.188		1639.701	14566.92	9509.117	51776.25	332210.5	2032.028	2290.036	6847.263	24894.92	693.9502	-5.338078	682.9182	7.782143e+07	1.942518e+08	468.3274	895.7296	993.9502	14998.95	9884.562	-4.626335	891.8149	-5.338078	682.9182	-4.626335	891.8149
41.31	3987.189		4440.701	16967.92	7708.118	37648.25	250762.5	1232.028	1790.036	9248.264	26796.92	593.9502	94.66192	382.9182	8.767913e+07	2.303068e+08	1168.327	1295.729	393.9502	20401.95	11185.56	-4.626335	1991.815	94.66192	382.9182	-4.626335	1991.815
41.6	2587.189	4384362	3240.701	35888.92	7508.118	30436.25	204339.5	1632.028	4091.036	13250.26	27297.92	293.9502	-5.338078	1082.918	9.465223e+07	2.683678e+08	1768.327	1395.729	593.9502	34016.95	9084.562	-4.626335	2291.815	-5.338078	1082.918	-4.626335	2291.815
41.89	1687.189	3210013	2639.701	45705.92	5708.118	23327.25	181563.5	2032.028	2490.036	16251.26	29299.92	193.9502	-5.338078	1382.918	1.063577e+08	2.76381e+08	1968.327	1095.729	-6.049822	51045.95	9884.562	95.37366	2691.815	-5.338078	1382.918	95.37366	2691.815
42.17	1587.189	2906578	3440.701	73372.92	3607.117	21925.25	160417.5	2332.028	2890.036	21355.26	33104.92	393.9502	-5.338078	1882.918	1.127414e+08	3.164489e+08	2568.327	695.7296	393.9502	76209.95	11785.56	95.37366	3891.815	-5.338078	1882.918	95.37366	3891.815
42.46	1487.189	2098766	2339.701	92737.92	4407.118	13017.25	156895.5	3132.028	2790.036	27061.26	41817.92	93.95018	-5.338078	2082.918	1.271064e+08	3.204559e+08	4668.328	995.7296	293.9502	108027	11885.56	95.37366	4891.815	-5.338078	2082.918	95.37366	4891.815
42.74	1387.189	2034664	4240.701	97655.92	2407.117	14418.25	131447.5	2632.028	3791.036	31366.26	46325.92	793.9502	-5.338078	3082.918	1.330589e+08	3.585237e+08	6669.328	1495.729	293.9502	137069	13586.56	-4.626335	5192.815	-5.338078	3082.918	-4.626335	5192.815
43.03	987.1886	1591604	5040.701	120556.9	4707.118	11216.25	112855.5	2932.028	2290.036	31366.26	47728.92	293.9502	-5.338078	3082.918	1.287142e+08	3.444984e+08	5169.328	1695.729	493.9502	145717	13085.56	-4.626335	6292.815	-5.338078	3082.918	-4.626335	6292.815
43.31	787.1886	1316724	3040.701	142371.9	2307.117	11916.25	103815.5	2332.028	3991.036	38376.26	59252.92	393.9502	-5.338078	2482.918	1.309663e+08	3.545164e+08	5369.328	2195.729	-6.049822	151854	12585.56	-4.626335	6592.815	-5.338078	2482.918	-4.626335	6592.815
43.6	1287.189	1032667	2339.701	142472.9	3207.117	8314.246	92570.52	3332.028	5491.036	40379.26	55443.92	293.9502	-5.338078	3082.918	1.40341e+08	3.845718e+08	4768.328	2695.729	-6.049822	155375	10184.56	-4.626335	8192.815	-5.338078	3082.918	-4.626335	8192.815
43.88	487.1886	708078.6	3140.701	157361.9	2607.117	5012.246	90663.52	1932.028	3491.036	43083.26	60455.92	193.9502	-5.338078	3282.918	1.34274e+08	3.32477e+08	4568.328	2895.729	93.95018	148433	12885.56	-4.626335	9993.815	-5.338078	3282.918	-4.626335	9993.815
44.17	1387.189	671583.6	5541.701	178806.9	1907.117	5412.246	82434.52	2032.028	2790.036	45788.26	75797.92	93.95018	-5.338078	3082.918	1.351819e+08	4.386759e+08	6069.328	3395.729	193.9502	132042	14286.56	-4.626335	8392.815	-5.338078	3082.918	-4.626335	8392.815
44.46	1987.189	614837.6	3140.701	172864.9	1607.117	5212.246	66786.52	1432.028	3290.036	37574.26	73189.92	193.9502	-5.338078	2482.918	1.296939e+08	3.344805e+08	3568.327	3995.729	-6.049822	117871	12085.56	-4.626335	5692.815	-5.338078	2482.918	-4.626335	5692.815
44.74	2087.189	492134.6	1639.701	170447.9	1907.117	3212.246	61372.53	3132.028	3691.036	39277.26	78505.92	93.95018	-5.338078	3482.918	1.342593e+08	3.505092e+08	4568.328	2895.729	393.9502	106119	11185.56	-4.626335	5192.815	-5.338078	3482.918	-4.626335	5192.815
45.03	3987.189	378148.6	4140.701	160179.9	7608.118	311.2456	55658.53	1432.028	3891.036	34670.26	75596.92	93.95018	-5.338078	2082.918	1.348158e+08	3.90583e+08	3168.327	3095.729	93.95018	74905.95	12685.56	-4.626335	3091.815	-5.338078	2082.918	-4.626335	3091.815
45.32	4587.188	330163.6	5240.701	129803.9	15312.12	1211.246	46439.53	2632.028	4191.036	24858.26	69679.92	193.9502	-5.338078	1682.918	1.432902e+08	3.665384e+08	3168.327	2895.729	-6.049822	62972.95	11685.56	-4.626335	2891.815	-5.338078	1682.918	-4.626335	2891.815
45.6	8989.188	279438.6	3540.701	105387.9	25620.12	511.2456	40027.53	2932.028	4591.036	24058.26	59653.92	-6.049822	-5.338078	1782.918	1.387426e+08	4.386759e+08	2568.327	2795.729	93.95018	42229.95	12485.56	-4.626335	3491.815	-5.338078	1782.918	-4.626335	3491.815
45.89	12390.19	240122.6	3140.701	80193.92	32128.12	-188.7544	30213.53	2432.028	3390.036	19253.26	56045.92	193.9502	-5.338078	1182.918	1.253533e+08	3.785605e+08	1768.327	1695.729	93.95018	36820.95	10084.56	-4.626335	1991.815	-5.338078	1182.918	-4.626335	1991.815
46.17	12790.19	207323.6	1739.701	69561.92	31827.12	-388.7544	23004.53	2132.028	3290.036	14250.26	55844.92	393.9502	-5.338078	982.9182	1.266535e+08	3.645347e+08	668.3274	2195.729	-6.049822	31613.95	11485.56	95.37366	1591.815	-5.338078	982.9182	95.37366	1591.815
46.46	20295.19	128777.6	3540.701	64848.92	45448.12	711.2456	23605.53	2332.028	2990.036	14850.26	58651.92	93.95018	-5.338078	982.9182	1.390798e+08	3.585237e+08	1368.327	2595.729	93.95018	22503.95	13786.56	-4.626335	1591.815	-5.338078	982.9182	-4.626335	1591.815
46.75	22697.19	116313.6	3340.701	72970.92	47953.12	-188.7544	23004.53	2532.028	3991.036	16151.26	47427.92	293.9502	-5.338078	982.9182	1.340836e+08	3.68542e+08	1468.327	2095.729	193.9502	21502.95	11685.56	-4.626335	2391.815	-5.338078	982.9182	-4.626335	2391.815
47.03	16593.19	74544.64	3240.701	81798.92	42744.12	11.24561	24206.53	2732.028	3290.036	18953.26	44121.92	-6.049822	-5.338078	1482.918	1.311565e+08	3.82568e+08	1168.327	2395.729	-6.049822	19901.95	10684.56	-4.626335	2391.815	-5.338078	1482.918	-4.626335	2391.815
47.32	16292.19	134911.6	2739.701	87317.92	32829.12	1311.246	31314.53	2132.028	5791.036	24658.26	50633.92	493.9502	-5.338078	982.9182	1.362952e+08	3.82568e+08	2068.327	1895.729	93.95018	24005.95	10284.56	-4.626335	2891.815	-5.338078	982.9182	-4.626335	2891.815
47.6	9889.188	93211.64	3140.701	96551.92	24819.12	411.2456	29311.53	2032.028	2190.036	32467.26	51435.92	-6.049822	-5.338078	2382.918	1.511184e+08	3.585237e+08	2068.327	1495.729	93.95018	20001.95	9184.562	-4.626335	3191.815	-5.338078	2382.918	-4.626335	3191.815
47.89	11390.19	45667.64	2539.701	91030.92	18414.12	-1289.754	34719.53	3632.028	5291.036	33869.26	57348.92	93.95018	-5.338078	3582.918	1.173116e+08	3.805643e+08	2268.327	1995.729	93.95018	21602.95	10284.56	-4.626335	2191.815	-5.338078	3582.918	-4.626335	2191.815
48.18	7488.188	70331.64	2639.701	77484.92	15012.12	-488.7544	39126.53	2232.028	1390.036	35271.26	56847.92	193.9502	-5.338078	2882.918	1.31376e+08	4.166328e+08	1768.327	1295.729	93.95018	25406.95	11084.56	-4.626335	5092.815	-5.338078	2882.918	-4.626335	5092.815
48.46	5788.188	61004.64	3840.701	72068.92	12610.12	-889.7544	41930.53	3032.028	3891.036	39077.26	53038.92	93.95018	-5.338078	3382.918	1.366614e+08	3.665384e+08	3268.327	1795.729	93.95018	37020.95	11585.56	-4.626335	4291.815	-5.338078	3382.918	-4.626335	4291.815
48.75	6088.188	58497.64	2940.701	68157.92	9309.117	411.2456	51148.53	2332.028	3390.036	45387.26	61758.92	-6.049822	-5.338078	4282.918	1.426004e+08	4.126251e+08	2368.327	1395.729	93.95018	43531.95	9384.562	-4.626335	4691.815	-5.338078	4282.918	-4.626335	4691.815
49.04	5288.188	51079.64	1539.701	65349.92	5508.118	11.24561	50747.53	2332.028	4191.036	48092.26	54942.92	-6.049822	-5.338078	4982.918	1.316686e+08	3.144455e+08	2468.327	1595.729	93.95018	48540.95	12285.56	-4.626335	4991.815	-5.338078	4982.918	-4.626335	4991.815
49.32	4887.188	81166.64	3940.701	57830.92	4707.118	-1189.754	54556.53	2932.028	3090.036	50196.26	54441.92	193.9502	-5.338078	5683.918	1.355041e+08	3.965944e+08	2468.327	1495.729	93.95018	63674.95	11685.56	-4.626335	6392.815	-5.338078	5683.918	-4.626335	6392.815
49.61	7788.188	51079.64	3140.701	60036.92	4907.118	-1089.754	51248.53	1432.028	3090.036	56410.26	65167.92	193.9502	-5.338078	4782.918	1.3464e+08	3.545164e+08	4568.328	1795.729	193.9502	78315.95	10784.56	95.37366	6892.815	-5.338078	4782.918	95.37366	6892.815
49.89	6188.188	45767.64	3540.701	67756.92	4207.118	-1289.754	50347.53	1832.028	3591.036	53804.26	60555.92	93.95018	-5.338078	3782.918	1.323271e+08	4.266523e+08	4268.328	2795.729	93.95018	78717.95	10184.56	-4.626335	5892.815	-5.338078	3782.918	-4.626335	5892.815
50.18	10889.19	43863.64	3540.701	82099.92	4907.118	211.2456	50848.53	3632.028	3791.036	58615.26	60555.92	593.9502	-5.338078	3882.918	1.389918e+08	3.424948e+08	3168.327	2195.729	93.95018	87446.95	9584.562	-4.626335	6392.815	-5.338078	3882.918	-4.626335	6392.815
50.47	20495.19	46369.64	6641.701	89525.92	4807.118	-889.7544	54455.53	2532.028	4091.036	61822.26	62460.92	693.9502	-5.338078	4682.918	1.365296e+08	3.925868e+08	3568.327	2695.729	193.9502	96479.95	11685.56	-4.626335	5592.815	-5.338078	4682.918	-4.626335	5592.815
50.75	27002.19	40557.64	3540.701	84306.92	6908.118	-889.7544	46439.53	2732.028	2090.036	51198.26	61357.92	593.9502	-5.338078	3482.918	1.375846e+08	3.665384e+08	3868.327	1695.729	93.95018	91460.95	11585.56	-4.626335	6292.815	-5.338078	3482.918	-4.626335	6292.815
51.04	25200.19	42561.64	2539.701	80193.92	9409.117	-188.7544	43433.53	2932.028	3791.036	42582.26	61457.92	1093.95	-5.338078	4482.918	1.440976e+08	3.424948e+08	3068.327	2595.729	93.95018	86342.95	10084.56	-4.626335	5492.815	-5.338078	4482.918	-4.626335	5492.815
51.32	25000.19	47271.64	2639.701	63444.92	7708.118	-689.7544	46238.53	2132.028	4491.036	37174.26	57849.92	993.9502	-5.338078	3482.918	1.44964e+08	3.745531e+08	4068.327	1595.729	-6.049822	75106.95	10884.56	-4.626335	5492.815	-5.338078	3482.918	-4.626335	5492.815
51.61	26601.19	28337.64	3040.701	64346.92	10209.12	-488.7544	40428.53	2832.028	3090.036	36673.26	59152.92	293.9502	94.66192	4482.918	1.312318e+08	3.985982e+08	3368.327	1395.729	93.95018	67885.95	12185.56	-4.626335	5492.815	94.66192	4482.918	-4.626335	5492.815
51.9	23198.19	29939.64	2339.701	65650.92	11510.12	-889.7544	42531.53	2132.028	5091.036	30665.26	53138.92	393.9502	-5.338078	4182.918	1.303227e+08	4.046097e+08	3968.327	2295.729	93.95018	59965.95	11084.56	-4.626335	2491.815	-5.338078	4182.918	-4.626335	2491.815
52.18	30105.19	38153.64	2039.701	55725.92	22517.12	-488.7544	39426.53	3132.028	4091.036	29564.26	53038.92	493.9502	-5.338078	4082.918	1.212888e+08	3.404912e+08	3468.327	1195.729	293.9502	55555.95	11885.56	-4.626335	3791.815	-5.338078	4082.918	-4.626335	3791.815
52.47	30305.19	22930.64	1339.701	61940.92	46751.12	-1689.754	39326.53	1832.028	4291.036	28963.26	54742.92	793.9502	-5.338078	3482.918	1.398276e+08	3.084351e+08	3068.327	895.7296	93.95018	54552.95	14886.56	-4.626335	4391.815	-5.338078	3482.918	-4.626335	4391.815
52.76	50037.19	26435.64	1939.701	62642.92	104023.1	-789.7544	46639.53	2732.028	3991.036	33068.26	69980.92	793.9502	-5.338078	2582.918	1.409423e+08	4.00602e+08	2468.327	2795.729	393.9502	43731.95	14386.56	-4.626335	3691.815	-5.338078	2582.918	-4.626335	3691.815
53.04	49837.19	28337.64	2739.701	62742.92	120598.1	-188.7544	35921.53	2032.028	2690.036	30465.26	65367.92	1093.95	94.66192	2882.918	1.367347e+08	3.985982e+08	2568.327	2495.729	93.95018	42229.95	12085.56	-4.626335	3691.815	94.66192	2882.918	-4.626335	3691.815
53.33	62966.19	28838.64	2439.701	70162.92	174313.1	-889.7544	34519.53	2032.028	2690.036	27061.26	71083.92	1393.95	94.66192	3482.918	1.396223e+08	3.765569e+08	2468.327	2495.729	93.95018	39725.95	12785.56	-4.626335	4091.815	94.66192	3482.918	-4.626335	4091.815
53.61	73796.19	22930.64	1239.701	70162.92	228649.1	-1089.754	35420.53	1532.028	3190.036	24758.26	77301.92	1593.95	-5.338078	2082.918	1.348011e+08	3.505092e+08	2768.327	2295.729	-6.049822	26907.95	10684.56	-4.626335	2791.815	-5.338078	2082.918	-4.626335	2791.815
53.9	78811.19	30440.64	2339.701	69260.92	300706.1	-1089.754	30012.53	2032.028	3290.036	19754.26	72988.92	1893.95	-5.338078	1682.918	1.385227e+08	3.925868e+08	2368.327	3795.729	-6.049822	29010.95	9884.562	-4.626335	4591.815	-5.338078	1682.918	-4.626335	4591.815
54.19	91755.19	30941.64	3240.701	66953.92	389316.1	-1389.754	24406.53	2532.028	3090.036	17352.26	73991.92	4293.95	-5.338078	2482.918	1.301618e+08	4.206406e+08	2868.327	2995.729	193.9502	26307.95	13686.56	-4.626335	5292.815	-5.338078	2482.918	-4.626335	5292.815
54.47	94867.19	17024.64	5040.701	67856.92	534257.1	-1189.754	19701.53	2132.028	1990.036	15751.26	89241.92	7394.95	-5.338078	1682.918	1.318003e+08	3.32477e+08	1668.327	4695.729	93.95018	28109.95	11985.56	-4.626335	9893.815	-5.338078	1682.918	-4.626335	9893.815
54.76	115553.2	17825.64	4240.701	84306.92	733103.1	-1389.754	20502.53	2732.028	2690.036	18153.26	99379.92	7594.95	-5.338078	1382.918	1.377165e+08	3.565201e+08	1668.327	4495.729	93.95018	30812.95	12285.56	195.3737	11894.82	-5.338078	1382.918	195.3737	11894.82
55.05	108723.2	19827.64	3540.701	98258.92	768750.1	211.2456	18400.53	2032.028	3491.036	20554.26	104400.9	7794.95	-5.338078	1382.918	1.394317e+08	3.304735e+08	2368.327	4795.729	193.9502	36019.95	12185.56	-4.626335	11093.82	-5.338078	1382.918	-4.626335	11093.82
55.33	131231.2	13321.64	2940.701	101672.9	828515.1	-1289.754	21603.53	2632.028	4591.036	20154.26	108316.9	7394.95	-5.338078	1982.918	1.348597e+08	3.765569e+08	1068.327	4195.729	93.95018	41227.95	10484.56	-4.626335	9993.815	-5.338078	1982.918	-4.626335	9993.815
55.62	124496.2	12320.64	2839.701	91432.92	771947.1	-188.7544	17399.53	2432.028	2790.036	22356.26	100082.9	7294.95	-5.338078	1782.918	1.324002e+08	4.126251e+08	3068.327	5196.729	293.9502	36219.95	13286.56	95.37366	10693.82	-5.338078	1782.918	95.37366	10693.82
55.9	130728.2	17825.64	3440.701	96250.92	851674.1	411.2456	18100.53	3632.028	3390.036	27161.26	98978.92	6594.95	-5.338078	1782.918	1.428205e+08	3.705457e+08	2168.327	5196.729	493.9502	38623.95	14086.56	-4.626335	10593.82	-5.338078	1782.918	-4.626335	10593.82
56.19	142190.2	14622.64	4840.701	87919.92	868643.1	211.2456	18100.53	2732.028	3591.036	30665.26	103395.9	6794.95	-5.338078	2582.918	1.393731e+08	3.665384e+08	1268.327	4295.729	193.9502	48440.95	14086.56	-4.626335	9793.815	-5.338078	2582.918	-4.626335	9793.815
56.48	142492.2	14121.64	3840.701	81296.92	908420.1	-689.7544	23004.53	2632.028	2490.036	28662.26	95464.92	5594.95	-5.338078	1782.918	1.360754e+08	4.126251e+08	2068.327	5596.729	-6.049822	55254.95	14386.56	-4.626335	10393.82	-5.338078	1782.918	-4.626335	10393.82
56.76	155268.2	17524.64	1839.701	88019.92	958852.1	-1489.754	20602.53	1632.028	3791.036	28863.26	104199.9	5994.95	-5.338078	1682.918	1.382735e+08	4.046097e+08	2668.327	4395.729	-6.049822	55956.95	10884.56	95.37366	6792.815	-5.338078	1682.918	95.37366	6792.815
57.05	157482.2	15723.64	3840.701	81296.92	986705.1	711.2456	23205.53	2932.028	4391.036	29764.26	106609.9	7094.95	-5.338078	1882.918	1.431288e+08	3.725494e+08	1968.327	5096.729	393.9502	62270.95	12085.56	-4.626335	6992.815	-5.338078	1882.918	-4.626335	6992.815
57.34	144302.2	11219.64	3240.701	79390.92	990865.1	-488.7544	24806.53	2332.028	4591.036	31065.26	99379.92	8494.95	-5.338078	1582.918	1.388452e+08	3.945906e+08	1968.327	3595.729	393.9502	98687.95	10784.56	-4.626335	7692.815	-5.338078	1582.918	-4.626335	7692.815
57.62	163721.2	18926.64	3240.701	80795.92	1051780	111.2456	21603.53	2232.028	5091.036	27061.26	105103.9	18600.95	-5.338078	1882.918	1.409277e+08	3.805643e+08	2768.327	5596.729	1593.95	206241	14186.56	-4.626335	6892.815	-5.338078	1882.918	-4.626335	6892.815
57.91	163117.2	32744.64	3940.701	66151.92	996274.1	11.24561	22404.53	2132.028	4091.036	22957.26	95062.92	41027.95	-5.338078	2182.918	1.307762e+08	3.805643e+08	2568.327	5396.729	2793.95	319319.9	14086.56	-4.626335	6992.815	-5.338078	2182.918	-4.626335	6992.815
58.19	167446.2	28437.64	2639.701	63845.92	967683.1	4912.246	21803.53	2932.028	2190.036	17452.26	103596.9	54252.95	294.6619	1582.918	1.449053e+08	3.645347e+08	1568.327	4495.729	2493.95	393161.9	10484.56	-4.626335	10093.82	294.6619	1582.918	-4.626335	10093.82
58.48	157582.2	29539.64	3240.701	59234.92	988265.1	7714.246	23305.53	2332.028	3991.036	17552.26	104098.9	57359.95	94.66192	1082.918	1.4376e+08	3.725494e+08	2168.327	6396.729	3393.95	402507.9	12585.56	-4.626335	7692.815	94.66192	1082.918	-4.626335	7692.815
58.77	158790.2	26134.64	5140.701	53120.92	943380.1	6013.246	25707.53	2132.028	3991.036	16451.26	102994.9	52248.95	-5.338078	782.9182	1.344057e+08	3.525128e+08	2068.327	4095.729	2493.95	344044.9	11285.56	-4.626335	7692.815	-5.338078	782.9182	-4.626335	7692.815
59.05	166641.2	24732.64	3840.701	54523.92	903341.1	5012.246	19601.53	2432.028	2790.036	16552.26	101186.9	35418.95	194.6619	682.9182	1.280856e+08	3.62531e+08	2168.327	6196.729	1093.95	243070	10684.56	-4.626335	7792.815	194.6619	682.9182	-4.626335	7792.815
59.34	154161.2	24632.64	3040.701	50514.92	848675.1	2511.246	20402.53	2232.028	2590.036	16752.26	95966.92	29711.95	-5.338078	1082.918	1.342886e+08	3.164489e+08	2568.327	3095.729	1693.95	192734	10584.56	-4.626335	4991.815	-5.338078	1082.918	-4.626335	4991.815
59.62	150137.2	24732.64	2339.701	49913.92	806822.1	311.2456	23105.53	2632.028	4491.036	13950.26	92152.92	22503.95	-5.338078	1382.918	1.330296e+08	3.745531e+08	2168.327	3595.729	993.9502	145617	11785.56	-4.626335	5392.815	-5.338078	1382.918	-4.626335	5392.815
59.91	141989.2	23831.64	4440.701	57129.92	740002.1	1811.246	20002.53	1532.028	2690.036	14050.26	86331.92	17199.95	-5.338078	782.9182	1.260252e+08	3.925868e+08	1868.327	3095.729	593.9502	102002	10384.56	-4.626335	5192.815	-5.338078	782.9182	-4.626335	5192.815
60.2	140983.2	24933.64	2139.701	55425.92	667606.1	3512.246	21002.53	2832.028	2990.036	11349.26	87736.92	12396.95	-5.338078	982.9182	1.332199e+08	3.424948e+08	1668.327	3595.729	993.9502	100696	13586.56	-4.626335	4091.815	-5.338078	982.9182	-4.626335	4091.815
60.48	133844.2	44966.64	2439.701	62642.92	565636.1	-188.7544	22904.53	2532.028	2290.036	12149.26	83220.92	11196.95	-5.338078	1282.918	1.321954e+08	3.82568e+08	2268.327	2395.729	593.9502	68788.95	9984.562	-4.626335	3491.815	-5.338078	1282.918	-4.626335	3491.815
60.77	119371.2	29339.64	2739.701	61339.92	501489.1	111.2456	20702.53	2332.028	4091.036	15951.26	83020.92	7694.95	-5.338078	882.9182	1.324441e+08	3.585237e+08	2468.327	3995.729	193.9502	62972.95	12085.56	-4.626335	3291.815	-5.338078	882.9182	-4.626335	3291.815
61.05	117663.2	21729.64	2039.701	64848.92	436079.1	311.2456	27710.53	2432.028	3691.036	16051.26	100182.9	9495.95	-5.338078	2082.918	1.414852e+08	4.266523e+08	2968.327	4495.729	93.95018	60867.95	12585.56	-4.626335	4091.815	-5.338078	2082.918	-4.626335	4091.815
61.34	108823.2	26835.64	4140.701	79089.92	433841.1	2511.246	27309.53	3632.028	3791.036	15251.26	89843.92	7994.95	-5.338078	1782.918	1.458893e+08	4.186367e+08	1568.327	3895.729	393.9502	47538.95	11084.56	-4.626335	2991.815	-5.338078	1782.918	-4.626335	2991.815
61.63	98380.19	23831.64	2940.701	89324.92	376624.1	111.2456	30413.53	3332.028	2290.036	17352.26	82618.92	6194.95	-5.338078	1582.918	1.38596e+08	3.545164e+08	2068.327	3295.729	193.9502	46737.95	10484.56	-4.626335	4491.815	-5.338078	1582.918	-4.626335	4491.815
61.91	96774.19	22029.64	3140.701	107396.9	400084.1	-488.7544	29512.53	1932.028	3290.036	15551.26	95062.92	5094.95	94.66192	1582.918	1.365882e+08	3.184524e+08	2568.327	4695.729	193.9502	45134.95	11485.56	-4.626335	4291.815	94.66192	1582.918	-4.626335	4291.815
62.2	90852.19	25133.64	3240.701	139857.9	411874.1	-889.7544	23405.53	2932.028	3491.036	17652.26	91850.92	5294.95	-5.338078	2682.918	1.295038e+08	3.505092e+08	1968.327	5196.729	293.9502	51045.95	11485.56	-4.626335	2991.815	-5.338078	2682.918	-4.626335	2991.815
62.48	83727.19	23631.64	2339.701	133924.9	361300.1	611.2456	20402.53	2432.028	3891.036	14750.26	95564.92	4293.95	-5.338078	2182.918	1.317856e+08	3.765569e+08	2768.327	4095.729	93.95018	147327	13486.56	-4.626335	5292.815	-5.338078	2182.918	-4.626335	5292.815
62.77	75802.19	42962.64	3840.701	115130.9	340106.1	1511.246	20402.53	2332.028	2190.036	13350.26	95966.92	4393.95	-5.338078	1382.918	1.269165e+08	3.444984e+08	1668.327	4695.729	293.9502	173796	11985.56	-4.626335	5492.815	-5.338078	1382.918	-4.626335	5492.815
63.06	59057.19	20027.64	3740.701	109304.9	295342.1	1211.246	21803.53	3032.028	3290.036	14050.26	88940.92	5494.95	-5.338078	1882.918	1.315223e+08	3.485056e+08	1468.327	5096.729	293.9502	279345.9	11785.56	-4.626335	5992.815	-5.338078	1882.918	-4.626335	5992.815
63.34	61462.19	61706.64	3440.701	106190.9	229254.1	2811.246	28811.53	2032.028	3290.036	20454.26	86431.92	3593.95	-5.338078	2382.918	1.769723e+08	3.605274e+08	1868.327	3395.729	-6.049822	317294.9	12385.56	-4.626335	5892.815	-5.338078	2382.918	-4.626335	5892.815
63.63	56551.19	114505.6	4140.701	90829.92	176730.1	911.2456	29612.53	3332.028	3891.036	25059.26	82217.92	3293.95	-5.338078	2282.918	1.394757e+08	3.805643e+08	2368.327	2995.729	393.9502	359256.9	10884.56	-4.626335	5292.815	-5.338078	2282.918	-4.626335	5292.815
63.91	61162.19	34246.64	2339.701	88621.92	138188.1	1611.246	32416.53	1932.028	3290.036	33669.26	76800.92	2893.95	194.6619	2582.918	1.39945e+08	3.46502e+08	2168.327	3595.729	193.9502	338063.9	11985.56	-4.626335	5892.815	194.6619	2582.918	-4.626335	5892.815
64.2	50037.19	50778.64	3340.701	94142.92	110350.1	911.2456	31614.53	2932.028	3691.036	34870.26	72286.92	2993.95	94.66192	3082.918	1.313467e+08	3.665384e+08	2468.327	2095.729	493.9502	353170.9	11985.56	-4.626335	5892.815	94.66192	3082.918	-4.626335	5892.815
64.48	51440.19	37051.64	2639.701	84908.92	90069.12	3112.246	30613.53	3532.028	2390.036	34870.26	69980.92	2893.95	-5.338078	3782.918	1.275302e+08	3.084351e+08	2268.327	2895.729	93.95018	364532.9	10784.56	-4.626335	4991.815	-5.338078	3782.918	-4.626335	4991.815
64.77	43124.19	42861.64	1239.701	88822.92	72613.12	1411.246	35921.53	1832.028	3491.036	40479.26	71685.92	2693.95	-5.338078	2482.918	1.395197e+08	3.444984e+08	3068.327	2995.729	393.9502	413484.9	12885.56	-4.626335	5292.815	-5.338078	2482.918	-4.626335	5292.815
65.06	47632.19	72236.64	1239.701	82701.92	61382.12	1611.246	36421.53	3732.028	5391.036	42482.26	68275.92	1693.95	-5.338078	3282.918	1.432609e+08	3.845718e+08	3068.327	3395.729	493.9502	469664.9	12085.56	-4.626335	5092.815	-5.338078	3282.918	-4.626335	5092.815
65.34	41922.19	75346.64	2639.701	85410.92	57874.12	3012.246	39326.53	3432.028	3991.036	43284.26	70983.92	3193.95	-5.338078	3082.918	1.412944e+08	4.226444e+08	2768.327	3195.729	293.9502	527398.9	13386.56	-4.626335	3491.815	-5.338078	3082.918	-4.626335	3491.815
65.63	40720.19	79360.64	1939.701	82902.92	45248.12	2511.246	39226.53	1832.028	3491.036	43083.26	64365.92	3393.95	94.66192	2882.918	1.311273e+08	3.90583e+08	2768.327	4195.729	193.9502	783584.9	11285.56	-4.626335	5292.815	94.66192	2882.918	-4.626335	5292.815
65.91	42423.19	105262.6	4040.701	69861.92	40640.12	3012.246	39727.53	2032.028	2490.036	33569.26	72086.92	5194.95	-5.338078	2182.918	1.445381e+08	3.444984e+08	2868.327	2395.729	193.9502	1149843	9684.562	-4.626335	6992.815	-5.338078	2182.918	-4.626335	6992.815
66.2	38116.19	84980.64	2639.701	66452.92	35332.12	4612.246	40828.53	3132.028	3791.036	30164.26	79910.92	5394.95	-5.338078	2282.918	1.46668e+08	3.965944e+08	2368.327	4795.729	193.9502	1297092	13085.56	195.3737	6192.815	-5.338078	2282.918	195.3737	6192.815
66.49	31707.19	146177.6	3540.701	53921.92	29124.12	6213.246	40929.53	2532.028	1590.036	27461.26	69478.92	6194.95	-5.338078	2682.918	1.397543e+08	3.565201e+08	3068.327	4595.729	293.9502	1278995	10684.56	-4.626335	4591.815	-5.338078	2682.918	-4.626335	4591.815
66.77	31006.19	108074.6	1639.701	51516.92	27122.12	511.2456	40027.53	2832.028	4291.036	23657.26	72286.92	4593.95	-5.338078	2382.918	1.3221e+08	3.545164e+08	1868.327	3595.729	-6.049822	1082013	10184.56	-4.626335	6192.815	-5.338078	2382.918	-4.626335	6192.815
67.06	30506.19	94416.64	1939.701	43701.92	25820.12	6913.246	36822.53	2132.028	2190.036	22256.26	62360.92	3693.95	-5.338078	2982.918	1.729947e+08	4.226444e+08	3768.327	2995.729	93.95018	759044.9	10784.56	-4.626335	5292.815	-5.338078	2982.918	-4.626335	5292.815
67.35	33209.19	149196.6	3840.701	48911.92	33630.12	2011.246	41430.53	1332.028	3290.036	27361.26	61959.92	3693.95	-5.338078	3582.918	1.395344e+08	3.985982e+08	3468.327	1995.729	93.95018	563677.9	10484.56	-4.626335	4891.815	-5.338078	3582.918	-4.626335	4891.815
67.63	32007.19	135112.6	2139.701	51216.92	51761.12	2711.246	40328.53	3232.028	2890.036	26760.26	63763.92	2893.95	-5.338078	3182.918	1.343618e+08	3.765569e+08	3668.327	2895.729	93.95018	566438.9	12285.56	-4.626335	4791.815	-5.338078	3182.918	-4.626335	4791.815
67.92	37515.19	145875.6	4240.701	59133.92	76223.12	2911.246	35019.53	2532.028	3090.036	24258.26	66470.92	4293.95	94.66192	3182.918	1.327368e+08	3.605274e+08	2568.327	2295.729	393.9502	683408.9	11685.56	-4.626335	4191.815	94.66192	3182.918	-4.626335	4191.815
68.2	41121.19	135213.6	2339.701	54723.92	84048.12	1111.246	33417.53	3732.028	3190.036	19754.26	70983.92	4493.95	-5.338078	2082.918	1.367493e+08	3.785605e+08	3268.327	3495.729	-6.049822	1142936	10684.56	-4.626335	3891.815	-5.338078	2082.918	-4.626335	3891.815
68.49	43224.19	120333.6	3140.701	43801.92	74418.12	2611.246	28911.53	3032.028	5391.036	18153.26	73690.92	6494.95	-5.338078	1482.918	1.426444e+08	3.404912e+08	3268.327	1895.729	93.95018	1556803	10084.56	-4.626335	5692.815	-5.338078	1482.918	-4.626335	5692.815
68.78	37715.19	132498.6	3640.701	32183.92	55268.12	1211.246	23004.53	2432.028	3491.036	12349.26	69880.92	5794.95	94.66192	1182.918	1.306738e+08	3.68542e+08	1668.327	2895.729	-6.049822	1902964	11585.56	-4.626335	5392.815	94.66192	1182.918	-4.626335	5392.815
69.06	30305.19	148491.6	1939.701	28979.92	39639.12	1511.246	20502.53	3432.028	3290.036	10448.26	66871.92	6194.95	-5.338078	1982.918	1.266535e+08	2.944112e+08	2368.327	2595.729	193.9502	2061960	10384.56	-4.626335	6292.815	-5.338078	1982.918	-4.626335	6292.815
69.35	32408.19	121137.6	2639.701	22672.92	34130.12	3312.246	19001.53	2532.028	4991.036	8247.264	70381.92	7194.95	-5.338078	1482.918	1.280125e+08	3.605274e+08	1968.327	3095.729	593.9502	2055781	10784.56	95.37366	6592.815	-5.338078	1482.918	95.37366	6592.815
69.63	35212.19	146881.6	739.7012	28078.92	30826.12	5813.246	26909.53	1332.028	4991.036	12649.26	73791.92	9295.95	-5.338078	1382.918	1.357971e+08	3.805643e+08	2168.327	2295.729	393.9502	1904689	11785.56	95.37366	5992.815	-5.338078	1382.918	95.37366	5992.815
69.92	38216.19	115911.6	3040.701	34787.92	20415.12	3212.246	34318.53	2632.028	4391.036	16151.26	71685.92	10595.95	-5.338078	2382.918	1.325759e+08	3.424948e+08	1968.327	3295.729	293.9502	1516644	12685.56	-4.626335	5492.815	-5.338078	2382.918	-4.626335	5492.815
70.21	36213.19	205911.6	3340.701	36089.92	22817.12	4112.246	32716.53	1932.028	3491.036	21255.26	66069.92	9195.95	-5.338078	2782.918	1.352551e+08	3.424948e+08	1668.327	1795.729	-6.049822	1078152	13486.56	-4.626335	6092.815	-5.338078	2782.918	-4.626335	6092.815
70.49	41021.19	144366.6	3740.701	45404.92	20616.12	3212.246	34519.53	3332.028	3591.036	24658.26	61357.92	5694.95	-5.338078	2582.918	1.315076e+08	2.783843e+08	3368.327	2295.729	93.95018	846382.9	11785.56	-4.626335	5092.815	-5.338078	2582.918	-4.626335	5092.815
70.78	34010.19	165301.6	3540.701	37991.92	18514.12	511.2456	31514.53	2432.028	2690.036	19954.26	59352.92	4393.95	-5.338078	3382.918	1.357678e+08	3.745531e+08	1868.327	695.7296	93.95018	625522.9	14386.56	-4.626335	4191.815	-5.338078	3382.918	-4.626335	4191.815
71.07	30806.19	99437.64	2639.701	42198.92	16913.12	1911.246	39025.53	2732.028	3390.036	24959.26	60555.92	2593.95	-5.338078	3182.918	1.3281e+08	3.805643e+08	2168.327	1695.729	93.95018	477205.9	11385.56	-4.626335	4891.815	-5.338078	3182.918	-4.626335	4891.815
71.35	25600.19	106668.6	2039.701	39193.92	16713.12	-1089.754	40528.53	2232.028	2490.036	23757.26	54942.92	2493.95	-5.338078	3582.918	1.322246e+08	3.665384e+08	2268.327	1595.729	193.9502	380974.9	9684.562	-4.626335	5192.815	-5.338078	3582.918	-4.626335	5192.815
71.64	27903.19	148491.6	3940.701	44803.92	19415.12	1311.246	37323.53	2532.028	3390.036	22957.26	53840.92	2193.95	-5.338078	3482.918	1.352698e+08	3.845718e+08	3668.327	1695.729	693.9502	333908.9	12485.56	-4.626335	4991.815	-5.338078	3482.918	-4.626335	4991.815
71.92	31006.19	111390.6	3140.701	42900.92	29024.12	611.2456	42632.53	2632.028	3591.036	23857.26	54241.92	1793.95	-5.338078	3182.918	1.380243e+08	3.62531e+08	3468.327	1895.729	393.9502	286930.9	11385.56	-4.626335	3191.815	-5.338078	3182.918	-4.626335	3191.815
72.21	31907.19	216704.6	1639.701	46005.92	55268.12	2211.246	40127.53	2932.028	3991.036	22856.26	58250.92	1993.95	-5.338078	3482.918	1.302204e+08	3.545164e+08	2868.327	2295.729	93.95018	248119	9484.562	-4.626335	3591.815	-5.338078	3482.918	-4.626335	3591.815
72.5	34711.19	155334.6	4340.701	50314.92	87159.12	-689.7544	43032.53	3332.028	2290.036	20855.26	62059.92	1893.95	-5.338078	2882.918	1.235426e+08	3.765569e+08	2968.327	1495.729	193.9502	182457	11084.56	-4.626335	3591.815	-5.338078	2882.918	-4.626335	3591.815
72.78	46731.19	149799.6	2439.701	55224.92	134468.1	-989.7544	37824.53	2332.028	3691.036	22957.26	72688.92	1293.95	-5.338078	2182.918	1.294014e+08	3.645347e+08	1668.327	3595.729	93.95018	179033	11585.56	-4.626335	3691.815	-5.338078	2182.918	-4.626335	3691.815
73.07	55248.19	119429.6	2940.701	62542.92	169077.1	-188.7544	31915.53	2032.028	4491.036	23257.26	65568.92	2093.95	-5.338078	2182.918	1.356506e+08	3.444984e+08	2968.327	3295.729	293.9502	150948	9784.562	-4.626335	4091.815	-5.338078	2182.918	-4.626335	4091.815
73.35	66876.19	125460.6	2039.701	61238.92	183076.1	-1189.754	32215.53	2532.028	2490.036	21555.26	73891.92	1793.95	-5.338078	2882.918	1.423949e+08	3.925868e+08	2868.327	2495.729	293.9502	138678	10384.56	-4.626335	2991.815	-5.338078	2882.918	-4.626335	2991.815
73.64	70185.19	231944.6	2539.701	63745.92	187105.1	-388.7544	41029.53	1932.028	4191.036	17652.26	76900.92	993.9502	-5.338078	2482.918	1.440389e+08	3.505092e+08	3168.327	2595.729	93.95018	130333	9184.562	-4.626335	3391.815	-5.338078	2482.918	-4.626335	3391.815
73.93	72592.19	107673.6	2940.701	61339.92	183579.1	-789.7544	29512.53	3532.028	3290.036	17052.26	76700.92	2293.95	-5.338078	1982.918	1.352258e+08	3.605274e+08	2268.327	2395.729	-6.049822	97483.95	10384.56	-4.626335	3091.815	-5.338078	1982.918	-4.626335	3091.815
74.21	86436.19	133101.6	3040.701	54823.92	225016.1	511.2456	28210.53	1132.028	2790.036	17152.26	71986.92	2493.95	-5.338078	1782.918	1.3221e+08	3.364841e+08	1968.327	1495.729	93.95018	84335.95	10384.56	95.37366	2791.815	-5.338078	1782.918	95.37366	2791.815
74.5	92960.19	88091.64	2439.701	51416.92	301617.1	-88.75439	26108.53	3632.028	4191.036	14650.26	83321.92	4893.95	-5.338078	1182.918	1.362219e+08	3.2847e+08	1568.327	2395.729	-6.049822	79921.95	10384.56	-4.626335	3491.815	-5.338078	1182.918	-4.626335	3491.815
74.78	130728.2	80765.64	2539.701	55525.92	530682.1	-789.7544	24005.53	1632.028	3190.036	15251.26	87635.92	5394.95	94.66192	1482.918	1.340104e+08	3.404912e+08	2268.327	2395.729	193.9502	78717.95	11685.56	-4.626335	5292.815	94.66192	1482.918	-4.626335	5292.815
75.07	120879.2	79059.64	2339.701	59133.92	656826.1	-288.7544	24506.53	1632.028	4391.036	20655.26	95966.92	4993.95	-5.338078	1882.918	1.326929e+08	3.565201e+08	1268.327	3195.729	193.9502	79018.95	10284.56	-4.626335	5892.815	-5.338078	1882.918	-4.626335	5892.815
75.36	137162.2	56091.64	4140.701	63945.92	773390.1	-1289.754	21203.53	2832.028	2690.036	26360.26	93758.92	4593.95	-5.338078	1682.918	1.360022e+08	3.144455e+08	1268.327	3195.729	193.9502	91460.95	11585.56	-4.626335	5492.815	-5.338078	1682.918	-4.626335	5492.815
75.64	131633.2	161072.6	2739.701	77283.92	791545.1	-1689.754	20502.53	1532.028	2790.036	27461.26	89241.92	3793.95	-5.338078	2382.918	1.332052e+08	3.665384e+08	2168.327	4495.729	-6.049822	85138.95	9584.562	-4.626335	5292.815	-5.338078	2382.918	-4.626335	5292.815
75.93	126908.2	45066.64	3440.701	74776.92	647897.1	-88.75439	23705.53	1632.028	3190.036	32167.26	82016.92	3093.95	-5.338078	1582.918	1.353576e+08	3.62531e+08	1268.327	3195.729	93.95018	69991.95	11385.56	95.37366	5892.815	-5.338078	1582.918	95.37366	5892.815
76.21	112339.2	45467.64	2639.701	74876.92	580061.1	-1989.754	24706.53	1632.028	2990.036	45788.26	82016.92	2293.95	-5.338078	2382.918	1.33864e+08	4.166328e+08	2168.327	3295.729	93.95018	70793.95	9184.562	-4.626335	5092.815	-5.338078	2382.918	-4.626335	5092.815
76.5	102798.2	36750.64	3240.701	88722.92	475080.1	11.24561	31114.53	2632.028	4591.036	51098.26	84826.92	2593.95	-5.338078	2582.918	1.388159e+08	3.404912e+08	1568.327	2395.729	193.9502	85740.95	11385.56	-4.626335	6392.815	-5.338078	2582.918	-4.626335	6392.815
76.79	99384.19	59399.64	3640.701	97856.92	419702.1	-989.7544	32816.53	3332.028	3491.036	58915.26	84525.92	1893.95	-5.338078	2682.918	1.380683e+08	3.845718e+08	2168.327	1895.729	93.95018	78416.95	9284.562	-4.626335	7492.815	-5.338078	2682.918	-4.626335	7492.815
77.07	96071.19	26535.64	2940.701	90528.92	409841.1	-488.7544	31715.53	2632.028	3791.036	53904.26	80511.92	2793.95	-5.338078	2682.918	1.292406e+08	3.384877e+08	3268.327	2895.729	-6.049822	76109.95	12085.56	-4.626335	7192.815	-5.338078	2682.918	-4.626335	7192.815
77.36	112540.2	44064.64	1839.701	89625.92	411060.1	-288.7544	32616.53	3132.028	4691.036	49896.26	90245.92	1993.95	-5.338078	2682.918	1.414411e+08	3.805643e+08	2568.327	3395.729	693.9502	75507.95	10784.56	95.37366	7392.815	-5.338078	2682.918	95.37366	7392.815
77.64	110230.2	20728.64	1939.701	83102.92	405775.1	-989.7544	27810.53	2232.028	3190.036	41380.26	88037.92	2693.95	-5.338078	1982.918	1.252364e+08	3.424948e+08	2368.327	4495.729	93.95018	61970.95	12485.56	-4.626335	6692.815	-5.338078	1982.918	-4.626335	6692.815
77.93	122788.2	40457.64	3140.701	65650.92	372564.1	-1389.754	31314.53	2932.028	3791.036	34971.26	94661.92	3693.95	94.66192	2182.918	1.347425e+08	3.364841e+08	1468.327	3295.729	293.9502	95475.95	12385.56	-4.626335	7092.815	94.66192	2182.918	-4.626335	7092.815
78.21	131130.2	20728.64	3440.701	55024.92	312752.1	-88.75439	28410.53	2232.028	3290.036	27261.26	95464.92	2693.95	-5.338078	1482.918	1.283195e+08	3.224594e+08	3468.327	2195.729	93.95018	120484	9884.562	-4.626335	6592.815	-5.338078	1482.918	-4.626335	6592.815
78.5	118668.2	23431.64	2439.701	45604.92	264197.1	-1189.754	26208.53	1432.028	2490.036	23958.26	80411.92	3193.95	94.66192	2482.918	9.870925e+07	2.783843e+08	2368.327	2695.729	93.95018	98286.95	7283.562	-4.626335	4591.815	94.66192	2482.918	-4.626335	4591.815
78.79	86436.19	16423.64	3640.701	33485.92	181061.1	-1389.754	18300.53	1832.028	2390.036	17552.26	57147.92	2593.95	-5.338078	2082.918	7.19026e+07	1.962548e+08	968.3274	1995.729	93.95018	69891.95	4982.562	-4.626335	2691.815	-5.338078	2082.918	-4.626335	2691.815
79.07	58556.19	21729.64	1939.701	25075.92	139395.1	-1489.754	10695.53	1132.028	890.0356	13650.26	38612.92	1593.95	-5.338078	882.9182	5.473475e+07	1.141387e+08	1568.327	1395.729	293.9502	62972.95	4782.562	-4.626335	2491.815	-5.338078	882.9182	-4.626335	2491.815
79.36	47131.19	15423.64	939.7012	20771.92	110451.1	-789.7544	10295.53	1632.028	1590.036	9448.264	27597.92	893.9502	-5.338078	382.9182	4.302616e+07	1.179934e+08	468.3274	1695.729	193.9502	41427.95	3582.562	-4.626335	2291.815	-5.338078	382.9182	-4.626335	2291.815
79.64	36914.19	18626.64	-160.2988	17768.92	88965.12	211.2456	7194.527	532.0284	1390.036	8648.264	23293.92	993.9502	-5.338078	582.9182	3.313478e+07	9.085296e+07	768.3274	695.7296	-6.049822	30111.95	2282.562	-4.626335	2091.815	-5.338078	582.9182	-4.626335	2091.815
79.93	26901.19	6016.641	-60.29883	12064.92	70607.12	-1789.754	6193.527	832.0284	390.0356	6647.263	19590.92	693.9502	194.6619	482.9182	2.503133e+07	7.354226e+07	168.3274	295.7295	93.95018	33415.95	2282.562	-4.626335	1591.815	194.6619	482.9182	-4.626335	1591.815
80.22	21296.19	4115.641	1439.701	12265.92	61884.12	-1089.754	4893.527	32.02844	590.0356	5647.263	15087.92	593.9502	-5.338078	482.9182	2.138373e+07	5.697659e+07	268.3274	395.7295	-6.049822	23204.95	1882.562	-4.626335	991.8149	-5.338078	482.9182	-4.626335	991.8149
80.5	22297.19	4816.641	439.7012	10164.92	46150.12	-288.7544	4893.527	432.0284	690.0356	4046.263	13286.92	393.9502	-5.338078	382.9182	1.867531e+07	4.458469e+07	168.3274	295.7295	93.95018	16498.95	1482.562	-4.626335	491.8149	-5.338078	382.9182	-4.626335	491.8149
80.79	17093.19	4015.641	939.7012	6562.922	43044.12	-1789.754	3293.527	-267.9716	790.0356	2946.263	8483.918	293.9502	-5.338078	182.9182	1.25288e+07	3.742482e+07	368.3274	195.7295	93.95018	12596.95	1282.562	-4.626335	891.8149	-5.338078	182.9182	-4.626335	891.8149
81.07	12990.19	3215.641	2539.701	6462.922	31527.12	-1189.754	4193.527	532.0284	990.0356	3246.263	7383.918	293.9502	-5.338078	182.9182	1.084533e+07	3.407894e+07	68.3274	95.72954	193.9502	11396.95	482.5623	-4.626335	491.8149	-5.338078	182.9182	-4.626335	491.8149
81.36	9689.188	1714.641	-961.2988	4662.922	24719.12	-1089.754	2192.527	-267.9716	990.0356	2446.263	5583.918	793.9502	-5.338078	582.9182	1.022307e+07	2.626985e+07	268.3274	195.7295	-6.049822	11596.95	882.5623	-4.626335	691.8149	-5.338078	582.9182	-4.626335	691.8149
81.64	9589.188	11619.64	-460.2988	4362.922	23518.12	-1689.754	2692.527	32.02844	-309.9644	1346.263	5883.918	393.9502	-5.338078	82.91815	8187368	2.160972e+07	268.3274	195.7295	-6.049822	9895.95	882.5623	-4.626335	391.8149	-5.338078	82.91815	-4.626335	391.8149
81.93	6288.188	2515.641	-160.2988	2761.922	14311.12	-88.75439	2292.527	132.0284	-309.9644	1146.263	4882.918	93.95018	-5.338078	-17.08185	6209334	2.00577e+07	-31.6726	95.72954	93.95018	3993.95	82.56228	-4.626335	191.8149	-5.338078	-17.08185	-4.626335	191.8149
82.22	5988.188	2214.641	-560.2988	2561.922	17913.12	-1089.754	1092.527	32.02844	390.0356	2146.263	2682.918	193.9502	-5.338078	182.9182	6138710	1.51356e+07	-31.6726	95.72954	-6.049822	4993.95	82.56228	-4.626335	191.8149	-5.338078	182.9182	-4.626335	191.8149
82.5	4787.188	1614.641	-1261.299	2661.922	13311.12	-588.7544	392.5267	332.0284	190.0356	1246.263	2582.918	293.9502	-5.338078	182.9182	4133592	1.281917e+07	-31.6726	195.7295	-6.049822	3293.95	282.5623	-4.626335	291.8149	-5.338078	182.9182	-4.626335	291.8149
82.79	4787.188	2615.641	-460.2988	1561.922	10109.12	-1789.754	392.5267	132.0284	-409.9644	946.2634	1782.918	193.9502	-5.338078	82.91815	3964198	8957086	-31.6726	-4.270463	-6.049822	1993.95	82.56228	-4.626335	291.8149	-5.338078	82.91815	-4.626335	291.8149
83.07	3687.189	214.6406	-961.2988	1461.922	10009.12	-1589.754	492.5267	-67.97156	190.0356	346.2633	2082.918	-6.049822	-5.338078	282.9182	3611318	8048972	-31.6726	-4.270463	-6.049822	3493.95	282.5623	-4.626335	91.81495	-5.338078	282.9182	-4.626335	91.81495
83.36	2087.189	13821.64	-660.2988	961.9218	8008.118	-1089.754	1292.527	332.0284	590.0356	646.2634	1582.918	-6.049822	-5.338078	-17.08185	2524674	7907100	-31.6726	-4.270463	-6.049822	1493.95	682.5623	-4.626335	-8.185054	-5.338078	-17.08185	-4.626335	-8.185054
83.64	2787.189	714.6406	-560.2988	1061.922	7908.118	-1389.754	192.5267	32.02844	-209.9644	346.2633	1182.918	93.95018	-5.338078	-17.08185	2496454	6843242	68.3274	-4.270463	-6.049822	993.9502	82.56228	-4.626335	191.8149	-5.338078	-17.08185	-4.626335	191.8149
83.93	1487.189	914.6406	-260.2988	861.9218	5808.118	-88.75439	292.5267	232.0284	-109.9644	546.2634	1182.918	93.95018	-5.338078	-17.08185	1889775	6290162	-31.6726	195.7295	-6.049822	2693.95	182.5623	-4.626335	191.8149	-5.338078	-17.08185	-4.626335	191.8149
84.22	1287.189	414.6406	-1261.299	1061.922	2807.117	-1489.754	492.5267	-367.9716	-109.9644	246.2633	582.9182	-6.049822	-5.338078	-17.08185	2369466	4163737	168.3274	-4.270463	193.9502	1693.95	-17.43772	-4.626335	91.81495	-5.338078	-17.08185	-4.626335	91.81495
84.51	1287.189	314.6406	-560.2988	661.9218	3407.117	-1589.754	1292.527	632.0284	290.0356	146.2633	1482.918	-6.049822	-5.338078	-17.08185	1833346	3568566	-31.6726	-4.270463	-6.049822	993.9502	382.5623	-4.626335	-8.185054	-5.338078	-17.08185	-4.626335	-8.185054
84.8	1587.189	-85.35938	-1261.299	1061.922	3207.117	-2189.754	692.5267	232.0284	-409.9644	546.2634	982.9182	293.9502	-5.338078	-17.08185	1029319	3568566	68.3274	-4.270463	-6.049822	1593.95	82.56228	-4.626335	191.8149	-5.338078	-17.08185	-4.626335	191.8149
85.08	687.1886	-985.3594	-1461.299	661.9218	3907.117	-1189.754	692.5267	-167.9716	-309.9644	146.2633	1182.918	-6.049822	-5.338078	-17.08185	940332.4	2633501	68.3274	-4.270463	-6.049822	493.9502	182.5623	-4.626335	-8.185054	-5.338078	-17.08185	-4.626335	-8.185054
85.37	1087.189	-185.3594	-460.2988	361.9218	907.1174	-1289.754	-7.473267	32.02844	190.0356	46.26334	582.9182	-6.049822	-5.338078	82.91815	745938.4	2123569	68.3274	-4.270463	-6.049822	993.9502	-17.43772	-4.626335	91.81495	-5.338078	82.91815	-4.626335	91.81495
85.66	887.1886	2415.641	-660.2988	-238.0782	1307.117	-689.7544	-907.4733	332.0284	-109.9644	146.2633	482.9182	-6.049822	-5.338078	-17.08185	592119.4	2591004	68.3274	195.7295	-6.049822	793.9502	182.5623	-4.626335	-8.185054	-5.338078	-17.08185	-4.626335	-8.185054
85.95	787.1886	1214.641	-160.2988	461.9218	2307.117	411.2456	392.5267	-267.9716	-509.9644	146.2633	582.9182	93.95018	-5.338078	-17.08185	987007.4	2066915	-31.6726	95.72954	-6.049822	93.95018	-17.43772	-4.626335	-8.185054	-5.338078	-17.08185	-4.626335	-8.185054
86.24	1087.189	614.6406	-1061.299	661.9218	2507.117	-1089.754	-607.4733	-167.9716	90.03564	146.2633	282.9182	93.95018	-5.338078	82.91815	439297.4	1443774	-31.6726	-4.270463	-6.049822	93.95018	-17.43772	-4.626335	-8.185054	-5.338078	82.91815	-4.626335	-8.185054
86.54	287.1886	714.6406	-660.2988	261.9218	1407.117	-588.7544	-107.4733	-367.9716	-309.9644	246.2633	282.9182	-6.049822	-5.338078	82.91815	329326.4	1358809	-31.6726	95.72954	-6.049822	593.9502	82.56228	-4.626335	-8.185054	-5.338078	82.91815	-4.626335	-8.185054
86.83	687.1886	-485.3594	-1461.299	161.9218	2207.117	-2289.754	-707.4733	232.0284	-109.9644	146.2633	282.9182	-6.049822	-5.338078	-17.08185	395475.4	1542903	-31.6726	-4.270463	-6.049822	393.9502	-17.43772	-4.626335	91.81495	-5.338078	-17.08185	-4.626335	91.81495
87.11	387.1886	-185.3594	239.7012	-238.0782	207.1174	-1189.754	92.52673	-67.97156	-309.9644	-53.73666	982.9182	93.95018	-5.338078	-17.08185	338548.4	806584.8	-31.6726	-4.270463	-6.049822	-6.049822	-17.43772	-4.626335	-8.185054	-5.338078	-17.08185	-4.626335	-8.185054
87.4	587.1886	-385.3594	-460.2988	161.9218	207.1174	-1189.754	-107.4733	132.0284	90.03564	-53.73666	182.9182	-6.049822	-5.338078	82.91815	183174.4	466797.8	168.3274	-4.270463	-6.049822	93.95018	82.56228	-4.626335	-8.185054	-5.338078	82.91815	-4.626335	-8.185054
87.69	87.18861	214.6406	-1161.299	-338.0782	1307.117	-2289.754	-507.4733	32.02844	390.0356	46.26334	182.9182	-6.049822	-5.338078	-17.08185	175383.4	1089766	-31.6726	-4.270463	93.95018	93.95018	-17.43772	-4.626335	-8.185054	-5.338078	-17.08185	-4.626335	-8.185054
87.98	387.1886	2315.641	139.7012	-438.0782	507.1174	-2089.754	-207.4733	132.0284	-109.9644	46.26334	82.91815	93.95018	-5.338078	-17.08185	183174.4	275355.8	-31.6726	-4.270463	93.95018	-6.049822	-17.43772	-4.626335	-8.185054	-5.338078	-17.08185	-4.626335	-8.185054
88.27	87.18861	1414.641	-560.2988	61.92175	807.1174	11.24561	-307.4733	332.0284	90.03564	46.26334	-17.08185	-6.049822	-5.338078	-17.08185	157867.4	679160.8	-31.6726	-4.270463	-6.049822	93.95018	-17.43772	95.37366	91.81495	-5.338078	-17.08185	95.37366	91.81495
88.56	-12.81139	-185.3594	-360.2988	-238.0782	707.1174	-1789.754	-207.4733	32.02844	90.03564	-53.73666	-17.08185	-6.049822	-5.338078	-17.08185	127192.4	266661.8	-31.6726	-4.270463	-6.049822	93.95018	-17.43772	-4.626335	-8.185054	-5.338078	-17.08185	-4.626335	-8.185054
88.84	187.1886	314.6406	39.70117	-138.0782	607.1174	-1189.754	-607.4733	-367.9716	-309.9644	-53.73666	82.91815	93.95018	-5.338078	-17.08185	137648.4	282759.8	68.3274	-4.270463	-6.049822	-6.049822	82.56228	-4.626335	-8.185054	-5.338078	-17.08185	-4.626335	-8.185054
89.13	387.1886	514.6406	-260.2988	-138.0782	807.1174	-1389.754	392.5267	-267.9716	-209.9644	-53.73666	1182.918	-6.049822	-5.338078	-17.08185	225476.4	141198.8	-31.6726	-4.270463	-6.049822	-6.049822	-17.43772	-4.626335	-8.185054	-5.338078	-17.08185	-4.626335	-8.185054
89.42	187.1886	-485.3594	-761.2988	-138.0782	607.1174	-1389.754	-207.4733	232.0284	190.0356	46.26334	82.91815	-6.049822	-5.338078	-17.08185	246883.4	262619.8	-31.6726	-4.270463	-6.049822	93.95018	82.56228	-4.626335	-8.185054	-5.338078	-17.08185	-4.626335	-8.185054
89.7	187.1886	414.6406	-961.2988	61.92175	207.1174	-1289.754	92.52673	32.02844	90.03564	146.2633	-17.08185	-6.049822	-5.338078	-17.08185	65856.4	84487.77	-31.6726	-4.270463	-6.049822	-6.049822	82.56228	-4.626335	-8.185054	-5.338078	-17.08185	-4.626335	-8.185054
89.99	87.18861	-385.3594	-1061.299	661.9218	1407.117	-989.7544	292.5267	32.02844	-409.9644	46.26334	82.91815	-6.049822	94.66192	-17.08185	150320.4	353542.8	-31.6726	-4.270463	-6.049822	-6.049822	-17.43772	-4.626335	-8.185054	94.66192	-17.08185	-4.626335	-8.185054
90.27	87.18861	414.6406	-1061.299	161.9218	307.1174	-288.7544	192.5267	32.02844	290.0356	146.2633	-17.08185	-6.049822	-5.338078	-17.08185	100973.4	367699.8	-31.6726	-4.270463	-6.049822	493.9502	-17.43772	-4.626335	-8.185054	-5.338078	-17.08185	-4.626335	-8.185054
90.56	87.18861	-585.3594	-360.2988	61.92175	7.117439	-388.7544	892.5267	232.0284	-409.9644	46.26334	-17.08185	-6.049822	-5.338078	-17.08185	165617.4	42109.77	-31.6726	-4.270463	-6.049822	93.95018	-17.43772	-4.626335	-8.185054	-5.338078	-17.08185	-4.626335	-8.185054
90.84	87.18861	-185.3594	-460.2988	-338.0782	107.1174	-88.75439	-507.4733	-67.97156	590.0356	-53.73666	-17.08185	-6.049822	-5.338078	-17.08185	15074.39	252515.8	-31.6726	-4.270463	-6.049822	-6.049822	-17.43772	-4.626335	-8.185054	-5.338078	-17.08185	-4.626335	-8.185054
91.14	-12.81139	1514.641	-761.2988	461.9218	7.117439	-1289.754	-707.4733	232.0284	-209.9644	146.2633	-17.08185	-6.049822	-5.338078	-17.08185	196540.4	98731.77	-31.6726	-4.270463	-6.049822	93.95018	-17.43772	-4.626335	-8.185054	-5.338078	-17.08185	-4.626335	-8.185054
91.42	-12.81139	1214.641	-1061.299	-138.0782	307.1174	-1489.754	92.52673	-367.9716	290.0356	46.26334	-17.08185	-6.049822	-5.338078	-17.08185	47314.39	34668.77	-31.6726	-4.270463	-6.049822	-6.049822	82.56228	-4.626335	-8.185054	-5.338078	-17.08185	-4.626335	-8.185054
91.71	-12.81139	-85.35938	-1361.299	-238.0782	-92.88256	-1089.754	92.52673	432.0284	-9.964355	-53.73666	-17.08185	-6.049822	-5.338078	-17.08185	30788.39	509269.8	-31.6726	-4.270463	-6.049822	-6.049822	-17.43772	-4.626335	-8.185054	-5.338078	-17.08185	-4.626335	-8.185054
92	-12.81139	-1085.359	-560.2988	-38.07825	707.1174	-989.7544	-807.4733	132.0284	-209.9644	-53.73666	182.9182	93.95018	-5.338078	-17.08185	56633.39	107776.8	-31.6726	-4.270463	-6.049822	-6.049822	-17.43772	-4.626335	-8.185054	-5.338078	-17.08185	-4.626335	-8.185054
92.29	-12.81139	-585.3594	-961.2988	-338.0782	107.1174	-1689.754	-507.4733	-67.97156	390.0356	46.26334	82.91815	-6.049822	-5.338078	-17.08185	37397.39	112887.8	-31.6726	-4.270463	-6.049822	-6.049822	-17.43772	-4.626335	-8.185054	-5.338078	-17.08185	-4.626335	-8.185054
92.57	-12.81139	14.64062	-160.2988	-338.0782	107.1174	-1489.754	292.5267	-67.97156	90.03564	46.26334	-17.08185	-6.049822	-5.338078	-17.08185	42405.39	39274.77	-31.6726	-4.270463	-6.049822	-6.049822	-17.43772	-4.626335	-8.185054	-5.338078	-17.08185	-4.626335	-8.185054
92.86	87.18861	-485.3594	-460.2988	361.9218	7.117439	-488.7544	392.5267	-267.9716	590.0356	146.2633	-17.08185	-6.049822	-5.338078	-17.08185	103182.4	155354.8	-31.6726	-4.270463	-6.049822	-6.049822	-17.43772	-4.626335	191.8149	-5.338078	-17.08185	-4.626335	191.8149
93.15	87.18861	914.6406	-1061.299	-138.0782	107.1174	-1289.754	-1007.473	-167.9716	-409.9644	-53.73666	-17.08185	-6.049822	-5.338078	-17.08185	3769.395	40877.77	-31.6726	-4.270463	-6.049822	-6.049822	-17.43772	-4.626335	-8.185054	-5.338078	-17.08185	-4.626335	-8.185054
93.43	-12.81139	114.6406	-861.2988	261.9218	7.117439	-388.7544	-707.4733	-567.9716	290.0356	-53.73666	-17.08185	-6.049822	-5.338078	-17.08185	55531.39	20051.77	-31.6726	-4.270463	-6.049822	-6.049822	182.5623	-4.626335	-8.185054	-5.338078	-17.08185	-4.626335	-8.185054
93.72	87.18861	514.6406	239.7012	-238.0782	7.117439	-1789.754	-407.4733	-667.9716	390.0356	-53.73666	-17.08185	-6.049822	94.66192	-17.08185	69.39502	1343.772	-31.6726	-4.270463	-6.049822	1293.95	-17.43772	-4.626335	-8.185054	94.66192	-17.08185	-4.626335	-8.185054
94	87.18861	-285.3594	-1361.299	-138.0782	307.1174	-2989.754	492.5267	332.0284	690.0356	46.26334	-17.08185	-6.049822	-5.338078	-17.08185	3869.395	149088.8	68.3274	-4.270463	-6.049822	-6.049822	-17.43772	-4.626335	-8.185054	-5.338078	-17.08185	-4.626335	-8.185054
