ElapsedTime_s	Ti49_CPS	Al27_CPS	S33_CPS	Sc45_CPS	V51_CPS	Mn55_CPS	Fe57_CPS	Co59_CPS	Ni60_CPS	Ga71_CPS	Zr90_CPS	Nb93_CPS	Mo97_CPS	In113_CPS	Sn119_CPS	Sn118_CPS	Sb121_CPS	Hf177_CPS	Ta181_CPS	W183_CPS	Pb206_CPS	Th232_CPS	U238_CPS	Tc97_CPS	Cd113_CPS	U232_CPS	Pu238_CPS
0	-12.81139	-485.3594	-861.2988	561.9218	7.117439	-1289.754	-707.4733	-67.97156	-509.9644	-53.73666	-17.08185	-6.049822	-5.338078	-17.08185	69.39502	443.7722	-31.6726	-4.270463	-6.049822	-6.049822	-17.43772	-4.626335	-8.185054	-5.338078	-17.08185	-4.626335	-8.185054
																											
8.19	-12.81139	-485.3594	939.7012	-438.0782	-92.88256	-188.7544	-307.4733	32.02844	-309.9644	146.2633	-17.08185	-6.049822	-5.338078	-17.08185	69.39502	-156.2278	-31.6726	-4.270463	93.95018	-6.049822	-17.43772	-4.626335	-8.185054	-5.338078	-17.08185	-4.626335	-8.185054
8.48	87.18861	914.6406	-961.2988	-38.07825	7.117439	-1089.754	-607.4733	232.0284	-209.9644	146.2633	-17.08185	-6.049822	-5.338078	-17.08185	-30.60498	143.7722	-31.6726	-4.270463	-6.049822	-6.049822	-17.43772	-4.626335	-8.185054	-5.338078	-17.08185	-4.626335	-8.185054
8.76	-12.81139	-1185.359	639.7012	361.9218	-92.88256	511.2456	-207.4733	132.0284	490.0356	-53.73666	-17.08185	-6.049822	-5.338078	-17.08185	-130.605	43.77225	-31.6726	-4.270463	-6.049822	-6.049822	-17.43772	-4.626335	-8.185054	-5.338078	-17.08185	-4.626335	-8.185054
9.05	-12.81139	1314.641	-1761.299	-538.0782	7.117439	11.24561	-407.4733	432.0284	-109.9644	-53.73666	-17.08185	-6.049822	-5.338078	-17.08185	69.39502	21152.77	-31.6726	-4.270463	-6.049822	-6.049822	-17.43772	-4.626335	-8.185054	-5.338078	-17.08185	-4.626335	-8.185054
9.33	-12.81139	714.6406	-160.2988	561.9218	-92.88256	-588.7544	-407.4733	-67.97156	-409.9644	-53.73666	-17.08185	-6.049822	-5.338078	-17.08185	69.39502	143.7722	-31.6726	-4.270463	-6.049822	-6.049822	-17.43772	-4.626335	-8.185054	-5.338078	-17.08185	-4.626335	-8.185054
9.62	-12.81139	1414.641	-160.2988	61.92175	7.117439	211.2456	-207.4733	-267.9716	-309.9644	-53.73666	-17.08185	-6.049822	-5.338078	-17.08185	169.395	43.77225	-31.6726	-4.270463	-6.049822	-6.049822	-17.43772	-4.626335	-8.185054	-5.338078	-17.08185	-4.626335	-8.185054
9.91	-12.81139	-585.3594	-60.29883	161.9218	-92.88256	-1489.754	-707.4733	32.02844	-809.9644	46.26334	-17.08185	-6.049822	-5.338078	-17.08185	-30.60498	543.7722	-31.6726	-4.270463	-6.049822	-6.049822	-17.43772	-4.626335	-8.185054	-5.338078	-17.08185	-4.626335	-8.185054
10.19	-12.81139	-1185.359	-260.2988	461.9218	-92.88256	11.24561	-107.4733	-167.9716	-209.9644	-53.73666	-17.08185	-6.049822	-5.338078	-17.08185	69.39502	-156.2278	-31.6726	-4.270463	-6.049822	-6.049822	-17.43772	-4.626335	-8.185054	-5.338078	-17.08185	-4.626335	-8.185054
10.48	-12.81139	314.6406	-1061.299	361.9218	-92.88256	-488.7544	-107.4733	-167.9716	-309.9644	-53.73666	-17.08185	-6.049822	-5.338078	-17.08185	9671.395	-156.2278	-31.6726	-4.270463	-6.049822	-6.049822	-17.43772	-4.626335	-8.185054	-5.338078	-17.08185	-4.626335	-8.185054
10.76	-12.81139	-1486.359	-60.29883	-238.0782	7.117439	-689.7544	92.52673	32.02844	-609.9644	46.26334	-17.08185	-6.049822	-5.338078	-17.08185	269.395	-56.22775	-31.6726	-4.270463	-6.049822	-6.049822	-17.43772	95.37366	-8.185054	-5.338078	-17.08185	95.37366	-8.185054
11.04	-12.81139	-785.3594	-560.2988	461.9218	-92.88256	111.2456	292.5267	-67.97156	290.0356	146.2633	-17.08185	-6.049822	-5.338078	-17.08185	69.39502	-256.2278	-31.6726	-4.270463	-6.049822	-6.049822	-17.43772	-4.626335	-8.185054	-5.338078	-17.08185	-4.626335	-8.185054
11.33	87.18861	-1285.359	939.7012	-38.07825	107.1174	111.2456	392.5267	232.0284	-109.9644	146.2633	-17.08185	-6.049822	-5.338078	-17.08185	-130.605	543.7722	-31.6726	-4.270463	-6.049822	-6.049822	-17.43772	-4.626335	-8.185054	-5.338078	-17.08185	-4.626335	-8.185054
11.61	-12.81139	114.6406	39.70117	261.9218	-92.88256	11.24561	-7.473267	32.02844	490.0356	-53.73666	182.9182	-6.049822	-5.338078	-17.08185	-30.60498	-256.2278	-31.6726	-4.270463	-6.049822	-6.049822	-17.43772	95.37366	-8.185054	-5.338078	-17.08185	95.37366	-8.185054
11.9	-12.81139	-785.3594	-360.2988	-138.0782	-92.88256	-989.7544	-407.4733	332.0284	-409.9644	146.2633	-17.08185	-6.049822	-5.338078	-17.08185	69.39502	-156.2278	-31.6726	-4.270463	-6.049822	-6.049822	-17.43772	-4.626335	-8.185054	-5.338078	-17.08185	-4.626335	-8.185054
12.18	-12.81139	414.6406	-460.2988	161.9218	207.1174	-789.7544	392.5267	432.0284	90.03564	146.2633	-17.08185	-6.049822	-5.338078	-17.08185	169.395	43.77225	68.3274	-4.270463	-6.049822	-6.049822	82.56228	-4.626335	-8.185054	-5.338078	-17.08185	-4.626335	-8.185054
12.47	87.18861	214.6406	1039.701	-138.0782	-92.88256	-1189.754	692.5267	-67.97156	-9.964355	-53.73666	82.91815	-6.049822	-5.338078	-17.08185	-30.60498	-156.2278	-31.6726	-4.270463	-6.049822	-6.049822	-17.43772	-4.626335	-8.185054	-5.338078	-17.08185	-4.626335	-8.185054
12.75	87.18861	514.6406	-460.2988	-138.0782	7.117439	-889.7544	-7.473267	-167.9716	90.03564	46.26334	-17.08185	-6.049822	-5.338078	-17.08185	69.39502	-156.2278	-31.6726	-4.270463	-6.049822	-6.049822	-17.43772	-4.626335	91.81495	-5.338078	-17.08185	-4.626335	91.81495
13.04	87.18861	-985.3594	-560.2988	361.9218	107.1174	-1189.754	-707.4733	132.0284	-209.9644	-53.73666	-17.08185	-6.049822	-5.338078	-17.08185	69.39502	-256.2278	-31.6726	-4.270463	-6.049822	-6.049822	82.56228	-4.626335	-8.185054	-5.338078	-17.08185	-4.626335	-8.185054
13.32	-12.81139	914.6406	-160.2988	-138.0782	207.1174	-789.7544	-207.4733	-67.97156	-309.9644	-53.73666	-17.08185	-6.049822	-5.338078	-17.08185	-30.60498	343.7722	-31.6726	-4.270463	-6.049822	-6.049822	-17.43772	-4.626335	-8.185054	-5.338078	-17.08185	-4.626335	-8.185054
13.61	-12.81139	1214.641	-1261.299	-138.0782	7.117439	-789.7544	-507.4733	532.0284	390.0356	-53.73666	182.9182	-6.049822	-5.338078	-17.08185	-30.60498	43.77225	-31.6726	-4.270463	-6.049822	-6.049822	-17.43772	-4.626335	-8.185054	-5.338078	-17.08185	-4.626335	-8.185054
13.89	-12.81139	314.6406	-861.2988	-238.0782	7.117439	511.2456	-707.4733	-267.9716	-509.9644	-53.73666	-17.08185	-6.049822	-5.338078	-17.08185	69.39502	-56.22775	68.3274	-4.270463	-6.049822	-6.049822	-17.43772	-4.626335	-8.185054	-5.338078	-17.08185	-4.626335	-8.185054
14.18	-12.81139	14.64062	339.7012	-438.0782	7.117439	-1689.754	-107.4733	132.0284	-309.9644	46.26334	-17.08185	-6.049822	-5.338078	82.91815	-30.60498	343.7722	-31.6726	-4.270463	-6.049822	-6.049822	-17.43772	-4.626335	91.81495	-5.338078	82.91815	-4.626335	91.81495
14.46	-12.81139	814.6406	439.7012	561.9218	-92.88256	211.2456	-907.4733	-67.97156	190.0356	46.26334	-17.08185	-6.049822	-5.338078	-17.08185	69.39502	43.77225	-31.6726	-4.270463	-6.049822	-6.049822	-17.43772	95.37366	-8.185054	-5.338078	-17.08185	95.37366	-8.185054
14.75	-12.81139	814.6406	-360.2988	-138.0782	-92.88256	-1389.754	292.5267	-67.97156	90.03564	146.2633	182.9182	-6.049822	-5.338078	82.91815	-30.60498	-356.2278	-31.6726	-4.270463	-6.049822	-6.049822	-17.43772	-4.626335	-8.185054	-5.338078	82.91815	-4.626335	-8.185054
15.03	-12.81139	214.6406	-761.2988	161.9218	-92.88256	-1589.754	-507.4733	332.0284	490.0356	146.2633	-17.08185	-6.049822	-5.338078	-17.08185	-130.605	-356.2278	-31.6726	-4.270463	93.95018	-6.049822	-17.43772	-4.626335	-8.185054	-5.338078	-17.08185	-4.626335	-8.185054
15.32	87.18861	214.6406	139.7012	-638.0782	207.1174	-88.75439	392.5267	132.0284	-609.9644	-53.73666	-17.08185	-6.049822	-5.338078	-17.08185	169.395	43.77225	68.3274	-4.270463	-6.049822	-6.049822	-17.43772	-4.626335	-8.185054	-5.338078	-17.08185	-4.626335	-8.185054
15.6	-12.81139	-185.3594	-1261.299	361.9218	-92.88256	-1089.754	-207.4733	-167.9716	-9.964355	46.26334	-17.08185	-6.049822	-5.338078	-17.08185	-30.60498	-156.2278	-31.6726	95.72954	-6.049822	-6.049822	-17.43772	-4.626335	-8.185054	-5.338078	-17.08185	-4.626335	-8.185054
15.89	-12.81139	-85.35938	-260.2988	61.92175	7.117439	-2989.754	592.5267	32.02844	-109.9644	46.26334	-17.08185	-6.049822	-5.338078	-17.08185	-130.605	143.7722	-31.6726	-4.270463	-6.049822	-6.049822	-17.43772	-4.626335	-8.185054	-5.338078	-17.08185	-4.626335	-8.185054
16.17	-12.81139	114.6406	439.7012	61.92175	-92.88256	-588.7544	-707.4733	-267.9716	490.0356	-53.73666	-17.08185	-6.049822	-5.338078	-17.08185	169.395	-256.2278	-31.6726	-4.270463	-6.049822	-6.049822	-17.43772	-4.626335	-8.185054	-5.338078	-17.08185	-4.626335	-8.185054
16.46	-12.81139	-685.3594	1139.701	361.9218	-92.88256	-2089.754	-107.4733	-267.9716	90.03564	146.2633	-17.08185	-6.049822	-5.338078	-17.08185	-30.60498	11946.77	-31.6726	-4.270463	-6.049822	-6.049822	-17.43772	-4.626335	-8.185054	-5.338078	-17.08185	-4.626335	-8.185054
16.74	-12.81139	-1386.359	-861.2988	61.92175	7.117439	-88.75439	-307.4733	-167.9716	-309.9644	-53.73666	-17.08185	-6.049822	94.66192	-17.08185	-130.605	43.77225	-31.6726	-4.270463	-6.049822	-6.049822	82.56228	-4.626335	-8.185054	94.66192	-17.08185	-4.626335	-8.185054
17.03	-12.81139	214.6406	439.7012	-138.0782	-92.88256	-789.7544	-307.4733	32.02844	-109.9644	146.2633	-17.08185	-6.049822	-5.338078	-17.08185	69.39502	-56.22775	-31.6726	-4.270463	-6.049822	-6.049822	-17.43772	-4.626335	-8.185054	-5.338078	-17.08185	-4.626335	-8.185054
17.31	-12.81139	514.6406	639.7012	-438.0782	-92.88256	-889.7544	-307.4733	32.02844	190.0356	146.2633	-17.08185	-6.049822	-5.338078	-17.08185	26783.39	-56.22775	-31.6726	-4.270463	-6.049822	-6.049822	-17.43772	-4.626335	-8.185054	-5.338078	-17.08185	-4.626335	-8.185054
17.6	-12.81139	-385.3594	639.7012	161.9218	107.1174	-288.7544	892.5267	-367.9716	-109.9644	-53.73666	-17.08185	-6.049822	-5.338078	82.91815	-130.605	-56.22775	168.3274	-4.270463	-6.049822	-6.049822	-17.43772	-4.626335	-8.185054	-5.338078	82.91815	-4.626335	-8.185054
17.88	-12.81139	214.6406	839.7012	-138.0782	7.117439	111.2456	-207.4733	132.0284	90.03564	-53.73666	-17.08185	-6.049822	-5.338078	-17.08185	-30.60498	243.7722	-31.6726	-4.270463	-6.049822	-6.049822	-17.43772	-4.626335	-8.185054	-5.338078	-17.08185	-4.626335	-8.185054
18.17	-12.81139	-685.3594	-560.2988	61.92175	7.117439	-1789.754	-207.4733	332.0284	-409.9644	46.26334	-17.08185	-6.049822	-5.338078	-17.08185	-30.60498	-56.22775	-31.6726	-4.270463	-6.049822	93.95018	-17.43772	-4.626335	91.81495	-5.338078	-17.08185	-4.626335	91.81495
18.45	-12.81139	514.6406	239.7012	61.92175	-92.88256	-1589.754	192.5267	-367.9716	90.03564	46.26334	-17.08185	-6.049822	-5.338078	-17.08185	-130.605	243.7722	-31.6726	-4.270463	-6.049822	-6.049822	-17.43772	-4.626335	-8.185054	-5.338078	-17.08185	-4.626335	-8.185054
18.74	-12.81139	-785.3594	139.7012	-138.0782	-92.88256	-588.7544	992.5267	-67.97156	-809.9644	-53.73666	-17.08185	-6.049822	-5.338078	-17.08185	-130.605	43.77225	-31.6726	-4.270463	-6.049822	-6.049822	282.5623	-4.626335	-8.185054	-5.338078	-17.08185	-4.626335	-8.185054
19.02	-12.81139	714.6406	639.7012	161.9218	-92.88256	-2589.754	-7.473267	-367.9716	-409.9644	46.26334	-17.08185	-6.049822	-5.338078	-17.08185	-30.60498	-156.2278	-31.6726	-4.270463	-6.049822	-6.049822	-17.43772	95.37366	91.81495	-5.338078	-17.08185	95.37366	91.81495
19.31	87.18861	214.6406	-961.2988	261.9218	7.117439	611.2456	-707.4733	32.02844	390.0356	46.26334	-17.08185	-6.049822	-5.338078	-17.08185	69.39502	143.7722	-31.6726	-4.270463	-6.049822	-6.049822	-17.43772	-4.626335	-8.185054	-5.338078	-17.08185	-4.626335	-8.185054
19.59	-12.81139	-485.3594	-160.2988	61.92175	-92.88256	-588.7544	92.52673	-67.97156	-109.9644	146.2633	82.91815	-6.049822	194.6619	-17.08185	-30.60498	-156.2278	-31.6726	-4.270463	-6.049822	-6.049822	182.5623	-4.626335	-8.185054	194.6619	-17.08185	-4.626335	-8.185054
19.88	-12.81139	414.6406	-60.29883	961.9218	-92.88256	-1689.754	-407.4733	-67.97156	-409.9644	46.26334	-17.08185	-6.049822	-5.338078	-17.08185	469.395	-56.22775	-31.6726	-4.270463	-6.049822	-6.049822	-17.43772	95.37366	-8.185054	-5.338078	-17.08185	95.37366	-8.185054
20.16	-12.81139	214.6406	-460.2988	-38.07825	7.117439	-1089.754	-107.4733	-267.9716	790.0356	46.26334	-17.08185	-6.049822	-5.338078	-17.08185	-30.60498	-56.22775	68.3274	-4.270463	-6.049822	-6.049822	-17.43772	-4.626335	-8.185054	-5.338078	-17.08185	-4.626335	-8.185054
20.45	-12.81139	-385.3594	39.70117	-238.0782	107.1174	-1089.754	-207.4733	-67.97156	-609.9644	46.26334	-17.08185	-6.049822	-5.338078	-17.08185	-30.60498	43.77225	-31.6726	-4.270463	-6.049822	-6.049822	-17.43772	-4.626335	-8.185054	-5.338078	-17.08185	-4.626335	-8.185054
20.73	-12.81139	614.6406	739.7012	-138.0782	207.1174	-2089.754	-407.4733	-367.9716	-209.9644	-53.73666	82.91815	-6.049822	-5.338078	-17.08185	969.395	43.77225	-31.6726	-4.270463	-6.049822	-6.049822	-17.43772	-4.626335	-8.185054	-5.338078	-17.08185	-4.626335	-8.185054
21.02	-12.81139	214.6406	1039.701	-38.07825	-92.88256	-689.7544	-207.4733	-67.97156	490.0356	-53.73666	82.91815	-6.049822	-5.338078	-17.08185	-130.605	243.7722	-31.6726	-4.270463	-6.049822	-6.049822	-17.43772	-4.626335	-8.185054	-5.338078	-17.08185	-4.626335	-8.185054
21.3	-12.81139	-585.3594	-160.2988	361.9218	7.117439	-1189.754	-607.4733	-267.9716	-409.9644	-53.73666	-17.08185	-6.049822	-5.338078	-17.08185	-130.605	-156.2278	68.3274	95.72954	-6.049822	-6.049822	-17.43772	-4.626335	-8.185054	-5.338078	-17.08185	-4.626335	-8.185054
21.59	-12.81139	-785.3594	-660.2988	-638.0782	-92.88256	-188.7544	692.5267	-467.9716	-409.9644	-53.73666	-17.08185	-6.049822	-5.338078	-17.08185	169.395	243.7722	68.3274	-4.270463	-6.049822	-6.049822	-17.43772	-4.626335	-8.185054	-5.338078	-17.08185	-4.626335	-8.185054
21.87	87.18861	-1686.359	-60.29883	361.9218	-92.88256	-1789.754	92.52673	132.0284	90.03564	46.26334	-17.08185	-6.049822	-5.338078	-17.08185	169.395	-156.2278	-31.6726	-4.270463	-6.049822	-6.049822	-17.43772	-4.626335	-8.185054	-5.338078	-17.08185	-4.626335	-8.185054
22.16	87.18861	-185.3594	-1061.299	-38.07825	7.117439	-989.7544	-107.4733	132.0284	590.0356	46.26334	-17.08185	-6.049822	-5.338078	82.91815	-130.605	243.7722	-31.6726	-4.270463	-6.049822	93.95018	-17.43772	-4.626335	-8.185054	-5.338078	82.91815	-4.626335	-8.185054
22.44	-12.81139	514.6406	-60.29883	-38.07825	-92.88256	411.2456	92.52673	-267.9716	-509.9644	-53.73666	-17.08185	-6.049822	-5.338078	-17.08185	-30.60498	-56.22775	-31.6726	-4.270463	-6.049822	-6.049822	-17.43772	-4.626335	-8.185054	-5.338078	-17.08185	-4.626335	-8.185054
22.73	87.18861	14.64062	1939.701	361.9218	7.117439	-989.7544	-107.4733	132.0284	-109.9644	-53.73666	-17.08185	-6.049822	-5.338078	-17.08185	-130.605	143.7722	68.3274	-4.270463	-6.049822	-6.049822	-17.43772	-4.626335	91.81495	-5.338078	-17.08185	-4.626335	91.81495
23.01	-12.81139	-385.3594	1139.701	-338.0782	7.117439	-1389.754	-407.4733	-267.9716	-209.9644	46.26334	-17.08185	-6.049822	-5.338078	-17.08185	-130.605	543.7722	68.3274	-4.270463	-6.049822	-6.049822	-17.43772	-4.626335	-8.185054	-5.338078	-17.08185	-4.626335	-8.185054
23.3	87.18861	614.6406	-2161.299	-38.07825	-92.88256	-288.7544	292.5267	232.0284	-609.9644	46.26334	-17.08185	-6.049822	-5.338078	-17.08185	369.395	43.77225	-31.6726	-4.270463	-6.049822	-6.049822	-17.43772	95.37366	-8.185054	-5.338078	-17.08185	95.37366	-8.185054
23.58	-12.81139	614.6406	139.7012	-438.0782	307.1174	-588.7544	-107.4733	-167.9716	290.0356	-53.73666	-17.08185	-6.049822	94.66192	-17.08185	-130.605	343.7722	-31.6726	-4.270463	-6.049822	-6.049822	-17.43772	-4.626335	-8.185054	94.66192	-17.08185	-4.626335	-8.185054
23.87	-12.81139	-985.3594	-560.2988	61.92175	-92.88256	-588.7544	392.5267	432.0284	-9.964355	146.2633	-17.08185	-6.049822	-5.338078	-17.08185	269.395	-156.2278	-31.6726	-4.270463	-6.049822	-6.049822	-17.43772	-4.626335	-8.185054	-5.338078	-17.08185	-4.626335	-8.185054
24.15	-12.81139	-485.3594	-60.29883	461.9218	-92.88256	-1889.754	-707.4733	32.02844	-609.9644	-53.73666	-17.08185	-6.049822	-5.338078	-17.08185	-30.60498	-156.2278	-31.6726	-4.270463	-6.049822	-6.049822	-17.43772	-4.626335	-8.185054	-5.338078	-17.08185	-4.626335	-8.185054
24.44	-12.81139	114.6406	139.7012	161.9218	-92.88256	-1389.754	-307.4733	-567.9716	-409.9644	-53.73666	-17.08185	-6.049822	-5.338078	-17.08185	-130.605	43.77225	-31.6726	-4.270463	93.95018	-6.049822	82.56228	-4.626335	-8.185054	-5.338078	-17.08185	-4.626335	-8.185054
24.72	87.18861	514.6406	1739.701	-38.07825	-92.88256	111.2456	-7.473267	-167.9716	-9.964355	46.26334	-17.08185	-6.049822	-5.338078	-17.08185	-130.605	243.7722	-31.6726	-4.270463	-6.049822	-6.049822	-17.43772	95.37366	-8.185054	-5.338078	-17.08185	95.37366	-8.185054
25.01	-12.81139	14.64062	1139.701	161.9218	207.1174	-889.7544	-807.4733	-167.9716	490.0356	-53.73666	-17.08185	-6.049822	-5.338078	-17.08185	-30.60498	343.7722	-31.6726	-4.270463	-6.049822	-6.049822	-17.43772	-4.626335	91.81495	-5.338078	-17.08185	-4.626335	91.81495
25.29	-12.81139	-985.3594	-360.2988	-38.07825	107.1174	-1189.754	-207.4733	232.0284	-9.964355	46.26334	-17.08185	-6.049822	-5.338078	-17.08185	69.39502	-356.2278	-31.6726	-4.270463	-6.049822	-6.049822	-17.43772	-4.626335	-8.185054	-5.338078	-17.08185	-4.626335	-8.185054
25.58	-12.81139	14.64062	39.70117	-38.07825	-92.88256	-188.7544	-207.4733	-167.9716	390.0356	-53.73666	-17.08185	-6.049822	-5.338078	-17.08185	-130.605	43.77225	-31.6726	-4.270463	-6.049822	-6.049822	-17.43772	-4.626335	-8.185054	-5.338078	-17.08185	-4.626335	-8.185054
25.86	-12.81139	714.6406	-260.2988	261.9218	7.117439	1211.246	-307.4733	232.0284	690.0356	-53.73666	82.91815	-6.049822	-5.338078	-17.08185	69.39502	-156.2278	-31.6726	-4.270463	-6.049822	-6.049822	-17.43772	-4.626335	-8.185054	-5.338078	-17.08185	-4.626335	-8.185054
26.15	-12.81139	14.64062	-761.2988	361.9218	7.117439	-1489.754	-807.4733	-267.9716	-309.9644	-53.73666	182.9182	-6.049822	-5.338078	-17.08185	469.395	143.7722	68.3274	-4.270463	-6.049822	-6.049822	-17.43772	-4.626335	91.81495	-5.338078	-17.08185	-4.626335	91.81495
26.43	-12.81139	614.6406	39.70117	-338.0782	-92.88256	-388.7544	-507.4733	232.0284	90.03564	-53.73666	-17.08185	-6.049822	-5.338078	-17.08185	69.39502	43.77225	68.3274	-4.270463	-6.049822	-6.049822	82.56228	-4.626335	-8.185054	-5.338078	-17.08185	-4.626335	-8.185054
26.72	87.18861	-885.3594	-861.2988	-38.07825	-92.88256	-1089.754	-607.4733	-467.9716	-409.9644	146.2633	182.9182	-6.049822	-5.338078	-17.08185	-30.60498	43.77225	-31.6726	-4.270463	-6.049822	-6.049822	82.56228	-4.626335	-8.185054	-5.338078	-17.08185	-4.626335	-8.185054
27	87.18861	714.6406	-260.2988	561.9218	107.1174	-1089.754	192.5267	232.0284	-109.9644	-53.73666	82.91815	-6.049822	-5.338078	-17.08185	-30.60498	-56.22775	68.3274	-4.270463	-6.049822	93.95018	-17.43772	-4.626335	-8.185054	-5.338078	-17.08185	-4.626335	-8.185054
27.29	187.1886	314.6406	639.7012	461.9218	-92.88256	-889.7544	-607.4733	32.02844	-209.9644	-53.73666	-17.08185	-6.049822	-5.338078	-17.08185	-130.605	43.77225	-31.6726	-4.270463	-6.049822	-6.049822	-17.43772	-4.626335	-8.185054	-5.338078	-17.08185	-4.626335	-8.185054
27.57	-12.81139	-585.3594	-761.2988	-238.0782	-92.88256	-488.7544	92.52673	32.02844	90.03564	-53.73666	-17.08185	-6.049822	-5.338078	-17.08185	-30.60498	-156.2278	-31.6726	-4.270463	-6.049822	-6.049822	-17.43772	-4.626335	91.81495	-5.338078	-17.08185	-4.626335	91.81495
27.86	87.18861	-285.3594	-60.29883	-438.0782	7.117439	-1689.754	-307.4733	-267.9716	90.03564	-53.73666	-17.08185	-6.049822	-5.338078	-17.08185	-130.605	-256.2278	-31.6726	-4.270463	-6.049822	-6.049822	-17.43772	-4.626335	-8.185054	-5.338078	-17.08185	-4.626335	-8.185054
28.14	87.18861	-685.3594	-761.2988	-338.0782	-92.88256	-1089.754	-207.4733	32.02844	-109.9644	246.2633	-17.08185	-6.049822	-5.338078	-17.08185	-130.605	143.7722	-31.6726	-4.270463	-6.049822	-6.049822	-17.43772	-4.626335	-8.185054	-5.338078	-17.08185	-4.626335	-8.185054
28.43	-12.81139	1414.641	-260.2988	-238.0782	-92.88256	-789.7544	-207.4733	232.0284	90.03564	-53.73666	-17.08185	-6.049822	-5.338078	-17.08185	-130.605	-156.2278	68.3274	-4.270463	-6.049822	-6.049822	-17.43772	-4.626335	-8.185054	-5.338078	-17.08185	-4.626335	-8.185054
28.71	-12.81139	-85.35938	39.70117	-138.0782	407.1174	-488.7544	-707.4733	232.0284	-109.9644	-53.73666	-17.08185	-6.049822	-5.338078	-17.08185	69.39502	-256.2278	68.3274	-4.270463	-6.049822	-6.049822	-17.43772	-4.626335	-8.185054	-5.338078	-17.08185	-4.626335	-8.185054
29	-12.81139	14.64062	-160.2988	-38.07825	-92.88256	-388.7544	-407.4733	132.0284	990.0356	246.2633	-17.08185	-6.049822	-5.338078	-17.08185	269.395	343.7722	-31.6726	-4.270463	-6.049822	-6.049822	-17.43772	-4.626335	-8.185054	-5.338078	-17.08185	-4.626335	-8.185054
29.28	-12.81139	1514.641	-861.2988	-338.0782	7.117439	-88.75439	292.5267	132.0284	-609.9644	46.26334	82.91815	-6.049822	-5.338078	-17.08185	-30.60498	-356.2278	-31.6726	-4.270463	-6.049822	-6.049822	-17.43772	-4.626335	-8.185054	-5.338078	-17.08185	-4.626335	-8.185054
29.57	-12.81139	114.6406	39.70117	261.9218	-92.88256	-388.7544	-407.4733	132.0284	-509.9644	-53.73666	-17.08185	-6.049822	-5.338078	-17.08185	-30.60498	37171.77	68.3274	-4.270463	-6.049822	-6.049822	82.56228	-4.626335	-8.185054	-5.338078	-17.08185	-4.626335	-8.185054
29.85	-12.81139	14.64062	-360.2988	261.9218	-92.88256	-1189.754	-1007.473	-167.9716	290.0356	46.26334	-17.08185	-6.049822	-5.338078	-17.08185	-130.605	-156.2278	-31.6726	-4.270463	-6.049822	-6.049822	-17.43772	-4.626335	-8.185054	-5.338078	-17.08185	-4.626335	-8.185054
30.14	87.18861	-1285.359	1139.701	-338.0782	-92.88256	-689.7544	-7.473267	332.0284	-109.9644	-53.73666	-17.08185	-6.049822	-5.338078	-17.08185	69.39502	-56.22775	68.3274	-4.270463	-6.049822	-6.049822	-17.43772	-4.626335	-8.185054	-5.338078	-17.08185	-4.626335	-8.185054
30.43	-12.81139	214.6406	-660.2988	-138.0782	7.117439	-188.7544	-307.4733	-267.9716	-909.9644	-53.73666	82.91815	-6.049822	-5.338078	-17.08185	1480680	2690164	-31.6726	-4.270463	-6.049822	10195.95	1582.562	-4.626335	91.81495	-5.338078	-17.08185	-4.626335	91.81495
30.72	887.1886	189276.6	39.70117	161.9218	507.1174	2511.246	13197.53	-167.9716	290.0356	446.2633	12385.92	693.9502	-5.338078	-17.08185	2.390969e+07	5.890458e+07	368.3274	1995.729	193.9502	250341	10284.56	95.37366	791.8149	-5.338078	-17.08185	95.37366	791.8149
31	4187.188	689259.6	2339.701	3061.922	1407.117	8614.246	45136.53	1032.028	690.0356	1346.263	40014.92	3093.95	-5.338078	-17.08185	5.171455e+07	1.581993e+08	568.3274	2795.729	193.9502	470275.9	11685.56	-4.626335	1291.815	-5.338078	-17.08185	-4.626335	1291.815
31.29	6488.188	1307348	1739.701	3561.922	2707.117	12817.25	65884.52	1032.028	1990.036	1046.263	39914.92	3793.95	-5.338078	82.91815	5.706964e+07	1.381712e+08	768.3274	2495.729	293.9502	436063.9	8483.562	95.37366	1891.815	-5.338078	82.91815	95.37366	1891.815
31.57	6188.188	1835558	1039.701	2261.922	3107.117	21625.25	105321.5	1932.028	2690.036	1746.263	38912.92	4893.95	94.66192	-17.08185	5.30311e+07	1.521908e+08	968.3274	3195.729	-6.049822	381482.9	6583.562	95.37366	791.8149	94.66192	-17.08185	95.37366	791.8149
31.86	7988.188	3101600	1239.701	1961.922	5108.118	36045.25	168672.5	932.0284	690.0356	1946.263	33004.92	4093.95	-5.338078	-17.08185	4.469646e+07	1.208183e+08	68.3274	1995.729	393.9502	309497.9	4182.562	95.37366	491.8149	-5.338078	-17.08185	95.37366	491.8149
32.15	6988.188	4917664	2839.701	2361.922	3707.117	50673.25	227237.5	432.0284	790.0356	1846.263	28098.92	4593.95	-5.338078	82.91815	3.169755e+07	8.707949e+07	368.3274	1695.729	293.9502	225406	2882.562	95.37366	1291.815	-5.338078	82.91815	95.37366	1291.815
32.43	4287.188		939.7012	1161.922	3007.117	69222.24	317115.5	332.0284	990.0356	2646.263	19189.92	3393.95	-5.338078	-17.08185	2.362578e+07	6.617987e+07	368.3274	1295.729	393.9502	153665	2482.562	-4.626335	1291.815	-5.338078	-17.08185	-4.626335	1291.815
32.72	3987.189		939.7012	1461.922	2207.117	77147.24	323192.5	32.02844	690.0356	2146.263	14686.92	3893.95	-5.338078	-17.08185	1.8406e+07	4.778264e+07	-31.6726	1095.729	193.9502	123599	1982.562	-4.626335	1091.815	-5.338078	-17.08185	-4.626335	1091.815
33	2287.189		1539.701	1361.922	2207.117	78451.24	358167.5	-67.97156	490.0356	3346.263	13686.92	2193.95	94.66192	282.9182	1.390163e+07	4.048748e+07	168.3274	395.7295	93.95018	102002	2882.562	-4.626335	691.8149	94.66192	282.9182	-4.626335	691.8149
33.29	2187.189		1639.701	2861.922	1707.117	90394.24	364457.5	132.0284	990.0356	2146.263	14186.92	2393.95	-5.338078	282.9182	1.209017e+07	2.997953e+07	68.3274	1095.729	393.9502	72598.95	2682.562	95.37366	591.8149	-5.338078	282.9182	95.37366	591.8149
33.57	1987.189		2139.701	1361.922	1007.117	91599.24	369328.5	32.02844	190.0356	3346.263	14386.92	1593.95	-5.338078	-17.08185	8229766	2.59704e+07	268.3274	495.7295	393.9502	64576.95	1382.562	-4.626335	291.8149	-5.338078	-17.08185	-4.626335	291.8149
33.86	1787.189		1739.701	2161.922	2407.117	84874.24	398473.5	132.0284	90.03564	3946.263	12085.92	1793.95	-5.338078	82.91815	6731992	1.688458e+07	68.3274	495.7295	593.9502	39424.95	1282.562	95.37366	491.8149	-5.338078	82.91815	95.37366	491.8149
34.14	1087.189		1439.701	3161.922	1807.117	99531.24	389431.5	-67.97156	290.0356	3546.263	9684.918	1393.95	-5.338078	-17.08185	4853610	1.86202e+07	68.3274	695.7296	393.9502	34917.95	1682.562	195.3737	691.8149	-5.338078	-17.08185	195.3737	691.8149
34.43	1087.189		1839.701	1561.922	1107.117	93707.24	423582.5	-167.9716	-9.964355	3646.263	11885.92	2393.95	-5.338078	182.9182	4063010	1.374272e+07	-31.6726	695.7296	793.9502	27008.95	1582.562	95.37366	591.8149	-5.338078	182.9182	95.37366	591.8149
34.72	787.1886		439.7012	1861.922	807.1174	96820.24	476934.5	532.0284	290.0356	3046.263	10684.92	1593.95	-5.338078	82.91815	5672630	1.168283e+07	168.3274	195.7295	393.9502	25506.95	1482.562	95.37366	991.8149	-5.338078	82.91815	95.37366	991.8149
35	987.1886		2940.701	761.9218	907.1174	99832.24	528867.5	232.0284	-609.9644	4946.263	9884.918	3093.95	-5.338078	-17.08185	3879504	1.158341e+07	68.3274	295.7295	993.9502	18200.95	1282.562	295.3737	1191.815	-5.338078	-17.08185	295.3737	1191.815
35.29	587.1886		2139.701	1361.922	1307.117	116910.2	483968.5	332.0284	290.0356	4646.263	9884.918	1493.95	94.66192	82.91815	7904724	2.121097e+07	-31.6726	495.7295	893.9502	14998.95	4382.562	295.3737	1191.815	94.66192	82.91815	295.3737	1191.815
35.57	1487.189		3140.701	4662.922	4707.118	91197.24	445663.5	632.0284	490.0356	6147.263	14987.92	1393.95	-5.338078	382.9182	2.586925e+07	6.936838e+07	268.3274	1095.729	1193.95	16298.95	6783.562	395.3737	891.8149	-5.338078	382.9182	395.3737	891.8149
35.86	3287.189		2139.701	8363.922	8208.117	83970.24	389126.5	232.0284	1590.036	6547.263	17888.92	2393.95	94.66192	-17.08185	4.060065e+07	1.033482e+08	168.3274	995.7296	393.9502	13997.95	7383.562	295.3737	391.8149	94.66192	-17.08185	295.3737	391.8149
36.15	3087.189		4540.701	10364.92	9009.117	69623.24	314684.5	632.0284	1190.036	6347.263	20791.92	1593.95	-5.338078	482.9182	5.494955e+07	1.62205e+08	468.3274	1495.729	793.9502	12196.95	6383.562	-4.626335	791.8149	-5.338078	482.9182	-4.626335	791.8149
36.43	5588.188		5441.701	16667.92	9409.117	54282.25	295146.5	2032.028	2090.036	7447.263	33404.92	1693.95	-5.338078	482.9182	8.330258e+07	2.082729e+08	668.3274	1495.729	493.9502	13497.95	10484.56	295.3737	91.81495	-5.338078	482.9182	295.3737	91.81495
36.72	5188.188		2639.701	22973.92	9409.117	46364.25	204642.5	1332.028	1490.036	10848.26	28598.92	1393.95	-5.338078	682.9182	8.890782e+07	2.283037e+08	668.3274	1695.729	193.9502	12696.95	8183.562	95.37366	891.8149	-5.338078	682.9182	95.37366	891.8149
37	5388.188	4362006	3840.701	32984.92	9209.117	44560.25	172196.5	1032.028	2090.036	10248.26	29299.92	493.9502	-5.338078	782.9182	9.659322e+07	2.303068e+08	1068.327	1195.729	293.9502	18300.95	10184.56	-4.626335	991.8149	-5.338078	782.9182	-4.626335	991.8149
37.29	3787.189	3631208	4040.701	42799.92	6208.118	32139.25	150052.5	2432.028	2190.036	14850.26	36509.92	793.9502	-5.338078	1382.918	1.104716e+08	2.863977e+08	2068.327	995.7296	693.9502	16198.95	10484.56	195.3737	1391.815	-5.338078	1382.918	195.3737	1391.815
37.58	2587.189	2773978	4640.701	55324.92	5408.118	23627.25	130944.5	1732.028	1590.036	13750.26	36709.92	593.9502	-5.338078	1982.918	1.099335e+08	2.583515e+08	2168.327	695.7296	293.9502	29611.95	11585.56	95.37366	1791.815	-5.338078	1982.918	95.37366	1791.815
37.86	2687.189	2304718	3940.701	78788.92	4107.118	24728.25	130441.5	2832.028	4091.036	22356.26	42618.92	893.9502	94.66192	2282.918	1.219809e+08	3.444984e+08	2768.327	1195.729	93.95018	48240.95	10984.56	-4.626335	3891.815	94.66192	2282.918	-4.626335	3891.815
38.15	1787.189	2090080	3640.701	104383.9	3107.117	17321.25	121596.5	2532.028	2390.036	23857.26	48629.92	893.9502	-5.338078	2182.918	1.293429e+08	3.46502e+08	3768.327	1795.729	93.95018	65679.95	10984.56	95.37366	2991.815	-5.338078	2182.918	95.37366	2991.815
38.43	787.1886	1606837	4440.701	116034.9	3407.117	16720.25	114764.5	2432.028	1990.036	28562.26	55544.92	1193.95	-5.338078	1882.918	1.23674e+08	3.164489e+08	3968.327	1595.729	493.9502	77112.95	10884.56	-4.626335	3991.815	-5.338078	1882.918	-4.626335	3991.815
38.72	1287.189	1294818	4440.701	121360.9	2207.117	11216.25	96284.52	2832.028	3991.036	29964.26	46125.92	1393.95	-5.338078	2882.918	1.246815e+08	3.144455e+08	4168.328	1795.729	793.9502	92263.95	8684.562	-4.626335	5492.815	-5.338078	2882.918	-4.626335	5492.815
39	1787.189	1088161	2139.701	126787.9	1407.117	9715.246	99698.52	2332.028	3090.036	33769.26	55143.92	993.9502	-5.338078	2382.918	1.271503e+08	3.204559e+08	4668.328	1695.729	193.9502	118675	10284.56	95.37366	5792.815	-5.338078	2382.918	95.37366	5792.815
39.29	1487.189	822221.6	2239.701	150519.9	1707.117	8214.246	92369.52	1932.028	2590.036	35371.26	66871.92	593.9502	-5.338078	2182.918	1.352698e+08	3.46502e+08	5069.328	2795.729	193.9502	129328	14486.56	95.37366	5092.815	-5.338078	2182.918	95.37366	5092.815
39.58	987.1886	912080.6	4940.701	159374.9	707.1174	6713.246	71700.52	1832.028	2790.036	34169.26	64064.92	1193.95	-5.338078	2982.918	1.352091e+08	3.565201e+08	5769.328	2895.729	93.95018	131439	10684.56	-4.626335	4591.815	-5.338078	2982.918	-4.626335	4591.815
39.86	1887.189	603667.6	3540.701	160179.9	1707.117	5813.246	71600.52	2932.028	3991.036	39477.26	67072.92	893.9502	94.66192	2782.918	1.309225e+08	3.725494e+08	4968.328	2695.729	93.95018	144913	14086.56	-4.626335	6092.815	94.66192	2782.918	-4.626335	6092.815
40.15	2887.189	492032.6	2940.701	180518.9	2007.117	5613.246	65683.52	2932.028	3891.036	43284.26	76399.92	593.9502	-5.338078	2782.918	1.313613e+08	3.82568e+08	4968.328	2695.729	293.9502	143806	12285.56	-4.626335	5092.815	-5.338078	2782.918	-4.626335	5092.815
40.44	2787.189	387288.6	4440.701	170447.9	2707.117	4512.246	58264.53	2932.028	3891.036	42182.26	74092.92	593.9502	-5.338078	2382.918	1.36178e+08	3.585237e+08	4068.327	2895.729	193.9502	131640	10884.56	-4.626335	3591.815	-5.338078	2382.918	-4.626335	3591.815
40.72	4287.188	353586.6	4040.701	150217.9	10409.12	2811.246	52251.53	1732.028	2990.036	33368.26	69378.92	793.9502	-5.338078	3082.918	1.309225e+08	3.805643e+08	2868.327	2895.729	193.9502	105516	9584.562	-4.626335	3291.815	-5.338078	3082.918	-4.626335	3291.815
41.01	6488.188	284597.6	4740.701	124174.9	13511.12	3512.246	43533.53	1532.028	2790.036	26160.26	64365.92	393.9502	94.66192	2282.918	1.392118e+08	3.68542e+08	2968.327	2995.729	-6.049822	84536.95	11385.56	-4.626335	1591.815	94.66192	2282.918	-4.626335	1591.815
41.29	6488.188	277314.6	5541.701	100567.9	23018.12	3212.246	37623.53	1932.028	2990.036	21055.26	52537.92	293.9502	-5.338078	782.9182	1.326783e+08	3.565201e+08	1168.327	2995.729	-6.049822	59263.95	9784.562	-4.626335	1591.815	-5.338078	782.9182	-4.626335	1591.815
41.58	8989.188	174968.6	4440.701	79892.92	31026.12	1111.246	28110.53	1932.028	3290.036	18153.26	50733.92	293.9502	-5.338078	1082.918	1.401063e+08	3.705457e+08	2168.327	2895.729	-6.049822	56056.95	9884.562	-4.626335	2291.815	-5.338078	1082.918	-4.626335	2291.815
41.87	14091.19	188369.6	4840.701	67254.92	38937.12	1811.246	23105.53	2532.028	3991.036	15351.26	50934.92	193.9502	-5.338078	482.9182	1.25266e+08	4.066135e+08	1068.327	1895.729	-6.049822	52548.95	10684.56	-4.626335	1991.815	-5.338078	482.9182	-4.626335	1991.815
42.15	19895.19	136118.6	5140.701	68056.92	43345.12	611.2456	20802.53	3032.028	2890.036	18453.26	52838.92	493.9502	-5.338078	782.9182	1.41896e+08	3.845718e+08	1468.327	1295.729	-6.049822	62070.95	12785.56	-4.626335	1991.815	-5.338078	782.9182	-4.626335	1991.815
42.44	18094.19	116615.6	4540.701	64146.92	49256.12	-488.7544	18700.53	2732.028	2890.036	14951.26	42819.92	393.9502	-5.338078	1282.918	1.40429e+08	4.126251e+08	1668.327	1595.729	-6.049822	63574.95	10984.56	-4.626335	1591.815	-5.338078	1282.918	-4.626335	1591.815
42.73	19094.19	89597.64	3140.701	72870.92	46350.12	-488.7544	20202.53	3332.028	3591.036	19153.26	46325.92	593.9502	-5.338078	1082.918	1.412064e+08	4.186367e+08	1868.327	1195.729	93.95018	84937.95	11285.56	-4.626335	2291.815	-5.338078	1082.918	-4.626335	2291.815
43.01	17393.19	160770.6	5240.701	80092.92	36734.12	1311.246	22304.53	2732.028	3691.036	19954.26	47327.92	793.9502	-5.338078	1582.918	1.332204e+08	3.444984e+08	1468.327	1595.729	93.95018	95174.95	9284.562	-4.626335	2291.815	-5.338078	1582.918	-4.626335	2291.815
43.3	13491.19	49074.64	4240.701	88320.92	27222.12	-188.7544	26408.53	2732.028	2990.036	24158.26	49832.92	493.9502	-5.338078	1182.918	1.388599e+08	3.925868e+08	3268.327	1095.729	93.95018	80422.95	9784.562	-4.626335	2191.815	-5.338078	1182.918	-4.626335	2191.815
43.59	10189.19	57394.64	4640.701	83303.92	24219.12	-288.7544	25807.53	2632.028	2790.036	22056.26	53740.92	493.9502	-5.338078	1482.918	1.331467e+08	3.765569e+08	2968.327	1795.729	93.95018	85439.95	10684.56	-4.626335	2891.815	-5.338078	1482.918	-4.626335	2891.815
43.87	7888.188	58898.64	3840.701	79791.92	18114.12	-889.7544	27509.53	2932.028	3991.036	27661.26	46826.92	393.9502	-5.338078	2582.918	1.302789e+08	2.964146e+08	3368.327	1895.729	-6.049822	85840.95	9684.562	-4.626335	2091.815	-5.338078	2582.918	-4.626335	2091.815
44.16	7088.188	67422.64	3640.701	68357.92	14711.12	211.2456	33617.53	1532.028	3891.036	34470.26	51134.92	1293.95	-5.338078	1282.918	1.383615e+08	3.82568e+08	2868.327	2195.729	-6.049822	116565	11985.56	-4.626335	4691.815	-5.338078	1282.918	-4.626335	4691.815
44.44	7088.188	65917.64	4340.701	72068.92	10009.12	-488.7544	41329.53	2232.028	3491.036	32768.26	56446.92	1493.95	-5.338078	3182.918	1.451524e+08	3.985982e+08	3068.327	1495.729	193.9502	151451	8283.562	-4.626335	3491.815	-5.338078	3182.918	-4.626335	3491.815
44.73	5788.188	83876.64	5741.701	62642.92	8308.117	1311.246	45637.53	2232.028	2890.036	35371.26	48128.92	893.9502	-5.338078	2682.918	1.339665e+08	3.605274e+08	2168.327	1395.729	193.9502	156482	10484.56	-4.626335	4691.815	-5.338078	2682.918	-4.626335	4691.815
45.02	4987.188	112696.6	4240.701	56427.92	6508.118	2411.246	47841.53	2132.028	2390.036	41881.26	49431.92	1193.95	-5.338078	2382.918	1.341422e+08	4.00602e+08	3568.327	2195.729	293.9502	187696	10384.56	-4.626335	4591.815	-5.338078	2382.918	-4.626335	4591.815
45.3	4387.188	104257.6	4540.701	53019.92	5008.118	2711.246	46839.53	2032.028	3290.036	40579.26	49230.92	1793.95	-5.338078	3382.918	1.421014e+08	4.066135e+08	3968.327	1095.729	193.9502	244989	10784.56	-4.626335	4891.815	-5.338078	3382.918	-4.626335	4891.815
45.59	5488.188	81869.64	3740.701	52619.92	5108.118	1911.246	51248.53	3032.028	3190.036	42182.26	55844.92	2193.95	-5.338078	3582.918	1.336298e+08	3.605274e+08	2968.327	2095.729	293.9502	343639.9	10684.56	-4.626335	6792.815	-5.338078	3582.918	-4.626335	6792.815
45.88	4587.188	74744.64	3240.701	49913.92	4507.118	2311.246	58766.53	2732.028	3791.036	42182.26	65367.92	1893.95	-5.338078	3182.918	1.384201e+08	3.925868e+08	5169.328	1495.729	193.9502	466505.9	11485.56	-4.626335	4091.815	-5.338078	3182.918	-4.626335	4091.815
46.16	5988.188	63210.64	4040.701	44903.92	6908.118	1811.246	44435.53	2532.028	3691.036	42482.26	60455.92	2193.95	94.66192	2782.918	1.377312e+08	3.404912e+08	3268.327	1695.729	-6.049822	694302.9	12285.56	-4.626335	5292.815	94.66192	2782.918	-4.626335	5292.815
46.45	8789.188	62006.64	4740.701	49412.92	5508.118	2011.246	43233.53	2232.028	3891.036	39477.26	64465.92	2893.95	-5.338078	3482.918	1.370717e+08	3.46502e+08	3268.327	2395.729	-6.049822	952603.9	671070.6	-4.626335	7592.815	-5.338078	3482.918	-4.626335	7592.815
46.73	11990.19	62708.64	4140.701	51817.92	5108.118	4512.246	39025.53	3232.028	3791.036	36072.26	72487.92	4493.95	-5.338078	3182.918	1.408543e+08	3.32477e+08	4268.328	3695.729	293.9502	1245779	1139682	-4.626335	6392.815	-5.338078	3182.918	-4.626335	6392.815
47.02	16492.19	43763.64	3340.701	45304.92	3207.117	4212.246	34819.53	1532.028	2590.036	32768.26	75295.92	6494.95	-5.338078	2282.918	1.383761e+08	3.485056e+08	3768.327	3495.729	293.9502	1740118	1419468	-4.626335	5192.815	-5.338078	2282.918	-4.626335	5192.815
47.31	26701.19	29939.64	3040.701	43901.92	3107.117	4412.246	28110.53	4533.028	3691.036	26961.26	79910.92	10195.95	94.66192	1382.918	1.420721e+08	3.82568e+08	5169.328	3295.729	493.9502	1807989	1187114	-4.626335	5192.815	94.66192	1382.918	-4.626335	5192.815
47.59	29705.19	28838.64	3640.701	42900.92	3107.117	2611.246	28310.53	4132.028	2890.036	20454.26	80812.92	11796.95	-5.338078	2482.918	1.368959e+08	2.743777e+08	3768.327	3895.729	593.9502	1853444	825387.6	-4.626335	6292.815	-5.338078	2482.918	-4.626335	6292.815
47.88	32308.19	38353.64	5140.701	35187.92	2507.117	4912.246	21103.53	2532.028	3090.036	18353.26	83421.92	11696.95	94.66192	1582.918	1.332204e+08	3.505092e+08	3668.327	2995.729	193.9502	1741831	555077.6	95.37366	6392.815	94.66192	1582.918	95.37366	6392.815
48.16	33109.19	14121.64	4540.701	28378.92	1207.117	3812.246	16399.53	1932.028	3991.036	14650.26	83421.92	13196.95	-5.338078	1582.918	1.374234e+08	3.485056e+08	3468.327	3195.729	293.9502	1798543	484023.6	-4.626335	7992.815	-5.338078	1582.918	-4.626335	7992.815
48.45	32708.19	17224.64	4440.701	22072.92	1407.117	2311.246	17099.53	3432.028	3090.036	13250.26	87234.92	12096.95	-5.338078	582.9182	1.373208e+08	3.985982e+08	3868.327	1995.729	93.95018	1994720	354782.6	-4.626335	8092.815	-5.338078	582.9182	-4.626335	8092.815
48.74	32208.19	23030.64	3340.701	19169.92	1507.117	2511.246	15098.53	2532.028	4091.036	12249.26	82618.92	8494.95	-5.338078	882.9182	1.33132e+08	4.106212e+08	3768.327	2795.729	193.9502	2048845	332782.6	-4.626335	6292.815	-5.338078	882.9182	-4.626335	6292.815
49.02	29104.19	19827.64	1639.701	15066.92	1807.117	1911.246	12596.53	2532.028	3491.036	8347.264	88137.92	7594.95	-5.338078	582.9182	1.386107e+08	3.12442e+08	4368.328	2795.729	193.9502	2058600	254370.6	-4.626335	6292.815	-5.338078	582.9182	-4.626335	6292.815
49.31	25000.19	38253.64	3840.701	15567.92	1207.117	1211.246	13697.53	2132.028	3290.036	6847.263	76800.92	7194.95	-5.338078	382.9182	1.349622e+08	3.244629e+08	3868.327	2295.729	93.95018	2072154	189699.6	-4.626335	9993.815	-5.338078	382.9182	-4.626335	9993.815
49.6	33109.19	7817.641	4040.701	15266.92	1407.117	2611.246	12596.53	4032.028	2590.036	9048.264	92453.92	5794.95	-5.338078	582.9182	1.444647e+08	3.82568e+08	4868.328	3195.729	93.95018	2378722	136655.6	-4.626335	8192.815	-5.338078	582.9182	-4.626335	8192.815
49.88	40219.19	13621.64	3240.701	18268.92	4107.118	2211.246	15898.53	1332.028	4491.036	7647.263	97271.92	8594.95	-5.338078	1082.918	1.422775e+08	3.545164e+08	4068.327	3295.729	-6.049822	2334752	112434.6	-4.626335	9793.815	-5.338078	1082.918	-4.626335	9793.815
50.17	41922.19	15322.64	3140.701	15567.92	7708.118	2111.246	14297.53	2432.028	1990.036	6547.263	90947.92	7094.95	-5.338078	182.9182	1.469031e+08	3.745531e+08	2268.327	3395.729	193.9502	2237755	97472.56	-4.626335	7692.815	-5.338078	182.9182	-4.626335	7692.815
50.45	52843.19	11119.64	2539.701	19469.92	16412.12	3912.246	12896.53	2232.028	3691.036	8648.264	100684.9	11296.95	-5.338078	482.9182	1.393144e+08	3.585237e+08	4268.328	3995.729	193.9502	2371370	49531.56	-4.626335	8693.815	-5.338078	482.9182	-4.626335	8693.815
50.74	61462.19	9318.641	4440.701	20871.92	28824.12	2211.246	12296.53	1532.028	3390.036	7247.263	88438.92	26507.95	-5.338078	482.9182	1.371977e+08	3.82568e+08	2768.327	3295.729	193.9502	2244414	75696.56	-4.626335	8392.815	-5.338078	482.9182	-4.626335	8392.815
51.03	92759.19	8417.641	4040.701	23173.92	53063.12	2311.246	12596.53	2532.028	4091.036	7847.263	87134.92	39925.95	94.66192	882.9182	1.332491e+08	3.304735e+08	2268.327	4095.729	493.9502	2303547	42218.56	-4.626335	10493.82	94.66192	882.9182	-4.626335	10493.82
51.31	113645.2	8618.641	4240.701	20270.92	85854.12	3312.246	13297.53	2632.028	3491.036	7947.263	94761.92	55354.95	-5.338078	482.9182	1.31654e+08	3.444984e+08	2568.327	3795.729	993.9502	2108513	55443.56	-4.626335	9493.815	-5.338078	482.9182	-4.626335	9493.815
51.6	118367.2	5116.641	2539.701	17168.92	99806.12	3012.246	11295.53	2132.028	3090.036	6247.263	90746.92	63975.95	94.66192	382.9182	1.331906e+08	3.485056e+08	2268.327	2695.729	893.9502	2095809	30000.56	95.37366	10593.82	94.66192	382.9182	95.37366	10593.82
51.88	147018.2	15523.64	3340.701	18969.92	110451.1	811.2456	11896.53	3132.028	3290.036	8648.264	93958.92	66983.95	-5.338078	1182.918	1.377019e+08	3.82568e+08	2268.327	4395.729	1293.95	2077577	30501.56	-4.626335	9593.815	-5.338078	1182.918	-4.626335	9593.815
52.17	149634.2	6816.641	2839.701	29379.92	108543.1	2011.246	11295.53	2532.028	3390.036	14450.26	101086.9	52448.95	-5.338078	1182.918	1.338933e+08	3.565201e+08	3168.327	4295.729	893.9502	1893268	24894.56	95.37366	9393.815	-5.338078	1182.918	95.37366	9393.815
52.46	145409.2	9318.641	4240.701	25475.92	116177.1	1611.246	14597.53	3332.028	2490.036	14951.26	93356.92	45434.95	-5.338078	982.9182	1.337176e+08	3.765569e+08	2368.327	4095.729	793.9502	1618226	23994.56	95.37366	10293.82	-5.338078	982.9182	95.37366	10293.82
52.74	153758.2	10719.64	3640.701	29580.92	162333.1	2811.246	16699.53	2832.028	2290.036	15551.26	101387.9	42128.95	-5.338078	782.9182	1.377898e+08	3.62531e+08	2568.327	2695.729	1093.95	1368450	24194.56	195.3737	12594.82	-5.338078	782.9182	195.3737	12594.82
53.03	155469.2	14422.64	4140.701	31182.92	205247.1	2111.246	16299.53	2232.028	3491.036	14951.26	106709.9	30712.95	-5.338078	1482.918	1.372622e+08	3.424948e+08	4068.327	4095.729	893.9502	1009888	19089.56	95.37366	6892.815	-5.338078	1482.918	95.37366	6892.815
53.31	162312.2	12020.64	4040.701	29680.92	223805.1	211.2456	21503.53	2932.028	3190.036	14150.26	104902.9	24005.95	-5.338078	1282.918	1.345815e+08	3.244629e+08	4968.328	2295.729	693.9502	876286.9	18789.56	-4.626335	6692.815	-5.338078	1282.918	-4.626335	6692.815
53.6	142693.2	17224.64	2639.701	33585.92	184184.1	3712.246	24706.53	3232.028	4891.036	13850.26	108718.9	24205.95	-5.338078	1482.918	1.363977e+08	3.46502e+08	2568.327	3395.729	593.9502	775126.9	20691.56	-4.626335	9293.815	-5.338078	1482.918	-4.626335	9293.815
53.89	155972.2	26935.64	2940.701	39594.92	171393.1	1311.246	25607.53	2532.028	3290.036	13750.26	100986.9	18300.95	-5.338078	2082.918	1.272546e+08	4.066135e+08	4168.328	3695.729	593.9502	768115.9	19289.56	-4.626335	11794.82	-5.338078	2082.918	-4.626335	11794.82
54.17	147823.2	27836.64	3740.701	42299.92	158509.1	4312.246	25607.53	2132.028	4791.036	9148.264	103395.9	18600.95	94.66192	2082.918	1.273987e+08	3.064316e+08	3368.327	1595.729	2893.95	715796.9	14586.56	-4.626335	11093.82	94.66192	2082.918	-4.626335	11093.82
54.46	154060.2	38253.64	2940.701	46506.92	176730.1	6213.246	26008.53	2832.028	4391.036	11149.26	107312.9	18500.95	-5.338078	1882.918	1.294599e+08	3.32477e+08	3768.327	2795.729	6094.95	625009.9	11285.56	195.3737	9193.815	-5.338078	1882.918	195.3737	9193.815
54.74	150841.2	61906.64	3640.701	46606.92	169279.1	4512.246	27910.53	2232.028	2790.036	11249.26	108417.9	16298.95	-5.338078	2382.918	1.286411e+08	3.444984e+08	3568.327	2895.729	2993.95	504023.9	13886.56	-4.626335	8693.815	-5.338078	2382.918	-4.626335	8693.815
55.03	151947.2	58397.64	4140.701	46306.92	218761.1	4112.246	27910.53	2432.028	4191.036	16652.26	111731.9	14597.95	-5.338078	1382.918	1.491297e+08	3.645347e+08	2968.327	3395.729	2293.95	455709.9	11985.56	-4.626335	7992.815	-5.338078	1382.918	-4.626335	7992.815
55.32	149432.2	39856.64	1939.701	63043.92	271070.1	3212.246	30213.53	1932.028	4591.036	27461.26	108417.9	10895.95	-5.338078	2182.918	1.312318e+08	3.605274e+08	2868.327	2895.729	2693.95	361995.9	13586.56	-4.626335	6092.815	-5.338078	2182.918	-4.626335	6092.815
55.6	126104.2	30941.64	2339.701	56828.92	283810.1	1911.246	30713.53	2732.028	4191.036	28062.26	92854.92	7394.95	-5.338078	2782.918	1.284511e+08	3.344805e+08	3768.327	2795.729	1793.95	311522.9	14786.56	-4.626335	6092.815	-5.338078	2782.918	-4.626335	6092.815
55.89	118467.2	24832.64	3840.701	61138.92	295140.1	3212.246	25607.53	1832.028	4291.036	31666.26	86231.92	6994.95	-5.338078	1682.918	1.179849e+08	2.944112e+08	2468.327	1995.729	1293.95	237517	10184.56	-4.626335	7692.815	-5.338078	1682.918	-4.626335	7692.815
56.18	117462.2	22930.64	2139.701	62642.92	361199.1	-88.75439	24806.53	2432.028	3090.036	26260.26	82418.92	9195.95	-5.338078	1182.918	1.114608e+08	3.064316e+08	2468.327	3695.729	1293.95	214510	8884.562	295.3737	5792.815	-5.338078	1182.918	295.3737	5792.815
56.46	106714.2	19627.64	4740.701	54623.92	406690.1	2111.246	22404.53	2232.028	2190.036	24058.26	76298.92	8194.95	-5.338078	1282.918	1.054134e+08	2.683678e+08	2568.327	2495.729	1793.95	192230	6283.562	95.37366	5592.815	-5.338078	1282.918	95.37366	5592.815
56.75	103300.2	19426.64	1539.701	51216.92	493839.1	2011.246	18400.53	1332.028	3491.036	22256.26	74693.92	7194.95	-5.338078	1282.918	9.737572e+07	2.76381e+08	2368.327	2695.729	1493.95	159904	5383.562	195.3737	5692.815	-5.338078	1282.918	195.3737	5692.815
57.03	96674.19	18626.64	3040.701	44202.92	466318.1	4612.246	13797.53	1932.028	1390.036	15951.26	58049.92	5294.95	-5.338078	982.9182	8.178722e+07	2.162851e+08	1768.327	2295.729	1393.95	126915		-4.626335	2791.815	-5.338078	982.9182	-4.626335	2791.815
57.32	77005.19	24132.64	2639.701	31682.92	369215.1	3512.246	10895.53	1332.028	1390.036	11849.26	53640.92	4993.95	-5.338078	782.9182	6.411225e+07	1.62205e+08	1468.327	795.7296	493.9502	142399	4182.562	195.3737	2991.815	-5.338078	782.9182	195.3737	2991.815
57.6	60260.19	35448.64	2839.701	25875.92	284518.1	4312.246	8894.526	432.0284	2090.036	10248.26	35708.92	4493.95	-5.338078	782.9182	4.962626e+07	1.301603e+08	768.3274	1395.729	493.9502	83231.95	2382.562	95.37366	1691.815	-5.338078	782.9182	95.37366	1691.815
57.89	46130.19	14021.64	2239.701	19770.92	209986.1	3412.246	6894.527	532.0284	390.0356	8748.264	30100.92	3793.95	-5.338078	482.9182	4.041524e+07	1.066867e+08	768.3274	1095.729	793.9502	60566.95	2982.562	495.3737	1691.815	-5.338078	482.9182	495.3737	1691.815
58.18	36313.19	13521.64	339.7012	12965.92	159515.1	511.2456	6293.527	432.0284	-509.9644	5447.263	20991.92	2393.95	-5.338078	682.9182	3.175446e+07	9.063514e+07	368.3274	595.7296	193.9502	58461.95	3982.562	-4.626335	891.8149	-5.338078	682.9182	-4.626335	891.8149
58.46	30205.19	14722.64	139.7012	11864.92	118689.1	-188.7544	4393.527	932.0284	890.0356	4346.263	18789.92	2693.95	-5.338078	382.9182	2.549997e+07	6.935394e+07	668.3274	595.7296	93.95018	46937.95	2882.562	-4.626335	991.8149	-5.338078	382.9182	-4.626335	991.8149
58.75	23098.19	5416.641	339.7012	8863.922	101915.1	1411.246	3693.527	532.0284	-309.9644	3646.263	15487.92	1693.95	-5.338078	382.9182	2.107166e+07	5.319558e+07	568.3274	695.7296	-6.049822	35318.95	2282.562	195.3737	491.8149	-5.338078	382.9182	195.3737	491.8149
59.03	15692.19	6216.641	1939.701	6862.922	83647.12	1011.246	2692.527	132.0284	690.0356	2546.263	10284.92	993.9502	-5.338078	182.9182	1.568569e+07	4.425502e+07	368.3274	95.72954	-6.049822	29510.95	1382.562	-4.626335	791.8149	-5.338078	182.9182	-4.626335	791.8149
59.32	12990.19	5116.641	-260.2988	5062.922	62485.12	-488.7544	2392.527	932.0284	290.0356	2846.263	7783.918	1093.95	-5.338078	82.91815	1.276936e+07	3.530826e+07	68.3274	495.7295	693.9502	25206.95	482.5623	-4.626335	191.8149	-5.338078	82.91815	-4.626335	191.8149
59.6	11590.19	2114.641	339.7012	4862.922	44046.12	611.2456	2192.527	332.0284	-609.9644	1446.263	7083.918	793.9502	-5.338078	182.9182	1.155257e+07	3.096467e+07	-31.6726	95.72954	93.95018	24905.95	2082.562	-4.626335	91.81495	-5.338078	182.9182	-4.626335	91.81495
59.89	11390.19	2715.641	-260.2988	3761.922	33830.12	-88.75439	1392.527	132.0284	90.03564	1146.263	6183.918	293.9502	-5.338078	82.91815	9233347	2.39319e+07	68.3274	395.7295	293.9502	17399.95	282.5623	-4.626335	291.8149	-5.338078	82.91815	-4.626335	291.8149
60.18	8889.188	4515.641	-660.2988	2761.922	42243.12	-689.7544	992.5267	432.0284	-109.9644	1746.263	5383.918	393.9502	-5.338078	82.91815	7466670	2.065565e+07	68.3274	195.7295	-6.049822	14998.95	1782.562	-4.626335	191.8149	-5.338078	82.91815	-4.626335	191.8149
60.46	6388.188	3715.641	-460.2988	3261.922	36133.12	-789.7544	292.5267	32.02844	-9.964355	946.2634	4482.918	793.9502	-5.338078	-17.08185	5757368	1.671391e+07	68.3274	95.72954	193.9502	15598.95	282.5623	-4.626335	491.8149	-5.338078	-17.08185	-4.626335	491.8149
60.75	4687.188	2114.641	-861.2988	2461.922	18414.12	-1789.754	592.5267	-167.9716	390.0356	846.2634	4682.918	393.9502	-5.338078	82.91815	4288878	1.370009e+07	-31.6726	195.7295	193.9502	10695.95	282.5623	95.37366	191.8149	-5.338078	82.91815	95.37366	191.8149
61.03	4587.188	5816.641	39.70117	1961.922	16112.12	-1489.754	92.52673	-367.9716	490.0356	946.2634	3082.918	193.9502	-5.338078	82.91815	3710122	1.338748e+07	-31.6726	-4.270463	-6.049822	6294.95	82.56228	995.3737	191.8149	-5.338078	82.91815	995.3737	191.8149
61.32	3887.189	3415.641	239.7012	1061.922	17613.12	11.24561	592.5267	32.02844	-109.9644	746.2634	2882.918	393.9502	-5.338078	-17.08185	3159686	8815178	-31.6726	-4.270463	-6.049822	7694.95	182.5623	95.37366	291.8149	-5.338078	-17.08185	95.37366	291.8149
61.6	2987.189	4615.641	-160.2988	961.9218	9909.117	-1689.754	1692.527	132.0284	490.0356	546.2634	4882.918	193.9502	-5.338078	-17.08185	5531406	1.213732e+07	68.3274	995.7296	93.95018	22903.95	1582.562	95.37366	2891.815	-5.338078	-17.08185	95.37366	2891.815
61.89	3787.189	25233.64	-460.2988	1761.922	11009.12	811.2456	3793.527	132.0284	-209.9644	346.2633	13686.92	1593.95	-5.338078	82.91815	1.758402e+07	4.64056e+07	268.3274	695.7296	193.9502	140085	4082.562	95.37366	2191.815	-5.338078	82.91815	95.37366	2191.815
62.18	5788.188	36349.64	-160.2988	1861.922	13611.12	-388.7544	5293.527	-67.97156	290.0356	846.2634	24494.92	3493.95	-5.338078	-17.08185	3.749271e+07	1.12136e+08	868.3274	1495.729	-6.049822	462431.9	5183.562	-4.626335	3491.815	-5.338078	-17.08185	-4.626335	3491.815
62.46	10189.19	57394.64	-761.2988	2961.922	17113.12	911.2456	6794.527	1032.028	1890.036	1646.263	56446.92	6294.95	-5.338078	-17.08185	5.923401e+07	1.40174e+08	1568.327	995.7296	-6.049822	779973.9	8283.562	895.3737	4891.815	-5.338078	-17.08185	895.3737	4891.815
62.75	16092.19	69227.64	2139.701	8163.922	23618.12	3212.246	7794.527	1132.028	990.0356	2746.263	53740.92	8494.95	-5.338078	-17.08185	8.668201e+07	1.982578e+08	2268.327	1395.729	93.95018	1262066	9484.562	295.3737	6792.815	-5.338078	-17.08185	295.3737	6792.815
63.04	21496.19	59399.64	2239.701	5362.922	27923.12	1511.246	9094.526	1232.028	3991.036	2546.263	60355.92	12796.95	-5.338078	82.91815	9.036838e+07	1.942518e+08	1768.327	2195.729	93.95018	1552870	9784.562	295.3737	6092.815	-5.338078	82.91815	295.3737	6092.815
63.32	35913.19	60001.64	1639.701	8863.922	35733.12	3112.246	9595.526	1632.028	2590.036	3346.263	72286.92	24405.95	-5.338078	182.9182	1.027564e+08	2.803876e+08	768.3274	3995.729	893.9502	1664415	9084.562	95.37366	6392.815	-5.338078	182.9182	95.37366	6392.815
63.61	45228.19	46369.64	639.7012	8463.922	47452.12	3112.246	7494.527	1532.028	2590.036	2246.263	77602.92	43030.95	-5.338078	382.9182	1.095845e+08	2.98418e+08	1368.327	2295.729	1793.95	1950529	9484.562	295.3737	8993.815	-5.338078	382.9182	295.3737	8993.815
63.9	77005.19	49676.64	1939.701	10864.92	61984.12	2711.246	8594.526	1932.028	2890.036	2646.263	79609.92	54753.95	-5.338078	582.9182	1.193699e+08	2.924078e+08	1668.327	4095.729	1093.95	1955279	8583.562	295.3737	12394.82	-5.338078	582.9182	295.3737	12394.82
64.18	91755.19	39255.64	2139.701	9363.922	75120.12	2911.246	7794.527	2732.028	2290.036	3246.263	80913.92	70593.95	-5.338078	382.9182	1.139351e+08	3.144455e+08	1268.327	4295.729	2793.95	1972129	11985.56	95.37366	10493.82	-5.338078	382.9182	95.37366	10493.82
64.47	94666.19	47972.64	1239.701	12765.92	78631.12	3312.246	9194.526	1732.028	2590.036	2846.263	78706.92	79620.95	-5.338078	282.9182	1.216745e+08	2.964146e+08	1668.327	3795.729	4393.95	2142857	11385.56	95.37366	12094.82	-5.338078	282.9182	95.37366	12094.82
64.75	116558.2	42761.64	4340.701	13765.92	88965.12	4912.246	9895.526	3232.028	2690.036	4746.263	89241.92	84937.95	-5.338078	382.9182	1.267265e+08	3.46502e+08	1068.327	3995.729	4893.95	2224770	10684.56	-4.626335	12794.82	-5.338078	382.9182	-4.626335	12794.82
65.04	111033.2	25633.64	3340.701	11964.92	82844.12	3712.246	10295.53	2132.028	4091.036	4246.263	90345.92	87546.95	-5.338078	-17.08185	1.299132e+08	3.525128e+08	2268.327	5096.729	3893.95	2358866	12885.56	95.37366	13995.82	-5.338078	-17.08185	95.37366	13995.82
65.33	114850.2	31742.64	2839.701	14366.92	77126.12	3412.246	9795.526	1832.028	3090.036	3846.263	89040.92	84235.95	-5.338078	282.9182	1.239222e+08	3.384877e+08	2068.327	4495.729	3693.95	2360620	9384.562	95.37366	13295.82	-5.338078	282.9182	95.37366	13295.82
65.61	110933.2	27336.64	5340.701	12265.92	63387.12	2811.246	9595.526	2632.028	3090.036	3246.263	95966.92	70793.95	-5.338078	682.9182	1.25032e+08	3.565201e+08	2268.327	3595.729	5094.95	2538883	12785.56	95.37366	13395.82	-5.338078	682.9182	95.37366	13395.82
65.9	103802.2	43362.64	2439.701	12865.92	53965.12	26130.25	14998.53	2632.028	3491.036	3746.263	83220.92	65779.95	-5.338078	682.9182	1.209159e+08	3.364841e+08	2868.327	3295.729	4593.95	2012304	10484.56	-4.626335	16196.82	-5.338078	682.9182	-4.626335	16196.82
66.19	88142.19	68024.64	4240.701	10764.92	49256.12	166803.2	39025.53	2932.028	3591.036	3746.263	93356.92	56356.95	294.6619	482.9182	1.190783e+08	3.485056e+08	1568.327	3395.729	4193.95	3857034	11185.56	395.3737	13595.82	294.6619	482.9182	395.3737	13595.82
66.47	88142.19	105764.6	3740.701	11964.92	43946.12	241627.2	65984.52	2732.028	2490.036	4546.263	84424.92	49542.95	-5.338078	182.9182	1.18393e+08	3.144455e+08	2368.327	2995.729	3993.95	3741136	10684.56	295.3737	13094.82	-5.338078	182.9182	295.3737	13094.82
66.76	71790.19	124354.6	2339.701	11364.92	38337.12	284282.2	74007.52	1932.028	3991.036	5247.263	90445.92	46436.95	94.66192	782.9182	1.27048e+08	3.244629e+08	3068.327	3995.729	4793.95	4704162	11385.56	195.3737	10893.82	94.66192	782.9182	195.3737	10893.82
67.04	77607.19	115610.6	3840.701	16467.92	42643.12	302903.2	83939.52	2832.028	4091.036	4646.263	92653.92	42229.95	94.66192	682.9182	1.304397e+08	4.046097e+08	2668.327	2895.729	4893.95	3821373	9284.562	295.3737	12194.82	94.66192	682.9182	295.3737	12194.82
67.33	67679.19	101043.6	2739.701	20170.92	40941.12	196020.2	68491.52	3032.028	4691.036	8047.263	88739.92	39224.95	-5.338078	482.9182	1.260691e+08	3.164489e+08	3168.327	2995.729	3693.95	3464790	9484.562	395.3737	11294.82	-5.338078	482.9182	395.3737	11294.82
67.62	72291.19	67823.64	2839.701	20971.92	48554.12	172745.2	57663.53	1832.028	3190.036	7447.263	90847.92	51446.95	94.66192	1482.918	1.36427e+08	3.364841e+08	2068.327	4195.729	4493.95	2992405	13886.56	495.3737	12094.82	94.66192	1482.918	495.3737	12094.82
67.9	72693.19	66419.64	3140.701	26176.92	53364.12	107666.2	50347.53	1932.028	2190.036	7247.263	94059.92	62671.95	-5.338078	882.9182	1.259522e+08	3.2847e+08	2768.327	3695.729	6294.95	2324107	10184.56	95.37366	9893.815	-5.338078	882.9182	95.37366	9893.815
68.19	74197.19	54287.64	4840.701	29079.92	54867.12	90093.24	50347.53	2232.028	2890.036	5747.263	91750.92	92263.95	-5.338078	982.9182	1.370277e+08	3.945906e+08	2068.327	3995.729	3493.95	2039028	13085.56	495.3737	10693.82	-5.338078	982.9182	495.3737	10693.82
68.48	75701.19	40557.64	3340.701	24774.92	53464.12	82264.24	39025.53	2632.028	3691.036	5247.263	96267.92	95475.95	-5.338078	482.9182	1.312318e+08	3.945906e+08	1968.327	4395.729	2493.95	2030120	11785.56	395.3737	10093.82	-5.338078	482.9182	395.3737	10093.82
68.77	72291.19	30340.64	3540.701	24074.92	52362.12	54282.25	31915.53	2332.028	4491.036	5447.263	88338.92	91259.95	-5.338078	482.9182	1.322685e+08	3.965944e+08	1668.327	4395.729	2193.95	1798521	10984.56	-4.626335	7692.815	-5.338078	482.9182	-4.626335	7692.815
69.05	58956.19	30741.64	3440.701	18869.92	57573.12	50673.25	27009.53	2632.028	2090.036	4346.263	84625.92	84134.95	-5.338078	682.9182	1.291236e+08	3.064316e+08	1968.327	4395.729	2193.95	1985580	10984.56	-4.626335	7592.815	-5.338078	682.9182	-4.626335	7592.815
69.35	59157.19	29238.64	3940.701	18869.92	53965.12	33541.25	20402.53	2232.028	3390.036	4046.263	88338.92	72899.95	94.66192	682.9182	1.247399e+08	3.565201e+08	1968.327	4495.729	3793.95	1558039	9784.562	-4.626335	6292.815	94.66192	682.9182	-4.626335	6292.815
69.63	59959.19	52282.64	4940.701	18669.92	57173.12	31638.25	21703.53	1432.028	3891.036	3846.263	74593.92	66983.95	-5.338078	282.9182	1.161925e+08	3.184524e+08	1268.327	4395.729	3193.95	2510412	10584.56	95.37366	7892.815	-5.338078	282.9182	95.37366	7892.815
69.92	65773.19	15923.64	1739.701	15767.92	59678.12	23026.25	20902.53	1532.028	2790.036	4146.263	81214.92	72498.95	-5.338078	82.91815	1.069534e+08	3.204559e+08	1968.327	3895.729	3793.95	2284295	7683.562	195.3737	8092.815	-5.338078	82.91815	195.3737	8092.815
70.2	59758.19	14221.64	2239.701	12164.92	50358.12	19222.25	19101.53	3032.028	2190.036	2646.263	64365.92	53851.95	-5.338078	382.9182	9.501427e+07	2.54345e+08	1168.327	3195.729	2993.95	1919672	5683.562	95.37366	5092.815	-5.338078	382.9182	95.37366	5092.815
70.49	45528.19	26535.64	3140.701	7162.922	34631.12	20324.25	14898.53	1432.028	2090.036	1546.263	45423.92	40426.95	-5.338078	482.9182	7.322665e+07	1.782281e+08	1068.327	1895.729	1293.95	1348403	4882.562	95.37366	4591.815	-5.338078	482.9182	95.37366	4591.815
70.78	33309.19	92709.64	2139.701	8963.922	30325.12	18922.25	10595.53	832.0284	1790.036	1946.263	53439.92	30912.95	-5.338078	-17.08185	5.40761e+07	1.558965e+08	468.3274	1595.729	1593.95	1053848	3682.562	-4.626335	2591.815	-5.338078	-17.08185	-4.626335	2591.815
71.06	23798.19	80564.64	1339.701	5562.922	21917.12	16019.25	10695.53	432.0284	890.0356	1546.263	27297.92	26607.95	94.66192	182.9182	4.085739e+07	1.135629e+08	468.3274	895.7296	1793.95	824364.9	2882.562	95.37366	2091.815	94.66192	182.9182	95.37366	2091.815
71.35	20495.19	36550.64	2739.701	4362.922	16012.12	12517.25	8094.527	132.0284	590.0356	1246.263	24594.92	21502.95	-5.338078	-17.08185	3.302091e+07	9.202935e+07	268.3274	1495.729	1093.95	663585.9	1982.562	195.3737	1491.815	-5.338078	-17.08185	195.3737	1491.815
71.63	13991.19	29138.64	1539.701	2461.922	13311.12	11816.25	6894.527	532.0284	690.0356	646.2634	17188.92	13997.95	-5.338078	82.91815	2.452016e+07	7.585517e+07	768.3274	595.7296	493.9502	465385.9	1582.562	-4.626335	991.8149	-5.338078	82.91815	-4.626335	991.8149
71.92	11690.19	57695.64	1339.701	2061.922	9709.117	12216.25	4293.527	632.0284	290.0356	646.2634	15687.92	13297.95	-5.338078	82.91815	2.057524e+07	5.873188e+07	68.3274	295.7295	293.9502	370620.9	2582.562	95.37366	1191.815	-5.338078	82.91815	95.37366	1191.815
72.2	9689.188	83474.64	1039.701	2661.922	8609.117	9415.246	4593.527	432.0284	-9.964355	846.2634	12485.92	8795.95	-5.338078	-17.08185	1.76407e+07	4.98205e+07	268.3274	495.7295	393.9502	332793.9	1782.562	-4.626335	791.8149	-5.338078	-17.08185	-4.626335	791.8149
72.49	6688.188	57093.64	839.7012	1361.922	5908.118	7614.246	3893.527	432.0284	690.0356	846.2634	10984.92	7594.95	-5.338078	-17.08185	1.378838e+07	4.022977e+07	368.3274	195.7295	593.9502	255594	882.5623	95.37366	1191.815	-5.338078	-17.08185	95.37366	1191.815
72.78	5188.188	52783.64	-160.2988	2761.922	3707.117	4412.246	2092.527	332.0284	-109.9644	146.2633	7283.918	4393.95	-5.338078	-17.08185	1.121308e+07	2.909456e+07	168.3274	295.7295	693.9502	232470	482.5623	-4.626335	1191.815	-5.338078	-17.08185	-4.626335	1191.815
73.06	5088.188	29339.64	339.7012	1661.922	5108.118	7313.246	2192.527	332.0284	690.0356	846.2634	5983.918	4293.95	-5.338078	-17.08185	9728175	2.356139e+07	68.3274	195.7295	-6.049822	192130	482.5623	-4.626335	291.8149	-5.338078	-17.08185	-4.626335	291.8149
73.35	5488.188	25133.64	-360.2988	1061.922	4907.118	2411.246	992.5267	132.0284	-9.964355	146.2633	4682.918	5194.95	-5.338078	-17.08185	7551450	2.065565e+07	168.3274	295.7295	93.95018	165238	1182.562	-4.626335	591.8149	-5.338078	-17.08185	-4.626335	591.8149
73.63	3587.189	23831.64	-160.2988	-238.0782	2707.117	3212.246	1192.527	332.0284	690.0356	246.2633	3382.918	3393.95	-5.338078	-17.08185	6322334	1.527776e+07	168.3274	695.7296	193.9502	155979	582.5623	-4.626335	391.8149	-5.338078	-17.08185	-4.626335	391.8149
73.92	2387.189	16924.64	339.7012	561.9218	2207.117	3312.246	1292.527	132.0284	290.0356	146.2633	3582.918	2993.95	-5.338078	-17.08185	5404310	1.284758e+07	268.3274	295.7295	493.9502	82629.95	382.5623	-4.626335	691.8149	-5.338078	-17.08185	-4.626335	691.8149
74.2	2487.189	18525.64	-460.2988	461.9218	2007.117	211.2456	592.5267	232.0284	390.0356	146.2633	3682.918	2093.95	-5.338078	82.91815	4204176	1.13704e+07	-31.6726	295.7295	293.9502	91661.95	82.56228	-4.626335	91.81495	-5.338078	82.91815	-4.626335	91.81495
74.49	1887.189	14221.64	139.7012	-238.0782	2407.117	511.2456	-207.4733	32.02844	90.03564	46.26334	1782.918	1893.95	-5.338078	-17.08185	3583090	1.043327e+07	-31.6726	95.72954	-6.049822	67584.95	782.5623	-4.626335	291.8149	-5.338078	-17.08185	-4.626335	291.8149
74.78	2187.189	9918.641	-660.2988	761.9218	1407.117	-388.7544	992.5267	-67.97156	-909.9644	146.2633	2482.918	893.9502	-5.338078	-17.08185	2948002	6545419	168.3274	-4.270463	493.9502	57960.95	82.56228	-4.626335	291.8149	-5.338078	-17.08185	-4.626335	291.8149
75.06	1587.189	8918.641	-761.2988	61.92175	1307.117	111.2456	-7.473267	-67.97156	190.0356	246.2633	1982.918	1293.95	-5.338078	-17.08185	2059070	6843242	68.3274	95.72954	193.9502	50043.95	582.5623	-4.626335	91.81495	-5.338078	-17.08185	-4.626335	91.81495
75.35	887.1886	6116.641	1439.701	661.9218	1107.117	411.2456	992.5267	-167.9716	390.0356	246.2633	1282.918	1493.95	-5.338078	-17.08185	1847453	6105822	-31.6726	195.7295	-6.049822	33616.95	82.56228	95.37366	-8.185054	-5.338078	-17.08185	95.37366	-8.185054
75.64	887.1886	3415.641	439.7012	361.9218	807.1174	2011.246	392.5267	-267.9716	190.0356	46.26334	382.9182	693.9502	-5.338078	-17.08185	1537104	4617268	-31.6726	-4.270463	-6.049822	22603.95	82.56228	-4.626335	91.81495	-5.338078	-17.08185	-4.626335	91.81495
75.93	1287.189	3415.641	39.70117	-138.0782	607.1174	-1489.754	-7.473267	332.0284	290.0356	-53.73666	582.9182	893.9502	-5.338078	-17.08185	1706382	4036192	68.3274	195.7295	93.95018	36420.95	-17.43772	-4.626335	-8.185054	-5.338078	-17.08185	-4.626335	-8.185054
76.22	287.1886	3815.641	239.7012	261.9218	707.1174	-2789.754	392.5267	-67.97156	-109.9644	-53.73666	982.9182	493.9502	-5.338078	-17.08185	1607635	3341862	-31.6726	95.72954	-6.049822	29510.95	82.56228	-4.626335	91.81495	-5.338078	-17.08185	-4.626335	91.81495
76.51	487.1886	2214.641	939.7012	-138.0782	607.1174	211.2456	-107.4733	232.0284	-109.9644	-53.73666	382.9182	493.9502	-5.338078	82.91815	1113945	2760995	168.3274	-4.270463	93.95018	28910.95	82.56228	-4.626335	191.8149	-5.338078	82.91815	-4.626335	191.8149
76.8	787.1886	1714.641	-961.2988	861.9218	307.1174	-689.7544	292.5267	-167.9716	-9.964355	-53.73666	882.9182	293.9502	-5.338078	-17.08185	1254993	2661833	68.3274	-4.270463	-6.049822	15398.95	-17.43772	-4.626335	-8.185054	-5.338078	-17.08185	-4.626335	-8.185054
77.1	187.1886	1814.641	39.70117	261.9218	607.1174	-1389.754	-807.4733	832.0284	-509.9644	-53.73666	282.9182	493.9502	-5.338078	-17.08185	592119.4	1514580	-31.6726	-4.270463	-6.049822	9495.95	-17.43772	-4.626335	191.8149	-5.338078	-17.08185	-4.626335	191.8149
77.39	787.1886	2014.641	1039.701	61.92175	1007.117	-1489.754	92.52673	-167.9716	-909.9644	-53.73666	382.9182	793.9502	-5.338078	82.91815	507506.4	1372970	-31.6726	-4.270463	-6.049822	8795.95	-17.43772	95.37366	-8.185054	-5.338078	82.91815	95.37366	-8.185054
77.68	187.1886	214.6406	-360.2988	-238.0782	207.1174	-488.7544	-407.4733	-67.97156	-9.964355	46.26334	282.9182	93.95018	-5.338078	-17.08185	747248.4	2435185	-31.6726	-4.270463	-6.049822	9395.95	-17.43772	-4.626335	291.8149	-5.338078	-17.08185	-4.626335	291.8149
77.97	687.1886	114.6406	-1061.299	-138.0782	307.1174	-288.7544	292.5267	32.02844	90.03564	-53.73666	282.9182	-6.049822	-5.338078	-17.08185	290954.4	976490.8	68.3274	-4.270463	-6.049822	14297.95	-17.43772	-4.626335	-8.185054	-5.338078	-17.08185	-4.626335	-8.185054
78.25	287.1886	3315.641	339.7012	-38.07825	307.1174	-989.7544	-207.4733	32.02844	90.03564	-53.73666	382.9182	493.9502	-5.338078	-17.08185	377703.4	1670358	-31.6726	-4.270463	-6.049822	14397.95	82.56228	-4.626335	-8.185054	-5.338078	-17.08185	-4.626335	-8.185054
78.55	287.1886	914.6406	-1561.299	361.9218	507.1174	-1089.754	-807.4733	232.0284	-409.9644	46.26334	82.91815	-6.049822	-5.338078	-17.08185	295981.4	1528742	-31.6726	-4.270463	-6.049822	3593.95	-17.43772	-4.626335	91.81495	-5.338078	-17.08185	-4.626335	91.81495
78.84	-12.81139	2214.641	-761.2988	161.9218	407.1174	-588.7544	192.5267	-167.9716	-809.9644	-53.73666	282.9182	93.95018	94.66192	-17.08185	285694.4	500919.8	-31.6726	-4.270463	-6.049822	4093.95	82.56228	-4.626335	-8.185054	94.66192	-17.08185	-4.626335	-8.185054
79.12	87.18861	-285.3594	739.7012	-238.0782	7.117439	-1089.754	-507.4733	-367.9716	-109.9644	46.26334	82.91815	93.95018	-5.338078	-17.08185	319601.4	381855.8	168.3274	95.72954	-6.049822	1593.95	-17.43772	-4.626335	-8.185054	-5.338078	-17.08185	-4.626335	-8.185054
79.41	87.18861	-485.3594	-260.2988	61.92175	107.1174	-588.7544	-107.4733	-267.9716	90.03564	246.2633	82.91815	93.95018	-5.338078	-17.08185	185858.4	1372970	-31.6726	-4.270463	-6.049822	2193.95	-17.43772	-4.626335	191.8149	-5.338078	-17.08185	-4.626335	191.8149
79.7	87.18861	1214.641	539.7012	-38.07825	7.117439	-1889.754	492.5267	232.0284	190.0356	-53.73666	82.91815	93.95018	-5.338078	-17.08185	232244.4	806584.8	-31.6726	-4.270463	-6.049822	6594.95	-17.43772	-4.626335	91.81495	-5.338078	-17.08185	-4.626335	91.81495
79.99	187.1886	1014.641	1839.701	-38.07825	207.1174	-1489.754	-307.4733	232.0284	290.0356	-53.73666	82.91815	293.9502	-5.338078	-17.08185	140872.4	240291.8	-31.6726	-4.270463	93.95018	4693.95	82.56228	-4.626335	-8.185054	-5.338078	-17.08185	-4.626335	-8.185054
80.28	-12.81139	2415.641	-460.2988	-138.0782	307.1174	111.2456	-807.4733	-367.9716	-9.964355	146.2633	82.91815	193.9502	-5.338078	-17.08185	80098.4	452640.8	-31.6726	-4.270463	-6.049822	493.9502	82.56228	-4.626335	-8.185054	-5.338078	-17.08185	-4.626335	-8.185054
80.56	87.18861	-785.3594	-1161.299	-438.0782	-92.88256	-288.7544	392.5267	32.02844	-509.9644	146.2633	-17.08185	293.9502	94.66192	-17.08185	65555.4	135813.8	-31.6726	-4.270463	-6.049822	3393.95	-17.43772	-4.626335	-8.185054	94.66192	-17.08185	-4.626335	-8.185054
80.85	187.1886	614.6406	-861.2988	-438.0782	7.117439	-1289.754	-7.473267	-167.9716	-209.9644	146.2633	82.91815	93.95018	-5.338078	-17.08185	124881.4	424326.8	-31.6726	-4.270463	-6.049822	1493.95	-17.43772	-4.626335	-8.185054	-5.338078	-17.08185	-4.626335	-8.185054
81.14	87.18861	1114.641	-1061.299	-238.0782	-92.88256	111.2456	92.52673	-267.9716	-9.964355	46.26334	82.91815	93.95018	-5.338078	-17.08185	136240.4	106370.8	-31.6726	-4.270463	93.95018	793.9502	-17.43772	-4.626335	-8.185054	-5.338078	-17.08185	-4.626335	-8.185054
81.43	187.1886	-685.3594	-460.2988	261.9218	7.117439	-989.7544	-707.4733	-367.9716	-509.9644	46.26334	-17.08185	-6.049822	-5.338078	-17.08185	62447.39	197822.8	-31.6726	-4.270463	-6.049822	693.9502	82.56228	-4.626335	-8.185054	-5.338078	-17.08185	-4.626335	-8.185054
81.72	-12.81139	-185.3594	-761.2988	661.9218	107.1174	-789.7544	192.5267	232.0284	-209.9644	-53.73666	-17.08185	-6.049822	-5.338078	-17.08185	29587.39	92214.77	-31.6726	-4.270463	-6.049822	2293.95	-17.43772	-4.626335	-8.185054	-5.338078	-17.08185	-4.626335	-8.185054
82.01	-12.81139	814.6406	-1461.299	-238.0782	207.1174	-989.7544	-207.4733	-267.9716	290.0356	-53.73666	182.9182	93.95018	-5.338078	-17.08185	103483.4	282759.8	-31.6726	-4.270463	-6.049822	393.9502	82.56228	-4.626335	-8.185054	-5.338078	-17.08185	-4.626335	-8.185054
82.3	87.18861	-1185.359	-1161.299	-38.07825	7.117439	-1389.754	-507.4733	232.0284	690.0356	-53.73666	-17.08185	-6.049822	94.66192	-17.08185	8971.395	197822.8	-31.6726	-4.270463	-6.049822	793.9502	82.56228	-4.626335	-8.185054	94.66192	-17.08185	-4.626335	-8.185054
82.58	87.18861	214.6406	-1061.299	161.9218	207.1174	311.2456	-407.4733	-267.9716	-109.9644	146.2633	82.91815	-6.049822	-5.338078	-17.08185	81402.4	162270.8	-31.6726	95.72954	-6.049822	1193.95	-17.43772	-4.626335	-8.185054	-5.338078	-17.08185	-4.626335	-8.185054
82.87	-12.81139	214.6406	139.7012	-238.0782	207.1174	-789.7544	-407.4733	-167.9716	-209.9644	46.26334	-17.08185	93.95018	94.66192	-17.08185	4169.395	27158.77	68.3274	-4.270463	-6.049822	1093.95	-17.43772	-4.626335	-8.185054	94.66192	-17.08185	-4.626335	-8.185054
83.15	87.18861	114.6406	539.7012	-38.07825	7.117439	-288.7544	-507.4733	32.02844	-509.9644	-53.73666	-17.08185	93.95018	-5.338078	-17.08185	30488.39	6544.772	-31.6726	-4.270463	-6.049822	3093.95	-17.43772	-4.626335	91.81495	-5.338078	-17.08185	-4.626335	91.81495
83.44	-12.81139	-385.3594	639.7012	-38.07825	-92.88256	-1189.754	892.5267	732.0284	590.0356	46.26334	-17.08185	-6.049822	-5.338078	82.91815	64954.39	79972.77	-31.6726	-4.270463	-6.049822	193.9502	-17.43772	-4.626335	-8.185054	-5.338078	82.91815	-4.626335	-8.185054
83.72	-12.81139	814.6406	439.7012	261.9218	207.1174	-288.7544	192.5267	-67.97156	-709.9644	46.26334	-17.08185	93.95018	-5.338078	-17.08185	13673.39	74455.77	-31.6726	-4.270463	-6.049822	-6.049822	282.5623	-4.626335	-8.185054	-5.338078	-17.08185	-4.626335	-8.185054
84.01	-12.81139	-385.3594	-660.2988	-38.07825	107.1174	-1889.754	-7.473267	232.0284	-809.9644	46.26334	82.91815	-6.049822	-5.338078	82.91815	29086.39	31663.77	-31.6726	-4.270463	-6.049822	-6.049822	82.56228	-4.626335	-8.185054	-5.338078	82.91815	-4.626335	-8.185054
84.29	187.1886	414.6406	739.7012	-338.0782	-92.88256	-1489.754	-507.4733	-167.9716	290.0356	-53.73666	-17.08185	-6.049822	-5.338078	-17.08185	33291.39	34467.77	68.3274	-4.270463	-6.049822	-6.049822	-17.43772	-4.626335	91.81495	-5.338078	-17.08185	-4.626335	91.81495
84.58	-12.81139	-1686.359	239.7012	61.92175	7.117439	-1189.754	492.5267	132.0284	-9.964355	-53.73666	-17.08185	-6.049822	-5.338078	-17.08185	37497.39	56808.77	-31.6726	-4.270463	-6.049822	493.9502	82.56228	-4.626335	-8.185054	-5.338078	-17.08185	-4.626335	-8.185054
84.86	-12.81139	914.6406	-761.2988	61.92175	107.1174	-588.7544	292.5267	32.02844	90.03564	46.26334	-17.08185	93.95018	-5.338078	-17.08185	4869.395	2643.772	-31.6726	-4.270463	-6.049822	693.9502	82.56228	95.37366	-8.185054	-5.338078	-17.08185	95.37366	-8.185054
85.15	-12.81139	614.6406	-1261.299	-138.0782	-92.88256	-889.7544	492.5267	-367.9716	-109.9644	-53.73666	-17.08185	-6.049822	-5.338078	-17.08185	13873.39	31964.77	-31.6726	-4.270463	-6.049822	293.9502	-17.43772	95.37366	-8.185054	-5.338078	-17.08185	95.37366	-8.185054
85.43	-12.81139	514.6406	-961.2988	-38.07825	7.117439	-1289.754	292.5267	32.02844	-209.9644	-53.73666	-17.08185	-6.049822	-5.338078	-17.08185	12672.39	19751.77	-31.6726	-4.270463	-6.049822	93.95018	-17.43772	-4.626335	-8.185054	-5.338078	-17.08185	-4.626335	-8.185054
85.72	-12.81139	-285.3594	739.7012	61.92175	207.1174	111.2456	-307.4733	-67.97156	990.0356	-53.73666	82.91815	-6.049822	-5.338078	-17.08185	3869.395	55104.77	-31.6726	-4.270463	-6.049822	193.9502	-17.43772	-4.626335	-8.185054	-5.338078	-17.08185	-4.626335	-8.185054
86	87.18861	214.6406	739.7012	-38.07825	107.1174	-488.7544	92.52673	-267.9716	690.0356	-53.73666	-17.08185	-6.049822	-5.338078	-17.08185	23780.39	49392.77	68.3274	-4.270463	-6.049822	93.95018	-17.43772	-4.626335	-8.185054	-5.338078	-17.08185	-4.626335	-8.185054
86.29	-12.81139	-185.3594	-761.2988	-338.0782	7.117439	-388.7544	-507.4733	-67.97156	-109.9644	46.26334	-17.08185	-6.049822	-5.338078	-17.08185	7170.395	29461.77	-31.6726	-4.270463	-6.049822	-6.049822	-17.43772	-4.626335	-8.185054	-5.338078	-17.08185	-4.626335	-8.185054
86.57	-12.81139	-785.3594	-160.2988	-438.0782	107.1174	-588.7544	-507.4733	-167.9716	390.0356	46.26334	-17.08185	-6.049822	-5.338078	-17.08185	69.39502	23454.77	-31.6726	-4.270463	-6.049822	93.95018	-17.43772	-4.626335	-8.185054	-5.338078	-17.08185	-4.626335	-8.185054
86.86	-12.81139	-1686.359	-160.2988	-238.0782	7.117439	-1889.754	392.5267	132.0284	-409.9644	-53.73666	82.91815	-6.049822	-5.338078	-17.08185	21578.39	-356.2278	-31.6726	-4.270463	-6.049822	-6.049822	-17.43772	-4.626335	-8.185054	-5.338078	-17.08185	-4.626335	-8.185054
87.15	-12.81139	-185.3594	339.7012	461.9218	7.117439	411.2456	-807.4733	132.0284	490.0356	-53.73666	-17.08185	-6.049822	94.66192	-17.08185	-130.605	243.7722	168.3274	-4.270463	-6.049822	-6.049822	-17.43772	-4.626335	-8.185054	94.66192	-17.08185	-4.626335	-8.185054
87.43	-12.81139	214.6406	-160.2988	61.92175	7.117439	-889.7544	292.5267	-467.9716	-409.9644	-53.73666	82.91815	-6.049822	-5.338078	-17.08185	8571.395	443.7722	-31.6726	-4.270463	-6.049822	93.95018	-17.43772	-4.626335	-8.185054	-5.338078	-17.08185	-4.626335	-8.185054
87.72	-12.81139	-1486.359	-1061.299	161.9218	-92.88256	-1689.754	92.52673	332.0284	-9.964355	46.26334	82.91815	-6.049822	-5.338078	-17.08185	-30.60498	7644.772	-31.6726	-4.270463	-6.049822	793.9502	82.56228	-4.626335	-8.185054	-5.338078	-17.08185	-4.626335	-8.185054
88	-12.81139	14.64062	39.70117	-38.07825	-92.88256	-1089.754	-407.4733	232.0284	790.0356	-53.73666	-17.08185	-6.049822	-5.338078	-17.08185	44809.39	23454.77	-31.6726	-4.270463	-6.049822	193.9502	-17.43772	-4.626335	-8.185054	-5.338078	-17.08185	-4.626335	-8.185054
