ElapsedTime_s	Ti49_CPS	Al27_CPS	S33_CPS	Sc45_CPS	V51_CPS	Mn55_CPS	Fe57_CPS	Co59_CPS	Ni60_CPS	Ga71_CPS	Zr90_CPS	Nb93_CPS	Mo97_CPS	In113_CPS	Sn119_CPS	Sn118_CPS	Sb121_CPS	Hf177_CPS	Ta181_CPS	W183_CPS	Pb206_CPS	Th232_CPS	U238_CPS	Tc97_CPS	Cd113_CPS	U232_CPS	Pu238_CPS
0	-12.81139	914.6406	-260.2988	-338.0782	7.117439	-388.7544	-607.4733	532.0284	490.0356	-53.73666	-17.08185	-6.049822	-5.338078	-17.08185	4469.395	103960.8	-31.6726	-4.270463	-6.049822	1693.95	-17.43772	-4.626335	-8.185054	-5.338078	-17.08185	-4.626335	-8.185054
																											
13.18	-12.81139	214.6406	-761.2988	261.9218	-92.88256	-1589.754	792.5267	332.0284	490.0356	46.26334	-17.08185	-6.049822	-5.338078	-17.08185	-130.605	18250.77	68.3274	-4.270463	-6.049822	-6.049822	-17.43772	-4.626335	-8.185054	-5.338078	-17.08185	-4.626335	-8.185054
13.47	-12.81139	914.6406	-761.2988	-138.0782	7.117439	-388.7544	-507.4733	32.02844	-209.9644	146.2633	-17.08185	-6.049822	-5.338078	-17.08185	20578.39	13047.77	68.3274	-4.270463	-6.049822	-6.049822	-17.43772	-4.626335	-8.185054	-5.338078	-17.08185	-4.626335	-8.185054
13.75	-12.81139	514.6406	-660.2988	-38.07825	307.1174	-1189.754	92.52673	332.0284	-409.9644	46.26334	-17.08185	-6.049822	-5.338078	-17.08185	-130.605	-56.22775	-31.6726	-4.270463	-6.049822	-6.049822	-17.43772	-4.626335	-8.185054	-5.338078	-17.08185	-4.626335	-8.185054
14.04	-12.81139	414.6406	-761.2988	61.92175	-92.88256	-1689.754	492.5267	-367.9716	-509.9644	-53.73666	-17.08185	-6.049822	-5.338078	-17.08185	169.395	-156.2278	-31.6726	-4.270463	-6.049822	-6.049822	-17.43772	-4.626335	-8.185054	-5.338078	-17.08185	-4.626335	-8.185054
14.32	-12.81139	-585.3594	-1261.299	-238.0782	7.117439	-1589.754	492.5267	-267.9716	-209.9644	146.2633	182.9182	-6.049822	-5.338078	82.91815	69.39502	-56.22775	-31.6726	-4.270463	-6.049822	-6.049822	-17.43772	-4.626335	-8.185054	-5.338078	82.91815	-4.626335	-8.185054
14.61	87.18861	1414.641	-961.2988	-138.0782	7.117439	-1089.754	1092.527	32.02844	-109.9644	-53.73666	-17.08185	-6.049822	-5.338078	-17.08185	69.39502	-56.22775	-31.6726	-4.270463	-6.049822	-6.049822	-17.43772	-4.626335	-8.185054	-5.338078	-17.08185	-4.626335	-8.185054
14.89	-12.81139	814.6406	-160.2988	161.9218	-92.88256	-588.7544	-7.473267	-267.9716	90.03564	-53.73666	-17.08185	-6.049822	-5.338078	-17.08185	-30.60498	-56.22775	68.3274	-4.270463	-6.049822	3893.95	-17.43772	-4.626335	-8.185054	-5.338078	-17.08185	-4.626335	-8.185054
15.18	-12.81139	-185.3594	-460.2988	-338.0782	-92.88256	-1789.754	-207.4733	-67.97156	490.0356	46.26334	-17.08185	-6.049822	-5.338078	-17.08185	69.39502	143.7722	-31.6726	-4.270463	-6.049822	-6.049822	-17.43772	95.37366	-8.185054	-5.338078	-17.08185	95.37366	-8.185054
15.46	-12.81139	2114.641	-1161.299	161.9218	-92.88256	-1889.754	292.5267	-67.97156	-209.9644	-53.73666	-17.08185	-6.049822	-5.338078	-17.08185	-30.60498	343.7722	-31.6726	-4.270463	-6.049822	-6.049822	-17.43772	-4.626335	-8.185054	-5.338078	-17.08185	-4.626335	-8.185054
15.75	-12.81139	514.6406	-1261.299	261.9218	-92.88256	-1589.754	492.5267	32.02844	-9.964355	-53.73666	-17.08185	93.95018	-5.338078	82.91815	26783.39	-56.22775	68.3274	-4.270463	-6.049822	-6.049822	-17.43772	-4.626335	-8.185054	-5.338078	82.91815	-4.626335	-8.185054
16.03	-12.81139	-585.3594	-761.2988	-238.0782	7.117439	-689.7544	-307.4733	132.0284	-309.9644	-53.73666	-17.08185	-6.049822	-5.338078	-17.08185	5870.395	31463.77	-31.6726	-4.270463	-6.049822	-6.049822	-17.43772	-4.626335	-8.185054	-5.338078	-17.08185	-4.626335	-8.185054
16.32	-12.81139	-485.3594	-60.29883	661.9218	7.117439	-1489.754	992.5267	32.02844	-109.9644	146.2633	-17.08185	-6.049822	-5.338078	-17.08185	-30.60498	143.7722	-31.6726	-4.270463	-6.049822	-6.049822	82.56228	-4.626335	-8.185054	-5.338078	-17.08185	-4.626335	-8.185054
16.6	-12.81139	114.6406	-1961.299	-38.07825	7.117439	-2189.754	-7.473267	232.0284	-409.9644	146.2633	-17.08185	-6.049822	-5.338078	-17.08185	69.39502	443.7722	-31.6726	-4.270463	-6.049822	-6.049822	-17.43772	-4.626335	-8.185054	-5.338078	-17.08185	-4.626335	-8.185054
16.89	-12.81139	114.6406	339.7012	61.92175	107.1174	-789.7544	92.52673	-367.9716	-109.9644	-53.73666	-17.08185	-6.049822	-5.338078	-17.08185	-30.60498	-356.2278	168.3274	-4.270463	-6.049822	-6.049822	-17.43772	-4.626335	-8.185054	-5.338078	-17.08185	-4.626335	-8.185054
17.18	-12.81139	514.6406	-961.2988	-138.0782	7.117439	-1189.754	-407.4733	32.02844	-9.964355	-53.73666	-17.08185	-6.049822	-5.338078	-17.08185	-130.605	-156.2278	-31.6726	-4.270463	-6.049822	93.95018	182.5623	-4.626335	91.81495	-5.338078	-17.08185	-4.626335	91.81495
17.46	87.18861	914.6406	-660.2988	-538.0782	107.1174	-1389.754	-907.4733	-167.9716	390.0356	46.26334	82.91815	-6.049822	-5.338078	-17.08185	-130.605	-56.22775	-31.6726	-4.270463	-6.049822	-6.049822	-17.43772	-4.626335	-8.185054	-5.338078	-17.08185	-4.626335	-8.185054
17.74	-12.81139	-685.3594	-761.2988	461.9218	-92.88256	-1289.754	92.52673	132.0284	-609.9644	46.26334	-17.08185	-6.049822	-5.338078	-17.08185	169.395	-56.22775	-31.6726	-4.270463	-6.049822	393.9502	-17.43772	-4.626335	-8.185054	-5.338078	-17.08185	-4.626335	-8.185054
18.03	-12.81139	1614.641	-1161.299	-738.0782	7.117439	-989.7544	-407.4733	-167.9716	390.0356	146.2633	-17.08185	-6.049822	94.66192	-17.08185	269.395	43.77225	-31.6726	-4.270463	-6.049822	293.9502	-17.43772	-4.626335	-8.185054	94.66192	-17.08185	-4.626335	-8.185054
18.31	87.18861	14.64062	39.70117	161.9218	7.117439	-1089.754	-507.4733	-167.9716	290.0356	-53.73666	-17.08185	-6.049822	-5.338078	-17.08185	7470.395	-256.2278	-31.6726	-4.270463	-6.049822	193.9502	-17.43772	-4.626335	-8.185054	-5.338078	-17.08185	-4.626335	-8.185054
18.6	-12.81139	-85.35938	-660.2988	-338.0782	-92.88256	-1289.754	-1107.473	432.0284	290.0356	-53.73666	-17.08185	-6.049822	-5.338078	-17.08185	-30.60498	43.77225	-31.6726	-4.270463	-6.049822	-6.049822	82.56228	-4.626335	-8.185054	-5.338078	-17.08185	-4.626335	-8.185054
18.88	-12.81139	114.6406	-260.2988	-338.0782	7.117439	-2489.754	92.52673	132.0284	-109.9644	-53.73666	-17.08185	-6.049822	-5.338078	-17.08185	69.39502	-256.2278	-31.6726	95.72954	-6.049822	-6.049822	-17.43772	-4.626335	-8.185054	-5.338078	-17.08185	-4.626335	-8.185054
19.17	-12.81139	-1285.359	-1261.299	261.9218	7.117439	-1389.754	292.5267	-367.9716	-9.964355	-53.73666	-17.08185	-6.049822	-5.338078	82.91815	69.39502	-156.2278	-31.6726	-4.270463	-6.049822	-6.049822	-17.43772	-4.626335	-8.185054	-5.338078	82.91815	-4.626335	-8.185054
19.45	-12.81139	114.6406	539.7012	-138.0782	7.117439	-1889.754	-7.473267	-167.9716	-9.964355	-53.73666	-17.08185	-6.049822	-5.338078	-17.08185	169.395	143.7722	-31.6726	95.72954	-6.049822	-6.049822	-17.43772	-4.626335	-8.185054	-5.338078	-17.08185	-4.626335	-8.185054
19.74	-12.81139	814.6406	39.70117	-138.0782	7.117439	-388.7544	-407.4733	632.0284	-309.9644	146.2633	-17.08185	-6.049822	-5.338078	-17.08185	-30.60498	-56.22775	68.3274	-4.270463	-6.049822	93.95018	-17.43772	-4.626335	-8.185054	-5.338078	-17.08185	-4.626335	-8.185054
20.02	-12.81139	14.64062	-1461.299	-38.07825	7.117439	-2089.754	-507.4733	-167.9716	-9.964355	-53.73666	-17.08185	-6.049822	-5.338078	-17.08185	-30.60498	-156.2278	-31.6726	-4.270463	93.95018	-6.049822	-17.43772	-4.626335	-8.185054	-5.338078	-17.08185	-4.626335	-8.185054
20.31	-12.81139	1214.641	-160.2988	-438.0782	-92.88256	-889.7544	192.5267	732.0284	-209.9644	-53.73666	-17.08185	-6.049822	-5.338078	-17.08185	-30.60498	-56.22775	-31.6726	-4.270463	-6.049822	-6.049822	-17.43772	-4.626335	-8.185054	-5.338078	-17.08185	-4.626335	-8.185054
20.59	-12.81139	-285.3594	39.70117	-38.07825	7.117439	-388.7544	-407.4733	132.0284	-309.9644	-53.73666	-17.08185	-6.049822	-5.338078	-17.08185	-130.605	43.77225	-31.6726	-4.270463	93.95018	-6.049822	-17.43772	-4.626335	-8.185054	-5.338078	-17.08185	-4.626335	-8.185054
20.88	-12.81139	-85.35938	-961.2988	61.92175	7.117439	-1189.754	-107.4733	332.0284	-109.9644	-53.73666	-17.08185	-6.049822	-5.338078	-17.08185	-130.605	-256.2278	68.3274	-4.270463	-6.049822	-6.049822	-17.43772	-4.626335	-8.185054	-5.338078	-17.08185	-4.626335	-8.185054
21.16	-12.81139	314.6406	-2461.299	-138.0782	7.117439	411.2456	-207.4733	-267.9716	-109.9644	146.2633	-17.08185	-6.049822	-5.338078	-17.08185	69.39502	-56.22775	-31.6726	-4.270463	-6.049822	-6.049822	-17.43772	-4.626335	-8.185054	-5.338078	-17.08185	-4.626335	-8.185054
21.45	87.18861	-85.35938	-1161.299	161.9218	7.117439	-789.7544	492.5267	-367.9716	-309.9644	46.26334	-17.08185	-6.049822	-5.338078	-17.08185	69.39502	-56.22775	-31.6726	-4.270463	-6.049822	-6.049822	-17.43772	-4.626335	-8.185054	-5.338078	-17.08185	-4.626335	-8.185054
21.73	-12.81139	714.6406	139.7012	-338.0782	107.1174	-789.7544	-307.4733	-367.9716	-109.9644	-53.73666	182.9182	-6.049822	-5.338078	-17.08185	17275.39	43.77225	-31.6726	-4.270463	-6.049822	-6.049822	-17.43772	-4.626335	-8.185054	-5.338078	-17.08185	-4.626335	-8.185054
22.02	87.18861	1114.641	839.7012	-38.07825	7.117439	-388.7544	-607.4733	-267.9716	-409.9644	-53.73666	-17.08185	-6.049822	-5.338078	-17.08185	-130.605	-56.22775	-31.6726	-4.270463	-6.049822	-6.049822	-17.43772	-4.626335	-8.185054	-5.338078	-17.08185	-4.626335	-8.185054
22.3	-12.81139	714.6406	-2261.299	261.9218	-92.88256	-889.7544	-507.4733	332.0284	190.0356	46.26334	-17.08185	-6.049822	-5.338078	-17.08185	69.39502	43.77225	-31.6726	-4.270463	-6.049822	-6.049822	-17.43772	-4.626335	-8.185054	-5.338078	-17.08185	-4.626335	-8.185054
22.59	-12.81139	814.6406	-1061.299	261.9218	7.117439	-789.7544	-707.4733	-267.9716	190.0356	-53.73666	-17.08185	93.95018	-5.338078	-17.08185	69.39502	143.7722	-31.6726	-4.270463	-6.049822	-6.049822	-17.43772	-4.626335	-8.185054	-5.338078	-17.08185	-4.626335	-8.185054
22.87	-12.81139	-285.3594	-1461.299	161.9218	-92.88256	-488.7544	792.5267	-67.97156	-9.964355	46.26334	-17.08185	-6.049822	-5.338078	-17.08185	369.395	56407.77	-31.6726	-4.270463	-6.049822	-6.049822	-17.43772	-4.626335	-8.185054	-5.338078	-17.08185	-4.626335	-8.185054
23.16	187.1886	1214.641	-1561.299	-238.0782	-92.88256	-1289.754	692.5267	232.0284	190.0356	-53.73666	-17.08185	-6.049822	-5.338078	-17.08185	69.39502	61319.77	-31.6726	-4.270463	-6.049822	-6.049822	-17.43772	-4.626335	-8.185054	-5.338078	-17.08185	-4.626335	-8.185054
23.44	-12.81139	614.6406	-460.2988	61.92175	-92.88256	-388.7544	-207.4733	-67.97156	290.0356	146.2633	-17.08185	-6.049822	-5.338078	-17.08185	-130.605	-256.2278	-31.6726	-4.270463	-6.049822	-6.049822	-17.43772	-4.626335	-8.185054	-5.338078	-17.08185	-4.626335	-8.185054
23.73	-12.81139	1314.641	-761.2988	-338.0782	207.1174	-1089.754	-307.4733	132.0284	-709.9644	46.26334	-17.08185	-6.049822	-5.338078	-17.08185	10371.39	-56.22775	-31.6726	-4.270463	-6.049822	-6.049822	-17.43772	-4.626335	-8.185054	-5.338078	-17.08185	-4.626335	-8.185054
24.01	-12.81139	114.6406	-1261.299	-438.0782	7.117439	-2089.754	492.5267	-567.9716	190.0356	146.2633	-17.08185	-6.049822	-5.338078	-17.08185	-30.60498	43.77225	-31.6726	-4.270463	-6.049822	-6.049822	-17.43772	-4.626335	-8.185054	-5.338078	-17.08185	-4.626335	-8.185054
24.3	-12.81139	-185.3594	-160.2988	-138.0782	7.117439	-2489.754	-1007.473	32.02844	890.0356	-53.73666	-17.08185	-6.049822	-5.338078	-17.08185	-30.60498	-56.22775	-31.6726	-4.270463	-6.049822	-6.049822	-17.43772	-4.626335	-8.185054	-5.338078	-17.08185	-4.626335	-8.185054
24.58	-12.81139	-985.3594	-560.2988	461.9218	7.117439	-1189.754	-207.4733	132.0284	390.0356	-53.73666	-17.08185	-6.049822	-5.338078	-17.08185	69.39502	-256.2278	-31.6726	-4.270463	-6.049822	-6.049822	-17.43772	-4.626335	-8.185054	-5.338078	-17.08185	-4.626335	-8.185054
24.87	-12.81139	514.6406	-1161.299	-438.0782	7.117439	-1289.754	-507.4733	-267.9716	290.0356	-53.73666	-17.08185	-6.049822	-5.338078	82.91815	-130.605	43.77225	-31.6726	-4.270463	93.95018	-6.049822	-17.43772	-4.626335	-8.185054	-5.338078	82.91815	-4.626335	-8.185054
25.15	-12.81139	-85.35938	639.7012	-238.0782	-92.88256	-388.7544	-207.4733	-167.9716	390.0356	-53.73666	-17.08185	-6.049822	-5.338078	-17.08185	169.395	43.77225	68.3274	-4.270463	-6.049822	-6.049822	-17.43772	-4.626335	-8.185054	-5.338078	-17.08185	-4.626335	-8.185054
25.44	87.18861	1014.641	139.7012	61.92175	107.1174	-889.7544	-107.4733	-467.9716	-309.9644	46.26334	-17.08185	-6.049822	-5.338078	82.91815	-30.60498	-156.2278	68.3274	95.72954	-6.049822	-6.049822	-17.43772	-4.626335	-8.185054	-5.338078	82.91815	-4.626335	-8.185054
25.72	-12.81139	114.6406	139.7012	161.9218	7.117439	-789.7544	-107.4733	332.0284	290.0356	146.2633	-17.08185	-6.049822	-5.338078	-17.08185	-130.605	-256.2278	-31.6726	-4.270463	-6.049822	-6.049822	-17.43772	95.37366	-8.185054	-5.338078	-17.08185	95.37366	-8.185054
26.01	-12.81139	-1185.359	-1861.299	361.9218	7.117439	-588.7544	592.5267	-267.9716	90.03564	-53.73666	-17.08185	-6.049822	-5.338078	-17.08185	-130.605	-156.2278	-31.6726	-4.270463	-6.049822	-6.049822	-17.43772	-4.626335	-8.185054	-5.338078	-17.08185	-4.626335	-8.185054
26.3	-12.81139	214.6406	-1461.299	61.92175	-92.88256	-488.7544	-207.4733	-67.97156	-109.9644	146.2633	82.91815	-6.049822	-5.338078	-17.08185	-30.60498	-56.22775	-31.6726	-4.270463	-6.049822	-6.049822	-17.43772	-4.626335	-8.185054	-5.338078	-17.08185	-4.626335	-8.185054
26.58	-12.81139	1214.641	-761.2988	761.9218	7.117439	511.2456	-607.4733	-267.9716	490.0356	246.2633	-17.08185	-6.049822	-5.338078	-17.08185	-30.60498	143.7722	-31.6726	-4.270463	-6.049822	-6.049822	-17.43772	-4.626335	-8.185054	-5.338078	-17.08185	-4.626335	-8.185054
26.87	-12.81139	-485.3594	-1061.299	161.9218	7.117439	-1189.754	-207.4733	132.0284	390.0356	-53.73666	-17.08185	-6.049822	-5.338078	-17.08185	169.395	-256.2278	-31.6726	95.72954	-6.049822	-6.049822	-17.43772	-4.626335	-8.185054	-5.338078	-17.08185	-4.626335	-8.185054
27.15	-12.81139	-485.3594	-160.2988	-38.07825	7.117439	-1789.754	592.5267	432.0284	-9.964355	146.2633	-17.08185	-6.049822	-5.338078	-17.08185	69.39502	-56.22775	-31.6726	-4.270463	-6.049822	-6.049822	-17.43772	-4.626335	-8.185054	-5.338078	-17.08185	-4.626335	-8.185054
27.43	-12.81139	1714.641	-761.2988	261.9218	107.1174	-1689.754	-207.4733	-167.9716	390.0356	46.26334	-17.08185	-6.049822	-5.338078	-17.08185	-30.60498	143.7722	-31.6726	-4.270463	-6.049822	-6.049822	-17.43772	-4.626335	-8.185054	-5.338078	-17.08185	-4.626335	-8.185054
27.72	-12.81139	-285.3594	-660.2988	361.9218	107.1174	111.2456	92.52673	332.0284	-409.9644	146.2633	-17.08185	-6.049822	-5.338078	-17.08185	-130.605	343.7722	-31.6726	-4.270463	-6.049822	393.9502	-17.43772	-4.626335	-8.185054	-5.338078	-17.08185	-4.626335	-8.185054
28	87.18861	2014.641	-360.2988	361.9218	207.1174	-889.7544	-607.4733	-167.9716	490.0356	-53.73666	-17.08185	-6.049822	-5.338078	-17.08185	169.395	43.77225	68.3274	-4.270463	-6.049822	-6.049822	-17.43772	-4.626335	-8.185054	-5.338078	-17.08185	-4.626335	-8.185054
28.29	-12.81139	-485.3594	-560.2988	-138.0782	-92.88256	-989.7544	92.52673	-167.9716	90.03564	-53.73666	-17.08185	-6.049822	-5.338078	-17.08185	69.39502	-156.2278	-31.6726	-4.270463	-6.049822	-6.049822	-17.43772	-4.626335	-8.185054	-5.338078	-17.08185	-4.626335	-8.185054
28.58	87.18861	414.6406	-961.2988	-138.0782	7.117439	-1289.754	792.5267	132.0284	690.0356	46.26334	-17.08185	-6.049822	-5.338078	-17.08185	-130.605	243.7722	-31.6726	-4.270463	-6.049822	-6.049822	-17.43772	-4.626335	-8.185054	-5.338078	-17.08185	-4.626335	-8.185054
28.86	-12.81139	-585.3594	-1261.299	461.9218	107.1174	-1289.754	192.5267	132.0284	290.0356	-53.73666	-17.08185	-6.049822	-5.338078	-17.08185	69.39502	-56.22775	-31.6726	-4.270463	-6.049822	-6.049822	-17.43772	-4.626335	-8.185054	-5.338078	-17.08185	-4.626335	-8.185054
29.15	-12.81139	-85.35938	-1061.299	-138.0782	107.1174	-1689.754	-407.4733	32.02844	-409.9644	346.2633	-17.08185	-6.049822	-5.338078	-17.08185	69.39502	-156.2278	-31.6726	-4.270463	-6.049822	-6.049822	-17.43772	-4.626335	-8.185054	-5.338078	-17.08185	-4.626335	-8.185054
29.43	-12.81139	1314.641	-961.2988	461.9218	7.117439	-1789.754	-207.4733	32.02844	190.0356	-53.73666	-17.08185	-6.049822	94.66192	-17.08185	169.395	-56.22775	-31.6726	-4.270463	-6.049822	-6.049822	-17.43772	95.37366	-8.185054	94.66192	-17.08185	95.37366	-8.185054
29.71	-12.81139	-685.3594	-2061.299	-138.0782	-92.88256	-288.7544	-307.4733	-167.9716	-309.9644	-53.73666	-17.08185	-6.049822	-5.338078	-17.08185	12572.39	43.77225	-31.6726	-4.270463	-6.049822	-6.049822	-17.43772	-4.626335	-8.185054	-5.338078	-17.08185	-4.626335	-8.185054
30	-12.81139	1714.641	-1161.299	361.9218	-92.88256	-488.7544	-507.4733	32.02844	190.0356	46.26334	-17.08185	-6.049822	-5.338078	-17.08185	-30.60498	43.77225	-31.6726	95.72954	-6.049822	-6.049822	-17.43772	-4.626335	-8.185054	-5.338078	-17.08185	-4.626335	-8.185054
30.28	-12.81139	-785.3594	-160.2988	-238.0782	-92.88256	-2389.754	792.5267	532.0284	90.03564	-53.73666	182.9182	-6.049822	-5.338078	-17.08185	-30.60498	43.77225	-31.6726	-4.270463	-6.049822	-6.049822	-17.43772	-4.626335	-8.185054	-5.338078	-17.08185	-4.626335	-8.185054
30.57	-12.81139	-285.3594	739.7012	-38.07825	-92.88256	-1989.754	-407.4733	532.0284	490.0356	-53.73666	-17.08185	-6.049822	-5.338078	-17.08185	169.395	-156.2278	-31.6726	-4.270463	-6.049822	-6.049822	82.56228	-4.626335	-8.185054	-5.338078	-17.08185	-4.626335	-8.185054
30.85	87.18861	314.6406	-660.2988	61.92175	-92.88256	-1089.754	-507.4733	132.0284	690.0356	246.2633	-17.08185	-6.049822	-5.338078	-17.08185	-30.60498	-156.2278	68.3274	-4.270463	-6.049822	-6.049822	-17.43772	-4.626335	-8.185054	-5.338078	-17.08185	-4.626335	-8.185054
31.14	-12.81139	1214.641	-961.2988	-238.0782	-92.88256	-789.7544	92.52673	-167.9716	390.0356	-53.73666	82.91815	-6.049822	-5.338078	-17.08185	69.39502	-356.2278	-31.6726	-4.270463	-6.049822	-6.049822	-17.43772	-4.626335	91.81495	-5.338078	-17.08185	-4.626335	91.81495
31.42	-12.81139	1914.641	639.7012	-38.07825	-92.88256	-989.7544	692.5267	-367.9716	90.03564	146.2633	-17.08185	-6.049822	-5.338078	-17.08185	269.395	243.7722	-31.6726	-4.270463	-6.049822	-6.049822	-17.43772	-4.626335	-8.185054	-5.338078	-17.08185	-4.626335	-8.185054
31.71	87.18861	914.6406	-2161.299	161.9218	7.117439	-1389.754	-607.4733	132.0284	-9.964355	146.2633	-17.08185	-6.049822	-5.338078	-17.08185	-30.60498	-156.2278	-31.6726	-4.270463	-6.049822	93.95018	-17.43772	-4.626335	-8.185054	-5.338078	-17.08185	-4.626335	-8.185054
31.99	-12.81139	-1386.359	-560.2988	-38.07825	-92.88256	-889.7544	-7.473267	232.0284	290.0356	-53.73666	82.91815	-6.049822	-5.338078	-17.08185	-30.60498	-56.22775	68.3274	-4.270463	-6.049822	93.95018	-17.43772	-4.626335	-8.185054	-5.338078	-17.08185	-4.626335	-8.185054
32.28	-12.81139	414.6406	-1161.299	-238.0782	7.117439	-989.7544	-607.4733	232.0284	290.0356	-53.73666	-17.08185	-6.049822	-5.338078	-17.08185	-30.60498	-56.22775	-31.6726	-4.270463	-6.049822	-6.049822	-17.43772	-4.626335	-8.185054	-5.338078	-17.08185	-4.626335	-8.185054
32.56	-12.81139	614.6406	-1261.299	-438.0782	-92.88256	-488.7544	292.5267	132.0284	-309.9644	46.26334	-17.08185	-6.049822	-5.338078	-17.08185	-30.60498	-56.22775	-31.6726	-4.270463	93.95018	-6.049822	-17.43772	-4.626335	-8.185054	-5.338078	-17.08185	-4.626335	-8.185054
32.85	87.18861	14.64062	339.7012	61.92175	7.117439	111.2456	-507.4733	-267.9716	790.0356	-53.73666	-17.08185	93.95018	-5.338078	-17.08185	69.39502	-56.22775	68.3274	-4.270463	93.95018	-6.049822	-17.43772	-4.626335	-8.185054	-5.338078	-17.08185	-4.626335	-8.185054
33.13	-12.81139	214.6406	-660.2988	-338.0782	-92.88256	11.24561	-507.4733	332.0284	90.03564	146.2633	-17.08185	-6.049822	-5.338078	-17.08185	69.39502	-56.22775	-31.6726	-4.270463	-6.049822	-6.049822	-17.43772	-4.626335	-8.185054	-5.338078	-17.08185	-4.626335	-8.185054
33.42	-12.81139	214.6406	-861.2988	-338.0782	107.1174	-1289.754	192.5267	132.0284	390.0356	-53.73666	-17.08185	-6.049822	-5.338078	-17.08185	69.39502	-156.2278	-31.6726	-4.270463	-6.049822	-6.049822	-17.43772	-4.626335	-8.185054	-5.338078	-17.08185	-4.626335	-8.185054
33.7	-12.81139	14.64062	-1561.299	-338.0782	-92.88256	-588.7544	-607.4733	332.0284	290.0356	-53.73666	-17.08185	-6.049822	-5.338078	182.9182	-130.605	-256.2278	-31.6726	-4.270463	-6.049822	-6.049822	-17.43772	-4.626335	-8.185054	-5.338078	182.9182	-4.626335	-8.185054
33.99	87.18861	14.64062	-360.2988	261.9218	-92.88256	-1889.754	-507.4733	432.0284	-409.9644	-53.73666	-17.08185	-6.049822	-5.338078	-17.08185	169.395	-56.22775	-31.6726	-4.270463	-6.049822	-6.049822	-17.43772	-4.626335	-8.185054	-5.338078	-17.08185	-4.626335	-8.185054
34.27	87.18861	2415.641	239.7012	2261.922	707.1174	-288.7544	1292.527	132.0284	790.0356	1046.263	2982.918	93.95018	-5.338078	-17.08185	1.718727e+07	3.753926e+07	168.3274	195.7295	-6.049822	7094.95	7483.562	-4.626335	491.8149	-5.338078	-17.08185	-4.626335	491.8149
34.56	187.1886	8117.641	-160.2988	12865.92	2307.117	-188.7544	4293.527	332.0284	1490.036	1846.263	13686.92	93.95018	-5.338078	382.9182	4.753918e+07	1.221494e+08	868.3274	695.7296	-6.049822	7894.95	11785.56	-4.626335	91.81495	-5.338078	382.9182	-4.626335	91.81495
34.85	787.1886	12120.64	1239.701	25175.92	6808.118	1611.246	8394.526	1632.028	2190.036	6147.263	26796.92	193.9502	-5.338078	982.9182	7.656772e+07	2.403226e+08	868.3274	1195.729	93.95018	10595.95	8684.562	-4.626335	791.8149	-5.338078	982.9182	-4.626335	791.8149
35.13	1687.189	20327.64	539.7012	30581.92	10809.12	211.2456	19401.53	1732.028	1490.036	4946.263	36809.92	93.95018	-5.338078	1282.918	9.508669e+07	2.863977e+08	1068.327	1995.729	-6.049822	18800.95	8483.562	-4.626335	191.8149	-5.338078	1282.918	-4.626335	191.8149
35.42	2387.189	98332.64	2239.701	30881.92	13911.12	3112.246	27710.53	2532.028	2690.036	4546.263	41617.92	793.9502	-5.338078	782.9182	1.022629e+08	2.683678e+08	968.3274	2095.729	193.9502	30011.95	11185.56	95.37366	491.8149	-5.338078	782.9182	95.37366	491.8149
35.71	4187.188	176983.6	1239.701	31582.92	16913.12	8714.246	40127.53	2232.028	3691.036	4446.263	44221.92	893.9502	-5.338078	582.9182	1.10108e+08	2.964146e+08	468.3274	3595.729	93.95018	50544.95	10384.56	95.37366	591.8149	-5.338078	582.9182	95.37366	591.8149
35.99	5688.188	179199.6	1339.701	34486.92	19815.12	6913.246	58966.53	1532.028	3691.036	5147.263	48229.92	1293.95	-5.338078	1082.918	1.217183e+08	2.98418e+08	668.3274	3995.729	193.9502	77011.95	10684.56	-4.626335	991.8149	-5.338078	1082.918	-4.626335	991.8149
36.28	7588.188	245475.6	1239.701	49512.92	16613.12	11516.25	64280.53	2032.028	2490.036	5947.263	63162.92	2593.95	-5.338078	1882.918	1.256016e+08	3.12442e+08	1268.327	5296.729	193.9502	93769.95	11185.56	-4.626335	491.8149	-5.338078	1882.918	-4.626335	491.8149
36.56	8288.188	262855.6	2940.701	53721.92	17013.12	7814.246	64580.53	932.0284	4091.036	6647.263	62660.92	2793.95	-5.338078	1582.918	1.27048e+08	3.404912e+08	768.3274	4395.729	93.95018	93267.95	10684.56	95.37366	591.8149	-5.338078	1582.918	95.37366	591.8149
36.85	8689.188	280348.6	2139.701	66853.92	12910.12	10815.25	72202.52	1332.028	4291.036	6147.263	70381.92	1993.95	-5.338078	2582.918	1.314638e+08	3.505092e+08	268.3274	5096.729	593.9502	79720.95	13185.56	-4.626335	691.8149	-5.338078	2582.918	-4.626335	691.8149
37.14	7288.188	220740.6	3040.701	74274.92	12410.12	10615.25	79324.52	2632.028	3991.036	6347.263	69980.92	2693.95	94.66192	3282.918	1.314199e+08	3.264664e+08	768.3274	5096.729	193.9502	64476.95	13786.56	-4.626335	1591.815	94.66192	3282.918	-4.626335	1591.815
37.42	5988.188	170537.6	3940.701	79892.92	11410.12	6013.246	48142.53	1732.028	3390.036	6647.263	67172.92	2193.95	-5.338078	2882.918	1.266535e+08	3.645347e+08	668.3274	3795.729	-6.049822	58060.95	11585.56	-4.626335	691.8149	-5.338078	2882.918	-4.626335	691.8149
37.71	9089.188	155737.6	4240.701	84607.92	14211.12	8514.246	61372.53	1932.028	2390.036	6447.263	68075.92	1793.95	-5.338078	3082.918	1.347572e+08	3.665384e+08	868.3274	6196.729	93.95018	47037.95	10684.56	-4.626335	1091.815	-5.338078	3082.918	-4.626335	1091.815
37.99	8188.188	159965.6	3440.701	85611.92	12410.12	11616.25	68591.52	2332.028	4291.036	6947.263	69679.92	1693.95	-5.338078	3282.918	1.399156e+08	3.565201e+08	1068.327	6896.729	93.95018	45835.95	12185.56	-4.626335	491.8149	-5.338078	3282.918	-4.626335	491.8149
38.28	8588.188	219327.6	2839.701	79691.92	15312.12	14118.25	89760.52	2432.028	4591.036	7747.263	67774.92	1493.95	-5.338078	2982.918	1.368519e+08	3.90583e+08	568.3274	5196.729	393.9502	45635.95	12385.56	-4.626335	1091.815	-5.338078	2982.918	-4.626335	1091.815
38.57	6888.188	202986.6	1939.701	65048.92	18714.12	14118.25	91265.52	2132.028	3991.036	7547.263	59453.92	1993.95	-5.338078	1682.918	1.336444e+08	4.286562e+08	968.3274	4295.729	93.95018	41928.95	11685.56	-4.626335	1491.815	-5.338078	1682.918	-4.626335	1491.815
38.85	7288.188	133604.6	2139.701	68859.92	16212.12	12016.25	99497.52	3632.028	3290.036	9248.264	58049.92	1693.95	-5.338078	1882.918	1.342886e+08	3.68542e+08	1368.327	3895.729	93.95018	46336.95	12885.56	95.37366	1591.815	-5.338078	1882.918	95.37366	1591.815
39.13	5588.188	139638.6	4240.701	73171.92	12510.12	8714.246	65082.53	1732.028	3591.036	13750.26	52036.92	1793.95	-5.338078	1482.918	1.374967e+08	3.505092e+08	2068.327	2495.729	193.9502	49943.95	13986.56	-4.626335	2491.815	-5.338078	1482.918	-4.626335	2491.815
39.42	3987.189	118424.6	3240.701	86715.92	10709.12	8914.246	64280.53	3032.028	5191.036	16351.26	47728.92	993.9502	-5.338078	2582.918	1.330589e+08	3.12442e+08	2868.327	2595.729	93.95018	43331.95	11285.56	-4.626335	1991.815	-5.338078	2582.918	-4.626335	1991.815
39.71	4087.189	110787.6	4640.701	93740.92	7208.118	4112.246	60670.53	2032.028	3390.036	18353.26	51535.92	1293.95	-5.338078	3582.918	1.290359e+08	3.224594e+08	2968.327	2495.729	193.9502	43831.95	10084.56	-4.626335	1891.815	-5.338078	3582.918	-4.626335	1891.815
39.99	2487.189	112897.6	3440.701	120054.9	5308.118	3112.246	70196.52	1332.028	3791.036	24658.26	54942.92	1293.95	194.6619	2782.918	1.3864e+08	3.665384e+08	3368.327	1395.729	93.95018	48039.95	9384.562	95.37366	3991.815	194.6619	2782.918	95.37366	3991.815
40.28	1387.189	157750.6	2739.701	140561.9	4707.118	4112.246	76013.52	3532.028	4491.036	24058.26	56546.92	693.9502	-5.338078	3982.918	1.337762e+08	3.364841e+08	4068.327	2095.729	193.9502	54051.95	12085.56	-4.626335	4291.815	-5.338078	3982.918	-4.626335	4291.815
40.57	1287.189	153120.6	4240.701	150620.9	3707.117	1911.246	63778.53	2532.028	3491.036	31065.26	60756.92	793.9502	-5.338078	4182.918	1.371596e+08	3.845718e+08	5269.328	2295.729	93.95018	59464.95	10284.56	95.37366	5092.815	-5.338078	4182.918	95.37366	5092.815
40.85	2087.189	144064.6	2940.701	173468.9	2007.117	2411.246	64580.53	2032.028	5691.036	38075.26	68676.92	993.9502	-5.338078	2882.918	1.398423e+08	3.885793e+08	4968.328	2095.729	193.9502	61468.95	11084.56	-4.626335	6992.815	-5.338078	2882.918	-4.626335	6992.815
41.14	1487.189	128677.6	2539.701	170447.9	3007.117	2311.246	69494.52	2132.028	4091.036	37975.26	65768.92	793.9502	94.66192	3282.918	1.412504e+08	3.945906e+08	5469.328	2495.729	93.95018	58762.95	14486.56	-4.626335	8092.815	94.66192	3282.918	-4.626335	8092.815
41.42	1387.189	134710.6	1139.701	198958.9	3907.117	911.2456	66285.52	2932.028	3891.036	42783.26	68576.92	1093.95	-5.338078	5183.918	1.396077e+08	3.765569e+08	4168.328	2995.729	93.95018	66080.95	10984.56	-4.626335	6692.815	-5.338078	5183.918	-4.626335	6692.815
41.71	1987.189	137828.6	3140.701	195934.9	2307.117	1811.246	67488.52	2732.028	2890.036	42783.26	74894.92	793.9502	-5.338078	4182.918	1.414265e+08	3.605274e+08	4568.328	3395.729	93.95018	56757.95	12585.56	-4.626335	8192.815	-5.338078	4182.918	-4.626335	8192.815
42	3187.189	164193.6	3440.701	223565.9	2907.117	111.2456	68692.52	3232.028	4991.036	44385.26	88438.92	993.9502	-5.338078	4082.918	1.332204e+08	3.485056e+08	5469.328	3695.729	193.9502	54653.95	10484.56	-4.626335	6792.815	-5.338078	4082.918	-4.626335	6792.815
42.28	3187.189	177185.6	3740.701	212065.9	1807.117	911.2456	69895.52	3232.028	4191.036	40879.26	83421.92	593.9502	-5.338078	3482.918	1.292432e+08	3.585237e+08	3868.327	3395.729	93.95018	52749.95	14086.56	95.37366	4591.815	-5.338078	3482.918	95.37366	4591.815
42.57	4987.188	160971.6	3840.701	175986.9	7908.118	711.2456	61071.53	1732.028	2990.036	35371.26	80913.92	1393.95	-5.338078	3882.918	1.453459e+08	4.106212e+08	3068.327	2495.729	-6.049822	53751.95	11385.56	-4.626335	4691.815	-5.338078	3882.918	-4.626335	4691.815
42.85	5888.188	146378.6	2639.701	133321.9	15412.12	1011.246	49344.53	2332.028	3791.036	25459.26	69478.92	1393.95	-5.338078	2182.918	1.333809e+08	3.845718e+08	3168.327	3695.729	93.95018	54653.95	12785.56	95.37366	2191.815	-5.338078	2182.918	95.37366	2191.815
43.14	7488.188	121238.6	5641.701	113222.9	21416.12	2211.246	40929.53	2632.028	3290.036	17552.26	57548.92	593.9502	-5.338078	2082.918	1.296061e+08	3.224594e+08	2068.327	1595.729	93.95018	60366.95	10584.56	-4.626335	2591.815	-5.338078	2082.918	-4.626335	2591.815
43.42	15592.19	92408.64	5641.701	93038.92	35132.12	1711.246	34519.53	3432.028	3290.036	17852.26	57248.92	1893.95	-5.338078	1182.918	1.420868e+08	3.485056e+08	3068.327	2995.729	93.95018	64977.95	10784.56	-4.626335	1891.815	-5.338078	1182.918	-4.626335	1891.815
43.71	19495.19	87087.64	2639.701	83805.92	44948.12	2111.246	26708.53	2132.028	4491.036	14650.26	55043.92	993.9502	-5.338078	282.9182	1.367054e+08	3.32477e+08	1068.327	2395.729	-6.049822	67484.95	12085.56	-4.626335	2191.815	-5.338078	282.9182	-4.626335	2191.815
44	17593.19	63711.64	1439.701	72068.92	45148.12	1611.246	29211.53	2532.028	3090.036	13550.26	53439.92	1593.95	-5.338078	1682.918	1.313028e+08	3.384877e+08	1468.327	1695.729	93.95018	60466.95	13486.56	-4.626335	2291.815	-5.338078	1682.918	-4.626335	2291.815
44.28	19294.19	58998.64	3540.701	76882.92	42143.12	1411.246	26708.53	1732.028	3290.036	19053.26	50132.92	1393.95	-5.338078	1782.918	1.312297e+08	3.605274e+08	1968.327	2795.729	93.95018	64576.95	12285.56	-4.626335	1491.815	-5.338078	1782.918	-4.626335	1491.815
44.57	15292.19	45066.64	3540.701	82902.92	33129.12	-789.7544	29011.53	2932.028	3090.036	22556.26	55844.92	593.9502	-5.338078	1382.918	1.403263e+08	3.2847e+08	2068.327	1195.729	293.9502	69088.95	11585.56	-4.626335	2391.815	-5.338078	1382.918	-4.626335	2391.815
44.86	12890.19	38453.64	4340.701	91030.92	26721.12	1211.246	32516.53	1932.028	3390.036	23457.26	53339.92	1593.95	-5.338078	2282.918	1.317125e+08	3.184524e+08	2768.327	1795.729	193.9502	57158.95	10384.56	-4.626335	2991.815	-5.338078	2282.918	-4.626335	2991.815
45.14	10789.19	39355.64	2239.701	84708.92	19815.12	111.2456	32215.53	2832.028	3390.036	31466.26	53740.92	1093.95	-5.338078	2782.918	1.630508e+08	4.066135e+08	2468.327	2295.729	93.95018	64376.95	10484.56	95.37366	3391.815	-5.338078	2782.918	95.37366	3391.815
45.43	11190.19	35748.64	2639.701	81397.92	15612.12	111.2456	37122.53	3232.028	4591.036	34670.26	57348.92	393.9502	-5.338078	3982.918	1.405903e+08	3.765569e+08	3368.327	1295.729	293.9502	63173.95	11585.56	-4.626335	3791.815	-5.338078	3982.918	-4.626335	3791.815
45.72	7188.188	84177.64	4940.701	75979.92	12810.12	-88.75439	38625.53	1932.028	3390.036	35772.26	55644.92	593.9502	-5.338078	2582.918	1.332931e+08	3.525128e+08	2568.327	2195.729	-6.049822	74404.95	12885.56	-4.626335	4491.815	-5.338078	2582.918	-4.626335	4491.815
46	6588.188	27236.64	2339.701	66251.92	12110.12	-388.7544	42031.53	3532.028	4191.036	41280.26	52337.92	893.9502	-5.338078	4982.918	1.373501e+08	3.62531e+08	4468.328	1495.729	-6.049822	97483.95	10484.56	-4.626335	4991.815	-5.338078	4982.918	-4.626335	4991.815
46.29	7688.188	31742.64	3440.701	66452.92	9409.117	611.2456	39626.53	2232.028	3891.036	43885.26	55043.92	893.9502	-5.338078	4382.918	1.32971e+08	3.62531e+08	3868.327	2795.729	-6.049822	121288	11585.56	-4.626335	6292.815	-5.338078	4382.918	-4.626335	6292.815
46.57	5288.188	34146.64	3940.701	65750.92	7308.118	511.2456	52050.53	2532.028	3591.036	50697.26	56947.92	593.9502	-5.338078	4582.918	1.473439e+08	3.785605e+08	3668.327	1995.729	-6.049822	176414	11385.56	95.37366	7492.815	-5.338078	4582.918	95.37366	7492.815
46.86	7188.188	41459.64	2539.701	63544.92	5908.118	511.2456	51449.53	3832.028	3591.036	54105.26	65067.92	593.9502	-5.338078	5483.918	1.292432e+08	3.845718e+08	3568.327	2195.729	-6.049822	195556	11385.56	-4.626335	6292.815	-5.338078	5483.918	-4.626335	6292.815
47.15	7688.188	41359.64	2940.701	67354.92	5408.118	1111.246	48042.53	2832.028	3290.036	52902.26	54942.92	793.9502	-5.338078	5383.918	1.376872e+08	3.805643e+08	2468.327	2195.729	-6.049822	222076	11385.56	-4.626335	5292.815	-5.338078	5383.918	-4.626335	5292.815
47.43	13090.19	44665.64	3140.701	72369.92	4807.118	311.2456	51048.53	2132.028	2990.036	46890.26	57548.92	1393.95	-5.338078	3982.918	1.290212e+08	3.605274e+08	2668.327	2795.729	-6.049822	229543	12985.56	95.37366	6792.815	-5.338078	3982.918	95.37366	6792.815
47.72	17993.19	37552.64	2139.701	73472.92	5008.118	-588.7544	47741.53	3032.028	3791.036	50998.26	58751.92	1693.95	-5.338078	3082.918	1.279395e+08	3.485056e+08	4268.328	2695.729	193.9502	233479	11785.56	-4.626335	4091.815	-5.338078	3082.918	-4.626335	4091.815
48	22497.19	41960.64	3340.701	63845.92	6008.118	511.2456	39727.53	3732.028	3591.036	40479.26	56446.92	2093.95	-5.338078	3382.918	1.279249e+08	3.62531e+08	3768.327	2295.729	93.95018	211182	12285.56	-4.626335	5992.815	-5.338078	3382.918	-4.626335	5992.815
48.29	22797.19	33745.64	2739.701	54322.92	8909.117	311.2456	39426.53	2332.028	2790.036	38576.26	58851.92	1293.95	-5.338078	3082.918	1.292698e+08	3.545164e+08	3668.327	2195.729	-6.049822	179939	12685.56	-4.626335	4391.815	-5.338078	3082.918	-4.626335	4391.815
48.58	18994.19	28337.64	2539.701	53520.92	9509.117	1111.246	38625.53	3332.028	3090.036	32768.26	59052.92	1793.95	-5.338078	2882.918	1.447584e+08	3.705457e+08	4268.328	1695.729	193.9502	200797	12985.56	-4.626335	4591.815	-5.338078	2882.918	-4.626335	4591.815
48.86	19595.19	32243.64	3240.701	48009.92	10409.12	1011.246	37623.53	2532.028	2890.036	36172.26	50232.92	1693.95	-5.338078	4682.918	1.312318e+08	4.046097e+08	4868.328	1095.729	293.9502	157388	12185.56	-4.626335	4491.815	-5.338078	4682.918	-4.626335	4491.815
49.15	23898.19	26034.64	2139.701	49011.92	14011.12	811.2456	38525.53	2632.028	3591.036	29163.26	57749.92	1393.95	-5.338078	3082.918	1.3221e+08	3.945906e+08	6269.328	1595.729	-6.049822	138074	12285.56	-4.626335	5292.815	-5.338078	3082.918	-4.626335	5292.815
49.44	28703.19	27636.64	1939.701	51917.92	32428.12	1311.246	40027.53	3032.028	3791.036	29864.26	56746.92	1893.95	-5.338078	2582.918	1.395197e+08	3.645347e+08	3168.327	1995.729	93.95018	122091	12085.56	-4.626335	4191.815	-5.338078	2582.918	-4.626335	4191.815
49.72	32608.19	22930.64	2439.701	50715.92	55569.12	-188.7544	37022.53	2132.028	2990.036	25960.26	61157.92	1493.95	-5.338078	3282.918	1.318881e+08	3.705457e+08	3168.327	2195.729	93.95018	108529	12785.56	-4.626335	4891.815	-5.338078	3282.918	-4.626335	4891.815
50.01	37916.19	32043.64	3440.701	56527.92	100810.1	811.2456	35820.53	2732.028	3491.036	27461.26	59553.92	1593.95	-5.338078	3082.918	1.281295e+08	3.404912e+08	4468.328	1995.729	293.9502	107525	12385.56	-4.626335	3791.815	-5.338078	3082.918	-4.626335	3791.815
50.3	46029.19	106266.6	3140.701	55826.92	123512.1	-188.7544	34218.53	1932.028	2890.036	23557.26	63462.92	1893.95	-5.338078	2982.918	1.337615e+08	3.424948e+08	3368.327	2595.729	93.95018	103709	10084.56	-4.626335	4291.815	-5.338078	2982.918	-4.626335	4291.815
50.58	54847.19	24732.64	3140.701	57129.92	147843.1	-889.7544	32816.53	3732.028	2990.036	22256.26	63964.92	6294.95	-5.338078	1782.918	1.26259e+08	3.344805e+08	2968.327	2195.729	493.9502	154671	11385.56	95.37366	4191.815	-5.338078	1782.918	95.37366	4191.815
50.87	58355.19	43262.64	2639.701	55926.92	177435.1	411.2456	26708.53	1232.028	2390.036	17252.26	68476.92	21002.95	-5.338078	1982.918	1.315662e+08	3.985982e+08	2968.327	3495.729	1493.95	282885.9	12585.56	-4.626335	4891.815	-5.338078	1982.918	-4.626335	4891.815
51.15	90651.19	221951.6	1739.701	55024.92	263085.1	611.2456	31314.53	2532.028	3891.036	15751.26	82217.92	64877.95	194.6619	1882.918	1.093574e+08	3.68542e+08	3168.327	4195.729	2993.95	480670.9	12085.56	195.3737	5392.815	194.6619	1882.918	195.3737	5392.815
51.44	94465.19	276302.6	2439.701	50013.92	285630.1	1711.246	30213.53	2032.028	4091.036	14750.26	81414.92	72999.95	-5.338078	1782.918	1.352698e+08	3.2847e+08	4068.327	3895.729	5194.95	705098.9	12685.56	-4.626335	6792.815	-5.338078	1782.918	-4.626335	6792.815
51.73	116759.2	401209.6	3740.701	42399.92	350346.1	3612.246	29812.53	3232.028	2790.036	13950.26	96267.92	113752	-5.338078	882.9182	1.354309e+08	3.785605e+08	2268.327	4995.729	5194.95	1111360	11084.56	195.3737	10993.82	-5.338078	882.9182	195.3737	10993.82
52.01	113544.2	460024.6	4540.701	41197.92	360895.1	4112.246	37323.53	2032.028	2790.036	13350.26	91148.92	117168	-5.338078	1282.918	1.32049e+08	3.68542e+08	2568.327	4795.729	4093.95	1197714	11985.56	-4.626335	9093.815	-5.338078	1282.918	-4.626335	9093.815
52.3	119572.2	359978.6	3940.701	39995.92	359779.1	9615.246	39025.53	1732.028	4991.036	10448.26	92252.92	135259	-5.338078	882.9182	1.377019e+08	3.2847e+08	2968.327	5296.729	4293.95	1487785	13386.56	-4.626335	9393.815	-5.338078	882.9182	-4.626335	9393.815
52.58	110129.2	373579.6	3140.701	31582.92	323589.1	6213.246	35820.53	1932.028	4691.036	9548.264	85628.92	119680	-5.338078	1082.918	1.213681e+08	3.364841e+08	1768.327	4895.729	4393.95	1494679	11885.56	195.3737	10593.82	-5.338078	1082.918	195.3737	10593.82
52.87	115353.2	220034.6	3140.701	30281.92	280574.1	10615.25	31915.53	1732.028	1690.036	7847.263	95665.92	132947	-5.338078	582.9182	1.46477e+08	4.36672e+08	768.3274	6096.729	4293.95	1920750	10484.56	95.37366	10893.82	-5.338078	582.9182	95.37366	10893.82
53.16	140380.2	225281.6	3240.701	29279.92	244902.1	6113.246	33217.53	1832.028	3491.036	8447.264	98877.92	147327	-5.338078	182.9182	1.388159e+08	3.444984e+08	1468.327	5296.729	3593.95	1818835	12885.56	-4.626335	12594.82	-5.338078	182.9182	-4.626335	12594.82
53.44	146113.2	224373.6	5340.701	22072.92	224915.1	6313.246	32015.53	1432.028	3791.036	6847.263	106207.9	145013	-5.338078	682.9182	1.352844e+08	3.585237e+08	1968.327	6796.729	2293.95	2036278	10484.56	-4.626335	11794.82	-5.338078	682.9182	-4.626335	11794.82
53.73	149935.2	145171.6	3540.701	22772.92	207969.1	4712.246	25107.53	3032.028	2890.036	6847.263	100584.9	134656	-5.338078	282.9182	1.345668e+08	3.805643e+08	2268.327	5696.729	4193.95	2008240	13486.56	195.3737	13895.82	-5.338078	282.9182	195.3737	13895.82
54.01	150036.2	120233.6	3340.701	23073.92	190632.1	5212.246	23905.53	2932.028	2290.036	4746.263	110024.9	117972	-5.338078	682.9182	1.368226e+08	4.106212e+08	2068.327	7096.729	3893.95	2106776	11985.56	-4.626335	15496.82	-5.338078	682.9182	-4.626335	15496.82
54.3	161809.2	167113.6	4040.701	24874.92	171997.1	9214.246	32816.53	2632.028	3991.036	8147.263	108216.9	104211	-5.338078	282.9182	1.391238e+08	4.246484e+08	3268.327	6096.729	3593.95	2199798	11685.56	-4.626335	16897.81	-5.338078	282.9182	-4.626335	16897.81
54.59	144805.2	216099.6	1639.701	16767.92	144524.1	13217.25	37122.53	2332.028	4091.036	6647.263	109823.9	93367.95	394.6619	782.9182	1.334248e+08	3.444984e+08	2768.327	4195.729	3693.95	2081049	12085.56	195.3737	17097.81	394.6619	782.9182	195.3737	17097.81
54.87	137665.2	339793.6	939.7012	18369.92	130849.1	10215.25	53052.53	2432.028	4791.036	5847.263	102893.9	81726.95	-5.338078	182.9182	1.423656e+08	3.505092e+08	2268.327	7096.729	5394.95	2176375	12985.56	-4.626335	17397.81	-5.338078	182.9182	-4.626335	17397.81
55.16	143297.2	429175.6	3040.701	15767.92	122507.1	13217.25	41229.53	2432.028	3090.036	8447.264	110225.9	92966.95	-5.338078	482.9182	1.416612e+08	4.046097e+08	2568.327	5696.729	5894.95	2249110	12385.56	-4.626335	17397.81	-5.338078	482.9182	-4.626335	17397.81
55.44	130627.2	395823.6	2439.701	17168.92	98802.12	12116.25	35019.53	2432.028	3791.036	5047.263	102893.9	79620.95	-5.338078	182.9182	1.212888e+08	3.845718e+08	2968.327	4595.729	6294.95	2154061	13586.56	195.3737	17197.81	-5.338078	182.9182	195.3737	17197.81
55.73	142995.2	295525.6	2039.701	16467.92	98702.12	32439.25	39426.53	2932.028	2090.036	5147.263	111329.9	87646.95	-5.338078	282.9182	1.374234e+08	3.985982e+08	3968.327	4695.729	7594.95	2340450	11985.56	295.3737	19499.81	-5.338078	282.9182	295.3737	19499.81
56.02	159897.2	235982.6	1739.701	17368.92	88163.12	42957.25	33717.53	2232.028	4691.036	4646.263	118462.9	92363.95	-5.338078	382.9182	1.417346e+08	3.585237e+08	3168.327	6296.729	5994.95	2345930	13185.56	395.3737	22401.81	-5.338078	382.9182	395.3737	22401.81
56.3	154865.2	203995.6	1739.701	14966.92	82644.12	44059.25	30613.53	1632.028	2790.036	4546.263	110325.9	86442.95	-5.338078	282.9182	1.36471e+08	3.705457e+08	4268.328	5496.729	6794.95	2379819	11685.56	95.37366	18598.81	-5.338078	282.9182	95.37366	18598.81
56.59	148426.2	353180.6	1339.701	11464.92	86758.12	102946.2	33417.53	2132.028	4291.036	4846.263	108618.9	86242.95	-5.338078	582.9182	1.307177e+08	3.845718e+08	2068.327	4095.729	4193.95	2944895	11485.56	495.3737	15596.82	-5.338078	582.9182	495.3737	15596.82
56.87	141486.2	400294.6	2539.701	12865.92	73816.12	115001.2	34318.53	2232.028	3891.036	4546.263	92553.92	69790.95	-5.338078	282.9182	1.176497e+08	3.084351e+08	2368.327	4895.729	5494.95	2827982	7283.562	195.3737	18498.81	-5.338078	282.9182	195.3737	18498.81
57.16	120075.2	376828.6	2639.701	10164.92	82844.12	97824.24	31614.53	1432.028	3290.036	3246.263	85327.92	62972.95	-5.338078	482.9182	1.167316e+08	3.144455e+08	2868.327	3395.729	3893.95	2144815	7183.562	-4.626335	14395.82	-5.338078	482.9182	-4.626335	14395.82
57.45	100489.2	289453.6	4740.701	9263.922	81038.12	62102.25	27409.53	2032.028	3791.036	3646.263	76098.92	50444.95	94.66192	82.91815	1.113008e+08	3.2847e+08	2568.327	3795.729	3793.95	1712612	9384.562	-4.626335	13895.82	94.66192	82.91815	-4.626335	13895.82
57.73	95268.19	301902.6	2239.701	12765.92	109246.1	51576.25	25807.53	1632.028	3691.036	4846.263	71284.92	44132.95	-5.338078	582.9182	1.109517e+08	3.184524e+08	1368.327	2995.729	3693.95	1506349	10784.56	295.3737	10793.82	-5.338078	582.9182	295.3737	10793.82
58.02	104907.2	333711.6	3340.701	14766.92	121904.1	43358.25	31114.53	1832.028	3991.036	6847.263	73991.92	37421.95	-5.338078	582.9182	1.10268e+08	3.064316e+08	1468.327	2595.729	3193.95	1270056	9384.562	95.37366	11694.82	-5.338078	582.9182	95.37366	11694.82
58.3	110933.2	254871.6	2940.701	21671.92	124215.1	37848.25	33818.53	1732.028	4491.036	7947.263	76700.92	37521.95	-5.338078	282.9182	1.113008e+08	2.723744e+08	2968.327	4595.729	3093.95	1165440	10384.56	195.3737	14895.82	-5.338078	282.9182	195.3737	14895.82
58.59	120879.2	293602.6	2539.701	26276.92	160622.1	29335.25	41530.53	2332.028	3491.036	10348.26	88438.92	42830.95	-5.338078	782.9182	1.253241e+08	3.164489e+08	3168.327	4395.729	2393.95	1160415	10784.56	195.3737	13194.82	-5.338078	782.9182	195.3737	13194.82
58.87	134548.2	281764.6	1639.701	32083.92	190430.1	23227.25	47541.53	2032.028	3190.036	13750.26	93256.92	33415.95	94.66192	1382.918	1.305129e+08	3.404912e+08	2668.327	3895.729	2493.95	974108.9	10784.56	-4.626335	14595.82	94.66192	1382.918	-4.626335	14595.82
59.16	134649.2	279438.6	3640.701	43601.92	230465.1	15319.25	42131.53	1732.028	2990.036	19053.26	88137.92	26207.95	94.66192	1282.918	1.351965e+08	3.384877e+08	4168.328	3495.729	1393.95	738543.9	9684.562	-4.626335	11394.82	94.66192	1282.918	-4.626335	11394.82
59.45	136760.2	258206.6	2039.701	47107.92	262681.1	13617.25	36822.53	1732.028	3290.036	21956.26	92352.92	20201.95	-5.338078	1482.918	1.206679e+08	3.364841e+08	2768.327	2895.729	1693.95	581785.9	11885.56	95.37366	11794.82	-5.338078	1482.918	95.37366	11794.82
59.73	129723.2	163186.6	2239.701	51717.92	292813.1	10215.25	29412.53	1932.028	4191.036	22156.26	90345.92	16899.95	-5.338078	1982.918	1.279541e+08	3.424948e+08	3568.327	3595.729	2593.95	433723.9	15487.56	-4.626335	11294.82	-5.338078	1982.918	-4.626335	11294.82
60.02	129120.2	146781.6	2639.701	64046.92	343654.1	9315.246	34018.53	2432.028	4091.036	29964.26	99881.92	13997.95	-5.338078	1582.918	1.354309e+08	3.384877e+08	3468.327	3795.729	1593.95	393973.9	18889.56	-4.626335	8392.815	-5.338078	1582.918	-4.626335	8392.815
60.3	127913.2	108979.6	2339.701	67956.92	340410.1	13517.25	35019.53	1732.028	2790.036	34069.26	100484.9	11596.95	-5.338078	2582.918	1.371889e+08	3.2847e+08	3468.327	4195.729	993.9502	326410.9	15487.56	-4.626335	11994.82	-5.338078	2582.918	-4.626335	11994.82
60.59	119271.2	94918.64	2139.701	71967.92	344161.1	6013.246	31915.53	2232.028	2990.036	34470.26	88338.92	10095.95	-5.338078	3282.918	1.40649e+08	3.745531e+08	3268.327	3995.729	893.9502	269740.9	15487.56	-4.626335	12094.82	-5.338078	3282.918	-4.626335	12094.82
60.88	115252.2	112294.6	1839.701	78186.92	333113.1	5513.246	33517.53	2532.028	3591.036	31966.26	97873.92	6794.95	-5.338078	1682.918	1.315076e+08	3.62531e+08	3968.327	2295.729	1093.95	257716	16187.56	-4.626335	11694.82	-5.338078	1682.918	-4.626335	11694.82
61.16	117261.2	62207.64	3540.701	85812.92	322171.1	4012.246	34519.53	2232.028	4791.036	39077.26	89642.92	7094.95	-5.338078	2682.918	1.329857e+08	3.505092e+08	3568.327	3195.729	893.9502	209972	14486.56	-4.626335	13495.82	-5.338078	2682.918	-4.626335	13495.82
61.45	109426.2	56392.64	3440.701	100165.9	309917.1	611.2456	32315.53	2232.028	4891.036	45487.26	87435.92	5894.95	94.66192	3882.918	1.3609e+08	3.565201e+08	3868.327	2695.729	393.9502	193440	13986.56	-4.626335	11594.82	94.66192	3882.918	-4.626335	11594.82
61.74	105911.2	64213.64	3040.701	95547.92	281686.1	3512.246	32315.53	1932.028	3090.036	47591.26	100484.9	6194.95	-5.338078	2282.918	1.309956e+08	3.545164e+08	3268.327	3095.729	493.9502	201906	13286.56	95.37366	12494.82	-5.338078	2282.918	95.37366	12494.82
62.02	104103.2	42360.64	2239.701	104684.9	268340.1	911.2456	29812.53	2932.028	2690.036	39577.26	96066.92	5294.95	-5.338078	2282.918	1.33659e+08	3.505092e+08	2568.327	3095.729	693.9502	195757	14286.56	-4.626335	11794.82	-5.338078	2282.918	-4.626335	11794.82
62.31	96172.19	41258.64	1539.701	117943.9	276630.1	2611.246	27609.53	2632.028	3791.036	41681.26	94761.92	4693.95	-5.338078	2282.918	1.330149e+08	4.106212e+08	2968.327	3395.729	293.9502	133148	13085.56	-4.626335	12794.82	-5.338078	2282.918	-4.626335	12794.82
62.59	103400.2	29439.64	2739.701	139254.9	317512.1	4812.246	26708.53	2532.028	5291.036	39277.26	121175.9	4693.95	-5.338078	2782.918	1.417052e+08	3.705457e+08	2868.327	4095.729	593.9502	135158	12285.56	-4.626335	10693.82	-5.338078	2782.918	-4.626335	10693.82
62.88	89246.19	25033.64	4240.701	146294.9	301819.1	1611.246	21703.53	1632.028	2690.036	36172.26	108316.9	5294.95	-5.338078	3682.918	1.273256e+08	3.765569e+08	2468.327	3295.729	93.95018	120886	7483.562	-4.626335	8993.815	-5.338078	3682.918	-4.626335	8993.815
63.17	77507.19	21228.64	1339.701	150519.9	268543.1	211.2456	19201.53	2432.028	3190.036	29263.26	91349.92	3693.95	-5.338078	2582.918	1.12625e+08	2.583515e+08	1668.327	4595.729	293.9502	102303	5883.562	-4.626335	7592.815	-5.338078	2582.918	-4.626335	7592.815
63.45	69283.19	20427.64	1539.701	129199.9	211398.1	7814.246	17700.53	2132.028	2290.036	24959.26	89040.92	3693.95	94.66192	1882.918	1.068371e+08	2.82391e+08	1568.327	2295.729	193.9502	87747.95	6683.562	-4.626335	7192.815	94.66192	1882.918	-4.626335	7192.815
63.74	66375.19	34046.64	3440.701	125782.9	169782.1	319511.2	21503.53	1432.028	2390.036	21355.26	78806.92	4893.95	-5.338078	1782.918	9.436262e+07	2.242975e+08	1368.327	1995.729	393.9502	110538	5283.562	-4.626335	6892.815	-5.338078	1782.918	-4.626335	6892.815
64.02	57353.19	21829.64	3540.701	99161.92	180557.1	281247.2	21803.53	2232.028	3090.036	17352.26	76298.92	25406.95	-5.338078	2082.918	9.22781e+07	2.3231e+08	1568.327	1995.729	793.9502	188804	7483.562	195.3737	6892.815	-5.338078	2082.918	195.3737	6892.815
64.31	54045.19	35348.64	1439.701	80795.92	168473.1	186042.2	23205.53	1132.028	2890.036	12849.26	63362.92	37721.95	-5.338078	882.9182	8.866206e+07	2.62358e+08	1468.327	2695.729	1593.95	251149	6083.562	-4.626335	4791.815	-5.338078	882.9182	-4.626335	4791.815
64.59	65773.19	23631.64	2639.701	64948.92	201113.1	194004.2	19801.53	1132.028	1890.036	10148.26	71584.92	64376.95	-5.338078	982.9182	9.544878e+07	2.523418e+08	1668.327	3395.729	4393.95	425178.9	6583.562	95.37366	6692.815	-5.338078	982.9182	95.37366	6692.815
64.88	82824.19	20427.64	1539.701	60236.92	214726.1	124347.2	26208.53	1932.028	3090.036	10248.26	75295.92	98286.95	-5.338078	1082.918	1.039903e+08	2.363163e+08	1668.327	3695.729	6894.95	786576.9	9884.562	-4.626335	7992.815	-5.338078	1082.918	-4.626335	7992.815
65.17	95067.19	35748.64	1639.701	51115.92	281383.1	87985.24	21703.53	2632.028	2190.036	7947.263	86030.92	114355	94.66192	682.9182	1.131926e+08	3.184524e+08	1368.327	3595.729	6194.95	890475.9	11885.56	95.37366	9593.815	94.66192	682.9182	95.37366	9593.815
65.45	106714.2	19927.64	3640.701	51416.92	321462.1	67818.24	19301.53	2332.028	1790.036	7547.263	80010.92	120383	94.66192	382.9182	1.098172e+08	3.364841e+08	1568.327	4695.729	5594.95	820851.9	14186.56	95.37366	9993.815	94.66192	382.9182	95.37366	9993.815
65.74	105409.2	29539.64	1839.701	53320.92	280776.1	51175.25	16599.53	1732.028	2190.036	7347.263	85829.92	106621	-5.338078	582.9182	1.067645e+08	2.703711e+08	2668.327	4795.729	3193.95	861899.9	10184.56	195.3737	9093.815	-5.338078	582.9182	195.3737	9093.815
66.03	105509.2	30841.64	2139.701	45003.92	268037.1	31838.25	15098.53	1932.028	2190.036	6947.263	85428.92	108529	-5.338078	382.9182	1.124212e+08	2.964146e+08	1468.327	4895.729	4593.95	1273631	11285.56	-4.626335	8392.815	-5.338078	382.9182	-4.626335	8392.815
66.31	107819.2	24832.64	1239.701	36890.92	238742.1	30036.25	15998.53	2432.028	2590.036	7047.263	100684.9	107023	94.66192	382.9182	1.22302e+08	3.925868e+08	1168.327	5296.729	4393.95	1664949	12385.56	95.37366	9893.815	94.66192	382.9182	95.37366	9893.815
66.6	99384.19	31642.64	3740.701	34486.92	181766.1	25630.25	14197.53	2732.028	3390.036	6447.263	91048.92	80723.95	-5.338078	182.9182	1.266535e+08	3.244629e+08	1668.327	4495.729	3293.95	1915467	13886.56	95.37366	9793.815	-5.338078	182.9182	95.37366	9793.815
66.88	88343.19	38954.64	2239.701	22172.92	163943.1	30136.25	13497.53	2732.028	3491.036	4646.263	89542.92	66181.95	-5.338078	382.9182	1.256162e+08	3.044282e+08	1668.327	4395.729	2593.95	1872918	11785.56	-4.626335	8392.815	-5.338078	382.9182	-4.626335	8392.815
67.17	79212.19	19627.64	4340.701	24174.92	115072.1	14218.25	13197.53	2832.028	3591.036	5147.263	79408.92	49943.95	394.6619	582.9182	1.30981e+08	3.62531e+08	1468.327	4195.729	1893.95	1801226	12985.56	-4.626335	8693.815	394.6619	582.9182	-4.626335	8693.815
67.46	62365.19	24232.64	2940.701	22372.92	92779.12	10415.25	13997.53	1832.028	3791.036	3746.263	82919.92	44833.95	-5.338078	182.9182	1.304544e+08	3.805643e+08	1568.327	2895.729	1193.95	1553826	12385.56	-4.626335	6092.815	-5.338078	182.9182	-4.626335	6092.815
67.74	53945.19	27236.64	1739.701	15867.92	76725.12	10815.25	14798.53	2632.028	2790.036	8648.264	75797.92	36920.95	-5.338078	982.9182	1.37951e+08	3.62531e+08	2468.327	3795.729	1193.95	1353888	11585.56	-4.626335	4791.815	-5.338078	982.9182	-4.626335	4791.815
68.03	47532.19	30540.64	3040.701	20470.92	69002.12	4812.246	18801.53	2232.028	2790.036	6447.263	65668.92	29510.95	-5.338078	1082.918	1.342007e+08	3.144455e+08	1668.327	4195.729	493.9502	1275945	12485.56	-4.626335	4891.815	-5.338078	1082.918	-4.626335	4891.815
68.31	48234.19	33745.64	4640.701	18569.92	56671.12	13818.25	19701.53	2232.028	2490.036	8948.264	63462.92	21903.95	-5.338078	1282.918	1.394024e+08	3.725494e+08	1468.327	2795.729	593.9502	1172772	11685.56	95.37366	5692.815	-5.338078	1282.918	95.37366	5692.815
68.6	41822.19	72638.64	1439.701	23073.92	48354.12	12517.25	26208.53	1832.028	4391.036	11449.26	66069.92	23804.95	-5.338078	382.9182	1.311419e+08	3.865756e+08	1468.327	2595.729	1493.95	1071787	10484.56	-4.626335	4391.815	-5.338078	382.9182	-4.626335	4391.815
68.89	36313.19	161575.6	2239.701	21371.92	38236.12	8814.246	29912.53	1732.028	3591.036	14750.26	57648.92	14897.95	-5.338078	1982.918	1.270188e+08	3.82568e+08	1868.327	2195.729	493.9502	841108.9	10084.56	-4.626335	4491.815	-5.338078	1982.918	-4.626335	4491.815
69.17	37515.19	403445.6	3140.701	29379.92	35532.12	9515.246	49846.53	3332.028	4291.036	19854.26	57648.92	18100.95	-5.338078	2582.918	1.345815e+08	3.404912e+08	2268.327	3995.729	493.9502	662250.9	10884.56	95.37366	4991.815	-5.338078	2582.918	95.37366	4991.815
69.46	35612.19	401920.6	1239.701	39995.92	33730.12	15019.25	57061.53	1532.028	2990.036	22056.26	63061.92	15998.95	-5.338078	2282.918	1.359289e+08	4.086173e+08	2068.327	3195.729	1093.95	540269.9	11885.56	195.3737	5692.815	-5.338078	2282.918	195.3737	5692.815
69.74	30305.19	290566.6	3440.701	60637.92	27923.12	8214.246	52251.53	1832.028	3791.036	29664.26	71785.92	12696.95	-5.338078	3182.918	1.339372e+08	3.785605e+08	1668.327	3895.729	793.9502	517596.9	12985.56	-4.626335	5292.815	-5.338078	3182.918	-4.626335	5292.815
70.03	30205.19	252446.6	2739.701	67856.92	21717.12	6513.246	42632.53	2732.028	3290.036	27161.26	73690.92	10095.95	-5.338078	3082.918	1.377752e+08	3.2847e+08	1668.327	2395.729	393.9502	681970.9	11585.56	-4.626335	5492.815	-5.338078	3082.918	-4.626335	5492.815
70.32	30806.19	216805.6	4140.701	81597.92	18614.12	2611.246	48543.53	3432.028	4391.036	27061.26	77602.92	6894.95	-5.338078	3382.918	1.318588e+08	3.605274e+08	2068.327	2895.729	793.9502	689780.9	11685.56	-4.626335	6692.815	-5.338078	3382.918	-4.626335	6692.815
70.6	22497.19	202684.6	2239.701	77584.92	13511.12	8214.246	45236.53	3432.028	3691.036	28863.26	78304.92	8394.95	94.66192	5083.918	1.352091e+08	3.745531e+08	1868.327	4995.729	-6.049822	834492.9	12985.56	-4.626335	5192.815	94.66192	5083.918	-4.626335	5192.815
70.89	18594.19	315472.6	3840.701	80594.92	11410.12	4812.246	43633.53	3032.028	2990.036	23857.26	71384.92	6194.95	-5.338078	2682.918	1.356945e+08	3.46502e+08	2468.327	3595.729	493.9502	947204.9	12685.56	-4.626335	6292.815	-5.338078	2682.918	-4.626335	6292.815
71.17	15592.19	282573.6	1639.701	82902.92	12110.12	6813.246	50246.53	3232.028	3891.036	21455.26	79709.92	5194.95	-5.338078	3682.918	1.347279e+08	3.845718e+08	1768.327	3095.729	493.9502	1164393	11785.56	-4.626335	4191.815	-5.338078	3682.918	-4.626335	4191.815
71.46	12090.19	273471.6	2539.701	74375.92	8408.117	7614.246	42231.53	2932.028	2990.036	16151.26	72988.92	4893.95	-5.338078	3282.918	1.275156e+08	3.68542e+08	1368.327	3095.729	493.9502	1225094	10684.56	95.37366	5792.815	-5.338078	3282.918	95.37366	5792.815
71.75	12690.19	343444.6	2639.701	60837.92	10909.12	5412.246	51549.53	1832.028	2890.036	14050.26	74292.92	7294.95	-5.338078	2582.918	1.349329e+08	3.62531e+08	1568.327	1995.729	293.9502	1440006	11385.56	295.3737	4291.815	-5.338078	2582.918	295.3737	4291.815
72.03	13190.19	432940.6	2339.701	53520.92	9509.117	10415.25	72904.52	1732.028	2290.036	13850.26	65067.92	5894.95	-5.338078	1482.918	1.267265e+08	3.505092e+08	1368.327	2995.729	193.9502	1473368	10184.56	-4.626335	5192.815	-5.338078	1482.918	-4.626335	5192.815
72.32	13291.19	490808.6	3240.701	43200.92	8909.117	10215.25	65483.53	2632.028	4191.036	10548.26	61959.92	7794.95	-5.338078	1782.918	1.209304e+08	3.565201e+08	1368.327	3095.729	293.9502	1600007	12385.56	95.37366	5692.815	-5.338078	1782.918	95.37366	5692.815
72.6	10989.19	454727.6	2940.701	32083.92	7508.118	7814.246	60670.53	1732.028	3290.036	9348.264	70882.92	6894.95	-5.338078	1482.918	1.383028e+08	4.086173e+08	1468.327	2895.729	593.9502	2061960	13386.56	-4.626335	5692.815	-5.338078	1482.918	-4.626335	5692.815
72.89	13591.19	472048.6	1539.701	27778.92	7108.118	8014.246	45637.53	1332.028	4491.036	9748.264	72487.92	8394.95	-5.338078	782.9182	1.379364e+08	3.605274e+08	1968.327	2995.729	193.9502	2071828	11585.56	-4.626335	6092.815	-5.338078	782.9182	-4.626335	6092.815
73.18	10189.19	362413.6	2439.701	23974.92	7008.118	6713.246	41830.53	3332.028	3591.036	6347.263	64164.92	6294.95	-5.338078	782.9182	1.268288e+08	3.925868e+08	1468.327	2895.729	493.9502	2024583	12285.56	-4.626335	5192.815	-5.338078	782.9182	-4.626335	5192.815
73.46	12290.19	313648.6	1639.701	16767.92	8709.117	6013.246	47441.53	1832.028	3290.036	4546.263	61157.92	10195.95	-5.338078	682.9182	1.177954e+08	3.364841e+08	1168.327	2095.729	493.9502	1850110	12285.56	95.37366	5992.815	-5.338078	682.9182	95.37366	5992.815
73.75	16893.19	575609.6	1239.701	15366.92	13311.12	13217.25	78321.52	2132.028	3691.036	5547.263	67473.92	18300.95	-5.338078	682.9182	1.201136e+08	3.244629e+08	1368.327	2295.729	993.9502	1758542	9684.562	195.3737	6292.815	-5.338078	682.9182	195.3737	6292.815
74.03	23598.19	1033188	-360.2988	14666.92	19615.12	15719.25	125214.5	1032.028	2390.036	4446.263	61157.92	20301.95	-5.338078	182.9182	1.094681e+08	3.12442e+08	1768.327	2495.729	1393.95	1504227	9084.562	95.37366	5992.815	-5.338078	182.9182	95.37366	5992.815
74.32	22697.19	1267987	1939.701	11064.92	18014.12	20624.25	167363.5	1632.028	2890.036	7047.263	60956.92	23104.95	-5.338078	282.9182	1.081451e+08	3.364841e+08	2368.327	3195.729	1493.95	1446886	8083.562	-4.626335	6092.815	-5.338078	282.9182	-4.626335	6092.815
74.61	27002.19	1707302	3640.701	10063.92	24719.12	29234.25	216240.5	2332.028	2890.036	4546.263	67072.92	22403.95	-5.338078	282.9182	1.142263e+08	2.863977e+08	1468.327	3495.729	2393.95	1561057	9284.562	95.37366	5992.815	-5.338078	282.9182	95.37366	5992.815
74.89	34511.19	1817934	2239.701	8063.922	16112.12	26431.25	208171.5	1832.028	2490.036	4746.263	67272.92	22103.95	-5.338078	382.9182	1.061107e+08	2.683678e+08	968.3274	1995.729	1793.95	1537141	8183.562	-4.626335	5792.815	-5.338078	382.9182	-4.626335	5792.815
75.18	32408.19	1493709	3140.701	9263.922	28023.12	19823.25	162229.5	1832.028	2390.036	3046.263	80511.92	27408.95	-5.338078	682.9182	1.078544e+08	2.843943e+08	1968.327	3195.729	1393.95	1681076	6383.562	95.37366	6992.815	-5.338078	682.9182	95.37366	6992.815
75.46	45028.19	1111354	2639.701	14566.92	46250.12	15919.25	122199.5	2232.028	2290.036	4446.263	80311.92	32414.95	-5.338078	282.9182	1.168919e+08	3.104385e+08	2168.327	4195.729	2293.95	1704163	8083.562	-4.626335	7292.815	-5.338078	282.9182	-4.626335	7292.815
75.75	56350.19	844656.6	3440.701	14366.92	63488.12	12016.25	91165.52	1832.028	3691.036	4346.263	81414.92	36620.95	-5.338078	182.9182	1.219517e+08	3.144455e+08	1268.327	3395.729	1893.95	1621956	10084.56	-4.626335	10493.82	-5.338078	182.9182	-4.626335	10493.82
76.03	72492.19	549833.6	1939.701	15166.92	84951.12	11616.25	68491.52	1132.028	3090.036	4046.263	88037.92	43331.95	94.66192	382.9182	1.306884e+08	3.32477e+08	2668.327	5596.729	2793.95	1430693	8183.562	95.37366	9693.815	94.66192	382.9182	95.37366	9693.815
76.32	83827.19	452995.6	3240.701	15767.92	102015.1	8014.246	54957.53	2732.028	3090.036	6147.263	85227.92	49041.95	94.66192	582.9182	1.218788e+08	3.565201e+08	2568.327	4695.729	2293.95	1297829	10384.56	495.3737	7992.815	94.66192	582.9182	495.3737	7992.815
76.61	90551.19	365255.6	4040.701	18268.92	97296.12	6813.246	52752.53	3232.028	3791.036	8347.264	89241.92	41127.95	-5.338078	482.9182	1.186846e+08	2.964146e+08	2568.327	3095.729	2793.95	1061773	6583.562	-4.626335	8793.815	-5.338078	482.9182	-4.626335	8793.815
76.89	73395.19	299979.6	3340.701	16967.92	76123.12	4812.246	39025.53	1632.028	1290.036	6947.263	65067.92	30812.95	94.66192	782.9182	8.317267e+07	2.483354e+08	1368.327	2995.729	1693.95	766568.9	6183.562	95.37366	6992.815	94.66192	782.9182	95.37366	6992.815
77.18	47833.19	218823.6	1139.701	11364.92	51260.12	4812.246	27910.53	2132.028	2690.036	3446.263	47026.92	23404.95	-5.338078	382.9182	5.952078e+07	1.541936e+08	768.3274	1595.729	793.9502	593659.9	3682.562	195.3737	2691.815	-5.338078	382.9182	195.3737	2691.815
77.47	33810.19	178393.6	1539.701	8463.922	40340.12	2111.246	20902.53	1132.028	1090.036	3146.263	34706.92	15198.95	-5.338078	482.9182	4.483925e+07	1.233817e+08	468.3274	995.7296	893.9502	449294.9	2482.562	-4.626335	2791.815	-5.338078	482.9182	-4.626335	2791.815
77.75	27702.19	133001.6	1139.701	5562.922	30225.12	1611.246	18901.53	632.0284	890.0356	2746.263	25895.92	13597.95	-5.338078	182.9182	3.665203e+07	1.001293e+08	768.3274	1195.729	393.9502	347491.9	1982.562	-4.626335	2591.815	-5.338078	182.9182	-4.626335	2591.815
78.04	21997.19	125058.6	-460.2988	4862.922	20415.12	2511.246	14297.53	832.0284	1090.036	1846.263	19089.92	8494.95	-5.338078	82.91815	2.802887e+07	8.212196e+07	268.3274	595.7296	593.9502	283390.9	1482.562	95.37366	1191.815	-5.338078	82.91815	95.37366	1191.815
78.32	16292.19	94115.64	1439.701	4262.922	15112.12	1011.246	9595.526	132.0284	390.0356	1046.263	16087.92	7694.95	-5.338078	82.91815	2.189446e+07	6.295098e+07	168.3274	495.7295	793.9502	238325	1982.562	-4.626335	2091.815	-5.338078	82.91815	-4.626335	2091.815
78.61	14091.19	68525.64	339.7012	2661.922	14111.12	-1089.754	12596.53	332.0284	590.0356	946.2634	11885.92	5294.95	-5.338078	182.9182	1.78391e+07	5.012198e+07	268.3274	295.7295	93.95018	192835	1582.562	95.37366	1491.815	-5.338078	182.9182	95.37366	1491.815
78.9	9289.188	75045.64	839.7012	2261.922	11510.12	411.2456	7394.527	32.02844	390.0356	146.2633	10584.92	6194.95	-5.338078	82.91815	1.625225e+07	3.981461e+07	468.3274	595.7296	193.9502	149942	1382.562	-4.626335	791.8149	-5.338078	82.91815	-4.626335	791.8149
79.18	8088.188	47070.64	-360.2988	1561.922	8508.117	-1189.754	8594.526	232.0284	390.0356	646.2634	10284.92	3993.95	-5.338078	-17.08185	1.135453e+07	3.385028e+07	268.3274	695.7296	193.9502	106119	1582.562	-4.626335	491.8149	-5.338078	-17.08185	-4.626335	491.8149
79.47	6988.188	42060.64	-360.2988	1761.922	8008.118	-889.7544	4893.527	432.0284	790.0356	346.2633	7583.918	3693.95	-5.338078	-17.08185	1.169403e+07	2.585632e+07	168.3274	-4.270463	93.95018	99591.95	382.5623	-4.626335	591.8149	-5.338078	-17.08185	-4.626335	591.8149
79.75	6188.188	72738.64	-2461.299	1161.922	8108.118	-989.7544	4293.527	-367.9716	790.0356	146.2633	5983.918	1993.95	94.66192	82.91815	8837534	2.104009e+07	-31.6726	295.7295	93.95018	72498.95	682.5623	-4.626335	291.8149	94.66192	82.91815	-4.626335	291.8149
80.04	5688.188	27135.64	-1061.299	1361.922	5408.118	-388.7544	2492.527	432.0284	90.03564	246.2633	5183.918	2293.95	-5.338078	-17.08185	6590726	1.853482e+07	368.3274	195.7295	93.95018	76911.95	382.5623	-4.626335	591.8149	-5.338078	-17.08185	-4.626335	591.8149
80.32	3787.189	28037.64	-660.2988	61.92175	4907.118	-2389.754	4793.527	-67.97156	-309.9644	546.2634	3182.918	1493.95	-5.338078	-17.08185	4966566	1.627305e+07	68.3274	95.72954	293.9502	58060.95	182.5623	-4.626335	991.8149	-5.338078	-17.08185	-4.626335	991.8149
80.61	3687.189	15423.64	-1361.299	861.9218	3107.117	111.2456	2892.527	-67.97156	190.0356	446.2633	3882.918	1993.95	-5.338078	-17.08185	4670062	1.178224e+07	168.3274	295.7295	93.95018	42629.95	182.5623	-4.626335	191.8149	-5.338078	-17.08185	-4.626335	191.8149
80.9	1987.189	13521.64	-260.2988	661.9218	3107.117	-1689.754	4093.527	-67.97156	-109.9644	446.2633	3082.918	893.9502	-5.338078	-17.08185	4063010	1.023452e+07	68.3274	495.7295	93.95018	34016.95	282.5623	-4.626335	-8.185054	-5.338078	-17.08185	-4.626335	-8.185054
81.18	1087.189	15423.64	-660.2988	161.9218	2207.117	-1289.754	1192.527	32.02844	190.0356	246.2633	2182.918	1293.95	-5.338078	-17.08185	3117348	9169960	168.3274	95.72954	193.9502	40225.95	182.5623	-4.626335	291.8149	-5.338078	-17.08185	-4.626335	291.8149
81.47	2487.189	12920.64	-1161.299	161.9218	1507.117	-1189.754	2692.527	532.0284	-109.9644	46.26334	2482.918	993.9502	-5.338078	-17.08185	3145572	7524074	68.3274	95.72954	-6.049822	29310.95	382.5623	-4.626335	191.8149	-5.338078	-17.08185	-4.626335	191.8149
81.76	1387.189	11319.64	-1361.299	1061.922	1407.117	-889.7544	492.5267	432.0284	1590.036	146.2633	1582.918	993.9502	-5.338078	-17.08185	2242482	6573782	-31.6726	-4.270463	-6.049822	23204.95	-17.43772	-4.626335	91.81495	-5.338078	-17.08185	-4.626335	91.81495
82.04	1187.189	10219.64	-1061.299	261.9218	1207.117	-2389.754	1092.527	-67.97156	190.0356	46.26334	1682.918	593.9502	-5.338078	-17.08185	2044962	7212010	68.3274	95.72954	93.95018	20101.95	82.56228	-4.626335	-8.185054	-5.338078	-17.08185	-4.626335	-8.185054
82.33	987.1886	9218.641	-260.2988	261.9218	507.1174	-1289.754	492.5267	-67.97156	890.0356	346.2633	782.9182	893.9502	-5.338078	-17.08185	1551210	4447187	-31.6726	-4.270463	-6.049822	17299.95	-17.43772	-4.626335	-8.185054	-5.338078	-17.08185	-4.626335	-8.185054
82.62	387.1886	6216.641	-160.2988	261.9218	807.1174	-1489.754	692.5267	332.0284	190.0356	-53.73666	1082.918	793.9502	-5.338078	82.91815	1522998	4163737	-31.6726	-4.270463	-6.049822	16398.95	82.56228	-4.626335	191.8149	-5.338078	82.91815	-4.626335	191.8149
82.91	687.1886	9818.641	-1561.299	-138.0782	707.1174	-1589.754	1592.527	332.0284	90.03564	46.26334	882.9182	293.9502	-5.338078	-17.08185	1367834	3101003	-31.6726	-4.270463	93.95018	11396.95	-17.43772	-4.626335	191.8149	-5.338078	-17.08185	-4.626335	191.8149
83.2	187.1886	2014.641	-560.2988	-38.07825	1007.117	-2589.754	392.5267	-367.9716	-409.9644	-53.73666	1282.918	593.9502	-5.338078	-17.08185	1113945	3681925	-31.6726	-4.270463	-6.049822	9095.95	82.56228	-4.626335	91.81495	-5.338078	-17.08185	-4.626335	91.81495
83.49	687.1886	1914.641	-2061.299	-238.0782	1207.117	-1789.754	192.5267	-67.97156	590.0356	346.2633	282.9182	293.9502	-5.338078	-17.08185	1353729	2336032	-31.6726	-4.270463	-6.049822	5594.95	-17.43772	-4.626335	91.81495	-5.338078	-17.08185	-4.626335	91.81495
83.78	487.1886	7817.641	-1261.299	-438.0782	1207.117	-889.7544	-7.473267	-67.97156	190.0356	-53.73666	582.9182	593.9502	-5.338078	-17.08185	761351.4	1670358	-31.6726	-4.270463	-6.049822	7294.95	-17.43772	-4.626335	91.81495	-5.338078	-17.08185	-4.626335	91.81495
84.07	187.1886	1014.641	-2361.299	-138.0782	207.1174	-689.7544	1292.527	-467.9716	-309.9644	-53.73666	482.9182	93.95018	-5.338078	-17.08185	413767.4	2137733	-31.6726	-4.270463	-6.049822	9795.95	-17.43772	-4.626335	-8.185054	-5.338078	-17.08185	-4.626335	-8.185054
84.36	387.1886	514.6406	-1261.299	-138.0782	407.1174	-1189.754	-407.4733	32.02844	190.0356	46.26334	382.9182	193.9502	-5.338078	82.91815	422894.4	1656196	168.3274	-4.270463	93.95018	4593.95	82.56228	-4.626335	-8.185054	-5.338078	82.91815	-4.626335	-8.185054
84.65	-12.81139	1014.641	-761.2988	861.9218	207.1174	-288.7544	-107.4733	432.0284	-9.964355	46.26334	682.9182	93.95018	-5.338078	-17.08185	363190.4	863219.8	-31.6726	-4.270463	-6.049822	3393.95	82.56228	-4.626335	91.81495	-5.338078	-17.08185	-4.626335	91.81495
84.94	-12.81139	3315.641	639.7012	161.9218	7.117439	-889.7544	392.5267	232.0284	790.0356	-53.73666	182.9182	93.95018	-5.338078	-17.08185	401774.4	1203045	-31.6726	-4.270463	-6.049822	5594.95	82.56228	-4.626335	91.81495	-5.338078	-17.08185	-4.626335	91.81495
85.22	187.1886	1914.641	939.7012	261.9218	307.1174	-689.7544	-607.4733	-167.9716	-509.9644	146.2633	82.91815	93.95018	-5.338078	-17.08185	393037.4	1188885	68.3274	-4.270463	-6.049822	3693.95	82.56228	-4.626335	-8.185054	-5.338078	-17.08185	-4.626335	-8.185054
85.51	187.1886	1214.641	-1961.299	161.9218	307.1174	-989.7544	-207.4733	432.0284	-109.9644	46.26334	182.9182	-6.049822	-5.338078	-17.08185	194222.4	934013.8	-31.6726	-4.270463	-6.049822	4493.95	-17.43772	-4.626335	-8.185054	-5.338078	-17.08185	-4.626335	-8.185054
85.8	187.1886	7217.641	39.70117	-138.0782	107.1174	-889.7544	-1307.473	132.0284	-109.9644	46.26334	382.9182	-6.049822	-5.338078	-17.08185	380590.4	806584.8	68.3274	-4.270463	-6.049822	1093.95	82.56228	-4.626335	-8.185054	-5.338078	-17.08185	-4.626335	-8.185054
86.08	287.1886	1514.641	-1461.299	561.9218	7.117439	-1089.754	-207.4733	232.0284	-309.9644	-53.73666	-17.08185	193.9502	-5.338078	-17.08185	84913.4	373213.8	68.3274	95.72954	-6.049822	1693.95	-17.43772	-4.626335	-8.185054	-5.338078	-17.08185	-4.626335	-8.185054
86.37	-12.81139	-385.3594	-1361.299	661.9218	107.1174	-989.7544	-107.4733	232.0284	290.0356	46.26334	82.91815	93.95018	-5.338078	-17.08185	121866.4	509269.8	-31.6726	-4.270463	-6.049822	1793.95	-17.43772	-4.626335	-8.185054	-5.338078	-17.08185	-4.626335	-8.185054
86.66	-12.81139	-785.3594	-1561.299	361.9218	107.1174	-1189.754	-207.4733	-67.97156	190.0356	246.2633	-17.08185	93.95018	-5.338078	-17.08185	192105.4	622529.8	-31.6726	-4.270463	-6.049822	1393.95	-17.43772	-4.626335	-8.185054	-5.338078	-17.08185	-4.626335	-8.185054
86.96	-12.81139	1614.641	-1061.299	361.9218	-92.88256	-1489.754	-107.4733	-167.9716	90.03564	46.26334	82.91815	-6.049822	-5.338078	-17.08185	87924.4	325229.8	-31.6726	-4.270463	-6.049822	193.9502	-17.43772	-4.626335	-8.185054	-5.338078	-17.08185	-4.626335	-8.185054
87.24	-12.81139	1014.641	-1261.299	-38.07825	107.1174	-1989.754	-307.4733	-67.97156	90.03564	146.2633	-17.08185	-6.049822	-5.338078	-17.08185	279828.4	229394.8	-31.6726	-4.270463	-6.049822	2093.95	-17.43772	-4.626335	-8.185054	-5.338078	-17.08185	-4.626335	-8.185054
87.53	87.18861	814.6406	-1661.299	161.9218	107.1174	-1089.754	-7.473267	-367.9716	-209.9644	46.26334	182.9182	-6.049822	-5.338078	-17.08185	139357.4	42109.77	-31.6726	-4.270463	-6.049822	1493.95	-17.43772	-4.626335	-8.185054	-5.338078	-17.08185	-4.626335	-8.185054
87.82	187.1886	214.6406	239.7012	-338.0782	7.117439	-1189.754	592.5267	432.0284	390.0356	146.2633	82.91815	-6.049822	-5.338078	-17.08185	57235.39	174452.8	-31.6726	-4.270463	-6.049822	693.9502	-17.43772	-4.626335	-8.185054	-5.338078	-17.08185	-4.626335	-8.185054
88.1	287.1886	2114.641	-1261.299	-138.0782	-92.88256	-1489.754	-7.473267	332.0284	-309.9644	46.26334	82.91815	293.9502	-5.338078	-17.08185	57836.39	157741.8	-31.6726	-4.270463	-6.049822	1893.95	-17.43772	-4.626335	-8.185054	-5.338078	-17.08185	-4.626335	-8.185054
88.39	87.18861	614.6406	-560.2988	361.9218	107.1174	-1189.754	92.52673	-267.9716	-9.964355	46.26334	182.9182	-6.049822	94.66192	-17.08185	128700.4	155354.8	-31.6726	-4.270463	-6.049822	393.9502	-17.43772	-4.626335	-8.185054	94.66192	-17.08185	-4.626335	-8.185054
88.68	-12.81139	414.6406	-360.2988	-238.0782	-92.88256	-1789.754	-707.4733	-367.9716	390.0356	-53.73666	-17.08185	-6.049822	-5.338078	-17.08185	14573.39	198229.8	-31.6726	95.72954	-6.049822	1493.95	-17.43772	-4.626335	-8.185054	-5.338078	-17.08185	-4.626335	-8.185054
88.96	87.18861	-1386.359	-2561.299	161.9218	207.1174	-989.7544	-607.4733	332.0284	-309.9644	-53.73666	-17.08185	-6.049822	-5.338078	-17.08185	40802.39	202059.8	68.3274	-4.270463	-6.049822	893.9502	-17.43772	-4.626335	-8.185054	-5.338078	-17.08185	-4.626335	-8.185054
89.25	87.18861	-285.3594	-1361.299	-138.0782	-92.88256	-1089.754	1592.527	-267.9716	190.0356	46.26334	82.91815	-6.049822	-5.338078	-17.08185	23981.39	84576.77	-31.6726	-4.270463	-6.049822	-6.049822	-17.43772	-4.626335	-8.185054	-5.338078	-17.08185	-4.626335	-8.185054
89.54	-12.81139	414.6406	-1561.299	61.92175	107.1174	-1789.754	92.52673	-367.9716	-109.9644	46.26334	-17.08185	-6.049822	-5.338078	-17.08185	79094.4	52699.77	-31.6726	-4.270463	-6.049822	93.95018	-17.43772	-4.626335	91.81495	-5.338078	-17.08185	-4.626335	91.81495
89.83	-12.81139	-185.3594	-460.2988	-738.0782	7.117439	311.2456	692.5267	-367.9716	-609.9644	-53.73666	-17.08185	-6.049822	-5.338078	-17.08185	154972.4	211978.8	-31.6726	-4.270463	-6.049822	193.9502	-17.43772	-4.626335	-8.185054	-5.338078	-17.08185	-4.626335	-8.185054
90.12	-12.81139	1214.641	-961.2988	61.92175	7.117439	-1989.754	-607.4733	332.0284	-309.9644	46.26334	-17.08185	-6.049822	-5.338078	-17.08185	18376.39	141198.8	-31.6726	95.72954	-6.049822	693.9502	-17.43772	-4.626335	-8.185054	-5.338078	-17.08185	-4.626335	-8.185054
90.41	87.18861	1014.641	-1661.299	261.9218	7.117439	-1989.754	92.52673	32.02844	-9.964355	-53.73666	182.9182	-6.049822	-5.338078	-17.08185	-30.60498	117621.8	-31.6726	-4.270463	-6.049822	93.95018	-17.43772	-4.626335	-8.185054	-5.338078	-17.08185	-4.626335	-8.185054
90.69	-12.81139	-285.3594	-360.2988	-38.07825	107.1174	-588.7544	-207.4733	-167.9716	1090.036	46.26334	-17.08185	-6.049822	-5.338078	-17.08185	169.395	39976.77	-31.6726	-4.270463	-6.049822	193.9502	-17.43772	-4.626335	-8.185054	-5.338078	-17.08185	-4.626335	-8.185054
90.98	187.1886	-785.3594	-2561.299	-38.07825	-92.88256	-1389.754	-607.4733	-167.9716	-509.9644	-53.73666	-17.08185	-6.049822	-5.338078	-17.08185	29887.39	39675.77	-31.6726	-4.270463	-6.049822	293.9502	82.56228	-4.626335	-8.185054	-5.338078	-17.08185	-4.626335	-8.185054
91.26	-12.81139	-485.3594	-861.2988	461.9218	7.117439	511.2456	-307.4733	632.0284	-9.964355	-53.73666	82.91815	-6.049822	-5.338078	-17.08185	21679.39	51797.77	-31.6726	-4.270463	-6.049822	393.9502	-17.43772	-4.626335	-8.185054	-5.338078	-17.08185	-4.626335	-8.185054
91.56	-12.81139	514.6406	-2261.299	-138.0782	7.117439	-1189.754	292.5267	-567.9716	-209.9644	46.26334	82.91815	-6.049822	-5.338078	-17.08185	40001.39	211978.8	-31.6726	-4.270463	-6.049822	293.9502	-17.43772	-4.626335	-8.185054	-5.338078	-17.08185	-4.626335	-8.185054
91.85	-12.81139	-285.3594	539.7012	-38.07825	107.1174	-689.7544	192.5267	332.0284	-209.9644	146.2633	-17.08185	-6.049822	-5.338078	-17.08185	60944.39	282759.8	-31.6726	-4.270463	-6.049822	-6.049822	82.56228	-4.626335	91.81495	-5.338078	-17.08185	-4.626335	91.81495
92.14	-12.81139	14.64062	-660.2988	-38.07825	7.117439	-2289.754	-807.4733	-467.9716	-309.9644	-53.73666	-17.08185	-6.049822	-5.338078	-17.08185	76185.4	-356.2278	68.3274	-4.270463	-6.049822	93.95018	-17.43772	-4.626335	-8.185054	-5.338078	-17.08185	-4.626335	-8.185054
92.42	-12.81139	-385.3594	-1461.299	261.9218	-92.88256	-1489.754	-107.4733	-167.9716	-309.9644	246.2633	-17.08185	-6.049822	-5.338078	-17.08185	30688.39	47288.77	68.3274	-4.270463	-6.049822	193.9502	-17.43772	-4.626335	-8.185054	-5.338078	-17.08185	-4.626335	-8.185054
92.71	-12.81139	-285.3594	-1361.299	-138.0782	-92.88256	-989.7544	392.5267	132.0284	90.03564	-53.73666	82.91815	-6.049822	-5.338078	-17.08185	25482.39	-356.2278	-31.6726	-4.270463	-6.049822	-6.049822	-17.43772	-4.626335	-8.185054	-5.338078	-17.08185	-4.626335	-8.185054
93	87.18861	-85.35938	-1161.299	161.9218	-92.88256	-1189.754	92.52673	532.0284	-709.9644	46.26334	-17.08185	93.95018	-5.338078	-17.08185	169.395	43181.77	-31.6726	-4.270463	93.95018	93.95018	-17.43772	-4.626335	-8.185054	-5.338078	-17.08185	-4.626335	-8.185054
