ElapsedTime_s	Ti49_CPS	Al27_CPS	S33_CPS	Sc45_CPS	V51_CPS	Mn55_CPS	Fe57_CPS	Co59_CPS	Ni60_CPS	Ga71_CPS	Zr90_CPS	Nb93_CPS	Mo97_CPS	In113_CPS	Sn119_CPS	Sn118_CPS	Sb121_CPS	Hf177_CPS	Ta181_CPS	W183_CPS	Pb206_CPS	Th232_CPS	U238_CPS	Tc97_CPS	Cd113_CPS	U232_CPS	Pu238_CPS
0	-12.81139	-285.3594	-2361.299	-238.0782	-92.88256	-2289.754	292.5267	-167.9716	190.0356	46.26334	-17.08185	-6.049822	-5.338078	-17.08185	2469.395	13798.77	-31.6726	-4.270463	-6.049822	93.95018	-17.43772	-4.626335	-8.185054	-5.338078	-17.08185	-4.626335	-8.185054
																											
10.17	-12.81139	514.6406	-1161.299	161.9218	7.117439	-1589.754	-507.4733	-367.9716	-209.9644	46.26334	-17.08185	-6.049822	-5.338078	-17.08185	41704.39	243.7722	-31.6726	-4.270463	-6.049822	-6.049822	82.56228	-4.626335	-8.185054	-5.338078	-17.08185	-4.626335	-8.185054
10.46	-12.81139	-85.35938	-260.2988	161.9218	7.117439	-789.7544	-107.4733	32.02844	290.0356	46.26334	-17.08185	-6.049822	-5.338078	82.91815	15574.39	-356.2278	-31.6726	-4.270463	-6.049822	-6.049822	-17.43772	-4.626335	-8.185054	-5.338078	82.91815	-4.626335	-8.185054
10.75	-12.81139	1314.641	-160.2988	-438.0782	-92.88256	-588.7544	-307.4733	332.0284	390.0356	-53.73666	-17.08185	-6.049822	-5.338078	-17.08185	51522.39	-256.2278	-31.6726	-4.270463	93.95018	-6.049822	-17.43772	-4.626335	-8.185054	-5.338078	-17.08185	-4.626335	-8.185054
11.03	87.18861	514.6406	439.7012	-138.0782	107.1174	-388.7544	-507.4733	132.0284	-609.9644	-53.73666	82.91815	-6.049822	-5.338078	-17.08185	2869.395	143.7722	-31.6726	-4.270463	-6.049822	-6.049822	-17.43772	-4.626335	-8.185054	-5.338078	-17.08185	-4.626335	-8.185054
11.32	-12.81139	14.64062	-560.2988	261.9218	7.117439	-1789.754	792.5267	-267.9716	390.0356	46.26334	-17.08185	-6.049822	-5.338078	82.91815	-30.60498	43.77225	68.3274	-4.270463	-6.049822	-6.049822	82.56228	-4.626335	-8.185054	-5.338078	82.91815	-4.626335	-8.185054
11.61	-12.81139	114.6406	-1061.299	361.9218	-92.88256	-388.7544	-107.4733	-167.9716	990.0356	246.2633	-17.08185	-6.049822	-5.338078	-17.08185	69.39502	-56.22775	-31.6726	-4.270463	-6.049822	-6.049822	-17.43772	-4.626335	-8.185054	-5.338078	-17.08185	-4.626335	-8.185054
11.89	-12.81139	114.6406	-560.2988	61.92175	-92.88256	-588.7544	892.5267	32.02844	690.0356	-53.73666	-17.08185	-6.049822	-5.338078	-17.08185	-30.60498	73351.77	68.3274	-4.270463	-6.049822	-6.049822	-17.43772	-4.626335	-8.185054	-5.338078	-17.08185	-4.626335	-8.185054
12.18	-12.81139	-685.3594	-961.2988	161.9218	-92.88256	-188.7544	-7.473267	-167.9716	-209.9644	-53.73666	82.91815	-6.049822	-5.338078	-17.08185	-30.60498	43.77225	-31.6726	-4.270463	-6.049822	-6.049822	-17.43772	-4.626335	-8.185054	-5.338078	-17.08185	-4.626335	-8.185054
12.46	-12.81139	1714.641	-1061.299	-38.07825	7.117439	-1689.754	-307.4733	32.02844	290.0356	146.2633	-17.08185	-6.049822	-5.338078	-17.08185	2269.395	-256.2278	-31.6726	-4.270463	-6.049822	-6.049822	-17.43772	-4.626335	-8.185054	-5.338078	-17.08185	-4.626335	-8.185054
12.75	87.18861	1914.641	139.7012	-38.07825	7.117439	211.2456	-107.4733	32.02844	490.0356	-53.73666	-17.08185	-6.049822	-5.338078	-17.08185	169.395	-156.2278	-31.6726	-4.270463	-6.049822	93.95018	82.56228	-4.626335	-8.185054	-5.338078	-17.08185	-4.626335	-8.185054
13.03	-12.81139	-385.3594	-1061.299	-238.0782	-92.88256	-588.7544	-507.4733	232.0284	-9.964355	46.26334	-17.08185	-6.049822	-5.338078	-17.08185	9571.395	43.77225	-31.6726	-4.270463	-6.049822	-6.049822	-17.43772	-4.626335	-8.185054	-5.338078	-17.08185	-4.626335	-8.185054
13.31	-12.81139	-185.3594	-360.2988	361.9218	7.117439	-1989.754	1092.527	232.0284	90.03564	-53.73666	-17.08185	-6.049822	-5.338078	-17.08185	-30.60498	443.7722	-31.6726	-4.270463	-6.049822	-6.049822	-17.43772	-4.626335	-8.185054	-5.338078	-17.08185	-4.626335	-8.185054
13.6	-12.81139	614.6406	39.70117	-38.07825	-92.88256	-889.7544	192.5267	-67.97156	-509.9644	146.2633	-17.08185	-6.049822	-5.338078	-17.08185	-130.605	143.7722	68.3274	-4.270463	-6.049822	-6.049822	-17.43772	-4.626335	-8.185054	-5.338078	-17.08185	-4.626335	-8.185054
13.89	-12.81139	1214.641	-1461.299	-338.0782	7.117439	511.2456	-7.473267	-267.9716	-909.9644	46.26334	-17.08185	-6.049822	-5.338078	82.91815	-30.60498	-56.22775	-31.6726	-4.270463	-6.049822	-6.049822	-17.43772	-4.626335	-8.185054	-5.338078	82.91815	-4.626335	-8.185054
14.17	-12.81139	114.6406	-360.2988	-38.07825	7.117439	-789.7544	592.5267	-267.9716	90.03564	-53.73666	-17.08185	-6.049822	-5.338078	-17.08185	169.395	143.7722	-31.6726	-4.270463	-6.049822	-6.049822	-17.43772	-4.626335	-8.185054	-5.338078	-17.08185	-4.626335	-8.185054
14.46	-12.81139	1214.641	-1061.299	261.9218	7.117439	-1189.754	192.5267	-167.9716	-9.964355	46.26334	-17.08185	-6.049822	-5.338078	-17.08185	-130.605	43.77225	-31.6726	-4.270463	-6.049822	-6.049822	182.5623	-4.626335	-8.185054	-5.338078	-17.08185	-4.626335	-8.185054
14.74	-12.81139	-1085.359	-560.2988	661.9218	-92.88256	11.24561	592.5267	-367.9716	-409.9644	146.2633	-17.08185	93.95018	-5.338078	-17.08185	69.39502	143.7722	-31.6726	-4.270463	-6.049822	93.95018	-17.43772	-4.626335	-8.185054	-5.338078	-17.08185	-4.626335	-8.185054
15.03	-12.81139	114.6406	-961.2988	-38.07825	-92.88256	-1789.754	392.5267	332.0284	90.03564	46.26334	-17.08185	-6.049822	-5.338078	-17.08185	69.39502	543.7722	-31.6726	-4.270463	-6.049822	-6.049822	82.56228	-4.626335	-8.185054	-5.338078	-17.08185	-4.626335	-8.185054
15.31	-12.81139	814.6406	-1861.299	561.9218	-92.88256	11.24561	-307.4733	132.0284	-509.9644	-53.73666	-17.08185	-6.049822	94.66192	-17.08185	-130.605	43.77225	-31.6726	-4.270463	-6.049822	-6.049822	-17.43772	-4.626335	-8.185054	94.66192	-17.08185	-4.626335	-8.185054
15.6	-12.81139	-985.3594	-260.2988	161.9218	7.117439	-288.7544	-207.4733	32.02844	-209.9644	-53.73666	-17.08185	93.95018	-5.338078	-17.08185	-30.60498	-156.2278	-31.6726	-4.270463	-6.049822	-6.049822	-17.43772	-4.626335	-8.185054	-5.338078	-17.08185	-4.626335	-8.185054
15.88	-12.81139	-1386.359	-1561.299	361.9218	207.1174	-1289.754	-707.4733	32.02844	-509.9644	46.26334	82.91815	-6.049822	-5.338078	-17.08185	12372.39	243.7722	-31.6726	-4.270463	-6.049822	-6.049822	-17.43772	-4.626335	-8.185054	-5.338078	-17.08185	-4.626335	-8.185054
16.17	-12.81139	14.64062	-861.2988	-338.0782	-92.88256	-1189.754	-907.4733	132.0284	-109.9644	146.2633	-17.08185	-6.049822	-5.338078	-17.08185	-30.60498	143.7722	-31.6726	-4.270463	-6.049822	-6.049822	82.56228	-4.626335	-8.185054	-5.338078	-17.08185	-4.626335	-8.185054
16.45	87.18861	314.6406	-60.29883	-738.0782	107.1174	-1189.754	-207.4733	-167.9716	-9.964355	146.2633	-17.08185	-6.049822	-5.338078	-17.08185	169.395	343.7722	-31.6726	-4.270463	-6.049822	-6.049822	-17.43772	-4.626335	-8.185054	-5.338078	-17.08185	-4.626335	-8.185054
16.74	-12.81139	914.6406	-861.2988	-138.0782	7.117439	-588.7544	-1007.473	-367.9716	-9.964355	-53.73666	-17.08185	-6.049822	-5.338078	-17.08185	69.39502	43.77225	-31.6726	-4.270463	-6.049822	-6.049822	-17.43772	-4.626335	-8.185054	-5.338078	-17.08185	-4.626335	-8.185054
17.02	-12.81139	14.64062	-1261.299	-238.0782	107.1174	-188.7544	-407.4733	-367.9716	-9.964355	-53.73666	-17.08185	-6.049822	-5.338078	-17.08185	-130.605	443.7722	168.3274	-4.270463	-6.049822	-6.049822	-17.43772	-4.626335	-8.185054	-5.338078	-17.08185	-4.626335	-8.185054
17.31	-12.81139	-1185.359	-360.2988	-38.07825	-92.88256	-1089.754	92.52673	32.02844	-9.964355	146.2633	-17.08185	-6.049822	-5.338078	-17.08185	-30.60498	43.77225	-31.6726	-4.270463	-6.049822	-6.049822	-17.43772	-4.626335	-8.185054	-5.338078	-17.08185	-4.626335	-8.185054
17.59	-12.81139	-1185.359	239.7012	361.9218	7.117439	-989.7544	-207.4733	-467.9716	-209.9644	-53.73666	-17.08185	-6.049822	94.66192	-17.08185	-30.60498	-256.2278	-31.6726	-4.270463	-6.049822	-6.049822	-17.43772	-4.626335	91.81495	94.66192	-17.08185	-4.626335	91.81495
17.88	-12.81139	14.64062	-160.2988	561.9218	-92.88256	-1789.754	192.5267	-167.9716	-209.9644	46.26334	-17.08185	-6.049822	-5.338078	82.91815	-30.60498	143.7722	-31.6726	-4.270463	-6.049822	-6.049822	-17.43772	-4.626335	-8.185054	-5.338078	82.91815	-4.626335	-8.185054
18.16	-12.81139	814.6406	-1761.299	-38.07825	-92.88256	-1289.754	-207.4733	532.0284	-209.9644	46.26334	-17.08185	-6.049822	-5.338078	-17.08185	-130.605	-156.2278	-31.6726	-4.270463	-6.049822	-6.049822	-17.43772	-4.626335	-8.185054	-5.338078	-17.08185	-4.626335	-8.185054
18.45	-12.81139	1114.641	-861.2988	461.9218	-92.88256	-1689.754	-507.4733	-267.9716	-409.9644	146.2633	-17.08185	-6.049822	-5.338078	-17.08185	69.39502	-156.2278	-31.6726	-4.270463	-6.049822	-6.049822	-17.43772	-4.626335	-8.185054	-5.338078	-17.08185	-4.626335	-8.185054
18.73	87.18861	-385.3594	-1061.299	461.9218	107.1174	-789.7544	-207.4733	532.0284	-409.9644	-53.73666	-17.08185	-6.049822	94.66192	-17.08185	-130.605	-256.2278	68.3274	-4.270463	-6.049822	-6.049822	82.56228	-4.626335	-8.185054	94.66192	-17.08185	-4.626335	-8.185054
19.02	-12.81139	-985.3594	1339.701	-138.0782	207.1174	-588.7544	-907.4733	332.0284	390.0356	-53.73666	182.9182	-6.049822	-5.338078	82.91815	-130.605	43.77225	68.3274	-4.270463	-6.049822	-6.049822	-17.43772	-4.626335	-8.185054	-5.338078	82.91815	-4.626335	-8.185054
19.3	-12.81139	2014.641	-1261.299	361.9218	7.117439	-588.7544	-607.4733	-267.9716	-609.9644	46.26334	-17.08185	-6.049822	-5.338078	-17.08185	-30.60498	143.7722	-31.6726	-4.270463	-6.049822	-6.049822	-17.43772	95.37366	-8.185054	-5.338078	-17.08185	95.37366	-8.185054
19.59	-12.81139	1814.641	-160.2988	-438.0782	7.117439	-1389.754	392.5267	432.0284	490.0356	146.2633	-17.08185	-6.049822	-5.338078	-17.08185	12472.39	-156.2278	-31.6726	-4.270463	-6.049822	-6.049822	-17.43772	-4.626335	-8.185054	-5.338078	-17.08185	-4.626335	-8.185054
19.87	-12.81139	714.6406	-360.2988	361.9218	7.117439	-588.7544	-507.4733	32.02844	-209.9644	46.26334	-17.08185	-6.049822	-5.338078	-17.08185	-130.605	-56.22775	-31.6726	-4.270463	-6.049822	-6.049822	-17.43772	-4.626335	-8.185054	-5.338078	-17.08185	-4.626335	-8.185054
20.16	-12.81139	714.6406	-1461.299	-338.0782	-92.88256	-989.7544	-607.4733	-167.9716	390.0356	146.2633	-17.08185	-6.049822	-5.338078	-17.08185	-130.605	-56.22775	68.3274	-4.270463	-6.049822	-6.049822	-17.43772	-4.626335	-8.185054	-5.338078	-17.08185	-4.626335	-8.185054
20.44	-12.81139	814.6406	-360.2988	-338.0782	107.1174	-188.7544	-707.4733	-167.9716	90.03564	46.26334	-17.08185	-6.049822	-5.338078	-17.08185	69.39502	-56.22775	68.3274	-4.270463	-6.049822	-6.049822	-17.43772	-4.626335	-8.185054	-5.338078	-17.08185	-4.626335	-8.185054
20.73	-12.81139	1114.641	-961.2988	-238.0782	107.1174	-1989.754	-707.4733	32.02844	-109.9644	46.26334	-17.08185	-6.049822	-5.338078	-17.08185	169.395	43.77225	-31.6726	-4.270463	-6.049822	-6.049822	-17.43772	-4.626335	-8.185054	-5.338078	-17.08185	-4.626335	-8.185054
21.01	-12.81139	-885.3594	239.7012	261.9218	7.117439	-1589.754	-707.4733	232.0284	-609.9644	-53.73666	82.91815	-6.049822	-5.338078	-17.08185	-30.60498	-256.2278	68.3274	-4.270463	-6.049822	-6.049822	-17.43772	95.37366	-8.185054	-5.338078	-17.08185	95.37366	-8.185054
21.3	-12.81139	-385.3594	-1061.299	-138.0782	-92.88256	-689.7544	-7.473267	-67.97156	-709.9644	146.2633	82.91815	-6.049822	-5.338078	-17.08185	-130.605	243.7722	68.3274	-4.270463	-6.049822	-6.049822	-17.43772	-4.626335	-8.185054	-5.338078	-17.08185	-4.626335	-8.185054
21.58	-12.81139	314.6406	239.7012	-38.07825	-92.88256	-1389.754	-807.4733	-67.97156	-209.9644	46.26334	-17.08185	-6.049822	-5.338078	-17.08185	169.395	143.7722	-31.6726	-4.270463	-6.049822	-6.049822	-17.43772	-4.626335	-8.185054	-5.338078	-17.08185	-4.626335	-8.185054
21.87	-12.81139	-485.3594	-1661.299	-238.0782	7.117439	-1589.754	-807.4733	-67.97156	-309.9644	-53.73666	-17.08185	-6.049822	-5.338078	-17.08185	69.39502	2643.772	-31.6726	-4.270463	93.95018	-6.049822	-17.43772	-4.626335	-8.185054	-5.338078	-17.08185	-4.626335	-8.185054
22.15	87.18861	-785.3594	-1561.299	-438.0782	7.117439	-1589.754	-1007.473	332.0284	-109.9644	-53.73666	-17.08185	-6.049822	-5.338078	-17.08185	-130.605	43.77225	-31.6726	-4.270463	-6.049822	-6.049822	-17.43772	-4.626335	-8.185054	-5.338078	-17.08185	-4.626335	-8.185054
22.44	-12.81139	-885.3594	-761.2988	261.9218	7.117439	-2689.754	-607.4733	-67.97156	-309.9644	-53.73666	-17.08185	-6.049822	-5.338078	-17.08185	-30.60498	43.77225	68.3274	-4.270463	-6.049822	-6.049822	-17.43772	-4.626335	-8.185054	-5.338078	-17.08185	-4.626335	-8.185054
22.72	87.18861	514.6406	-660.2988	461.9218	7.117439	-1989.754	192.5267	-167.9716	-609.9644	-53.73666	-17.08185	-6.049822	-5.338078	-17.08185	51222.39	143.7722	-31.6726	-4.270463	-6.049822	-6.049822	82.56228	-4.626335	-8.185054	-5.338078	-17.08185	-4.626335	-8.185054
23.01	-12.81139	-85.35938	239.7012	-338.0782	7.117439	-2389.754	392.5267	232.0284	590.0356	-53.73666	-17.08185	-6.049822	-5.338078	-17.08185	69.39502	-156.2278	68.3274	-4.270463	-6.049822	-6.049822	-17.43772	-4.626335	-8.185054	-5.338078	-17.08185	-4.626335	-8.185054
23.29	87.18861	1914.641	-160.2988	261.9218	7.117439	-488.7544	292.5267	-167.9716	-309.9644	46.26334	-17.08185	-6.049822	-5.338078	-17.08185	-130.605	-156.2278	68.3274	-4.270463	-6.049822	-6.049822	-17.43772	-4.626335	-8.185054	-5.338078	-17.08185	-4.626335	-8.185054
23.58	-12.81139	414.6406	-660.2988	-438.0782	-92.88256	-1589.754	-207.4733	432.0284	-209.9644	46.26334	-17.08185	93.95018	-5.338078	-17.08185	69.39502	-156.2278	68.3274	-4.270463	-6.049822	-6.049822	-17.43772	-4.626335	-8.185054	-5.338078	-17.08185	-4.626335	-8.185054
23.86	-12.81139	14.64062	-1161.299	61.92175	-92.88256	-2089.754	-407.4733	-167.9716	-409.9644	-53.73666	-17.08185	-6.049822	-5.338078	-17.08185	69.39502	643.7722	-31.6726	-4.270463	-6.049822	-6.049822	-17.43772	-4.626335	-8.185054	-5.338078	-17.08185	-4.626335	-8.185054
24.15	-12.81139	1614.641	-460.2988	161.9218	7.117439	-689.7544	-907.4733	32.02844	-309.9644	146.2633	-17.08185	-6.049822	-5.338078	-17.08185	-130.605	243.7722	-31.6726	-4.270463	-6.049822	-6.049822	-17.43772	-4.626335	-8.185054	-5.338078	-17.08185	-4.626335	-8.185054
24.43	-12.81139	614.6406	-160.2988	61.92175	-92.88256	-889.7544	392.5267	-467.9716	-409.9644	-53.73666	-17.08185	-6.049822	-5.338078	-17.08185	69.39502	-256.2278	-31.6726	-4.270463	93.95018	-6.049822	-17.43772	-4.626335	-8.185054	-5.338078	-17.08185	-4.626335	-8.185054
24.72	-12.81139	214.6406	-761.2988	461.9218	107.1174	411.2456	192.5267	-367.9716	-9.964355	-53.73666	-17.08185	-6.049822	-5.338078	82.91815	-30.60498	43.77225	-31.6726	-4.270463	-6.049822	-6.049822	-17.43772	-4.626335	-8.185054	-5.338078	82.91815	-4.626335	-8.185054
25	-12.81139	-685.3594	-1761.299	261.9218	-92.88256	-1089.754	292.5267	-267.9716	-309.9644	-53.73666	-17.08185	-6.049822	-5.338078	-17.08185	-30.60498	-56.22775	-31.6726	-4.270463	-6.049822	-6.049822	-17.43772	-4.626335	-8.185054	-5.338078	-17.08185	-4.626335	-8.185054
25.29	-12.81139	1914.641	739.7012	-138.0782	7.117439	11.24561	-307.4733	-267.9716	-609.9644	-53.73666	-17.08185	-6.049822	-5.338078	-17.08185	69.39502	243.7722	-31.6726	-4.270463	-6.049822	-6.049822	-17.43772	-4.626335	-8.185054	-5.338078	-17.08185	-4.626335	-8.185054
25.57	87.18861	1714.641	-660.2988	-438.0782	-92.88256	-889.7544	-607.4733	332.0284	-509.9644	-53.73666	-17.08185	-6.049822	-5.338078	-17.08185	269.395	143.7722	-31.6726	-4.270463	-6.049822	-6.049822	-17.43772	95.37366	-8.185054	-5.338078	-17.08185	95.37366	-8.185054
25.86	87.18861	-985.3594	-460.2988	-238.0782	7.117439	-488.7544	292.5267	432.0284	390.0356	46.26334	-17.08185	-6.049822	-5.338078	-17.08185	-130.605	43.77225	-31.6726	-4.270463	-6.049822	-6.049822	-17.43772	-4.626335	91.81495	-5.338078	-17.08185	-4.626335	91.81495
26.14	-12.81139	-585.3594	839.7012	761.9218	107.1174	-1389.754	292.5267	-367.9716	290.0356	146.2633	-17.08185	-6.049822	-5.338078	-17.08185	-30.60498	43.77225	-31.6726	-4.270463	-6.049822	-6.049822	-17.43772	-4.626335	-8.185054	-5.338078	-17.08185	-4.626335	-8.185054
26.43	-12.81139	1014.641	-160.2988	-38.07825	-92.88256	-1489.754	292.5267	232.0284	1190.036	-53.73666	-17.08185	-6.049822	-5.338078	-17.08185	-30.60498	-56.22775	68.3274	-4.270463	-6.049822	-6.049822	-17.43772	-4.626335	-8.185054	-5.338078	-17.08185	-4.626335	-8.185054
26.71	-12.81139	214.6406	-260.2988	161.9218	-92.88256	-1589.754	92.52673	-67.97156	490.0356	146.2633	-17.08185	-6.049822	-5.338078	-17.08185	-30.60498	-56.22775	-31.6726	-4.270463	-6.049822	-6.049822	-17.43772	-4.626335	-8.185054	-5.338078	-17.08185	-4.626335	-8.185054
27	-12.81139	714.6406	739.7012	61.92175	7.117439	-1389.754	692.5267	32.02844	390.0356	-53.73666	-17.08185	-6.049822	-5.338078	-17.08185	69.39502	-56.22775	-31.6726	95.72954	-6.049822	93.95018	-17.43772	-4.626335	-8.185054	-5.338078	-17.08185	-4.626335	-8.185054
27.28	87.18861	-585.3594	39.70117	461.9218	207.1174	-1689.754	-607.4733	132.0284	890.0356	-53.73666	-17.08185	-6.049822	-5.338078	-17.08185	69.39502	-356.2278	68.3274	-4.270463	-6.049822	-6.049822	-17.43772	95.37366	-8.185054	-5.338078	-17.08185	95.37366	-8.185054
27.57	87.18861	-585.3594	-1361.299	-238.0782	7.117439	-388.7544	-807.4733	-267.9716	490.0356	-53.73666	-17.08185	-6.049822	-5.338078	-17.08185	-30.60498	143.7722	-31.6726	-4.270463	-6.049822	-6.049822	-17.43772	-4.626335	-8.185054	-5.338078	-17.08185	-4.626335	-8.185054
27.85	-12.81139	514.6406	-460.2988	-138.0782	-92.88256	-989.7544	192.5267	32.02844	290.0356	-53.73666	82.91815	-6.049822	-5.338078	-17.08185	69.39502	-56.22775	-31.6726	-4.270463	-6.049822	-6.049822	-17.43772	-4.626335	-8.185054	-5.338078	-17.08185	-4.626335	-8.185054
28.14	-12.81139	1614.641	-761.2988	61.92175	207.1174	-889.7544	-7.473267	132.0284	-9.964355	46.26334	82.91815	-6.049822	-5.338078	-17.08185	169.395	43.77225	-31.6726	-4.270463	-6.049822	-6.049822	-17.43772	-4.626335	-8.185054	-5.338078	-17.08185	-4.626335	-8.185054
28.42	-12.81139	1714.641	539.7012	261.9218	207.1174	-889.7544	-107.4733	32.02844	990.0356	-53.73666	82.91815	-6.049822	-5.338078	-17.08185	-130.605	-156.2278	-31.6726	-4.270463	-6.049822	-6.049822	-17.43772	-4.626335	-8.185054	-5.338078	-17.08185	-4.626335	-8.185054
28.71	-12.81139	114.6406	-560.2988	-438.0782	7.117439	-1389.754	-407.4733	-67.97156	290.0356	146.2633	-17.08185	-6.049822	-5.338078	82.91815	69.39502	243.7722	-31.6726	-4.270463	-6.049822	-6.049822	-17.43772	-4.626335	91.81495	-5.338078	82.91815	-4.626335	91.81495
28.99	187.1886	-285.3594	-1161.299	461.9218	-92.88256	-989.7544	-307.4733	32.02844	290.0356	-53.73666	-17.08185	-6.049822	-5.338078	-17.08185	-30.60498	243.7722	68.3274	-4.270463	-6.049822	-6.049822	-17.43772	-4.626335	-8.185054	-5.338078	-17.08185	-4.626335	-8.185054
29.28	-12.81139	-485.3594	-360.2988	61.92175	7.117439	-889.7544	392.5267	332.0284	-209.9644	46.26334	82.91815	-6.049822	-5.338078	-17.08185	69.39502	-256.2278	-31.6726	-4.270463	-6.049822	-6.049822	-17.43772	-4.626335	-8.185054	-5.338078	-17.08185	-4.626335	-8.185054
29.56	-12.81139	-1185.359	-260.2988	-338.0782	7.117439	-789.7544	-7.473267	32.02844	-409.9644	46.26334	-17.08185	-6.049822	-5.338078	182.9182	-30.60498	17649.77	-31.6726	-4.270463	-6.049822	-6.049822	-17.43772	-4.626335	-8.185054	-5.338078	182.9182	-4.626335	-8.185054
29.85	-12.81139	614.6406	1239.701	361.9218	7.117439	-789.7544	-7.473267	332.0284	-809.9644	-53.73666	-17.08185	93.95018	-5.338078	-17.08185	-130.605	43.77225	-31.6726	-4.270463	-6.049822	-6.049822	-17.43772	-4.626335	-8.185054	-5.338078	-17.08185	-4.626335	-8.185054
30.13	-12.81139	2014.641	839.7012	561.9218	7.117439	-1389.754	-807.4733	-467.9716	-309.9644	-53.73666	-17.08185	-6.049822	-5.338078	-17.08185	69.39502	-56.22775	-31.6726	-4.270463	-6.049822	-6.049822	-17.43772	-4.626335	-8.185054	-5.338078	-17.08185	-4.626335	-8.185054
30.42	-12.81139	1914.641	439.7012	-138.0782	7.117439	-288.7544	-307.4733	-167.9716	-309.9644	-53.73666	-17.08185	-6.049822	-5.338078	-17.08185	-130.605	143.7722	-31.6726	-4.270463	-6.049822	-6.049822	-17.43772	-4.626335	-8.185054	-5.338078	-17.08185	-4.626335	-8.185054
30.7	-12.81139	714.6406	-2061.299	-338.0782	7.117439	-1289.754	-407.4733	332.0284	-309.9644	46.26334	-17.08185	-6.049822	-5.338078	-17.08185	69.39502	143.7722	-31.6726	-4.270463	-6.049822	-6.049822	-17.43772	-4.626335	-8.185054	-5.338078	-17.08185	-4.626335	-8.185054
30.99	-12.81139	1814.641	-660.2988	161.9218	-92.88256	-1489.754	-507.4733	-567.9716	290.0356	46.26334	-17.08185	-6.049822	-5.338078	-17.08185	-30.60498	-156.2278	-31.6726	-4.270463	-6.049822	-6.049822	-17.43772	-4.626335	-8.185054	-5.338078	-17.08185	-4.626335	-8.185054
31.27	-12.81139	60703.64	-1161.299	-138.0782	-92.88256	3512.246	15098.53	232.0284	190.0356	646.2634	-17.08185	93.95018	-5.338078	-17.08185	28986.39	71245.77	-31.6726	-4.270463	93.95018	-6.049822	382.5623	-4.626335	-8.185054	-5.338078	-17.08185	-4.626335	-8.185054
31.56	87.18861	2482203	-1061.299	961.9218	-92.88256	23327.25	137781.5	132.0284	-209.9644	1146.263	1682.918	393.9502	-5.338078	-17.08185	54028.39	134707.8	-31.6726	195.7295	393.9502	193.9502	782.5623	95.37366	291.8149	-5.338078	-17.08185	95.37366	291.8149
31.84	287.1886	4930216	-961.2988	961.9218	707.1174	59294.25	238745.5	-167.9716	190.0356	2446.263	2682.918	793.9502	-5.338078	82.91815	75082.4	221019.8	-31.6726	95.72954	193.9502	293.9502	782.5623	-4.626335	491.8149	-5.338078	82.91815	-4.626335	491.8149
32.13	187.1886		139.7012	1361.922	407.1174	73535.24	318127.5	-67.97156	-209.9644	2546.263	3282.918	993.9502	94.66192	182.9182	50520.39	179689.8	168.3274	295.7295	793.9502	293.9502	582.5623	95.37366	291.8149	94.66192	182.9182	95.37366	291.8149
32.41	687.1886		1539.701	661.9218	507.1174	81161.24	332514.5	232.0284	-9.964355	3946.263	4082.918	693.9502	-5.338078	-17.08185	71772.4	201757.8	68.3274	-4.270463	593.9502	293.9502	1082.562	195.3737	591.8149	-5.338078	-17.08185	195.3737	591.8149
32.7	387.1886		-861.2988	761.9218	507.1174	82967.24	420226.5	232.0284	-9.964355	3646.263	3782.918	993.9502	94.66192	-17.08185	99266.4	353542.8	68.3274	595.7296	93.95018	193.9502	382.5623	195.3737	891.8149	94.66192	-17.08185	195.3737	891.8149
32.99	187.1886		739.7012	1061.922	807.1174	82867.24	427651.5	132.0284	590.0356	3646.263	4682.918	493.9502	-5.338078	82.91815	485949.4	1259686	68.3274	-4.270463	93.95018	93.95018	682.5623	195.3737	791.8149	-5.338078	82.91815	195.3737	791.8149
33.28	187.1886		339.7012	1461.922	1407.117	93306.24	530604.5	632.0284	590.0356	3146.263	8383.918	993.9502	-5.338078	182.9182	9897846	2.655508e+07	-31.6726	495.7295	693.9502	1293.95	4282.562	-4.626335	491.8149	-5.338078	182.9182	-4.626335	491.8149
33.56	3187.189		2639.701	8463.922	4807.118	115302.2	564230.5	432.0284	490.0356	6347.263	15587.92	793.9502	94.66192	182.9182	3.055957e+07	8.681839e+07	268.3274	995.7296	1093.95	4593.95	7783.562	95.37366	691.8149	94.66192	182.9182	95.37366	691.8149
33.85	2287.189		2339.701	13565.92	7008.118	83067.24	441998.5	1632.028	1690.036	7147.263	23493.92	993.9502	94.66192	582.9182	4.686758e+07	1.294239e+08	368.3274	1395.729	593.9502	7994.95	6683.562	-4.626335	591.8149	94.66192	582.9182	-4.626335	591.8149
34.14	3387.189		2639.701	19469.92	8308.117	76344.24	354109.5	1432.028	2190.036	7247.263	36208.92	993.9502	-5.338078	682.9182	6.607979e+07	1.842369e+08	368.3274	2295.729	493.9502	9995.95	10184.56	195.3737	1091.815	-5.338078	682.9182	195.3737	1091.815
34.42	3687.189	4703356	2039.701	29980.92	9409.117	67718.24	279163.5	1532.028	1690.036	9248.264	42718.92	693.9502	-5.338078	682.9182	8.203251e+07	2.303068e+08	168.3274	3395.729	193.9502	13297.95	9284.562	95.37366	1091.815	-5.338078	682.9182	95.37366	1091.815
34.71	4687.188	4073158	2739.701	28779.92	8108.118	39451.25	224815.5	1232.028	4391.036	6347.263	46425.92	593.9502	-5.338078	382.9182	8.950066e+07	2.483354e+08	668.3274	2895.729	293.9502	11696.95	7483.562	-4.626335	-8.185054	-5.338078	382.9182	-4.626335	-8.185054
34.99	5988.188	3537238	3340.701	26776.92	13311.12	34843.25	196476.5	1532.028	2890.036	8147.263	52537.92	693.9502	-5.338078	1082.918	1.025387e+08	2.924078e+08	268.3274	3795.729	293.9502	8695.95	13085.56	-4.626335	191.8149	-5.338078	1082.918	-4.626335	191.8149
35.28	6088.188	2753372	5340.701	26176.92	18114.12	31337.25	170384.5	3232.028	3190.036	6847.263	48729.92	893.9502	-5.338078	582.9182	1.111699e+08	3.164489e+08	468.3274	2995.729	393.9502	10695.95	10384.56	-4.626335	291.8149	-5.338078	582.9182	-4.626335	291.8149
35.57	7288.188	2405504	3840.701	24274.92	17913.12	35744.25	145525.5	3032.028	4391.036	7847.263	48028.92	693.9502	-5.338078	882.9182	1.17125e+08	3.68542e+08	668.3274	2895.729	393.9502	9195.95	6883.562	95.37366	191.8149	-5.338078	882.9182	95.37366	191.8149
35.85	5288.188	2305047	3840.701	22472.92	18914.12	20824.25	116371.5	2732.028	4191.036	6547.263	40815.92	293.9502	-5.338078	1082.918	1.258207e+08	3.845718e+08	168.3274	2395.729	293.9502	6894.95	13286.56	-4.626335	891.8149	-5.338078	1082.918	-4.626335	891.8149
36.14	7288.188	1808267	2639.701	24274.92	19214.12	21725.25	109038.5	3432.028	2290.036	7547.263	39113.92	493.9502	-5.338078	482.9182	1.176642e+08	3.68542e+08	968.3274	1895.729	293.9502	8695.95	11285.56	-4.626335	691.8149	-5.338078	482.9182	-4.626335	691.8149
36.42	5188.188	1649922	3640.701	26776.92	16913.12	16220.25	101204.5	2032.028	3190.036	11149.26	33605.92	93.95018	-5.338078	682.9182	1.232215e+08	2.863977e+08	868.3274	1895.729	393.9502	9495.95	11485.56	-4.626335	691.8149	-5.338078	682.9182	-4.626335	691.8149
36.71	4287.188	1350145	4340.701	29880.92	14511.12	15719.25	95782.52	2832.028	4491.036	8147.263	38712.92	93.95018	-5.338078	582.9182	1.246815e+08	3.144455e+08	768.3274	1495.729	593.9502	11396.95	11785.56	-4.626335	1191.815	-5.338078	582.9182	-4.626335	1191.815
36.99	3987.189	1154977	4840.701	36790.92	13911.12	13918.25	88254.52	3232.028	4191.036	12849.26	37009.92	193.9502	-5.338078	1182.918	1.335273e+08	3.945906e+08	1868.327	1395.729	393.9502	10095.95	10484.56	-4.626335	1091.815	-5.338078	1182.918	-4.626335	1091.815
37.28	4387.188	1371043	3340.701	36489.92	11110.12	12717.25	96887.52	2532.028	2890.036	11549.26	36208.92	193.9502	-5.338078	1482.918	1.310102e+08	3.344805e+08	1768.327	1695.729	393.9502	15498.95	8483.562	-4.626335	1691.815	-5.338078	1482.918	-4.626335	1691.815
37.57	3887.189	940927.6	4440.701	51516.92	10709.12	11916.25	66385.52	2132.028	4491.036	12249.26	39814.92	193.9502	-5.338078	982.9182	1.298255e+08	3.444984e+08	2468.327	1095.729	193.9502	19401.95	10684.56	-4.626335	1491.815	-5.338078	982.9182	-4.626335	1491.815
37.85	2987.189	722177.6	4140.701	51316.92	9509.117	12617.25	73004.52	2232.028	3891.036	15651.26	38912.92	193.9502	-5.338078	1682.918	1.365442e+08	3.204559e+08	1968.327	1095.729	293.9502	29611.95	11185.56	-4.626335	2191.815	-5.338078	1682.918	-4.626335	2191.815
38.14	3087.189	754416.6	3240.701	62542.92	8208.117	8914.246	77016.52	2232.028	3591.036	16952.26	42819.92	93.95018	-5.338078	1582.918	1.262736e+08	4.086173e+08	2468.327	1395.729	393.9502	28810.95	10984.56	-4.626335	2191.815	-5.338078	1582.918	-4.626335	2191.815
38.42	2687.189	658334.6	3240.701	67555.92	6808.118	9615.246	57462.53	2532.028	3891.036	18353.26	46024.92	193.9502	-5.338078	2082.918	1.41175e+08	4.166328e+08	2968.327	995.7296	193.9502	41928.95	9784.562	-4.626335	1991.815	-5.338078	2082.918	-4.626335	1991.815
38.71	1587.189	545539.6	4840.701	72268.92	4907.118	11516.25	70196.52	2432.028	3090.036	19654.26	38412.92	93.95018	-5.338078	1182.918	1.327368e+08	3.204559e+08	2368.327	695.7296	93.95018	44633.95	9584.562	-4.626335	1991.815	-5.338078	1182.918	-4.626335	1991.815
39	1687.189	492746.6	2839.701	84407.92	2907.117	6813.246	64580.53	2332.028	3791.036	21355.26	46525.92	93.95018	-5.338078	2082.918	1.38083e+08	3.605274e+08	3368.327	1695.729	393.9502	57359.95	12185.56	-4.626335	4891.815	-5.338078	2082.918	-4.626335	4891.815
39.28	1587.189	343139.6	3940.701	90328.92	2407.117	2911.246	67388.52	2632.028	4791.036	27061.26	48329.92	93.95018	-5.338078	1982.918	1.173116e+08	3.665384e+08	3868.327	1395.729	193.9502	71595.95	10684.56	-4.626335	3691.815	-5.338078	1982.918	-4.626335	3691.815
39.57	487.1886	376320.6	1939.701	106693.9	2307.117	4812.246	64681.53	2232.028	3991.036	27161.26	52237.92	93.95018	-5.338078	2982.918	1.43026e+08	3.805643e+08	4868.328	495.7295	693.9502	83432.95	11285.56	-4.626335	3791.815	-5.338078	2982.918	-4.626335	3791.815
39.86	387.1886	354702.6	1639.701	107797.9	2907.117	3512.246	49344.53	2532.028	3190.036	29764.26	51535.92	193.9502	-5.338078	1982.918	1.360461e+08	3.204559e+08	5369.328	1795.729	-6.049822	86743.95	11485.56	-4.626335	4391.815	-5.338078	1982.918	-4.626335	4391.815
40.14	987.1886	226695.6	1239.701	107195.9	2007.117	2811.246	56059.53	2232.028	2890.036	32667.26	53840.92	293.9502	-5.338078	2582.918	1.391971e+08	3.485056e+08	4468.328	1995.729	193.9502	116163	11084.56	-4.626335	5892.815	-5.338078	2582.918	-4.626335	5892.815
40.43	1687.189	356325.6	3240.701	108500.9	3207.117	1411.246	55257.53	3232.028	3390.036	29163.26	56646.92	993.9502	-5.338078	2482.918	1.27311e+08	3.044282e+08	3868.327	1695.729	893.9502	159803	11285.56	-4.626335	4391.815	-5.338078	2482.918	-4.626335	4391.815
40.72	1187.189	179602.6	3440.701	101270.9	2107.117	3012.246	53353.53	1932.028	2590.036	28062.26	54141.92	593.9502	-5.338078	2782.918	1.284511e+08	3.424948e+08	5169.328	1495.729	93.95018	330159.9	10984.56	-4.626335	4591.815	-5.338078	2782.918	-4.626335	4591.815
41	3387.189	193307.6	5340.701	107898.9	2607.117	3312.246	74308.52	4332.028	3491.036	26860.26	65768.92	2693.95	-5.338078	3582.918	1.382442e+08	4.34668e+08	5869.328	1895.729	193.9502	488214.9	12885.56	-4.626335	5492.815	-5.338078	3582.918	-4.626335	5492.815
41.29	4587.188	141549.6	2739.701	102274.9	3207.117	6813.246	58264.53	1332.028	3290.036	29163.26	69579.92	2393.95	-5.338078	1382.918	1.390358e+08	3.745531e+08	4768.328	3595.729	193.9502	548239.9	12085.56	-4.626335	5692.815	-5.338078	1382.918	-4.626335	5692.815
41.57	8188.188	151108.6	4240.701	110911.9	5608.118	5513.246	56861.53	1832.028	2190.036	24959.26	76198.92	4193.95	-5.338078	3082.918	1.232774e+08	3.565201e+08	3168.327	3095.729	-6.049822	598779.9	11084.56	-4.626335	6392.815	-5.338078	3082.918	-4.626335	6392.815
41.86	7188.188	176177.6	3140.701	112719.9	5108.118	4412.246	56761.53	3032.028	3791.036	22756.26	82217.92	4893.95	-5.338078	3182.918	1.423949e+08	4.066135e+08	3568.327	3295.729	93.95018	580352.9	11985.56	-4.626335	4591.815	-5.338078	3182.918	-4.626335	4591.815
42.15	6288.188	76651.64	3840.701	102174.9	6308.118	3212.246	48443.53	3832.028	3491.036	22356.26	68375.92	4293.95	-5.338078	2982.918	1.311565e+08	3.725494e+08	3068.327	2795.729	293.9502	533935.9	9684.562	-4.626335	4391.815	-5.338078	2982.918	-4.626335	4391.815
42.43	7388.188	79761.64	3540.701	97655.92	3707.117	2511.246	43834.53	3032.028	3390.036	24358.26	78906.92	2593.95	-5.338078	3582.918	1.332491e+08	3.705457e+08	2668.327	2995.729	293.9502	400678.9	10484.56	-4.626335	3891.815	-5.338078	3582.918	-4.626335	3891.815
42.72	5388.188	69227.64	4140.701	103278.9	4307.118	1211.246	44635.53	3032.028	3090.036	27561.26	86130.92	2693.95	-5.338078	5283.918	1.391091e+08	3.805643e+08	2768.327	4195.729	-6.049822	360981.9	10084.56	-4.626335	4791.815	-5.338078	5283.918	-4.626335	4791.815
43.01	5388.188	56893.64	2439.701	107597.9	2707.117	811.2456	42031.53	1932.028	2690.036	29664.26	77703.92	1793.95	-5.338078	3582.918	1.332052e+08	3.62531e+08	2468.327	2795.729	93.95018	279851.9	9884.562	95.37366	5292.815	-5.338078	3582.918	95.37366	5292.815
43.29	5788.188	60502.64	3140.701	119250.9	1807.117	-88.75439	63177.53	3932.028	2990.036	33869.26	79910.92	1993.95	-5.338078	5483.918	1.400623e+08	3.505092e+08	2468.327	3295.729	93.95018	234690	10584.56	-4.626335	5492.815	-5.338078	5483.918	-4.626335	5492.815
43.58	7388.188	56492.64	1939.701	143176.9	1807.117	511.2456	37723.53	3732.028	2990.036	31065.26	87535.92	1393.95	-5.338078	5783.918	1.371977e+08	3.665384e+08	3768.327	4195.729	193.9502	207048	10884.56	-4.626335	5492.815	-5.338078	5783.918	-4.626335	5492.815
43.86	11590.19	57695.64	3740.701	163400.9	1607.117	611.2456	30012.53	2232.028	3390.036	30364.26	79609.92	1893.95	94.66192	4882.918	1.293575e+08	3.865756e+08	1368.327	3895.729	293.9502	195052	12685.56	-4.626335	5992.815	94.66192	4882.918	-4.626335	5992.815
44.15	12290.19	54988.64	3640.701	184850.9	2607.117	1311.246	33217.53	2532.028	5591.036	28362.26	93155.92	2493.95	-5.338078	5583.918	1.336737e+08	3.805643e+08	2268.327	3495.729	-6.049822	172286	11985.56	-4.626335	5592.815	-5.338078	5583.918	-4.626335	5592.815
44.44	22897.19	39455.64	2639.701	187973.9	5108.118	-588.7544	25507.53	3032.028	3791.036	27361.26	91951.92	4193.95	-5.338078	5183.918	1.292432e+08	3.725494e+08	2368.327	5296.729	393.9502	172286	9484.562	-4.626335	5292.815	-5.338078	5183.918	-4.626335	5292.815
44.72	25500.19	34446.64	1139.701	182935.9	8609.117	-288.7544	26608.53	3132.028	3691.036	25960.26	82117.92	2793.95	-5.338078	5583.918	1.354455e+08	4.046097e+08	2068.327	3195.729	-6.049822	145013	10884.56	-4.626335	4291.815	-5.338078	5583.918	-4.626335	4291.815
45.01	32308.19	23831.64	3540.701	159777.9	14611.12	1011.246	28811.53	4132.028	4491.036	28763.26	85127.92	2693.95	-5.338078	3282.918	1.403556e+08	3.965944e+08	1568.327	3295.729	93.95018	126413	10384.56	-4.626335	4591.815	-5.338078	3282.918	-4.626335	4591.815
45.29	33309.19	27436.64	3640.701	126586.9	13711.12	-889.7544	25607.53	1932.028	4691.036	22856.26	82618.92	2893.95	-5.338078	4082.918	1.463154e+08	3.725494e+08	2268.327	3695.729	93.95018	119278	9384.562	-4.626335	4791.815	-5.338078	4082.918	-4.626335	4791.815
45.58	37315.19	29839.64	2439.701	109003.9	14111.12	-1289.754	25407.53	2032.028	3090.036	24158.26	67373.92	2493.95	-5.338078	4382.918	1.410304e+08	3.68542e+08	2168.327	2595.729	93.95018	114556	11084.56	95.37366	5092.815	-5.338078	4382.918	95.37366	5092.815
45.87	29404.19	26935.64	2139.701	87518.92	9109.117	411.2456	23605.53	2632.028	3190.036	23457.26	56345.92	1693.95	-5.338078	3482.918	1.260398e+08	3.665384e+08	2068.327	2395.729	93.95018	100194	9084.562	-4.626335	4091.815	-5.338078	3482.918	-4.626335	4091.815
46.15	26901.19	20027.64	3140.701	72168.92	10409.12	811.2456	31514.53	3132.028	2790.036	21956.26	58551.92	793.9502	94.66192	3482.918	1.32371e+08	3.605274e+08	2268.327	2695.729	293.9502	97182.95	12285.56	-4.626335	4291.815	94.66192	3482.918	-4.626335	4291.815
46.44	25700.19	20828.64	3940.701	66853.92	7508.118	-689.7544	28210.53	2932.028	3290.036	22856.26	53940.92	1393.95	-5.338078	3582.918	1.371303e+08	3.024248e+08	2968.327	1995.729	193.9502	89754.95	11084.56	-4.626335	3591.815	-5.338078	3582.918	-4.626335	3591.815
46.72	24099.19	23331.64	3840.701	60637.92	9309.117	1211.246	35119.53	3632.028	4091.036	28662.26	59352.92	693.9502	-5.338078	3582.918	1.474321e+08	3.745531e+08	3668.327	1795.729	93.95018	81225.95	12185.56	-4.626335	4591.815	-5.338078	3582.918	-4.626335	4591.815
47.01	27102.19	23431.64	2439.701	61740.92	14912.12	-889.7544	36722.53	2532.028	2890.036	24758.26	58651.92	693.9502	94.66192	5083.918	1.377458e+08	4.166328e+08	4068.327	1095.729	93.95018	71395.95	12985.56	-4.626335	3691.815	94.66192	5083.918	-4.626335	3691.815
47.29	26601.19	26134.64	5140.701	60136.92	13511.12	-488.7544	36622.53	1832.028	4991.036	24858.26	58450.92	993.9502	-5.338078	4182.918	1.370864e+08	3.485056e+08	3468.327	1495.729	193.9502	54452.95	12085.56	-4.626335	3991.815	-5.338078	4182.918	-4.626335	3991.815
47.58	28703.19	21829.64	1839.701	52017.92	18314.12	-388.7544	33717.53	2232.028	3190.036	23958.26	50433.92	693.9502	-5.338078	4382.918	1.345375e+08	3.264664e+08	3368.327	2395.729	193.9502	47638.95	10084.56	-4.626335	3391.815	-5.338078	4382.918	-4.626335	3391.815
47.87	34511.19	23030.64	3940.701	51015.92	42944.12	-1389.754	37523.53	1632.028	3791.036	25359.26	56847.92	293.9502	-5.338078	3282.918	1.416319e+08	3.565201e+08	2468.327	1795.729	-6.049822	49742.95	12685.56	95.37366	3591.815	-5.338078	3282.918	95.37366	3591.815
48.15	41722.19	19827.64	3940.701	58131.92	81239.12	-889.7544	37223.53	1832.028	2890.036	24258.26	57949.92	593.9502	-5.338078	3182.918	1.356213e+08	3.545164e+08	3368.327	2295.729	-6.049822	45134.95	12885.56	-4.626335	3191.815	-5.338078	3182.918	-4.626335	3191.815
48.44	47532.19	27336.64	4040.701	59133.92	121000.1	-388.7544	35119.53	1932.028	4691.036	27761.26	66972.92	893.9502	-5.338078	3182.918	1.371977e+08	4.627241e+08	3668.327	2395.729	-6.049822	47739.95	10784.56	-4.626335	2591.815	-5.338078	3182.918	-4.626335	2591.815
48.73	52041.19	20027.64	3740.701	62742.92	146335.1	811.2456	34619.53	3032.028	4691.036	28062.26	65067.92	693.9502	-5.338078	2382.918	1.360314e+08	3.62531e+08	2668.327	2495.729	193.9502	51245.95	10584.56	-4.626335	3291.815	-5.338078	2382.918	-4.626335	3291.815
49.01	65974.19	23731.64	3240.701	68357.92	166963.1	1711.246	37223.53	2132.028	3591.036	28562.26	72888.92	893.9502	-5.338078	1882.918	1.511184e+08	4.126251e+08	2868.327	1695.729	93.95018	55555.95	10984.56	-4.626335	3191.815	-5.338078	1882.918	-4.626335	3191.815
49.3	69684.19	51480.64	3040.701	59133.92	183982.1	1911.246	30613.53	2532.028	3791.036	24858.26	74994.92	693.9502	-5.338078	2482.918	1.379657e+08	3.885793e+08	2268.327	2995.729	93.95018	70693.95	13786.56	-4.626335	2691.815	-5.338078	2482.918	-4.626335	2691.815
49.58	76404.19	26234.64	5340.701	67956.92	217248.1	1411.246	36221.53	3632.028	3791.036	25559.26	79207.92	1393.95	-5.338078	2882.918	1.457718e+08	4.426839e+08	2868.327	3795.729	93.95018	60065.95	10484.56	-4.626335	3291.815	-5.338078	2882.918	-4.626335	3291.815
49.87	72993.19	21829.64	4140.701	66753.92	193957.1	511.2456	35019.53	3732.028	2790.036	23157.26	71484.92	1593.95	-5.338078	1782.918	1.272546e+08	3.805643e+08	3268.327	2195.729	293.9502	69189.95	11084.56	-4.626335	3691.815	-5.338078	1782.918	-4.626335	3691.815
50.16	86035.19	19627.64	2439.701	64547.92	203331.1	1511.246	29612.53	2932.028	4391.036	22156.26	71986.92	1593.95	-5.338078	1482.918	1.436719e+08	4.106212e+08	3668.327	2395.729	393.9502	73401.95	11685.56	-4.626335	2991.815	-5.338078	1482.918	-4.626335	2991.815
50.44	84429.19	126566.6	3440.701	65750.92	220677.1	511.2456	31514.53	2832.028	4491.036	17452.26	75696.92	1793.95	-5.338078	1382.918	1.495342e+08	3.424948e+08	2368.327	3795.729	293.9502	84736.95	12085.56	-4.626335	2891.815	-5.338078	1382.918	-4.626335	2891.815
50.73	100991.2	23831.64	3840.701	56427.92	274507.1	411.2456	25006.53	2232.028	4991.036	19253.26	75396.92	3593.95	-5.338078	1482.918	1.41984e+08	3.645347e+08	1968.327	2495.729	193.9502	80522.95	10684.56	-4.626335	3191.815	-5.338078	1482.918	-4.626335	3191.815
51.01	111033.2	20928.64	4340.701	53721.92	397646.1	-1289.754	27609.53	2832.028	4691.036	18553.26	76198.92	3893.95	-5.338078	1182.918	1.447878e+08	4.166328e+08	2168.327	3995.729	293.9502	80121.95	13185.56	-4.626335	3291.815	-5.338078	1182.918	-4.626335	3291.815
51.3	121682.2	20728.64	2139.701	52518.92	558683.1	-689.7544	21503.53	2832.028	5191.036	19354.26	84926.92	3893.95	94.66192	1482.918	1.378924e+08	3.585237e+08	2068.327	2695.729	393.9502	89854.95	11084.56	-4.626335	4391.815	94.66192	1482.918	-4.626335	4391.815
51.59	133945.2	24832.64	2639.701	57930.92	658263.1	-989.7544	26008.53	4032.028	3791.036	23457.26	106508.9	6994.95	-5.338078	1582.918	1.451524e+08	3.605274e+08	2568.327	4895.729	493.9502	124001	13886.56	-4.626335	4791.815	-5.338078	1582.918	-4.626335	4791.815
51.87	147320.2	20327.64	4040.701	68157.92	818906.1	711.2456	20202.53	3632.028	2790.036	24658.26	99279.92	5894.95	-5.338078	1682.918	1.436719e+08	3.264664e+08	2668.327	5196.729	1493.95	124302	9184.562	-4.626335	7192.815	-5.338078	1682.918	-4.626335	7192.815
52.16	148728.2	18626.64	2439.701	71265.92	794848.1	1711.246	21403.53	2632.028	4691.036	26260.26	98676.92	6494.95	-5.338078	1582.918	1.384934e+08	4.106212e+08	2068.327	3795.729	493.9502	130132	13886.56	95.37366	7192.815	-5.338078	1582.918	95.37366	7192.815
52.45	135151.2	50879.64	1839.701	70263.92	742371.1	1311.246	26108.53	1932.028	4791.036	29363.26	89040.92	4193.95	-5.338078	2182.918	1.311712e+08	4.086173e+08	2368.327	3695.729	193.9502	95877.95	8583.562	-4.626335	4591.815	-5.338078	2182.918	-4.626335	4591.815
52.73	138469.2	17224.64	1939.701	81196.92	738972.1	11.24561	23705.53	2632.028	3491.036	30264.26	90646.92	3093.95	-5.338078	2282.918	1.27311e+08	3.805643e+08	1468.327	2895.729	293.9502	78215.95	9884.562	-4.626335	6292.815	-5.338078	2282.918	-4.626335	6292.815
53.02	119773.2	15823.64	2439.701	73672.92	623591.1	-288.7544	20402.53	1332.028	2890.036	30364.26	80712.92	2293.95	-5.338078	1582.918	1.3423e+08	3.645347e+08	2168.327	2295.729	293.9502	79419.95	9584.562	-4.626335	4791.815	-5.338078	1582.918	-4.626335	4791.815
53.3	110832.2	18425.64	4040.701	70363.92	558887.1	-1889.754	21503.53	2432.028	3791.036	33669.26	74894.92	2993.95	-5.338078	1882.918	1.237616e+08	3.12442e+08	2468.327	3095.729	593.9502	67384.95	10184.56	-4.626335	3991.815	-5.338078	1882.918	-4.626335	3991.815
53.59	103099.2	15322.64	3040.701	76782.92	488332.1	211.2456	23505.53	1832.028	4191.036	42382.26	82317.92	3193.95	-5.338078	1382.918	1.341275e+08	3.765569e+08	2568.327	2895.729	193.9502	95274.95	9984.562	95.37366	6092.815	-5.338078	1382.918	95.37366	6092.815
53.88	99685.19	16123.64	2940.701	92837.92	474571.1	1211.246	28010.53	2432.028	3591.036	49395.26	86933.92	2993.95	-5.338078	3082.918	1.35343e+08	4.286562e+08	4268.328	2895.729	393.9502	119278	12185.56	-4.626335	5992.815	-5.338078	3082.918	-4.626335	5992.815
54.16	105811.2	18025.64	2839.701	89826.92	420312.1	711.2456	32616.53	2732.028	3891.036	58515.26	83622.92	1093.95	-5.338078	2582.918	1.371977e+08	3.505092e+08	3268.327	3095.729	93.95018	124905	10084.56	95.37366	5292.815	-5.338078	2582.918	95.37366	5292.815
54.45	106513.2	37652.64	2639.701	85109.92	400491.1	-689.7544	33117.53	1932.028	3691.036	53904.26	83622.92	2393.95	-5.338078	2282.918	1.465064e+08	4.146289e+08	3168.327	2995.729	293.9502	131740	9884.562	95.37366	5192.815	-5.338078	2282.918	95.37366	5192.815
54.73	95770.19	13221.64	2239.701	82500.92	358156.1	311.2456	25907.53	3032.028	2490.036	48293.26	76198.92	1993.95	-5.338078	2482.918	1.327515e+08	3.12442e+08	3468.327	2195.729	193.9502	117570	10784.56	-4.626335	6292.815	-5.338078	2482.918	-4.626335	6292.815
55.02	102396.2	19627.64	2239.701	78487.92	362011.1	-789.7544	27109.53	2832.028	3891.036	45387.26	82919.92	2693.95	-5.338078	2082.918	1.432315e+08	3.68542e+08	3668.327	3095.729	493.9502	100998	12285.56	-4.626335	5592.815	-5.338078	2082.918	-4.626335	5592.815
55.31	110732.2	12620.64	1539.701	72068.92	371245.1	711.2456	22204.53	2732.028	3491.036	44686.26	88840.92	2593.95	-5.338078	1682.918	1.392851e+08	3.805643e+08	2268.327	3995.729	693.9502	104914	10984.56	-4.626335	6792.815	-5.338078	1682.918	-4.626335	6792.815
55.59	117663.2	13421.64	2439.701	74876.92	377030.1	1411.246	26608.53	3232.028	4091.036	38776.26	98978.92	3593.95	-5.338078	1582.918	1.521378e+08	4.36672e+08	2668.327	3095.729	1093.95	174098	12785.56	-4.626335	7992.815	-5.338078	1582.918	-4.626335	7992.815
55.88	115955.2	18726.64	939.7012	74274.92	359271.1	3212.246	24806.53	2632.028	2990.036	30364.26	97572.92	10195.95	-5.338078	2382.918	1.420427e+08	3.90583e+08	3168.327	3295.729	1193.95	389199.9	13486.56	195.3737	9993.815	-5.338078	2382.918	195.3737	9993.815
56.16	131733.2	22930.64	3740.701	75378.92	345378.1	16120.25	23805.53	2932.028	3991.036	25459.26	102291.9	20702.95	-5.338078	2282.918	1.332204e+08	3.90583e+08	3468.327	3395.729	893.9502	656399.9	11185.56	95.37366	10793.82	-5.338078	2282.918	95.37366	10793.82
56.45	134045.2	40557.64	1939.701	67455.92	314777.1	22926.25	23205.53	3232.028	4191.036	24258.26	100785.9	19100.95	94.66192	2082.918	1.212888e+08	3.885793e+08	4368.328	4195.729	2493.95	640391.9	10684.56	-4.626335	10393.82	94.66192	2082.918	-4.626335	10393.82
56.74	135051.2	28537.64	3140.701	57429.92	278147.1	19623.25	24906.53	2732.028	2390.036	21255.26	111129.9	21903.95	-5.338078	1982.918	1.436719e+08	4.186367e+08	3068.327	2795.729	2193.95	722484.9	10084.56	-4.626335	11093.82	-5.338078	1982.918	-4.626335	11093.82
57.02	136358.2	34747.64	2339.701	49913.92	248436.1	13117.25	28911.53	3232.028	5091.036	21756.26	103496.9	17999.95	-5.338078	3282.918	1.423509e+08	3.605274e+08	2668.327	3495.729	993.9502	625419.9	11485.56	95.37366	9093.815	-5.338078	3282.918	95.37366	9093.815
57.31	126004.2	34947.64	2039.701	49111.92	197585.1	9415.246	37323.53	2632.028	3290.036	21255.26	85127.92	14697.95	-5.338078	3382.918	1.293137e+08	3.725494e+08	1968.327	2095.729	1593.95	724131.9	12985.56	-4.626335	9593.815	-5.338078	3382.918	-4.626335	9593.815
57.6	115453.2	41359.64	3040.701	51516.92	158207.1	6913.246	38825.53	2832.028	2790.036	22056.26	87234.92	12696.95	-5.338078	3882.918	1.314491e+08	4.066135e+08	4968.328	2295.729	993.9502	806495.9	12385.56	-4.626335	9393.815	-5.338078	3882.918	-4.626335	9393.815
57.88	96975.19	48473.64	3840.701	52819.92	124215.1	6913.246	39626.53	2032.028	2390.036	23157.26	82719.92	9495.95	-5.338078	2382.918	1.316101e+08	3.064316e+08	5969.328	1895.729	593.9502	1015925	9284.562	-4.626335	12894.82	-5.338078	2382.918	-4.626335	12894.82
58.17	105710.2	89597.64	3340.701	49211.92	111857.1	8414.246	37122.53	2632.028	3290.036	18953.26	89141.92	10695.95	-5.338078	3282.918	1.347718e+08	3.444984e+08	4468.328	2995.729	793.9502	1146599	9384.562	-4.626335	10693.82	-5.338078	3282.918	-4.626335	10693.82
58.45	114750.2	80664.64	3540.701	50815.92	106433.1	7013.246	44836.53	2932.028	4991.036	18853.26	83321.92	9195.95	-5.338078	2582.918	1.434664e+08	4.046097e+08	5369.328	2395.729	693.9502	991887.9	9984.562	-4.626335	10793.82	-5.338078	2582.918	-4.626335	10793.82
58.74	120678.2	84377.64	3840.701	47107.92	132759.1	6113.246	41730.53	2832.028	2290.036	18453.26	90245.92	9295.95	-5.338078	2882.918	1.352844e+08	3.364841e+08	5669.328	3195.729	393.9502	735763.9	11084.56	-4.626335	7492.815	-5.338078	2882.918	-4.626335	7492.815
59.02	122386.2	85481.64	3040.701	41597.92	169178.1	4712.246	35720.53	2432.028	4691.036	19854.26	86532.92	7294.95	-5.338078	2782.918	1.268726e+08	3.344805e+08	3268.327	1395.729	293.9502	529134.9	10384.56	-4.626335	7892.815	-5.338078	2782.918	-4.626335	7892.815
59.31	139073.2	58397.64	4340.701	43901.92	215533.1	3812.246	33918.53	2832.028	3190.036	18553.26	95364.92	5194.95	-5.338078	3082.918	1.25266e+08	3.665384e+08	5269.328	2795.729	393.9502	405658.9	11185.56	-4.626335	8392.815	-5.338078	3082.918	-4.626335	8392.815
59.6	127913.2	43763.64	2839.701	57129.92	264197.1	2411.246	31915.53	2732.028	3691.036	26760.26	103395.9	4893.95	-5.338078	3682.918	1.407076e+08	3.545164e+08	3868.327	2995.729	93.95018	317193.9	12985.56	-4.626335	7792.815	-5.338078	3682.918	-4.626335	7792.815
59.88	116257.2	34246.64	3440.701	58632.92	258841.1	2911.246	37223.53	1932.028	4391.036	36373.26	88238.92	4393.95	-5.338078	2482.918	1.367787e+08	3.204559e+08	3568.327	2095.729	93.95018	264081.9	12285.56	-4.626335	9093.815	-5.338078	2482.918	-4.626335	9093.815
60.17	108823.2	31842.64	2239.701	69260.92	268138.1	1211.246	31815.53	2232.028	3290.036	42482.26	95464.92	3593.95	-5.338078	2182.918	1.372036e+08	3.565201e+08	3068.327	3095.729	393.9502	240344	10984.56	-4.626335	7192.815	-5.338078	2182.918	-4.626335	7192.815
60.46	103099.2	30540.64	3040.701	79892.92	314069.1	811.2456	32215.53	3532.028	3491.036	50397.26	90445.92	3193.95	-5.338078	1282.918	1.341129e+08	4.086173e+08	3668.327	2895.729	93.95018	198882	13886.56	-4.626335	6792.815	-5.338078	1282.918	-4.626335	6792.815
60.74	123692.2	24132.64	2439.701	76481.92	442287.1	411.2456	31014.53	3232.028	3491.036	36673.26	90947.92	4493.95	-5.338078	2882.918	1.41175e+08	3.444984e+08	2768.327	2795.729	-6.049822	185782	11685.56	95.37366	5292.815	-5.338078	2882.918	95.37366	5292.815
61.03	126104.2	18325.64	1939.701	66653.92	586816.1	-588.7544	24906.53	2432.028	3991.036	30965.26	91148.92	6394.95	-5.338078	1382.918	1.347572e+08	3.845718e+08	2168.327	4395.729	493.9502	168359	12685.56	-4.626335	6692.815	-5.338078	1382.918	-4.626335	6692.815
61.31	132839.2	18325.64	2239.701	59935.92	626769.1	-989.7544	21103.53	3332.028	2390.036	24158.26	87635.92	6194.95	94.66192	2082.918	1.328832e+08	3.805643e+08	2368.327	2495.729	393.9502	145919	11885.56	-4.626335	3891.815	94.66192	2082.918	-4.626335	3891.815
61.6	122185.2	19026.64	1739.701	57630.92	563284.1	-689.7544	22404.53	2932.028	1890.036	22656.26	85127.92	6094.95	-5.338078	1282.918	1.073689e+08	4.066135e+08	1768.327	3395.729	293.9502	160709	13185.56	95.37366	3791.815	-5.338078	1282.918	95.37366	3791.815
61.89	105610.2	17024.64	2940.701	52318.92	449616.1	1011.246	21403.53	2132.028	4591.036	22756.26	80812.92	7094.95	-5.338078	1282.918	1.35094e+08	4.086173e+08	1368.327	4695.729	693.9502	239940	12185.56	-4.626335	4991.815	-5.338078	1282.918	-4.626335	4991.815
62.17	101794.2	22029.64	3040.701	56427.92	381294.1	-1189.754	21803.53	2832.028	4191.036	21856.26	82117.92	9195.95	-5.338078	1382.918	1.232774e+08	4.106212e+08	1968.327	3095.729	593.9502	307371.9	11685.56	-4.626335	3291.815	-5.338078	1382.918	-4.626335	3291.815
62.46	91253.19	18926.64	3540.701	56728.92	339599.1	-588.7544	23205.53	2232.028	3190.036	18453.26	84625.92	9895.95	-5.338078	982.9182	1.335712e+08	3.404912e+08	2568.327	1895.729	693.9502	326511.9	10884.56	-4.626335	3991.815	-5.338078	982.9182	-4.626335	3991.815
62.74	80516.19	17524.64	1939.701	50414.92	302629.1	-488.7544	27009.53	3032.028	3190.036	21255.26	80110.92	10595.95	-5.338078	982.9182	1.363538e+08	3.785605e+08	2268.327	2695.729	793.9502	379654.9	10584.56	-4.626335	3591.815	-5.338078	982.9182	-4.626335	3591.815
63.03	81118.19	16724.64	1739.701	50113.92	248537.1	211.2456	25507.53	3132.028	2890.036	18953.26	80913.92	12996.95	-5.338078	1382.918	1.363538e+08	3.565201e+08	2868.327	2795.729	493.9502	365343.9	13686.56	-4.626335	3291.815	-5.338078	1382.918	-4.626335	3291.815
63.32	74498.19	18525.64	3440.701	48009.92	224209.1	711.2456	30012.53	2232.028	5491.036	19053.26	78505.92	8394.95	-5.338078	1382.918	1.406636e+08	3.525128e+08	2368.327	2995.729	793.9502	357126.9	12585.56	-4.626335	3991.815	-5.338078	1382.918	-4.626335	3991.815
63.6	73796.19	20127.64	2239.701	52819.92	186601.1	-989.7544	25907.53	2032.028	3090.036	20354.26	78605.92	8995.95	-5.338078	2482.918	1.380097e+08	4.00602e+08	2668.327	1895.729	393.9502	349012.9	11985.56	-4.626335	3191.815	-5.338078	2482.918	-4.626335	3191.815
63.89	65874.19	22530.64	1139.701	61539.92	184486.1	111.2456	31514.53	2732.028	2890.036	25759.26	73490.92	6894.95	-5.338078	2782.918	1.392264e+08	3.765569e+08	2468.327	2395.729	593.9502	393161.9	12085.56	-4.626335	4591.815	-5.338078	2782.918	-4.626335	4591.815
64.17	59959.19	24832.64	2139.701	63544.92	142814.1	311.2456	33517.53	2332.028	5191.036	26260.26	70682.92	5694.95	-5.338078	2582.918	1.346254e+08	3.404912e+08	2868.327	3095.729	193.9502	399154.9	10084.56	-4.626335	2991.815	-5.338078	2582.918	-4.626335	2991.815
64.46	47031.19	23331.64	2439.701	72970.92	104325.1	-188.7544	33818.53	2532.028	3290.036	27761.26	73289.92	4293.95	-5.338078	2882.918	1.327076e+08	3.785605e+08	2368.327	2895.729	-6.049822	344044.9	9284.562	-4.626335	5092.815	-5.338078	2882.918	-4.626335	5092.815
64.75	34911.19	27035.64	3740.701	67154.92	79233.12	1311.246	38925.53	2332.028	4391.036	34370.26	67674.92	3993.95	-5.338078	2982.918	1.271795e+08	3.32477e+08	2368.327	2595.729	293.9502	290167.9	10784.56	-4.626335	4491.815	-5.338078	2982.918	-4.626335	4491.815
65.03	26101.19	28337.64	3240.701	59534.92	70306.12	-789.7544	39827.53	2232.028	2890.036	39577.26	61257.92	2493.95	-5.338078	3982.918	1.291674e+08	3.485056e+08	3068.327	2095.729	93.95018	236709	10784.56	-4.626335	5192.815	-5.338078	3982.918	-4.626335	5192.815
65.32	22297.19	32343.64	2039.701	60336.92	55268.12	-1389.754	39827.53	1932.028	3791.036	39577.26	68275.92	1793.95	-5.338078	3582.918	1.344936e+08	3.384877e+08	3568.327	2795.729	93.95018	217335	10984.56	-4.626335	4991.815	-5.338078	3582.918	-4.626335	4991.815
65.61	18594.19	24832.64	3540.701	53019.92	45148.12	-1489.754	40828.53	2132.028	2590.036	35371.26	65267.92	1893.95	-5.338078	2882.918	1.321222e+08	3.945906e+08	2568.327	2395.729	-6.049822	177421	12585.56	-4.626335	4891.815	-5.338078	2882.918	-4.626335	4891.815
65.89	16793.19	41659.64	2940.701	49211.92	40440.12	-889.7544	37824.53	2132.028	3691.036	34670.26	55043.92	3093.95	-5.338078	3482.918	1.264489e+08	3.32477e+08	2968.327	1895.729	93.95018	158495	8383.562	-4.626335	3591.815	-5.338078	3482.918	-4.626335	3591.815
66.18	17693.19	20127.64	2639.701	41798.92	30826.12	311.2456	28110.53	2232.028	2990.036	28162.26	54441.92	1693.95	-5.338078	1882.918	1.187575e+08	3.084351e+08	1568.327	1695.729	93.95018	123699	9084.562	-4.626335	2991.815	-5.338078	1882.918	-4.626335	2991.815
66.46	15892.19	14221.64	2739.701	35988.92	33129.12	-989.7544	25107.53	2332.028	4191.036	24158.26	43921.92	1493.95	-5.338078	2282.918	1.008265e+08	2.723744e+08	1568.327	1295.729	193.9502	168258	8183.562	-4.626335	2591.815	-5.338078	2282.918	-4.626335	2591.815
66.75	13391.19	12820.64	2139.701	30281.92	31227.12	-188.7544	21703.53	1432.028	3290.036	15451.26	37510.92	1793.95	-5.338078	782.9182	9.792647e+07	2.583515e+08	1468.327	1395.729	293.9502	337455.9	8784.562	-4.626335	3091.815	-5.338078	782.9182	-4.626335	3091.815
67.03	11490.19	14722.64	2739.701	31082.92	22817.12	-188.7544	21503.53	1432.028	3491.036	20955.26	47928.92	2893.95	94.66192	1982.918	1.121011e+08	2.603547e+08	2068.327	1995.729	93.95018	552635.9	9084.562	-4.626335	4791.815	94.66192	1982.918	-4.626335	4791.815
67.32	11990.19	19627.64	3040.701	45104.92	16012.12	-1389.754	27009.53	2132.028	3290.036	28662.26	55945.92	3193.95	-5.338078	1982.918	1.185826e+08	3.304735e+08	2468.327	3795.729	93.95018	562859.9	10584.56	95.37366	4591.815	-5.338078	1982.918	95.37366	4591.815
67.61	13391.19	28337.64	3440.701	60837.92	17913.12	1011.246	33517.53	2332.028	2290.036	37875.26	54842.92	1793.95	-5.338078	2182.918	1.202886e+08	2.944112e+08	2568.327	2895.729	93.95018	527398.9	11485.56	-4.626335	5692.815	-5.338078	2182.918	-4.626335	5692.815
67.89	19895.19	24532.64	1739.701	58732.92	16012.12	-1189.754	33717.53	2032.028	3090.036	36973.26	55945.92	1693.95	-5.338078	2982.918	1.213535e+08	3.2847e+08	2468.327	2395.729	193.9502	522701.9	9484.562	-4.626335	4991.815	-5.338078	2982.918	-4.626335	4991.815
68.18	23398.19	22930.64	3040.701	64246.92	12610.12	-88.75439	37523.53	2032.028	3390.036	40479.26	58751.92	2293.95	-5.338078	2782.918	1.267411e+08	3.424948e+08	3068.327	2495.729	-6.049822	479957.9	8183.562	-4.626335	4691.815	-5.338078	2782.918	-4.626335	4691.815
68.46	28703.19	26234.64	1239.701	65149.92	13110.12	1011.246	34018.53	2332.028	3491.036	36172.26	54642.92	2493.95	94.66192	2882.918	1.337908e+08	3.444984e+08	2468.327	1895.729	-6.049822	437590.9	10684.56	95.37366	3491.815	94.66192	2882.918	95.37366	3491.815
68.75	31807.19	24732.64	1739.701	58432.92	8709.117	-388.7544	35420.53	3232.028	3791.036	35171.26	58350.92	1993.95	-5.338078	2782.918	1.32649e+08	3.725494e+08	2368.327	2295.729	493.9502	359662.9	10084.56	-4.626335	4591.815	-5.338078	2782.918	-4.626335	4591.815
69.04	29004.19	19727.64	3240.701	49913.92	12410.12	-1389.754	30313.53	2332.028	3791.036	29163.26	56646.92	993.9502	-5.338078	2482.918	1.35138e+08	3.745531e+08	3268.327	2695.729	93.95018	298059.9	11285.56	-4.626335	3491.815	-5.338078	2482.918	-4.626335	3491.815
69.32	26001.19	20828.64	3740.701	48610.92	9509.117	511.2456	31314.53	2232.028	2590.036	27862.26	54241.92	2093.95	-5.338078	3082.918	1.337176e+08	3.965944e+08	3268.327	1295.729	93.95018	247008	10084.56	-4.626335	4491.815	-5.338078	3082.918	-4.626335	4491.815
69.61	25000.19	19126.64	1339.701	40495.92	8809.117	911.2456	32616.53	2432.028	2590.036	25259.26	54441.92	893.9502	-5.338078	2982.918	1.256454e+08	3.725494e+08	2668.327	1395.729	293.9502	203317	12285.56	-4.626335	4291.815	-5.338078	2982.918	-4.626335	4291.815
69.89	21797.19	19226.64	2439.701	43200.92	10909.12	211.2456	31114.53	1632.028	5291.036	25159.26	54040.92	1193.95	-5.338078	3082.918	1.302789e+08	3.46502e+08	3468.327	1195.729	193.9502	182055	10884.56	-4.626335	2991.815	-5.338078	3082.918	-4.626335	2991.815
70.18	24199.19	15923.64	2239.701	48310.92	13511.12	-889.7544	31514.53	1832.028	4091.036	22556.26	54842.92	793.9502	-5.338078	2782.918	1.382882e+08	3.364841e+08	3268.327	1995.729	93.95018	157187	10984.56	-4.626335	4591.815	-5.338078	2782.918	-4.626335	4591.815
70.47	23999.19	16023.64	1139.701	60637.92	20616.12	-989.7544	31414.53	2532.028	3090.036	21756.26	64666.92	893.9502	-5.338078	3282.918	1.372622e+08	3.505092e+08	3168.327	1695.729	193.9502	127820	10084.56	-4.626335	2691.815	-5.338078	3282.918	-4.626335	2691.815
70.75	25600.19	15322.64	1639.701	71566.92	38337.12	-2689.754	30813.53	3032.028	4391.036	19153.26	64565.92	793.9502	-5.338078	3482.918	1.321222e+08	3.805643e+08	2268.327	1895.729	93.95018	107223	11785.56	-4.626335	4091.815	-5.338078	3482.918	-4.626335	4091.815
71.04	30906.19	14021.64	1439.701	80995.92	65493.12	-1389.754	24806.53	3632.028	3290.036	21555.26	74192.92	1093.95	-5.338078	2682.918	1.400916e+08	3.32477e+08	2268.327	2995.729	93.95018	100496	11685.56	-4.626335	3191.815	-5.338078	2682.918	-4.626335	3191.815
71.32	37415.19	13421.64	1639.701	84507.92	90270.12	-488.7544	28611.53	2832.028	4191.036	18653.26	68075.92	993.9502	-5.338078	3582.918	1.306592e+08	3.62531e+08	2968.327	1495.729	-6.049822	90155.95	10184.56	-4.626335	3091.815	-5.338078	3582.918	-4.626335	3091.815
71.61	41321.19	12620.64	2239.701	79892.92	118086.1	-588.7544	24606.53	1732.028	3791.036	16652.26	80913.92	1493.95	-5.338078	2882.918	1.343472e+08	3.244629e+08	3168.327	2195.729	-6.049822	164836	10184.56	-4.626335	2891.815	-5.338078	2882.918	-4.626335	2891.815
71.9	42122.19	12620.64	2339.701	80594.92	119593.1	711.2456	25907.53	2232.028	3190.036	15651.26	68476.92	3893.95	-5.338078	2182.918	1.219955e+08	2.884011e+08	1768.327	2495.729	193.9502	245695	7883.562	-4.626335	2491.815	-5.338078	2182.918	-4.626335	2491.815
72.18	46630.19	159663.6	2039.701	80193.92	131352.1	11.24561	26408.53	1532.028	3491.036	15351.26	75997.92	3793.95	-5.338078	2282.918	1.241412e+08	2.803876e+08	2668.327	2995.729	93.95018	368590.9	7983.562	95.37366	2991.815	-5.338078	2282.918	95.37366	2991.815
72.47	49235.19	23130.64	2739.701	83203.92	139697.1	2211.246	33717.53	1232.028	2890.036	13250.26	73289.92	6594.95	-5.338078	2882.918	1.217621e+08	3.705457e+08	1868.327	2295.729	193.9502	431078.9	6983.562	-4.626335	3891.815	-5.338078	2882.918	-4.626335	3891.815
72.75	54747.19	26535.64	3040.701	90227.92	163943.1	5112.246	39126.53	932.0284	2590.036	12449.26	75295.92	6694.95	94.66192	1682.918	1.268142e+08	3.424948e+08	2368.327	1995.729	-6.049822	400577.9	6883.562	95.37366	3891.815	94.66192	1682.918	95.37366	3891.815
73.04	51340.19	41759.64	3840.701	95045.92	169984.1	5913.246	53453.53	2832.028	3991.036	8648.264	76499.92	8094.95	-5.338078	782.9182	1.178829e+08	2.904044e+08	1968.327	2695.729	93.95018	390723.9	4982.562	95.37366	4091.815	-5.338078	782.9182	95.37366	4091.815
73.33	48033.19	44465.64	1239.701	73372.92	149252.1	7213.246	57863.53	1932.028	2290.036	7747.263	64866.92	9895.95	-5.338078	1282.918	1.021323e+08	2.904044e+08	868.3274	1995.729	193.9502	361792.9	3982.562	95.37366	4091.815	-5.338078	1282.918	95.37366	4091.815
73.61	44727.19	54988.64	2139.701	64146.92	123612.1	5913.246	45036.53	1632.028	2090.036	6747.263	58651.92	7194.95	94.66192	1282.918	8.295615e+07	2.12279e+08	768.3274	2295.729	-6.049822	304942.9	2682.562	295.3737	2791.815	94.66192	1282.918	295.3737	2791.815
73.9	35412.19	69027.64	2439.701	47308.92	85654.12	4512.246	28010.53	1332.028	1690.036	4546.263	37811.92	5094.95	-5.338078	482.9182	5.919099e+07	1.481852e+08	1068.327	895.7296	93.95018	194447	2382.562	95.37366	1591.815	-5.338078	482.9182	95.37366	1591.815
74.18	24899.19	19126.64	539.7012	31582.92	60280.12	3312.246	20402.53	1432.028	890.0356	3746.263	27297.92	3593.95	-5.338078	682.9182	4.12568e+07	1.195593e+08	468.3274	395.7295	-6.049822	155375	1482.562	95.37366	1391.815	-5.338078	682.9182	95.37366	1391.815
74.47	14691.19	50377.64	539.7012	24074.92	48955.12	1211.246	15598.53	532.0284	1590.036	2046.263	24294.92	3293.95	-5.338078	382.9182	3.1726e+07	9.178242e+07	568.3274	495.7295	93.95018	117972	982.5623	-4.626335	1091.815	-5.338078	382.9182	-4.626335	1091.815
74.76	13691.19	10519.64	-1161.299	20570.92	34932.12	1011.246	14597.53	1532.028	90.03564	4046.263	17088.92	2293.95	-5.338078	482.9182	2.596867e+07	7.47419e+07	168.3274	695.7296	-6.049822	89352.95	2082.562	-4.626335	991.8149	-5.338078	482.9182	-4.626335	991.8149
75.04	11190.19	30741.64	939.7012	16867.92	29625.12	11.24561	6493.527	-267.9716	-9.964355	1746.263	15087.92	1493.95	-5.338078	282.9182	2.149722e+07	5.772464e+07	168.3274	695.7296	-6.049822	60366.95	582.5623	-4.626335	191.8149	-5.338078	282.9182	-4.626335	191.8149
75.33	9089.188	5816.641	39.70117	12765.92	21717.12	411.2456	7894.527	532.0284	590.0356	1846.263	12085.92	793.9502	-5.338078	482.9182	1.68189e+07	4.937552e+07	-31.6726	395.7295	-6.049822	63373.95	582.5623	-4.626335	391.8149	-5.338078	482.9182	-4.626335	391.8149
75.61	7588.188	60703.64	739.7012	9263.922	14711.12	-88.75439	7794.527	32.02844	490.0356	746.2634	10884.92	1193.95	-5.338078	82.91815	1.325053e+07	3.595167e+07	368.3274	495.7295	93.95018	48841.95	382.5623	-4.626335	491.8149	-5.338078	82.91815	-4.626335	491.8149
75.9	4687.188	5416.641	-460.2988	7963.922	16513.12	111.2456	3593.527	32.02844	-309.9644	646.2634	7883.918	1093.95	-5.338078	282.9182	1.177892e+07	3.092183e+07	168.3274	-4.270463	-6.049822	34617.95	582.5623	-4.626335	191.8149	-5.338078	282.9182	-4.626335	191.8149
76.19	3787.189	2014.641	-60.29883	5662.922	12410.12	-689.7544	2892.527	-67.97156	-9.964355	746.2634	5983.918	493.9502	-5.338078	-17.08185	8060174	3.06077e+07	268.3274	-4.270463	-6.049822	33916.95	82.56228	-4.626335	391.8149	-5.338078	-17.08185	-4.626335	391.8149
76.47	3687.189	51781.64	-961.2988	4462.922	11610.12	-388.7544	2892.527	32.02844	190.0356	1146.263	5483.918	93.95018	-5.338078	82.91815	8427632	2.415992e+07	368.3274	195.7295	-6.049822	23104.95	182.5623	-4.626335	391.8149	-5.338078	82.91815	-4.626335	391.8149
76.76	1987.189	30240.64	-60.29883	5362.922	9109.117	-1489.754	3493.527	232.0284	90.03564	646.2634	3482.918	293.9502	-5.338078	-17.08185	6181084	1.611663e+07	68.3274	95.72954	-6.049822	17899.95	-17.43772	95.37366	191.8149	-5.338078	-17.08185	95.37366	191.8149
77.04	2187.189	314.6406	-60.29883	2561.922	5708.118	-689.7544	992.5267	-167.9716	190.0356	146.2633	2782.918	93.95018	-5.338078	282.9182	5277218	1.284758e+07	68.3274	195.7295	-6.049822	13497.95	182.5623	-4.626335	191.8149	-5.338078	282.9182	-4.626335	191.8149
77.33	2287.189	2014.641	-360.2988	1961.922	7108.118	-689.7544	992.5267	132.0284	-509.9644	546.2634	2482.918	293.9502	-5.338078	82.91815	5333702	1.0916e+07	-31.6726	-4.270463	-6.049822	12396.95	82.56228	-4.626335	91.81495	-5.338078	82.91815	-4.626335	91.81495
77.62	2387.189	2114.641	-260.2988	2361.922	3607.117	-689.7544	792.5267	-67.97156	990.0356	146.2633	1982.918	193.9502	-5.338078	-17.08185	3427836	1.10154e+07	-31.6726	95.72954	-6.049822	7294.95	182.5623	-4.626335	-8.185054	-5.338078	-17.08185	-4.626335	-8.185054
77.9	1587.189	2315.641	-761.2988	1261.922	2807.117	-1089.754	1092.527	132.0284	90.03564	546.2634	1682.918	93.95018	-5.338078	-17.08185	3089122	9510583	168.3274	-4.270463	-6.049822	7594.95	-17.43772	-4.626335	91.81495	-5.338078	-17.08185	-4.626335	91.81495
78.19	1287.189	3615.641	139.7012	2161.922	2507.117	-1389.754	892.5267	32.02844	90.03564	46.26334	1382.918	593.9502	-5.338078	-17.08185	2849220	7495704	-31.6726	-4.270463	93.95018	9395.95	-17.43772	-4.626335	191.8149	-5.338078	-17.08185	-4.626335	191.8149
78.48	787.1886	714.6406	-761.2988	861.9218	2907.117	-689.7544	192.5267	-367.9716	190.0356	346.2633	1282.918	-6.049822	-5.338078	-17.08185	1960314	5467793	-31.6726	95.72954	-6.049822	4993.95	82.56228	95.37366	-8.185054	-5.338078	-17.08185	95.37366	-8.185054
78.77	1287.189	2415.641	-861.2988	1261.922	2007.117	811.2456	1292.527	132.0284	-309.9644	46.26334	982.9182	-6.049822	-5.338078	82.91815	1480680	5056680	-31.6726	-4.270463	-6.049822	5494.95	182.5623	-4.626335	-8.185054	-5.338078	82.91815	-4.626335	-8.185054
79.05	1187.189	1114.641	-1661.299	1061.922	1807.117	-1389.754	-307.4733	-567.9716	590.0356	146.2633	1582.918	-6.049822	-5.338078	-17.08185	1946206	4036192	-31.6726	-4.270463	-6.049822	5794.95	-17.43772	-4.626335	291.8149	-5.338078	-17.08185	-4.626335	291.8149
79.34	587.1886	-185.3594	239.7012	361.9218	1707.117	-989.7544	492.5267	-167.9716	290.0356	46.26334	482.9182	93.95018	-5.338078	-17.08185	1353729	3837798	-31.6726	95.72954	-6.049822	4693.95	-17.43772	-4.626335	-8.185054	-5.338078	-17.08185	-4.626335	-8.185054
79.63	587.1886	314.6406	-1161.299	861.9218	1307.117	-1889.754	1892.527	-67.97156	-409.9644	246.2633	582.9182	-6.049822	-5.338078	-17.08185	886932.4	3299356	-31.6726	-4.270463	-6.049822	2993.95	82.56228	-4.626335	91.81495	-5.338078	-17.08185	-4.626335	91.81495
79.92	-12.81139	-985.3594	-2461.299	161.9218	907.1174	11.24561	-107.4733	32.02844	190.0356	46.26334	482.9182	-6.049822	-5.338078	-17.08185	1353729	2095242	-31.6726	-4.270463	-6.049822	3293.95	282.5623	-4.626335	-8.185054	-5.338078	-17.08185	-4.626335	-8.185054
80.21	287.1886	214.6406	-1561.299	561.9218	1307.117	-1189.754	492.5267	-267.9716	-9.964355	-53.73666	182.9182	-6.049822	-5.338078	-17.08185	817764.4	1797818	-31.6726	-4.270463	-6.049822	1593.95	82.56228	-4.626335	-8.185054	-5.338078	-17.08185	-4.626335	-8.185054
80.5	387.1886	-885.3594	-560.2988	161.9218	807.1174	-1589.754	-407.4733	32.02844	290.0356	46.26334	382.9182	-6.049822	-5.338078	-17.08185	570610.4	1967771	-31.6726	-4.270463	-6.049822	1493.95	-17.43772	-4.626335	-8.185054	-5.338078	-17.08185	-4.626335	-8.185054
80.79	387.1886	1514.641	-2561.299	661.9218	907.1174	1111.246	492.5267	-267.9716	-109.9644	-53.73666	482.9182	-6.049822	-5.338078	-17.08185	392630.4	1755331	-31.6726	-4.270463	-6.049822	1593.95	82.56228	-4.626335	91.81495	-5.338078	-17.08185	-4.626335	91.81495
81.07	287.1886	-285.3594	-1561.299	1061.922	707.1174	-3089.754	92.52673	732.0284	-309.9644	-53.73666	182.9182	-6.049822	-5.338078	-17.08185	377094.4	891536.8	-31.6726	95.72954	-6.049822	1293.95	-17.43772	-4.626335	-8.185054	-5.338078	-17.08185	-4.626335	-8.185054
81.37	387.1886	-1285.359	639.7012	361.9218	207.1174	-188.7544	-407.4733	432.0284	290.0356	-53.73666	382.9182	-6.049822	-5.338078	82.91815	366488.4	1018969	-31.6726	-4.270463	-6.049822	2093.95	182.5623	-4.626335	-8.185054	-5.338078	82.91815	-4.626335	-8.185054
81.65	287.1886	2615.641	-360.2988	361.9218	507.1174	-1989.754	-407.4733	232.0284	-409.9644	-53.73666	382.9182	193.9502	-5.338078	-17.08185	282053.4	1061447	-31.6726	-4.270463	-6.049822	1093.95	-17.43772	-4.626335	-8.185054	-5.338078	-17.08185	-4.626335	-8.185054
81.94	87.18861	-385.3594	-460.2988	-238.0782	407.1174	-889.7544	692.5267	232.0284	-509.9644	146.2633	-17.08185	-6.049822	-5.338078	-17.08185	299858.4	509269.8	-31.6726	-4.270463	-6.049822	993.9502	-17.43772	-4.626335	-8.185054	-5.338078	-17.08185	-4.626335	-8.185054
82.23	187.1886	-1285.359	-861.2988	761.9218	307.1174	-989.7544	-7.473267	-367.9716	290.0356	246.2633	182.9182	-6.049822	94.66192	-17.08185	222859.4	849060.8	-31.6726	-4.270463	-6.049822	793.9502	82.56228	-4.626335	-8.185054	94.66192	-17.08185	-4.626335	-8.185054
82.52	187.1886	-485.3594	-861.2988	-38.07825	107.1174	-1389.754	-507.4733	-367.9716	490.0356	-53.73666	-17.08185	-6.049822	-5.338078	-17.08185	152332.4	608371.8	-31.6726	-4.270463	-6.049822	93.95018	-17.43772	-4.626335	-8.185054	-5.338078	-17.08185	-4.626335	-8.185054
82.8	287.1886	-285.3594	-1461.299	-38.07825	107.1174	-689.7544	-707.4733	132.0284	290.0356	-53.73666	-17.08185	-6.049822	-5.338078	-17.08185	206318.4	381855.8	68.3274	-4.270463	-6.049822	393.9502	-17.43772	-4.626335	-8.185054	-5.338078	-17.08185	-4.626335	-8.185054
83.1	-12.81139	1414.641	-1461.299	-38.07825	7.117439	-188.7544	-7.473267	-67.97156	590.0356	46.26334	82.91815	193.9502	-5.338078	182.9182	267779.4	778268.8	-31.6726	-4.270463	-6.049822	393.9502	-17.43772	-4.626335	-8.185054	-5.338078	182.9182	-4.626335	-8.185054
83.39	-12.81139	114.6406	-660.2988	-338.0782	7.117439	-1489.754	-7.473267	-67.97156	-109.9644	-53.73666	-17.08185	-6.049822	-5.338078	82.91815	97158.4	962331.8	68.3274	-4.270463	-6.049822	-6.049822	-17.43772	-4.626335	-8.185054	-5.338078	82.91815	-4.626335	-8.185054
83.68	87.18861	1514.641	-961.2988	-138.0782	107.1174	-488.7544	-1107.473	232.0284	1190.036	146.2633	-17.08185	-6.049822	-5.338078	-17.08185	123273.4	466797.8	-31.6726	-4.270463	-6.049822	-6.049822	182.5623	-4.626335	-8.185054	-5.338078	-17.08185	-4.626335	-8.185054
83.97	287.1886	814.6406	-1261.299	361.9218	207.1174	-1289.754	-7.473267	-167.9716	790.0356	46.26334	82.91815	-6.049822	-5.338078	-17.08185	203092.4	311072.8	-31.6726	-4.270463	-6.049822	-6.049822	-17.43772	-4.626335	-8.185054	-5.338078	-17.08185	-4.626335	-8.185054
84.25	-12.81139	1414.641	-1761.299	261.9218	-92.88256	-1689.754	-407.4733	-67.97156	890.0356	46.26334	82.91815	-6.049822	-5.338078	-17.08185	112623.4	163579.8	-31.6726	95.72954	-6.049822	293.9502	-17.43772	-4.626335	-8.185054	-5.338078	-17.08185	-4.626335	-8.185054
84.54	87.18861	614.6406	-1261.299	161.9218	207.1174	-1889.754	-807.4733	-167.9716	-209.9644	-53.73666	-17.08185	-6.049822	-5.338078	-17.08185	25182.39	82781.77	-31.6726	-4.270463	-6.049822	93.95018	-17.43772	-4.626335	-8.185054	-5.338078	-17.08185	-4.626335	-8.185054
84.82	87.18861	514.6406	-961.2988	161.9218	307.1174	-1289.754	-807.4733	332.0284	-9.964355	-53.73666	-17.08185	-6.049822	-5.338078	-17.08185	112522.4	8345.772	-31.6726	-4.270463	-6.049822	1093.95	-17.43772	-4.626335	-8.185054	-5.338078	-17.08185	-4.626335	-8.185054
85.12	-12.81139	-885.3594	-660.2988	-438.0782	-92.88256	-1489.754	-7.473267	-167.9716	390.0356	246.2633	-17.08185	-6.049822	-5.338078	82.91815	98570.4	466797.8	-31.6726	-4.270463	-6.049822	-6.049822	-17.43772	-4.626335	-8.185054	-5.338078	82.91815	-4.626335	-8.185054
85.41	187.1886	714.6406	-1261.299	-38.07825	207.1174	-1189.754	-107.4733	232.0284	-9.964355	-53.73666	-17.08185	-6.049822	-5.338078	-17.08185	68262.4	339385.8	168.3274	-4.270463	-6.049822	393.9502	-17.43772	-4.626335	-8.185054	-5.338078	-17.08185	-4.626335	-8.185054
85.7	-12.81139	1014.641	-1061.299	-138.0782	7.117439	-1989.754	92.52673	-167.9716	-109.9644	146.2633	-17.08185	-6.049822	-5.338078	82.91815	92139.4	30362.77	-31.6726	-4.270463	-6.049822	-6.049822	-17.43772	-4.626335	-8.185054	-5.338078	82.91815	-4.626335	-8.185054
85.99	-12.81139	114.6406	-961.2988	361.9218	307.1174	111.2456	-707.4733	132.0284	190.0356	-53.73666	82.91815	-6.049822	-5.338078	-17.08185	126087.4	56264.77	-31.6726	-4.270463	-6.049822	193.9502	82.56228	-4.626335	-8.185054	-5.338078	-17.08185	-4.626335	-8.185054
86.28	87.18861	1214.641	-1461.299	-238.0782	7.117439	-1089.754	392.5267	32.02844	-209.9644	146.2633	82.91815	-6.049822	-5.338078	-17.08185	44509.39	96028.77	-31.6726	-4.270463	-6.049822	-6.049822	-17.43772	-4.626335	-8.185054	-5.338078	-17.08185	-4.626335	-8.185054
86.57	-12.81139	114.6406	-360.2988	-38.07825	7.117439	-1389.754	-207.4733	-267.9716	390.0356	146.2633	82.91815	-6.049822	-5.338078	-17.08185	44509.39	27954.77	-31.6726	-4.270463	-6.049822	293.9502	82.56228	-4.626335	-8.185054	-5.338078	-17.08185	-4.626335	-8.185054
86.85	-12.81139	314.6406	39.70117	61.92175	7.117439	-689.7544	292.5267	-67.97156	-209.9644	46.26334	182.9182	-6.049822	-5.338078	-17.08185	38098.39	29561.77	-31.6726	-4.270463	-6.049822	-6.049822	-17.43772	-4.626335	-8.185054	-5.338078	-17.08185	-4.626335	-8.185054
87.14	-12.81139	914.6406	-1161.299	-38.07825	7.117439	-789.7544	-407.4733	532.0284	290.0356	-53.73666	-17.08185	-6.049822	-5.338078	-17.08185	3669.395	183013.8	-31.6726	-4.270463	-6.049822	193.9502	-17.43772	-4.626335	-8.185054	-5.338078	-17.08185	-4.626335	-8.185054
87.42	-12.81139	-885.3594	-1661.299	-38.07825	-92.88256	-1789.754	-707.4733	-267.9716	90.03564	46.26334	-17.08185	-6.049822	-5.338078	-17.08185	4369.395	15348.77	168.3274	-4.270463	-6.049822	-6.049822	-17.43772	-4.626335	-8.185054	-5.338078	-17.08185	-4.626335	-8.185054
87.71	-12.81139	-885.3594	39.70117	-238.0782	207.1174	-1089.754	92.52673	332.0284	690.0356	-53.73666	182.9182	-6.049822	94.66192	-17.08185	19577.39	42109.77	-31.6726	-4.270463	-6.049822	93.95018	-17.43772	-4.626335	-8.185054	94.66192	-17.08185	-4.626335	-8.185054
88	187.1886	-485.3594	-1961.299	161.9218	7.117439	-1689.754	-107.4733	-267.9716	-609.9644	146.2633	-17.08185	-6.049822	-5.338078	-17.08185	46713.39	-156.2278	-31.6726	-4.270463	-6.049822	193.9502	-17.43772	-4.626335	-8.185054	-5.338078	-17.08185	-4.626335	-8.185054
88.28	-12.81139	-685.3594	-560.2988	-338.0782	-92.88256	11.24561	592.5267	-367.9716	-409.9644	46.26334	-17.08185	-6.049822	-5.338078	82.91815	38499.39	26758.77	-31.6726	-4.270463	-6.049822	-6.049822	-17.43772	-4.626335	-8.185054	-5.338078	82.91815	-4.626335	-8.185054
88.57	-12.81139	214.6406	-1261.299	61.92175	-92.88256	11.24561	-207.4733	-67.97156	-709.9644	-53.73666	-17.08185	-6.049822	-5.338078	-17.08185	7270.395	38874.77	68.3274	-4.270463	-6.049822	293.9502	-17.43772	-4.626335	-8.185054	-5.338078	-17.08185	-4.626335	-8.185054
88.85	-12.81139	-285.3594	-1561.299	161.9218	-92.88256	-1389.754	792.5267	-67.97156	-9.964355	146.2633	-17.08185	-6.049822	-5.338078	-17.08185	20578.39	27954.77	68.3274	-4.270463	-6.049822	293.9502	-17.43772	95.37366	-8.185054	-5.338078	-17.08185	95.37366	-8.185054
89.14	-12.81139	1114.641	-861.2988	-638.0782	-92.88256	11.24561	-7.473267	-267.9716	-309.9644	246.2633	-17.08185	-6.049822	-5.338078	-17.08185	17375.39	10946.77	68.3274	-4.270463	-6.049822	193.9502	-17.43772	95.37366	-8.185054	-5.338078	-17.08185	95.37366	-8.185054
89.43	87.18861	214.6406	639.7012	-438.0782	107.1174	-1589.754	92.52673	-267.9716	-509.9644	46.26334	-17.08185	-6.049822	-5.338078	-17.08185	469.395	32364.77	-31.6726	-4.270463	-6.049822	-6.049822	-17.43772	-4.626335	-8.185054	-5.338078	-17.08185	-4.626335	-8.185054
89.71	-12.81139	-485.3594	-861.2988	161.9218	107.1174	-1089.754	492.5267	-167.9716	-309.9644	-53.73666	482.9182	-6.049822	-5.338078	-17.08185	1369.395	32364.77	-31.6726	-4.270463	-6.049822	-6.049822	-17.43772	-4.626335	-8.185054	-5.338078	-17.08185	-4.626335	-8.185054
90	-12.81139	1714.641	-60.29883	461.9218	7.117439	-1789.754	-507.4733	32.02844	390.0356	46.26334	-17.08185	-6.049822	-5.338078	82.91815	8170.395	2543.772	68.3274	-4.270463	-6.049822	-6.049822	-17.43772	95.37366	-8.185054	-5.338078	82.91815	95.37366	-8.185054
