ElapsedTime_s	Ti49_CPS	Al27_CPS	S33_CPS	Sc45_CPS	V51_CPS	Mn55_CPS	Fe57_CPS	Co59_CPS	Ni60_CPS	Ga71_CPS	Zr90_CPS	Nb93_CPS	Mo97_CPS	In113_CPS	Sn119_CPS	Sn118_CPS	Sb121_CPS	Hf177_CPS	Ta181_CPS	W183_CPS	Pb206_CPS	Th232_CPS	U238_CPS	Tc97_CPS	Cd113_CPS	U232_CPS	Pu238_CPS
0	-12.81139	214.6406	-260.2988	-38.07825	7.117439	-1889.754	-1007.473	32.02844	-9.964355	46.26334	182.9182	-6.049822	-5.338078	-17.08185	69365.4	143.7722	68.3274	95.72954	-6.049822	93.95018	-17.43772	-4.626335	-8.185054	-5.338078	-17.08185	-4.626335	-8.185054
																											
11.2	-12.81139	914.6406	-260.2988	-38.07825	-92.88256	-1589.754	192.5267	-67.97156	290.0356	46.26334	82.91815	93.95018	-5.338078	-17.08185	-130.605	43.77225	-31.6726	-4.270463	-6.049822	-6.049822	-17.43772	-4.626335	-8.185054	-5.338078	-17.08185	-4.626335	-8.185054
11.49	-12.81139	614.6406	-260.2988	161.9218	7.117439	-2189.754	-307.4733	332.0284	-109.9644	246.2633	-17.08185	-6.049822	94.66192	-17.08185	369.395	243.7722	-31.6726	-4.270463	-6.049822	-6.049822	-17.43772	-4.626335	-8.185054	94.66192	-17.08185	-4.626335	-8.185054
11.77	-12.81139	314.6406	-1061.299	961.9218	-92.88256	-2189.754	-107.4733	132.0284	-509.9644	46.26334	-17.08185	-6.049822	-5.338078	-17.08185	-130.605	43.77225	-31.6726	-4.270463	93.95018	-6.049822	-17.43772	-4.626335	-8.185054	-5.338078	-17.08185	-4.626335	-8.185054
12.06	-12.81139	2315.641	-1061.299	161.9218	107.1174	-1089.754	92.52673	432.0284	-209.9644	46.26334	-17.08185	-6.049822	-5.338078	-17.08185	-30.60498	43.77225	-31.6726	-4.270463	-6.049822	-6.049822	-17.43772	-4.626335	-8.185054	-5.338078	-17.08185	-4.626335	-8.185054
12.34	-12.81139	2114.641	-1261.299	661.9218	-92.88256	-388.7544	192.5267	232.0284	90.03564	-53.73666	-17.08185	-6.049822	-5.338078	-17.08185	69.39502	143.7722	-31.6726	-4.270463	-6.049822	-6.049822	-17.43772	-4.626335	-8.185054	-5.338078	-17.08185	-4.626335	-8.185054
12.63	-12.81139	114.6406	-761.2988	161.9218	107.1174	-789.7544	-1307.473	132.0284	-409.9644	-53.73666	-17.08185	-6.049822	-5.338078	-17.08185	169.395	43.77225	-31.6726	-4.270463	-6.049822	-6.049822	-17.43772	-4.626335	-8.185054	-5.338078	-17.08185	-4.626335	-8.185054
12.92	-12.81139	514.6406	-260.2988	-138.0782	-92.88256	-88.75439	-407.4733	32.02844	1190.036	46.26334	-17.08185	-6.049822	-5.338078	-17.08185	-30.60498	-256.2278	-31.6726	-4.270463	-6.049822	-6.049822	82.56228	-4.626335	-8.185054	-5.338078	-17.08185	-4.626335	-8.185054
13.2	-12.81139	-285.3594	-1461.299	61.92175	-92.88256	-2089.754	-307.4733	532.0284	290.0356	-53.73666	-17.08185	93.95018	-5.338078	-17.08185	169.395	543.7722	68.3274	-4.270463	-6.049822	-6.049822	-17.43772	-4.626335	-8.185054	-5.338078	-17.08185	-4.626335	-8.185054
13.49	-12.81139	1614.641	439.7012	261.9218	-92.88256	-789.7544	-407.4733	-67.97156	-309.9644	-53.73666	-17.08185	-6.049822	-5.338078	-17.08185	-130.605	243.7722	-31.6726	-4.270463	-6.049822	-6.049822	-17.43772	-4.626335	-8.185054	-5.338078	-17.08185	-4.626335	-8.185054
13.77	-12.81139	714.6406	-1461.299	161.9218	7.117439	211.2456	392.5267	-167.9716	-209.9644	46.26334	-17.08185	-6.049822	-5.338078	-17.08185	17375.39	143.7722	-31.6726	-4.270463	-6.049822	-6.049822	-17.43772	-4.626335	-8.185054	-5.338078	-17.08185	-4.626335	-8.185054
14.05	-12.81139	1514.641	-761.2988	-138.0782	7.117439	-2189.754	-707.4733	-467.9716	-109.9644	-53.73666	-17.08185	-6.049822	-5.338078	-17.08185	-30.60498	43.77225	68.3274	-4.270463	-6.049822	-6.049822	-17.43772	-4.626335	-8.185054	-5.338078	-17.08185	-4.626335	-8.185054
14.34	-12.81139	-485.3594	-861.2988	-38.07825	7.117439	-388.7544	-307.4733	432.0284	390.0356	-53.73666	-17.08185	-6.049822	-5.338078	-17.08185	71973.4	143.7722	-31.6726	-4.270463	-6.049822	-6.049822	-17.43772	-4.626335	-8.185054	-5.338078	-17.08185	-4.626335	-8.185054
14.62	-12.81139	-285.3594	239.7012	161.9218	-92.88256	411.2456	-1207.473	32.02844	-109.9644	-53.73666	-17.08185	-6.049822	-5.338078	-17.08185	369.395	-56.22775	68.3274	-4.270463	-6.049822	-6.049822	-17.43772	-4.626335	-8.185054	-5.338078	-17.08185	-4.626335	-8.185054
14.91	-12.81139	-185.3594	-1361.299	-38.07825	-92.88256	-1689.754	-707.4733	132.0284	90.03564	-53.73666	-17.08185	-6.049822	-5.338078	-17.08185	-130.605	4043.772	-31.6726	-4.270463	-6.049822	-6.049822	-17.43772	-4.626335	-8.185054	-5.338078	-17.08185	-4.626335	-8.185054
15.2	-12.81139	314.6406	-260.2988	161.9218	-92.88256	-1889.754	-707.4733	-367.9716	-9.964355	-53.73666	-17.08185	-6.049822	94.66192	-17.08185	69.39502	11146.77	-31.6726	-4.270463	-6.049822	-6.049822	-17.43772	-4.626335	-8.185054	94.66192	-17.08185	-4.626335	-8.185054
15.48	-12.81139	114.6406	-1361.299	-638.0782	207.1174	-689.7544	-207.4733	232.0284	-509.9644	-53.73666	-17.08185	-6.049822	-5.338078	-17.08185	-130.605	743.7722	-31.6726	-4.270463	-6.049822	-6.049822	-17.43772	-4.626335	-8.185054	-5.338078	-17.08185	-4.626335	-8.185054
15.76	-12.81139	-685.3594	139.7012	-438.0782	-92.88256	411.2456	-207.4733	-267.9716	-109.9644	-53.73666	82.91815	-6.049822	-5.338078	-17.08185	169.395	-56.22775	-31.6726	-4.270463	-6.049822	-6.049822	-17.43772	95.37366	-8.185054	-5.338078	-17.08185	95.37366	-8.185054
16.06	-12.81139	1314.641	1739.701	-138.0782	-92.88256	-989.7544	192.5267	32.02844	290.0356	46.26334	82.91815	-6.049822	94.66192	-17.08185	69.39502	-356.2278	-31.6726	-4.270463	-6.049822	-6.049822	-17.43772	-4.626335	-8.185054	94.66192	-17.08185	-4.626335	-8.185054
16.34	-12.81139	914.6406	-1061.299	-238.0782	7.117439	-88.75439	292.5267	232.0284	-409.9644	-53.73666	-17.08185	-6.049822	-5.338078	-17.08185	69.39502	-56.22775	68.3274	-4.270463	-6.049822	-6.049822	-17.43772	-4.626335	-8.185054	-5.338078	-17.08185	-4.626335	-8.185054
16.62	-12.81139	1514.641	1039.701	361.9218	7.117439	-1489.754	-307.4733	-567.9716	-209.9644	-53.73666	-17.08185	-6.049822	-5.338078	-17.08185	-30.60498	43.77225	-31.6726	-4.270463	-6.049822	-6.049822	-17.43772	-4.626335	-8.185054	-5.338078	-17.08185	-4.626335	-8.185054
16.91	87.18861	1514.641	239.7012	-138.0782	-92.88256	-488.7544	-207.4733	232.0284	590.0356	146.2633	-17.08185	-6.049822	-5.338078	-17.08185	-130.605	43.77225	-31.6726	-4.270463	-6.049822	-6.049822	-17.43772	-4.626335	-8.185054	-5.338078	-17.08185	-4.626335	-8.185054
17.2	-12.81139	-85.35938	-260.2988	161.9218	-92.88256	-1789.754	92.52673	232.0284	-209.9644	-53.73666	-17.08185	-6.049822	-5.338078	-17.08185	-130.605	43.77225	-31.6726	-4.270463	-6.049822	-6.049822	-17.43772	-4.626335	-8.185054	-5.338078	-17.08185	-4.626335	-8.185054
17.48	87.18861	314.6406	-660.2988	261.9218	107.1174	-88.75439	592.5267	-67.97156	990.0356	46.26334	-17.08185	-6.049822	-5.338078	-17.08185	69.39502	-156.2278	-31.6726	-4.270463	-6.049822	-6.049822	-17.43772	-4.626335	-8.185054	-5.338078	-17.08185	-4.626335	-8.185054
17.76	-12.81139	914.6406	-360.2988	-238.0782	-92.88256	-689.7544	-607.4733	-167.9716	-309.9644	-53.73666	-17.08185	-6.049822	-5.338078	-17.08185	-130.605	-156.2278	-31.6726	-4.270463	-6.049822	-6.049822	-17.43772	-4.626335	-8.185054	-5.338078	-17.08185	-4.626335	-8.185054
18.05	-12.81139	-185.3594	39.70117	-238.0782	-92.88256	-1489.754	-507.4733	32.02844	-309.9644	46.26334	-17.08185	-6.049822	94.66192	82.91815	-130.605	143.7722	-31.6726	-4.270463	-6.049822	-6.049822	82.56228	-4.626335	-8.185054	94.66192	82.91815	-4.626335	-8.185054
18.34	-12.81139	2715.641	-761.2988	261.9218	-92.88256	-2289.754	-7.473267	-267.9716	-9.964355	146.2633	82.91815	-6.049822	-5.338078	-17.08185	69.39502	343.7722	68.3274	-4.270463	-6.049822	-6.049822	-17.43772	-4.626335	-8.185054	-5.338078	-17.08185	-4.626335	-8.185054
18.62	-12.81139	-1386.359	-560.2988	461.9218	7.117439	-889.7544	-1107.473	-67.97156	890.0356	46.26334	-17.08185	-6.049822	-5.338078	82.91815	-130.605	-56.22775	68.3274	-4.270463	-6.049822	-6.049822	-17.43772	-4.626335	-8.185054	-5.338078	82.91815	-4.626335	-8.185054
18.91	-12.81139	1314.641	-761.2988	-138.0782	207.1174	-2189.754	-407.4733	-67.97156	-209.9644	-53.73666	-17.08185	-6.049822	-5.338078	-17.08185	-130.605	143.7722	-31.6726	-4.270463	-6.049822	-6.049822	-17.43772	-4.626335	-8.185054	-5.338078	-17.08185	-4.626335	-8.185054
19.19	-12.81139	-885.3594	139.7012	-38.07825	7.117439	-989.7544	-707.4733	232.0284	-9.964355	-53.73666	-17.08185	-6.049822	-5.338078	-17.08185	169.395	43.77225	-31.6726	-4.270463	-6.049822	-6.049822	-17.43772	-4.626335	-8.185054	-5.338078	-17.08185	-4.626335	-8.185054
19.48	-12.81139	1814.641	-761.2988	-338.0782	-92.88256	-488.7544	-607.4733	232.0284	-309.9644	-53.73666	-17.08185	-6.049822	-5.338078	-17.08185	-130.605	43.77225	-31.6726	-4.270463	-6.049822	-6.049822	-17.43772	-4.626335	-8.185054	-5.338078	-17.08185	-4.626335	-8.185054
19.76	87.18861	814.6406	-360.2988	-338.0782	207.1174	-1789.754	292.5267	332.0284	490.0356	346.2633	-17.08185	-6.049822	-5.338078	-17.08185	69.39502	-156.2278	-31.6726	-4.270463	-6.049822	-6.049822	-17.43772	-4.626335	-8.185054	-5.338078	-17.08185	-4.626335	-8.185054
20.05	-12.81139	1114.641	-1161.299	-438.0782	-92.88256	-1289.754	-7.473267	-67.97156	590.0356	-53.73666	-17.08185	-6.049822	-5.338078	-17.08185	169.395	-356.2278	-31.6726	-4.270463	-6.049822	93.95018	-17.43772	-4.626335	-8.185054	-5.338078	-17.08185	-4.626335	-8.185054
20.33	87.18861	214.6406	-460.2988	-638.0782	-92.88256	-1489.754	-107.4733	232.0284	290.0356	146.2633	-17.08185	-6.049822	-5.338078	-17.08185	69.39502	143.7722	-31.6726	-4.270463	-6.049822	-6.049822	-17.43772	-4.626335	91.81495	-5.338078	-17.08185	-4.626335	91.81495
20.62	-12.81139	-1486.359	-761.2988	161.9218	107.1174	-1589.754	-707.4733	332.0284	690.0356	-53.73666	82.91815	-6.049822	94.66192	-17.08185	-130.605	-256.2278	-31.6726	-4.270463	-6.049822	-6.049822	-17.43772	-4.626335	-8.185054	94.66192	-17.08185	-4.626335	-8.185054
20.9	-12.81139	-385.3594	-961.2988	-338.0782	-92.88256	-388.7544	-607.4733	132.0284	-9.964355	146.2633	-17.08185	-6.049822	-5.338078	-17.08185	-130.605	43.77225	-31.6726	-4.270463	-6.049822	-6.049822	-17.43772	-4.626335	-8.185054	-5.338078	-17.08185	-4.626335	-8.185054
21.19	-12.81139	2715.641	-1861.299	161.9218	7.117439	-889.7544	-207.4733	132.0284	-409.9644	-53.73666	-17.08185	-6.049822	-5.338078	-17.08185	69.39502	-56.22775	68.3274	-4.270463	-6.049822	93.95018	-17.43772	-4.626335	-8.185054	-5.338078	-17.08185	-4.626335	-8.185054
21.47	-12.81139	1114.641	-761.2988	61.92175	-92.88256	-889.7544	-407.4733	-67.97156	-909.9644	-53.73666	-17.08185	-6.049822	-5.338078	82.91815	69.39502	-256.2278	-31.6726	-4.270463	-6.049822	-6.049822	-17.43772	-4.626335	-8.185054	-5.338078	82.91815	-4.626335	-8.185054
21.76	-12.81139	-885.3594	939.7012	61.92175	-92.88256	-889.7544	-7.473267	-267.9716	90.03564	46.26334	-17.08185	-6.049822	-5.338078	-17.08185	-130.605	-56.22775	-31.6726	-4.270463	-6.049822	-6.049822	-17.43772	-4.626335	-8.185054	-5.338078	-17.08185	-4.626335	-8.185054
22.04	-12.81139	-1085.359	-660.2988	-338.0782	-92.88256	-1789.754	592.5267	-167.9716	890.0356	-53.73666	-17.08185	-6.049822	-5.338078	-17.08185	-130.605	143.7722	-31.6726	-4.270463	93.95018	93.95018	-17.43772	-4.626335	-8.185054	-5.338078	-17.08185	-4.626335	-8.185054
22.33	87.18861	-885.3594	-961.2988	-338.0782	107.1174	-1189.754	-107.4733	232.0284	-309.9644	-53.73666	-17.08185	-6.049822	-5.338078	-17.08185	-30.60498	143.7722	-31.6726	-4.270463	-6.049822	-6.049822	82.56228	-4.626335	-8.185054	-5.338078	-17.08185	-4.626335	-8.185054
22.61	87.18861	-885.3594	-260.2988	-38.07825	7.117439	-1289.754	-107.4733	-67.97156	-309.9644	46.26334	-17.08185	-6.049822	-5.338078	-17.08185	-130.605	-256.2278	-31.6726	-4.270463	-6.049822	-6.049822	-17.43772	-4.626335	-8.185054	-5.338078	-17.08185	-4.626335	-8.185054
22.9	-12.81139	714.6406	-1261.299	61.92175	207.1174	-1289.754	-507.4733	-267.9716	-209.9644	46.26334	-17.08185	-6.049822	-5.338078	-17.08185	169.395	-356.2278	-31.6726	-4.270463	-6.049822	-6.049822	-17.43772	-4.626335	-8.185054	-5.338078	-17.08185	-4.626335	-8.185054
23.18	-12.81139	3115.641	-460.2988	561.9218	207.1174	-1189.754	-707.4733	232.0284	90.03564	-53.73666	-17.08185	-6.049822	-5.338078	82.91815	-130.605	43.77225	68.3274	-4.270463	-6.049822	-6.049822	-17.43772	-4.626335	-8.185054	-5.338078	82.91815	-4.626335	-8.185054
23.47	-12.81139	114.6406	-1261.299	-438.0782	-92.88256	-889.7544	-807.4733	432.0284	390.0356	-53.73666	-17.08185	-6.049822	-5.338078	-17.08185	69.39502	-156.2278	-31.6726	-4.270463	93.95018	-6.049822	-17.43772	-4.626335	-8.185054	-5.338078	-17.08185	-4.626335	-8.185054
23.75	-12.81139	114.6406	-1761.299	161.9218	7.117439	311.2456	192.5267	-267.9716	1090.036	-53.73666	-17.08185	-6.049822	-5.338078	-17.08185	69.39502	43.77225	-31.6726	-4.270463	-6.049822	-6.049822	-17.43772	95.37366	-8.185054	-5.338078	-17.08185	95.37366	-8.185054
24.04	-12.81139	-85.35938	-1361.299	-238.0782	-92.88256	-789.7544	-407.4733	332.0284	-209.9644	46.26334	82.91815	-6.049822	-5.338078	-17.08185	-130.605	-56.22775	-31.6726	-4.270463	-6.049822	-6.049822	-17.43772	-4.626335	-8.185054	-5.338078	-17.08185	-4.626335	-8.185054
24.32	-12.81139	1414.641	-360.2988	161.9218	-92.88256	1411.246	-7.473267	32.02844	-309.9644	-53.73666	-17.08185	-6.049822	-5.338078	-17.08185	-30.60498	143.7722	68.3274	-4.270463	-6.049822	-6.049822	-17.43772	-4.626335	-8.185054	-5.338078	-17.08185	-4.626335	-8.185054
24.61	87.18861	-585.3594	-160.2988	61.92175	7.117439	-588.7544	392.5267	-267.9716	-109.9644	46.26334	-17.08185	-6.049822	-5.338078	-17.08185	-30.60498	-56.22775	-31.6726	-4.270463	-6.049822	-6.049822	-17.43772	-4.626335	-8.185054	-5.338078	-17.08185	-4.626335	-8.185054
24.89	-12.81139	-285.3594	439.7012	-238.0782	107.1174	-1989.754	292.5267	-67.97156	-9.964355	146.2633	-17.08185	-6.049822	-5.338078	-17.08185	-30.60498	143.7722	-31.6726	-4.270463	-6.049822	-6.049822	-17.43772	-4.626335	-8.185054	-5.338078	-17.08185	-4.626335	-8.185054
25.18	-12.81139	14.64062	-761.2988	361.9218	-92.88256	-388.7544	-607.4733	532.0284	190.0356	146.2633	-17.08185	-6.049822	-5.338078	-17.08185	-130.605	43.77225	-31.6726	-4.270463	-6.049822	-6.049822	82.56228	-4.626335	-8.185054	-5.338078	-17.08185	-4.626335	-8.185054
25.46	87.18861	214.6406	39.70117	-138.0782	107.1174	11.24561	292.5267	332.0284	290.0356	-53.73666	-17.08185	-6.049822	-5.338078	-17.08185	-30.60498	-256.2278	-31.6726	-4.270463	-6.049822	-6.049822	-17.43772	-4.626335	-8.185054	-5.338078	-17.08185	-4.626335	-8.185054
25.74	-12.81139	314.6406	239.7012	-38.07825	7.117439	-1589.754	-307.4733	-367.9716	-9.964355	46.26334	-17.08185	-6.049822	-5.338078	-17.08185	69.39502	143.7722	-31.6726	-4.270463	-6.049822	-6.049822	-17.43772	-4.626335	-8.185054	-5.338078	-17.08185	-4.626335	-8.185054
26.03	-12.81139	1314.641	-60.29883	-238.0782	7.117439	-1189.754	-607.4733	232.0284	-9.964355	46.26334	-17.08185	93.95018	-5.338078	-17.08185	-130.605	43.77225	-31.6726	-4.270463	-6.049822	-6.049822	-17.43772	-4.626335	-8.185054	-5.338078	-17.08185	-4.626335	-8.185054
26.32	-12.81139	614.6406	139.7012	861.9218	7.117439	-488.7544	92.52673	-67.97156	290.0356	146.2633	-17.08185	-6.049822	-5.338078	-17.08185	-130.605	-56.22775	-31.6726	-4.270463	-6.049822	-6.049822	-17.43772	-4.626335	-8.185054	-5.338078	-17.08185	-4.626335	-8.185054
26.6	87.18861	-385.3594	-160.2988	261.9218	-92.88256	-588.7544	-207.4733	32.02844	-409.9644	-53.73666	-17.08185	-6.049822	-5.338078	-17.08185	69.39502	-56.22775	-31.6726	-4.270463	-6.049822	-6.049822	-17.43772	-4.626335	-8.185054	-5.338078	-17.08185	-4.626335	-8.185054
26.89	-12.81139	814.6406	-761.2988	261.9218	307.1174	-1389.754	-507.4733	-267.9716	-109.9644	-53.73666	82.91815	-6.049822	-5.338078	-17.08185	-30.60498	-156.2278	-31.6726	-4.270463	-6.049822	-6.049822	-17.43772	-4.626335	-8.185054	-5.338078	-17.08185	-4.626335	-8.185054
27.17	-12.81139	-1185.359	39.70117	61.92175	7.117439	-1589.754	192.5267	32.02844	890.0356	-53.73666	82.91815	-6.049822	-5.338078	-17.08185	169.395	-56.22775	-31.6726	-4.270463	-6.049822	-6.049822	-17.43772	-4.626335	-8.185054	-5.338078	-17.08185	-4.626335	-8.185054
27.45	-12.81139	-885.3594	-460.2988	-238.0782	7.117439	-588.7544	-307.4733	-167.9716	-209.9644	46.26334	-17.08185	-6.049822	-5.338078	-17.08185	-30.60498	-156.2278	-31.6726	-4.270463	-6.049822	-6.049822	-17.43772	-4.626335	-8.185054	-5.338078	-17.08185	-4.626335	-8.185054
27.74	-12.81139	14.64062	-660.2988	-438.0782	-92.88256	-989.7544	-407.4733	-267.9716	-109.9644	46.26334	-17.08185	-6.049822	-5.338078	-17.08185	169.395	-256.2278	-31.6726	-4.270463	-6.049822	-6.049822	-17.43772	-4.626335	-8.185054	-5.338078	-17.08185	-4.626335	-8.185054
28.02	87.18861	-1386.359	-660.2988	-38.07825	7.117439	-789.7544	-207.4733	-267.9716	-309.9644	46.26334	-17.08185	-6.049822	-5.338078	-17.08185	55531.39	-256.2278	-31.6726	-4.270463	-6.049822	-6.049822	-17.43772	-4.626335	-8.185054	-5.338078	-17.08185	-4.626335	-8.185054
28.31	-12.81139	-1085.359	-460.2988	461.9218	7.117439	-689.7544	-507.4733	-67.97156	-9.964355	-53.73666	-17.08185	-6.049822	-5.338078	82.91815	2969.395	143.7722	168.3274	95.72954	-6.049822	-6.049822	-17.43772	-4.626335	-8.185054	-5.338078	82.91815	-4.626335	-8.185054
28.59	87.18861	-985.3594	-1161.299	-538.0782	7.117439	-689.7544	-307.4733	232.0284	390.0356	46.26334	-17.08185	-6.049822	-5.338078	-17.08185	9071.395	143.7722	-31.6726	-4.270463	-6.049822	-6.049822	-17.43772	-4.626335	-8.185054	-5.338078	-17.08185	-4.626335	-8.185054
28.88	87.18861	114.6406	-60.29883	-238.0782	-92.88256	-789.7544	-507.4733	432.0284	-609.9644	46.26334	82.91815	-6.049822	-5.338078	-17.08185	-30.60498	143.7722	-31.6726	-4.270463	-6.049822	-6.049822	-17.43772	-4.626335	-8.185054	-5.338078	-17.08185	-4.626335	-8.185054
29.16	87.18861	614.6406	-360.2988	61.92175	-92.88256	-1589.754	392.5267	32.02844	-409.9644	46.26334	82.91815	-6.049822	-5.338078	-17.08185	-130.605	-56.22775	-31.6726	-4.270463	-6.049822	-6.049822	-17.43772	-4.626335	-8.185054	-5.338078	-17.08185	-4.626335	-8.185054
29.45	87.18861	1614.641	439.7012	161.9218	-92.88256	-1089.754	-307.4733	-67.97156	490.0356	246.2633	-17.08185	-6.049822	-5.338078	-17.08185	21578.39	-56.22775	68.3274	95.72954	-6.049822	-6.049822	-17.43772	-4.626335	-8.185054	-5.338078	-17.08185	-4.626335	-8.185054
29.73	-12.81139	914.6406	-360.2988	361.9218	-92.88256	-2289.754	-307.4733	32.02844	90.03564	-53.73666	-17.08185	-6.049822	-5.338078	-17.08185	-130.605	343.7722	-31.6726	-4.270463	-6.049822	-6.049822	-17.43772	-4.626335	-8.185054	-5.338078	-17.08185	-4.626335	-8.185054
30.02	-12.81139	614.6406	-861.2988	-138.0782	7.117439	-3089.754	492.5267	232.0284	-709.9644	-53.73666	-17.08185	-6.049822	-5.338078	-17.08185	269.395	-56.22775	-31.6726	-4.270463	-6.049822	-6.049822	-17.43772	-4.626335	-8.185054	-5.338078	-17.08185	-4.626335	-8.185054
30.3	-12.81139	1114.641	-660.2988	-238.0782	207.1174	-1289.754	-107.4733	-367.9716	690.0356	46.26334	-17.08185	-6.049822	-5.338078	-17.08185	-30.60498	-156.2278	-31.6726	-4.270463	-6.049822	-6.049822	-17.43772	-4.626335	91.81495	-5.338078	-17.08185	-4.626335	91.81495
30.59	-12.81139	514.6406	1039.701	161.9218	-92.88256	-1389.754	-507.4733	-467.9716	-609.9644	-53.73666	-17.08185	-6.049822	-5.338078	-17.08185	169.395	43.77225	-31.6726	-4.270463	-6.049822	-6.049822	-17.43772	-4.626335	-8.185054	-5.338078	-17.08185	-4.626335	-8.185054
30.87	-12.81139	1314.641	439.7012	-738.0782	7.117439	811.2456	-607.4733	-67.97156	-9.964355	-53.73666	-17.08185	-6.049822	-5.338078	182.9182	-130.605	343.7722	-31.6726	-4.270463	-6.049822	-6.049822	-17.43772	-4.626335	-8.185054	-5.338078	182.9182	-4.626335	-8.185054
31.16	87.18861	1514.641	-1061.299	-338.0782	7.117439	-1489.754	-807.4733	-67.97156	-109.9644	146.2633	-17.08185	-6.049822	-5.338078	-17.08185	-130.605	-256.2278	-31.6726	-4.270463	93.95018	-6.049822	-17.43772	-4.626335	-8.185054	-5.338078	-17.08185	-4.626335	-8.185054
31.44	-12.81139	614.6406	-1361.299	-438.0782	-92.88256	-689.7544	-407.4733	132.0284	-109.9644	46.26334	-17.08185	-6.049822	-5.338078	-17.08185	-30.60498	143.7722	-31.6726	-4.270463	-6.049822	-6.049822	-17.43772	-4.626335	91.81495	-5.338078	-17.08185	-4.626335	91.81495
31.73	-12.81139	-85.35938	-460.2988	161.9218	-92.88256	-1089.754	-7.473267	232.0284	-109.9644	146.2633	-17.08185	-6.049822	94.66192	-17.08185	69.39502	143.7722	68.3274	-4.270463	-6.049822	-6.049822	-17.43772	-4.626335	-8.185054	94.66192	-17.08185	-4.626335	-8.185054
32.01	-12.81139	-1386.359	-560.2988	61.92175	7.117439	-1389.754	192.5267	-67.97156	190.0356	-53.73666	-17.08185	-6.049822	-5.338078	-17.08185	-30.60498	-256.2278	-31.6726	-4.270463	-6.049822	-6.049822	-17.43772	-4.626335	-8.185054	-5.338078	-17.08185	-4.626335	-8.185054
32.3	87.18861	1414.641	-60.29883	-38.07825	107.1174	-1889.754	1792.527	32.02844	90.03564	146.2633	1082.918	-6.049822	-5.338078	-17.08185	2482344	4645615	268.3274	-4.270463	93.95018	1793.95	1282.562	-4.626335	591.8149	-5.338078	-17.08185	-4.626335	591.8149
32.58	87.18861	198550.6	-660.2988	13165.92	7.117439	4212.246	51349.53	532.0284	2090.036	4946.263	9084.918	393.9502	-5.338078	582.9182	3.009025e+07	7.605762e+07	1468.327	395.7295	93.95018	14297.95	5383.562	-4.626335	1791.815	-5.338078	582.9182	-4.626335	1791.815
32.87	487.1886	1047468	139.7012	52017.92	507.1174	15519.25	135267.5	432.0284	590.0356	12449.26	21291.92	393.9502	-5.338078	1682.918	4.801081e+07	1.294239e+08	1768.327	595.7296	893.9502	24705.95	6883.562	-4.626335	3291.815	-5.338078	1682.918	-4.626335	3291.815
33.16	487.1886	1408553	-560.2988	101672.9	307.1174	22726.25	207465.5	932.0284	1490.036	15351.26	37009.92	893.9502	-5.338078	1482.918	6.684124e+07	1.722194e+08	1668.327	995.7296	993.9502	31112.95	7383.562	-4.626335	3091.815	-5.338078	1482.918	-4.626335	3091.815
33.44	487.1886	1852119	939.7012	132718.9	807.1174	24328.25	219871.5	2632.028	1890.036	16351.26	37009.92	993.9502	-5.338078	1682.918	7.697116e+07	2.202913e+08	2568.327	1395.729	793.9502	57259.95	5583.562	-4.626335	3491.815	-5.338078	1682.918	-4.626335	3491.815
33.73	2587.189	2513519	1139.701	167225.9	3107.117	26230.25	283107.5	2832.028	2290.036	15651.26	48930.92	1693.95	-5.338078	2682.918	8.569962e+07	2.12279e+08	3068.327	1695.729	1093.95	66682.95	5083.562	195.3737	3291.815	-5.338078	2682.918	195.3737	3291.815
34.01	3887.189	2905794	1539.701	161689.9	6208.118	40152.25	303243.5	1232.028	2490.036	13250.26	48028.92	3193.95	94.66192	1882.918	8.798265e+07	2.263006e+08	2968.327	1595.729	1293.95	116867	5883.562	-4.626335	3691.815	94.66192	1882.918	-4.626335	3691.815
34.3	5188.188	2965552	1839.701	162393.9	6008.118	42657.25	365573.5	1432.028	2290.036	11449.26	49431.92	3993.95	-5.338078	1282.918	9.197422e+07	2.303068e+08	3368.327	1895.729	793.9502	124503	6583.562	-4.626335	2591.815	-5.338078	1282.918	-4.626335	2591.815
34.59	7888.188	3143036	1539.701	138349.9	9709.117	42957.25	356138.5	1332.028	2190.036	12149.26	48028.92	4193.95	-5.338078	1982.918	9.368212e+07	2.403226e+08	4268.328	1095.729	1093.95	112446	5983.562	295.3737	2691.815	-5.338078	1982.918	295.3737	2691.815
34.87	5088.188	2552054	1039.701	122867.9	11210.12	35243.25	310228.5	2032.028	3390.036	8247.264	51936.92	3193.95	94.66192	2382.918	1.163674e+08	3.004214e+08	3768.327	1795.729	193.9502	99691.95	8183.562	-4.626335	2091.815	94.66192	2382.918	-4.626335	2091.815
35.16	5888.188	1984663	739.7012	107697.9	19014.12	34042.25	249752.5	2332.028	4991.036	5647.263	51936.92	3293.95	94.66192	1882.918	1.166587e+08	3.344805e+08	1868.327	3495.729	393.9502	79118.95	7883.562	-4.626335	1691.815	94.66192	1882.918	-4.626335	1691.815
35.44	5788.188	1786368	2539.701	80193.92	18014.12	27532.25	212911.5	2032.028	1390.036	6847.263	57047.92	3493.95	94.66192	1582.918	1.173873e+08	2.944112e+08	2368.327	4395.729	793.9502	69690.95	6683.562	-4.626335	1091.815	94.66192	1582.918	-4.626335	1091.815
35.73	7188.188	1415216	5040.701	76882.92	22117.12	19823.25	172498.5	1532.028	3591.036	6247.263	59553.92	2793.95	-5.338078	882.9182	1.22156e+08	3.565201e+08	1668.327	4595.729	493.9502	54753.95	8483.562	-4.626335	1091.815	-5.338078	882.9182	-4.626335	1091.815
36.01	8789.188	1239714	1739.701	55926.92	29324.12	14118.25	145928.5	2532.028	4391.036	5947.263	52437.92	1493.95	-5.338078	982.9182	1.235718e+08	3.264664e+08	1368.327	4395.729	593.9502	46536.95	9884.562	95.37366	1091.815	-5.338078	982.9182	95.37366	1091.815
36.3	8488.188	951000.6	1339.701	49512.92	31327.12	15819.25	113257.5	2432.028	3290.036	6947.263	49230.92	1393.95	-5.338078	1082.918	1.280125e+08	3.164489e+08	1768.327	3295.729	393.9502	39023.95	11485.56	-4.626335	1591.815	-5.338078	1082.918	-4.626335	1591.815
36.59	7388.188	997783.6	3640.701	49512.92	30025.12	14018.25	90964.52	3132.028	4091.036	5447.263	46926.92	893.9502	-5.338078	882.9182	1.283926e+08	3.525128e+08	868.3274	1995.729	693.9502	31313.95	9884.562	-4.626335	891.8149	-5.338078	882.9182	-4.626335	891.8149
36.87	6388.188	763281.6	3340.701	57229.92	23919.12	10715.25	89258.52	1432.028	3891.036	10048.26	45724.92	793.9502	-5.338078	2382.918	1.263759e+08	3.525128e+08	2768.327	1995.729	193.9502	25406.95	10584.56	-4.626335	1891.815	-5.338078	2382.918	-4.626335	1891.815
37.16	3587.189	556070.6	2639.701	84106.92	16513.12	8014.246	71700.52	1532.028	3591.036	14550.26	46625.92	493.9502	-5.338078	2382.918	1.234404e+08	3.2847e+08	2968.327	1595.729	-6.049822	28509.95	10484.56	-4.626335	2891.815	-5.338078	2382.918	-4.626335	2891.815
37.44	3687.189	511829.6	2439.701	86514.92	13411.12	4012.246	74308.52	3332.028	3190.036	17952.26	50032.92	293.9502	-5.338078	3082.918	1.306153e+08	3.384877e+08	2368.327	2595.729	293.9502	25206.95	11084.56	-4.626335	3991.815	-5.338078	3082.918	-4.626335	3991.815
37.73	2487.189	363530.6	5240.701	133924.9	10009.12	6613.246	71098.52	2332.028	4291.036	28062.26	59152.92	93.95018	-5.338078	4482.918	1.47141e+08	3.885793e+08	3968.327	1695.729	93.95018	30612.95	9884.562	-4.626335	4991.815	-5.338078	4482.918	-4.626335	4991.815
38.02	2287.189	388203.6	3240.701	152632.9	7408.118	5312.246	69293.52	2632.028	5291.036	28562.26	57248.92	593.9502	94.66192	2682.918	1.428352e+08	3.82568e+08	3368.327	1395.729	293.9502	31513.95	12085.56	-4.626335	5492.815	94.66192	2682.918	-4.626335	5492.815
38.31	1887.189	286418.6	3540.701	179309.9	5808.118	2711.246	75913.52	3132.028	4891.036	34770.26	66069.92	93.95018	-5.338078	3682.918	1.451524e+08	3.745531e+08	3468.327	1795.729	393.9502	32815.95	9884.562	-4.626335	5492.815	-5.338078	3682.918	-4.626335	5492.815
38.59	1587.189	253153.6	3140.701	175885.9	7008.118	3912.246	70597.52	1532.028	3691.036	31366.26	58951.92	293.9502	-5.338078	2882.918	1.289774e+08	3.2847e+08	4368.328	2595.729	193.9502	31012.95	11985.56	-4.626335	4691.815	-5.338078	2882.918	-4.626335	4691.815
38.88	1487.189	189780.6	1439.701	184547.9	3507.117	4112.246	72101.52	3232.028	2490.036	40178.26	77201.92	93.95018	-5.338078	3782.918	1.359728e+08	3.805643e+08	4668.328	2795.729	-6.049822	30512.95	9884.562	-4.626335	6292.815	-5.338078	3782.918	-4.626335	6292.815
39.16	787.1886	214686.6	3040.701	192810.9	3307.117	3112.246	67488.52	3832.028	3791.036	38576.26	76700.92	293.9502	-5.338078	3482.918	1.372622e+08	3.705457e+08	4168.328	3495.729	393.9502	35518.95	12485.56	-4.626335	7492.815	-5.338078	3482.918	-4.626335	7492.815
39.45	2687.189	173458.6	3940.701	223263.9	3107.117	711.2456	54957.53	2132.028	4291.036	45287.26	82117.92	93.95018	-5.338078	3982.918	1.41175e+08	3.865756e+08	4068.327	3895.729	93.95018	30812.95	11685.56	-4.626335	6592.815	-5.338078	3982.918	-4.626335	6592.815
39.73	2687.189	147083.6	3940.701	224272.9	3207.117	1611.246	58465.53	2532.028	2990.036	44085.26	86231.92	93.95018	-5.338078	3682.918	1.511184e+08	4.00602e+08	4468.328	3795.729	-6.049822	26407.95	14987.56	-4.626335	5892.815	-5.338078	3682.918	-4.626335	5892.815
40.02	3687.189	105061.6	3640.701	188174.9	4907.118	911.2456	44535.53	2632.028	4291.036	37574.26	79910.92	-6.049822	-5.338078	2982.918	1.39769e+08	3.545164e+08	1868.327	3295.729	193.9502	17899.95	10884.56	-4.626335	4191.815	-5.338078	2982.918	-4.626335	4191.815
40.31	3787.189	83775.64	3640.701	159676.9	12210.12	811.2456	36922.53	1932.028	3591.036	28963.26	64265.92	-6.049822	-5.338078	2382.918	1.370131e+08	3.965944e+08	2868.327	2695.729	193.9502	14297.95	10184.56	-4.626335	2491.815	-5.338078	2382.918	-4.626335	2491.815
40.59	6488.188	104860.6	1239.701	111212.9	21316.12	811.2456	34218.53	3432.028	3791.036	23157.26	64565.92	-6.049822	-5.338078	2582.918	1.377165e+08	4.146289e+08	2068.327	2495.729	-6.049822	10595.95	12585.56	-4.626335	1691.815	-5.338078	2582.918	-4.626335	1691.815
40.88	12490.19	92609.64	3440.701	94242.92	30826.12	-889.7544	27810.53	2732.028	4591.036	20454.26	59252.92	93.95018	-5.338078	1582.918	1.369252e+08	3.12442e+08	1668.327	2595.729	193.9502	9495.95	9084.562	-4.626335	1191.815	-5.338078	1582.918	-4.626335	1191.815
41.16	15892.19	56793.64	3540.701	77283.92	35733.12	-188.7544	21403.53	3632.028	3390.036	16451.26	55844.92	93.95018	-5.338078	1582.918	1.353284e+08	3.164489e+08	968.3274	2795.729	-6.049822	7794.95	9984.562	-4.626335	1591.815	-5.338078	1582.918	-4.626335	1591.815
41.45	22697.19	67121.64	2940.701	68658.92	50258.12	-188.7544	18500.53	2932.028	4191.036	13250.26	52136.92	193.9502	94.66192	982.9182	1.320344e+08	3.32477e+08	1068.327	2695.729	93.95018	6694.95	10784.56	-4.626335	691.8149	94.66192	982.9182	-4.626335	691.8149
41.74	22197.19	100340.6	4240.701	73372.92	47552.12	-789.7544	22704.53	2232.028	4291.036	15551.26	48729.92	193.9502	-5.338078	982.9182	1.286411e+08	3.485056e+08	1268.327	2595.729	-6.049822	6594.95	11285.56	95.37366	2391.815	-5.338078	982.9182	95.37366	2391.815
42.02	21196.19	33745.64	3440.701	71566.92	41441.12	-1389.754	22804.53	3232.028	2690.036	17252.26	53740.92	-6.049822	-5.338078	882.9182	1.35094e+08	4.046097e+08	1868.327	2395.729	-6.049822	8795.95	11785.56	-4.626335	1291.815	-5.338078	882.9182	-4.626335	1291.815
42.31	16192.19	28638.64	3540.701	89625.92	35132.12	-889.7544	29512.53	2332.028	3591.036	22456.26	51836.92	293.9502	94.66192	2282.918	1.320783e+08	3.68542e+08	1068.327	1295.729	-6.049822	14497.95	10884.56	-4.626335	3091.815	94.66192	2282.918	-4.626335	3091.815
42.59	12990.19	38854.64	4840.701	90227.92	26521.12	-789.7544	34919.53	3032.028	3891.036	28462.26	59453.92	93.95018	-5.338078	2882.918	1.312318e+08	3.785605e+08	1368.327	1895.729	93.95018	15498.95	13586.56	-4.626335	3491.815	-5.338078	2882.918	-4.626335	3491.815
42.88	9089.188	40757.64	2339.701	84507.92	19615.12	511.2456	35520.53	2932.028	4091.036	33769.26	56045.92	-6.049822	-5.338078	2982.918	1.272546e+08	3.68542e+08	1668.327	1395.729	93.95018	19000.95	10584.56	-4.626335	2991.815	-5.338078	2982.918	-4.626335	2991.815
43.17	8388.188	35748.64	2839.701	85009.92	16613.12	-1789.754	36021.53	4332.028	3390.036	38275.26	55744.92	93.95018	94.66192	3482.918	1.407956e+08	3.565201e+08	4268.328	1995.729	293.9502	26207.95	9784.562	-4.626335	5092.815	94.66192	3482.918	-4.626335	5092.815
43.45	8088.188	37151.64	1439.701	67354.92	11510.12	611.2456	39226.53	3332.028	3791.036	42282.26	57448.92	293.9502	-5.338078	4382.918	1.394904e+08	3.46502e+08	3168.327	2295.729	93.95018	39224.95	11985.56	-4.626335	6592.815	-5.338078	4382.918	-4.626335	6592.815
43.74	6888.188	47070.64	2839.701	70463.92	7508.118	111.2456	53052.53	2132.028	3591.036	47391.26	60856.92	293.9502	-5.338078	4482.918	1.45478e+08	3.585237e+08	4368.328	1295.729	-6.049822	57459.95	11885.56	-4.626335	5192.815	-5.338078	4482.918	-4.626335	5192.815
44.02	8188.188	47170.64	4140.701	66953.92	8408.117	1211.246	45537.53	3032.028	3591.036	53303.26	61558.92	293.9502	-5.338078	4782.918	1.332204e+08	4.00602e+08	2868.327	1495.729	193.9502	75808.95	9684.562	-4.626335	4991.815	-5.338078	4782.918	-4.626335	4991.815
44.31	6788.188	44064.64	2139.701	71767.92	5808.118	811.2456	53553.53	3732.028	3390.036	54505.26	62761.92	193.9502	-5.338078	4082.918	1.550959e+08	3.224594e+08	3768.327	1695.729	-6.049822	82128.95	11785.56	-4.626335	5892.815	-5.338078	4082.918	-4.626335	5892.815
44.6	10989.19	44465.64	4140.701	73071.92	6708.118	-789.7544	55257.53	3432.028	2190.036	53503.26	64666.92	193.9502	-5.338078	4482.918	1.340836e+08	3.444984e+08	3168.327	2095.729	193.9502	87847.95	10184.56	-4.626335	6492.815	-5.338078	4482.918	-4.626335	6492.815
44.88	19495.19	99336.64	3040.701	82902.92	4207.118	1511.246	56360.53	2732.028	2590.036	53503.26	61558.92	893.9502	-5.338078	4982.918	1.332052e+08	3.545164e+08	3868.327	2495.729	93.95018	104813	11385.56	-4.626335	5692.815	-5.338078	4982.918	-4.626335	5692.815
45.17	23598.19	141751.6	1839.701	82500.92	5708.118	411.2456	59267.53	3032.028	3390.036	51800.26	62259.92	1993.95	-5.338078	4982.918	1.315662e+08	3.605274e+08	3168.327	2795.729	193.9502	118675	9984.562	-4.626335	4491.815	-5.338078	4982.918	-4.626335	4491.815
45.45	34210.19	179300.6	4640.701	84607.92	6608.118	911.2456	58365.53	2332.028	2690.036	53303.26	61357.92	1993.95	-5.338078	3482.918	1.347865e+08	4.106212e+08	3868.327	2995.729	193.9502	124805	14186.56	-4.626335	5092.815	-5.338078	3482.918	-4.626335	5092.815
45.74	37415.19	187663.6	2940.701	84507.92	10609.12	3412.246	60369.53	1632.028	3691.036	46690.26	67072.92	1793.95	-5.338078	3682.918	1.296208e+08	3.965944e+08	2368.327	2095.729	193.9502	108630	11985.56	-4.626335	4291.815	-5.338078	3682.918	-4.626335	4291.815
46.03	35813.19	208735.6	2439.701	76381.92	10409.12	2011.246	49545.53	3032.028	3390.036	42482.26	61157.92	2493.95	-5.338078	3282.918	1.259522e+08	3.62531e+08	3368.327	2295.729	93.95018	103809	10584.56	-4.626335	3291.815	-5.338078	3282.918	-4.626335	3291.815
46.31	33209.19	152718.6	3540.701	62943.92	9109.117	2111.246	39426.53	3332.028	3290.036	38075.26	58350.92	2193.95	-5.338078	3082.918	1.422482e+08	3.46502e+08	3068.327	2595.729	193.9502	113752	10384.56	-4.626335	4091.815	-5.338078	3082.918	-4.626335	4091.815
46.6	35713.19	111390.6	1939.701	64948.92	8809.117	1911.246	36221.53	2732.028	3190.036	32167.26	62360.92	1293.95	-5.338078	2982.918	1.322246e+08	3.565201e+08	2268.327	2395.729	93.95018	109433	9784.562	-4.626335	2591.815	-5.338078	2982.918	-4.626335	2591.815
46.88	31206.19	78457.64	4240.701	60737.92	9109.117	1911.246	35921.53	1732.028	4291.036	29964.26	50232.92	693.9502	-5.338078	2882.918	1.252803e+08	3.224594e+08	3068.327	1495.729	-6.049822	106119	11285.56	95.37366	3391.815	-5.338078	2882.918	95.37366	3391.815
47.17	31006.19	67823.64	1239.701	49913.92	10309.12	11.24561	33016.53	2132.028	4591.036	28062.26	52637.92	1293.95	-5.338078	2182.918	1.255578e+08	3.164489e+08	3868.327	1395.729	-6.049822	113350	11385.56	-4.626335	3491.815	-5.338078	2182.918	-4.626335	3491.815
47.45	25800.19	55991.64	2940.701	41297.92	9009.117	1211.246	37723.53	1732.028	2890.036	28863.26	57147.92	993.9502	94.66192	2482.918	1.292432e+08	4.286562e+08	3368.327	1695.729	93.95018	155476	13085.56	-4.626335	4291.815	94.66192	2482.918	-4.626335	4291.815
47.74	34611.19	57896.64	2539.701	48310.92	21516.12	211.2456	40528.53	2032.028	4491.036	24558.26	82184.92	1593.95	-5.338078	3082.918	1.508284e+08	3.725494e+08	4268.328	2095.729	93.95018	168963	8984.562	-4.626335	3091.815	-5.338078	3082.918	-4.626335	3091.815
48.03	28703.19	48674.64	3040.701	46907.92	20215.12	-488.7544	39326.53	3432.028	2690.036	21756.26	52136.92	1693.95	-5.338078	2182.918	1.391824e+08	3.665384e+08	2968.327	1395.729	393.9502	196564	10584.56	-4.626335	3391.815	-5.338078	2182.918	-4.626335	3391.815
48.31	34511.19	38153.64	2339.701	48310.92	48254.12	-188.7544	35320.53	3332.028	3691.036	24758.26	58851.92	2293.95	-5.338078	1982.918	1.34889e+08	3.82568e+08	2868.327	1995.729	393.9502	237315	9984.562	-4.626335	4191.815	-5.338078	1982.918	-4.626335	4191.815
48.6	44226.19	44565.64	3840.701	46506.92	89467.12	611.2456	40728.53	1832.028	2490.036	23857.26	65267.92	2693.95	-5.338078	2682.918	1.373208e+08	3.565201e+08	3568.327	2095.729	1293.95	253372	8884.562	95.37366	3591.815	-5.338078	2682.918	95.37366	3591.815
48.88	46430.19	38654.64	3440.701	56126.92	112761.1	1511.246	36221.53	2632.028	3491.036	24258.26	63061.92	3193.95	-5.338078	2082.918	1.288019e+08	3.164489e+08	3268.327	3095.729	993.9502	221067	8283.562	-4.626335	4191.815	-5.338078	2082.918	-4.626335	4191.815
49.17	54647.19	192803.6	3340.701	63845.92	145932.1	-789.7544	37323.53	2032.028	6191.036	22456.26	79910.92	2493.95	-5.338078	1682.918	1.471088e+08	3.985982e+08	3268.327	3295.729	493.9502	195254	10784.56	-4.626335	3391.815	-5.338078	1682.918	-4.626335	3391.815
49.46	57253.19	34046.64	2439.701	56728.92	138490.1	811.2456	34318.53	1732.028	2590.036	17652.26	69077.92	2893.95	-5.338078	2382.918	1.360168e+08	3.444984e+08	3468.327	2495.729	293.9502	165238	12385.56	95.37366	2691.815	-5.338078	2382.918	95.37366	2691.815
49.74	65673.19	47872.64	1839.701	66251.92	212205.1	1411.246	40127.53	3132.028	4091.036	20855.26	85127.92	2493.95	-5.338078	2882.918	1.499901e+08	3.785605e+08	3068.327	2495.729	593.9502	141091	13286.56	-4.626335	4491.815	-5.338078	2882.918	-4.626335	4491.815
50.03	88443.19	155435.6	3840.701	60938.92	345885.1	611.2456	42431.53	3232.028	4191.036	16652.26	77201.92	4493.95	-5.338078	1282.918	1.405316e+08	3.12442e+08	3468.327	2595.729	493.9502	124101	11885.56	-4.626335	4791.815	-5.338078	1282.918	-4.626335	4791.815
50.32	94566.19	192501.6	2339.701	55725.92	434655.1	2411.246	37824.53	2632.028	4391.036	18353.26	93356.92	6094.95	-5.338078	2082.918	1.51667e+08	3.765569e+08	3968.327	4095.729	693.9502	141795	11585.56	-4.626335	6292.815	-5.338078	2082.918	-4.626335	6292.815
50.6	113243.2	245778.6	1339.701	66352.92	563795.1	2211.246	40728.53	3632.028	4391.036	17552.26	85227.92	4693.95	-5.338078	1282.918	1.348743e+08	3.224594e+08	2468.327	3495.729	-6.049822	126011	13486.56	-4.626335	6192.815	-5.338078	1282.918	-4.626335	6192.815
50.89	108723.2	195223.6	4240.701	61339.92	594495.1	1811.246	43032.53	2532.028	2690.036	22356.26	89843.92	5894.95	-5.338078	2082.918	1.363244e+08	3.144455e+08	1568.327	2195.729	93.95018	116163	13586.56	-4.626335	5492.815	-5.338078	2082.918	-4.626335	5492.815
51.17	109024.2	133805.6	2839.701	66352.92	536913.1	811.2456	39827.53	2732.028	4091.036	29063.26	84826.92	3893.95	-5.338078	2082.918	1.372182e+08	3.705457e+08	2468.327	2695.729	493.9502	116364	11985.56	-4.626335	5692.815	-5.338078	2082.918	-4.626335	5692.815
51.46	98681.19	190888.6	4940.701	87618.92	494349.1	1511.246	39126.53	3032.028	4891.036	41080.26	92453.92	3793.95	-5.338078	1682.918	1.408983e+08	4.00602e+08	2468.327	2795.729	-6.049822	98085.95	16287.56	-4.626335	6292.815	-5.338078	1682.918	-4.626335	6292.815
51.74	99083.19	109581.6	4240.701	88923.92	424279.1	811.2456	36421.53	1432.028	2990.036	43584.26	91449.92	2593.95	-5.338078	3082.918	1.412944e+08	3.725494e+08	3468.327	2695.729	93.95018	82930.95	10784.56	-4.626335	5792.815	-5.338078	3082.918	-4.626335	5792.815
52.03	107317.2	59600.64	2539.701	92134.92	407909.1	911.2456	36021.53	1732.028	2990.036	43885.26	95564.92	2493.95	-5.338078	2482.918	1.232774e+08	3.384877e+08	2768.327	4295.729	593.9502	92062.95	12685.56	-4.626335	8392.815	-5.338078	2482.918	-4.626335	8392.815
52.32	113143.2	78858.64	3240.701	87116.92	416245.1	911.2456	30813.53	3232.028	4291.036	39978.26	99680.92	3593.95	94.66192	2682.918	1.467855e+08	4.066135e+08	2368.327	3095.729	93.95018	105215	10084.56	-4.626335	6992.815	94.66192	2682.918	-4.626335	6992.815
52.6	121080.2	51480.64	3740.701	73973.92	371042.1	2311.246	34018.53	3332.028	2890.036	33168.26	109622.9	7494.95	-5.338078	3282.918	1.491297e+08	4.186367e+08	3968.327	3995.729	593.9502	164936	13786.56	95.37366	8492.815	-5.338078	3282.918	95.37366	8492.815
52.89	114348.2	62508.64	1039.701	61439.92	329972.1	2411.246	33117.53	1332.028	3390.036	29764.26	96367.92	7494.95	-5.338078	1782.918	1.312318e+08	3.364841e+08	3168.327	2095.729	393.9502	201906	11285.56	95.37366	6492.815	-5.338078	1782.918	95.37366	6492.815
53.17	128718.2	85582.64	3840.701	52719.92	269857.1	1911.246	30413.53	3432.028	2790.036	25259.26	102592.9	6794.95	-5.338078	2682.918	1.352112e+08	3.62531e+08	3568.327	2095.729	593.9502	252664	9884.562	-4.626335	7992.815	-5.338078	2682.918	-4.626335	7992.815
53.46	122084.2	106467.6	1439.701	46105.92	212205.1	3812.246	32916.53	2432.028	3491.036	22957.26	97472.92	6194.95	-5.338078	3082.918	1.377605e+08	3.785605e+08	6269.328	1995.729	1793.95	282278.9	11785.56	195.3737	7592.815	-5.338078	3082.918	195.3737	7592.815
53.75	124295.2	164193.6	3440.701	46707.92	183881.1	5513.246	37022.53	2532.028	4791.036	19954.26	90947.92	7994.95	-5.338078	2282.918	1.235718e+08	2.944112e+08	9570.327	1995.729	5794.95	290774.9	9884.562	295.3737	6392.815	-5.338078	2282.918	295.3737	6392.815
54.03	106614.2	280045.6	1039.701	37391.92	148045.1	21825.25	34318.53	2432.028	2590.036	19754.26	65468.92	7894.95	94.66192	3082.918	1.106607e+08	2.54345e+08	12471.33	2295.729	11396.95	502901.9	9484.562	1395.374	8693.815	94.66192	3082.918	1395.374	8693.815
54.32	96071.19	283383.6	3040.701	34386.92	132960.1	40953.25	39927.53	2432.028	3691.036	21255.26	68676.92	10895.95	-5.338078	2982.918	1.114754e+08	3.024248e+08	9070.327	1695.729	11696.95	708081.9	9384.562	1595.374	7292.815	-5.338078	2982.918	1595.374	7292.815
54.6	90450.19	273268.6	3940.701	35788.92	104626.1	37547.25	31014.53	1832.028	2390.036	16652.26	66871.92	10695.95	-5.338078	3382.918	1.064158e+08	2.583515e+08	10270.33	1195.729	6694.95	683922.9	9784.562	695.3737	7192.815	-5.338078	3382.918	695.3737	7192.815
54.89	82322.19	242950.6	1039.701	37391.92	82644.12	33941.25	39626.53	3132.028	2890.036	18553.26	63061.92	13297.95	-5.338078	4082.918	1.199969e+08	3.144455e+08	10070.33	2095.729	5894.95	989391.9	7983.562	295.3737	11494.82	-5.338078	4082.918	295.3737	11494.82
55.17	86838.19	212063.6	3040.701	39093.92	89367.12	21224.25	41029.53	2032.028	3390.036	17352.26	71384.92	16398.95	-5.338078	2882.918	1.243456e+08	3.12442e+08	8670.327	1495.729	4093.95	1212501	10684.56	495.3737	10993.82	-5.338078	2882.918	495.3737	10993.82
55.46	88443.19	154227.6	3440.701	33385.92	90370.12	17120.25	36722.53	1732.028	2690.036	16852.26	82016.92	26607.95	-5.338078	3182.918	1.308347e+08	3.164489e+08	7969.328	2795.729	3493.95	1431011	10684.56	195.3737	11594.82	-5.338078	3182.918	195.3737	11594.82
55.75	98179.19	162079.6	2539.701	39995.92	116880.1	15519.25	29011.53	2732.028	4391.036	15251.26	85829.92	31513.95	94.66192	1882.918	1.210326e+08	3.264664e+08	5469.328	2595.729	1993.95	1407321	11385.56	295.3737	11594.82	94.66192	1882.918	295.3737	11594.82
56.03	103903.2	104860.6	2039.701	40696.92	181061.1	11516.25	28310.53	2932.028	3691.036	13750.26	92653.92	38623.95	-5.338078	1982.918	1.312318e+08	3.985982e+08	5769.328	2695.729	4193.95	1312043	9984.562	-4.626335	14695.82	-5.338078	1982.918	-4.626335	14695.82
56.32	118065.2	79259.64	5641.701	47308.92	296557.1	10215.25	22204.53	1532.028	3791.036	12349.26	104902.9	39324.95	-5.338078	2082.918	1.268872e+08	3.505092e+08	4368.328	3495.729	2993.95	1173505	10884.56	95.37366	15496.82	-5.338078	2082.918	95.37366	15496.82
56.61	120778.2	66720.64	2639.701	50213.92	333214.1	6513.246	22804.53	1732.028	2990.036	12349.26	102191.9	48540.95	-5.338078	382.9182	1.394171e+08	3.004214e+08	4268.328	3895.729	3393.95	1424980	11084.56	-4.626335	12894.82	-5.338078	382.9182	-4.626335	12894.82
56.89	121381.2	51279.64	2739.701	48209.92	313664.1	11216.25	21503.53	3332.028	3691.036	9948.264	98777.92	50744.95	-5.338078	882.9182	1.351672e+08	3.384877e+08	3668.327	4495.729	2993.95	1655662	11885.56	-4.626335	12794.82	-5.338078	882.9182	-4.626335	12794.82
57.18	114248.2	67422.64	3040.701	46406.92	276125.1	8314.246	18801.53	3632.028	3491.036	9848.264	101086.9	53651.95	-5.338078	982.9182	1.332052e+08	4.026059e+08	2968.327	4595.729	2293.95	1963919	11685.56	95.37366	13495.82	-5.338078	982.9182	95.37366	13495.82
57.46	108020.2	63210.64	3540.701	43100.92	221989.1	10015.25	24005.53	2632.028	2290.036	11749.26	91449.92	48139.95	-5.338078	982.9182	1.282903e+08	3.665384e+08	4468.328	4095.729	2393.95	2094289	11084.56	-4.626335	16496.81	-5.338078	982.9182	-4.626335	16496.81
57.75	92257.19	83073.64	2339.701	35888.92	170789.1	11216.25	24706.53	1932.028	4591.036	10248.26	86532.92	33616.95	94.66192	882.9182	1.225063e+08	3.444984e+08	5369.328	3895.729	1293.95	2160590	9884.562	195.3737	12694.82	94.66192	882.9182	195.3737	12694.82
58.03	85934.19	108074.6	4140.701	41096.92	145329.1	15319.25	36121.53	1332.028	2190.036	16852.26	87334.92	28009.95	-5.338078	1782.918	1.412798e+08	3.745531e+08	6369.328	3195.729	1493.95	2419138	12385.56	-4.626335	14295.82	-5.338078	1782.918	-4.626335	14295.82
58.32	76103.19	103655.6	3340.701	43100.92	122909.1	16720.25	44535.53	3032.028	2590.036	18453.26	94360.92	25806.95	-5.338078	2482.918	1.332204e+08	3.605274e+08	7269.328	2795.729	2093.95	2513721	11084.56	95.37366	13194.82	-5.338078	2482.918	95.37366	13194.82
58.61	79413.19	188973.6	4140.701	47007.92	103019.1	16920.25	51248.53	2032.028	3691.036	22856.26	85829.92	18800.95	-5.338078	2482.918	1.43026e+08	4.426839e+08	7569.328	2395.729	1393.95	2494976	14386.56	-4.626335	12794.82	-5.338078	2482.918	-4.626335	12794.82
58.89	74398.19	131894.6	2940.701	50815.92	93883.12	17921.25	52050.53	3032.028	3591.036	26460.26	85327.92	17599.95	94.66192	1882.918	1.382002e+08	3.46502e+08	7569.328	2095.729	1293.95	2425513	9784.562	-4.626335	13495.82	94.66192	1882.918	-4.626335	13495.82
59.18	73395.19	115208.6	3240.701	49712.92	85854.12	14518.25	47641.53	3532.028	2990.036	24058.26	87736.92	14097.95	-5.338078	2282.918	1.341715e+08	3.12442e+08	6869.328	2795.729	693.9502	2415620	11885.56	95.37366	11294.82	-5.338078	2282.918	95.37366	11294.82
59.46	69183.19	171242.6	2339.701	59534.92	81339.12	13417.25	49445.53	2532.028	3190.036	23057.26	93557.92	12496.95	-5.338078	3482.918	1.426444e+08	3.404912e+08	7269.328	2895.729	1893.95	2255662	11385.56	95.37366	12594.82	-5.338078	3482.918	95.37366	12594.82
59.75	70486.19	122846.6	3640.701	63745.92	83747.12	13818.25	47140.53	2832.028	2790.036	20154.26	88338.92	14197.95	-5.338078	2982.918	1.30703e+08	3.725494e+08	6669.328	2895.729	2493.95	1935204	10384.56	-4.626335	13295.82	-5.338078	2982.918	-4.626335	13295.82
60.04	67578.19	111189.6	1639.701	60637.92	88464.12	10515.25	53153.53	3332.028	2990.036	20554.26	87736.92	16098.95	94.66192	2982.918	1.354895e+08	3.965944e+08	5869.328	2895.729	3293.95	1718603	12985.56	-4.626335	12094.82	94.66192	2982.918	-4.626335	12094.82
60.32	75701.19	97830.64	3540.701	56026.92	98702.12	10615.25	51950.53	1732.028	3491.036	20154.26	85829.92	23604.95	-5.338078	2282.918	1.355773e+08	3.725494e+08	4068.327	3195.729	2893.95	1416308	8984.562	-4.626335	13795.82	-5.338078	2282.918	-4.626335	13795.82
60.61	91454.19	97127.64	1939.701	53120.92	129442.1	13217.25	45537.53	2532.028	3791.036	15551.26	86532.92	22803.95	-5.338078	2582.918	1.295769e+08	3.785605e+08	4368.328	2395.729	3093.95	1223099	8684.562	95.37366	11294.82	-5.338078	2582.918	95.37366	11294.82
60.89	97075.19	76249.64	2239.701	39694.92	145128.1	9014.246	37924.53	2632.028	2890.036	12749.26	87836.92	21803.95	-5.338078	1982.918	1.258061e+08	3.545164e+08	4068.327	2195.729	2693.95	1061981	11785.56	-4.626335	11194.82	-5.338078	1982.918	-4.626335	11194.82
61.18	100689.2	64714.64	3640.701	32684.92	148950.1	7614.246	33617.53	1832.028	4591.036	9848.264	76800.92	25006.95	-5.338078	1082.918	1.134838e+08	3.12442e+08	2868.327	2995.729	1993.95	903013.9	11385.56	95.37366	12494.82	-5.338078	1082.918	95.37366	12494.82
61.46	109727.2	63109.64	2639.701	32083.92	143217.1	7614.246	33617.53	2632.028	2690.036	10048.26	84625.92	27308.95	-5.338078	2482.918	1.247399e+08	3.084351e+08	4068.327	3195.729	2593.95	988143.9	10984.56	-4.626335	11894.82	-5.338078	2482.918	-4.626335	11894.82
61.75	129321.2	52683.64	3440.701	37190.92	151566.1	4912.246	32215.53	2732.028	2990.036	9448.264	95263.92	34617.95	-5.338078	2082.918	1.274864e+08	3.344805e+08	3568.327	3395.729	2493.95	1003124	10384.56	95.37366	12494.82	-5.338078	2082.918	95.37366	12494.82
62.04	129924.2	41659.64	1439.701	32684.92	150761.1	5713.246	27209.53	3432.028	2590.036	13450.26	90546.92	30712.95	94.66192	982.9182	1.281149e+08	3.344805e+08	2868.327	3295.729	2393.95	936512.9	11385.56	-4.626335	12194.82	94.66192	982.9182	-4.626335	12194.82
62.32	135252.2	31241.64	2039.701	28478.92	165453.1	6613.246	24706.53	3032.028	3090.036	10748.26	93958.92	31713.95	-5.338078	982.9182	1.260544e+08	3.525128e+08	3368.327	2895.729	2793.95	902391.9	11084.56	-4.626335	11194.82	-5.338078	982.9182	-4.626335	11194.82
62.61	131331.2	27937.64	1939.701	29980.92	185997.1	1311.246	25507.53	2532.028	3390.036	13450.26	96066.92	29711.95	-5.338078	1982.918	1.184951e+08	2.843943e+08	2668.327	2795.729	3793.95	851760.9	8884.562	95.37366	8793.815	-5.338078	1982.918	95.37366	8793.815
62.89	110330.2	28437.64	2439.701	30781.92	173407.1	3812.246	20302.53	1932.028	2090.036	11849.26	84023.92	25306.95	-5.338078	1682.918	1.044404e+08	2.643612e+08	2168.327	2795.729	2093.95	705818.9	8784.562	-4.626335	9093.815	-5.338078	1682.918	-4.626335	9093.815
63.18	102698.2	31041.64	3140.701	29580.92	177939.1	4812.246	18500.53	1532.028	2590.036	12549.26	68375.92	22003.95	-5.338078	1282.918	9.316098e+07	3.024248e+08	1368.327	2595.729	1193.95	562041.9	5983.562	-4.626335	7192.815	-5.338078	1282.918	-4.626335	7192.815
63.47	73294.19	17524.64	3440.701	23473.92	142513.1	5212.246	15198.53	1832.028	2990.036	10848.26	52036.92	17099.95	-5.338078	1082.918	7.488239e+07	1.962548e+08	1068.327	2095.729	1193.95	439727.9	3882.562	295.3737	4391.815	-5.338078	1082.918	295.3737	4391.815
63.75	59458.19	41559.64	1639.701	17668.92	103521.1	3612.246	14197.53	332.0284	1890.036	8447.264	40915.92	13297.95	-5.338078	582.9182	5.43195e+07	1.561964e+08	1068.327	1595.729	993.9502	363517.9	2782.562	-4.626335	4691.815	-5.338078	582.9182	-4.626335	4691.815
64.04	46530.19	18325.64	3040.701	13365.92	90571.12	3512.246	12596.53	732.0284	1090.036	5947.263	35908.92	19000.95	-5.338078	782.9182	5.138549e+07	1.414503e+08	868.3274	795.7296	493.9502	378233.9	5183.562	-4.626335	4291.815	-5.338078	782.9182	-4.626335	4291.815
64.32	46530.19	20227.64	539.7012	14866.92	94184.12	7914.246	12496.53	1332.028	1690.036	4746.263	35607.92	21803.95	-5.338078	82.91815	5.874655e+07	1.001202e+08	668.3274	1895.729	2193.95	516065.9	6383.562	-4.626335	4991.815	-5.338078	82.91815	-4.626335	4991.815
64.61	60661.19	18525.64	839.7012	15166.92	144021.1	5312.246	12296.53	832.0284	1290.036	5047.263	45523.92	27008.95	-5.338078	782.9182	7.092428e+07	1.80231e+08	768.3274	1195.729	1693.95	578203.9	8283.562	-4.626335	5392.815	-5.338078	782.9182	-4.626335	5392.815
64.9	77607.19	28938.64	1139.701	21972.92	232080.1	3412.246	18600.53	1432.028	2590.036	7847.263	64265.92	30111.95	-5.338078	382.9182	9.899922e+07	2.683678e+08	2068.327	3495.729	1293.95	644700.9	6883.562	295.3737	4191.815	-5.338078	382.9182	295.3737	4191.815
65.18	71890.19	28337.64	2039.701	25575.92	217046.1	3112.246	19001.53	1732.028	2890.036	8547.264	62861.92	26307.95	-5.338078	782.9182	9.953571e+07	2.022638e+08	1868.327	2695.729	1993.95	568689.9	6183.562	95.37366	4191.815	-5.338078	782.9182	95.37366	4191.815
65.47	79313.19	20728.64	3340.701	35087.92	212810.1	611.2456	24906.53	1432.028	3290.036	10248.26	66270.92	22203.95	-5.338078	682.9182	1.077963e+08	3.304735e+08	2168.327	1695.729	893.9502	491477.9	17988.56	-4.626335	5392.815	-5.338078	682.9182	-4.626335	5392.815
65.76	77908.19	30140.64	1839.701	43901.92	210591.1	3112.246	29011.53	1232.028	2690.036	11849.26	67272.92	17899.95	-5.338078	682.9182	1.17023e+08	3.064316e+08	2168.327	3195.729	793.9502	422941.9	9284.562	-4.626335	4091.815	-5.338078	682.9182	-4.626335	4091.815
66.04	72693.19	30240.64	1739.701	52418.92	213314.1	2211.246	28310.53	1832.028	3090.036	15051.26	72286.92	13497.95	-5.338078	1382.918	1.256892e+08	3.444984e+08	2468.327	2695.729	993.9502	354489.9	10184.56	-4.626335	4891.815	-5.338078	1382.918	-4.626335	4891.815
66.33	61362.19	30540.64	2739.701	45805.92	190329.1	4612.246	26308.53	2632.028	2890.036	16151.26	59352.92	12896.95	-5.338078	1282.918	1.1781e+08	3.344805e+08	3068.327	2195.729	993.9502	297958.9	10884.56	-4.626335	2891.815	-5.338078	1282.918	-4.626335	2891.815
66.61	57954.19	30440.64	2139.701	47007.92	142311.1	711.2456	31114.53	4032.028	3891.036	16752.26	61558.92	8795.95	-5.338078	2182.918	1.236302e+08	3.004214e+08	2168.327	2195.729	293.9502	266506.9	11885.56	95.37366	3791.815	-5.338078	2182.918	95.37366	3791.815
66.9	44627.19	27836.64	3740.701	44903.92	119090.1	211.2456	27309.53	1832.028	3390.036	20354.26	64465.92	6494.95	-5.338078	1882.918	1.380097e+08	3.404912e+08	4168.328	2395.729	693.9502	231158	11785.56	-4.626335	3691.815	-5.338078	1882.918	-4.626335	3691.815
67.19	44226.19	31141.64	2339.701	51316.92	92478.12	1111.246	28510.53	2932.028	2490.036	23657.26	58551.92	6894.95	94.66192	2282.918	1.335126e+08	3.90583e+08	2768.327	2895.729	293.9502	258625	12685.56	95.37366	4091.815	94.66192	2282.918	95.37366	4091.815
67.47	42122.19	26535.64	1339.701	67054.92	75922.12	311.2456	31815.53	2132.028	3290.036	27161.26	67874.92	7994.95	94.66192	2282.918	1.29533e+08	3.224594e+08	2868.327	1895.729	193.9502	245393	12185.56	95.37366	3591.815	94.66192	2282.918	95.37366	3591.815
67.76	41622.19	27836.64	2139.701	86614.92	60982.12	2211.246	31214.53	2832.028	3090.036	28462.26	71685.92	6894.95	-5.338078	3982.918	1.278664e+08	4.146289e+08	3168.327	2595.729	393.9502	242868	11685.56	-4.626335	4891.815	-5.338078	3982.918	-4.626335	4891.815
68.05	35612.19	30240.64	1539.701	89525.92	55268.12	511.2456	32115.53	2132.028	3290.036	29263.26	68576.92	7694.95	-5.338078	2482.918	1.348743e+08	4.206406e+08	2668.327	3995.729	393.9502	222681	10884.56	-4.626335	4091.815	-5.338078	2482.918	-4.626335	4091.815
68.33	37615.19	53585.64	1439.701	92536.92	47252.12	2811.246	41129.53	2732.028	2890.036	30665.26	71584.92	7494.95	-5.338078	3482.918	1.292552e+08	2.944112e+08	3068.327	3195.729	493.9502	212292	9584.562	-4.626335	5192.815	-5.338078	3482.918	-4.626335	5192.815
68.62	42022.19	32844.64	2139.701	95045.92	39238.12	2811.246	45437.53	3432.028	3090.036	36773.26	71384.92	7194.95	-5.338078	3182.918	1.366321e+08	3.945906e+08	2568.327	1995.729	493.9502	265799.9	8183.562	95.37366	6292.815	-5.338078	3182.918	95.37366	6292.815
68.9	41521.19	42060.64	539.7012	87116.92	35633.12	1311.246	44134.53	2932.028	3390.036	39477.26	66270.92	6194.95	-5.338078	3282.918	1.369691e+08	3.62531e+08	2468.327	3195.729	93.95018	312028.9	7883.562	-4.626335	5092.815	-5.338078	3282.918	-4.626335	5092.815
69.19	34811.19	30240.64	3040.701	84106.92	26721.12	1711.246	41329.53	3632.028	4491.036	41681.26	67573.92	4593.95	-5.338078	2482.918	1.348597e+08	3.745531e+08	2368.327	3195.729	493.9502	335732.9	9184.562	-4.626335	4191.815	-5.338078	2482.918	-4.626335	4191.815
69.48	42223.19	28638.64	1539.701	74174.92	26821.12	2311.246	34418.53	2732.028	3190.036	32868.26	63864.92	3893.95	-5.338078	3682.918	1.383468e+08	3.344805e+08	2268.327	2895.729	393.9502	358647.9	11285.56	95.37366	6192.815	-5.338078	3682.918	95.37366	6192.815
69.76	42523.19	29839.64	2039.701	74274.92	18214.12	1611.246	37523.53	2632.028	3891.036	36873.26	59954.92	3493.95	-5.338078	2382.918	1.404583e+08	3.705457e+08	1968.327	2295.729	93.95018	374375.9	11084.56	-4.626335	4191.815	-5.338078	2382.918	-4.626335	4191.815
70.05	42122.19	28037.64	1739.701	68056.92	20115.12	511.2456	30914.53	3832.028	2390.036	33769.26	58250.92	3193.95	-5.338078	3282.918	1.290797e+08	3.765569e+08	1768.327	1495.729	393.9502	340192.9	10784.56	-4.626335	3791.815	-5.338078	3282.918	-4.626335	3791.815
70.34	40820.19	25133.64	1639.701	55926.92	14611.12	1111.246	30313.53	3332.028	3390.036	28462.26	54141.92	2993.95	-5.338078	3082.918	1.339079e+08	3.985982e+08	3468.327	3295.729	193.9502	317091.9	10684.56	-4.626335	3891.815	-5.338078	3082.918	-4.626335	3891.815
70.62	37515.19	19927.64	2639.701	43901.92	13110.12	11.24561	28911.53	2032.028	4291.036	29163.26	52237.92	3293.95	-5.338078	3282.918	1.326783e+08	3.505092e+08	2668.327	2895.729	93.95018	301095.9	11685.56	-4.626335	3991.815	-5.338078	3282.918	-4.626335	3991.815
70.91	40019.19	21929.64	1739.701	46406.92	14011.12	-488.7544	28410.53	2432.028	3891.036	27261.26	48529.92	3093.95	94.66192	2082.918	1.4194e+08	3.885793e+08	2368.327	1995.729	193.9502	263878.9	10684.56	-4.626335	3491.815	94.66192	2082.918	-4.626335	3491.815
71.19	32108.19	19827.64	2839.701	44002.92	12810.12	811.2456	31214.53	2632.028	4091.036	25859.26	51335.92	3893.95	-5.338078	3782.918	1.412944e+08	3.945906e+08	2368.327	1895.729	93.95018	226516	11285.56	-4.626335	4391.815	-5.338078	3782.918	-4.626335	4391.815
71.48	37014.19	22129.64	1839.701	39894.92	12510.12	511.2456	30213.53	2032.028	3591.036	19053.26	51134.92	2893.95	-5.338078	2782.918	1.319173e+08	4.106212e+08	2868.327	1295.729	-6.049822	183062	9884.562	-4.626335	3391.815	-5.338078	2782.918	-4.626335	3391.815
71.76	30305.19	18325.64	4540.701	43200.92	14211.12	-588.7544	29211.53	2332.028	3090.036	23757.26	54141.92	2193.95	-5.338078	4082.918	1.352091e+08	3.444984e+08	2668.327	1995.729	193.9502	161615	11785.56	-4.626335	3791.815	-5.338078	4082.918	-4.626335	3791.815
72.05	32508.19	20527.64	1639.701	47208.92	27122.12	-588.7544	32816.53	2432.028	5191.036	27862.26	59954.92	1793.95	-5.338078	3182.918	1.429233e+08	3.925868e+08	2868.327	1595.729	193.9502	151150	11785.56	-4.626335	3991.815	-5.338078	3182.918	-4.626335	3991.815
72.34	35612.19	17124.64	4740.701	51917.92	58876.12	-388.7544	32416.53	2532.028	4591.036	25559.26	62560.92	1493.95	-5.338078	4082.918	1.193002e+08	3.164489e+08	3468.327	2295.729	393.9502	117369	11485.56	-4.626335	3991.815	-5.338078	4082.918	-4.626335	3991.815
72.62	44827.19	16423.64	2139.701	63745.92	109647.1	411.2456	32416.53	3032.028	3090.036	26560.26	64966.92	1893.95	-5.338078	3182.918	1.450815e+08	3.745531e+08	3368.327	1895.729	-6.049822	100696	10584.56	-4.626335	3091.815	-5.338078	3182.918	-4.626335	3091.815
72.91	54146.19	17424.64	3340.701	65850.92	143921.1	-1089.754	31414.53	2132.028	5191.036	24658.26	67674.92	1493.95	-5.338078	2982.918	1.3281e+08	3.204559e+08	3168.327	1995.729	93.95018	81827.95	10984.56	-4.626335	2591.815	-5.338078	2982.918	-4.626335	2591.815
73.19	53444.19	20628.64	2639.701	58933.92	154987.1	711.2456	31314.53	2232.028	3491.036	21756.26	64164.92	993.9502	-5.338078	2182.918	1.303812e+08	3.985982e+08	2168.327	2095.729	-6.049822	74103.95	9684.562	-4.626335	2791.815	-5.338078	2182.918	-4.626335	2791.815
73.48	54446.19	17625.64	3240.701	57830.92	169077.1	-989.7544	28611.53	632.0284	3290.036	20354.26	65768.92	1993.95	-5.338078	1582.918	1.21587e+08	3.32477e+08	2368.327	2195.729	-6.049822	60867.95	7783.562	-4.626335	3391.815	-5.338078	1582.918	-4.626335	3391.815
73.76	56651.19	19426.64	939.7012	58131.92	191035.1	-989.7544	27810.53	1032.028	1990.036	20154.26	66470.92	1293.95	-5.338078	2782.918	1.256892e+08	3.264664e+08	1268.327	2595.729	93.95018	61168.95	8183.562	95.37366	2691.815	-5.338078	2782.918	95.37366	2691.815
74.05	64069.19	25133.64	2139.701	59133.92	187005.1	-188.7544	27910.53	1732.028	2590.036	16752.26	67172.92	1893.95	-5.338078	1482.918	1.246377e+08	3.224594e+08	1968.327	2895.729	393.9502	47438.95	9684.562	-4.626335	1691.815	-5.338078	1482.918	-4.626335	1691.815
74.34	75501.19	16023.64	4540.701	63544.92	269351.1	-88.75439	24806.53	1932.028	3691.036	14951.26	79007.92	4393.95	-5.338078	1282.918	1.34069e+08	3.865756e+08	2468.327	3095.729	593.9502	41728.95	9984.562	-4.626335	2791.815	-5.338078	1282.918	-4.626335	2791.815
74.62	101794.2	14322.64	4540.701	49913.92	395716.1	-989.7544	22604.53	2432.028	3090.036	14350.26	73991.92	5594.95	-5.338078	1482.918	1.231923e+08	3.404912e+08	1968.327	2995.729	-6.049822	45534.95	10084.56	-4.626335	2991.815	-5.338078	1482.918	-4.626335	2991.815
74.91	92257.19	13521.64	1639.701	46206.92	398764.1	1011.246	16199.53	1732.028	4091.036	11149.26	66170.92	4693.95	-5.338078	682.9182	1.020453e+08	2.14282e+08	1968.327	2495.729	693.9502	35719.95	6783.562	95.37366	2091.815	-5.338078	682.9182	95.37366	2091.815
75.2	64169.19	10419.64	2639.701	33184.92	280877.1	911.2456	12996.53	1932.028	3591.036	7447.263	42218.92	3593.95	-5.338078	882.9182	7.351454e+07	1.982578e+08	1468.327	1195.729	-6.049822	26107.95	4482.562	-4.626335	2191.815	-5.338078	882.9182	-4.626335	2191.815
75.48	47632.19	21629.64	1239.701	23873.92	199501.1	-1489.754	12196.53	1432.028	2090.036	7947.263	30400.92	2093.95	-5.338078	282.9182	5.295954e+07	1.341657e+08	1068.327	1595.729	93.95018	17199.95	3982.562	-4.626335	1291.815	-5.338078	282.9182	-4.626335	1291.815
75.77	28003.19	7817.641	-660.2988	21171.92	165353.1	-588.7544	8094.527	932.0284	1190.036	5147.263	25495.92	1793.95	94.66192	982.9182	4.271218e+07	1.305836e+08	968.3274	1095.729	-6.049822	18200.95	4582.562	-4.626335	1091.815	94.66192	982.9182	-4.626335	1091.815
76.05	26701.19	4916.641	2039.701	18168.92	119191.1	11.24561	5093.527	1132.028	1190.036	3846.263	19590.92	993.9502	-5.338078	382.9182	3.383225e+07	9.39618e+07	568.3274	795.7296	193.9502	15998.95	2982.562	-4.626335	791.8149	-5.338078	382.9182	-4.626335	791.8149
76.34	23198.19	5216.641	739.7012	10664.92	99605.12	-1389.754	5793.527	832.0284	1290.036	2946.263	16588.92	693.9502	-5.338078	282.9182	2.738937e+07	7.641917e+07	468.3274	595.7296	93.95018	11796.95	2682.562	-4.626335	591.8149	-5.338078	282.9182	-4.626335	591.8149
76.62	17893.19	2815.641	139.7012	9363.922	70507.12	-1489.754	3693.527	432.0284	790.0356	2746.263	14586.92	993.9502	-5.338078	82.91815	2.338448e+07	6.002732e+07	368.3274	395.7295	-6.049822	7594.95	1582.562	95.37366	291.8149	-5.338078	82.91815	95.37366	291.8149
76.91	11590.19	2715.641	-961.2988	8263.922	49757.12	-1089.754	2992.527	532.0284	190.0356	2546.263	10484.92	593.9502	-5.338078	282.9182	1.795247e+07	4.914587e+07	268.3274	495.7295	-6.049822	7594.95	1582.562	-4.626335	691.8149	-5.338078	282.9182	-4.626335	691.8149
77.19	9489.188	1314.641	139.7012	7062.922	46751.12	-789.7544	2192.527	-67.97156	490.0356	1646.263	7983.918	793.9502	-5.338078	182.9182	1.584149e+07	3.829755e+07	268.3274	95.72954	93.95018	4993.95	1382.562	-4.626335	191.8149	-5.338078	182.9182	-4.626335	191.8149
77.48	9289.188	1414.641	239.7012	5362.922	38337.12	-889.7544	2492.527	732.0284	1190.036	946.2634	6083.918	793.9502	-5.338078	82.91815	1.155257e+07	3.247861e+07	168.3274	-4.270463	93.95018	6394.95	982.5623	-4.626335	91.81495	-5.338078	82.91815	-4.626335	91.81495
77.77	6088.188	2014.641	-961.2988	3661.922	29625.12	-1089.754	2492.527	232.0284	690.0356	646.2634	6083.918	393.9502	-5.338078	182.9182	9417131	2.796726e+07	168.3274	95.72954	-6.049822	5294.95	382.5623	-4.626335	91.81495	-5.338078	182.9182	-4.626335	91.81495
78.05	5588.188	1414.641	-1061.299	4062.922	22617.12	-288.7544	292.5267	-167.9716	-609.9644	1346.263	4882.918	293.9502	-5.338078	82.91815	7650362	2.326216e+07	-31.6726	195.7295	-6.049822	2993.95	382.5623	-4.626335	191.8149	-5.338078	82.91815	-4.626335	191.8149
78.34	5388.188	1114.641	139.7012	4962.922	21416.12	-88.75439	1992.527	-167.9716	90.03564	546.2634	4382.918	293.9502	-5.338078	-17.08185	7410150	1.903289e+07	-31.6726	195.7295	-6.049822	4193.95	-17.43772	-4.626335	191.8149	-5.338078	-17.08185	-4.626335	191.8149
78.62	3787.189	1114.641	-1561.299	2761.922	18014.12	-989.7544	292.5267	332.0284	-209.9644	546.2634	1882.918	-6.049822	-5.338078	82.91815	5008926	1.340169e+07	68.3274	395.7295	-6.049822	2793.95	582.5623	-4.626335	-8.185054	-5.338078	82.91815	-4.626335	-8.185054
78.91	3887.189	814.6406	-1161.299	1961.922	12610.12	-989.7544	1492.527	232.0284	290.0356	546.2634	3082.918	293.9502	-5.338078	-17.08185	4924208	1.431118e+07	-31.6726	-4.270463	-6.049822	2293.95	182.5623	-4.626335	91.81495	-5.338078	-17.08185	-4.626335	91.81495
79.2	3187.189	3115.641	-1161.299	1461.922	12010.12	-1189.754	1192.527	32.02844	-9.964355	346.2633	2982.918	93.95018	-5.338078	-17.08185	3286702	9468004	168.3274	95.72954	-6.049822	1693.95	582.5623	-4.626335	291.8149	-5.338078	-17.08185	-4.626335	291.8149
79.48	2087.189	-985.3594	-861.2988	2061.922	8208.117	-789.7544	-107.4733	232.0284	-109.9644	546.2634	1682.918	-6.049822	-5.338078	82.91815	3583090	6928340	-31.6726	-4.270463	93.95018	1393.95	182.5623	-4.626335	91.81495	-5.338078	82.91815	-4.626335	91.81495
79.77	1287.189	1214.641	-1261.299	1861.922	4607.118	-1589.754	1092.527	-67.97156	-309.9644	246.2633	1182.918	93.95018	-5.338078	-17.08185	2256592	6559601	68.3274	-4.270463	-6.049822	793.9502	382.5623	-4.626335	91.81495	-5.338078	-17.08185	-4.626335	91.81495
80.06	1187.189	-585.3594	339.7012	461.9218	4207.118	-2189.754	-207.4733	132.0284	-309.9644	346.2633	382.9182	-6.049822	-5.338078	-17.08185	2002638	6772330	68.3274	195.7295	-6.049822	893.9502	-17.43772	-4.626335	91.81495	-5.338078	-17.08185	-4.626335	91.81495
80.34	1787.189	-585.3594	-660.2988	2461.922	3807.117	-889.7544	-207.4733	132.0284	-309.9644	146.2633	482.9182	-6.049822	-5.338078	282.9182	2651666	5028330	-31.6726	-4.270463	-6.049822	1293.95	82.56228	-4.626335	91.81495	-5.338078	282.9182	-4.626335	91.81495
80.63	587.1886	614.6406	-1361.299	661.9218	5208.118	-1589.754	-407.4733	-267.9716	-109.9644	46.26334	382.9182	93.95018	-5.338078	82.91815	1762810	6630510	68.3274	-4.270463	93.95018	893.9502	82.56228	-4.626335	-8.185054	-5.338078	82.91815	-4.626335	-8.185054
80.92	1187.189	-85.35938	-1461.299	861.9218	2407.117	-1489.754	-407.4733	-167.9716	-109.9644	246.2633	1082.918	93.95018	-5.338078	82.91815	1762810	4773182	-31.6726	-4.270463	-6.049822	293.9502	-17.43772	-4.626335	-8.185054	-5.338078	82.91815	-4.626335	-8.185054
81.21	787.1886	2214.641	439.7012	461.9218	3707.117	-588.7544	92.52673	-167.9716	-109.9644	146.2633	782.9182	-6.049822	-5.338078	-17.08185	1720489	3426874	68.3274	95.72954	-6.049822	793.9502	82.56228	-4.626335	-8.185054	-5.338078	-17.08185	-4.626335	-8.185054
81.49	387.1886	614.6406	-260.2988	1061.922	1407.117	-88.75439	892.5267	-367.9716	90.03564	146.2633	282.9182	93.95018	-5.338078	82.91815	711351.4	2307703	-31.6726	-4.270463	-6.049822	293.9502	-17.43772	-4.626335	-8.185054	-5.338078	82.91815	-4.626335	-8.185054
81.79	287.1886	914.6406	139.7012	1061.922	2107.117	-1489.754	692.5267	832.0284	490.0356	146.2633	682.9182	-6.049822	-5.338078	-17.08185	704939.4	1911119	-31.6726	-4.270463	-6.049822	593.9502	-17.43772	-4.626335	-8.185054	-5.338078	-17.08185	-4.626335	-8.185054
82.07	387.1886	-185.3594	-861.2988	61.92175	2907.117	-1989.754	-7.473267	132.0284	290.0356	146.2633	782.9182	-6.049822	-5.338078	-17.08185	760466.4	1741169	68.3274	95.72954	-6.049822	193.9502	182.5623	-4.626335	-8.185054	-5.338078	-17.08185	-4.626335	-8.185054
82.36	387.1886	1014.641	-2061.299	261.9218	1007.117	-1089.754	-307.4733	32.02844	-309.9644	46.26334	182.9182	-6.049822	-5.338078	-17.08185	563914.4	1472097	-31.6726	-4.270463	-6.049822	493.9502	82.56228	-4.626335	-8.185054	-5.338078	-17.08185	-4.626335	-8.185054
82.65	487.1886	2815.641	-360.2988	461.9218	1807.117	711.2456	92.52673	32.02844	-409.9644	146.2633	382.9182	93.95018	-5.338078	-17.08185	414784.4	1372970	-31.6726	95.72954	-6.049822	493.9502	82.56228	-4.626335	-8.185054	-5.338078	-17.08185	-4.626335	-8.185054
82.94	287.1886	214.6406	339.7012	361.9218	1307.117	-1189.754	392.5267	132.0284	-109.9644	146.2633	282.9182	-6.049822	-5.338078	-17.08185	395373.4	1330488	-31.6726	-4.270463	-6.049822	493.9502	182.5623	-4.626335	-8.185054	-5.338078	-17.08185	-4.626335	-8.185054
83.23	187.1886	1514.641	-260.2988	261.9218	507.1174	-989.7544	-7.473267	-167.9716	90.03564	46.26334	582.9182	-6.049822	-5.338078	-17.08185	338285.4	778268.8	68.3274	-4.270463	-6.049822	393.9502	-17.43772	-4.626335	-8.185054	-5.338078	-17.08185	-4.626335	-8.185054
83.52	-12.81139	714.6406	-60.29883	-138.0782	907.1174	-889.7544	-107.4733	32.02844	-509.9644	246.2633	82.91815	-6.049822	-5.338078	-17.08185	521608.4	792426.8	-31.6726	-4.270463	-6.049822	-6.049822	-17.43772	-4.626335	-8.185054	-5.338078	-17.08185	-4.626335	-8.185054
83.82	387.1886	-985.3594	-761.2988	361.9218	307.1174	411.2456	192.5267	32.02844	-809.9644	346.2633	382.9182	-6.049822	-5.338078	-17.08185	382881.4	764109.8	-31.6726	-4.270463	-6.049822	93.95018	-17.43772	-4.626335	-8.185054	-5.338078	-17.08185	-4.626335	-8.185054
84.1	487.1886	-885.3594	239.7012	-438.0782	507.1174	-1589.754	-207.4733	-267.9716	290.0356	146.2633	82.91815	-6.049822	-5.338078	-17.08185	171456.4	1004810	-31.6726	-4.270463	-6.049822	293.9502	82.56228	-4.626335	-8.185054	-5.338078	-17.08185	-4.626335	-8.185054
84.4	287.1886	514.6406	-660.2988	261.9218	407.1174	-1289.754	-607.4733	-167.9716	590.0356	146.2633	-17.08185	-6.049822	-5.338078	-17.08185	277502.4	1004810	-31.6726	-4.270463	-6.049822	93.95018	-17.43772	-4.626335	-8.185054	-5.338078	-17.08185	-4.626335	-8.185054
84.69	-12.81139	1314.641	-1761.299	361.9218	107.1174	-789.7544	192.5267	-67.97156	-709.9644	46.26334	82.91815	-6.049822	-5.338078	-17.08185	190090.4	381855.8	-31.6726	-4.270463	-6.049822	93.95018	82.56228	-4.626335	-8.185054	-5.338078	-17.08185	-4.626335	-8.185054
84.98	87.18861	-185.3594	-1561.299	461.9218	107.1174	-689.7544	-607.4733	-167.9716	490.0356	-53.73666	-17.08185	-6.049822	-5.338078	-17.08185	86318.4	155354.8	-31.6726	-4.270463	-6.049822	-6.049822	82.56228	-4.626335	-8.185054	-5.338078	-17.08185	-4.626335	-8.185054
85.27	-12.81139	1014.641	-761.2988	-538.0782	207.1174	-388.7544	-707.4733	-167.9716	290.0356	-53.73666	-17.08185	-6.049822	-5.338078	-17.08185	106395.4	381855.8	-31.6726	-4.270463	-6.049822	-6.049822	82.56228	-4.626335	-8.185054	-5.338078	-17.08185	-4.626335	-8.185054
85.56	-12.81139	-585.3594	-1461.299	461.9218	7.117439	-1789.754	-307.4733	-167.9716	190.0356	46.26334	82.91815	-6.049822	-5.338078	-17.08185	66558.4	268603.8	-31.6726	95.72954	-6.049822	193.9502	-17.43772	-4.626335	91.81495	-5.338078	-17.08185	-4.626335	91.81495
85.85	187.1886	-1185.359	-761.2988	161.9218	207.1174	-88.75439	-207.4733	-267.9716	190.0356	-53.73666	182.9182	-6.049822	-5.338078	-17.08185	127594.4	778268.8	-31.6726	95.72954	-6.049822	393.9502	-17.43772	-4.626335	91.81495	-5.338078	-17.08185	-4.626335	91.81495
86.13	-12.81139	-85.35938	-260.2988	61.92175	507.1174	-1989.754	-307.4733	-167.9716	390.0356	46.26334	82.91815	-6.049822	-5.338078	-17.08185	103182.4	138729.8	-31.6726	-4.270463	-6.049822	93.95018	-17.43772	-4.626335	-8.185054	-5.338078	-17.08185	-4.626335	-8.185054
86.42	-12.81139	-1686.359	-1061.299	-38.07825	-92.88256	-488.7544	292.5267	332.0284	-409.9644	46.26334	-17.08185	-6.049822	-5.338078	-17.08185	83810.4	126866.8	-31.6726	-4.270463	-6.049822	193.9502	-17.43772	-4.626335	-8.185054	-5.338078	-17.08185	-4.626335	-8.185054
86.71	287.1886	-285.3594	-961.2988	-538.0782	207.1174	-388.7544	-1007.473	-467.9716	290.0356	46.26334	-17.08185	-6.049822	-5.338078	-17.08185	205814.4	27954.77	-31.6726	-4.270463	-6.049822	-6.049822	-17.43772	-4.626335	-8.185054	-5.338078	-17.08185	-4.626335	-8.185054
86.99	187.1886	714.6406	-861.2988	-238.0782	7.117439	-1089.754	-607.4733	532.0284	-309.9644	-53.73666	82.91815	-6.049822	-5.338078	-17.08185	25883.39	199035.8	-31.6726	-4.270463	-6.049822	-6.049822	82.56228	-4.626335	-8.185054	-5.338078	-17.08185	-4.626335	-8.185054
87.28	287.1886	-85.35938	-560.2988	-438.0782	307.1174	-1089.754	-407.4733	-167.9716	190.0356	-53.73666	-17.08185	-6.049822	94.66192	-17.08185	93946.4	13798.77	68.3274	-4.270463	-6.049822	-6.049822	82.56228	-4.626335	-8.185054	94.66192	-17.08185	-4.626335	-8.185054
87.56	187.1886	414.6406	639.7012	-38.07825	-92.88256	-188.7544	-307.4733	232.0284	690.0356	-53.73666	82.91815	-6.049822	-5.338078	-17.08185	49618.39	115812.8	-31.6726	-4.270463	-6.049822	293.9502	-17.43772	-4.626335	91.81495	-5.338078	-17.08185	-4.626335	91.81495
87.85	-12.81139	-485.3594	-1161.299	61.92175	107.1174	-1589.754	-7.473267	232.0284	-9.964355	-53.73666	-17.08185	-6.049822	-5.338078	-17.08185	71471.4	118625.8	-31.6726	-4.270463	-6.049822	-6.049822	-17.43772	-4.626335	-8.185054	-5.338078	-17.08185	-4.626335	-8.185054
88.14	87.18861	-385.3594	-861.2988	61.92175	-92.88256	-1489.754	-407.4733	-367.9716	90.03564	-53.73666	82.91815	-6.049822	-5.338078	-17.08185	28069.39	56264.77	-31.6726	-4.270463	-6.049822	-6.049822	182.5623	-4.626335	-8.185054	-5.338078	-17.08185	-4.626335	-8.185054
88.42	187.1886	-185.3594	-660.2988	-438.0782	-92.88256	-88.75439	592.5267	-267.9716	890.0356	-53.73666	-17.08185	-6.049822	-5.338078	82.91815	31389.39	11946.77	-31.6726	-4.270463	-6.049822	93.95018	-17.43772	-4.626335	-8.185054	-5.338078	82.91815	-4.626335	-8.185054
88.71	-12.81139	514.6406	-360.2988	61.92175	7.117439	-1189.754	192.5267	-267.9716	-109.9644	-53.73666	-17.08185	-6.049822	-5.338078	-17.08185	42004.39	743.7722	68.3274	-4.270463	-6.049822	-6.049822	82.56228	-4.626335	-8.185054	-5.338078	-17.08185	-4.626335	-8.185054
89	-12.81139	1314.641	-1561.299	561.9218	7.117439	-1489.754	-207.4733	232.0284	290.0356	-53.73666	-17.08185	-6.049822	-5.338078	-17.08185	17775.39	98731.77	-31.6726	-4.270463	-6.049822	493.9502	-17.43772	-4.626335	-8.185054	-5.338078	-17.08185	-4.626335	-8.185054
89.29	87.18861	-185.3594	-660.2988	861.9218	407.1174	-1189.754	-607.4733	432.0284	-309.9644	46.26334	-17.08185	-6.049822	-5.338078	-17.08185	19777.39	177171.8	-31.6726	-4.270463	-6.049822	-6.049822	-17.43772	-4.626335	-8.185054	-5.338078	-17.08185	-4.626335	-8.185054
89.57	-12.81139	-685.3594	-2061.299	-38.07825	1107.117	-689.7544	-307.4733	-67.97156	-109.9644	46.26334	82.91815	-6.049822	-5.338078	-17.08185	60142.39	22854.77	-31.6726	-4.270463	-6.049822	93.95018	-17.43772	-4.626335	-8.185054	-5.338078	-17.08185	-4.626335	-8.185054
89.86	87.18861	114.6406	-660.2988	-138.0782	7.117439	-789.7544	92.52673	-267.9716	-109.9644	-53.73666	-17.08185	-6.049822	-5.338078	-17.08185	14173.39	15648.77	-31.6726	-4.270463	-6.049822	-6.049822	82.56228	-4.626335	-8.185054	-5.338078	-17.08185	-4.626335	-8.185054
90.14	-12.81139	-785.3594	-761.2988	261.9218	307.1174	-1589.754	292.5267	-67.97156	-9.964355	46.26334	82.91815	-6.049822	-5.338078	-17.08185	59741.39	33165.77	-31.6726	95.72954	-6.049822	-6.049822	-17.43772	-4.626335	91.81495	-5.338078	-17.08185	-4.626335	91.81495
90.43	-12.81139	-685.3594	639.7012	261.9218	7.117439	-989.7544	-407.4733	32.02844	490.0356	46.26334	-17.08185	-6.049822	-5.338078	-17.08185	-30.60498	43682.77	68.3274	-4.270463	-6.049822	993.9502	-17.43772	-4.626335	-8.185054	-5.338078	-17.08185	-4.626335	-8.185054
90.72	87.18861	-385.3594	-1761.299	-138.0782	-92.88256	-1589.754	-507.4733	332.0284	-709.9644	146.2633	82.91815	-6.049822	-5.338078	-17.08185	26183.39	56264.77	-31.6726	-4.270463	-6.049822	93.95018	-17.43772	-4.626335	-8.185054	-5.338078	-17.08185	-4.626335	-8.185054
91	-12.81139	-785.3594	-60.29883	261.9218	7.117439	-1189.754	92.52673	232.0284	-209.9644	46.26334	-17.08185	-6.049822	-5.338078	-17.08185	54128.39	-56.22775	-31.6726	-4.270463	-6.049822	-6.049822	-17.43772	-4.626335	91.81495	-5.338078	-17.08185	-4.626335	91.81495
