ElapsedTime_s	Ti49_CPS	Al27_CPS	S33_CPS	Sc45_CPS	V51_CPS	Mn55_CPS	Fe57_CPS	Co59_CPS	Ni60_CPS	Ga71_CPS	Zr90_CPS	Nb93_CPS	Mo97_CPS	In113_CPS	Sn119_CPS	Sn118_CPS	Sb121_CPS	Hf177_CPS	Ta181_CPS	W183_CPS	Pb206_CPS	Th232_CPS	U238_CPS	Tc97_CPS	Cd113_CPS	U232_CPS	Pu238_CPS
0	-12.81139	214.6406	-260.2988	-338.0782	207.1174	-889.7544	-407.4733	-67.97156	390.0356	146.2633	-17.08185	-6.049822	-5.338078	-17.08185	5470.395	1843.772	-31.6726	-4.270463	-6.049822	-6.049822	-17.43772	-4.626335	-8.185054	-5.338078	-17.08185	-4.626335	-8.185054
																											
32.14	-12.81139	714.6406	-2161.299	61.92175	107.1174	611.2456	292.5267	332.0284	-409.9644	-53.73666	-17.08185	-6.049822	-5.338078	182.9182	-130.605	-56.22775	-31.6726	-4.270463	-6.049822	-6.049822	-17.43772	-4.626335	-8.185054	-5.338078	182.9182	-4.626335	-8.185054
32.43	-12.81139	-285.3594	-460.2988	261.9218	-92.88256	-288.7544	-507.4733	-367.9716	590.0356	-53.73666	-17.08185	-6.049822	-5.338078	-17.08185	-130.605	-156.2278	-31.6726	-4.270463	-6.049822	-6.049822	-17.43772	-4.626335	-8.185054	-5.338078	-17.08185	-4.626335	-8.185054
32.71	-12.81139	814.6406	-1061.299	61.92175	7.117439	-989.7544	192.5267	-167.9716	290.0356	46.26334	-17.08185	-6.049822	-5.338078	-17.08185	-30.60498	-156.2278	-31.6726	-4.270463	-6.049822	-6.049822	-17.43772	-4.626335	-8.185054	-5.338078	-17.08185	-4.626335	-8.185054
33	-12.81139	1214.641	-1061.299	61.92175	7.117439	-1589.754	-507.4733	132.0284	190.0356	-53.73666	-17.08185	-6.049822	-5.338078	-17.08185	69.39502	-156.2278	68.3274	-4.270463	-6.049822	-6.049822	-17.43772	-4.626335	-8.185054	-5.338078	-17.08185	-4.626335	-8.185054
33.28	87.18861	514.6406	-560.2988	-38.07825	-92.88256	-588.7544	-207.4733	-367.9716	-509.9644	46.26334	-17.08185	-6.049822	-5.338078	-17.08185	69.39502	-56.22775	-31.6726	-4.270463	-6.049822	-6.049822	82.56228	-4.626335	-8.185054	-5.338078	-17.08185	-4.626335	-8.185054
33.57	-12.81139	414.6406	-160.2988	761.9218	107.1174	-488.7544	-607.4733	232.0284	590.0356	46.26334	-17.08185	-6.049822	-5.338078	-17.08185	-30.60498	-56.22775	-31.6726	95.72954	-6.049822	-6.049822	-17.43772	-4.626335	-8.185054	-5.338078	-17.08185	-4.626335	-8.185054
33.85	-12.81139	-585.3594	-861.2988	-438.0782	107.1174	-2689.754	92.52673	432.0284	-409.9644	-53.73666	-17.08185	-6.049822	94.66192	-17.08185	-130.605	143.7722	68.3274	95.72954	-6.049822	-6.049822	-17.43772	-4.626335	-8.185054	94.66192	-17.08185	-4.626335	-8.185054
34.14	-12.81139	-285.3594	539.7012	-138.0782	7.117439	-1589.754	-607.4733	-267.9716	90.03564	-53.73666	-17.08185	393.9502	-5.338078	-17.08185	-130.605	-256.2278	-31.6726	-4.270463	-6.049822	-6.049822	-17.43772	-4.626335	-8.185054	-5.338078	-17.08185	-4.626335	-8.185054
34.42	-12.81139	2114.641	239.7012	-338.0782	-92.88256	-1289.754	-607.4733	-267.9716	-109.9644	146.2633	-17.08185	-6.049822	-5.338078	82.91815	-30.60498	543.7722	-31.6726	-4.270463	-6.049822	-6.049822	-17.43772	95.37366	-8.185054	-5.338078	82.91815	95.37366	-8.185054
34.71	-12.81139	-85.35938	-60.29883	-438.0782	7.117439	-789.7544	-207.4733	-167.9716	-509.9644	-53.73666	-17.08185	-6.049822	-5.338078	-17.08185	169.395	-156.2278	-31.6726	-4.270463	-6.049822	-6.049822	-17.43772	-4.626335	-8.185054	-5.338078	-17.08185	-4.626335	-8.185054
34.99	-12.81139	-185.3594	-360.2988	-138.0782	107.1174	-488.7544	-407.4733	832.0284	590.0356	146.2633	-17.08185	-6.049822	-5.338078	-17.08185	69.39502	-56.22775	-31.6726	-4.270463	-6.049822	-6.049822	82.56228	-4.626335	-8.185054	-5.338078	-17.08185	-4.626335	-8.185054
35.28	-12.81139	-185.3594	-1461.299	61.92175	-92.88256	-889.7544	-107.4733	232.0284	190.0356	-53.73666	-17.08185	-6.049822	-5.338078	-17.08185	69.39502	43.77225	-31.6726	-4.270463	-6.049822	-6.049822	-17.43772	-4.626335	-8.185054	-5.338078	-17.08185	-4.626335	-8.185054
35.56	-12.81139	214.6406	-761.2988	-238.0782	-92.88256	-1389.754	692.5267	332.0284	-409.9644	146.2633	-17.08185	-6.049822	-5.338078	-17.08185	-30.60498	-256.2278	-31.6726	-4.270463	-6.049822	-6.049822	-17.43772	-4.626335	-8.185054	-5.338078	-17.08185	-4.626335	-8.185054
35.85	-12.81139	314.6406	-460.2988	361.9218	107.1174	-1689.754	-907.4733	32.02844	690.0356	-53.73666	-17.08185	-6.049822	-5.338078	-17.08185	-130.605	-256.2278	-31.6726	-4.270463	-6.049822	-6.049822	-17.43772	-4.626335	-8.185054	-5.338078	-17.08185	-4.626335	-8.185054
36.13	-12.81139	-85.35938	-761.2988	-238.0782	7.117439	-989.7544	-307.4733	-67.97156	90.03564	46.26334	82.91815	-6.049822	-5.338078	-17.08185	-130.605	143.7722	-31.6726	-4.270463	-6.049822	-6.049822	-17.43772	-4.626335	91.81495	-5.338078	-17.08185	-4.626335	91.81495
36.42	-12.81139	514.6406	-660.2988	361.9218	-92.88256	-488.7544	-307.4733	-67.97156	290.0356	46.26334	-17.08185	-6.049822	-5.338078	-17.08185	-130.605	43.77225	-31.6726	-4.270463	-6.049822	-6.049822	-17.43772	-4.626335	-8.185054	-5.338078	-17.08185	-4.626335	-8.185054
36.7	-12.81139	-785.3594	-961.2988	-138.0782	107.1174	-989.7544	692.5267	232.0284	390.0356	-53.73666	-17.08185	-6.049822	-5.338078	-17.08185	69.39502	243.7722	-31.6726	-4.270463	-6.049822	-6.049822	-17.43772	-4.626335	-8.185054	-5.338078	-17.08185	-4.626335	-8.185054
36.99	-12.81139	-585.3594	339.7012	-438.0782	7.117439	-1089.754	-307.4733	232.0284	-209.9644	46.26334	-17.08185	-6.049822	94.66192	-17.08185	-130.605	-256.2278	-31.6726	-4.270463	-6.049822	-6.049822	-17.43772	-4.626335	-8.185054	94.66192	-17.08185	-4.626335	-8.185054
37.27	-12.81139	-185.3594	-160.2988	-438.0782	-92.88256	-1189.754	-307.4733	-67.97156	490.0356	46.26334	-17.08185	-6.049822	-5.338078	-17.08185	-130.605	-256.2278	-31.6726	-4.270463	-6.049822	-6.049822	-17.43772	-4.626335	-8.185054	-5.338078	-17.08185	-4.626335	-8.185054
37.56	-12.81139	1414.641	-660.2988	61.92175	7.117439	-388.7544	192.5267	532.0284	-609.9644	-53.73666	-17.08185	-6.049822	-5.338078	-17.08185	69.39502	43.77225	-31.6726	-4.270463	-6.049822	-6.049822	-17.43772	-4.626335	-8.185054	-5.338078	-17.08185	-4.626335	-8.185054
37.84	-12.81139	-585.3594	39.70117	-638.0782	107.1174	311.2456	-607.4733	-67.97156	90.03564	-53.73666	82.91815	-6.049822	-5.338078	-17.08185	269.395	-256.2278	-31.6726	-4.270463	-6.049822	-6.049822	-17.43772	-4.626335	-8.185054	-5.338078	-17.08185	-4.626335	-8.185054
38.13	-12.81139	1414.641	-1861.299	61.92175	7.117439	-689.7544	-107.4733	-367.9716	390.0356	146.2633	-17.08185	-6.049822	-5.338078	82.91815	-130.605	-156.2278	-31.6726	-4.270463	-6.049822	-6.049822	-17.43772	-4.626335	-8.185054	-5.338078	82.91815	-4.626335	-8.185054
38.41	-12.81139	1114.641	839.7012	-238.0782	7.117439	-789.7544	392.5267	32.02844	-109.9644	-53.73666	-17.08185	-6.049822	-5.338078	-17.08185	69.39502	-156.2278	-31.6726	-4.270463	-6.049822	-6.049822	-17.43772	-4.626335	-8.185054	-5.338078	-17.08185	-4.626335	-8.185054
38.7	-12.81139	-1285.359	-360.2988	-238.0782	-92.88256	-1389.754	-807.4733	-167.9716	-9.964355	146.2633	-17.08185	-6.049822	-5.338078	-17.08185	69.39502	-56.22775	-31.6726	-4.270463	-6.049822	-6.049822	-17.43772	-4.626335	-8.185054	-5.338078	-17.08185	-4.626335	-8.185054
38.98	-12.81139	-1386.359	-1161.299	-138.0782	-92.88256	-989.7544	92.52673	132.0284	190.0356	-53.73666	-17.08185	-6.049822	-5.338078	-17.08185	69.39502	43.77225	-31.6726	-4.270463	-6.049822	-6.049822	-17.43772	-4.626335	-8.185054	-5.338078	-17.08185	-4.626335	-8.185054
39.27	187.1886	214.6406	-560.2988	61.92175	7.117439	-1589.754	-7.473267	32.02844	-109.9644	-53.73666	-17.08185	-6.049822	-5.338078	-17.08185	-130.605	46487.77	-31.6726	95.72954	-6.049822	93.95018	-17.43772	-4.626335	-8.185054	-5.338078	-17.08185	-4.626335	-8.185054
39.55	87.18861	-785.3594	239.7012	-438.0782	7.117439	-989.7544	-407.4733	532.0284	-309.9644	46.26334	-17.08185	-6.049822	-5.338078	-17.08185	269.395	43.77225	-31.6726	-4.270463	-6.049822	-6.049822	-17.43772	-4.626335	-8.185054	-5.338078	-17.08185	-4.626335	-8.185054
39.84	-12.81139	714.6406	439.7012	-138.0782	107.1174	-488.7544	-1007.473	-367.9716	-609.9644	146.2633	-17.08185	-6.049822	-5.338078	-17.08185	-130.605	43.77225	-31.6726	-4.270463	-6.049822	-6.049822	82.56228	-4.626335	-8.185054	-5.338078	-17.08185	-4.626335	-8.185054
40.12	-12.81139	1114.641	39.70117	-238.0782	7.117439	-1189.754	92.52673	232.0284	90.03564	46.26334	-17.08185	-6.049822	-5.338078	-17.08185	69.39502	43.77225	-31.6726	-4.270463	-6.049822	-6.049822	-17.43772	-4.626335	-8.185054	-5.338078	-17.08185	-4.626335	-8.185054
40.41	-12.81139	-385.3594	739.7012	261.9218	7.117439	-1489.754	-207.4733	-67.97156	190.0356	-53.73666	-17.08185	-6.049822	-5.338078	-17.08185	169.395	443.7722	-31.6726	-4.270463	-6.049822	-6.049822	-17.43772	-4.626335	-8.185054	-5.338078	-17.08185	-4.626335	-8.185054
40.7	-12.81139	914.6406	-961.2988	361.9218	107.1174	-1989.754	-307.4733	132.0284	90.03564	46.26334	-17.08185	-6.049822	-5.338078	-17.08185	-130.605	343.7722	68.3274	-4.270463	-6.049822	193.9502	-17.43772	-4.626335	-8.185054	-5.338078	-17.08185	-4.626335	-8.185054
40.98	87.18861	-485.3594	-460.2988	-638.0782	7.117439	-1989.754	-507.4733	-267.9716	-509.9644	246.2633	-17.08185	-6.049822	-5.338078	-17.08185	69.39502	143.7722	-31.6726	-4.270463	-6.049822	-6.049822	182.5623	-4.626335	-8.185054	-5.338078	-17.08185	-4.626335	-8.185054
41.26	-12.81139	1314.641	339.7012	-338.0782	7.117439	-789.7544	-307.4733	132.0284	90.03564	-53.73666	-17.08185	-6.049822	-5.338078	-17.08185	-30.60498	43.77225	-31.6726	-4.270463	-6.049822	-6.049822	-17.43772	-4.626335	-8.185054	-5.338078	-17.08185	-4.626335	-8.185054
41.55	-12.81139	914.6406	439.7012	161.9218	7.117439	-2089.754	292.5267	32.02844	-9.964355	-53.73666	-17.08185	-6.049822	-5.338078	-17.08185	269.395	243.7722	-31.6726	-4.270463	-6.049822	-6.049822	-17.43772	-4.626335	-8.185054	-5.338078	-17.08185	-4.626335	-8.185054
41.84	-12.81139	14.64062	-1961.299	-838.0782	-92.88256	-1489.754	-407.4733	132.0284	490.0356	-53.73666	-17.08185	-6.049822	-5.338078	-17.08185	69.39502	143.7722	-31.6726	-4.270463	-6.049822	-6.049822	-17.43772	-4.626335	-8.185054	-5.338078	-17.08185	-4.626335	-8.185054
42.12	-12.81139	214.6406	39.70117	-238.0782	7.117439	-689.7544	592.5267	-167.9716	690.0356	-53.73666	82.91815	-6.049822	-5.338078	-17.08185	-130.605	-56.22775	-31.6726	-4.270463	-6.049822	-6.049822	-17.43772	-4.626335	-8.185054	-5.338078	-17.08185	-4.626335	-8.185054
42.41	-12.81139	814.6406	-360.2988	-138.0782	7.117439	511.2456	-407.4733	-167.9716	-709.9644	-53.73666	-17.08185	-6.049822	-5.338078	-17.08185	-30.60498	143.7722	-31.6726	-4.270463	-6.049822	-6.049822	-17.43772	-4.626335	-8.185054	-5.338078	-17.08185	-4.626335	-8.185054
42.69	-12.81139	-1686.359	-1561.299	-138.0782	-92.88256	-1589.754	-7.473267	32.02844	290.0356	-53.73666	-17.08185	-6.049822	-5.338078	-17.08185	69.39502	343.7722	-31.6726	-4.270463	-6.049822	-6.049822	-17.43772	-4.626335	-8.185054	-5.338078	-17.08185	-4.626335	-8.185054
42.97	-12.81139	414.6406	639.7012	-38.07825	7.117439	-488.7544	-7.473267	232.0284	-409.9644	-53.73666	-17.08185	-6.049822	-5.338078	-17.08185	-30.60498	343.7722	68.3274	-4.270463	-6.049822	-6.049822	82.56228	-4.626335	-8.185054	-5.338078	-17.08185	-4.626335	-8.185054
43.26	-12.81139	714.6406	339.7012	-138.0782	7.117439	211.2456	392.5267	132.0284	90.03564	-53.73666	-17.08185	93.95018	-5.338078	-17.08185	69.39502	343.7722	-31.6726	-4.270463	-6.049822	93.95018	-17.43772	-4.626335	-8.185054	-5.338078	-17.08185	-4.626335	-8.185054
43.55	187.1886	14.64062	1139.701	61.92175	7.117439	611.2456	-507.4733	332.0284	-209.9644	-53.73666	-17.08185	-6.049822	-5.338078	-17.08185	-130.605	343.7722	-31.6726	-4.270463	-6.049822	-6.049822	-17.43772	-4.626335	-8.185054	-5.338078	-17.08185	-4.626335	-8.185054
43.83	-12.81139	-85.35938	539.7012	61.92175	107.1174	-388.7544	-407.4733	532.0284	190.0356	-53.73666	-17.08185	-6.049822	-5.338078	-17.08185	69.39502	43.77225	-31.6726	-4.270463	-6.049822	-6.049822	-17.43772	-4.626335	-8.185054	-5.338078	-17.08185	-4.626335	-8.185054
44.12	-12.81139	-985.3594	-560.2988	161.9218	7.117439	411.2456	-407.4733	132.0284	-309.9644	46.26334	82.91815	-6.049822	-5.338078	-17.08185	69.39502	143.7722	-31.6726	-4.270463	-6.049822	-6.049822	82.56228	-4.626335	-8.185054	-5.338078	-17.08185	-4.626335	-8.185054
44.4	-12.81139	-485.3594	-260.2988	261.9218	-92.88256	-188.7544	-107.4733	132.0284	-9.964355	-53.73666	-17.08185	-6.049822	-5.338078	-17.08185	69.39502	-56.22775	-31.6726	-4.270463	-6.049822	-6.049822	-17.43772	-4.626335	-8.185054	-5.338078	-17.08185	-4.626335	-8.185054
44.69	-12.81139	1214.641	-861.2988	261.9218	207.1174	311.2456	-607.4733	-167.9716	-209.9644	-53.73666	-17.08185	-6.049822	-5.338078	-17.08185	-130.605	-256.2278	-31.6726	-4.270463	-6.049822	-6.049822	-17.43772	-4.626335	91.81495	-5.338078	-17.08185	-4.626335	91.81495
44.97	-12.81139	814.6406	-360.2988	-338.0782	7.117439	-488.7544	-207.4733	-67.97156	-409.9644	46.26334	-17.08185	-6.049822	-5.338078	-17.08185	69.39502	-56.22775	-31.6726	-4.270463	-6.049822	-6.049822	-17.43772	-4.626335	-8.185054	-5.338078	-17.08185	-4.626335	-8.185054
45.26	87.18861	614.6406	-1561.299	161.9218	107.1174	-1489.754	92.52673	332.0284	190.0356	46.26334	-17.08185	-6.049822	-5.338078	-17.08185	-130.605	-256.2278	-31.6726	-4.270463	-6.049822	-6.049822	-17.43772	-4.626335	-8.185054	-5.338078	-17.08185	-4.626335	-8.185054
45.54	-12.81139	-285.3594	-260.2988	-138.0782	7.117439	111.2456	292.5267	132.0284	-9.964355	-53.73666	-17.08185	-6.049822	-5.338078	-17.08185	69.39502	-156.2278	168.3274	-4.270463	-6.049822	-6.049822	-17.43772	-4.626335	-8.185054	-5.338078	-17.08185	-4.626335	-8.185054
45.83	-12.81139	714.6406	-861.2988	461.9218	207.1174	-388.7544	92.52673	-67.97156	190.0356	146.2633	-17.08185	-6.049822	-5.338078	-17.08185	-130.605	-256.2278	-31.6726	-4.270463	-6.049822	-6.049822	82.56228	-4.626335	-8.185054	-5.338078	-17.08185	-4.626335	-8.185054
46.11	-12.81139	814.6406	-60.29883	161.9218	7.117439	-1189.754	-407.4733	32.02844	90.03564	-53.73666	-17.08185	-6.049822	-5.338078	-17.08185	369.395	343.7722	-31.6726	-4.270463	-6.049822	-6.049822	-17.43772	-4.626335	-8.185054	-5.338078	-17.08185	-4.626335	-8.185054
46.39	-12.81139	914.6406	1039.701	361.9218	-92.88256	-889.7544	-507.4733	-67.97156	-809.9644	-53.73666	-17.08185	-6.049822	-5.338078	-17.08185	-130.605	-56.22775	-31.6726	-4.270463	-6.049822	-6.049822	-17.43772	-4.626335	-8.185054	-5.338078	-17.08185	-4.626335	-8.185054
46.68	-12.81139	414.6406	-460.2988	-38.07825	-92.88256	-588.7544	192.5267	-67.97156	-9.964355	46.26334	-17.08185	-6.049822	-5.338078	-17.08185	-30.60498	-56.22775	-31.6726	-4.270463	-6.049822	93.95018	-17.43772	-4.626335	-8.185054	-5.338078	-17.08185	-4.626335	-8.185054
46.96	-12.81139	414.6406	-60.29883	-38.07825	7.117439	-889.7544	-207.4733	-367.9716	-409.9644	46.26334	-17.08185	-6.049822	-5.338078	-17.08185	-30.60498	43.77225	-31.6726	-4.270463	-6.049822	-6.049822	-17.43772	-4.626335	-8.185054	-5.338078	-17.08185	-4.626335	-8.185054
47.25	-12.81139	-385.3594	-861.2988	361.9218	7.117439	-1389.754	92.52673	-167.9716	-9.964355	46.26334	-17.08185	-6.049822	-5.338078	82.91815	-130.605	143.7722	-31.6726	-4.270463	-6.049822	-6.049822	-17.43772	-4.626335	-8.185054	-5.338078	82.91815	-4.626335	-8.185054
47.54	87.18861	-585.3594	-1661.299	-538.0782	-92.88256	-1789.754	-707.4733	132.0284	-9.964355	-53.73666	-17.08185	-6.049822	-5.338078	-17.08185	-30.60498	243.7722	-31.6726	-4.270463	-6.049822	-6.049822	-17.43772	-4.626335	-8.185054	-5.338078	-17.08185	-4.626335	-8.185054
47.82	-12.81139	-185.3594	-1161.299	-238.0782	-92.88256	-2389.754	-307.4733	-467.9716	90.03564	-53.73666	-17.08185	-6.049822	-5.338078	-17.08185	-30.60498	43.77225	-31.6726	-4.270463	-6.049822	-6.049822	-17.43772	95.37366	-8.185054	-5.338078	-17.08185	95.37366	-8.185054
48.1	-12.81139	-1486.359	339.7012	261.9218	-92.88256	-2089.754	-507.4733	32.02844	390.0356	46.26334	-17.08185	-6.049822	-5.338078	-17.08185	69.39502	43.77225	-31.6726	-4.270463	-6.049822	593.9502	-17.43772	-4.626335	-8.185054	-5.338078	-17.08185	-4.626335	-8.185054
48.39	-12.81139	214.6406	-160.2988	-338.0782	7.117439	-488.7544	-307.4733	232.0284	390.0356	-53.73666	82.91815	-6.049822	-5.338078	-17.08185	-130.605	-156.2278	-31.6726	-4.270463	-6.049822	-6.049822	-17.43772	-4.626335	-8.185054	-5.338078	-17.08185	-4.626335	-8.185054
48.68	-12.81139	214.6406	339.7012	-138.0782	-92.88256	-2689.754	-107.4733	-167.9716	-209.9644	-53.73666	-17.08185	-6.049822	-5.338078	-17.08185	-30.60498	143.7722	-31.6726	95.72954	-6.049822	-6.049822	-17.43772	-4.626335	-8.185054	-5.338078	-17.08185	-4.626335	-8.185054
48.96	-12.81139	14.64062	-560.2988	-338.0782	7.117439	-2189.754	-7.473267	132.0284	190.0356	46.26334	-17.08185	-6.049822	-5.338078	-17.08185	69.39502	43.77225	-31.6726	-4.270463	-6.049822	-6.049822	-17.43772	-4.626335	-8.185054	-5.338078	-17.08185	-4.626335	-8.185054
49.25	-12.81139	-185.3594	-360.2988	-138.0782	-92.88256	-188.7544	-307.4733	232.0284	-9.964355	-53.73666	-17.08185	-6.049822	-5.338078	-17.08185	-30.60498	-56.22775	-31.6726	-4.270463	-6.049822	-6.049822	-17.43772	95.37366	-8.185054	-5.338078	-17.08185	95.37366	-8.185054
49.53	187.1886	1514.641	-1261.299	-238.0782	7.117439	-1489.754	-207.4733	432.0284	-209.9644	-53.73666	-17.08185	-6.049822	-5.338078	-17.08185	69.39502	-156.2278	-31.6726	-4.270463	-6.049822	1193.95	-17.43772	-4.626335	-8.185054	-5.338078	-17.08185	-4.626335	-8.185054
49.81	-12.81139	-185.3594	-861.2988	61.92175	7.117439	-188.7544	-607.4733	432.0284	-209.9644	46.26334	-17.08185	-6.049822	-5.338078	-17.08185	69.39502	143.7722	68.3274	-4.270463	-6.049822	-6.049822	-17.43772	-4.626335	-8.185054	-5.338078	-17.08185	-4.626335	-8.185054
50.1	-12.81139	114.6406	-260.2988	361.9218	107.1174	-1089.754	292.5267	132.0284	190.0356	46.26334	-17.08185	-6.049822	-5.338078	-17.08185	-130.605	-356.2278	-31.6726	-4.270463	-6.049822	-6.049822	-17.43772	-4.626335	-8.185054	-5.338078	-17.08185	-4.626335	-8.185054
50.38	-12.81139	-485.3594	-761.2988	-238.0782	7.117439	-1089.754	92.52673	-367.9716	390.0356	46.26334	-17.08185	-6.049822	-5.338078	-17.08185	-130.605	-156.2278	-31.6726	-4.270463	-6.049822	-6.049822	-17.43772	-4.626335	-8.185054	-5.338078	-17.08185	-4.626335	-8.185054
50.67	-12.81139	-85.35938	-60.29883	-338.0782	7.117439	-889.7544	192.5267	-367.9716	90.03564	46.26334	82.91815	-6.049822	-5.338078	-17.08185	-130.605	-156.2278	-31.6726	-4.270463	-6.049822	-6.049822	-17.43772	-4.626335	-8.185054	-5.338078	-17.08185	-4.626335	-8.185054
50.95	87.18861	614.6406	-2061.299	361.9218	-92.88256	-588.7544	292.5267	-67.97156	-209.9644	-53.73666	82.91815	-6.049822	-5.338078	-17.08185	169.395	143.7722	-31.6726	-4.270463	-6.049822	-6.049822	82.56228	-4.626335	-8.185054	-5.338078	-17.08185	-4.626335	-8.185054
51.24	-12.81139	-685.3594	-1561.299	361.9218	7.117439	-1789.754	-107.4733	332.0284	290.0356	246.2633	-17.08185	-6.049822	-5.338078	-17.08185	69.39502	143.7722	-31.6726	-4.270463	-6.049822	-6.049822	-17.43772	-4.626335	-8.185054	-5.338078	-17.08185	-4.626335	-8.185054
51.53	-12.81139	-985.3594	-660.2988	161.9218	-92.88256	-1389.754	-107.4733	-167.9716	390.0356	-53.73666	-17.08185	-6.049822	-5.338078	-17.08185	169.395	43.77225	168.3274	-4.270463	-6.049822	-6.049822	-17.43772	-4.626335	-8.185054	-5.338078	-17.08185	-4.626335	-8.185054
51.81	-12.81139	614.6406	-260.2988	261.9218	7.117439	811.2456	-607.4733	132.0284	-9.964355	46.26334	82.91815	-6.049822	-5.338078	82.91815	169.395	343.7722	-31.6726	-4.270463	-6.049822	-6.049822	-17.43772	-4.626335	-8.185054	-5.338078	82.91815	-4.626335	-8.185054
52.1	-12.81139	1614.641	-60.29883	61.92175	7.117439	-1189.754	92.52673	-167.9716	290.0356	46.26334	-17.08185	-6.049822	-5.338078	-17.08185	469.395	143.7722	68.3274	-4.270463	-6.049822	-6.049822	-17.43772	-4.626335	-8.185054	-5.338078	-17.08185	-4.626335	-8.185054
52.38	-12.81139	514.6406	-360.2988	261.9218	7.117439	-1089.754	-407.4733	232.0284	-409.9644	-53.73666	-17.08185	-6.049822	-5.338078	-17.08185	269.395	-156.2278	-31.6726	-4.270463	-6.049822	-6.049822	-17.43772	-4.626335	-8.185054	-5.338078	-17.08185	-4.626335	-8.185054
52.67	-12.81139	-285.3594	-160.2988	61.92175	7.117439	411.2456	-407.4733	-267.9716	890.0356	-53.73666	-17.08185	-6.049822	-5.338078	-17.08185	-130.605	43.77225	-31.6726	-4.270463	-6.049822	-6.049822	-17.43772	95.37366	-8.185054	-5.338078	-17.08185	95.37366	-8.185054
52.95	-12.81139	-1386.359	-1361.299	-338.0782	107.1174	-1589.754	-707.4733	-367.9716	-209.9644	46.26334	-17.08185	-6.049822	-5.338078	-17.08185	-30.60498	43.77225	-31.6726	-4.270463	-6.049822	-6.049822	282.5623	-4.626335	-8.185054	-5.338078	-17.08185	-4.626335	-8.185054
53.24	-12.81139	-1085.359	-60.29883	-538.0782	107.1174	-2089.754	-307.4733	-167.9716	490.0356	246.2633	-17.08185	-6.049822	-5.338078	-17.08185	4469.395	7544.772	168.3274	-4.270463	-6.049822	193.9502	-17.43772	-4.626335	-8.185054	-5.338078	-17.08185	-4.626335	-8.185054
53.52	-12.81139	110285.6	-560.2988	361.9218	207.1174	4012.246	25907.53	32.02844	-309.9644	246.2633	282.9182	193.9502	-5.338078	-17.08185	185052.4	408763.8	-31.6726	-4.270463	193.9502	193.9502	582.5623	-4.626335	-8.185054	-5.338078	-17.08185	-4.626335	-8.185054
53.81	-12.81139	2484407	-560.2988	-38.07825	407.1174	30636.25	218358.5	-267.9716	790.0356	1546.263	1682.918	193.9502	-5.338078	-17.08185	170248.4	495920.8	68.3274	95.72954	393.9502	93.95018	882.5623	95.37366	291.8149	-5.338078	-17.08185	95.37366	291.8149
54.1	287.1886	4546726	-360.2988	-38.07825	307.1174	50473.25	320660.5	-67.97156	-809.9644	2646.263	3482.918	1093.95	-5.338078	182.9182	239577.4	618407.8	-31.6726	-4.270463	593.9502	293.9502	982.5623	-4.626335	191.8149	-5.338078	182.9182	-4.626335	191.8149
54.38	87.18861		1539.701	-38.07825	207.1174	55184.25	390244.5	-367.9716	-209.9644	2746.263	3682.918	893.9502	94.66192	-17.08185	233859.4	645889.8	168.3274	95.72954	193.9502	193.9502	182.5623	95.37366	191.8149	94.66192	-17.08185	95.37366	191.8149
54.67	287.1886		39.70117	661.9218	507.1174	59796.25	433246.5	32.02844	-409.9644	3446.263	4682.918	393.9502	194.6619	82.91815	249509.4	674223.8	-31.6726	195.7295	593.9502	393.9502	1082.562	195.3737	791.8149	194.6619	82.91815	195.3737	791.8149
54.95	-12.81139		1239.701	361.9218	307.1174	52979.25	471227.5	-167.9716	490.0356	3146.263	7783.918	793.9502	-5.338078	-17.08185	303502.4	756736.8	-31.6726	195.7295	793.9502	193.9502	382.5623	-4.626335	291.8149	-5.338078	-17.08185	-4.626335	291.8149
55.24	187.1886		939.7012	1461.922	207.1174	68520.24	586639.5	-67.97156	-209.9644	4746.263	4182.918	693.9502	-5.338078	-17.08185	319499.4	1075607	68.3274	195.7295	93.95018	393.9502	382.5623	195.3737	491.8149	-5.338078	-17.08185	195.3737	491.8149
55.53	387.1886		239.7012	461.9218	507.1174	75241.24	573539.5	-67.97156	390.0356	4346.263	4882.918	1093.95	-5.338078	-17.08185	359741.4	834901.8	68.3274	195.7295	93.95018	193.9502	882.5623	-4.626335	591.8149	-5.338078	-17.08185	-4.626335	591.8149
55.82	387.1886		2039.701	861.9218	607.1174	80960.24	578246.5	32.02844	-109.9644	5447.263	5883.918	1293.95	-5.338078	182.9182	424851.4	1126375	-31.6726	-4.270463	393.9502	593.9502	1182.562	195.3737	391.8149	-5.338078	182.9182	195.3737	391.8149
56.1	187.1886		2239.701	561.9218	507.1174	75843.24	608555.5	-267.9716	90.03564	6047.263	5583.918	593.9502	-5.338078	-17.08185	446829.4	1178602	-31.6726	-4.270463	293.9502	293.9502	1382.562	195.3737	491.8149	-5.338078	-17.08185	195.3737	491.8149
56.39	387.1886		1739.701	761.9218	107.1174	90394.24	655832.5	32.02844	190.0356	4846.263	6283.918	293.9502	-5.338078	-17.08185	513798.4	1188885	68.3274	495.7295	593.9502	93.95018	1082.562	95.37366	1191.815	-5.338078	-17.08185	95.37366	1191.815
56.69	187.1886		2439.701	1061.922	407.1174	90595.24	589301.5	-167.9716	590.0356	4546.263	7583.918	993.9502	-5.338078	-17.08185	648529.4	2180225	68.3274	95.72954	293.9502	593.9502	982.5623	-4.626335	591.8149	-5.338078	-17.08185	-4.626335	591.8149
56.98	787.1886		2239.701	1361.922	607.1174	91398.24	635926.5	-67.97156	90.03564	5847.263	6983.918	1193.95	94.66192	82.91815	2298920	5028330	-31.6726	295.7295	693.9502	1393.95	2282.562	-4.626335	391.8149	94.66192	82.91815	-4.626335	391.8149
57.27	987.1886		2539.701	2061.922	2007.117	94812.24	657167.5	432.0284	-309.9644	5647.263	12185.92	1493.95	94.66192	82.91815	1.67764e+07	4.56169e+07	168.3274	495.7295	793.9502	3493.95	5983.562	195.3737	691.8149	94.66192	82.91815	195.3737	691.8149
57.55	2687.189		3940.701	5862.922	4107.118	88487.24	569959.5	132.0284	490.0356	6647.263	15887.92	1093.95	-5.338078	182.9182	3.839059e+07	1.100867e+08	168.3274	995.7296	293.9502	6694.95	7483.562	195.3737	891.8149	-5.338078	182.9182	195.3737	891.8149
57.84	2787.189		3140.701	8563.922	7408.118	76846.24	507020.5	932.0284	1990.036	8247.264	25095.92	993.9502	94.66192	-17.08185	6.516051e+07	1.602021e+08	268.3274	1295.729	193.9502	12196.95	7683.562	95.37366	1091.815	94.66192	-17.08185	95.37366	1091.815
58.12	3387.189		2039.701	15266.92	9009.117	54081.25	388314.5	2632.028	1790.036	8347.264	27297.92	593.9502	-5.338078	582.9182	8.315823e+07	2.343131e+08	968.3274	895.7296	293.9502	16498.95	8884.562	95.37366	1191.815	-5.338078	582.9182	95.37366	1191.815
58.41	2587.189		1439.701	28278.92	8108.118	50172.25	320964.5	2132.028	2590.036	9848.264	29499.92	1293.95	-5.338078	1082.918	1.020598e+08	3.084351e+08	2268.327	1195.729	493.9502	28209.95	9884.562	-4.626335	1691.815	-5.338078	1082.918	-4.626335	1691.815
58.7	2687.189	3661952	4140.701	35488.92	6608.118	38249.25	255915.5	1432.028	1590.036	14450.26	32603.92	593.9502	-5.338078	1882.918	1.035838e+08	2.483354e+08	2468.327	1095.729	593.9502	36720.95	11785.56	-4.626335	2691.815	-5.338078	1882.918	-4.626335	2691.815
58.98	2487.189	3354496	4540.701	51516.92	5208.118	28734.25	213617.5	1432.028	3691.036	15951.26	33605.92	1193.95	-5.338078	1482.918	1.06779e+08	2.944112e+08	2868.327	1195.729	293.9502	62571.95	10984.56	95.37366	4291.815	-5.338078	1482.918	95.37366	4291.815
59.27	1887.189	2514071	4640.701	72970.92	3107.117	23527.25	176124.5	2832.028	4191.036	22256.26	41116.92	593.9502	94.66192	2182.918	1.188887e+08	3.044282e+08	3668.327	1295.729	193.9502	89152.95	11385.56	95.37366	4291.815	94.66192	2182.918	95.37366	4291.815
59.55	1587.189	2339769	3940.701	87116.92	3107.117	18121.25	158002.5	2632.028	3190.036	26660.26	45423.92	493.9502	-5.338078	2982.918	1.201428e+08	3.084351e+08	4268.328	1295.729	193.9502	110739	11485.56	-4.626335	6692.815	-5.338078	2982.918	-4.626335	6692.815
59.84	1387.189	1727100	2739.701	108400.9	2907.117	13617.25	149348.5	2532.028	3491.036	24858.26	47928.92	1093.95	194.6619	2482.918	1.319027e+08	3.765569e+08	5069.328	895.7296	-6.049822	143806	12485.56	95.37366	4691.815	194.6619	2482.918	95.37366	4691.815
60.13	1487.189	1321782	3240.701	119451.9	2107.117	18021.25	130944.5	4232.028	2190.036	34770.26	52738.92	993.9502	-5.338078	2582.918	1.346693e+08	3.725494e+08	5469.328	1795.729	93.95018	159703	12385.56	-4.626335	5992.815	-5.338078	2582.918	-4.626335	5992.815
60.41	787.1886	1160317	5941.701	123671.9	1807.117	9415.246	111649.5	2032.028	3691.036	35171.26	54642.92	493.9502	-5.338078	2382.918	1.326051e+08	3.404912e+08	5269.328	1995.729	93.95018	176213	9584.562	-4.626335	6692.815	-5.338078	2382.918	-4.626335	6692.815
60.7	1787.189	901193.6	2239.701	135131.9	907.1174	7714.246	102911.5	2632.028	4091.036	36573.26	56145.92	293.9502	-5.338078	2582.918	1.42483e+08	3.46502e+08	5569.328	3595.729	193.9502	202209	12285.56	-4.626335	6692.815	-5.338078	2582.918	-4.626335	6692.815
60.99	787.1886	761529.6	1139.701	155349.9	807.1174	5412.246	97489.52	2532.028	5091.036	41480.26	62761.92	393.9502	-5.338078	2482.918	1.370131e+08	3.384877e+08	5869.328	3095.729	193.9502	205031	11685.56	-4.626335	7192.815	-5.338078	2482.918	-4.626335	7192.815
61.27	1087.189	607048.6	2439.701	149714.9	1207.117	4412.246	74408.52	3132.028	3090.036	43484.26	72688.92	293.9502	-5.338078	3282.918	1.338201e+08	3.945906e+08	6169.328	3295.729	293.9502	188200	13386.56	95.37366	7492.815	-5.338078	3282.918	95.37366	7492.815
61.56	2287.189	534706.6	3040.701	159676.9	1107.117	4912.246	72302.52	3032.028	3891.036	39077.26	73690.92	93.95018	-5.338078	2382.918	1.274718e+08	3.945906e+08	4568.328	3595.729	293.9502	172487	11084.56	-4.626335	6092.815	-5.338078	2382.918	-4.626335	6092.815
61.84	1687.189	621193.6	3740.701	157261.9	1507.117	3812.246	63878.53	2432.028	3791.036	40980.26	71183.92	93.95018	-5.338078	2682.918	1.314199e+08	3.444984e+08	5169.328	4895.729	-6.049822	137069	9984.562	-4.626335	6192.815	-5.338078	2682.918	-4.626335	6192.815
62.13	2887.189	352064.6	2940.701	134628.9	4907.118	2211.246	54055.53	2332.028	3190.036	31866.26	68676.92	-6.049822	-5.338078	1482.918	1.383028e+08	3.404912e+08	3668.327	3795.729	-6.049822	99792.95	11885.56	95.37366	5492.815	-5.338078	1482.918	95.37366	5492.815
62.42	4687.188	355209.6	2339.701	115934.9	15912.12	1611.246	48142.53	2232.028	3691.036	23557.26	60555.92	393.9502	-5.338078	1882.918	1.368666e+08	3.805643e+08	3768.327	2595.729	-6.049822	87044.95	12785.56	-4.626335	3191.815	-5.338078	1882.918	-4.626335	3191.815
62.7	7488.188	214484.6	4540.701	85611.92	25620.12	1611.246	37723.53	3032.028	2590.036	17252.26	54241.92	293.9502	-5.338078	1282.918	1.395344e+08	3.785605e+08	1468.327	2595.729	193.9502	62872.95	10584.56	95.37366	2491.815	-5.338078	1282.918	95.37366	2491.815
62.99	12190.19	225786.6	3340.701	67354.92	33029.12	711.2456	34018.53	2832.028	3791.036	16552.26	49531.92	93.95018	-5.338078	1682.918	1.352991e+08	4.106212e+08	2468.327	2595.729	93.95018	49642.95	11285.56	-4.626335	1691.815	-5.338078	1682.918	-4.626335	1691.815
63.27	18694.19	175573.6	3840.701	62141.92	39639.12	2011.246	27509.53	3432.028	3791.036	13149.26	47327.92	293.9502	-5.338078	1082.918	1.342593e+08	3.82568e+08	3068.327	2095.729	93.95018	52849.95	11585.56	95.37366	1791.815	-5.338078	1082.918	95.37366	1791.815
63.56	19595.19	135615.6	4440.701	64848.92	45649.12	3412.246	23705.53	1032.028	4091.036	14550.26	48229.92	693.9502	-5.338078	1082.918	1.400036e+08	3.46502e+08	2768.327	2295.729	93.95018	53651.95	12885.56	-4.626335	2191.815	-5.338078	1082.918	-4.626335	2191.815
63.85	17093.19	109280.6	4440.701	70062.92	40139.12	1111.246	26608.53	1632.028	3991.036	16451.26	43119.92	193.9502	-5.338078	1082.918	1.344643e+08	3.705457e+08	2168.327	1795.729	-6.049822	57158.95	12385.56	-4.626335	2691.815	-5.338078	1082.918	-4.626335	2691.815
64.13	11890.19	131794.6	2839.701	71967.92	33129.12	1711.246	27209.53	2132.028	2890.036	22756.26	47828.92	93.95018	-5.338078	1382.918	1.360022e+08	3.244629e+08	2668.327	895.7296	293.9502	59363.95	10984.56	-4.626335	2391.815	-5.338078	1382.918	-4.626335	2391.815
64.42	12890.19	96424.64	3240.701	76481.92	28423.12	2111.246	30513.53	2832.028	3290.036	22356.26	48629.92	493.9502	-5.338078	1282.918	1.311273e+08	3.565201e+08	2668.327	1295.729	93.95018	50744.95	11585.56	-4.626335	2791.815	-5.338078	1282.918	-4.626335	2791.815
64.7	10289.19	76149.64	2639.701	74876.92	19315.12	-188.7544	29011.53	3332.028	3290.036	28863.26	46024.92	93.95018	-5.338078	2482.918	1.287727e+08	3.204559e+08	2668.327	1095.729	193.9502	48139.95	13486.56	-4.626335	2991.815	-5.338078	2482.918	-4.626335	2991.815
64.99	7788.188	57194.64	2940.701	68457.92	16613.12	-388.7544	33617.53	4332.028	3190.036	32567.26	47227.92	393.9502	-5.338078	2782.918	1.347425e+08	3.12442e+08	2268.327	1495.729	93.95018	63875.95	13185.56	-4.626335	4091.815	-5.338078	2782.918	-4.626335	4091.815
65.27	5888.188	66018.64	5140.701	68357.92	12810.12	-789.7544	37122.53	1932.028	3390.036	35471.26	53640.92	293.9502	94.66192	4282.918	1.380243e+08	4.026059e+08	3168.327	1595.729	93.95018	72498.95	14186.56	-4.626335	4391.815	94.66192	4282.918	-4.626335	4391.815
65.56	6488.188	60202.64	2039.701	62141.92	10509.12	1211.246	42632.53	3432.028	4791.036	43183.26	54842.92	193.9502	-5.338078	3382.918	1.344204e+08	3.424948e+08	2568.327	2095.729	193.9502	69690.95	11485.56	-4.626335	5092.815	-5.338078	3382.918	-4.626335	5092.815
65.85	4487.188	52482.64	1839.701	55224.92	9209.117	811.2456	42732.53	2432.028	3591.036	43684.26	59152.92	-6.049822	-5.338078	4682.918	1.424536e+08	3.845718e+08	4568.328	1795.729	193.9502	85138.95	11885.56	-4.626335	5092.815	-5.338078	4682.918	-4.626335	5092.815
66.13	5588.188	52482.64	1339.701	63945.92	7308.118	411.2456	49044.53	3032.028	3791.036	46089.26	57648.92	-6.049822	-5.338078	4482.918	1.329564e+08	3.785605e+08	4068.327	2795.729	193.9502	96780.95	12285.56	-4.626335	5692.815	-5.338078	4482.918	-4.626335	5692.815
66.42	5688.188	54287.64	3240.701	57930.92	6808.118	-288.7544	48944.53	3132.028	3591.036	51599.26	59553.92	93.95018	-5.338078	3882.918	1.415585e+08	3.665384e+08	2768.327	1595.729	-6.049822	103307	11985.56	-4.626335	6892.815	-5.338078	3882.918	-4.626335	6892.815
66.7	6888.188	57896.64	1939.701	63544.92	6208.118	-388.7544	50848.53	2132.028	4791.036	54505.26	58450.92	93.95018	-5.338078	3382.918	1.415879e+08	3.204559e+08	4968.328	2695.729	93.95018	119378	11785.56	-4.626335	6792.815	-5.338078	3382.918	-4.626335	6792.815
66.99	11490.19	50678.64	3440.701	76983.92	5508.118	1111.246	54957.53	2332.028	4391.036	57512.26	59152.92	293.9502	-5.338078	4982.918	1.463594e+08	3.945906e+08	3668.327	1795.729	93.95018	109533	12785.56	-4.626335	7092.815	-5.338078	4982.918	-4.626335	7092.815
67.28	16192.19	54888.64	2639.701	86614.92	5208.118	111.2456	56961.53	3032.028	2790.036	58715.26	63763.92	493.9502	-5.338078	4882.918	1.374527e+08	3.505092e+08	3668.327	3195.729	-6.049822	107023	11485.56	-4.626335	5792.815	-5.338078	4882.918	-4.626335	5792.815
67.56	24799.19	55890.64	3440.701	93038.92	6608.118	-88.75439	47340.53	2332.028	5391.036	52902.26	62660.92	893.9502	-5.338078	5083.918	1.386107e+08	3.62531e+08	3068.327	2895.729	93.95018	110638	11785.56	-4.626335	6392.815	-5.338078	5083.918	-4.626335	6392.815
67.85	29705.19	40958.64	2239.701	86213.92	8709.117	911.2456	47240.53	1932.028	2790.036	51800.26	62660.92	993.9502	-5.338078	4182.918	1.407076e+08	4.026059e+08	3468.327	1895.729	193.9502	102604	10584.56	-4.626335	4391.815	-5.338078	4182.918	-4.626335	4391.815
68.13	32007.19	32043.64	2639.701	77986.92	9109.117	-789.7544	39426.53	2632.028	3290.036	41681.26	59753.92	1093.95	-5.338078	4282.918	1.36808e+08	3.645347e+08	2168.327	2095.729	-6.049822	103508	10684.56	-4.626335	5292.815	-5.338078	4282.918	-4.626335	5292.815
68.42	25300.19	32744.64	1939.701	63745.92	10609.12	11.24561	42632.53	3032.028	3390.036	37374.26	58450.92	393.9502	-5.338078	4382.918	1.40869e+08	4.286562e+08	3668.327	2395.729	-6.049822	104612	11084.56	-4.626335	5292.815	-5.338078	4382.918	-4.626335	5292.815
68.71	24799.19	38052.64	5841.701	59033.92	14711.12	-288.7544	41930.53	1532.028	4391.036	32968.26	54341.92	793.9502	-5.338078	3782.918	1.290944e+08	3.62531e+08	3468.327	1195.729	293.9502	115058	11385.56	-4.626335	3791.815	-5.338078	3782.918	-4.626335	3791.815
68.99	27302.19	28938.64	2239.701	51717.92	16312.12	-1589.754	38324.53	2432.028	2490.036	32768.26	49230.92	793.9502	-5.338078	2782.918	1.33703e+08	3.705457e+08	3568.327	1895.729	-6.049822	117268	10284.56	-4.626335	4891.815	-5.338078	2782.918	-4.626335	4891.815
69.28	32108.19	27636.64	2039.701	50614.92	33930.12	-88.75439	40227.53	1832.028	3491.036	26760.26	54341.92	393.9502	-5.338078	2682.918	1.314784e+08	3.885793e+08	3668.327	1595.729	193.9502	102504	10984.56	-4.626335	4791.815	-5.338078	2682.918	-4.626335	4791.815
69.56	32408.19	28037.64	3140.701	52017.92	66596.12	-989.7544	39426.53	2132.028	3791.036	29063.26	56446.92	793.9502	-5.338078	3482.918	1.395784e+08	3.705457e+08	3768.327	1195.729	193.9502	102504	10484.56	-4.626335	5892.815	-5.338078	3482.918	-4.626335	5892.815
69.85	46230.19	26635.64	3940.701	58532.92	113163.1	-789.7544	37223.53	2732.028	2790.036	28763.26	63362.92	1193.95	-5.338078	1782.918	1.491297e+08	4.326641e+08	3168.327	2095.729	93.95018	102705	13786.56	-4.626335	4491.815	-5.338078	1782.918	-4.626335	4491.815
70.13	50137.19	34246.64	1939.701	63544.92	135876.1	-1989.754	33417.53	2432.028	3691.036	26060.26	63462.92	593.9502	-5.338078	2382.918	1.362365e+08	3.665384e+08	3868.327	2295.729	93.95018	96981.95	10684.56	-4.626335	4091.815	-5.338078	2382.918	-4.626335	4091.815
70.42	61362.19	21328.64	1939.701	67455.92	169883.1	11.24561	33818.53	2432.028	4391.036	22456.26	67573.92	1193.95	-5.338078	1882.918	1.308054e+08	3.705457e+08	2668.327	2895.729	193.9502	91460.95	11485.56	-4.626335	3991.815	-5.338078	1882.918	-4.626335	3991.815
70.71	77708.19	27336.64	1839.701	64046.92	256618.1	-288.7544	32416.53	3532.028	4391.036	20254.26	71986.92	2193.95	-5.338078	1582.918	1.378484e+08	3.805643e+08	1868.327	2095.729	193.9502	81325.95	11585.56	-4.626335	4491.815	-5.338078	1582.918	-4.626335	4491.815
70.99	90450.19	28437.64	4540.701	64547.92	378248.1	-989.7544	32716.53	1732.028	4591.036	20655.26	76399.92	4393.95	-5.338078	1382.918	1.354895e+08	3.32477e+08	1668.327	2295.729	193.9502	68788.95	11685.56	-4.626335	5292.815	-5.338078	1382.918	-4.626335	5292.815
71.28	107016.2	21629.64	3340.701	55224.92	543963.1	-1189.754	26108.53	1632.028	3290.036	19253.26	78104.92	2693.95	94.66192	1782.918	1.332638e+08	3.82568e+08	2168.327	2595.729	393.9502	66381.95	12985.56	-4.626335	4991.815	94.66192	1782.918	-4.626335	4991.815
71.57	119070.2	21028.64	3640.701	66653.92	616621.1	111.2456	24506.53	2832.028	4291.036	27261.26	89040.92	4293.95	94.66192	1682.918	1.3609e+08	3.865756e+08	2368.327	4695.729	793.9502	67785.95	10984.56	95.37366	3991.815	94.66192	1682.918	95.37366	3991.815
71.85	122687.2	19627.64	3440.701	60436.92	639177.1	-1289.754	26408.53	2232.028	4591.036	24758.26	82919.92	3893.95	-5.338078	2082.918	1.364417e+08	3.004214e+08	2268.327	3295.729	593.9502	60767.95	12685.56	-4.626335	5392.815	-5.338078	2082.918	-4.626335	5392.815
72.14	112942.2	21729.64	3540.701	76682.92	599000.1	1111.246	25207.53	2232.028	2090.036	32467.26	90947.92	3593.95	94.66192	2282.918	1.405903e+08	3.605274e+08	2668.327	2795.729	193.9502	122192	13886.56	-4.626335	5392.815	94.66192	2282.918	-4.626335	5392.815
72.42	118869.2	21929.64	5340.701	82400.92	570751.1	-188.7544	26008.53	2932.028	3290.036	37975.26	84725.92	4493.95	-5.338078	1982.918	1.417786e+08	4.066135e+08	3168.327	3295.729	293.9502	305043.9	8984.562	-4.626335	6392.815	-5.338078	1982.918	-4.626335	6392.815
72.71	103903.2	17925.64	2940.701	89424.92	476711.1	111.2456	29912.53	3232.028	3591.036	39477.26	85227.92	7494.95	-5.338078	1582.918	1.35841e+08	3.925868e+08	2868.327	3295.729	793.9502	535058.9	10484.56	-4.626335	7792.815	-5.338078	1582.918	-4.626335	7792.815
73	102196.2	19526.64	1639.701	90127.92	390738.1	911.2456	24606.53	2232.028	2990.036	35872.26	90947.92	14097.95	-5.338078	2782.918	1.384494e+08	3.545164e+08	1868.327	3395.729	1293.95	760590.9	12385.56	-4.626335	8893.815	-5.338078	2782.918	-4.626335	8893.815
73.28	108422.2	17825.64	3240.701	89123.92	338383.1	711.2456	26008.53	2332.028	4691.036	33268.26	102191.9	14497.95	-5.338078	2582.918	1.482257e+08	4.146289e+08	2068.327	5796.729	2993.95	983776.9	13085.56	-4.626335	10193.82	-5.338078	2582.918	-4.626335	10193.82
73.57	118367.2	17024.64	2039.701	92335.92	334025.1	711.2456	28410.53	3232.028	4391.036	33869.26	94059.92	19300.95	-5.338078	2082.918	1.371889e+08	3.665384e+08	2468.327	3195.729	1893.95	799166.9	14786.56	-4.626335	9993.815	-5.338078	2082.918	-4.626335	9993.815
73.85	108522.2	14221.64	3040.701	95246.92	348419.1	-388.7544	25607.53	2332.028	5391.036	37374.26	101990.9	13397.95	-5.338078	2282.918	1.357971e+08	4.086173e+08	3368.327	3095.729	1093.95	704481.9	11585.56	-4.626335	9493.815	-5.338078	2282.918	-4.626335	9493.815
74.14	114649.2	23331.64	3140.701	87116.92	337572.1	1211.246	24406.53	2032.028	3090.036	38776.26	97773.92	12596.95	-5.338078	1682.918	1.590733e+08	4.286562e+08	2868.327	2895.729	993.9502	721249.9	10984.56	-4.626335	8092.815	-5.338078	1682.918	-4.626335	8092.815
74.43	117362.2	16724.64	2039.701	80895.92	313967.1	711.2456	27509.53	2532.028	4191.036	42382.26	103395.9	15698.95	-5.338078	2782.918	1.461831e+08	3.68542e+08	2968.327	3895.729	1293.95	868419.9	12085.56	-4.626335	11994.82	-5.338078	2782.918	-4.626335	11994.82
74.71	121883.2	19426.64	5240.701	87317.92	277237.1	-88.75439	29612.53	2432.028	4191.036	41080.26	109220.9	21402.95	-5.338078	1582.918	1.426444e+08	4.386759e+08	3268.327	3995.729	993.9502	1169420	12485.56	-4.626335	10993.82	-5.338078	1582.918	-4.626335	10993.82
75	139475.2	36149.64	3640.701	69761.92	259245.1	1711.246	24406.53	3132.028	4791.036	33268.26	114544.9	32915.95	-5.338078	1982.918	1.525057e+08	4.066135e+08	2068.327	4195.729	1293.95	1455887	12485.56	-4.626335	11994.82	-5.338078	1982.918	-4.626335	11994.82
75.28	134247.2	46268.64	4040.701	60637.92	207263.1	911.2456	24106.53	2432.028	4791.036	27161.26	102391.9	38122.95	-5.338078	1282.918	1.357531e+08	3.525128e+08	2868.327	4395.729	1093.95	1406052	11285.56	-4.626335	14195.82	-5.338078	1282.918	-4.626335	14195.82
75.57	148426.2	30841.64	4340.701	52418.92	204239.1	1511.246	20302.53	2032.028	4291.036	26660.26	104600.9	42028.95	94.66192	1182.918	1.37145e+08	3.565201e+08	2068.327	3595.729	493.9502	1433021	12785.56	-4.626335	13695.82	94.66192	1182.918	-4.626335	13695.82
75.86	146917.2	40858.64	3840.701	56126.92	201214.1	1211.246	22304.53	2432.028	2990.036	26560.26	100684.9	40125.95	-5.338078	1082.918	1.382295e+08	3.82568e+08	2768.327	4395.729	693.9502	1270897	13185.56	-4.626335	11494.82	-5.338078	1082.918	-4.626335	11494.82
76.14	141486.2	29238.64	3040.701	63745.92	227034.1	2511.246	26008.53	3232.028	2990.036	35171.26	96869.92	31112.95	-5.338078	2282.918	1.38596e+08	3.785605e+08	2468.327	3595.729	493.9502	1026442	10984.56	-4.626335	10093.82	-5.338078	2282.918	-4.626335	10093.82
76.43	127712.2	28337.64	1839.701	79591.92	275821.1	2011.246	25507.53	2332.028	3591.036	44886.26	100484.9	25706.95	-5.338078	2082.918	1.371596e+08	4.026059e+08	2468.327	4895.729	293.9502	806082.9	13085.56	-4.626335	8392.815	-5.338078	2082.918	-4.626335	8392.815
76.72	113745.2	43763.64	939.7012	82902.92	275316.1	1711.246	26108.53	1932.028	3090.036	48994.26	89141.92	17199.95	-5.338078	2282.918	1.372622e+08	3.805643e+08	2568.327	2095.729	193.9502	619474.9	9484.562	-4.626335	8793.815	-5.338078	2282.918	-4.626335	8793.815
77	115152.2	21328.64	6641.701	102073.9	295949.1	-388.7544	24606.53	2632.028	4291.036	45988.26	91850.92	14297.95	-5.338078	1582.918	1.31932e+08	3.785605e+08	2368.327	2095.729	-6.049822	494231.9	11385.56	-4.626335	7392.815	-5.338078	1582.918	-4.626335	7392.815
77.29	108321.2	17524.64	3540.701	115834.9	331795.1	311.2456	33417.53	3132.028	4291.036	49695.26	90746.92	12696.95	-5.338078	2382.918	1.353723e+08	3.965944e+08	2668.327	3595.729	393.9502	368590.9	13986.56	-4.626335	7292.815	-5.338078	2382.918	-4.626335	7292.815
77.58	104405.2	58196.64	3540.701	116838.9	362213.1	411.2456	22904.53	2032.028	2290.036	46489.26	87435.92	10495.95	-5.338078	2982.918	1.212888e+08	3.745531e+08	2268.327	3795.729	393.9502	313142.9	13886.56	-4.626335	8092.815	-5.338078	2982.918	-4.626335	8092.815
77.86	119773.2	19226.64	4340.701	136639.9	460613.1	111.2456	23505.53	2832.028	2590.036	37474.26	92653.92	8394.95	-5.338078	2882.918	1.384054e+08	4.186367e+08	1868.327	3595.729	293.9502	249937	11385.56	-4.626335	11093.82	-5.338078	2882.918	-4.626335	11093.82
78.15	125903.2	18025.64	2339.701	131109.9	567989.1	-1389.754	22204.53	1732.028	4091.036	35571.26	101789.9	10095.95	-5.338078	2682.918	1.423068e+08	4.00602e+08	1368.327	4095.729	493.9502	208560	12285.56	-4.626335	11294.82	-5.338078	2682.918	-4.626335	11294.82
78.43	118969.2	19026.64	2940.701	128295.9	668838.1	-88.75439	16098.53	2532.028	3691.036	27661.26	105806.9	9895.95	-5.338078	1182.918	1.382882e+08	3.605274e+08	1768.327	4495.729	693.9502	187797	9284.562	-4.626335	9393.815	-5.338078	1182.918	-4.626335	9393.815
78.72	118065.2	17925.64	1739.701	114126.9	720443.1	311.2456	15198.53	1632.028	4191.036	22756.26	110425.9	11996.95	-5.338078	1382.918	1.413091e+08	4.106212e+08	1468.327	4895.729	93.95018	145215	11785.56	-4.626335	12494.82	-5.338078	1382.918	-4.626335	12494.82
79	126104.2	21529.64	3340.701	119752.9	719105.1	-488.7544	14597.53	2332.028	2790.036	22156.26	101688.9	9795.95	-5.338078	1082.918	1.428205e+08	3.2847e+08	2368.327	4795.729	593.9502	129830	12085.56	-4.626335	8693.815	-5.338078	1082.918	-4.626335	8693.815
79.29	111535.2	30440.64	3240.701	115231.9	616006.1	311.2456	19201.53	2532.028	4891.036	21355.26	95765.92	9195.95	-5.338078	2382.918	1.431637e+08	4.066135e+08	1768.327	4795.729	193.9502	142298	12585.56	-4.626335	7992.815	-5.338078	2382.918	-4.626335	7992.815
79.58	113444.2	70832.64	2439.701	104282.9	501897.1	-88.75439	24506.53	2932.028	3891.036	19854.26	101186.9	9195.95	-5.338078	1882.918	1.423656e+08	3.565201e+08	2068.327	4095.729	193.9502	139884	12085.56	-4.626335	6792.815	-5.338078	1882.918	-4.626335	6792.815
79.86	104304.2	55790.64	2039.701	92937.92	422346.1	1011.246	25607.53	2932.028	3290.036	19253.26	93055.92	7694.95	-5.338078	2082.918	1.454634e+08	3.885793e+08	2168.327	2695.729	193.9502	142097	13686.56	95.37366	5592.815	-5.338078	2082.918	95.37366	5592.815
80.15	94967.19	58397.64	3340.701	88923.92	392770.1	511.2456	29111.53	2332.028	3390.036	21555.26	98576.92	5794.95	-5.338078	1782.918	1.430554e+08	3.585237e+08	1268.327	3095.729	193.9502	125307	12885.56	-4.626335	5392.815	-5.338078	1782.918	-4.626335	5392.815
80.44	84931.19	59700.64	2940.701	87217.92	346493.1	311.2456	29011.53	2332.028	3991.036	24658.26	87134.92	5494.95	-5.338078	2182.918	1.374088e+08	3.364841e+08	2368.327	4395.729	193.9502	117972	11385.56	-4.626335	4791.815	-5.338078	2182.918	-4.626335	4791.815
80.72	87339.19	76149.64	3340.701	88019.92	305159.1	3012.246	32716.53	3032.028	3290.036	27661.26	91850.92	3693.95	-5.338078	1982.918	1.325173e+08	3.32477e+08	2568.327	4195.729	293.9502	98085.95	11185.56	-4.626335	4191.815	-5.338078	1982.918	-4.626335	4191.815
81.01	81520.19	63611.64	2039.701	83002.92	285024.1	2611.246	30914.53	1932.028	3090.036	22856.26	81113.92	3393.95	-5.338078	2282.918	1.239222e+08	3.545164e+08	3468.327	2295.729	193.9502	80823.95	10684.56	-4.626335	4591.815	-5.338078	2282.918	-4.626335	4591.815
81.29	73996.19	63811.64	2039.701	82801.92	259851.1	1511.246	29812.53	3632.028	2890.036	22656.26	84324.92	2493.95	-5.338078	2682.918	1.392997e+08	4.086173e+08	2568.327	3395.729	-6.049822	78717.95	13786.56	95.37366	4091.815	-5.338078	2682.918	95.37366	4091.815
81.58	75100.19	64012.64	4240.701	84206.92	281585.1	2111.246	40528.53	3532.028	2890.036	26961.26	83120.92	3893.95	-5.338078	2782.918	1.511184e+08	3.62531e+08	4168.328	2695.729	93.95018	70893.95	11084.56	-4.626335	5792.815	-5.338078	2782.918	-4.626335	5792.815
81.87	67779.19	91906.64	3540.701	86213.92	234402.1	4512.246	35520.53	3032.028	3591.036	30064.26	79207.92	3093.95	-5.338078	2782.918	1.355041e+08	3.605274e+08	3268.327	2695.729	193.9502	62972.95	12785.56	-4.626335	4391.815	-5.338078	2782.918	-4.626335	4391.815
82.15	69784.19	148491.6	4440.701	82500.92	233291.1	3312.246	33517.53	2632.028	3991.036	26360.26	78204.92	3093.95	-5.338078	2982.918	1.366028e+08	3.945906e+08	3068.327	2695.729	293.9502	58261.95	12885.56	-4.626335	4191.815	-5.338078	2982.918	-4.626335	4191.815
82.44	73294.19	119630.6	2539.701	82500.92	222090.1	1711.246	40929.53	2932.028	2790.036	28462.26	80913.92	2293.95	-5.338078	2882.918	1.439215e+08	4.36672e+08	3968.327	2995.729	93.95018	49943.95	10984.56	-4.626335	4091.815	-5.338078	2882.918	-4.626335	4091.815
82.72	64771.19	103755.6	3140.701	88521.92	227135.1	1811.246	44635.53	3132.028	2690.036	31966.26	86933.92	2293.95	94.66192	2882.918	1.511184e+08	4.146289e+08	3168.327	3495.729	393.9502	47338.95	9184.562	-4.626335	3991.815	94.66192	2882.918	-4.626335	3991.815
83.01	66175.19	92107.64	2839.701	82099.92	226530.1	1111.246	57563.53	2432.028	4391.036	25859.26	80010.92	1593.95	-5.338078	3082.918	1.388452e+08	3.745531e+08	3868.327	3195.729	93.95018	56056.95	10384.56	-4.626335	2791.815	-5.338078	3082.918	-4.626335	2791.815
83.3	63267.19	103956.6	3540.701	84507.92	200811.1	2111.246	39526.53	2632.028	3891.036	25859.26	73089.92	2093.95	-5.338078	2982.918	1.263905e+08	3.004214e+08	2668.327	2195.729	393.9502	138879	6683.562	-4.626335	2791.815	-5.338078	2982.918	-4.626335	2791.815
83.58	54847.19	156039.6	2239.701	71366.92	162031.1	7513.246	35820.53	2932.028	4691.036	23557.26	76198.92	5794.95	-5.338078	3282.918	1.259668e+08	3.404912e+08	2468.327	1795.729	693.9502	361386.9	10684.56	-4.626335	3591.815	-5.338078	3282.918	-4.626335	3591.815
83.87	49336.19	208634.6	2839.701	49312.92	142010.1	4012.246	43333.53	1532.028	3090.036	19354.26	62961.92	8594.95	-5.338078	1782.918	1.24112e+08	3.164489e+08	2468.327	3495.729	3193.95	701499.9	8884.562	95.37366	3891.815	-5.338078	1782.918	95.37366	3891.815
84.15	40820.19	302105.6	1639.701	42599.92	110451.1	6813.246	55458.53	2632.028	1890.036	15451.26	68977.92	14297.95	-5.338078	1882.918	1.16178e+08	2.643612e+08	2868.327	3195.729	5594.95	989599.9	8684.562	-4.626335	4091.815	-5.338078	1882.918	-4.626335	4091.815
84.44	40119.19	677028.6	1339.701	35588.92	86156.12	10815.25	71700.52	3032.028	2990.036	13950.26	56245.92	11296.95	-5.338078	1582.918	1.057039e+08	2.904044e+08	1268.327	3095.729	4793.95	954576.9	10584.56	95.37366	3591.815	-5.338078	1582.918	95.37366	3591.815
84.73	38817.19	1162726	2039.701	30581.92	87761.12	13017.25	89258.52	1632.028	3491.036	14650.26	58851.92	11496.95	-5.338078	1582.918	9.888322e+07	2.884011e+08	2768.327	1995.729	4493.95	789258.9	9084.562	-4.626335	4491.815	-5.338078	1582.918	-4.626335	4491.815
85.01	41722.19	1718323	3840.701	33986.92	98601.12	12417.25	66686.52	1932.028	1290.036	12049.26	57348.92	10095.95	-5.338078	982.9182	1.056458e+08	2.242975e+08	1968.327	2795.729	2993.95	844831.9	11084.56	-4.626335	4591.815	-5.338078	982.9182	-4.626335	4591.815
85.3	52442.19	1834161	3640.701	42299.92	110250.1	12216.25	66285.52	2132.028	4191.036	12849.26	71685.92	10395.95	-5.338078	1982.918	1.163819e+08	3.204559e+08	1968.327	2095.729	1893.95	1042486	11485.56	-4.626335	4491.815	-5.338078	1982.918	-4.626335	4491.815
85.58	53645.19	1234882	2339.701	36589.92	98401.12	7814.246	45036.53	2732.028	2790.036	11349.26	70080.92	9895.95	194.6619	882.9182	1.225793e+08	3.304735e+08	1668.327	3495.729	1793.95	1307726	10384.56	95.37366	4291.815	194.6619	882.9182	95.37366	4291.815
85.87	57253.19	955051.6	3140.701	28879.92	88965.12	9415.246	40828.53	1732.028	3390.036	9348.264	69679.92	12196.95	-5.338078	682.9182	1.266096e+08	3.204559e+08	1968.327	2595.729	8995.95	1724810	9384.562	-4.626335	7492.815	-5.338078	682.9182	-4.626335	7492.815
86.15	46530.19	655870.6	1439.701	28579.92	65092.12	7313.246	37723.53	1732.028	1790.036	6047.263	69178.92	10695.95	94.66192	982.9182	1.175039e+08	3.024248e+08	1268.327	1795.729	393.9502	1609062	7783.562	-4.626335	4191.815	94.66192	982.9182	-4.626335	4191.815
86.44	34511.19	650943.6	2940.701	17168.92	47051.12	7914.246	34318.53	1732.028	3190.036	6147.263	61457.92	12896.95	-5.338078	1182.918	1.110389e+08	2.964146e+08	1368.327	1795.729	3893.95	1563396	6283.562	-4.626335	4291.815	-5.338078	1182.918	-4.626335	4291.815
86.73	32007.19	487137.6	1839.701	18769.92	44647.12	5412.246	27409.53	1832.028	2790.036	4146.263	56746.92	10695.95	-5.338078	482.9182	1.111699e+08	2.583515e+08	1668.327	2195.729	793.9502	1484816	8183.562	-4.626335	5092.815	-5.338078	482.9182	-4.626335	5092.815
87.01	33509.19	446987.6	1639.701	30681.92	36334.12	5613.246	34018.53	2332.028	3991.036	9748.264	65067.92	15698.95	-5.338078	1682.918	1.261567e+08	3.444984e+08	1968.327	2495.729	493.9502	1309410	12185.56	295.3737	4791.815	-5.338078	1682.918	295.3737	4791.815
87.3	34010.19	430090.6	1139.701	50414.92	32428.12	6413.246	35320.53	2032.028	3991.036	9548.264	60656.92	12996.95	-5.338078	1982.918	1.186992e+08	2.924078e+08	2268.327	2395.729	493.9502	1048010	7483.562	-4.626335	5492.815	-5.338078	1982.918	-4.626335	5492.815
87.58	38817.19	328035.6	839.7012	65349.92	28023.12	3712.246	38224.53	1632.028	2390.036	13850.26	61658.92	8995.95	-5.338078	2682.918	1.274572e+08	3.424948e+08	2068.327	2895.729	393.9502	833252.9	9484.562	-4.626335	3391.815	-5.338078	2682.918	-4.626335	3391.815
87.87	35813.19	309800.6	1639.701	58532.92	25620.12	3912.246	37924.53	1732.028	3791.036	16752.26	61457.92	6794.95	-5.338078	3582.918	1.401063e+08	3.665384e+08	2168.327	2595.729	393.9502	600418.9	9384.562	-4.626335	3791.815	-5.338078	3582.918	-4.626335	3791.815
88.16	34411.19	233761.6	3040.701	56828.92	20315.12	711.2456	43032.53	1732.028	3891.036	16752.26	58851.92	6394.95	-5.338078	2982.918	1.421895e+08	3.68542e+08	2468.327	2395.729	1193.95	459986.9	9884.562	-4.626335	4891.815	-5.338078	2982.918	-4.626335	4891.815
88.44	29705.19	228410.6	3840.701	55425.92	19315.12	1811.246	45737.53	2532.028	3390.036	23357.26	50834.92	4093.95	-5.338078	4982.918	1.433489e+08	3.505092e+08	2268.327	1395.729	193.9502	367373.9	11185.56	-4.626335	4791.815	-5.338078	4982.918	-4.626335	4791.815
88.73	31106.19	217612.6	2839.701	50614.92	19415.12	2111.246	45036.53	1932.028	3290.036	24358.26	57849.92	5094.95	-5.338078	3382.918	1.390798e+08	3.485056e+08	2468.327	1895.729	493.9502	326106.9	11385.56	-4.626335	3691.815	-5.338078	3382.918	-4.626335	3691.815
89.01	29805.19	310610.6	2940.701	54924.92	20115.12	711.2456	47240.53	2732.028	4191.036	25059.26	61758.92	2393.95	-5.338078	2182.918	1.342154e+08	3.485056e+08	2668.327	1795.729	293.9502	241555	8083.562	-4.626335	4091.815	-5.338078	2182.918	-4.626335	4091.815
89.3	34210.19	184539.6	3240.701	60837.92	45448.12	2311.246	44034.53	2232.028	3290.036	25059.26	61858.92	2493.95	-5.338078	3582.918	1.388012e+08	3.68542e+08	3068.327	695.7296	293.9502	210376	11385.56	95.37366	3891.815	-5.338078	3582.918	95.37366	3891.815
89.59	38216.19	196836.6	3140.701	54924.92	60781.12	2711.246	40328.53	2132.028	4391.036	24258.26	59753.92	2593.95	-5.338078	4382.918	1.399156e+08	3.785605e+08	2768.327	1595.729	93.95018	176515	8483.562	-4.626335	3791.815	-5.338078	4382.918	-4.626335	3791.815
89.87	43325.19	414832.6	4840.701	61539.92	113766.1	-789.7544	46439.53	1932.028	4791.036	21856.26	67473.92	2293.95	194.6619	3082.918	1.343472e+08	3.765569e+08	3268.327	2295.729	193.9502	161514	9484.562	-4.626335	2591.815	194.6619	3082.918	-4.626335	2591.815
90.16	53444.19	328542.6	3640.701	63143.92	149755.1	-989.7544	39126.53	3232.028	4391.036	24458.26	68375.92	2293.95	-5.338078	2682.918	1.384934e+08	3.785605e+08	1968.327	1995.729	193.9502	135259	10184.56	-4.626335	3491.815	-5.338078	2682.918	-4.626335	3491.815
90.45	55448.19	482650.6	1839.701	67254.92	163440.1	-188.7544	37723.53	2532.028	3591.036	24658.26	75696.92	2593.95	-5.338078	3182.918	1.271357e+08	3.565201e+08	1868.327	2295.729	493.9502	124604	10384.56	-4.626335	3591.815	-5.338078	3182.918	-4.626335	3591.815
90.73	64370.19	145573.6	1839.701	67254.92	174112.1	-388.7544	33016.53	2332.028	4491.036	20755.26	67874.92	2893.95	-5.338078	1982.918	1.321368e+08	3.525128e+08	3768.327	2895.729	393.9502	116163	11084.56	95.37366	2691.815	-5.338078	1982.918	95.37366	2691.815
91.02	70085.19	148592.6	3040.701	71867.92	198190.1	-388.7544	37523.53	2032.028	4191.036	16151.26	73791.92	3093.95	-5.338078	2182.918	1.341568e+08	3.68542e+08	2168.327	1895.729	393.9502	103608	10784.56	-4.626335	2891.815	-5.338078	2182.918	-4.626335	2891.815
91.3	74498.19	276606.6	3240.701	62341.92	182874.1	2011.246	35420.53	2632.028	4391.036	18053.26	72186.92	2193.95	-5.338078	1582.918	1.321076e+08	3.62531e+08	3468.327	2695.729	293.9502	98386.95	7783.562	-4.626335	2991.815	-5.338078	1582.918	-4.626335	2991.815
91.59	81118.19	162381.6	1739.701	46606.92	238440.1	11.24561	29912.53	3032.028	2290.036	17052.26	71685.92	3693.95	-5.338078	782.9182	1.286557e+08	3.885793e+08	1668.327	2495.729	393.9502	111944	12385.56	-4.626335	2491.815	-5.338078	782.9182	-4.626335	2491.815
91.87	99886.19	146781.6	2339.701	49412.92	429975.1	-889.7544	24406.53	1732.028	2390.036	16151.26	81916.92	7894.95	-5.338078	1182.918	1.327661e+08	3.745531e+08	1368.327	3595.729	393.9502	144209	11385.56	-4.626335	4191.815	-5.338078	1182.918	-4.626335	4191.815
92.16	126908.2	121942.6	3240.701	52117.92	634049.1	311.2456	23105.53	2332.028	3090.036	14650.26	89040.92	7794.95	-5.338078	1382.918	1.133345e+08	3.224594e+08	1568.327	3795.729	293.9502	194447	9484.562	-4.626335	6692.815	-5.338078	1382.918	-4.626335	6692.815
92.45	132437.2	127169.6	3940.701	56026.92	687535.1	311.2456	24406.53	1932.028	3991.036	22456.26	92453.92	13497.95	-5.338078	1782.918	1.328979e+08	3.444984e+08	1468.327	4195.729	193.9502	328740.9	10584.56	95.37366	9293.815	-5.338078	1782.918	95.37366	9293.815
92.73	143900.2	133906.6	3640.701	67655.92	681781.1	-88.75439	25207.53	2132.028	5991.036	26860.26	87134.92	17899.95	-5.338078	1782.918	1.325173e+08	3.104385e+08	1868.327	2795.729	293.9502	429450.9	10084.56	-4.626335	10093.82	-5.338078	1782.918	-4.626335	10093.82
93.02	140380.2	95319.64	839.7012	71466.92	658160.1	111.2456	24306.53	1832.028	2190.036	31766.26	94159.92	20501.95	-5.338078	1782.918	1.418666e+08	3.565201e+08	1268.327	4695.729	493.9502	458662.9	11985.56	-4.626335	7092.815	-5.338078	1782.918	-4.626335	7092.815
93.3	136056.2	79460.64	2639.701	76481.92	593880.1	-889.7544	26108.53	2032.028	2590.036	30765.26	100584.9	28609.95	-5.338078	2182.918	1.352112e+08	3.705457e+08	2168.327	3995.729	493.9502	673340.9	12085.56	-4.626335	10793.82	-5.338078	2182.918	-4.626335	10793.82
93.59	118668.2	112997.6	2639.701	70062.92	476303.1	-388.7544	21103.53	1832.028	3190.036	31566.26	90445.92	37221.95	-5.338078	1482.918	1.23382e+08	3.2847e+08	2068.327	3795.729	793.9502	889128.9	11985.56	-4.626335	10393.82	-5.338078	1482.918	-4.626335	10393.82
93.88	125903.2	152617.6	1939.701	59635.92	397341.1	911.2456	21803.53	3432.028	2990.036	31466.26	83822.92	50845.95	-5.338078	782.9182	1.322978e+08	3.90583e+08	1968.327	3595.729	1493.95	1187336	11585.56	-4.626335	12194.82	-5.338078	782.9182	-4.626335	12194.82
94.16	122989.2	50377.64	2539.701	54924.92	334937.1	711.2456	21303.53	2132.028	3190.036	24258.26	84926.92	63173.95	-5.338078	982.9182	1.265073e+08	3.945906e+08	2368.327	4295.729	1393.95	1375311	10284.56	-4.626335	11994.82	-5.338078	982.9182	-4.626335	11994.82
94.45	122084.2	43763.64	3040.701	45304.92	274406.1	1711.246	15698.53	1832.028	5491.036	20955.26	91750.92	66983.95	-5.338078	782.9182	1.364856e+08	3.404912e+08	1668.327	2795.729	1493.95	1719780	12885.56	-4.626335	14495.82	-5.338078	782.9182	-4.626335	14495.82
94.74	119974.2	47170.64	2139.701	40896.92	243993.1	1511.246	18400.53	1832.028	2190.036	18053.26	86933.92	71395.95	-5.338078	582.9182	1.320051e+08	3.304735e+08	868.3274	4095.729	1593.95	1761114	10584.56	-4.626335	13995.82	-5.338078	582.9182	-4.626335	13995.82
95.02	120879.2	33244.64	3540.701	33885.92	201113.1	2311.246	9695.526	2032.028	2990.036	12449.26	91650.92	84235.95	-5.338078	682.9182	1.341275e+08	3.525128e+08	1268.327	4095.729	1993.95	2016681	12085.56	-4.626335	15096.82	-5.338078	682.9182	-4.626335	15096.82
95.31	125803.2	32143.64	1739.701	26576.92	168675.1	1511.246	12496.53	2232.028	3190.036	13650.26	94360.92	76309.95	-5.338078	582.9182	1.315954e+08	3.605274e+08	868.3274	4595.729	2893.95	2138725	11185.56	-4.626335	12694.82	-5.338078	582.9182	-4.626335	12694.82
95.59	115955.2	56893.64	4140.701	25475.92	149654.1	1811.246	10895.53	1732.028	2890.036	11349.26	85127.92	68186.95	-5.338078	482.9182	1.184076e+08	2.944112e+08	1068.327	3795.729	1193.95	2017439	9584.562	-4.626335	13895.82	-5.338078	482.9182	-4.626335	13895.82
95.88	101191.2	20628.64	3240.701	16967.92	115574.1	2411.246	9295.526	1332.028	2390.036	7347.263	69679.92	53550.95	-5.338078	382.9182	9.624551e+07	2.44329e+08	468.3274	3595.729	1593.95	1429106	7383.562	-4.626335	8893.815	-5.338078	382.9182	-4.626335	8893.815
96.17	72392.19	37852.64	139.7012	13065.92	98200.12	1011.246	7594.527	332.0284	1790.036	6547.263	45123.92	39825.95	-5.338078	282.9182	6.924162e+07	1.782281e+08	568.3274	895.7296	1393.95	1026754	5183.562	-4.626335	6492.815	-5.338078	282.9182	-4.626335	6492.815
96.45	60961.19	9918.641	739.7012	10864.92	76023.12	-88.75439	4893.527	532.0284	890.0356	5847.263	37410.92	28309.95	-5.338078	282.9182	5.503547e+07	1.334478e+08	868.3274	1495.729	1293.95	749255.9	4882.562	-4.626335	5592.815	-5.338078	282.9182	-4.626335	5592.815
96.74	41722.19	9518.641	639.7012	11564.92	58275.12	-588.7544	4293.527	932.0284	1190.036	4046.263	27797.92	21102.95	-5.338078	82.91815	4.074328e+07	1.110649e+08	1068.327	1095.729	893.9502	601544.9	3582.562	-4.626335	3591.815	-5.338078	82.91815	-4.626335	3591.815
97.02	35512.19	12020.64	839.7012	6462.922	45749.12	-488.7544	2592.527	132.0284	890.0356	2746.263	21992.92	18100.95	-5.338078	82.91815	3.306361e+07	9.598254e+07	568.3274	1195.729	193.9502	501269.9	4482.562	-4.626335	2891.815	-5.338078	82.91815	-4.626335	2891.815
97.31	23798.19	10619.64	1839.701	6162.922	36033.12	-2889.754	2192.527	232.0284	590.0356	2746.263	20290.92	13397.95	-5.338078	282.9182	2.676419e+07	7.422153e+07	68.3274	995.7296	493.9502	366358.9	1182.562	-4.626335	2291.815	-5.338078	282.9182	-4.626335	2291.815
97.6	21096.19	3515.641	-761.2988	5962.922	34631.12	-789.7544	3993.527	132.0284	490.0356	2746.263	13085.92	10795.95	94.66192	82.91815	2.057524e+07	5.999853e+07	168.3274	795.7296	393.9502	302411.9	2182.562	-4.626335	1591.815	94.66192	82.91815	-4.626335	1591.815
97.88	16392.19	3915.641	-460.2988	5362.922	25520.12	-1489.754	992.5267	-67.97156	390.0356	1946.263	10884.92	9095.95	-5.338078	-17.08185	1.687557e+07	4.916022e+07	568.3274	95.72954	693.9502	237113	1382.562	-4.626335	1891.815	-5.338078	-17.08185	-4.626335	1891.815
98.17	16192.19	7717.641	339.7012	3261.922	18014.12	-1389.754	992.5267	332.0284	-209.9644	846.2634	8684.918	6294.95	-5.338078	-17.08185	1.402903e+07	3.648079e+07	268.3274	995.7296	93.95018	185379	982.5623	-4.626335	591.8149	-5.338078	-17.08185	-4.626335	591.8149
98.45	11390.19	1914.641	39.70117	2661.922	16112.12	411.2456	1592.527	432.0284	-109.9644	946.2634	8183.918	6394.95	-5.338078	-17.08185	9756452	3.062198e+07	-31.6726	95.72954	393.9502	145717	482.5623	-4.626335	991.8149	-5.338078	-17.08185	-4.626335	991.8149
98.74	8889.188	2615.641	139.7012	2361.922	12710.12	-388.7544	692.5267	432.0284	-409.9644	646.2634	7583.918	4393.95	-5.338078	82.91815	9063707	2.689737e+07	-31.6726	295.7295	393.9502	137672	382.5623	-4.626335	1091.815	-5.338078	82.91815	-4.626335	1091.815
99.03	7688.188	4315.641	-1561.299	1361.922	11210.12	-789.7544	292.5267	132.0284	1090.036	646.2634	5983.918	4193.95	-5.338078	-17.08185	7523190	2.284898e+07	68.3274	95.72954	293.9502	106621	982.5623	-4.626335	891.8149	-5.338078	-17.08185	-4.626335	891.8149
99.31	6688.188	3615.641	-660.2988	1561.922	11110.12	-1189.754	792.5267	-67.97156	390.0356	646.2634	4682.918	2993.95	-5.338078	82.91815	6053964	1.809373e+07	-31.6726	195.7295	93.95018	94371.95	282.5623	-4.626335	391.8149	-5.338078	82.91815	-4.626335	391.8149
99.6	6588.188	1914.641	-861.2988	2161.922	8408.117	-1689.754	1492.527	232.0284	590.0356	746.2634	3882.918	2693.95	-5.338078	-17.08185	5587896	1.435381e+07	-31.6726	295.7295	193.9502	75607.95	382.5623	-4.626335	691.8149	-5.338078	-17.08185	-4.626335	691.8149
99.88	3987.189	1414.641	-961.2988	661.9218	7408.118	-989.7544	792.5267	-167.9716	290.0356	46.26334	2882.918	1393.95	-5.338078	-17.08185	4048894	1.269131e+07	-31.6726	-4.270463	-6.049822	65479.95	182.5623	-4.626335	291.8149	-5.338078	-17.08185	-4.626335	291.8149
100.17	3187.189	1014.641	-761.2988	861.9218	6108.118	-2089.754	392.5267	432.0284	390.0356	246.2633	2182.918	2093.95	-5.338078	82.91815	3935966	9609938	-31.6726	95.72954	-6.049822	57259.95	82.56228	-4.626335	491.8149	-5.338078	82.91815	-4.626335	491.8149
100.45	2887.189	214.6406	-1561.299	961.9218	8008.118	-1989.754	692.5267	232.0284	-9.964355	646.2634	1882.918	1293.95	-5.338078	-17.08185	2708110	7311300	-31.6726	495.7295	93.95018	46236.95	82.56228	-4.626335	291.8149	-5.338078	-17.08185	-4.626335	291.8149
100.74	2987.189	-185.3594	-1261.299	1361.922	3307.117	-1689.754	-7.473267	-367.9716	690.0356	146.2633	2782.918	1893.95	-5.338078	82.91815	2298920	7254563	-31.6726	195.7295	-6.049822	31313.95	82.56228	-4.626335	891.8149	-5.338078	82.91815	-4.626335	891.8149
101.03	2087.189	1314.641	-560.2988	861.9218	4807.118	-1589.754	292.5267	132.0284	190.0356	446.2633	1082.918	1193.95	-5.338078	-17.08185	2440014	5524502	-31.6726	95.72954	-6.049822	21602.95	82.56228	-4.626335	191.8149	-5.338078	-17.08185	-4.626335	191.8149
101.31	2787.189	414.6406	-360.2988	661.9218	2407.117	-689.7544	-207.4733	132.0284	-709.9644	46.26334	2282.918	293.9502	-5.338078	-17.08185	1734596	4192081	-31.6726	95.72954	93.95018	31313.95	-17.43772	-4.626335	191.8149	-5.338078	-17.08185	-4.626335	191.8149
101.6	687.1886	5216.641	-861.2988	561.9218	2307.117	-889.7544	192.5267	332.0284	190.0356	46.26334	482.9182	593.9502	-5.338078	-17.08185	1706382	4177909	-31.6726	-4.270463	-6.049822	24305.95	-17.43772	-4.626335	191.8149	-5.338078	-17.08185	-4.626335	191.8149
101.89	2087.189	1814.641	-1261.299	-138.0782	1307.117	-1089.754	792.5267	-567.9716	-109.9644	46.26334	1482.918	393.9502	-5.338078	82.91815	1494786	2860161	-31.6726	95.72954	-6.049822	16599.95	82.56228	-4.626335	91.81495	-5.338078	82.91815	-4.626335	91.81495
102.18	587.1886	1014.641	-861.2988	1061.922	907.1174	-1689.754	-407.4733	32.02844	690.0356	146.2633	882.9182	393.9502	-5.338078	82.91815	1057528	3398536	68.3274	-4.270463	-6.049822	11596.95	82.56228	-4.626335	-8.185054	-5.338078	82.91815	-4.626335	-8.185054
102.47	1087.189	-385.3594	-1161.299	61.92175	1207.117	-1389.754	-407.4733	-267.9716	-9.964355	246.2633	382.9182	293.9502	-5.338078	-17.08185	1015215	2364361	-31.6726	-4.270463	93.95018	10595.95	-17.43772	-4.626335	-8.185054	-5.338078	-17.08185	-4.626335	-8.185054
102.76	1087.189	1014.641	-1161.299	-238.0782	707.1174	-1889.754	692.5267	132.0284	-409.9644	-53.73666	482.9182	493.9502	-5.338078	-17.08185	704939.4	2704330	-31.6726	95.72954	-6.049822	5494.95	182.5623	-4.626335	91.81495	-5.338078	-17.08185	-4.626335	91.81495
103.05	287.1886	-185.3594	-1161.299	461.9218	2507.117	-1289.754	-807.4733	-467.9716	90.03564	-53.73666	182.9182	293.9502	-5.338078	-17.08185	524823.4	2180225	68.3274	-4.270463	-6.049822	7594.95	82.56228	-4.626335	-8.185054	-5.338078	-17.08185	-4.626335	-8.185054
103.33	287.1886	914.6406	-2661.299	261.9218	907.1174	-1989.754	-107.4733	-167.9716	190.0356	-53.73666	82.91815	-6.049822	-5.338078	-17.08185	437567.4	2449350	-31.6726	-4.270463	-6.049822	3293.95	82.56228	-4.626335	-8.185054	-5.338078	-17.08185	-4.626335	-8.185054
103.62	987.1886	514.6406	-1161.299	261.9218	807.1174	-889.7544	292.5267	632.0284	990.0356	-53.73666	382.9182	-6.049822	-5.338078	-17.08185	424952.4	1443774	68.3274	95.72954	93.95018	6094.95	82.56228	-4.626335	-8.185054	-5.338078	-17.08185	-4.626335	-8.185054
103.91	287.1886	414.6406	239.7012	661.9218	507.1174	-288.7544	-607.4733	32.02844	-1009.964	46.26334	382.9182	293.9502	-5.338078	-17.08185	367553.4	580056.8	-31.6726	-4.270463	-6.049822	5194.95	-17.43772	-4.626335	-8.185054	-5.338078	-17.08185	-4.626335	-8.185054
104.2	787.1886	214.6406	-560.2988	1061.922	107.1174	-1789.754	-407.4733	832.0284	390.0356	46.26334	282.9182	-6.049822	-5.338078	82.91815	436753.4	1259686	-31.6726	-4.270463	-6.049822	3793.95	-17.43772	-4.626335	-8.185054	-5.338078	82.91815	-4.626335	-8.185054
104.49	287.1886	-485.3594	-1161.299	-238.0782	607.1174	-1289.754	-1207.473	-367.9716	-309.9644	-53.73666	82.91815	93.95018	-5.338078	-17.08185	310083.4	461571.8	-31.6726	-4.270463	-6.049822	1493.95	-17.43772	-4.626335	-8.185054	-5.338078	-17.08185	-4.626335	-8.185054
104.78	-12.81139	214.6406	-160.2988	661.9218	807.1174	-1989.754	-607.4733	-67.97156	-209.9644	46.26334	-17.08185	193.9502	94.66192	-17.08185	373642.4	565898.8	-31.6726	-4.270463	-6.049822	2493.95	-17.43772	-4.626335	-8.185054	94.66192	-17.08185	-4.626335	-8.185054
105.06	487.1886	714.6406	-2161.299	-738.0782	1007.117	-1489.754	-807.4733	32.02844	590.0356	146.2633	-17.08185	93.95018	-5.338078	-17.08185	236988.4	146674.8	-31.6726	-4.270463	-6.049822	1693.95	-17.43772	-4.626335	-8.185054	-5.338078	-17.08185	-4.626335	-8.185054
105.36	-12.81139	-985.3594	-2061.299	461.9218	1007.117	-889.7544	-1007.473	-167.9716	-9.964355	46.26334	182.9182	93.95018	-5.338078	-17.08185	126771.4	353542.8	-31.6726	-4.270463	-6.049822	1293.95	-17.43772	-4.626335	-8.185054	-5.338078	-17.08185	-4.626335	-8.185054
105.65	87.18861	1314.641	-761.2988	261.9218	307.1174	311.2456	-307.4733	232.0284	290.0356	-53.73666	182.9182	293.9502	-5.338078	-17.08185	295981.4	410169.8	-31.6726	-4.270463	-6.049822	1093.95	-17.43772	-4.626335	-8.185054	-5.338078	-17.08185	-4.626335	-8.185054
105.94	87.18861	-585.3594	-60.29883	-138.0782	1007.117	-1389.754	92.52673	32.02844	490.0356	-53.73666	82.91815	-6.049822	94.66192	-17.08185	196842.4	452640.8	-31.6726	-4.270463	-6.049822	2093.95	82.56228	-4.626335	-8.185054	94.66192	-17.08185	-4.626335	-8.185054
106.23	87.18861	-985.3594	-160.2988	-238.0782	1107.117	-2389.754	-607.4733	-67.97156	-409.9644	246.2633	-17.08185	-6.049822	-5.338078	-17.08185	172362.4	509269.8	68.3274	-4.270463	-6.049822	2393.95	-17.43772	-4.626335	-8.185054	-5.338078	-17.08185	-4.626335	-8.185054
106.52	187.1886	-885.3594	-360.2988	-38.07825	7.117439	611.2456	-107.4733	232.0284	190.0356	146.2633	182.9182	93.95018	-5.338078	82.91815	47715.39	296916.8	-31.6726	-4.270463	-6.049822	1293.95	-17.43772	-4.626335	-8.185054	-5.338078	82.91815	-4.626335	-8.185054
106.81	287.1886	714.6406	-1561.299	-38.07825	7.117439	-889.7544	-407.4733	132.0284	790.0356	-53.73666	82.91815	193.9502	-5.338078	-17.08185	204705.4	495112.8	-31.6726	-4.270463	-6.049822	593.9502	82.56228	-4.626335	-8.185054	-5.338078	-17.08185	-4.626335	-8.185054
107.1	287.1886	-485.3594	39.70117	-138.0782	7.117439	-588.7544	-507.4733	132.0284	490.0356	46.26334	82.91815	93.95018	-5.338078	-17.08185	28069.39	84576.77	-31.6726	-4.270463	-6.049822	393.9502	-17.43772	-4.626335	-8.185054	-5.338078	-17.08185	-4.626335	-8.185054
107.39	-12.81139	-585.3594	-460.2988	-38.07825	107.1174	-1789.754	-507.4733	532.0284	-9.964355	-53.73666	82.91815	-6.049822	-5.338078	-17.08185	123172.4	262720.8	-31.6726	-4.270463	-6.049822	1793.95	-17.43772	-4.626335	-8.185054	-5.338078	-17.08185	-4.626335	-8.185054
107.67	187.1886	1114.641	-1261.299	-138.0782	7.117439	-989.7544	-107.4733	32.02844	-9.964355	46.26334	-17.08185	193.9502	-5.338078	-17.08185	73878.4	537583.8	-31.6726	-4.270463	-6.049822	1193.95	-17.43772	95.37366	-8.185054	-5.338078	-17.08185	95.37366	-8.185054
107.97	87.18861	414.6406	-260.2988	-238.0782	107.1174	1011.246	-107.4733	32.02844	490.0356	146.2633	382.9182	-6.049822	-5.338078	82.91815	46813.39	27954.77	-31.6726	-4.270463	193.9502	1993.95	-17.43772	-4.626335	-8.185054	-5.338078	82.91815	-4.626335	-8.185054
108.26	-12.81139	-185.3594	-2161.299	-438.0782	-92.88256	-588.7544	592.5267	-367.9716	-9.964355	-53.73666	82.91815	93.95018	94.66192	-17.08185	91035.4	84576.77	-31.6726	-4.270463	-6.049822	2093.95	-17.43772	-4.626335	-8.185054	94.66192	-17.08185	-4.626335	-8.185054
108.54	87.18861	114.6406	-2161.299	461.9218	7.117439	-1889.754	-107.4733	32.02844	-9.964355	-53.73666	82.91815	-6.049822	-5.338078	-17.08185	56433.39	113200.8	168.3274	-4.270463	-6.049822	393.9502	82.56228	-4.626335	-8.185054	-5.338078	-17.08185	-4.626335	-8.185054
108.83	187.1886	414.6406	-961.2988	-238.0782	-92.88256	-1989.754	-7.473267	-67.97156	-309.9644	146.2633	-17.08185	-6.049822	-5.338078	82.91815	83709.4	35469.77	-31.6726	-4.270463	-6.049822	1493.95	-17.43772	-4.626335	-8.185054	-5.338078	82.91815	-4.626335	-8.185054
109.11	-12.81139	214.6406	539.7012	561.9218	-92.88256	-1989.754	-707.4733	132.0284	90.03564	46.26334	82.91815	-6.049822	-5.338078	-17.08185	38399.39	30862.77	68.3274	95.72954	-6.049822	-6.049822	-17.43772	-4.626335	-8.185054	-5.338078	-17.08185	-4.626335	-8.185054
109.4	87.18861	114.6406	-1861.299	161.9218	7.117439	-1089.754	-307.4733	-267.9716	590.0356	-53.73666	82.91815	-6.049822	-5.338078	-17.08185	27985.39	183666.8	-31.6726	-4.270463	-6.049822	-6.049822	-17.43772	-4.626335	-8.185054	-5.338078	-17.08185	-4.626335	-8.185054
109.7	-12.81139	14.64062	239.7012	-138.0782	107.1174	-989.7544	-507.4733	-367.9716	190.0356	46.26334	-17.08185	-6.049822	-5.338078	-17.08185	60843.39	70420.77	-31.6726	-4.270463	-6.049822	-6.049822	182.5623	-4.626335	91.81495	-5.338078	-17.08185	-4.626335	91.81495
109.99	87.18861	14.64062	-861.2988	-438.0782	207.1174	-1589.754	92.52673	32.02844	-409.9644	46.26334	82.91815	93.95018	-5.338078	-17.08185	5270.395	282759.8	-31.6726	-4.270463	-6.049822	93.95018	-17.43772	-4.626335	-8.185054	-5.338078	-17.08185	-4.626335	-8.185054
110.28	87.18861	314.6406	539.7012	361.9218	207.1174	-1389.754	-407.4733	132.0284	-709.9644	-53.73666	-17.08185	-6.049822	-5.338078	82.91815	16775.39	98731.77	68.3274	-4.270463	-6.049822	93.95018	-17.43772	-4.626335	-8.185054	-5.338078	82.91815	-4.626335	-8.185054
110.57	-12.81139	14.64062	939.7012	-38.07825	307.1174	411.2456	92.52673	-67.97156	190.0356	-53.73666	-17.08185	-6.049822	-5.338078	-17.08185	44308.39	127043.8	-31.6726	-4.270463	-6.049822	793.9502	82.56228	-4.626335	91.81495	-5.338078	-17.08185	-4.626335	91.81495
110.86	-12.81139	-185.3594	-360.2988	-38.07825	107.1174	-989.7544	-407.4733	-267.9716	190.0356	-53.73666	-17.08185	-6.049822	-5.338078	-17.08185	29286.39	18450.77	-31.6726	-4.270463	-6.049822	893.9502	-17.43772	-4.626335	-8.185054	-5.338078	-17.08185	-4.626335	-8.185054
111.14	-12.81139	-285.3594	-360.2988	-38.07825	-92.88256	-1689.754	-307.4733	-167.9716	390.0356	46.26334	-17.08185	-6.049822	94.66192	-17.08185	55230.39	78467.77	-31.6726	-4.270463	-6.049822	293.9502	-17.43772	-4.626335	-8.185054	94.66192	-17.08185	-4.626335	-8.185054
111.43	87.18861	-285.3594	-961.2988	-38.07825	-92.88256	-1189.754	292.5267	32.02844	-709.9644	46.26334	82.91815	-6.049822	-5.338078	-17.08185	9271.395	70945.77	-31.6726	-4.270463	-6.049822	-6.049822	82.56228	-4.626335	-8.185054	-5.338078	-17.08185	-4.626335	-8.185054
111.71	-12.81139	714.6406	-660.2988	161.9218	7.117439	-689.7544	-907.4733	132.0284	590.0356	146.2633	-17.08185	-6.049822	-5.338078	-17.08185	469.395	22553.77	-31.6726	-4.270463	-6.049822	-6.049822	-17.43772	-4.626335	-8.185054	-5.338078	-17.08185	-4.626335	-8.185054
112	-12.81139	-285.3594	-1161.299	161.9218	7.117439	-2089.754	-107.4733	132.0284	-309.9644	-53.73666	82.91815	-6.049822	94.66192	-17.08185	97961.4	27458.77	-31.6726	-4.270463	-6.049822	-6.049822	-17.43772	-4.626335	-8.185054	94.66192	-17.08185	-4.626335	-8.185054
