ElapsedTime_s	Ti49_CPS	Al27_CPS	S33_CPS	Sc45_CPS	V51_CPS	Mn55_CPS	Fe57_CPS	Co59_CPS	Ni60_CPS	Ga71_CPS	Zr90_CPS	Nb93_CPS	Mo97_CPS	In113_CPS	Sn119_CPS	Sn118_CPS	Sb121_CPS	Hf177_CPS	Ta181_CPS	W183_CPS	Pb206_CPS	Th232_CPS	U238_CPS	Tc97_CPS	Cd113_CPS	U232_CPS	Pu238_CPS
0	-12.81139	114.6406	-460.2988	261.9218	-92.88256	-1389.754	-107.4733	32.02844	590.0356	-53.73666	-17.08185	-6.049822	-5.338078	-17.08185	16975.39	14648.77	-31.6726	-4.270463	-6.049822	-6.049822	-17.43772	-4.626335	-8.185054	-5.338078	-17.08185	-4.626335	-8.185054
																											
7.17	-12.81139	-485.3594	-1061.299	-38.07825	7.117439	11.24561	-107.4733	132.0284	290.0356	-53.73666	82.91815	-6.049822	-5.338078	-17.08185	6770.395	14147.77	-31.6726	-4.270463	-6.049822	-6.049822	-17.43772	-4.626335	-8.185054	-5.338078	-17.08185	-4.626335	-8.185054
7.46	-12.81139	814.6406	-1061.299	-238.0782	107.1174	-488.7544	92.52673	32.02844	-209.9644	-53.73666	-17.08185	-6.049822	94.66192	-17.08185	-30.60498	-356.2278	68.3274	-4.270463	-6.049822	-6.049822	-17.43772	-4.626335	-8.185054	94.66192	-17.08185	-4.626335	-8.185054
7.74	-12.81139	714.6406	-761.2988	-338.0782	207.1174	-388.7544	-707.4733	32.02844	-609.9644	46.26334	-17.08185	-6.049822	-5.338078	82.91815	6170.395	-156.2278	-31.6726	-4.270463	-6.049822	-6.049822	-17.43772	-4.626335	-8.185054	-5.338078	82.91815	-4.626335	-8.185054
8.03	-12.81139	14.64062	-660.2988	-238.0782	7.117439	-989.7544	-207.4733	32.02844	790.0356	146.2633	-17.08185	-6.049822	-5.338078	-17.08185	-130.605	8144.772	68.3274	-4.270463	-6.049822	-6.049822	-17.43772	-4.626335	-8.185054	-5.338078	-17.08185	-4.626335	-8.185054
8.31	-12.81139	-385.3594	-1061.299	-438.0782	-92.88256	-1289.754	-207.4733	132.0284	-709.9644	-53.73666	82.91815	-6.049822	-5.338078	-17.08185	269.395	-156.2278	68.3274	-4.270463	-6.049822	-6.049822	82.56228	-4.626335	91.81495	-5.338078	-17.08185	-4.626335	91.81495
8.6	87.18861	-685.3594	-460.2988	61.92175	-92.88256	-1189.754	-507.4733	32.02844	-1009.964	46.26334	-17.08185	-6.049822	-5.338078	-17.08185	69.39502	63224.77	-31.6726	95.72954	-6.049822	-6.049822	-17.43772	-4.626335	-8.185054	-5.338078	-17.08185	-4.626335	-8.185054
8.89	-12.81139	814.6406	-1661.299	-138.0782	-92.88256	-188.7544	192.5267	32.02844	-409.9644	46.26334	-17.08185	-6.049822	-5.338078	-17.08185	-30.60498	-56.22775	-31.6726	-4.270463	-6.049822	-6.049822	-17.43772	-4.626335	-8.185054	-5.338078	-17.08185	-4.626335	-8.185054
9.17	-12.81139	-585.3594	-60.29883	161.9218	7.117439	-1189.754	-707.4733	132.0284	290.0356	46.26334	-17.08185	93.95018	94.66192	-17.08185	-30.60498	-156.2278	-31.6726	-4.270463	-6.049822	-6.049822	-17.43772	-4.626335	-8.185054	94.66192	-17.08185	-4.626335	-8.185054
9.46	-12.81139	-185.3594	-560.2988	-38.07825	7.117439	-689.7544	-907.4733	232.0284	190.0356	46.26334	82.91815	-6.049822	-5.338078	-17.08185	169.395	43.77225	-31.6726	-4.270463	-6.049822	-6.049822	-17.43772	-4.626335	-8.185054	-5.338078	-17.08185	-4.626335	-8.185054
9.74	-12.81139	-585.3594	-260.2988	261.9218	7.117439	-1389.754	-407.4733	-267.9716	790.0356	46.26334	-17.08185	-6.049822	-5.338078	-17.08185	69.39502	443.7722	-31.6726	-4.270463	-6.049822	93.95018	-17.43772	-4.626335	-8.185054	-5.338078	-17.08185	-4.626335	-8.185054
10.02	-12.81139	1814.641	-1461.299	-438.0782	107.1174	-1389.754	292.5267	32.02844	790.0356	146.2633	-17.08185	-6.049822	-5.338078	-17.08185	69.39502	143.7722	-31.6726	-4.270463	-6.049822	-6.049822	-17.43772	-4.626335	-8.185054	-5.338078	-17.08185	-4.626335	-8.185054
10.31	-12.81139	814.6406	-160.2988	-38.07825	107.1174	-889.7544	-307.4733	532.0284	-609.9644	-53.73666	-17.08185	-6.049822	-5.338078	-17.08185	-30.60498	-356.2278	-31.6726	-4.270463	-6.049822	-6.049822	-17.43772	-4.626335	-8.185054	-5.338078	-17.08185	-4.626335	-8.185054
10.59	-12.81139	1314.641	-761.2988	-138.0782	-92.88256	-588.7544	-407.4733	532.0284	-309.9644	-53.73666	-17.08185	-6.049822	-5.338078	-17.08185	269.395	-56.22775	-31.6726	-4.270463	-6.049822	-6.049822	-17.43772	-4.626335	-8.185054	-5.338078	-17.08185	-4.626335	-8.185054
10.88	-12.81139	814.6406	-961.2988	461.9218	7.117439	-689.7544	92.52673	-67.97156	90.03564	46.26334	-17.08185	-6.049822	-5.338078	-17.08185	-130.605	-56.22775	-31.6726	-4.270463	-6.049822	-6.049822	-17.43772	-4.626335	-8.185054	-5.338078	-17.08185	-4.626335	-8.185054
11.16	-12.81139	-485.3594	-1261.299	-138.0782	7.117439	-488.7544	-507.4733	-67.97156	90.03564	-53.73666	82.91815	93.95018	-5.338078	-17.08185	69.39502	14047.77	-31.6726	-4.270463	-6.049822	-6.049822	-17.43772	-4.626335	-8.185054	-5.338078	-17.08185	-4.626335	-8.185054
11.45	-12.81139	-985.3594	839.7012	61.92175	107.1174	-2489.754	-207.4733	32.02844	-9.964355	-53.73666	-17.08185	-6.049822	-5.338078	-17.08185	-130.605	25156.77	68.3274	-4.270463	-6.049822	-6.049822	-17.43772	-4.626335	-8.185054	-5.338078	-17.08185	-4.626335	-8.185054
11.73	-12.81139	1614.641	-360.2988	61.92175	7.117439	-2189.754	292.5267	32.02844	290.0356	46.26334	-17.08185	-6.049822	-5.338078	-17.08185	2769.395	-156.2278	-31.6726	-4.270463	-6.049822	-6.049822	-17.43772	-4.626335	-8.185054	-5.338078	-17.08185	-4.626335	-8.185054
12.02	87.18861	-385.3594	-1161.299	-238.0782	7.117439	-1789.754	92.52673	-367.9716	690.0356	-53.73666	-17.08185	-6.049822	-5.338078	82.91815	369.395	24656.77	-31.6726	-4.270463	-6.049822	-6.049822	-17.43772	-4.626335	-8.185054	-5.338078	82.91815	-4.626335	-8.185054
12.3	-12.81139	14.64062	-1861.299	-38.07825	7.117439	-889.7544	92.52673	-667.9716	290.0356	-53.73666	82.91815	-6.049822	-5.338078	-17.08185	69.39502	-56.22775	-31.6726	-4.270463	-6.049822	-6.049822	-17.43772	-4.626335	-8.185054	-5.338078	-17.08185	-4.626335	-8.185054
12.59	-12.81139	1514.641	-260.2988	161.9218	-92.88256	-288.7544	492.5267	-67.97156	-309.9644	-53.73666	-17.08185	-6.049822	-5.338078	-17.08185	69.39502	43.77225	-31.6726	-4.270463	-6.049822	-6.049822	-17.43772	-4.626335	-8.185054	-5.338078	-17.08185	-4.626335	-8.185054
12.87	-12.81139	-285.3594	-360.2988	461.9218	7.117439	-1189.754	392.5267	332.0284	190.0356	-53.73666	-17.08185	-6.049822	-5.338078	-17.08185	-30.60498	-56.22775	68.3274	-4.270463	-6.049822	-6.049822	-17.43772	-4.626335	-8.185054	-5.338078	-17.08185	-4.626335	-8.185054
13.16	-12.81139	714.6406	-861.2988	-38.07825	7.117439	-2289.754	-107.4733	32.02844	-409.9644	46.26334	-17.08185	-6.049822	-5.338078	-17.08185	269.395	-56.22775	-31.6726	-4.270463	-6.049822	-6.049822	-17.43772	95.37366	-8.185054	-5.338078	-17.08185	95.37366	-8.185054
13.44	187.1886	1414.641	-660.2988	61.92175	7.117439	-2289.754	92.52673	-367.9716	390.0356	46.26334	-17.08185	-6.049822	-5.338078	-17.08185	69.39502	5144.772	-31.6726	-4.270463	-6.049822	-6.049822	82.56228	-4.626335	-8.185054	-5.338078	-17.08185	-4.626335	-8.185054
13.73	-12.81139	1414.641	-961.2988	-38.07825	7.117439	-1589.754	-407.4733	-167.9716	-309.9644	-53.73666	-17.08185	-6.049822	-5.338078	-17.08185	-30.60498	21252.77	-31.6726	-4.270463	-6.049822	-6.049822	-17.43772	-4.626335	-8.185054	-5.338078	-17.08185	-4.626335	-8.185054
14.01	-12.81139	414.6406	-861.2988	61.92175	7.117439	-288.7544	-107.4733	-267.9716	-209.9644	-53.73666	-17.08185	-6.049822	-5.338078	-17.08185	-130.605	-356.2278	-31.6726	-4.270463	-6.049822	-6.049822	-17.43772	-4.626335	91.81495	-5.338078	-17.08185	-4.626335	91.81495
14.3	-12.81139	-185.3594	-560.2988	61.92175	107.1174	-1489.754	192.5267	-267.9716	-9.964355	-53.73666	-17.08185	-6.049822	-5.338078	-17.08185	32590.39	43.77225	-31.6726	-4.270463	93.95018	-6.049822	-17.43772	-4.626335	-8.185054	-5.338078	-17.08185	-4.626335	-8.185054
14.58	-12.81139	-185.3594	-861.2988	-38.07825	7.117439	-689.7544	-7.473267	132.0284	590.0356	146.2633	-17.08185	-6.049822	-5.338078	-17.08185	-130.605	-356.2278	-31.6726	-4.270463	-6.049822	-6.049822	-17.43772	-4.626335	-8.185054	-5.338078	-17.08185	-4.626335	-8.185054
14.87	-12.81139	714.6406	-60.29883	161.9218	7.117439	-2589.754	-7.473267	-467.9716	-309.9644	-53.73666	-17.08185	-6.049822	-5.338078	-17.08185	-130.605	43.77225	-31.6726	-4.270463	-6.049822	-6.049822	-17.43772	-4.626335	-8.185054	-5.338078	-17.08185	-4.626335	-8.185054
15.15	-12.81139	1214.641	-761.2988	-138.0782	-92.88256	-2289.754	1092.527	-267.9716	-1109.964	-53.73666	82.91815	-6.049822	-5.338078	-17.08185	-130.605	-356.2278	-31.6726	-4.270463	-6.049822	-6.049822	-17.43772	-4.626335	-8.185054	-5.338078	-17.08185	-4.626335	-8.185054
15.44	-12.81139	-1486.359	-1361.299	561.9218	-92.88256	-1289.754	-907.4733	-367.9716	-309.9644	46.26334	-17.08185	-6.049822	-5.338078	-17.08185	-30.60498	-156.2278	-31.6726	-4.270463	-6.049822	-6.049822	-17.43772	-4.626335	91.81495	-5.338078	-17.08185	-4.626335	91.81495
15.72	-12.81139	514.6406	-660.2988	-138.0782	-92.88256	-1289.754	-107.4733	-67.97156	190.0356	-53.73666	-17.08185	-6.049822	94.66192	-17.08185	-30.60498	-156.2278	-31.6726	-4.270463	-6.049822	-6.049822	-17.43772	-4.626335	-8.185054	94.66192	-17.08185	-4.626335	-8.185054
16.01	-12.81139	-1185.359	139.7012	761.9218	7.117439	-1889.754	-7.473267	-167.9716	590.0356	46.26334	-17.08185	-6.049822	-5.338078	-17.08185	169.395	243.7722	-31.6726	-4.270463	-6.049822	-6.049822	82.56228	-4.626335	-8.185054	-5.338078	-17.08185	-4.626335	-8.185054
16.29	-12.81139	314.6406	-660.2988	161.9218	107.1174	311.2456	-407.4733	-167.9716	290.0356	46.26334	-17.08185	-6.049822	-5.338078	-17.08185	28585.39	19151.77	-31.6726	-4.270463	-6.049822	-6.049822	-17.43772	-4.626335	-8.185054	-5.338078	-17.08185	-4.626335	-8.185054
16.58	-12.81139	14.64062	639.7012	-438.0782	-92.88256	-1789.754	-307.4733	-67.97156	690.0356	46.26334	-17.08185	-6.049822	94.66192	-17.08185	169.395	-256.2278	-31.6726	-4.270463	-6.049822	-6.049822	82.56228	-4.626335	-8.185054	94.66192	-17.08185	-4.626335	-8.185054
16.86	-12.81139	-185.3594	-1161.299	161.9218	7.117439	-789.7544	92.52673	-67.97156	-309.9644	46.26334	-17.08185	-6.049822	-5.338078	-17.08185	69.39502	43.77225	-31.6726	-4.270463	-6.049822	-6.049822	82.56228	-4.626335	-8.185054	-5.338078	-17.08185	-4.626335	-8.185054
17.15	-12.81139	-185.3594	-360.2988	261.9218	7.117439	-889.7544	192.5267	-67.97156	-109.9644	-53.73666	-17.08185	-6.049822	-5.338078	-17.08185	7570.395	-56.22775	68.3274	-4.270463	-6.049822	-6.049822	-17.43772	95.37366	-8.185054	-5.338078	-17.08185	95.37366	-8.185054
17.43	-12.81139	-185.3594	-1061.299	-38.07825	-92.88256	-1989.754	-607.4733	332.0284	-809.9644	-53.73666	-17.08185	-6.049822	-5.338078	-17.08185	69.39502	243.7722	-31.6726	-4.270463	-6.049822	-6.049822	-17.43772	-4.626335	-8.185054	-5.338078	-17.08185	-4.626335	-8.185054
17.72	-12.81139	-85.35938	-160.2988	-238.0782	107.1174	-288.7544	292.5267	132.0284	-9.964355	46.26334	-17.08185	-6.049822	-5.338078	-17.08185	-30.60498	143.7722	-31.6726	-4.270463	-6.049822	-6.049822	-17.43772	-4.626335	-8.185054	-5.338078	-17.08185	-4.626335	-8.185054
18	-12.81139	1214.641	-1061.299	261.9218	207.1174	-2189.754	192.5267	32.02844	-309.9644	146.2633	-17.08185	-6.049822	-5.338078	-17.08185	-130.605	43.77225	-31.6726	-4.270463	-6.049822	-6.049822	-17.43772	-4.626335	-8.185054	-5.338078	-17.08185	-4.626335	-8.185054
18.29	-12.81139	-585.3594	1239.701	261.9218	7.117439	-1389.754	-507.4733	32.02844	-509.9644	-53.73666	-17.08185	-6.049822	-5.338078	-17.08185	-30.60498	-356.2278	-31.6726	-4.270463	-6.049822	-6.049822	-17.43772	-4.626335	-8.185054	-5.338078	-17.08185	-4.626335	-8.185054
18.57	-12.81139	1214.641	-1261.299	261.9218	-92.88256	-1889.754	592.5267	-267.9716	-309.9644	-53.73666	182.9182	93.95018	-5.338078	-17.08185	-130.605	-156.2278	-31.6726	-4.270463	93.95018	-6.049822	82.56228	-4.626335	-8.185054	-5.338078	-17.08185	-4.626335	-8.185054
18.86	-12.81139	-85.35938	-1261.299	-138.0782	-92.88256	-1889.754	392.5267	-467.9716	690.0356	146.2633	-17.08185	-6.049822	-5.338078	-17.08185	69.39502	143.7722	-31.6726	-4.270463	-6.049822	-6.049822	-17.43772	-4.626335	-8.185054	-5.338078	-17.08185	-4.626335	-8.185054
19.14	-12.81139	514.6406	-260.2988	361.9218	-92.88256	-1089.754	-407.4733	-467.9716	-9.964355	-53.73666	82.91815	-6.049822	-5.338078	-17.08185	37698.39	-56.22775	-31.6726	-4.270463	-6.049822	-6.049822	-17.43772	-4.626335	-8.185054	-5.338078	-17.08185	-4.626335	-8.185054
19.43	-12.81139	2515.641	-761.2988	561.9218	7.117439	-1889.754	-107.4733	32.02844	290.0356	46.26334	-17.08185	-6.049822	-5.338078	-17.08185	-130.605	43.77225	-31.6726	-4.270463	-6.049822	-6.049822	-17.43772	-4.626335	-8.185054	-5.338078	-17.08185	-4.626335	-8.185054
19.71	-12.81139	-185.3594	-861.2988	161.9218	7.117439	-88.75439	-607.4733	132.0284	-9.964355	-53.73666	-17.08185	-6.049822	-5.338078	82.91815	-130.605	43.77225	-31.6726	-4.270463	-6.049822	-6.049822	-17.43772	-4.626335	-8.185054	-5.338078	82.91815	-4.626335	-8.185054
20	-12.81139	214.6406	-2361.299	-438.0782	-92.88256	-689.7544	-707.4733	132.0284	290.0356	-53.73666	82.91815	-6.049822	-5.338078	-17.08185	169.395	-256.2278	-31.6726	-4.270463	-6.049822	-6.049822	-17.43772	-4.626335	-8.185054	-5.338078	-17.08185	-4.626335	-8.185054
20.28	-12.81139	514.6406	-360.2988	61.92175	-92.88256	-1389.754	-507.4733	332.0284	90.03564	46.26334	-17.08185	-6.049822	-5.338078	-17.08185	-130.605	-256.2278	-31.6726	-4.270463	-6.049822	-6.049822	-17.43772	-4.626335	-8.185054	-5.338078	-17.08185	-4.626335	-8.185054
20.57	87.18861	14.64062	739.7012	461.9218	-92.88256	-889.7544	-107.4733	-267.9716	-109.9644	-53.73666	-17.08185	-6.049822	-5.338078	-17.08185	-130.605	-156.2278	-31.6726	-4.270463	-6.049822	-6.049822	-17.43772	-4.626335	-8.185054	-5.338078	-17.08185	-4.626335	-8.185054
20.85	-12.81139	1714.641	139.7012	-238.0782	-92.88256	-1089.754	-507.4733	232.0284	890.0356	-53.73666	-17.08185	-6.049822	-5.338078	-17.08185	-130.605	-56.22775	68.3274	-4.270463	-6.049822	-6.049822	-17.43772	-4.626335	-8.185054	-5.338078	-17.08185	-4.626335	-8.185054
21.14	-12.81139	-385.3594	-460.2988	461.9218	7.117439	-288.7544	-7.473267	-467.9716	-809.9644	-53.73666	-17.08185	-6.049822	-5.338078	-17.08185	-30.60498	-356.2278	-31.6726	-4.270463	-6.049822	-6.049822	-17.43772	-4.626335	-8.185054	-5.338078	-17.08185	-4.626335	-8.185054
21.42	-12.81139	614.6406	539.7012	-138.0782	-92.88256	-1889.754	192.5267	-267.9716	190.0356	-53.73666	-17.08185	-6.049822	-5.338078	-17.08185	-130.605	-56.22775	-31.6726	-4.270463	93.95018	-6.049822	-17.43772	-4.626335	-8.185054	-5.338078	-17.08185	-4.626335	-8.185054
21.71	-12.81139	514.6406	-1761.299	-438.0782	307.1174	-789.7544	92.52673	-367.9716	790.0356	-53.73666	-17.08185	-6.049822	-5.338078	-17.08185	-130.605	50294.77	-31.6726	-4.270463	-6.049822	-6.049822	-17.43772	-4.626335	-8.185054	-5.338078	-17.08185	-4.626335	-8.185054
21.99	-12.81139	-585.3594	-560.2988	161.9218	107.1174	-1189.754	-907.4733	332.0284	-309.9644	46.26334	-17.08185	-6.049822	194.6619	-17.08185	-130.605	-356.2278	-31.6726	-4.270463	-6.049822	-6.049822	-17.43772	-4.626335	-8.185054	194.6619	-17.08185	-4.626335	-8.185054
22.28	-12.81139	-1085.359	-460.2988	-238.0782	-92.88256	-488.7544	-207.4733	-467.9716	90.03564	146.2633	-17.08185	-6.049822	-5.338078	82.91815	-30.60498	-256.2278	68.3274	-4.270463	-6.049822	-6.049822	-17.43772	-4.626335	-8.185054	-5.338078	82.91815	-4.626335	-8.185054
22.56	-12.81139	1214.641	-460.2988	361.9218	107.1174	-2189.754	-107.4733	32.02844	-9.964355	246.2633	-17.08185	-6.049822	-5.338078	-17.08185	-30.60498	-56.22775	-31.6726	-4.270463	-6.049822	-6.049822	-17.43772	-4.626335	-8.185054	-5.338078	-17.08185	-4.626335	-8.185054
22.85	-12.81139	114.6406	-1561.299	461.9218	7.117439	-1789.754	-307.4733	-167.9716	-409.9644	146.2633	-17.08185	-6.049822	-5.338078	82.91815	-130.605	-56.22775	-31.6726	-4.270463	-6.049822	-6.049822	-17.43772	-4.626335	-8.185054	-5.338078	82.91815	-4.626335	-8.185054
23.13	-12.81139	214.6406	-160.2988	461.9218	7.117439	-588.7544	692.5267	-67.97156	-9.964355	-53.73666	82.91815	-6.049822	-5.338078	-17.08185	-130.605	-156.2278	-31.6726	-4.270463	-6.049822	-6.049822	82.56228	-4.626335	-8.185054	-5.338078	-17.08185	-4.626335	-8.185054
23.42	-12.81139	-985.3594	39.70117	-238.0782	107.1174	-1889.754	-907.4733	32.02844	-209.9644	146.2633	-17.08185	-6.049822	-5.338078	-17.08185	169.395	-156.2278	-31.6726	-4.270463	-6.049822	-6.049822	-17.43772	-4.626335	-8.185054	-5.338078	-17.08185	-4.626335	-8.185054
23.7	-12.81139	2315.641	-1461.299	-38.07825	7.117439	-1789.754	-707.4733	-167.9716	190.0356	46.26334	-17.08185	-6.049822	-5.338078	-17.08185	-130.605	-156.2278	-31.6726	-4.270463	-6.049822	-6.049822	-17.43772	-4.626335	-8.185054	-5.338078	-17.08185	-4.626335	-8.185054
23.99	-12.81139	214.6406	139.7012	-338.0782	7.117439	-388.7544	-507.4733	32.02844	90.03564	146.2633	-17.08185	-6.049822	-5.338078	-17.08185	69.39502	143.7722	-31.6726	-4.270463	-6.049822	-6.049822	-17.43772	-4.626335	-8.185054	-5.338078	-17.08185	-4.626335	-8.185054
24.27	-12.81139	14.64062	-360.2988	-38.07825	-92.88256	-989.7544	392.5267	632.0284	290.0356	-53.73666	-17.08185	-6.049822	-5.338078	82.91815	269.395	-256.2278	-31.6726	-4.270463	-6.049822	193.9502	-17.43772	-4.626335	-8.185054	-5.338078	82.91815	-4.626335	-8.185054
24.56	-12.81139	414.6406	-961.2988	-138.0782	-92.88256	-2389.754	-507.4733	32.02844	790.0356	-53.73666	-17.08185	-6.049822	-5.338078	-17.08185	69.39502	43.77225	-31.6726	-4.270463	-6.049822	93.95018	-17.43772	-4.626335	-8.185054	-5.338078	-17.08185	-4.626335	-8.185054
24.84	-12.81139	-585.3594	-160.2988	161.9218	-92.88256	-1389.754	92.52673	-367.9716	90.03564	-53.73666	-17.08185	-6.049822	-5.338078	-17.08185	-30.60498	-156.2278	-31.6726	-4.270463	-6.049822	-6.049822	-17.43772	-4.626335	-8.185054	-5.338078	-17.08185	-4.626335	-8.185054
25.13	-12.81139	-185.3594	-1861.299	-38.07825	107.1174	-889.7544	-407.4733	132.0284	190.0356	46.26334	-17.08185	-6.049822	-5.338078	-17.08185	-130.605	243.7722	-31.6726	95.72954	-6.049822	-6.049822	-17.43772	-4.626335	-8.185054	-5.338078	-17.08185	-4.626335	-8.185054
25.41	-12.81139	-285.3594	-1061.299	-538.0782	207.1174	-88.75439	292.5267	-467.9716	90.03564	-53.73666	-17.08185	-6.049822	-5.338078	-17.08185	269.395	-156.2278	-31.6726	-4.270463	-6.049822	-6.049822	-17.43772	-4.626335	-8.185054	-5.338078	-17.08185	-4.626335	-8.185054
25.7	-12.81139	-1285.359	-360.2988	261.9218	-92.88256	-1989.754	-507.4733	32.02844	-309.9644	46.26334	-17.08185	-6.049822	-5.338078	-17.08185	-30.60498	-156.2278	-31.6726	95.72954	-6.049822	-6.049822	-17.43772	-4.626335	-8.185054	-5.338078	-17.08185	-4.626335	-8.185054
25.98	-12.81139	114.6406	-660.2988	361.9218	7.117439	-689.7544	-607.4733	32.02844	-109.9644	-53.73666	-17.08185	93.95018	-5.338078	-17.08185	-130.605	243.7722	-31.6726	-4.270463	-6.049822	-6.049822	-17.43772	-4.626335	-8.185054	-5.338078	-17.08185	-4.626335	-8.185054
26.27	-12.81139	614.6406	-761.2988	-38.07825	7.117439	-689.7544	92.52673	-267.9716	-509.9644	-53.73666	82.91815	-6.049822	-5.338078	-17.08185	-130.605	-56.22775	68.3274	-4.270463	-6.049822	-6.049822	-17.43772	-4.626335	-8.185054	-5.338078	-17.08185	-4.626335	-8.185054
26.55	-12.81139	-785.3594	-1761.299	261.9218	107.1174	-1889.754	792.5267	-167.9716	-209.9644	146.2633	-17.08185	-6.049822	-5.338078	-17.08185	369.395	-56.22775	-31.6726	-4.270463	-6.049822	-6.049822	-17.43772	-4.626335	-8.185054	-5.338078	-17.08185	-4.626335	-8.185054
26.84	-12.81139	1114.641	-460.2988	-138.0782	-92.88256	-488.7544	-307.4733	532.0284	-209.9644	46.26334	-17.08185	-6.049822	-5.338078	-17.08185	169.395	-256.2278	-31.6726	95.72954	-6.049822	-6.049822	-17.43772	-4.626335	-8.185054	-5.338078	-17.08185	-4.626335	-8.185054
27.13	-12.81139	814.6406	1139.701	-438.0782	107.1174	-2489.754	-7.473267	-167.9716	-9.964355	46.26334	-17.08185	-6.049822	-5.338078	-17.08185	-30.60498	243.7722	-31.6726	-4.270463	-6.049822	-6.049822	82.56228	-4.626335	-8.185054	-5.338078	-17.08185	-4.626335	-8.185054
27.41	87.18861	414.6406	-1261.299	-38.07825	7.117439	-1089.754	-607.4733	232.0284	-109.9644	46.26334	-17.08185	-6.049822	-5.338078	-17.08185	169.395	43.77225	68.3274	-4.270463	-6.049822	-6.049822	-17.43772	-4.626335	-8.185054	-5.338078	-17.08185	-4.626335	-8.185054
27.7	-12.81139	614.6406	-260.2988	461.9218	207.1174	-989.7544	292.5267	32.02844	-609.9644	46.26334	-17.08185	-6.049822	94.66192	-17.08185	269.395	1243.772	-31.6726	-4.270463	-6.049822	-6.049822	1282.562	-4.626335	291.8149	94.66192	-17.08185	-4.626335	291.8149
27.98	187.1886	19226.64	539.7012	5962.922	107.1174	-88.75439	6794.527	832.0284	190.0356	2846.263	4882.918	-6.049822	-5.338078	382.9182	2.33419e+07	5.368416e+07	1068.327	295.7295	193.9502	10395.95	11185.56	-4.626335	1491.815	-5.338078	382.9182	-4.626335	1491.815
28.27	187.1886	129481.6	439.7012	56327.92	307.1174	3012.246	34118.53	1032.028	1890.036	13049.26	25195.92	493.9502	194.6619	2182.918	6.511742e+07	1.561964e+08	1668.327	795.7296	-6.049822	24505.95	11385.56	-4.626335	3191.815	194.6619	2182.918	-4.626335	3191.815
28.55	387.1886	185446.6	1039.701	103379.9	1107.117	3012.246	48743.53	1332.028	890.0356	20254.26	37009.92	493.9502	-5.338078	2782.918	7.422e+07	2.162851e+08	3168.327	1595.729	193.9502	27408.95	8083.562	95.37366	3191.815	-5.338078	2782.918	95.37366	3191.815
28.84	487.1886	221547.6	2639.701	111614.9	507.1174	1511.246	63678.53	1132.028	2390.036	25159.26	47527.92	1393.95	-5.338078	2882.918	9.103378e+07	2.503386e+08	4368.328	1795.729	193.9502	55555.95	8884.562	-4.626335	3191.815	-5.338078	2882.918	-4.626335	3191.815
29.13	2587.189	425614.6	1339.701	142572.9	2307.117	8214.246	89158.52	1932.028	2490.036	26060.26	49230.92	2293.95	94.66192	3582.918	9.827435e+07	3.024248e+08	3768.327	2295.729	293.9502	98286.95	7083.562	95.37366	5592.815	94.66192	3582.918	95.37366	5592.815
29.41	4087.189	739785.6	1239.701	155852.9	5508.118	12316.25	121194.5	3032.028	2490.036	27361.26	54441.92	2993.95	-5.338078	3682.918	1.084795e+08	2.863977e+08	4168.328	1295.729	193.9502	138778	7783.562	-4.626335	4791.815	-5.338078	3682.918	-4.626335	4791.815
29.7	5588.188	917474.6	2139.701	166118.9	7408.118	14018.25	134362.5	1332.028	4591.036	24358.26	60054.92	4893.95	94.66192	3482.918	1.149835e+08	3.384877e+08	3868.327	2595.729	93.95018	190114	7183.562	95.37366	6692.815	94.66192	3482.918	95.37366	6692.815
29.98	6988.188	776894.6	1939.701	173871.9	11510.12	13117.25	114864.5	3032.028	2890.036	20655.26	66270.92	4093.95	-5.338078	2382.918	1.169939e+08	3.12442e+08	3668.327	1995.729	393.9502	187797	10084.56	95.37366	3191.815	-5.338078	2382.918	95.37366	3191.815
30.27	7288.188	701289.6	3740.701	172159.9	13611.12	14118.25	93574.52	2032.028	4391.036	17452.26	63563.92	4293.95	94.66192	2782.918	1.239514e+08	4.00602e+08	4468.328	1495.729	493.9502	192533	9284.562	95.37366	3091.815	94.66192	2782.918	95.37366	3091.815
30.56	7588.188	591375.6	2940.701	163903.9	12610.12	9415.246	93775.52	2532.028	3390.036	13450.26	65468.92	3193.95	-5.338078	2782.918	1.291528e+08	3.925868e+08	3068.327	1995.729	293.9502	181047	9484.562	-4.626335	3991.815	-5.338078	2782.918	-4.626335	3991.815
30.84	7288.188	515810.6	4040.701	158166.9	12310.12	11216.25	83437.52	2732.028	3791.036	10248.26	67774.92	4093.95	-5.338078	2482.918	1.322832e+08	3.745531e+08	3268.327	2195.729	393.9502	163426	10984.56	295.3737	3191.815	-5.338078	2482.918	295.3737	3191.815
31.13	8689.188	449533.6	5040.701	138147.9	16613.12	9915.246	93273.52	1332.028	3691.036	11449.26	64565.92	5394.95	-5.338078	1482.918	1.282464e+08	3.384877e+08	3668.327	2895.729	293.9502	157388	9984.562	95.37366	1891.815	-5.338078	1482.918	95.37366	1891.815
31.41	8188.188	463895.6	3340.701	106994.9	14311.12	12316.25	82033.52	2832.028	2290.036	8147.263	59653.92	5094.95	-5.338078	2082.918	1.287873e+08	3.144455e+08	3368.327	3195.729	393.9502	131238	10984.56	95.37366	2891.815	-5.338078	2082.918	95.37366	2891.815
31.7	7388.188	322259.6	3240.701	101069.9	22717.12	13617.25	82534.52	4533.028	2790.036	7047.263	55844.92	3993.95	-5.338078	1082.918	1.324588e+08	4.046097e+08	2968.327	1895.729	93.95018	113451	9184.562	195.3737	2091.815	-5.338078	1082.918	195.3737	2091.815
31.99	9889.188	275190.6	3240.701	75277.92	25320.12	9815.246	79023.52	3432.028	2390.036	7147.263	54441.92	2593.95	-5.338078	1382.918	1.336298e+08	3.885793e+08	1568.327	1895.729	93.95018	93869.95	9984.562	-4.626335	1191.815	-5.338078	1382.918	-4.626335	1191.815
32.27	6088.188	201776.6	4040.701	73271.92	18814.12	9615.246	62274.53	3332.028	3591.036	9148.264	51836.92	1093.95	-5.338078	1982.918	1.419107e+08	3.565201e+08	2068.327	2195.729	-6.049822	71896.95	9084.562	-4.626335	2591.815	-5.338078	1982.918	-4.626335	2591.815
32.56	4987.188	165703.6	3340.701	75478.92	15812.12	6413.246	60369.53	2432.028	3691.036	11349.26	45223.92	1793.95	-5.338078	1282.918	1.323563e+08	3.104385e+08	2968.327	1195.729	93.95018	52749.95	9184.562	-4.626335	2491.815	-5.338078	1282.918	-4.626335	2491.815
32.84	4187.188	127169.6	3840.701	98559.92	13311.12	3412.246	70697.52	2932.028	3891.036	19053.26	47527.92	1493.95	-5.338078	1882.918	1.297524e+08	3.725494e+08	2968.327	1695.729	393.9502	49843.95	10584.56	95.37366	3091.815	-5.338078	1882.918	95.37366	3091.815
33.13	2087.189	132297.6	3940.701	113422.9	9709.117	3812.246	53453.53	2132.028	4391.036	22056.26	50834.92	893.9502	94.66192	2682.918	1.354748e+08	3.945906e+08	3968.327	1595.729	93.95018	43130.95	11385.56	-4.626335	4991.815	94.66192	2682.918	-4.626335	4991.815
33.42	2087.189	94215.64	3040.701	125882.9	8008.118	1411.246	50848.53	2132.028	3691.036	26260.26	52637.92	793.9502	-5.338078	4182.918	1.310102e+08	3.32477e+08	3668.327	2095.729	93.95018	39725.95	9984.562	-4.626335	4491.815	-5.338078	4182.918	-4.626335	4491.815
33.7	2687.189	81668.64	3940.701	140058.9	5708.118	3012.246	52150.53	2632.028	3290.036	27461.26	53640.92	1093.95	-5.338078	3882.918	1.279833e+08	3.68542e+08	3368.327	1295.729	93.95018	36119.95	9484.562	-4.626335	5392.815	-5.338078	3882.918	-4.626335	5392.815
33.99	1587.189	74343.64	3640.701	151928.9	4807.118	1511.246	52150.53	1632.028	3591.036	26160.26	55644.92	1093.95	-5.338078	3482.918	1.381123e+08	3.244629e+08	4468.328	2095.729	93.95018	39424.95	12585.56	-4.626335	5892.815	-5.338078	3482.918	-4.626335	5892.815
34.27	1587.189	97629.64	4840.701	182633.9	3807.117	1611.246	67588.52	3432.028	3290.036	37875.26	73089.92	693.9502	-5.338078	4182.918	1.431141e+08	3.985982e+08	5269.328	2295.729	93.95018	41527.95	10984.56	-4.626335	5292.815	-5.338078	4182.918	-4.626335	5292.815
34.56	1287.189	84478.64	3140.701	199764.9	3207.117	711.2456	52651.53	3032.028	2590.036	41881.26	70481.92	193.9502	-5.338078	4082.918	1.386986e+08	3.344805e+08	5369.328	1695.729	93.95018	38322.95	12485.56	-4.626335	5492.815	-5.338078	4082.918	-4.626335	5492.815
34.85	587.1886	50478.64	4540.701	221346.9	2307.117	1811.246	55257.53	2232.028	2090.036	33468.26	69478.92	493.9502	-5.338078	4382.918	1.294745e+08	3.725494e+08	4768.328	2795.729	-6.049822	39925.95	8984.562	-4.626335	5892.815	-5.338078	4382.918	-4.626335	5892.815
35.13	1387.189	42561.64	2539.701	212570.9	2407.117	-1189.754	52050.53	2732.028	4191.036	40779.26	71685.92	293.9502	-5.338078	2182.918	1.327368e+08	3.765569e+08	3568.327	3895.729	293.9502	35719.95	8283.562	-4.626335	6192.815	-5.338078	2182.918	-4.626335	6192.815
35.42	2487.189	34546.64	3540.701	212671.9	2107.117	511.2456	48042.53	2432.028	2390.036	32968.26	81214.92	93.95018	-5.338078	3782.918	1.317125e+08	2.944112e+08	3668.327	2495.729	193.9502	29310.95	10284.56	-4.626335	5392.815	-5.338078	3782.918	-4.626335	5392.815
35.7	3287.189	34546.64	2439.701	195531.9	5108.118	811.2456	44134.53	2832.028	3891.036	34270.26	81414.92	193.9502	-5.338078	3682.918	1.35094e+08	3.805643e+08	3068.327	2595.729	93.95018	25906.95	9484.562	-4.626335	4191.815	-5.338078	3682.918	-4.626335	4191.815
35.99	5388.188	29439.64	3140.701	165917.9	10909.12	-789.7544	40027.53	3132.028	3991.036	31766.26	71785.92	193.9502	-5.338078	2582.918	1.312318e+08	3.344805e+08	2068.327	3095.729	-6.049822	19501.95	13286.56	-4.626335	3491.815	-5.338078	2582.918	-4.626335	3491.815
36.28	6788.188	25333.64	2339.701	122566.9	23618.12	-588.7544	29512.53	2732.028	3691.036	23057.26	70682.92	93.95018	-5.338078	1982.918	1.37995e+08	3.665384e+08	1568.327	2495.729	93.95018	16098.95	11285.56	-4.626335	1491.815	-5.338078	1982.918	-4.626335	1491.815
36.56	13791.19	27937.64	2539.701	104584.9	30526.12	-1289.754	27109.53	2632.028	4191.036	22556.26	62761.92	-6.049822	-5.338078	1482.918	1.437012e+08	4.246484e+08	1168.327	1595.729	93.95018	11896.95	10584.56	-4.626335	1891.815	-5.338078	1482.918	-4.626335	1891.815
36.85	15792.19	22029.64	2239.701	82199.92	39338.12	-789.7544	22504.53	3432.028	3290.036	16752.26	58150.92	-6.049822	-5.338078	1482.918	1.378191e+08	3.585237e+08	1068.327	2295.729	93.95018	11596.95	10884.56	-4.626335	1391.815	-5.338078	1482.918	-4.626335	1391.815
37.14	19795.19	16423.64	3440.701	70062.92	48053.12	-288.7544	20002.53	2232.028	3991.036	15151.26	54742.92	93.95018	-5.338078	1482.918	1.32649e+08	3.224594e+08	1068.327	2195.729	193.9502	8695.95	11185.56	-4.626335	1091.815	-5.338078	1482.918	-4.626335	1091.815
37.42	19695.19	11119.64	1939.701	68558.92	53965.12	-188.7544	17199.53	1032.028	2790.036	15951.26	49731.92	293.9502	-5.338078	1282.918	1.32649e+08	3.845718e+08	1768.327	1995.729	193.9502	8394.95	10884.56	-4.626335	1191.815	-5.338078	1282.918	-4.626335	1191.815
37.71	16492.19	13821.64	3140.701	81096.92	41942.12	111.2456	17500.53	2632.028	4391.036	16251.26	51134.92	93.95018	-5.338078	1882.918	1.33703e+08	3.344805e+08	2068.327	1095.729	93.95018	11396.95	10084.56	-4.626335	2291.815	-5.338078	1882.918	-4.626335	2291.815
37.99	15792.19	16523.64	3040.701	83002.92	35733.12	-388.7544	22804.53	2332.028	3090.036	20855.26	50834.92	-6.049822	-5.338078	1282.918	1.2965e+08	3.064316e+08	1468.327	1195.729	393.9502	11496.95	10284.56	-4.626335	2891.815	-5.338078	1282.918	-4.626335	2891.815
38.28	12390.19	17124.64	3040.701	82099.92	24819.12	-88.75439	27309.53	2532.028	3591.036	26560.26	53940.92	93.95018	-5.338078	2082.918	1.351526e+08	3.845718e+08	1468.327	1695.729	93.95018	14197.95	12985.56	-4.626335	2891.815	-5.338078	2082.918	-4.626335	2891.815
38.56	9689.188	17124.64	2439.701	82500.92	17213.12	-588.7544	32315.53	1932.028	4391.036	37274.26	52738.92	-6.049822	-5.338078	3782.918	1.367933e+08	3.965944e+08	2668.327	1795.729	193.9502	18100.95	11685.56	-4.626335	3591.815	-5.338078	3782.918	-4.626335	3591.815
38.85	6688.188	25233.64	3340.701	84106.92	13211.12	-1689.754	35820.53	3532.028	4291.036	42983.26	62360.92	-6.049822	94.66192	3682.918	1.492107e+08	4.126251e+08	2368.327	1495.729	93.95018	24105.95	12485.56	-4.626335	3491.815	94.66192	3682.918	-4.626335	3491.815
39.14	7888.188	23831.64	4140.701	73873.92	10509.12	-388.7544	40828.53	2132.028	2690.036	42282.26	55844.92	93.95018	-5.338078	2782.918	1.322978e+08	3.164489e+08	2968.327	2195.729	193.9502	28309.95	12085.56	-4.626335	3391.815	-5.338078	2782.918	-4.626335	3391.815
39.42	5188.188	23831.64	2439.701	69159.92	7208.118	311.2456	40929.53	1332.028	2490.036	40479.26	54842.92	193.9502	-5.338078	3182.918	1.429086e+08	3.665384e+08	2668.327	1795.729	-6.049822	51747.95	13185.56	-4.626335	5492.815	-5.338078	3182.918	-4.626335	5492.815
39.71	4387.188	38553.64	1539.701	65149.92	7808.118	311.2456	49044.53	2932.028	1690.036	47291.26	58751.92	193.9502	-5.338078	4082.918	1.366028e+08	4.046097e+08	3768.327	2095.729	293.9502	56156.95	10684.56	-4.626335	5092.815	-5.338078	4082.918	-4.626335	5092.815
39.99	5588.188	36049.64	2839.701	68457.92	5508.118	-689.7544	50246.53	2832.028	4391.036	56610.26	63462.92	493.9502	-5.338078	5883.918	1.411624e+08	4.226444e+08	3368.327	2395.729	93.95018	72498.95	12385.56	-4.626335	6692.815	-5.338078	5883.918	-4.626335	6692.815
40.28	9089.188	45367.64	2739.701	75177.92	4207.118	-989.7544	54756.53	3232.028	4291.036	54205.26	60756.92	93.95018	-5.338078	4182.918	1.398423e+08	3.725494e+08	2468.327	1795.729	293.9502	78115.95	11585.56	-4.626335	6992.815	-5.338078	4182.918	-4.626335	6992.815
40.57	12390.19	45968.64	3440.701	86213.92	5408.118	211.2456	53954.53	1132.028	3390.036	52501.26	57448.92	293.9502	-5.338078	4582.918	1.325027e+08	3.364841e+08	3468.327	2195.729	93.95018	72097.95	11885.56	-4.626335	6392.815	-5.338078	4582.918	-4.626335	6392.815
40.85	19495.19	48172.64	1539.701	86614.92	4307.118	-689.7544	51850.53	1532.028	3190.036	56510.26	62961.92	493.9502	-5.338078	4882.918	1.334248e+08	3.444984e+08	2968.327	2395.729	293.9502	73701.95	12285.56	-4.626335	5592.815	-5.338078	4882.918	-4.626335	5592.815
41.14	23898.19	41759.64	2639.701	82601.92	8909.117	-1589.754	40428.53	3032.028	2590.036	49796.26	60154.92	793.9502	-5.338078	3582.918	1.287435e+08	3.384877e+08	1868.327	3195.729	93.95018	78416.95	10984.56	-4.626335	4091.815	-5.338078	3582.918	-4.626335	4091.815
41.42	30105.19	46168.64	2839.701	69861.92	9809.117	-789.7544	41229.53	1932.028	3390.036	39678.26	54842.92	693.9502	-5.338078	4882.918	1.339226e+08	3.585237e+08	2168.327	2195.729	293.9502	66481.95	11985.56	-4.626335	4491.815	-5.338078	4882.918	-4.626335	4491.815
41.71	26801.19	54387.64	1639.701	55124.92	7808.118	11.24561	46238.53	3032.028	3591.036	37274.26	53940.92	893.9502	-5.338078	5083.918	1.30118e+08	3.164489e+08	2568.327	2095.729	93.95018	77212.95	10984.56	-4.626335	4391.815	-5.338078	5083.918	-4.626335	4391.815
42	22797.19	78156.64	3040.701	58732.92	7608.118	611.2456	52351.53	1332.028	3891.036	33969.26	46525.92	493.9502	94.66192	3682.918	1.073689e+08	3.505092e+08	2968.327	2295.729	-6.049822	83332.95	11885.56	95.37366	4591.815	94.66192	3682.918	95.37366	4591.815
42.28	23598.19	180408.6	3240.701	49211.92	9409.117	1411.246	52752.53	2232.028	3190.036	32067.26	51635.92	393.9502	-5.338078	4682.918	1.327368e+08	3.485056e+08	4168.328	1495.729	193.9502	83733.95	12185.56	-4.626335	4591.815	-5.338078	4682.918	-4.626335	4591.815
42.57	22797.19	299878.6	2940.701	51817.92	23118.12	4112.246	75010.52	2632.028	3991.036	27561.26	55343.92	1093.95	-5.338078	3782.918	1.304397e+08	3.264664e+08	2668.327	2895.729	293.9502	79620.95	9984.562	-4.626335	3391.815	-5.338078	3782.918	-4.626335	3391.815
42.85	29104.19	277516.6	4340.701	52518.92	41141.12	3912.246	68992.52	2432.028	2790.036	29864.26	56245.92	793.9502	-5.338078	2682.918	1.305568e+08	3.344805e+08	2768.327	2195.729	193.9502	66983.95	10084.56	-4.626335	3391.815	-5.338078	2682.918	-4.626335	3391.815
43.14	40820.19	379468.6	2639.701	58632.92	79433.12	3212.246	64280.53	1732.028	2890.036	28262.26	57448.92	693.9502	-5.338078	2782.918	1.229149e+08	3.585237e+08	2368.327	2295.729	293.9502	58161.95	11185.56	-4.626335	2991.815	-5.338078	2782.918	-4.626335	2991.815
43.42	48133.19	278527.6	2039.701	62141.92	123411.1	3212.246	61171.53	2232.028	3290.036	31766.26	61357.92	493.9502	-5.338078	3482.918	1.391824e+08	3.444984e+08	3168.327	2595.729	-6.049822	50644.95	11485.56	-4.626335	3891.815	-5.338078	3482.918	-4.626335	3891.815
43.71	57253.19	258004.6	2839.701	69761.92	157703.1	2511.246	62675.53	3032.028	5091.036	28062.26	67272.92	1093.95	-5.338078	2582.918	1.323417e+08	3.525128e+08	2968.327	2495.729	193.9502	43130.95	11985.56	-4.626335	3491.815	-5.338078	2582.918	-4.626335	3491.815
44	62164.19	228612.6	2839.701	72870.92	164346.1	11.24561	47441.53	2432.028	3691.036	25259.26	70882.92	893.9502	-5.338078	2482.918	1.333516e+08	3.304735e+08	2568.327	2395.729	-6.049822	37721.95	11685.56	-4.626335	3291.815	-5.338078	2482.918	-4.626335	3291.815
44.28	73495.19	145875.6	2940.701	71265.92	174414.1	2611.246	46138.53	2632.028	3791.036	20655.26	78104.92	3593.95	-5.338078	2282.918	1.407663e+08	3.945906e+08	2568.327	1895.729	193.9502	39224.95	10284.56	-4.626335	4191.815	-5.338078	2282.918	-4.626335	4191.815
44.57	83727.19	175674.6	2739.701	68859.92	260963.1	911.2456	40227.53	2032.028	4991.036	18253.26	85428.92	4993.95	-5.338078	1582.918	1.531072e+08	3.90583e+08	2068.327	2795.729	293.9502	39524.95	9884.562	-4.626335	6392.815	-5.338078	1582.918	-4.626335	6392.815
44.86	106815.2	91002.64	2839.701	77183.92	426211.1	1011.246	35019.53	2432.028	4091.036	17752.26	100484.9	7694.95	94.66192	1682.918	1.47141e+08	3.965944e+08	2368.327	4195.729	93.95018	37721.95	8984.562	-4.626335	8092.815	94.66192	1682.918	-4.626335	8092.815
45.14	119271.2	95018.64	2539.701	83504.92	549278.1	-989.7544	32115.53	2332.028	3591.036	18453.26	92051.92	8294.95	-5.338078	1082.918	1.359582e+08	3.705457e+08	2668.327	4295.729	93.95018	34016.95	11385.56	-4.626335	7692.815	-5.338078	1082.918	-4.626335	7692.815
45.43	105409.2	56392.64	2839.701	81798.92	586612.1	11.24561	24406.53	3332.028	3290.036	19654.26	92051.92	6594.95	-5.338078	1382.918	1.307908e+08	3.705457e+08	2568.327	4695.729	93.95018	38823.95	9884.562	-4.626335	9093.815	-5.338078	1382.918	-4.626335	9093.815
45.71	111636.2	126767.6	1939.701	91231.92	541102.1	11.24561	22304.53	2732.028	3390.036	26160.26	89743.92	7094.95	-5.338078	1182.918	1.286411e+08	3.82568e+08	1168.327	4295.729	193.9502	56858.95	10984.56	-4.626335	6992.815	-5.338078	1182.918	-4.626335	6992.815
46	113343.2	43162.64	4440.701	100567.9	510774.1	611.2456	25807.53	3132.028	3390.036	31466.26	91048.92	5294.95	-5.338078	1582.918	1.356506e+08	3.2847e+08	1868.327	4495.729	193.9502	59263.95	10984.56	-4.626335	6992.815	-5.338078	1582.918	-4.626335	6992.815
46.29	90551.19	38453.64	4040.701	101571.9	434146.1	811.2456	21103.53	2732.028	3390.036	31065.26	90646.92	3393.95	-5.338078	2282.918	1.333809e+08	3.605274e+08	1468.327	3395.729	93.95018	65178.95	10684.56	-4.626335	5692.815	-5.338078	2282.918	-4.626335	5692.815
46.57	94064.19	37652.64	3040.701	136840.9	443304.1	511.2456	22904.53	3532.028	4291.036	35171.26	93858.92	4693.95	-5.338078	2782.918	1.463154e+08	4.166328e+08	3968.327	3395.729	-6.049822	79820.95	11885.56	-4.626335	6992.815	-5.338078	2782.918	-4.626335	6992.815
46.86	99685.19	53284.64	1739.701	133924.9	409739.1	-889.7544	27509.53	2432.028	3991.036	43384.26	103596.9	3993.95	-5.338078	2382.918	1.452137e+08	4.066135e+08	2568.327	2695.729	-6.049822	82328.95	9084.562	-4.626335	7092.815	-5.338078	2382.918	-4.626335	7092.815
47.14	87941.19	28337.64	1939.701	122867.9	378350.1	811.2456	26708.53	2232.028	4091.036	40879.26	91650.92	3293.95	-5.338078	3282.918	1.424243e+08	4.086173e+08	3168.327	3695.729	293.9502	99390.95	12085.56	-4.626335	8292.815	-5.338078	3282.918	-4.626335	8292.815
47.43	105007.2	23331.64	2239.701	114728.9	366982.1	-388.7544	24706.53	1832.028	2390.036	38476.26	92252.92	5094.95	-5.338078	2282.918	1.390798e+08	3.785605e+08	3468.327	3695.729	693.9502	141896	12785.56	-4.626335	8693.815	-5.338078	2282.918	-4.626335	8693.815
47.72	113544.2	25133.64	2339.701	101571.9	356228.1	-889.7544	28010.53	2532.028	4591.036	38376.26	103697.9	6694.95	-5.338078	2782.918	1.43393e+08	3.965944e+08	3368.327	4395.729	393.9502	163326	9184.562	95.37366	7192.815	-5.338078	2782.918	95.37366	7192.815
48	110732.2	27135.64	3040.701	88421.92	337673.1	-989.7544	27109.53	3232.028	2190.036	34169.26	100785.9	5394.95	-5.338078	2082.918	1.337908e+08	3.224594e+08	3268.327	4295.729	393.9502	144410	11685.56	95.37366	7892.815	-5.338078	2082.918	95.37366	7892.815
48.29	138268.2	36650.64	1539.701	70664.92	325108.1	-488.7544	31214.53	2732.028	2690.036	27461.26	107914.9	6794.95	-5.338078	2082.918	1.40957e+08	4.486958e+08	4368.328	2395.729	493.9502	141694	13085.56	-4.626335	7092.815	-5.338078	2082.918	-4.626335	7092.815
48.58	145006.2	37952.64	1639.701	62542.92	280574.1	-488.7544	32015.53	3832.028	4791.036	27061.26	103998.9	5994.95	-5.338078	2082.918	1.423362e+08	4.026059e+08	3468.327	1995.729	-6.049822	151753	12085.56	-4.626335	8993.815	-5.338078	2082.918	-4.626335	8993.815
48.86	145308.2	42661.64	3540.701	61840.92	234099.1	1211.246	36622.53	2032.028	3891.036	22856.26	95665.92	5094.95	-5.338078	2982.918	1.372622e+08	3.82568e+08	2968.327	2895.729	193.9502	168057	11185.56	95.37366	6492.815	-5.338078	2982.918	95.37366	6492.815
49.15	135453.2	40156.64	2639.701	51015.92	182975.1	1011.246	36522.53	1632.028	1790.036	21255.26	92453.92	6294.95	-5.338078	3482.918	1.38552e+08	3.865756e+08	4768.328	2595.729	293.9502	247109	11185.56	-4.626335	6792.815	-5.338078	3482.918	-4.626335	6792.815
49.43	132537.2	38153.64	4240.701	54523.92	171595.1	1111.246	42331.53	3432.028	2490.036	21355.26	90746.92	13297.95	-5.338078	2982.918	1.45243e+08	3.46502e+08	3468.327	2395.729	593.9502	475472.9	10884.56	-4.626335	8793.815	-5.338078	2982.918	-4.626335	8793.815
49.72	128818.2	51079.64	1239.701	43501.92	138188.1	1811.246	40127.53	2632.028	4791.036	17652.26	101086.9	22303.95	-5.338078	3882.918	1.368812e+08	3.224594e+08	4568.328	3295.729	293.9502	717442.9	11485.56	-4.626335	7892.815	-5.338078	3882.918	-4.626335	7892.815
50.01	144503.2	76450.64	3240.701	43400.92	143217.1	3212.246	34619.53	1932.028	5491.036	13550.26	104199.9	31012.95	-5.338078	2382.918	1.38083e+08	3.064316e+08	3068.327	2795.729	893.9502	873077.9	11785.56	95.37366	11194.82	-5.338078	2382.918	95.37366	11194.82
50.29	155067.2	163488.6	4140.701	34987.92	145027.1	2011.246	27109.53	2732.028	3390.036	11849.26	105605.9	37221.95	-5.338078	1382.918	1.42483e+08	3.545164e+08	3368.327	3495.729	2693.95	918253.9	10684.56	195.3737	14895.82	-5.338078	1382.918	195.3737	14895.82
50.58	155570.2	183431.6	3040.701	34186.92	148548.1	2111.246	26108.53	1932.028	4291.036	12149.26	108417.9	42529.95	-5.338078	1482.918	1.232774e+08	3.725494e+08	4168.328	3095.729	4393.95	868626.9	13185.56	295.3737	11794.82	-5.338078	1482.918	295.3737	11794.82
50.86	144705.2	227098.6	739.7012	39594.92	165755.1	3912.246	26408.53	2832.028	2990.036	11749.26	100885.9	41628.95	-5.338078	2482.918	1.378631e+08	3.665384e+08	2868.327	2695.729	3193.95	705715.9	10784.56	395.3737	11594.82	-5.338078	2482.918	395.3737	11594.82
51.15	130125.2	224474.6	2039.701	39494.92	171393.1	2211.246	23405.53	2932.028	4091.036	15451.26	93256.92	35118.95	-5.338078	982.9182	1.310102e+08	3.865756e+08	3468.327	3895.729	2493.95	574622.9	10684.56	295.3737	13094.82	-5.338078	982.9182	295.3737	13094.82
51.43	116960.2	308787.6	2839.701	47508.92	208070.1	3312.246	26108.53	2632.028	2090.036	19454.26	92453.92	28109.95	-5.338078	1582.918	1.321954e+08	3.104385e+08	3168.327	3295.729	1593.95	535263.9	11685.56	195.3737	10993.82	-5.338078	1582.918	195.3737	10993.82
51.72	117060.2	125962.6	2339.701	50314.92	222493.1	1311.246	35019.53	3032.028	4191.036	20755.26	95866.92	29210.95	-5.338078	1582.918	1.453752e+08	3.62531e+08	3768.327	3995.729	1893.95	751522.9	14686.56	395.3737	11694.82	-5.338078	1582.918	395.3737	11694.82
52.01	113745.2	109079.6	4040.701	53420.92	200307.1	3212.246	24406.53	2232.028	3290.036	24959.26	95866.92	27808.95	-5.338078	1682.918	1.352091e+08	4.026059e+08	3268.327	4095.729	1993.95	1157797	10984.56	95.37366	11694.82	-5.338078	1682.918	95.37366	11694.82
52.3	124999.2	108778.6	2739.701	51115.92	160823.1	10615.25	28410.53	1532.028	5091.036	19954.26	100383.9	34817.95	94.66192	982.9182	1.383761e+08	3.424948e+08	3568.327	3795.729	1593.95	1382280	11985.56	-4.626335	10893.82	94.66192	982.9182	-4.626335	10893.82
52.58	116659.2	177688.6	3340.701	44102.92	126326.1	16019.25	32516.53	2032.028	2090.036	18453.26	94661.92	34216.95	-5.338078	1482.918	1.327954e+08	3.785605e+08	3368.327	4195.729	1093.95	1475064	10584.56	-4.626335	11994.82	-5.338078	1482.918	-4.626335	11994.82
52.87	112540.2	192501.6	4340.701	42499.92	109145.1	13317.25	42531.53	3332.028	3190.036	22856.26	93858.92	29510.95	-5.338078	1882.918	1.351526e+08	3.845718e+08	4968.328	2495.729	1393.95	1435878	11285.56	-4.626335	13094.82	-5.338078	1882.918	-4.626335	13094.82
53.16	89848.19	268112.6	3140.701	33885.92	104023.1	14118.25	40828.53	2732.028	2390.036	20154.26	80712.92	24905.95	-5.338078	2782.918	1.30352e+08	3.805643e+08	3868.327	2295.729	1193.95	1210193	10584.56	195.3737	11794.82	-5.338078	2782.918	195.3737	11794.82
53.44	85232.19	271853.6	2539.701	37290.92	88564.12	11516.25	45838.53	1732.028	3090.036	22156.26	73590.92	19801.95	-5.338078	3082.918	1.335419e+08	3.745531e+08	4568.328	2095.729	1093.95	988559.9	10984.56	195.3737	11194.82	-5.338078	3082.918	195.3737	11194.82
53.73	70386.19	257599.6	2639.701	44903.92	81741.12	5613.246	47441.53	2032.028	3691.036	29363.26	72988.92	19901.95	-5.338078	3082.918	1.323856e+08	3.264664e+08	5469.328	2495.729	893.9502	946165.9	10884.56	295.3737	11894.82	-5.338078	3082.918	295.3737	11894.82
54.01	70085.19	241233.6	3040.701	54823.92	87059.12	8714.246	53253.53	3132.028	3491.036	34270.26	75997.92	19601.95	-5.338078	2782.918	1.369984e+08	3.745531e+08	5169.328	1595.729	793.9502	952291.9	14586.56	495.3737	8993.815	-5.338078	2782.918	495.3737	8993.815
54.3	62665.19	243960.6	1939.701	45705.92	78430.12	6413.246	49645.53	3032.028	3691.036	33669.26	66470.92	11896.95	-5.338078	4182.918	1.273987e+08	3.645347e+08	5569.328	1695.729	493.9502	908714.9	12685.56	-4.626335	10893.82	-5.338078	4182.918	-4.626335	10893.82
54.58	63066.19	179099.6	3140.701	52418.92	68601.12	8514.246	55558.53	1932.028	3991.036	32667.26	71584.92	12996.95	-5.338078	2482.918	1.321954e+08	3.444984e+08	6569.328	2095.729	593.9502	914935.9	11885.56	95.37366	12894.82	-5.338078	2482.918	95.37366	12894.82
54.87	58756.19	159562.6	3440.701	51216.92	73716.12	5412.246	49044.53	2232.028	1990.036	31966.26	65167.92	9495.95	-5.338078	4582.918	1.356359e+08	3.424948e+08	6769.328	1895.729	893.9502	901976.9	9584.562	95.37366	13094.82	-5.338078	4582.918	95.37366	13094.82
55.16	64069.19	130084.6	2239.701	52819.92	73515.12	7413.246	58866.53	1932.028	4291.036	32768.26	64766.92	9495.95	-5.338078	4882.918	1.371157e+08	3.2847e+08	5269.328	1995.729	493.9502	840488.9	10584.56	95.37366	11794.82	-5.338078	4882.918	95.37366	11794.82
55.44	54947.19	106969.6	2339.701	49612.92	63989.12	4012.246	60169.53	3032.028	2490.036	27161.26	63864.92	7394.95	-5.338078	3782.918	1.296061e+08	3.665384e+08	5369.328	1895.729	193.9502	733807.9	8784.562	-4.626335	10093.82	-5.338078	3782.918	-4.626335	10093.82
55.73	55950.19	140443.6	2139.701	51015.92	56170.12	5412.246	51750.53	3832.028	2290.036	27261.26	64866.92	7094.95	-5.338078	3382.918	1.231631e+08	3.725494e+08	5369.328	2295.729	493.9502	628188.9	9284.562	-4.626335	8092.815	-5.338078	3382.918	-4.626335	8092.815
56.01	49135.19	145674.6	2439.701	44803.92	53865.12	4812.246	54756.53	2732.028	3891.036	27461.26	62360.92	7694.95	94.66192	5183.918	1.297231e+08	3.224594e+08	5569.328	2695.729	393.9502	591611.9	9084.562	-4.626335	11794.82	94.66192	5183.918	-4.626335	11794.82
56.3	54647.19	112194.6	2339.701	44002.92	49256.12	3712.246	51248.53	2032.028	4291.036	28062.26	63563.92	6594.95	-5.338078	3582.918	1.295184e+08	3.384877e+08	4268.328	2195.729	793.9502	534650.9	11185.56	-4.626335	9293.815	-5.338078	3582.918	-4.626335	9293.815
56.58	77306.19	119429.6	3440.701	45905.92	58676.12	2211.246	49344.53	2832.028	4691.036	22256.26	74493.92	7894.95	-5.338078	4682.918	1.357531e+08	3.645347e+08	4668.328	1495.729	393.9502	445426.9	13786.56	-4.626335	7992.815	-5.338078	4682.918	-4.626335	7992.815
56.87	86537.19	111691.6	2039.701	35988.92	70507.12	4512.246	48944.53	1732.028	3991.036	20154.26	75095.92	6294.95	-5.338078	2782.918	1.327515e+08	3.344805e+08	4268.328	1495.729	293.9502	389707.9	10384.56	295.3737	9493.815	-5.338078	2782.918	295.3737	9493.815
57.16	102095.2	66720.64	4640.701	36189.92	111757.1	4912.246	44435.53	2732.028	4491.036	17952.26	83120.92	7194.95	-5.338078	2682.918	1.270918e+08	3.885793e+08	3968.327	2795.729	493.9502	328335.9	11685.56	95.37366	7892.815	-5.338078	2682.918	95.37366	7892.815
57.44	115051.2	54788.64	2139.701	30281.92	163641.1	2311.246	40628.53	2232.028	3591.036	15151.26	74192.92	7894.95	-5.338078	2782.918	1.348304e+08	4.066135e+08	3168.327	2195.729	693.9502	275301.9	12385.56	95.37366	6792.815	-5.338078	2782.918	95.37366	6792.815
57.73	113444.2	79360.64	2739.701	37090.92	210490.1	1611.246	38725.53	3032.028	4991.036	17852.26	89442.92	5894.95	-5.338078	2682.918	1.39725e+08	3.665384e+08	3768.327	2395.729	293.9502	251654	9584.562	-4.626335	6392.815	-5.338078	2682.918	-4.626335	6392.815
58.02	98280.19	43062.64	2039.701	48911.92	226126.1	1711.246	33918.53	2432.028	3090.036	24558.26	84324.92	5194.95	-5.338078	2782.918	1.288019e+08	3.705457e+08	1968.327	2995.729	93.95018	227222	9984.562	95.37366	4891.815	-5.338078	2782.918	95.37366	4891.815
58.3	95168.19	40557.64	2139.701	55124.92	220577.1	-88.75439	30713.53	2932.028	3190.036	26160.26	82418.92	3193.95	-5.338078	2182.918	1.302935e+08	3.665384e+08	3568.327	1795.729	293.9502	241656	9884.562	-4.626335	6292.815	-5.338078	2182.918	-4.626335	6292.815
58.59	95670.19	33144.64	2339.701	52518.92	216945.1	-88.75439	30112.53	3632.028	4691.036	33869.26	88840.92	3693.95	-5.338078	3082.918	1.304251e+08	3.645347e+08	3068.327	2995.729	193.9502	298970.9	9184.562	-4.626335	8693.815	-5.338078	3082.918	-4.626335	8693.815
58.87	90551.19	33345.64	2239.701	63143.92	201113.1	211.2456	30513.53	2432.028	2690.036	39577.26	81515.92	2893.95	-5.338078	2482.918	1.264927e+08	3.785605e+08	2768.327	2695.729	193.9502	323878.9	9684.562	-4.626335	7692.815	-5.338078	2482.918	-4.626335	7692.815
59.16	83225.19	44164.64	1839.701	70463.92	177032.1	2211.246	37122.53	2432.028	3591.036	53704.26	82117.92	3193.95	94.66192	2982.918	1.38596e+08	3.765569e+08	3668.327	2495.729	293.9502	380466.9	11885.56	-4.626335	9193.815	94.66192	2982.918	-4.626335	9193.815
59.45	82222.19	24632.64	3240.701	76581.92	188113.1	-188.7544	35820.53	3132.028	3090.036	54004.26	78706.92	3293.95	-5.338078	3082.918	1.347718e+08	3.505092e+08	4168.328	2895.729	193.9502	385137.9	9684.562	-4.626335	7892.815	-5.338078	3082.918	-4.626335	7892.815
59.73	88744.19	41158.64	3140.701	80895.92	224310.1	211.2456	35019.53	2332.028	4191.036	53303.26	81515.92	3793.95	-5.338078	1782.918	1.352091e+08	3.645347e+08	4168.328	2795.729	193.9502	403930.9	8383.562	-4.626335	8793.815	-5.338078	1782.918	-4.626335	8793.815
60.02	92859.19	22630.64	739.7012	71867.92	306576.1	11.24561	30813.53	3432.028	3491.036	46890.26	79508.92	4393.95	-5.338078	1982.918	1.316247e+08	3.384877e+08	2868.327	3295.729	293.9502	356821.9	11084.56	-4.626335	7292.815	-5.338078	1982.918	-4.626335	7292.815
60.3	101693.2	18826.64	3940.701	73873.92	426516.1	711.2456	27209.53	2332.028	2690.036	38376.26	85829.92	8494.95	-5.338078	1582.918	1.396663e+08	3.925868e+08	2968.327	3495.729	593.9502	322865.9	10684.56	-4.626335	7292.815	-5.338078	1582.918	-4.626335	7292.815
60.59	114951.2	22129.64	2239.701	66251.92	579140.1	-1489.754	21803.53	2032.028	3090.036	33168.26	86532.92	13196.95	-5.338078	1482.918	1.30001e+08	3.424948e+08	1768.327	2195.729	893.9502	316382.9	12085.56	-4.626335	6592.815	-5.338078	1482.918	-4.626335	6592.815
60.88	117161.2	20828.64	2539.701	60537.92	608731.1	411.2456	22304.53	2032.028	3491.036	27561.26	86331.92	16699.95	-5.338078	1782.918	1.267996e+08	3.985982e+08	1868.327	3495.729	493.9502	407284.9	12585.56	-4.626335	6592.815	-5.338078	1782.918	-4.626335	6592.815
61.16	127511.2	19126.64	1139.701	59935.92	587328.1	-689.7544	22003.53	2632.028	3390.036	24858.26	87134.92	17799.95	-5.338078	1682.918	1.35343e+08	3.785605e+08	1868.327	3595.729	1493.95	522803.9	13185.56	-4.626335	7292.815	-5.338078	1682.918	-4.626335	7292.815
61.45	124195.2	18525.64	339.7012	63143.92	502407.1	-88.75439	20202.53	3532.028	2790.036	21055.26	86632.92	18600.95	-5.338078	1582.918	1.349622e+08	3.244629e+08	2068.327	3795.729	1193.95	513615.9	11585.56	-4.626335	5292.815	-5.338078	1582.918	-4.626335	5292.815
61.73	112038.2	35949.64	2539.701	56928.92	445544.1	611.2456	29512.53	1832.028	2290.036	23857.26	87234.92	12496.95	-5.338078	1982.918	1.44406e+08	3.805643e+08	1868.327	2995.729	893.9502	452654.9	10984.56	-4.626335	6192.815	-5.338078	1982.918	-4.626335	6192.815
62.02	104505.2	35047.64	2539.701	68558.92	380482.1	811.2456	30213.53	2032.028	5191.036	23457.26	83923.92	10995.95	-5.338078	1982.918	1.403556e+08	3.90583e+08	2868.327	3295.729	393.9502	329754.9	10084.56	-4.626335	3991.815	-5.338078	1982.918	-4.626335	3991.815
62.31	90551.19	17124.64	539.7012	68357.92	330377.1	-388.7544	29512.53	2832.028	4291.036	22256.26	79107.92	8695.95	-5.338078	1382.918	1.25266e+08	3.865756e+08	3068.327	3395.729	693.9502	261252	11685.56	-4.626335	4591.815	-5.338078	1382.918	-4.626335	4591.815
62.59	77106.19	29238.64	3140.701	69159.92	263893.1	311.2456	29612.53	2132.028	2690.036	24858.26	74593.92	6694.95	-5.338078	2382.918	1.342447e+08	4.226444e+08	3468.327	3595.729	293.9502	208359	11485.56	-4.626335	2691.815	-5.338078	2382.918	-4.626335	2691.815
62.88	63267.19	18425.64	1539.701	63043.92	217248.1	11.24561	34118.53	2232.028	2890.036	26060.26	68877.92	4493.95	-5.338078	2582.918	1.307908e+08	3.404912e+08	2168.327	2895.729	593.9502	184170	8884.562	-4.626335	2691.815	-5.338078	2582.918	-4.626335	2691.815
63.16	55649.19	16123.64	3440.701	52919.92	170688.1	1011.246	28811.53	2532.028	2590.036	20955.26	59352.92	4893.95	-5.338078	2782.918	1.164839e+08	3.164489e+08	2168.327	2095.729	193.9502	169466	8483.562	-4.626335	3491.815	-5.338078	2782.918	-4.626335	3491.815
63.45	46530.19	22229.64	1539.701	48410.92	118689.1	11.24561	30213.53	2532.028	2590.036	20254.26	58450.92	4693.95	94.66192	3082.918	1.15872e+08	3.32477e+08	2568.327	2995.729	93.95018	138376	5883.562	-4.626335	2591.815	94.66192	3082.918	-4.626335	2591.815
63.73	41421.19	132498.6	2839.701	43901.92	98401.12	1611.246	27109.53	1632.028	2990.036	20054.26	46425.92	2793.95	-5.338078	1782.918	9.539084e+07	2.643612e+08	2268.327	1795.729	393.9502	124503	5883.562	-4.626335	3191.815	-5.338078	1782.918	-4.626335	3191.815
64.02	29805.19	273471.6	1339.701	37991.92	92880.12	5913.246	20102.53	1132.028	3090.036	16251.26	39714.92	3393.95	-5.338078	1182.918	7.81097e+07	2.12279e+08	2168.327	1695.729	93.95018	132746	3882.562	-4.626335	2491.815	-5.338078	1182.918	-4.626335	2491.815
64.31	25900.19	1252323	3140.701	27477.92	70908.12	5813.246	25807.53	832.0284	1390.036	12049.26	32703.92	5294.95	-5.338078	982.9182	6.472968e+07	1.602021e+08	1268.327	1895.729	-6.049822	311826.9	4282.562	-4.626335	2091.815	-5.338078	982.9182	-4.626335	2091.815
64.59	17793.19	1728812	1439.701	20370.92	55168.12	15519.25	28510.53	1132.028	1190.036	10548.26	30601.92	5994.95	-5.338078	882.9182	7.129831e+07	1.481852e+08	1568.327	1695.729	193.9502	780695.9	3682.562	95.37366	2891.815	-5.338078	882.9182	95.37366	2891.815
64.88	20595.19	1529380	1539.701	18268.92	42443.12	5713.246	41129.53	1132.028	1990.036	8347.264	39613.92	5694.95	-5.338078	182.9182	7.772054e+07	2.12279e+08	1068.327	1595.729	393.9502	703204.9	3182.562	-4.626335	2991.815	-5.338078	182.9182	-4.626335	2991.815
65.16	18194.19	1088684	839.7012	18068.92	33830.12	7313.246	38825.53	1232.028	2590.036	8147.263	39513.92	8995.95	-5.338078	682.9182	7.679826e+07	2.242975e+08	1068.327	1795.729	293.9502	1337859	3582.562	95.37366	2291.815	-5.338078	682.9182	95.37366	2291.815
65.45	18094.19	727324.6	-160.2988	14466.92	27622.12	7714.246	33918.53	1832.028	3290.036	7347.263	44822.92	8094.95	-5.338078	982.9182	9.154014e+07	2.683678e+08	968.3274	2295.729	-6.049822	1582227	5683.562	395.3737	4191.815	-5.338078	982.9182	395.3737	4191.815
65.74	17893.19	567730.6	339.7012	13265.92	24920.12	5412.246	28110.53	1732.028	2590.036	4846.263	49932.92	9795.95	94.66192	282.9182	9.154014e+07	3.004214e+08	1468.327	2395.729	-6.049822	1719138	7083.562	-4.626335	5092.815	94.66192	282.9182	-4.626335	5092.815
66.02	21997.19	423477.6	2239.701	9663.922	23318.12	4512.246	24005.53	1732.028	3791.036	6147.263	57047.92	7394.95	-5.338078	382.9182	1.143137e+08	2.863977e+08	1568.327	1995.729	-6.049822	2118181	7783.562	-4.626335	7492.815	-5.338078	382.9182	-4.626335	7492.815
66.31	26701.19	328542.6	1439.701	9763.922	18814.12	5412.246	20402.53	1432.028	3090.036	5747.263	61858.92	10795.95	-5.338078	582.9182	1.213973e+08	3.2847e+08	968.3274	1595.729	193.9502	2221170	9584.562	95.37366	6392.815	-5.338078	582.9182	95.37366	6392.815
66.6	33710.19	295120.6	2739.701	10264.92	20415.12	4212.246	18000.53	1732.028	2390.036	5247.263	64766.92	10895.95	-5.338078	482.9182	1.244186e+08	2.924078e+08	968.3274	3595.729	593.9502	2537227	10584.56	-4.626335	8092.815	-5.338078	482.9182	-4.626335	8092.815
66.88	40420.19	209441.6	1039.701	10564.92	27522.12	3612.246	17900.53	2332.028	2590.036	4846.263	76399.92	15098.95	-5.338078	182.9182	1.248275e+08	3.424948e+08	1968.327	3095.729	193.9502	2514604	10984.56	-4.626335	7592.815	-5.338078	182.9182	-4.626335	7592.815
67.17	41521.19	165301.6	1239.701	12765.92	32929.12	1411.246	13297.53	2032.028	2890.036	3846.263	72587.92	11696.95	-5.338078	382.9182	1.150563e+08	3.084351e+08	568.3274	3195.729	-6.049822	2401338	10184.56	-4.626335	7492.815	-5.338078	382.9182	-4.626335	7492.815
67.45	53945.19	135515.6	1239.701	14266.92	50458.12	4212.246	13597.53	2432.028	2990.036	4646.263	74994.92	17699.95	-5.338078	182.9182	1.195449e+08	3.064316e+08	1868.327	3195.729	393.9502	2192824	9484.562	-4.626335	7292.815	-5.338078	182.9182	-4.626335	7292.815
67.74	66776.19	125359.6	1239.701	16167.92	144323.1	1211.246	12096.53	2132.028	2690.036	4446.263	81314.92	19501.95	-5.338078	582.9182	1.220977e+08	3.665384e+08	1468.327	3795.729	493.9502	1872918	10284.56	95.37366	7492.815	-5.338078	582.9182	95.37366	7492.815
68.02	85934.19	91002.64	2639.701	17868.92	249951.1	111.2456	13097.53	1232.028	3090.036	6247.263	81214.92	23704.95	-5.338078	482.9182	1.225647e+08	3.404912e+08	1168.327	3695.729	293.9502	1493936	12185.56	-4.626335	6292.815	-5.338078	482.9182	-4.626335	6292.815
68.31	99685.19	66419.64	3140.701	26877.92	437097.1	-488.7544	13297.53	2032.028	3190.036	9548.264	85829.92	21402.95	-5.338078	282.9182	1.305129e+08	3.725494e+08	1668.327	3895.729	293.9502	1211347	10484.56	-4.626335	5292.815	-5.338078	282.9182	-4.626335	5292.815
68.6	107317.2	65215.64	2039.701	28879.92	595416.1	911.2456	15898.53	3032.028	3991.036	11449.26	85428.92	16398.95	-5.338078	882.9182	1.35548e+08	3.62531e+08	2068.327	3495.729	293.9502	997088.9	9484.562	-4.626335	5292.815	-5.338078	882.9182	-4.626335	5292.815
68.88	119371.2	62107.64	939.7012	43100.92	702133.1	2311.246	15298.53	2332.028	3290.036	19454.26	89944.92	15198.95	-5.338078	582.9182	1.338933e+08	3.264664e+08	1668.327	4095.729	193.9502	766053.9	9584.562	-4.626335	7392.815	-5.338078	582.9182	-4.626335	7392.815
69.17	113544.2	64313.64	2839.701	44703.92	669968.1	-88.75439	16199.53	1632.028	4591.036	21055.26	89542.92	13497.95	-5.338078	1082.918	1.297962e+08	3.044282e+08	1568.327	2795.729	293.9502	673957.9	10384.56	95.37366	5592.815	-5.338078	1082.918	95.37366	5592.815
69.46	101292.2	56392.64	2439.701	53220.92	629435.1	-388.7544	16799.53	2932.028	2390.036	23357.26	73289.92	9495.95	-5.338078	282.9182	1.18568e+08	2.863977e+08	2168.327	2995.729	93.95018	525662.9	9884.562	-4.626335	5792.815	-5.338078	282.9182	-4.626335	5792.815
69.74	93461.19	64513.64	1839.701	46005.92	543759.1	111.2456	14798.53	1032.028	1890.036	25859.26	69378.92	8695.95	-5.338078	1282.918	1.205512e+08	3.104385e+08	2168.327	2795.729	-6.049822	424466.9	9784.562	95.37366	5392.815	-5.338078	1282.918	95.37366	5392.815
70.03	96975.19	39956.64	1239.701	56728.92	485171.1	811.2456	16999.53	3132.028	4191.036	27461.26	75295.92	6594.95	-5.338078	1282.918	1.216453e+08	3.90583e+08	3768.327	2195.729	393.9502	372041.9	7283.562	-4.626335	6092.815	-5.338078	1282.918	-4.626335	6092.815
70.31	92859.19	71935.64	2439.701	57630.92	428144.1	-88.75439	17600.53	2132.028	2590.036	26460.26	64966.92	6794.95	-5.338078	1382.918	1.042807e+08	3.364841e+08	2568.327	2795.729	93.95018	280356.9	4382.562	95.37366	4591.815	-5.338078	1382.918	95.37366	4591.815
70.6	60059.19	23231.64	439.7012	37190.92	319537.1	711.2456	10995.53	1132.028	2190.036	17752.26	48128.92	3693.95	-5.338078	782.9182	7.645245e+07	2.363163e+08	2168.327	2395.729	-6.049822	212392	4382.562	95.37366	2991.815	-5.338078	782.9182	95.37366	2991.815
70.88	47332.19	21328.64	1939.701	28779.92	222796.1	-488.7544	8594.526	1132.028	2090.036	11849.26	38111.92	3393.95	-5.338078	882.9182	5.704098e+07	1.461824e+08	1868.327	995.7296	-6.049822	188401	3082.562	-4.626335	2291.815	-5.338078	882.9182	-4.626335	2291.815
71.17	35813.19	13021.64	439.7012	18068.92	179248.1	-789.7544	5793.527	832.0284	1790.036	12349.26	28198.92	1993.95	-5.338078	482.9182	4.3383e+07	1.134022e+08	868.3274	895.7296	-6.049822	157187	1782.562	195.3737	1191.815	-5.338078	482.9182	195.3737	1191.815
71.46	28203.19	19727.64	639.7012	16267.92	139998.1	311.2456	5793.527	32.02844	1090.036	6547.263	20290.92	2093.95	-5.338078	682.9182	3.16691e+07	9.397634e+07	768.3274	795.7296	-6.049822	118876	1782.562	-4.626335	1391.815	-5.338078	682.9182	-4.626335	1391.815
71.74	23198.19	34947.64	-260.2988	12865.92	102316.1	-388.7544	4193.527	-67.97156	990.0356	6747.263	17588.92	1493.95	-5.338078	482.9182	2.865426e+07	7.553706e+07	868.3274	395.7295	-6.049822	98788.95	2182.562	-4.626335	1291.815	-5.338078	482.9182	-4.626335	1291.815
72.03	19495.19	13421.64	139.7012	10564.92	89567.12	-488.7544	1892.527	532.0284	1490.036	4346.263	17188.92	1393.95	-5.338078	82.91815	2.203633e+07	6.502636e+07	568.3274	795.7296	-6.049822	80422.95	882.5623	-4.626335	991.8149	-5.338078	82.91815	-4.626335	991.8149
72.31	14091.19	11219.64	-60.29883	7362.922	75722.12	-689.7544	1792.527	132.0284	690.0356	3546.263	10984.92	1093.95	-5.338078	82.91815	1.69039e+07	4.92894e+07	268.3274	295.7295	93.95018	73401.95	1182.562	-4.626335	691.8149	-5.338078	82.91815	-4.626335	691.8149
72.6	9989.188	19026.64	-360.2988	8463.922	67799.12	-188.7544	1692.527	332.0284	590.0356	1646.263	9984.918	1493.95	94.66192	282.9182	1.22458e+07	4.457036e+07	368.3274	795.7296	-6.049822	58562.95	582.5623	-4.626335	491.8149	94.66192	282.9182	-4.626335	491.8149
72.89	9289.188	3815.641	-761.2988	7663.922	41742.12	-1189.754	2092.527	432.0284	-109.9644	2946.263	5883.918	993.9502	-5.338078	182.9182	1.117064e+07	3.419328e+07	268.3274	295.7295	-6.049822	55454.95	582.5623	-4.626335	291.8149	-5.338078	182.9182	-4.626335	291.8149
73.17	7188.188	1614.641	139.7012	4962.922	36734.12	-1789.754	1392.527	232.0284	1090.036	946.2634	5583.918	993.9502	-5.338078	82.91815	8978891	2.611299e+07	68.3274	295.7295	-6.049822	34016.95	382.5623	-4.626335	191.8149	-5.338078	82.91815	-4.626335	191.8149
73.46	6188.188	1714.641	939.7012	3061.922	28724.12	-1689.754	-107.4733	532.0284	-309.9644	1546.263	4282.918	293.9502	-5.338078	182.9182	8399365	2.370389e+07	-31.6726	95.72954	-6.049822	33515.95	382.5623	-4.626335	391.8149	-5.338078	182.9182	-4.626335	391.8149
73.74	6488.188	10419.64	-1461.299	2761.922	26821.12	-1089.754	92.52673	232.0284	690.0356	1846.263	3982.918	93.95018	-5.338078	-17.08185	6520094	1.886211e+07	268.3274	-4.270463	-6.049822	33916.95	482.5623	-4.626335	91.81495	-5.338078	-17.08185	-4.626335	91.81495
74.03	3487.189	4315.641	539.7012	2561.922	18814.12	-1289.754	2092.527	32.02844	-209.9644	846.2634	3282.918	793.9502	-5.338078	-17.08185	5559650	1.539149e+07	-31.6726	-4.270463	-6.049822	25206.95	382.5623	-4.626335	91.81495	-5.338078	-17.08185	-4.626335	91.81495
74.31	3587.189	3515.641	-961.2988	2461.922	16713.12	-1389.754	492.5267	32.02844	90.03564	846.2634	2682.918	493.9502	-5.338078	-17.08185	4740656	1.337327e+07	168.3274	-4.270463	-6.049822	21803.95	482.5623	-4.626335	191.8149	-5.338078	-17.08185	-4.626335	191.8149
74.6	2087.189	514.6406	-1661.299	1961.922	14711.12	-1789.754	-7.473267	32.02844	590.0356	746.2634	2882.918	293.9502	-5.338078	82.91815	3851272	1.131359e+07	68.3274	-4.270463	-6.049822	22903.95	182.5623	-4.626335	-8.185054	-5.338078	82.91815	-4.626335	-8.185054
74.89	1987.189	914.6406	-1161.299	1161.922	11310.12	-2089.754	592.5267	232.0284	490.0356	146.2633	1982.918	293.9502	-5.338078	-17.08185	3653662	9709295	-31.6726	-4.270463	-6.049822	14797.95	482.5623	-4.626335	-8.185054	-5.338078	-17.08185	-4.626335	-8.185054
75.17	1687.189	1714.641	-660.2988	1061.922	10009.12	-2489.754	92.52673	-167.9716	90.03564	746.2634	1082.918	93.95018	-5.338078	-17.08185	2538784	8205038	68.3274	-4.270463	-6.049822	14197.95	382.5623	-4.626335	191.8149	-5.338078	-17.08185	-4.626335	191.8149
75.46	2187.189	2515.641	439.7012	1361.922	9709.117	-1489.754	492.5267	32.02844	90.03564	246.2633	1682.918	193.9502	-5.338078	-17.08185	2030854	5637923	68.3274	-4.270463	-6.049822	7894.95	82.56228	-4.626335	91.81495	-5.338078	-17.08185	-4.626335	91.81495
75.75	1187.189	514.6406	-1061.299	1861.922	7208.118	-2489.754	-107.4733	-467.9716	290.0356	346.2633	982.9182	193.9502	-5.338078	82.91815	1537104	5155910	-31.6726	95.72954	-6.049822	5494.95	182.5623	-4.626335	-8.185054	-5.338078	82.91815	-4.626335	-8.185054
76.03	1087.189	-385.3594	-1261.299	161.9218	6308.118	-88.75439	-407.4733	-267.9716	-209.9644	146.2633	982.9182	93.95018	-5.338078	-17.08185	1805131	5170086	-31.6726	-4.270463	-6.049822	6794.95	-17.43772	-4.626335	-8.185054	-5.338078	-17.08185	-4.626335	-8.185054
76.32	1187.189	414.6406	-1561.299	-138.0782	5308.118	-1289.754	392.5267	32.02844	490.0356	246.2633	682.9182	-6.049822	-5.338078	-17.08185	999045.4	3766946	-31.6726	95.72954	-6.049822	4993.95	-17.43772	-4.626335	191.8149	-5.338078	-17.08185	-4.626335	191.8149
76.61	787.1886	1514.641	-560.2988	961.9218	2707.117	-288.7544	-707.4733	-367.9716	-309.9644	246.2633	982.9182	-6.049822	-5.338078	-17.08185	1269097	3936994	68.3274	95.72954	93.95018	3293.95	-17.43772	-4.626335	91.81495	-5.338078	-17.08185	-4.626335	91.81495
76.9	687.1886	1614.641	-761.2988	561.9218	2507.117	-2389.754	392.5267	-67.97156	790.0356	46.26334	1282.918	93.95018	-5.338078	-17.08185	575112.4	3299356	-31.6726	95.72954	-6.049822	4193.95	-17.43772	-4.626335	-8.185054	-5.338078	-17.08185	-4.626335	-8.185054
77.19	387.1886	-585.3594	-1261.299	361.9218	3507.117	-1689.754	392.5267	232.0284	-509.9644	446.2633	282.9182	-6.049822	-5.338078	82.91815	874177.4	3101003	-31.6726	-4.270463	-6.049822	3093.95	-17.43772	-4.626335	-8.185054	-5.338078	82.91815	-4.626335	-8.185054
77.48	387.1886	1114.641	-60.29883	-38.07825	3107.117	-1189.754	-107.4733	-167.9716	490.0356	-53.73666	382.9182	-6.049822	-5.338078	-17.08185	606221.4	1358809	68.3274	-4.270463	-6.049822	1693.95	-17.43772	-4.626335	191.8149	-5.338078	-17.08185	-4.626335	191.8149
77.76	987.1886	1514.641	-60.29883	-438.0782	2107.117	-1789.754	-107.4733	-167.9716	190.0356	346.2633	182.9182	193.9502	-5.338078	-17.08185	418241.4	2803494	-31.6726	-4.270463	-6.049822	4093.95	82.56228	-4.626335	-8.185054	-5.338078	-17.08185	-4.626335	-8.185054
78.06	287.1886	14.64062	-1561.299	-38.07825	2407.117	-789.7544	-107.4733	-67.97156	490.0356	46.26334	282.9182	193.9502	-5.338078	-17.08185	606221.4	1557065	-31.6726	-4.270463	-6.049822	5694.95	82.56228	-4.626335	-8.185054	-5.338078	-17.08185	-4.626335	-8.185054
78.35	-12.81139	1414.641	-160.2988	-138.0782	1307.117	-1789.754	-207.4733	-367.9716	390.0356	46.26334	82.91815	-6.049822	-5.338078	-17.08185	676734.4	905695.8	-31.6726	-4.270463	-6.049822	1693.95	-17.43772	-4.626335	91.81495	-5.338078	-17.08185	-4.626335	91.81495
78.65	187.1886	1114.641	-1361.299	261.9218	1107.117	-1089.754	-307.4733	32.02844	490.0356	146.2633	182.9182	-6.049822	-5.338078	-17.08185	295981.4	1457936	-31.6726	-4.270463	-6.049822	1793.95	82.56228	-4.626335	-8.185054	-5.338078	-17.08185	-4.626335	-8.185054
78.94	287.1886	1014.641	-761.2988	161.9218	407.1174	-1089.754	392.5267	132.0284	290.0356	146.2633	282.9182	-6.049822	94.66192	82.91815	252539.4	580056.8	-31.6726	-4.270463	-6.049822	1493.95	-17.43772	-4.626335	-8.185054	94.66192	82.91815	-4.626335	-8.185054
79.24	87.18861	214.6406	-1161.299	461.9218	707.1174	-789.7544	-407.4733	-67.97156	490.0356	146.2633	82.91815	-6.049822	-5.338078	-17.08185	394691.4	1472097	-31.6726	-4.270463	-6.049822	3393.95	-17.43772	-4.626335	-8.185054	-5.338078	-17.08185	-4.626335	-8.185054
79.52	187.1886	14.64062	-1661.299	-38.07825	507.1174	-1489.754	-207.4733	132.0284	-309.9644	-53.73666	82.91815	93.95018	-5.338078	-17.08185	325273.4	749951.8	-31.6726	-4.270463	-6.049822	493.9502	182.5623	-4.626335	-8.185054	-5.338078	-17.08185	-4.626335	-8.185054
79.81	-12.81139	1614.641	-1861.299	261.9218	707.1174	-1389.754	-307.4733	32.02844	-9.964355	-53.73666	182.9182	-6.049822	-5.338078	-17.08185	151528.4	537583.8	-31.6726	95.72954	-6.049822	1893.95	-17.43772	-4.626335	-8.185054	-5.338078	-17.08185	-4.626335	-8.185054
80.1	87.18861	-485.3594	-1161.299	761.9218	707.1174	-1289.754	-7.473267	-367.9716	-309.9644	-53.73666	82.91815	-6.049822	-5.338078	-17.08185	264159.4	764109.8	-31.6726	-4.270463	-6.049822	1193.95	-17.43772	-4.626335	91.81495	-5.338078	-17.08185	-4.626335	91.81495
80.39	287.1886	1714.641	-660.2988	461.9218	507.1174	-88.75439	-307.4733	-167.9716	190.0356	146.2633	82.91815	-6.049822	-5.338078	-17.08185	194725.4	282759.8	-31.6726	-4.270463	-6.049822	2993.95	-17.43772	-4.626335	-8.185054	-5.338078	-17.08185	-4.626335	-8.185054
80.68	87.18861	814.6406	-1061.299	261.9218	207.1174	-1789.754	592.5267	-67.97156	290.0356	-53.73666	-17.08185	-6.049822	-5.338078	82.91815	129002.4	226134.8	68.3274	-4.270463	-6.049822	393.9502	-17.43772	-4.626335	-8.185054	-5.338078	82.91815	-4.626335	-8.185054
80.97	87.18861	1014.641	-2161.299	-338.0782	1007.117	-1389.754	-107.4733	32.02844	-9.964355	-53.73666	82.91815	-6.049822	-5.338078	-17.08185	130811.4	226134.8	68.3274	-4.270463	-6.049822	93.95018	-17.43772	-4.626335	-8.185054	-5.338078	-17.08185	-4.626335	-8.185054
81.26	187.1886	714.6406	-1461.299	61.92175	107.1174	11.24561	-407.4733	-167.9716	90.03564	446.2633	82.91815	-6.049822	-5.338078	-17.08185	56269.39	246657.8	-31.6726	-4.270463	-6.049822	693.9502	-17.43772	95.37366	-8.185054	-5.338078	-17.08185	95.37366	-8.185054
81.55	87.18861	-285.3594	-961.2988	-38.07825	307.1174	-1689.754	492.5267	-267.9716	690.0356	146.2633	282.9182	-6.049822	-5.338078	82.91815	141871.4	282759.8	68.3274	-4.270463	-6.049822	2093.95	-17.43772	-4.626335	-8.185054	-5.338078	82.91815	-4.626335	-8.185054
81.85	87.18861	-385.3594	339.7012	661.9218	307.1174	-488.7544	-1207.473	-367.9716	290.0356	46.26334	282.9182	-6.049822	-5.338078	82.91815	-130.605	240291.8	-31.6726	95.72954	-6.049822	493.9502	-17.43772	-4.626335	-8.185054	-5.338078	82.91815	-4.626335	-8.185054
82.13	-12.81139	1114.641	-560.2988	361.9218	7.117439	-1989.754	-407.4733	332.0284	-209.9644	-53.73666	-17.08185	-6.049822	-5.338078	-17.08185	224473.4	105165.8	-31.6726	-4.270463	-6.049822	493.9502	-17.43772	-4.626335	-8.185054	-5.338078	-17.08185	-4.626335	-8.185054
82.42	87.18861	-1185.359	-1361.299	161.9218	207.1174	-1689.754	-307.4733	-67.97156	-9.964355	146.2633	-17.08185	-6.049822	-5.338078	-17.08185	122569.4	105266.8	68.3274	-4.270463	-6.049822	-6.049822	-17.43772	-4.626335	-8.185054	-5.338078	-17.08185	-4.626335	-8.185054
82.7	-12.81139	14.64062	-1961.299	61.92175	207.1174	-889.7544	-107.4733	432.0284	390.0356	146.2633	82.91815	-6.049822	-5.338078	-17.08185	31489.39	93117.77	-31.6726	-4.270463	-6.049822	593.9502	-17.43772	-4.626335	-8.185054	-5.338078	-17.08185	-4.626335	-8.185054
83	-12.81139	-985.3594	-660.2988	761.9218	7.117439	-1189.754	-707.4733	132.0284	890.0356	146.2633	-17.08185	-6.049822	-5.338078	-17.08185	68062.4	112887.8	-31.6726	-4.270463	-6.049822	693.9502	-17.43772	-4.626335	-8.185054	-5.338078	-17.08185	-4.626335	-8.185054
83.28	-12.81139	814.6406	839.7012	-138.0782	7.117439	-789.7544	-107.4733	532.0284	190.0356	-53.73666	-17.08185	-6.049822	-5.338078	-17.08185	34092.39	23454.77	-31.6726	-4.270463	-6.049822	193.9502	82.56228	-4.626335	-8.185054	-5.338078	-17.08185	-4.626335	-8.185054
83.57	-12.81139	2114.641	-360.2988	161.9218	1507.117	-1689.754	-1107.473	-167.9716	490.0356	-53.73666	-17.08185	-6.049822	-5.338078	-17.08185	5170.395	112887.8	-31.6726	-4.270463	-6.049822	93.95018	-17.43772	-4.626335	-8.185054	-5.338078	-17.08185	-4.626335	-8.185054
83.86	187.1886	-685.3594	-1361.299	-38.07825	-92.88256	-488.7544	792.5267	132.0284	-509.9644	-53.73666	-17.08185	-6.049822	-5.338078	-17.08185	9971.395	103559.8	-31.6726	-4.270463	-6.049822	-6.049822	-17.43772	-4.626335	-8.185054	-5.338078	-17.08185	-4.626335	-8.185054
84.15	-12.81139	614.6406	-360.2988	-138.0782	307.1174	-488.7544	-7.473267	32.02844	90.03564	-53.73666	-17.08185	-6.049822	-5.338078	-17.08185	109810.4	155354.8	-31.6726	-4.270463	-6.049822	193.9502	-17.43772	-4.626335	-8.185054	-5.338078	-17.08185	-4.626335	-8.185054
84.43	-12.81139	1214.641	-360.2988	-238.0782	-92.88256	-1889.754	-307.4733	-67.97156	90.03564	-53.73666	82.91815	-6.049822	-5.338078	-17.08185	28285.39	107877.8	-31.6726	-4.270463	-6.049822	293.9502	-17.43772	-4.626335	-8.185054	-5.338078	-17.08185	-4.626335	-8.185054
84.72	-12.81139	1314.641	-460.2988	761.9218	7.117439	-1489.754	-507.4733	232.0284	-609.9644	-53.73666	82.91815	-6.049822	-5.338078	82.91815	52224.39	38073.77	-31.6726	-4.270463	-6.049822	193.9502	-17.43772	-4.626335	-8.185054	-5.338078	82.91815	-4.626335	-8.185054
85	-12.81139	1314.641	-2261.299	161.9218	7.117439	-1189.754	292.5267	32.02844	690.0356	146.2633	-17.08185	-6.049822	-5.338078	-17.08185	42906.39	48390.77	-31.6726	-4.270463	-6.049822	-6.049822	-17.43772	-4.626335	-8.185054	-5.338078	-17.08185	-4.626335	-8.185054
85.29	-12.81139	1014.641	-1361.299	61.92175	7.117439	-889.7544	-107.4733	632.0284	-309.9644	-53.73666	82.91815	-6.049822	-5.338078	-17.08185	49618.39	109082.8	-31.6726	-4.270463	-6.049822	-6.049822	-17.43772	-4.626335	-8.185054	-5.338078	-17.08185	-4.626335	-8.185054
85.57	-12.81139	714.6406	-560.2988	161.9218	107.1174	-1089.754	-907.4733	-167.9716	-9.964355	46.26334	82.91815	-6.049822	-5.338078	-17.08185	26283.39	30262.77	-31.6726	95.72954	-6.049822	-6.049822	-17.43772	-4.626335	-8.185054	-5.338078	-17.08185	-4.626335	-8.185054
85.86	87.18861	-985.3594	-360.2988	-38.07825	7.117439	-1989.754	292.5267	32.02844	-209.9644	-53.73666	-17.08185	-6.049822	-5.338078	-17.08185	7470.395	33666.77	168.3274	-4.270463	-6.049822	-6.049822	-17.43772	-4.626335	-8.185054	-5.338078	-17.08185	-4.626335	-8.185054
86.14	87.18861	-985.3594	-2161.299	-438.0782	-92.88256	-1789.754	-707.4733	232.0284	-509.9644	-53.73666	-17.08185	-6.049822	-5.338078	-17.08185	18876.39	36670.77	-31.6726	-4.270463	-6.049822	-6.049822	-17.43772	-4.626335	-8.185054	-5.338078	-17.08185	-4.626335	-8.185054
86.43	-12.81139	-585.3594	-961.2988	61.92175	307.1174	-1189.754	192.5267	232.0284	-9.964355	-53.73666	82.91815	-6.049822	-5.338078	-17.08185	36195.39	643.7722	-31.6726	-4.270463	93.95018	293.9502	-17.43772	-4.626335	-8.185054	-5.338078	-17.08185	-4.626335	-8.185054
86.71	87.18861	1014.641	-861.2988	761.9218	7.117439	-989.7544	192.5267	-67.97156	-509.9644	46.26334	-17.08185	-6.049822	-5.338078	-17.08185	22279.39	26658.77	-31.6726	-4.270463	-6.049822	-6.049822	-17.43772	95.37366	-8.185054	-5.338078	-17.08185	95.37366	-8.185054
87	-12.81139	-585.3594	39.70117	61.92175	7.117439	-1989.754	792.5267	-67.97156	690.0356	-53.73666	82.91815	-6.049822	-5.338078	-17.08185	-30.60498	9345.772	-31.6726	-4.270463	-6.049822	193.9502	82.56228	-4.626335	-8.185054	-5.338078	-17.08185	-4.626335	-8.185054
