ElapsedTime_s	Ti49_CPS	Al27_CPS	S33_CPS	Sc45_CPS	V51_CPS	Mn55_CPS	Fe57_CPS	Co59_CPS	Ni60_CPS	Ga71_CPS	Zr90_CPS	Nb93_CPS	Mo97_CPS	In113_CPS	Sn119_CPS	Sn118_CPS	Sb121_CPS	Hf177_CPS	Ta181_CPS	W183_CPS	Pb206_CPS	Th232_CPS	U238_CPS	Tc97_CPS	Cd113_CPS	U232_CPS	Pu238_CPS
0	-12.81139	-885.3594	-761.2988	-238.0782	107.1174	-1189.754	492.5267	-167.9716	390.0356	-53.73666	82.91815	-6.049822	-5.338078	-17.08185	17875.39	2643.772	-31.6726	-4.270463	-6.049822	93.95018	-17.43772	-4.626335	-8.185054	-5.338078	-17.08185	-4.626335	-8.185054
																											
8.16	-12.81139	914.6406	-560.2988	-38.07825	-92.88256	-989.7544	192.5267	32.02844	490.0356	-53.73666	-17.08185	-6.049822	-5.338078	-17.08185	-30.60498	-256.2278	68.3274	-4.270463	-6.049822	-6.049822	-17.43772	-4.626335	-8.185054	-5.338078	-17.08185	-4.626335	-8.185054
8.46	-12.81139	3115.641	-2161.299	261.9218	-92.88256	-1989.754	92.52673	32.02844	-509.9644	246.2633	182.9182	-6.049822	-5.338078	-17.08185	-130.605	-356.2278	-31.6726	-4.270463	-6.049822	93.95018	-17.43772	-4.626335	-8.185054	-5.338078	-17.08185	-4.626335	-8.185054
8.75	-12.81139	714.6406	639.7012	861.9218	-92.88256	-288.7544	-507.4733	32.02844	-9.964355	-53.73666	-17.08185	-6.049822	-5.338078	-17.08185	69.39502	-56.22775	-31.6726	-4.270463	-6.049822	-6.049822	-17.43772	-4.626335	-8.185054	-5.338078	-17.08185	-4.626335	-8.185054
9.04	-12.81139	1414.641	-360.2988	-338.0782	7.117439	-1089.754	-7.473267	-267.9716	-109.9644	46.26334	-17.08185	-6.049822	-5.338078	-17.08185	-30.60498	-356.2278	-31.6726	95.72954	-6.049822	-6.049822	-17.43772	-4.626335	-8.185054	-5.338078	-17.08185	-4.626335	-8.185054
9.32	-12.81139	1314.641	-660.2988	-38.07825	7.117439	11.24561	-407.4733	-67.97156	-109.9644	46.26334	-17.08185	93.95018	-5.338078	82.91815	-130.605	43.77225	-31.6726	-4.270463	-6.049822	-6.049822	82.56228	-4.626335	-8.185054	-5.338078	82.91815	-4.626335	-8.185054
9.61	-12.81139	314.6406	539.7012	461.9218	7.117439	-188.7544	-507.4733	-67.97156	-209.9644	-53.73666	82.91815	-6.049822	-5.338078	-17.08185	-130.605	143.7722	-31.6726	-4.270463	-6.049822	-6.049822	-17.43772	-4.626335	-8.185054	-5.338078	-17.08185	-4.626335	-8.185054
9.89	-12.81139	514.6406	-660.2988	161.9218	207.1174	-588.7544	-407.4733	32.02844	690.0356	146.2633	82.91815	93.95018	-5.338078	82.91815	-30.60498	43.77225	-31.6726	-4.270463	-6.049822	-6.049822	-17.43772	-4.626335	-8.185054	-5.338078	82.91815	-4.626335	-8.185054
10.18	-12.81139	1614.641	-460.2988	-338.0782	7.117439	-388.7544	92.52673	332.0284	190.0356	-53.73666	-17.08185	-6.049822	-5.338078	-17.08185	69.39502	-356.2278	-31.6726	-4.270463	-6.049822	-6.049822	-17.43772	-4.626335	-8.185054	-5.338078	-17.08185	-4.626335	-8.185054
10.46	-12.81139	1014.641	239.7012	61.92175	107.1174	-1189.754	292.5267	-267.9716	-509.9644	-53.73666	-17.08185	-6.049822	-5.338078	-17.08185	69.39502	243.7722	-31.6726	-4.270463	-6.049822	-6.049822	-17.43772	-4.626335	-8.185054	-5.338078	-17.08185	-4.626335	-8.185054
10.75	-12.81139	1314.641	-1061.299	761.9218	-92.88256	-488.7544	192.5267	332.0284	490.0356	246.2633	-17.08185	-6.049822	-5.338078	-17.08185	10971.39	43.77225	68.3274	-4.270463	-6.049822	-6.049822	-17.43772	95.37366	91.81495	-5.338078	-17.08185	95.37366	91.81495
11.03	-12.81139	-85.35938	-861.2988	61.92175	107.1174	-889.7544	-407.4733	232.0284	-609.9644	-53.73666	-17.08185	-6.049822	-5.338078	-17.08185	-30.60498	143.7722	-31.6726	-4.270463	-6.049822	-6.049822	-17.43772	-4.626335	-8.185054	-5.338078	-17.08185	-4.626335	-8.185054
11.32	-12.81139	114.6406	-961.2988	261.9218	307.1174	-889.7544	-1007.473	-267.9716	-9.964355	-53.73666	82.91815	-6.049822	-5.338078	-17.08185	69.39502	43.77225	-31.6726	-4.270463	-6.049822	-6.049822	-17.43772	-4.626335	-8.185054	-5.338078	-17.08185	-4.626335	-8.185054
11.6	-12.81139	414.6406	139.7012	-38.07825	7.117439	-88.75439	192.5267	232.0284	-209.9644	-53.73666	82.91815	-6.049822	-5.338078	-17.08185	3569.395	43.77225	-31.6726	-4.270463	-6.049822	-6.049822	-17.43772	-4.626335	-8.185054	-5.338078	-17.08185	-4.626335	-8.185054
11.89	-12.81139	-785.3594	-160.2988	761.9218	-92.88256	-588.7544	492.5267	-267.9716	-9.964355	146.2633	-17.08185	-6.049822	-5.338078	-17.08185	-30.60498	43.77225	68.3274	-4.270463	-6.049822	93.95018	-17.43772	-4.626335	-8.185054	-5.338078	-17.08185	-4.626335	-8.185054
12.17	-12.81139	-885.3594	-60.29883	-38.07825	7.117439	-288.7544	92.52673	32.02844	-9.964355	46.26334	-17.08185	-6.049822	-5.338078	-17.08185	-30.60498	13798.77	-31.6726	95.72954	-6.049822	-6.049822	-17.43772	-4.626335	-8.185054	-5.338078	-17.08185	-4.626335	-8.185054
12.46	-12.81139	-585.3594	-360.2988	261.9218	-92.88256	411.2456	192.5267	32.02844	-9.964355	-53.73666	-17.08185	-6.049822	-5.338078	-17.08185	-30.60498	-56.22775	-31.6726	-4.270463	-6.049822	-6.049822	-17.43772	-4.626335	-8.185054	-5.338078	-17.08185	-4.626335	-8.185054
12.74	-12.81139	-85.35938	-560.2988	661.9218	207.1174	-1289.754	392.5267	-267.9716	-909.9644	-53.73666	82.91815	-6.049822	-5.338078	82.91815	-30.60498	143.7722	68.3274	-4.270463	-6.049822	93.95018	-17.43772	-4.626335	-8.185054	-5.338078	82.91815	-4.626335	-8.185054
13.03	87.18861	1714.641	239.7012	-338.0782	-92.88256	-1589.754	-1107.473	-267.9716	-9.964355	46.26334	-17.08185	-6.049822	-5.338078	-17.08185	-30.60498	143.7722	-31.6726	-4.270463	-6.049822	-6.049822	-17.43772	-4.626335	-8.185054	-5.338078	-17.08185	-4.626335	-8.185054
13.31	-12.81139	214.6406	239.7012	61.92175	-92.88256	-689.7544	-507.4733	-167.9716	-9.964355	-53.73666	-17.08185	-6.049822	-5.338078	-17.08185	4369.395	-256.2278	-31.6726	-4.270463	-6.049822	-6.049822	82.56228	-4.626335	-8.185054	-5.338078	-17.08185	-4.626335	-8.185054
13.6	-12.81139	814.6406	-60.29883	-38.07825	7.117439	-1189.754	-107.4733	32.02844	-9.964355	-53.73666	-17.08185	-6.049822	-5.338078	-17.08185	-30.60498	143.7722	-31.6726	-4.270463	-6.049822	-6.049822	-17.43772	-4.626335	-8.185054	-5.338078	-17.08185	-4.626335	-8.185054
13.88	87.18861	-285.3594	-1261.299	-538.0782	-92.88256	11.24561	192.5267	32.02844	490.0356	46.26334	-17.08185	-6.049822	-5.338078	-17.08185	69.39502	-56.22775	-31.6726	95.72954	-6.049822	-6.049822	-17.43772	-4.626335	-8.185054	-5.338078	-17.08185	-4.626335	-8.185054
14.17	87.18861	114.6406	-60.29883	-138.0782	-92.88256	-1589.754	-407.4733	-67.97156	-209.9644	-53.73666	-17.08185	-6.049822	-5.338078	82.91815	-30.60498	143.7722	-31.6726	-4.270463	-6.049822	-6.049822	-17.43772	-4.626335	-8.185054	-5.338078	82.91815	-4.626335	-8.185054
14.45	87.18861	714.6406	-60.29883	-438.0782	-92.88256	-1189.754	-107.4733	-67.97156	390.0356	-53.73666	-17.08185	-6.049822	-5.338078	-17.08185	69.39502	20251.77	-31.6726	-4.270463	-6.049822	-6.049822	-17.43772	-4.626335	-8.185054	-5.338078	-17.08185	-4.626335	-8.185054
14.74	-12.81139	1514.641	139.7012	461.9218	107.1174	-789.7544	92.52673	-67.97156	-9.964355	46.26334	-17.08185	-6.049822	-5.338078	-17.08185	2769.395	34768.77	-31.6726	-4.270463	-6.049822	-6.049822	-17.43772	-4.626335	-8.185054	-5.338078	-17.08185	-4.626335	-8.185054
15.02	-12.81139	14.64062	-1161.299	-238.0782	-92.88256	-1089.754	-1007.473	-167.9716	190.0356	46.26334	-17.08185	-6.049822	-5.338078	-17.08185	-30.60498	5844.772	-31.6726	-4.270463	-6.049822	-6.049822	-17.43772	-4.626335	-8.185054	-5.338078	-17.08185	-4.626335	-8.185054
15.31	87.18861	214.6406	-761.2988	-338.0782	-92.88256	-1489.754	-407.4733	-67.97156	290.0356	-53.73666	-17.08185	-6.049822	-5.338078	-17.08185	169.395	40376.77	-31.6726	-4.270463	-6.049822	-6.049822	82.56228	-4.626335	-8.185054	-5.338078	-17.08185	-4.626335	-8.185054
15.59	-12.81139	1314.641	-560.2988	-738.0782	7.117439	-789.7544	-307.4733	132.0284	990.0356	-53.73666	-17.08185	-6.049822	-5.338078	-17.08185	2269.395	43.77225	68.3274	-4.270463	-6.049822	-6.049822	-17.43772	-4.626335	-8.185054	-5.338078	-17.08185	-4.626335	-8.185054
15.88	-12.81139	514.6406	239.7012	-138.0782	7.117439	-689.7544	-107.4733	-67.97156	-9.964355	246.2633	82.91815	-6.049822	-5.338078	-17.08185	-30.60498	543.7722	-31.6726	-4.270463	-6.049822	-6.049822	-17.43772	-4.626335	-8.185054	-5.338078	-17.08185	-4.626335	-8.185054
16.16	-12.81139	714.6406	-60.29883	61.92175	7.117439	-989.7544	-7.473267	532.0284	-109.9644	46.26334	-17.08185	-6.049822	94.66192	-17.08185	-130.605	-156.2278	-31.6726	-4.270463	-6.049822	-6.049822	-17.43772	-4.626335	-8.185054	94.66192	-17.08185	-4.626335	-8.185054
16.45	-12.81139	-785.3594	-460.2988	-238.0782	-92.88256	-1289.754	-507.4733	-167.9716	190.0356	-53.73666	-17.08185	-6.049822	-5.338078	-17.08185	-30.60498	43.77225	-31.6726	-4.270463	-6.049822	-6.049822	-17.43772	-4.626335	-8.185054	-5.338078	-17.08185	-4.626335	-8.185054
16.73	-12.81139	1114.641	139.7012	61.92175	-92.88256	-989.7544	-907.4733	32.02844	-809.9644	46.26334	-17.08185	-6.049822	-5.338078	-17.08185	169.395	343.7722	-31.6726	-4.270463	-6.049822	-6.049822	-17.43772	-4.626335	-8.185054	-5.338078	-17.08185	-4.626335	-8.185054
17.02	-12.81139	414.6406	139.7012	-138.0782	207.1174	1011.246	-7.473267	132.0284	-309.9644	-53.73666	-17.08185	-6.049822	-5.338078	82.91815	10571.39	-156.2278	-31.6726	-4.270463	-6.049822	-6.049822	-17.43772	-4.626335	-8.185054	-5.338078	82.91815	-4.626335	-8.185054
17.3	-12.81139	-285.3594	-360.2988	61.92175	7.117439	-1589.754	-307.4733	-467.9716	-609.9644	-53.73666	82.91815	-6.049822	-5.338078	82.91815	169.395	243.7722	-31.6726	-4.270463	-6.049822	-6.049822	-17.43772	95.37366	-8.185054	-5.338078	82.91815	95.37366	-8.185054
17.59	-12.81139	914.6406	-961.2988	-38.07825	7.117439	-1789.754	692.5267	32.02844	-209.9644	-53.73666	-17.08185	-6.049822	-5.338078	-17.08185	-130.605	-56.22775	-31.6726	-4.270463	-6.049822	-6.049822	-17.43772	-4.626335	-8.185054	-5.338078	-17.08185	-4.626335	-8.185054
17.87	-12.81139	214.6406	-1261.299	-338.0782	-92.88256	-88.75439	-507.4733	-267.9716	-209.9644	46.26334	-17.08185	-6.049822	-5.338078	-17.08185	69.39502	39074.77	-31.6726	-4.270463	-6.049822	-6.049822	-17.43772	-4.626335	-8.185054	-5.338078	-17.08185	-4.626335	-8.185054
18.16	-12.81139	214.6406	839.7012	-738.0782	107.1174	-488.7544	-807.4733	132.0284	-209.9644	-53.73666	82.91815	-6.049822	-5.338078	-17.08185	-30.60498	243.7722	-31.6726	-4.270463	-6.049822	-6.049822	-17.43772	-4.626335	-8.185054	-5.338078	-17.08185	-4.626335	-8.185054
18.44	-12.81139	-1386.359	-761.2988	261.9218	-92.88256	-1389.754	-307.4733	-467.9716	-709.9644	146.2633	-17.08185	-6.049822	-5.338078	-17.08185	69.39502	43.77225	-31.6726	-4.270463	-6.049822	-6.049822	-17.43772	-4.626335	-8.185054	-5.338078	-17.08185	-4.626335	-8.185054
18.73	-12.81139	-885.3594	1339.701	-38.07825	-92.88256	-689.7544	-7.473267	-67.97156	-409.9644	46.26334	-17.08185	-6.049822	-5.338078	-17.08185	-30.60498	-256.2278	-31.6726	-4.270463	-6.049822	-6.049822	82.56228	95.37366	91.81495	-5.338078	-17.08185	95.37366	91.81495
19.01	-12.81139	214.6406	-761.2988	261.9218	-92.88256	-388.7544	-207.4733	-167.9716	-309.9644	46.26334	-17.08185	-6.049822	-5.338078	-17.08185	169.395	43.77225	-31.6726	-4.270463	-6.049822	-6.049822	-17.43772	-4.626335	-8.185054	-5.338078	-17.08185	-4.626335	-8.185054
19.3	-12.81139	414.6406	139.7012	-138.0782	7.117439	-889.7544	392.5267	-367.9716	590.0356	-53.73666	-17.08185	-6.049822	94.66192	-17.08185	69.39502	643.7722	-31.6726	-4.270463	-6.049822	-6.049822	-17.43772	-4.626335	-8.185054	94.66192	-17.08185	-4.626335	-8.185054
19.58	87.18861	314.6406	439.7012	61.92175	-92.88256	611.2456	-307.4733	-167.9716	-1209.964	46.26334	-17.08185	-6.049822	-5.338078	-17.08185	-130.605	-156.2278	-31.6726	-4.270463	-6.049822	-6.049822	-17.43772	-4.626335	-8.185054	-5.338078	-17.08185	-4.626335	-8.185054
19.87	-12.81139	14.64062	139.7012	261.9218	7.117439	-488.7544	-307.4733	32.02844	90.03564	-53.73666	-17.08185	-6.049822	-5.338078	-17.08185	169.395	-56.22775	-31.6726	-4.270463	-6.049822	-6.049822	-17.43772	-4.626335	-8.185054	-5.338078	-17.08185	-4.626335	-8.185054
20.15	87.18861	14.64062	-560.2988	-538.0782	7.117439	-689.7544	-607.4733	-267.9716	290.0356	-53.73666	-17.08185	-6.049822	-5.338078	-17.08185	-30.60498	43.77225	-31.6726	-4.270463	-6.049822	-6.049822	-17.43772	-4.626335	-8.185054	-5.338078	-17.08185	-4.626335	-8.185054
20.44	-12.81139	714.6406	-560.2988	-138.0782	-92.88256	-388.7544	-307.4733	32.02844	-9.964355	146.2633	-17.08185	-6.049822	94.66192	-17.08185	69.39502	243.7722	-31.6726	-4.270463	-6.049822	-6.049822	-17.43772	-4.626335	-8.185054	94.66192	-17.08185	-4.626335	-8.185054
20.72	-12.81139	-585.3594	339.7012	261.9218	-92.88256	-488.7544	-907.4733	-67.97156	290.0356	46.26334	82.91815	-6.049822	-5.338078	-17.08185	169.395	-156.2278	-31.6726	-4.270463	-6.049822	-6.049822	-17.43772	-4.626335	-8.185054	-5.338078	-17.08185	-4.626335	-8.185054
21.01	-12.81139	14.64062	-660.2988	261.9218	-92.88256	-2289.754	192.5267	232.0284	290.0356	-53.73666	-17.08185	-6.049822	-5.338078	-17.08185	69.39502	-56.22775	-31.6726	-4.270463	-6.049822	-6.049822	-17.43772	-4.626335	-8.185054	-5.338078	-17.08185	-4.626335	-8.185054
21.29	-12.81139	1114.641	139.7012	-38.07825	-92.88256	-1389.754	92.52673	432.0284	390.0356	146.2633	-17.08185	-6.049822	-5.338078	-17.08185	69.39502	143.7722	-31.6726	-4.270463	-6.049822	-6.049822	-17.43772	-4.626335	-8.185054	-5.338078	-17.08185	-4.626335	-8.185054
21.58	-12.81139	414.6406	-360.2988	-638.0782	-92.88256	-1689.754	-307.4733	-67.97156	90.03564	146.2633	-17.08185	-6.049822	-5.338078	-17.08185	-130.605	43.77225	-31.6726	-4.270463	-6.049822	-6.049822	-17.43772	-4.626335	-8.185054	-5.338078	-17.08185	-4.626335	-8.185054
21.86	-12.81139	914.6406	39.70117	161.9218	-92.88256	-1689.754	92.52673	-67.97156	490.0356	-53.73666	82.91815	-6.049822	-5.338078	-17.08185	69.39502	-56.22775	68.3274	-4.270463	-6.049822	-6.049822	-17.43772	95.37366	-8.185054	-5.338078	-17.08185	95.37366	-8.185054
22.15	187.1886	114.6406	-460.2988	-38.07825	-92.88256	-1589.754	-507.4733	232.0284	-209.9644	146.2633	-17.08185	-6.049822	-5.338078	-17.08185	-130.605	243.7722	-31.6726	-4.270463	-6.049822	-6.049822	-17.43772	-4.626335	-8.185054	-5.338078	-17.08185	-4.626335	-8.185054
22.43	-12.81139	714.6406	-660.2988	-338.0782	-92.88256	-188.7544	-707.4733	-367.9716	-209.9644	46.26334	-17.08185	-6.049822	-5.338078	-17.08185	-130.605	343.7722	-31.6726	-4.270463	-6.049822	-6.049822	-17.43772	-4.626335	-8.185054	-5.338078	-17.08185	-4.626335	-8.185054
22.72	-12.81139	-385.3594	939.7012	-38.07825	-92.88256	-1089.754	292.5267	32.02844	-209.9644	146.2633	-17.08185	-6.049822	-5.338078	82.91815	69.39502	143.7722	-31.6726	95.72954	-6.049822	-6.049822	-17.43772	-4.626335	-8.185054	-5.338078	82.91815	-4.626335	-8.185054
23	-12.81139	-585.3594	339.7012	261.9218	7.117439	-1789.754	-507.4733	-267.9716	190.0356	-53.73666	-17.08185	-6.049822	-5.338078	-17.08185	69.39502	43.77225	-31.6726	-4.270463	-6.049822	-6.049822	-17.43772	95.37366	-8.185054	-5.338078	-17.08185	95.37366	-8.185054
23.29	87.18861	-485.3594	-761.2988	-338.0782	7.117439	-1389.754	392.5267	332.0284	90.03564	46.26334	-17.08185	-6.049822	-5.338078	-17.08185	69.39502	43.77225	-31.6726	-4.270463	-6.049822	-6.049822	-17.43772	-4.626335	-8.185054	-5.338078	-17.08185	-4.626335	-8.185054
23.57	87.18861	414.6406	-260.2988	-138.0782	-92.88256	-1889.754	-407.4733	132.0284	690.0356	46.26334	-17.08185	-6.049822	-5.338078	-17.08185	-30.60498	-56.22775	-31.6726	-4.270463	-6.049822	-6.049822	-17.43772	-4.626335	-8.185054	-5.338078	-17.08185	-4.626335	-8.185054
23.86	-12.81139	114.6406	-1961.299	61.92175	-92.88256	-488.7544	192.5267	432.0284	-609.9644	46.26334	-17.08185	-6.049822	-5.338078	82.91815	69.39502	-256.2278	-31.6726	-4.270463	-6.049822	-6.049822	-17.43772	-4.626335	-8.185054	-5.338078	82.91815	-4.626335	-8.185054
24.14	87.18861	1614.641	-1961.299	-338.0782	7.117439	-1189.754	492.5267	-267.9716	-709.9644	46.26334	-17.08185	-6.049822	-5.338078	82.91815	169.395	43.77225	-31.6726	-4.270463	-6.049822	-6.049822	-17.43772	-4.626335	291.8149	-5.338078	82.91815	-4.626335	291.8149
24.43	87.18861	-985.3594	-1361.299	-138.0782	-92.88256	-789.7544	-7.473267	-167.9716	-509.9644	-53.73666	82.91815	-6.049822	-5.338078	-17.08185	-30.60498	-56.22775	-31.6726	-4.270463	-6.049822	-6.049822	-17.43772	-4.626335	-8.185054	-5.338078	-17.08185	-4.626335	-8.185054
24.71	-12.81139	114.6406	-360.2988	261.9218	-92.88256	-1989.754	-607.4733	-267.9716	490.0356	-53.73666	-17.08185	-6.049822	-5.338078	82.91815	-30.60498	-156.2278	-31.6726	-4.270463	-6.049822	-6.049822	-17.43772	-4.626335	-8.185054	-5.338078	82.91815	-4.626335	-8.185054
25	-12.81139	914.6406	-360.2988	-338.0782	7.117439	-889.7544	-7.473267	-67.97156	690.0356	-53.73666	-17.08185	-6.049822	-5.338078	-17.08185	69.39502	-156.2278	168.3274	95.72954	-6.049822	-6.049822	-17.43772	-4.626335	-8.185054	-5.338078	-17.08185	-4.626335	-8.185054
25.28	-12.81139	-85.35938	-761.2988	261.9218	-92.88256	-188.7544	192.5267	-367.9716	90.03564	46.26334	-17.08185	-6.049822	-5.338078	-17.08185	169.395	43.77225	-31.6726	-4.270463	-6.049822	-6.049822	-17.43772	-4.626335	91.81495	-5.338078	-17.08185	-4.626335	91.81495
25.57	-12.81139	-1285.359	-1461.299	561.9218	7.117439	-488.7544	692.5267	-267.9716	390.0356	146.2633	82.91815	-6.049822	-5.338078	-17.08185	-30.60498	-56.22775	-31.6726	-4.270463	-6.049822	-6.049822	82.56228	-4.626335	-8.185054	-5.338078	-17.08185	-4.626335	-8.185054
25.85	-12.81139	-185.3594	-761.2988	-138.0782	-92.88256	-689.7544	292.5267	-267.9716	-9.964355	-53.73666	-17.08185	-6.049822	-5.338078	-17.08185	69.39502	143.7722	-31.6726	-4.270463	-6.049822	-6.049822	-17.43772	95.37366	-8.185054	-5.338078	-17.08185	95.37366	-8.185054
26.14	87.18861	-585.3594	-1161.299	861.9218	7.117439	-488.7544	492.5267	-67.97156	1090.036	46.26334	-17.08185	-6.049822	-5.338078	-17.08185	69.39502	-356.2278	-31.6726	-4.270463	93.95018	-6.049822	-17.43772	-4.626335	-8.185054	-5.338078	-17.08185	-4.626335	-8.185054
26.42	-12.81139	-685.3594	39.70117	-238.0782	7.117439	-1989.754	-407.4733	-167.9716	90.03564	-53.73666	-17.08185	-6.049822	-5.338078	-17.08185	-130.605	-156.2278	68.3274	-4.270463	-6.049822	-6.049822	182.5623	-4.626335	-8.185054	-5.338078	-17.08185	-4.626335	-8.185054
26.71	-12.81139	-785.3594	-660.2988	-38.07825	7.117439	-388.7544	-1007.473	132.0284	-909.9644	-53.73666	-17.08185	-6.049822	-5.338078	82.91815	-30.60498	43.77225	-31.6726	-4.270463	93.95018	-6.049822	-17.43772	-4.626335	-8.185054	-5.338078	82.91815	-4.626335	-8.185054
26.99	-12.81139	-185.3594	-360.2988	161.9218	7.117439	-188.7544	-307.4733	-167.9716	-109.9644	46.26334	82.91815	-6.049822	-5.338078	-17.08185	69.39502	-56.22775	-31.6726	-4.270463	-6.049822	-6.049822	-17.43772	-4.626335	-8.185054	-5.338078	-17.08185	-4.626335	-8.185054
27.28	-12.81139	314.6406	-360.2988	61.92175	207.1174	-288.7544	-707.4733	32.02844	490.0356	-53.73666	-17.08185	-6.049822	-5.338078	-17.08185	-130.605	47689.77	-31.6726	-4.270463	-6.049822	-6.049822	-17.43772	-4.626335	-8.185054	-5.338078	-17.08185	-4.626335	-8.185054
27.56	-12.81139	14.64062	-260.2988	-438.0782	-92.88256	-889.7544	-7.473267	332.0284	-509.9644	146.2633	-17.08185	-6.049822	-5.338078	-17.08185	69.39502	-156.2278	-31.6726	-4.270463	-6.049822	-6.049822	-17.43772	-4.626335	-8.185054	-5.338078	-17.08185	-4.626335	-8.185054
27.85	-12.81139	-185.3594	-1661.299	-238.0782	7.117439	-188.7544	-107.4733	332.0284	90.03564	-53.73666	-17.08185	-6.049822	-5.338078	-17.08185	69.39502	43.77225	-31.6726	-4.270463	-6.049822	-6.049822	-17.43772	-4.626335	-8.185054	-5.338078	-17.08185	-4.626335	-8.185054
28.13	-12.81139	-985.3594	-1461.299	61.92175	7.117439	-1489.754	192.5267	-367.9716	-309.9644	-53.73666	-17.08185	-6.049822	-5.338078	-17.08185	-130.605	243.7722	-31.6726	-4.270463	-6.049822	-6.049822	-17.43772	-4.626335	-8.185054	-5.338078	-17.08185	-4.626335	-8.185054
28.42	-12.81139	1014.641	-460.2988	-238.0782	-92.88256	-689.7544	-107.4733	-367.9716	-309.9644	246.2633	-17.08185	-6.049822	-5.338078	-17.08185	-30.60498	43.77225	-31.6726	-4.270463	-6.049822	-6.049822	82.56228	-4.626335	-8.185054	-5.338078	-17.08185	-4.626335	-8.185054
28.7	-12.81139	-385.3594	-460.2988	-238.0782	407.1174	-288.7544	-507.4733	132.0284	90.03564	-53.73666	-17.08185	-6.049822	-5.338078	-17.08185	169.395	143.7722	68.3274	-4.270463	-6.049822	-6.049822	-17.43772	-4.626335	-8.185054	-5.338078	-17.08185	-4.626335	-8.185054
28.99	-12.81139	70030.64	739.7012	261.9218	-92.88256	3312.246	27109.53	-67.97156	490.0356	46.26334	182.9182	93.95018	-5.338078	-17.08185	70067.4	35268.77	-31.6726	-4.270463	293.9502	93.95018	182.5623	-4.626335	91.81495	-5.338078	-17.08185	-4.626335	91.81495
29.27	-12.81139	2381452	239.7012	561.9218	107.1174	35644.25	211499.5	-167.9716	390.0356	1446.263	2782.918	593.9502	-5.338078	82.91815	35494.39	92515.77	-31.6726	-4.270463	693.9502	93.95018	1082.562	-4.626335	491.8149	-5.338078	82.91815	-4.626335	491.8149
29.56	287.1886		239.7012	561.9218	707.1174	63205.25	319545.5	-267.9716	-309.9644	3646.263	2882.918	593.9502	-5.338078	-17.08185	28786.39	85992.77	-31.6726	195.7295	393.9502	193.9502	1082.562	95.37366	391.8149	-5.338078	-17.08185	95.37366	391.8149
29.85	287.1886		139.7012	261.9218	607.1174	88989.24	362935.5	32.02844	-409.9644	3246.263	3582.918	593.9502	-5.338078	82.91815	34092.39	197822.8	-31.6726	95.72954	293.9502	93.95018	1582.562	-4.626335	291.8149	-5.338078	82.91815	-4.626335	291.8149
30.13	487.1886		539.7012	1461.922	707.1174	82566.24	395933.5	-367.9716	190.0356	4446.263	5283.918	793.9502	94.66192	82.91815	39400.39	121640.8	-31.6726	95.72954	193.9502	393.9502	582.5623	195.3737	291.8149	94.66192	82.91815	195.3737	291.8149
30.41	87.18861		1639.701	1861.922	1107.117	97422.24	455437.5	32.02844	-9.964355	5847.263	5583.918	793.9502	-5.338078	-17.08185	53326.39	109886.8	-31.6726	95.72954	293.9502	293.9502	1482.562	-4.626335	391.8149	-5.338078	-17.08185	-4.626335	391.8149
30.71	87.18861		2539.701	1261.922	1007.117	108068.2	516206.5	-467.9716	490.0356	3546.263	5283.918	493.9502	-5.338078	82.91815	49819.39	948172.8	-31.6726	95.72954	493.9502	393.9502	1182.562	-4.626335	591.8149	-5.338078	82.91815	-4.626335	591.8149
31	287.1886		939.7012	1161.922	1107.117	105356.2	448375.5	32.02844	-109.9644	3646.263	5483.918	693.9502	-5.338078	-17.08185	101977.4	118625.8	-31.6726	195.7295	593.9502	393.9502	2682.562	-4.626335	391.8149	-5.338078	-17.08185	-4.626335	391.8149
31.28	287.1886		1739.701	2261.922	1007.117	109475.2	538061.5	432.0284	90.03564	4146.263	7183.918	2093.95	-5.338078	82.91815	50320.39	148183.8	-31.6726	395.7295	193.9502	193.9502	1082.562	195.3737	391.8149	-5.338078	82.91815	195.3737	391.8149
31.57	387.1886		1339.701	2361.922	1007.117	114096.2	535303.5	532.0284	890.0356	5547.263	6583.918	1293.95	94.66192	-17.08185	110714.4	159452.8	-31.6726	195.7295	193.9502	293.9502	1682.562	395.3737	791.8149	94.66192	-17.08185	395.3737	791.8149
31.85	687.1886		2039.701	1161.922	1307.117	115101.2	591656.5	432.0284	190.0356	4046.263	10084.92	1293.95	-5.338078	-17.08185	58538.39	149390.8	-31.6726	295.7295	393.9502	1193.95	2782.562	-4.626335	891.8149	-5.338078	-17.08185	-4.626335	891.8149
32.14	587.1886		2539.701	1661.922	1507.117	118618.2	566992.5	-167.9716	690.0356	3846.263	7283.918	1193.95	-5.338078	-17.08185	119354.4	211978.8	-31.6726	395.7295	93.95018	293.9502	1682.562	-4.626335	691.8149	-5.338078	-17.08185	-4.626335	691.8149
32.44	587.1886		2940.701	1461.922	707.1174	122236.2	616241.5	-267.9716	90.03564	6347.263	6183.918	893.9502	-5.338078	-17.08185	126771.4	537583.8	-31.6726	195.7295	593.9502	93.95018	1282.562	195.3737	391.8149	-5.338078	-17.08185	195.3737	391.8149
32.73	787.1886		1639.701	661.9218	1407.117	151301.2	668974.5	32.02844	190.0356	4846.263	6883.918	1093.95	-5.338078	82.91815	92039.4	302061.8	-31.6726	595.7296	493.9502	393.9502	2182.562	195.3737	391.8149	-5.338078	82.91815	195.3737	391.8149
33.02	687.1886		2039.701	1861.922	607.1174	130882.2	681404.5	-467.9716	-9.964355	4146.263	6383.918	1093.95	-5.338078	-17.08185	105090.4	353542.8	68.3274	195.7295	593.9502	-6.049822	1682.562	95.37366	491.8149	-5.338078	-17.08185	95.37366	491.8149
33.3	287.1886		1339.701	1261.922	1707.117	124950.2	660041.5	-367.9716	-309.9644	4546.263	6683.918	1193.95	-5.338078	-17.08185	113125.4	306009.8	68.3274	395.7295	393.9502	193.9502	1482.562	95.37366	991.8149	-5.338078	-17.08185	95.37366	991.8149
33.59	487.1886		3940.701	961.9218	1207.117	124146.2	643210.5	-67.97156	490.0356	4646.263	7083.918	1193.95	-5.338078	82.91815	138754.4	431135.8	-31.6726	295.7295	393.9502	493.9502	1382.562	195.3737	791.8149	-5.338078	82.91815	195.3737	791.8149
33.87	187.1886		1839.701	1861.922	907.1174	124850.2	626697.5	232.0284	-309.9644	7547.263	6983.918	1493.95	-5.338078	-17.08185	141268.4	369357.8	68.3274	395.7295	193.9502	-6.049822	1482.562	95.37366	291.8149	-5.338078	-17.08185	95.37366	291.8149
34.16	287.1886		2139.701	1761.922	1607.117	126860.2	626082.5	332.0284	490.0356	5847.263	7983.918	1293.95	-5.338078	-17.08185	177498.4	493473.8	-31.6726	195.7295	293.9502	193.9502	1782.562	-4.626335	691.8149	-5.338078	-17.08185	-4.626335	691.8149
34.44	287.1886		2940.701	1061.922	1607.117	126961.2	648956.5	332.0284	490.0356	4146.263	7783.918	1293.95	94.66192	-17.08185	227904.4	659333.8	168.3274	395.7295	493.9502	393.9502	1782.562	195.3737	591.8149	94.66192	-17.08185	195.3737	591.8149
34.73	187.1886		2839.701	1961.922	1107.117	134904.2	610912.5	-67.97156	90.03564	5247.263	8083.918	1593.95	-5.338078	-17.08185	311601.4	878939.8	-31.6726	595.7296	2593.95	293.9502	2082.562	95.37366	191.8149	-5.338078	-17.08185	95.37366	191.8149
35.01	287.1886		4140.701	2261.922	1207.117	122437.2	521004.5	732.0284	-709.9644	5347.263	8784.918	1993.95	-5.338078	-17.08185	3004450	7070172	168.3274	395.7295	393.9502	293.9502	3082.562	195.3737	691.8149	-5.338078	-17.08185	195.3737	691.8149
35.3	987.1886		2940.701	3661.922	2007.117	116809.2	506306.5	732.0284	390.0356	5347.263	12185.92	1293.95	-5.338078	82.91815	1.662056e+07	4.161876e+07	-31.6726	495.7295	593.9502	993.9502	6683.562	95.37366	1191.815	-5.338078	82.91815	95.37366	1191.815
35.58	2887.189		2339.701	4962.922	6008.118	102644.2	484988.5	332.0284	890.0356	5447.263	16187.92	1493.95	-5.338078	182.9182	3.616767e+07	1.090941e+08	168.3274	1195.729	693.9502	3493.95	9584.562	95.37366	891.8149	-5.338078	182.9182	95.37366	891.8149
35.87	2787.189		3040.701	7763.922	9209.117	89390.24	409754.5	1332.028	690.0356	5547.263	16888.92	1293.95	-5.338078	582.9182	5.522165e+07	1.50188e+08	568.3274	995.7296	593.9502	5494.95	8483.562	295.3737	891.8149	-5.338078	582.9182	295.3737	891.8149
36.16	3787.189		4840.701	8463.922	11009.12	73234.24	327954.5	1232.028	1490.036	6247.263	20090.92	493.9502	-5.338078	582.9182	7.160044e+07	1.421768e+08	768.3274	995.7296	493.9502	6494.95	10484.56	195.3737	691.8149	-5.338078	582.9182	195.3737	691.8149
36.45	4287.188		4940.701	17768.92	15112.12	51175.25	294323.5	2132.028	2390.036	8447.264	26296.92	1493.95	-5.338078	182.9182	8.858978e+07	2.182882e+08	768.3274	1095.729	793.9502	14597.95	10184.56	195.3737	1691.815	-5.338078	182.9182	195.3737	1691.815
36.73	4287.188	4316168	4340.701	28579.92	14411.12	48068.25	232990.5	3032.028	1390.036	8648.264	27397.92	1693.95	-5.338078	382.9182	9.332021e+07	2.904044e+08	1268.327	895.7296	193.9502	19901.95	8984.562	-4.626335	1291.815	-5.338078	382.9182	-4.626335	1291.815
37.02	3687.189	3506179	4640.701	43200.92	15112.12	43759.25	182872.5	1832.028	4491.036	11549.26	34205.92	993.9502	-5.338078	1082.918	1.05152e+08	2.783843e+08	1468.327	1195.729	293.9502	40326.95	9484.562	195.3737	1691.815	-5.338078	1082.918	195.3737	1691.815
37.31	3687.189	2876134	2539.701	64647.92	14311.12	30536.25	179951.5	1632.028	3991.036	17752.26	40615.92	1793.95	-5.338078	1782.918	1.167753e+08	3.384877e+08	2968.327	1895.729	393.9502	58060.95	11084.56	-4.626335	2891.815	-5.338078	1782.918	-4.626335	2891.815
37.59	2787.189	2385294	3840.701	81196.92	15712.12	28233.25	164444.5	2432.028	4291.036	21956.26	44522.92	993.9502	-5.338078	1882.918	1.206679e+08	3.525128e+08	2168.327	1095.729	393.9502	70793.95	9184.562	-4.626335	4591.815	-5.338078	1882.918	-4.626335	4591.815
37.88	2487.189	1958943	3440.701	98459.92	13110.12	38048.25	142407.5	1832.028	2090.036	23857.26	42318.92	993.9502	-5.338078	2582.918	1.218058e+08	2.423258e+08	3468.327	1395.729	193.9502	85037.95	10684.56	-4.626335	4591.815	-5.338078	2582.918	-4.626335	4591.815
38.16	1987.189	1541388	2839.701	124978.9	14912.12	22125.25	124611.5	2632.028	1590.036	26560.26	50333.92	1093.95	-5.338078	2082.918	1.206825e+08	3.344805e+08	4468.328	1695.729	193.9502	94772.95	11185.56	-4.626335	6092.815	-5.338078	2082.918	-4.626335	6092.815
38.45	3087.189	1332744	1839.701	136438.9	11910.12	12817.25	108435.5	2132.028	4091.036	25960.26	54040.92	1293.95	-5.338078	3282.918	1.224479e+08	3.364841e+08	3668.327	2195.729	293.9502	106420	10684.56	-4.626335	4191.815	-5.338078	3282.918	-4.626335	4191.815
38.74	2287.189	1067702	4040.701	159877.9	13711.12	9715.246	97891.52	3632.028	3491.036	27561.26	60756.92	1093.95	-5.338078	2482.918	1.23528e+08	3.645347e+08	4568.328	2095.729	693.9502	106520	10684.56	-4.626335	5092.815	-5.338078	2482.918	-4.626335	5092.815
39.02	1987.189	961701.6	4140.701	198756.9	13711.12	16120.25	81330.52	2332.028	2690.036	22856.26	74994.92	1493.95	-5.338078	1882.918	1.350647e+08	3.32477e+08	5069.328	3895.729	293.9502	104512	12885.56	-4.626335	4591.815	-5.338078	1882.918	-4.626335	4591.815
39.31	2987.189	752355.6	3840.701	260017.9	13211.12	7914.246	82534.52	2332.028	3290.036	24858.26	92152.92	1093.95	-5.338078	2582.918	1.359436e+08	3.244629e+08	4168.328	3895.729	193.9502	87446.95	10584.56	-4.626335	3091.815	-5.338078	2582.918	-4.626335	3091.815
39.6	3287.189	659566.6	3340.701	267495.9	12610.12	8114.246	65282.53	1932.028	4391.036	19854.26	83321.92	1393.95	-5.338078	2282.918	1.374088e+08	3.62531e+08	3968.327	4095.729	-6.049822	76811.95	9084.562	-4.626335	3791.815	-5.338078	2282.918	-4.626335	3791.815
39.88	4087.189	529598.6	1639.701	243249.9	15212.12	5513.246	51850.53	3132.028	4191.036	15151.26	93758.92	1493.95	-5.338078	2382.918	1.30586e+08	3.364841e+08	2968.327	4195.729	193.9502	73701.95	9884.562	-4.626335	2891.815	-5.338078	2382.918	-4.626335	2891.815
40.17	3687.189	498663.6	5240.701	221245.9	27122.12	4812.246	38625.53	2932.028	3791.036	15751.26	93155.92	993.9502	-5.338078	2382.918	1.37995e+08	3.90583e+08	1868.327	3795.729	393.9502	63273.95	10184.56	-4.626335	2791.815	-5.338078	2382.918	-4.626335	2791.815
40.46	7088.188	388609.6	2839.701	189283.9	31927.12	6013.246	34318.53	2132.028	4591.036	14750.26	78605.92	393.9502	-5.338078	1782.918	1.391864e+08	4.00602e+08	1768.327	3395.729	293.9502	59163.95	13586.56	-4.626335	1591.815	-5.338078	1782.918	-4.626335	1591.815
40.74	8689.188	333913.6	5040.701	172763.9	32829.12	1611.246	31715.53	2132.028	3290.036	11249.26	84926.92	293.9502	-5.338078	1482.918	1.431637e+08	4.066135e+08	1268.327	4095.729	93.95018	68487.95	14286.56	-4.626335	2191.815	-5.338078	1482.918	-4.626335	2191.815
41.03	6988.188	250829.6	4640.701	172461.9	31327.12	3812.246	30813.53	1732.028	3190.036	9048.264	77903.92	393.9502	-5.338078	982.9182	1.234112e+08	3.565201e+08	2468.327	3495.729	193.9502	49342.95	11885.56	-4.626335	1391.815	-5.338078	982.9182	-4.626335	1391.815
41.31	6488.188	202885.6	4540.701	164407.9	22317.12	2011.246	26208.53	3232.028	3390.036	18653.26	77703.92	-6.049822	-5.338078	2482.918	1.260544e+08	3.344805e+08	1368.327	2795.729	93.95018	52348.95	9484.562	-4.626335	891.8149	-5.338078	2482.918	-4.626335	891.8149
41.6	5888.188	197441.6	3440.701	162695.9	18114.12	1311.246	22804.53	2432.028	3290.036	9948.264	72688.92	593.9502	-5.338078	2382.918	1.317125e+08	3.62531e+08	1068.327	2395.729	-6.049822	66983.95	10184.56	-4.626335	991.8149	-5.338078	2382.918	-4.626335	991.8149
41.88	6188.188	178494.6	2539.701	152330.9	13911.12	811.2456	25807.53	2632.028	3491.036	11649.26	76700.92	293.9502	-5.338078	4282.918	1.297231e+08	3.485056e+08	1268.327	3095.729	-6.049822	96780.95	8784.562	-4.626335	1391.815	-5.338078	4282.918	-4.626335	1391.815
42.17	7588.188	131492.6	4540.701	156355.9	9409.117	3312.246	23004.53	1632.028	3491.036	15551.26	87334.92	793.9502	-5.338078	5083.918	1.369691e+08	3.665384e+08	2468.327	2695.729	93.95018	201906	10784.56	-4.626335	2091.815	-5.338078	5083.918	-4.626335	2091.815
42.46	9189.188	202583.6	3040.701	157059.9	7908.118	411.2456	26909.53	2132.028	4191.036	19654.26	86431.92	1793.95	-5.338078	4382.918	1.378045e+08	3.885793e+08	2468.327	3295.729	-6.049822	248624	10084.56	-4.626335	3791.815	-5.338078	4382.918	-4.626335	3791.815
42.74	14491.19	112395.6	3040.701	150720.9	7308.118	11.24561	30513.53	3132.028	2690.036	28262.26	81816.92	793.9502	-5.338078	5183.918	1.422628e+08	3.965944e+08	1968.327	3695.729	93.95018	224397	12185.56	-4.626335	2991.815	-5.338078	5183.918	-4.626335	2991.815
43.03	21596.19	85481.64	4140.701	145087.9	7608.118	-588.7544	33818.53	2932.028	3591.036	32167.26	83220.92	793.9502	-5.338078	3782.918	1.481669e+08	3.645347e+08	1768.327	2995.729	93.95018	208762	11985.56	-4.626335	2791.815	-5.338078	3782.918	-4.626335	2791.815
43.31	25600.19	86284.64	3940.701	123169.9	8909.117	711.2456	34018.53	1932.028	4491.036	34069.26	71284.92	1893.95	-5.338078	4282.918	1.497695e+08	3.725494e+08	1768.327	2195.729	-6.049822	179335	11685.56	-4.626335	3291.815	-5.338078	4282.918	-4.626335	3291.815
43.6	31807.19	65316.64	5040.701	109907.9	7708.118	-88.75439	30713.53	832.0284	3891.036	31766.26	68977.92	993.9502	94.66192	3782.918	1.415438e+08	4.186367e+08	2268.327	3495.729	93.95018	137370	9384.562	-4.626335	2391.815	94.66192	3782.918	-4.626335	2391.815
43.89	28103.19	47671.64	4940.701	84306.92	9009.117	-989.7544	27109.53	3332.028	4591.036	26560.26	71384.92	893.9502	-5.338078	4082.918	1.306153e+08	4.046097e+08	1768.327	2195.729	293.9502	120383	9984.562	95.37366	2591.815	-5.338078	4082.918	95.37366	2591.815
44.17	33309.19	57194.64	4440.701	84908.92	8208.117	611.2456	35119.53	1632.028	3991.036	25459.26	67272.92	593.9502	-5.338078	3082.918	1.531072e+08	4.106212e+08	2168.327	2695.729	393.9502	96680.95	11785.56	-4.626335	2891.815	-5.338078	3082.918	-4.626335	2891.815
44.46	27402.19	51781.64	3440.701	72369.92	7608.118	1011.246	37423.53	3232.028	4091.036	26560.26	66069.92	793.9502	-5.338078	3882.918	1.439215e+08	3.525128e+08	2268.327	995.7296	-6.049822	78315.95	10184.56	-4.626335	2391.815	-5.338078	3882.918	-4.626335	2391.815
44.74	26401.19	75547.64	4940.701	63645.92	8008.118	411.2456	37924.53	2032.028	3491.036	26060.26	60355.92	93.95018	-5.338078	4182.918	1.400476e+08	4.046097e+08	2768.327	1995.729	-6.049822	66882.95	11785.56	-4.626335	2791.815	-5.338078	4182.918	-4.626335	2791.815
45.03	25700.19	31742.64	4440.701	65750.92	9109.117	1511.246	40428.53	3132.028	3891.036	27561.26	61257.92	593.9502	-5.338078	3682.918	1.438187e+08	3.925868e+08	3168.327	1695.729	93.95018	61569.95	10484.56	-4.626335	3791.815	-5.338078	3682.918	-4.626335	3791.815
45.32	26301.19	39455.64	5040.701	60236.92	13611.12	211.2456	49044.53	3232.028	4691.036	29163.26	63262.92	693.9502	-5.338078	3182.918	1.498577e+08	3.725494e+08	3068.327	1295.729	193.9502	62772.95	10884.56	-4.626335	3091.815	-5.338078	3182.918	-4.626335	3091.815
45.6	25600.19	30841.64	3940.701	54523.92	16212.12	-288.7544	40929.53	2032.028	3991.036	24458.26	60656.92	493.9502	-5.338078	3582.918	1.630508e+08	4.406799e+08	2568.327	1595.729	-6.049822	100496	11084.56	-4.626335	3691.815	-5.338078	3582.918	-4.626335	3691.815
45.89	30405.19	25633.64	4940.701	58231.92	20215.12	-488.7544	42932.53	2432.028	4291.036	27361.26	60756.92	793.9502	-5.338078	3682.918	1.375846e+08	4.406799e+08	3668.327	1095.729	93.95018	186487	11185.56	-4.626335	3991.815	-5.338078	3682.918	-4.626335	3991.815
46.17	33509.19	31742.64	3540.701	56327.92	22117.12	311.2456	41630.53	2332.028	3090.036	23958.26	63563.92	1293.95	-5.338078	2782.918	1.431637e+08	3.645347e+08	3268.327	1595.729	93.95018	438811.9	10984.56	-4.626335	4791.815	-5.338078	2782.918	-4.626335	4791.815
46.46	33209.19	33445.64	3140.701	57329.92	22717.12	1411.246	34018.53	2632.028	3591.036	21956.26	65267.92	3393.95	-5.338078	3582.918	1.357971e+08	3.725494e+08	3068.327	1495.729	-6.049822	696769.9	10284.56	-4.626335	4191.815	-5.338078	3582.918	-4.626335	4191.815
46.75	34811.19	18125.64	2139.701	48710.92	19214.12	211.2456	35720.53	2232.028	3791.036	20655.26	71384.92	4493.95	-5.338078	2082.918	1.40781e+08	4.266523e+08	3268.327	2795.729	-6.049822	974732.9	12785.56	-4.626335	4891.815	-5.338078	2082.918	-4.626335	4891.815
47.03	33409.19	33645.64	1339.701	40095.92	17713.12	111.2456	32115.53	3232.028	2590.036	17852.26	74292.92	6994.95	94.66192	2382.918	1.383908e+08	3.585237e+08	3168.327	2395.729	193.9502	1060000	11485.56	-4.626335	5092.815	94.66192	2382.918	-4.626335	5092.815
47.32	34911.19	19526.64	3540.701	37391.92	12910.12	2811.246	32215.53	2632.028	2490.036	18653.26	65568.92	7194.95	-5.338078	3582.918	1.450815e+08	4.106212e+08	2968.327	2695.729	193.9502	917216.9	11485.56	-4.626335	5292.815	-5.338078	3582.918	-4.626335	5292.815
47.6	36814.19	28337.64	3940.701	42198.92	14311.12	2311.246	34218.53	3232.028	3891.036	18153.26	63964.92	7694.95	-5.338078	2582.918	1.389185e+08	3.2847e+08	2668.327	1295.729	593.9502	731336.9	9884.562	-4.626335	4091.815	-5.338078	2582.918	-4.626335	4091.815
47.89	37315.19	69027.64	2539.701	39093.92	14611.12	711.2456	31715.53	2632.028	4691.036	17452.26	61357.92	3393.95	-5.338078	3182.918	1.409717e+08	4.046097e+08	2368.327	2395.729	93.95018	558257.9	11685.56	-4.626335	3791.815	-5.338078	3182.918	-4.626335	3791.815
48.18	29504.19	23231.64	4140.701	42098.92	13411.12	1111.246	33517.53	3132.028	6191.036	18053.26	62660.92	4193.95	-5.338078	2882.918	1.272546e+08	4.787569e+08	2968.327	1695.729	-6.049822	451331.9	9484.562	-4.626335	3491.815	-5.338078	2882.918	-4.626335	3491.815
48.46	29404.19	21228.64	4740.701	34987.92	11510.12	1311.246	32115.53	2832.028	3491.036	19454.26	57849.92	3593.95	94.66192	2482.918	1.212888e+08	4.166328e+08	5269.328	1795.729	93.95018	363010.9	12885.56	95.37366	2091.815	94.66192	2482.918	95.37366	2091.815
48.75	27702.19	20227.64	3240.701	37190.92	9309.117	711.2456	37523.53	2632.028	3491.036	21956.26	58551.92	3893.95	-5.338078	2182.918	1.292432e+08	3.705457e+08	4968.328	1895.729	193.9502	280862.9	15687.56	-4.626335	3991.815	-5.338078	2182.918	-4.626335	3991.815
49.04	30405.19	53384.64	3340.701	35988.92	12410.12	411.2456	37824.53	2932.028	3491.036	19454.26	52738.92	3693.95	194.6619	3882.918	1.384934e+08	3.965944e+08	6269.328	1395.729	93.95018	247513	13085.56	-4.626335	3791.815	194.6619	3882.918	-4.626335	3791.815
49.32	23398.19	21729.64	2439.701	35488.92	11710.12	2111.246	38324.53	1932.028	3591.036	20655.26	55043.92	1393.95	-5.338078	4482.918	1.392264e+08	4.046097e+08	6269.328	2195.729	193.9502	223287	11785.56	-4.626335	3091.815	-5.338078	4482.918	-4.626335	3091.815
49.61	23198.19	25834.64	5641.701	36389.92	11610.12	1311.246	47340.53	2832.028	4291.036	18453.26	51435.92	2593.95	-5.338078	3682.918	1.338494e+08	3.46502e+08	4768.328	1095.729	193.9502	176616	11485.56	-4.626335	3691.815	-5.338078	3682.918	-4.626335	3691.815
49.89	21897.19	20027.64	3340.701	32984.92	12810.12	2711.246	37523.53	1332.028	2990.036	19153.26	53439.92	1493.95	94.66192	3782.918	1.431875e+08	3.32477e+08	5369.328	995.7296	393.9502	171480	10884.56	-4.626335	3891.815	94.66192	3782.918	-4.626335	3891.815
50.18	26301.19	25233.64	2940.701	40696.92	16112.12	511.2456	38725.53	3632.028	4591.036	20655.26	54040.92	1793.95	-5.338078	4382.918	1.342593e+08	3.845718e+08	4868.328	1095.729	293.9502	145516	10784.56	-4.626335	3691.815	-5.338078	4382.918	-4.626335	3691.815
50.47	27903.19	175774.6	1939.701	43601.92	21917.12	1511.246	43133.53	1732.028	4691.036	21555.26	50333.92	1993.95	-5.338078	4482.918	1.30586e+08	3.765569e+08	4268.328	1095.729	-6.049822	108630	5983.562	-4.626335	4391.815	-5.338078	4482.918	-4.626335	4391.815
50.75	27702.19	19827.64	3740.701	43000.92	32929.12	711.2456	37523.53	1232.028	3190.036	20454.26	52637.92	1493.95	-5.338078	3282.918	1.347718e+08	3.705457e+08	3468.327	1295.729	93.95018	98185.95	6283.562	-4.626335	3291.815	-5.338078	3282.918	-4.626335	3291.815
51.04	34010.19	19927.64	4740.701	55525.92	74518.12	411.2456	39226.53	1732.028	3190.036	21956.26	62460.92	693.9502	-5.338078	4482.918	1.381856e+08	3.565201e+08	4768.328	1295.729	-6.049822	86342.95	4482.562	-4.626335	2891.815	-5.338078	4482.918	-4.626335	2891.815
51.32	34711.19	23231.64	2539.701	65550.92	96995.12	-989.7544	35921.53	2232.028	2090.036	17852.26	64866.92	2093.95	-5.338078	2982.918	1.213389e+08	2.964146e+08	2568.327	1195.729	193.9502	112547	5683.562	-4.626335	3591.815	-5.338078	2982.918	-4.626335	3591.815
51.61	36213.19	96022.64	4040.701	61840.92	90872.12	811.2456	28711.53	3132.028	3791.036	18753.26	60555.92	2793.95	-5.338078	2782.918	1.252072e+08	3.204559e+08	3368.327	1795.729	93.95018	282278.9	5683.562	-4.626335	2691.815	-5.338078	2782.918	-4.626335	2691.815
51.9	40219.19	16724.64	3640.701	58532.92	83647.12	511.2456	36421.53	3032.028	3090.036	17152.26	65367.92	9195.95	94.66192	2382.918	1.241412e+08	2.54345e+08	3268.327	1495.729	293.9502	598779.9	8483.562	-4.626335	3891.815	94.66192	2382.918	-4.626335	3891.815
52.18	43926.19	45567.64	2639.701	56227.92	75220.12	1811.246	31114.53	1732.028	3491.036	13850.26	75095.92	19901.95	-5.338078	1482.918	1.093574e+08	3.545164e+08	2768.327	2695.729	293.9502	982321.9	7483.562	-4.626335	6392.815	-5.338078	1482.918	-4.626335	6392.815
52.47	57754.19	17224.64	2739.701	67455.92	83547.12	3312.246	26408.53	3432.028	3691.036	15951.26	83421.92	27909.95	-5.338078	2082.918	1.408983e+08	3.665384e+08	3568.327	4295.729	793.9502	1137810	10084.56	95.37366	7792.815	-5.338078	2082.918	95.37366	7792.815
52.76	73695.19	65817.64	1539.701	91030.92	112862.1	3312.246	21303.53	2532.028	3290.036	18953.26	94561.92	31513.95	-5.338078	1682.918	1.173116e+08	4.106212e+08	2768.327	4395.729	593.9502	1106135	8183.562	-4.626335	6992.815	-5.338078	1682.918	-4.626335	6992.815
53.04	73996.19	71735.64	3440.701	101872.9	146435.1	2411.246	26909.53	3532.028	5191.036	21555.26	116955.9	28910.95	-5.338078	2082.918	1.212888e+08	2.803876e+08	2868.327	3395.729	593.9502	906433.9	7983.562	3395.374	8292.815	-5.338078	2082.918	3395.374	8292.815
53.34	72893.19	10319.64	1339.701	84306.92	139093.1	3312.246	24206.53	1632.028	3290.036	22656.26	149830.9	22903.95	694.6619	2282.918	1.189762e+08	3.2847e+08	2568.327	2995.729	393.9502	578568.9	6883.562	7096.374	13795.82	694.6619	2282.918	7096.374	13795.82
53.62	70988.19	24332.64	4740.701	75779.92	159112.1	5412.246	23105.53	2132.028	2190.036	20855.26	186274.9	17699.95	-5.338078	1982.918	1.172416e+08	2.944112e+08	2068.327	3895.729	193.9502	573292.9	7283.562	7396.374	12894.82	-5.338078	1982.918	7396.374	12894.82
53.91	69183.19	12220.64	3340.701	67455.92	176025.1	5012.246	16399.53	2132.028	3290.036	24458.26	143392.9	17399.95	-5.338078	1582.918	1.067354e+08	2.703711e+08	2368.327	2995.729	93.95018	514942.9	9584.562	5996.374	8492.815	-5.338078	1582.918	5996.374	8492.815
54.2	64370.19	13221.64	4140.701	65249.92	205045.1	2511.246	17199.53	1932.028	2590.036	25159.26	116051.9	16498.95	-5.338078	1582.918	1.028725e+08	2.76381e+08	1768.327	1995.729	293.9502	393567.9	3382.562	4995.374	9193.815	-5.338078	1582.918	4995.374	9193.815
54.48	73094.19	25233.64	2339.701	60436.92	270867.1	4512.246	23004.53	2232.028	2390.036	24858.26	102994.9	13397.95	94.66192	782.9182	1.147651e+08	2.924078e+08	1668.327	3495.729	-6.049822	335631.9	1782.562	3495.374	7992.815	94.66192	782.9182	3495.374	7992.815
54.77	98079.19	55489.64	3740.701	57530.92	450328.1	1411.246	17700.53	2132.028	1990.036	22756.26	114443.9	13597.95	-5.338078	1382.918	1.224187e+08	3.424948e+08	2868.327	3195.729	193.9502	273177.9	2782.562	1595.374	6592.815	-5.338078	1382.918	1595.374	6592.815
55.05	123994.2	16323.64	3540.701	63344.92	713447.1	1111.246	21002.53	2432.028	4491.036	25359.26	121677.9	12696.95	-5.338078	1182.918	1.371977e+08	4.166328e+08	1668.327	3595.729	93.95018	233479	5083.562	1995.374	6292.815	-5.338078	1182.918	1995.374	6292.815
55.34	126506.2	77453.64	3740.701	57730.92	822109.1	1411.246	22904.53	2132.028	3791.036	22456.26	99680.92	11095.95	-5.338078	1082.918	1.24331e+08	3.525128e+08	1368.327	4595.729	193.9502	207855	5583.562	495.3737	6492.815	-5.338078	1082.918	495.3737	6492.815
55.63	129019.2	25533.64	4040.701	54122.92	848778.1	211.2456	17900.53	2232.028	3591.036	16852.26	101688.9	8895.95	-5.338078	1382.918	1.323856e+08	3.765569e+08	2068.327	4795.729	-6.049822	158696	7783.562	395.3737	5892.815	-5.338078	1382.918	395.3737	5892.815
55.91	133141.2	26735.64	4240.701	49712.92	876200.1	611.2456	21002.53	2632.028	2290.036	16552.26	94661.92	9295.95	-5.338078	882.9182	1.346693e+08	3.765569e+08	2168.327	3395.729	93.95018	140588	7783.562	1195.374	3591.815	-5.338078	882.9182	1195.374	3591.815
56.2	138771.2	37752.64	2940.701	49612.92	786902.1	711.2456	20302.53	2832.028	4191.036	16652.26	91951.92	8194.95	94.66192	1482.918	1.325173e+08	3.304735e+08	1568.327	3895.729	293.9502	112245	11985.56	995.3737	4891.815	94.66192	1482.918	995.3737	4891.815
56.48	127009.2	41359.64	2039.701	55024.92	684966.1	1211.246	22204.53	1932.028	3591.036	14050.26	84123.92	7794.95	-5.338078	1182.918	1.290797e+08	3.364841e+08	1568.327	2395.729	193.9502	102203	8483.562	695.3737	3891.815	-5.338078	1182.918	695.3737	3891.815
56.77	131030.2	56492.64	3140.701	56828.92	575047.1	-588.7544	25407.53	2532.028	3290.036	14050.26	97271.92	6594.95	-5.338078	1282.918	1.339811e+08	3.605274e+08	1268.327	2395.729	593.9502	92163.95	7683.562	795.3737	4391.815	-5.338078	1282.918	795.3737	4391.815
57.06	111636.2	86686.64	3240.701	63444.92	490881.1	11.24561	24406.53	2732.028	3691.036	20254.26	91750.92	5494.95	-5.338078	1782.918	1.418226e+08	3.304735e+08	1168.327	3095.729	193.9502	80623.95	9284.562	195.3737	2491.815	-5.338078	1782.918	195.3737	2491.815
57.34	106212.2	34747.64	4240.701	74475.92	454299.1	-488.7544	30112.53	1932.028	3991.036	18353.26	89944.92	4993.95	-5.338078	1882.918	1.373355e+08	3.485056e+08	2268.327	2895.729	93.95018	74504.95	12185.56	295.3737	3291.815	-5.338078	1882.918	295.3737	3291.815
57.63	95268.19	60001.64	4640.701	61840.92	389723.1	2011.246	28611.53	2232.028	3591.036	20254.26	80511.92	3093.95	-5.338078	1782.918	1.311126e+08	3.304735e+08	2968.327	2695.729	-6.049822	75407.95	8884.562	95.37366	2691.815	-5.338078	1782.918	95.37366	2691.815
57.91	91454.19	39555.64	2639.701	65850.92	362924.1	-1189.754	37824.53	1832.028	2090.036	22356.26	82117.92	4193.95	-5.338078	1382.918	1.260837e+08	3.765569e+08	1468.327	3195.729	393.9502	70693.95	7183.562	595.3737	1991.815	-5.338078	1382.918	595.3737	1991.815
58.2	76705.19	34546.64	3140.701	63745.92	285024.1	-188.7544	26909.53	1832.028	3390.036	15451.26	72788.92	3293.95	94.66192	2482.918	1.19924e+08	3.32477e+08	2468.327	2495.729	193.9502	77914.95	7183.562	195.3737	3091.815	94.66192	2482.918	195.3737	3091.815
58.49	71589.19	40256.64	1139.701	60737.92	255204.1	211.2456	29712.53	1832.028	3290.036	19654.26	67473.92	3393.95	-5.338078	1982.918	1.206825e+08	3.404912e+08	2468.327	2095.729	-6.049822	69489.95	7883.562	595.3737	3791.815	-5.338078	1982.918	595.3737	3791.815
58.77	65372.19	24832.64	2839.701	62241.92	213516.1	2411.246	28611.53	2032.028	2590.036	18453.26	64465.92	2893.95	-5.338078	1282.918	1.213973e+08	3.244629e+08	2068.327	2295.729	193.9502	78516.95	6183.562	-4.626335	3391.815	-5.338078	1282.918	-4.626335	3391.815
59.06	65974.19	49275.64	2439.701	67054.92	234402.1	-989.7544	32115.53	2032.028	2990.036	22957.26	62460.92	2193.95	-5.338078	2682.918	1.308347e+08	3.344805e+08	2168.327	2795.729	93.95018	67584.95	6283.562	-4.626335	2691.815	-5.338078	2682.918	-4.626335	2691.815
59.35	79915.19	24732.64	2739.701	70363.92	265106.1	111.2456	32416.53	2832.028	3290.036	24258.26	80913.92	2593.95	-5.338078	1782.918	1.40517e+08	3.545164e+08	2468.327	3195.729	93.95018	61769.95	3882.562	95.37366	1991.815	-5.338078	1782.918	95.37366	1991.815
59.63	82122.19	60001.64	3940.701	73472.92	283810.1	-388.7544	37122.53	1932.028	3591.036	21856.26	78004.92	1393.95	-5.338078	2082.918	1.309517e+08	3.68542e+08	2268.327	2795.729	93.95018	50845.95	5683.562	-4.626335	2191.815	-5.338078	2082.918	-4.626335	2191.815
59.92	76905.19	28638.64	2239.701	70363.92	235916.1	-188.7544	32315.53	1632.028	2790.036	19554.26	80110.92	1693.95	-5.338078	1882.918	1.198657e+08	3.244629e+08	1868.327	2195.729	93.95018	58562.95	4482.562	-4.626335	2591.815	-5.338078	1882.918	-4.626335	2591.815
60.21	77607.19	23130.64	2739.701	66653.92	251971.1	11.24561	26308.53	2132.028	3290.036	15951.26	74493.92	3193.95	-5.338078	1082.918	1.269019e+08	3.084351e+08	2268.327	1595.729	-6.049822	60165.95	5883.562	-4.626335	2891.815	-5.338078	1082.918	-4.626335	2891.815
60.49	89547.19	38153.64	2339.701	56227.92	329769.1	-388.7544	34318.53	1332.028	2390.036	16451.26	80211.92	3693.95	-5.338078	1182.918	1.550959e+08	3.925868e+08	2268.327	3295.729	193.9502	75507.95	8684.562	95.37366	3291.815	-5.338078	1182.918	95.37366	3291.815
60.78	97075.19	29939.64	2639.701	58833.92	486803.1	-388.7544	21303.53	2832.028	2990.036	15251.26	80812.92	5394.95	-5.338078	1082.918	1.402676e+08	3.725494e+08	2068.327	3995.729	293.9502	79519.95	8684.562	-4.626335	2991.815	-5.338078	1082.918	-4.626335	2991.815
61.07	116759.2	74845.64	2339.701	52719.92	655184.1	-1489.754	17500.53	3532.028	4791.036	16852.26	81816.92	7294.95	-5.338078	1182.918	1.366907e+08	3.565201e+08	1268.327	3695.729	-6.049822	105215	7483.562	195.3737	2891.815	-5.338078	1182.918	195.3737	2891.815
61.35	133844.2	14221.64	2940.701	53621.92	729912.1	-488.7544	20002.53	1832.028	3991.036	17352.26	91850.92	9595.95	-5.338078	1382.918	1.212888e+08	3.865756e+08	1468.327	5296.729	293.9502	197874	8483.562	-4.626335	4691.815	-5.338078	1382.918	-4.626335	4691.815
61.64	127712.2	22229.64	3340.701	53921.92	720957.1	-488.7544	23305.53	1632.028	4991.036	19554.26	85428.92	14397.95	-5.338078	1182.918	1.363391e+08	3.505092e+08	1768.327	3395.729	93.95018	432197.9	8784.562	-4.626335	5592.815	-5.338078	1182.918	-4.626335	5592.815
61.92	136458.2	25734.64	3240.701	52218.92	745461.1	1111.246	15698.53	2032.028	3090.036	19253.26	85428.92	31813.95	-5.338078	1082.918	1.193002e+08	3.2847e+08	2368.327	3895.729	293.9502	827464.9	10384.56	-4.626335	9193.815	-5.338078	1082.918	-4.626335	9193.815
62.21	148829.2	23331.64	3340.701	54924.92	685686.1	1411.246	20202.53	3032.028	3491.036	18053.26	91850.92	69189.95	-5.338078	682.9182	1.37482e+08	3.82568e+08	768.3274	4495.729	1193.95	1223939	11084.56	-4.626335	10393.82	-5.338078	682.9182	-4.626335	10393.82
62.49	158991.2	12920.64	3040.701	42499.92	574741.1	2611.246	14297.53	2132.028	3691.036	13750.26	84725.92	92363.95	-5.338078	682.9182	1.332204e+08	3.725494e+08	1468.327	4795.729	1493.95	1475806	9884.562	-4.626335	11594.82	-5.338078	682.9182	-4.626335	11594.82
62.78	149432.2	42861.64	3740.701	38392.92	504855.1	2111.246	12896.53	3332.028	3190.036	12449.26	94259.92	115962	-5.338078	882.9182	1.391971e+08	4.106212e+08	1468.327	4595.729	2193.95	1728877	14386.56	-4.626335	11894.82	-5.338078	882.9182	-4.626335	11894.82
63.07	150740.2	15623.64	2839.701	38793.92	455318.1	2111.246	14197.53	3332.028	3691.036	12049.26	91349.92	139784	-5.338078	682.9182	1.352091e+08	3.32477e+08	1368.327	6296.729	3193.95	1854734	9784.562	-4.626335	12494.82	-5.338078	682.9182	-4.626335	12494.82
63.35	156978.2	8017.641	939.7012	28979.92	434146.1	1811.246	10595.53	3032.028	3891.036	8147.263	94962.92	151250	-5.338078	182.9182	1.359875e+08	3.745531e+08	968.3274	5296.729	2893.95	2019820	11084.56	195.3737	11694.82	-5.338078	182.9182	195.3737	11694.82
63.64	159997.2	27236.64	1339.701	30381.92	417465.1	3112.246	13597.53	2132.028	3190.036	7147.263	90746.92	160206	94.66192	382.9182	1.345668e+08	3.444984e+08	1368.327	4595.729	4293.95	2039961	10684.56	-4.626335	10293.82	94.66192	382.9182	-4.626335	10293.82
63.92	165533.2	7117.641	1639.701	28579.92	369113.1	4212.246	12196.53	3432.028	4091.036	5647.263	100484.9	191626	-5.338078	282.9182	1.397836e+08	3.805643e+08	768.3274	4395.729	4493.95	2162114	13286.56	-4.626335	11694.82	-5.338078	282.9182	-4.626335	11694.82
64.21	159494.2	13121.64	2739.701	25775.92	353997.1	3812.246	10895.53	2432.028	2990.036	5447.263	94059.92	188704	94.66192	182.9182	1.371977e+08	3.485056e+08	1068.327	4195.729	3893.95	2311427	11385.56	-4.626335	12494.82	94.66192	182.9182	-4.626335	12494.82
64.5	155368.2	10819.64	3440.701	21471.92	326527.1	5212.246	12096.53	2832.028	3791.036	5647.263	97572.92	181954	-5.338078	282.9182	1.335126e+08	3.364841e+08	1068.327	5296.729	4193.95	2271068	12185.56	-4.626335	10793.82	-5.338078	282.9182	-4.626335	10793.82
64.78	140280.2	8718.641	4340.701	23173.92	278956.1	2711.246	12496.53	2832.028	3691.036	5947.263	95966.92	188804	-5.338078	282.9182	1.133345e+08	4.106212e+08	1068.327	5696.729	3793.95	2441459	10684.56	-4.626335	10793.82	-5.338078	282.9182	-4.626335	10793.82
65.07	138872.2	11319.64	4140.701	20570.92	247325.1	3412.246	9995.526	3332.028	2190.036	4246.263	93958.92	165842	-5.338078	182.9182	1.262152e+08	3.064316e+08	1168.327	5096.729	3093.95	2218770	10884.56	-4.626335	11294.82	-5.338078	182.9182	-4.626335	11294.82
65.35	132236.2	8317.641	4440.701	19970.92	215129.1	3112.246	11195.53	2132.028	3691.036	4446.263	85528.92	169265	-5.338078	182.9182	1.306445e+08	3.885793e+08	1768.327	6196.729	2393.95	2289216	10584.56	-4.626335	13094.82	-5.338078	182.9182	-4.626335	13094.82
65.64	149231.2	9718.641	3240.701	19469.92	218055.1	1911.246	10995.53	2332.028	2890.036	3846.263	97873.92	164534	-5.338078	482.9182	1.352112e+08	3.605274e+08	968.3274	4095.729	2793.95	2412873	12385.56	-4.626335	15396.82	-5.338078	482.9182	-4.626335	15396.82
65.93	141587.2	10819.64	2639.701	19069.92	200206.1	4612.246	9795.526	3132.028	2990.036	9648.264	98476.92	138074	-5.338078	782.9182	1.35138e+08	3.82568e+08	1468.327	6396.729	2693.95	2032487	10784.56	95.37366	13795.82	-5.338078	782.9182	95.37366	13795.82
66.21	152249.2	16724.64	1939.701	31883.92	215735.1	2011.246	15198.53	2032.028	2990.036	15651.26	101889.9	107123	-5.338078	682.9182	1.370277e+08	3.485056e+08	1368.327	4495.729	2593.95	1618758	12485.56	95.37366	11994.82	-5.338078	682.9182	95.37366	11994.82
66.5	151545.2	36349.64	4640.701	49111.92	236421.1	811.2456	20902.53	3632.028	2490.036	21956.26	100584.9	82629.95	-5.338078	1482.918	1.371889e+08	3.505092e+08	2568.327	3595.729	1993.95	1288884	10984.56	-4.626335	8592.815	-5.338078	1482.918	-4.626335	8592.815
66.78	124597.2	19927.64	1039.701	56026.92	253386.1	111.2456	19501.53	2032.028	3290.036	29063.26	93858.92	66582.95	-5.338078	1882.918	1.322246e+08	3.384877e+08	1968.327	3395.729	693.9502	964237.9	8684.562	-4.626335	7692.815	-5.338078	1882.918	-4.626335	7692.815
67.07	125903.2	47671.64	2139.701	64547.92	273294.1	1911.246	25207.53	2132.028	4591.036	37975.26	106810.9	45034.95	-5.338078	1982.918	1.387866e+08	3.965944e+08	2868.327	2395.729	1293.95	747916.9	9784.562	95.37366	8192.815	-5.338078	1982.918	95.37366	8192.815
67.35	134247.2	25934.64	2439.701	67054.92	274305.1	811.2456	26708.53	3232.028	5191.036	37975.26	103195.9	37822.95	-5.338078	1982.918	1.212888e+08	3.62531e+08	1768.327	3695.729	893.9502	655372.9	12485.56	-4.626335	6592.815	-5.338078	1982.918	-4.626335	6592.815
67.64	113846.2	37251.64	3840.701	60537.92	267431.1	411.2456	28811.53	3532.028	3791.036	37574.26	90847.92	39925.95	-5.338078	2082.918	1.053803e+08	3.084351e+08	2568.327	3095.729	1893.95	649317.9	9684.562	-4.626335	7092.815	-5.338078	2082.918	-4.626335	7092.815
67.93	114549.2	32343.64	2439.701	76280.92	259144.1	511.2456	24806.53	1932.028	3591.036	36373.26	98275.92	37221.95	-5.338078	2082.918	1.314638e+08	3.705457e+08	1968.327	4595.729	2393.95	877943.9	9584.562	-4.626335	7892.815	-5.338078	2082.918	-4.626335	7892.815
68.21	110933.2	35748.64	2940.701	67956.92	221585.1	1711.246	26508.53	1732.028	3491.036	31766.26	87033.92	33515.95	-5.338078	1682.918	1.189908e+08	3.064316e+08	2368.327	2595.729	2593.95	951876.9	5983.562	-4.626335	7292.815	-5.338078	1682.918	-4.626335	7292.815
68.5	103601.2	30040.64	3640.701	57930.92	209078.1	4112.246	24106.53	2632.028	3090.036	26660.26	85829.92	34417.95	-5.338078	1182.918	1.300595e+08	3.024248e+08	2868.327	4095.729	2093.95	1199810	8283.562	95.37366	7492.815	-5.338078	1182.918	95.37366	7492.815
68.78	96573.19	27336.64	2539.701	57028.92	215129.1	2811.246	22904.53	1632.028	4091.036	23257.26	82016.92	33916.95	-5.338078	1182.918	1.112863e+08	2.76381e+08	1368.327	2895.729	1093.95	956134.9	4582.562	195.3737	6092.815	-5.338078	1182.918	195.3737	6092.815
69.07	89547.19	53685.64	4040.701	49512.92	228750.1	5813.246	17099.53	1332.028	3591.036	17552.26	79910.92	33515.95	-5.338078	682.9182	1.074039e+08	2.603547e+08	1168.327	3095.729	1093.95	781418.9	5283.562	95.37366	6692.815	-5.338078	682.9182	95.37366	6692.815
69.36	77306.19	275291.6	3940.701	47308.92	195670.1	5212.246	15198.53	1932.028	2190.036	15051.26	69278.92	25406.95	-5.338078	782.9182	8.925484e+07	2.3231e+08	1568.327	3195.729	2793.95	613530.9	3882.562	95.37366	5492.815	-5.338078	782.9182	95.37366	5492.815
69.64	58856.19	794644.6	939.7012	32584.92	157905.1	4312.246	12096.53	1432.028	2190.036	11749.26	51635.92	21903.95	-5.338078	782.9182	7.799439e+07	1.982578e+08	1068.327	2395.729	2893.95	510146.9	3482.562	-4.626335	4091.815	-5.338078	782.9182	-4.626335	4091.815
69.93	52242.19	846518.6	2439.701	28879.92	124215.1	5012.246	10795.53	1532.028	1690.036	9548.264	42518.92	18500.95	-5.338078	682.9182	6.20023e+07	1.80231e+08	368.3274	1595.729	1593.95	335327.9	2382.562	-4.626335	2091.815	-5.338078	682.9182	-4.626335	2091.815
70.21	36914.19	604999.6	2539.701	19870.92	96995.12	2011.246	8294.526	732.0284	1490.036	8648.264	36008.92	11095.95	-5.338078	482.9182	4.686758e+07	1.271642e+08	668.3274	1495.729	1093.95	293405.9	2282.562	-4.626335	2191.815	-5.338078	482.9182	-4.626335	2191.815
70.5	30706.19	469703.6	2739.701	14366.92	80737.12	3012.246	6193.527	432.0284	1890.036	5747.263	24694.92	11896.95	-5.338078	82.91815	3.860441e+07	1.024303e+08	768.3274	995.7296	1093.95	215519	1782.562	-4.626335	1991.815	-5.338078	82.91815	-4.626335	1991.815
70.79	27802.19	391758.6	2739.701	14166.92	65292.12	2611.246	4993.527	132.0284	690.0356	4046.263	20390.92	8394.95	-5.338078	182.9182	2.888171e+07	7.851685e+07	368.3274	1295.729	593.9502	186789	1782.562	-4.626335	1791.815	-5.338078	182.9182	-4.626335	1791.815
71.07	18694.19	260732.6	939.7012	11364.92	49356.12	-388.7544	5393.527	1032.028	1090.036	3146.263	16588.92	7994.95	-5.338078	282.9182	2.213566e+07	6.691543e+07	268.3274	1295.729	-6.049822	150144	782.5623	-4.626335	891.8149	-5.338078	282.9182	-4.626335	891.8149
71.36	17593.19	193509.6	-60.29883	9263.922	36233.12	1211.246	2292.527	732.0284	890.0356	3246.263	11385.92	6694.95	-5.338078	82.91815	1.806585e+07	5.37129e+07	168.3274	1095.729	393.9502	123800	1082.562	-4.626335	891.8149	-5.338078	82.91815	-4.626335	891.8149
71.64	13891.19	163992.6	639.7012	7963.922	32628.12	2811.246	4093.527	132.0284	990.0356	2946.263	10584.92	3493.95	-5.338078	82.91815	1.489266e+07	4.445569e+07	168.3274	95.72954	693.9502	100194	482.5623	-4.626335	391.8149	-5.338078	82.91815	-4.626335	391.8149
71.93	11790.19	133202.6	-60.29883	7963.922	27222.12	-689.7544	3092.527	632.0284	490.0356	1146.263	9384.918	4593.95	-5.338078	-17.08185	1.315146e+07	3.379311e+07	168.3274	195.7295	493.9502	80924.95	782.5623	-4.626335	591.8149	-5.338078	-17.08185	-4.626335	591.8149
72.21	7388.188	127169.6	-1061.299	6062.922	20816.12	511.2456	1992.527	632.0284	-409.9644	1346.263	9184.918	2593.95	-5.338078	182.9182	1.010995e+07	2.8538e+07	-31.6726	295.7295	193.9502	56156.95	282.5623	-4.626335	391.8149	-5.338078	182.9182	-4.626335	391.8149
72.5	7588.188	103253.6	-160.2988	3661.922	15912.12	-1289.754	892.5267	-167.9716	-109.9644	1446.263	4582.918	3193.95	-5.338078	-17.08185	8187368	2.290596e+07	-31.6726	295.7295	93.95018	54552.95	482.5623	-4.626335	391.8149	-5.338078	-17.08185	-4.626335	391.8149
72.78	4787.188	90199.64	439.7012	2861.922	14912.12	-689.7544	792.5267	132.0284	190.0356	1546.263	4482.918	1893.95	-5.338078	-17.08185	6534220	1.987264e+07	-31.6726	295.7295	193.9502	47137.95	582.5623	-4.626335	391.8149	-5.338078	-17.08185	-4.626335	391.8149
73.07	4587.188	47571.64	-1661.299	2761.922	10109.12	311.2456	692.5267	-67.97156	-9.964355	346.2633	4282.918	1393.95	-5.338078	-17.08185	6053964	1.591756e+07	68.3274	395.7295	93.95018	37020.95	682.5623	-4.626335	291.8149	-5.338078	-17.08185	-4.626335	291.8149
73.35	3887.189	72036.64	-961.2988	1261.922	9709.117	-1189.754	192.5267	232.0284	490.0356	846.2634	3782.918	1793.95	-5.338078	-17.08185	4768894	1.439645e+07	-31.6726	-4.270463	-6.049822	30512.95	382.5623	-4.626335	491.8149	-5.338078	-17.08185	-4.626335	491.8149
73.64	3987.189	47170.64	239.7012	2061.922	7508.118	211.2456	692.5267	432.0284	-209.9644	946.2634	1882.918	1093.95	-5.338078	182.9182	4048894	1.242141e+07	168.3274	-4.270463	193.9502	29510.95	282.5623	-4.626335	91.81495	-5.338078	182.9182	-4.626335	91.81495
73.93	3887.189	45266.64	-761.2988	2361.922	7308.118	211.2456	392.5267	732.0284	490.0356	246.2633	2882.918	993.9502	-5.338078	82.91815	3300814	1.040488e+07	-31.6726	-4.270463	93.95018	21402.95	482.5623	-4.626335	191.8149	-5.338078	82.91815	-4.626335	191.8149
74.21	3087.189	28537.64	-761.2988	661.9218	4107.118	-1289.754	-107.4733	132.0284	890.0356	246.2633	1482.918	893.9502	-5.338078	-17.08185	2849220	6431970	168.3274	-4.270463	-6.049822	25306.95	382.5623	-4.626335	-8.185054	-5.338078	-17.08185	-4.626335	-8.185054
74.5	1387.189	22930.64	-560.2988	1261.922	6608.118	-1789.754	-107.4733	-167.9716	-9.964355	-53.73666	1682.918	993.9502	-5.338078	82.91815	2623446	6956705	68.3274	-4.270463	193.9502	16298.95	-17.43772	-4.626335	-8.185054	-5.338078	82.91815	-4.626335	-8.185054
74.79	1387.189	10118.64	-360.2988	361.9218	5008.118	-1689.754	-207.4733	432.0284	-309.9644	146.2633	1382.918	993.9502	-5.338078	82.91815	2157830	5595390	-31.6726	195.7295	93.95018	11996.95	-17.43772	-4.626335	291.8149	-5.338078	82.91815	-4.626335	291.8149
75.07	1187.189	14121.64	-2161.299	1361.922	3207.117	-588.7544	192.5267	-67.97156	290.0356	246.2633	1682.918	393.9502	-5.338078	-17.08185	2214264	6290162	-31.6726	-4.270463	-6.049822	11296.95	82.56228	-4.626335	-8.185054	-5.338078	-17.08185	-4.626335	-8.185054
75.36	487.1886	12820.64	-460.2988	261.9218	3007.117	-989.7544	-7.473267	132.0284	90.03564	446.2633	1182.918	393.9502	-5.338078	-17.08185	1678169	4433014	168.3274	-4.270463	93.95018	9895.95	82.56228	-4.626335	-8.185054	-5.338078	-17.08185	-4.626335	-8.185054
75.65	1387.189	12520.64	-1261.299	261.9218	2307.117	111.2456	-607.4733	32.02844	190.0356	246.2633	1182.918	193.9502	-5.338078	-17.08185	1269097	4503880	-31.6726	-4.270463	93.95018	7994.95	182.5623	-4.626335	91.81495	-5.338078	-17.08185	-4.626335	91.81495
75.94	587.1886	6816.641	-1261.299	-238.0782	2307.117	-588.7544	492.5267	-267.9716	-309.9644	146.2633	982.9182	393.9502	-5.338078	-17.08185	987007.4	2265210	-31.6726	95.72954	-6.049822	5294.95	-17.43772	-4.626335	-8.185054	-5.338078	-17.08185	-4.626335	-8.185054
76.23	1287.189	7917.641	-1161.299	461.9218	1807.117	-2289.754	492.5267	-367.9716	290.0356	346.2633	182.9182	393.9502	-5.338078	-17.08185	916488.4	2619335	-31.6726	-4.270463	-6.049822	5394.95	82.56228	95.37366	-8.185054	-5.338078	-17.08185	95.37366	-8.185054
76.52	987.1886	6616.641	-60.29883	61.92175	1707.117	-989.7544	-307.4733	132.0284	-309.9644	146.2633	982.9182	193.9502	-5.338078	-17.08185	651759.4	2151897	-31.6726	95.72954	93.95018	9695.95	-17.43772	-4.626335	-8.185054	-5.338078	-17.08185	-4.626335	-8.185054
76.81	187.1886	11019.64	-861.2988	761.9218	507.1174	-689.7544	-307.4733	-67.97156	90.03564	46.26334	282.9182	193.9502	-5.338078	-17.08185	690837.4	2435185	-31.6726	-4.270463	-6.049822	4993.95	82.56228	95.37366	-8.185054	-5.338078	-17.08185	95.37366	-8.185054
77.09	687.1886	3315.641	-460.2988	161.9218	707.1174	-1489.754	-407.4733	232.0284	-9.964355	46.26334	182.9182	93.95018	-5.338078	-17.08185	548524.4	1457936	-31.6726	95.72954	-6.049822	3693.95	-17.43772	-4.626335	91.81495	-5.338078	-17.08185	-4.626335	91.81495
77.39	287.1886	4515.641	39.70117	761.9218	1007.117	-989.7544	-207.4733	-67.97156	290.0356	-53.73666	482.9182	193.9502	-5.338078	-17.08185	436996.4	1103926	-31.6726	-4.270463	-6.049822	6594.95	-17.43772	-4.626335	-8.185054	-5.338078	-17.08185	-4.626335	-8.185054
77.68	-12.81139	2515.641	239.7012	561.9218	607.1174	-188.7544	92.52673	-167.9716	-109.9644	46.26334	182.9182	-6.049822	-5.338078	-17.08185	239577.4	934013.8	-31.6726	-4.270463	-6.049822	3193.95	-17.43772	-4.626335	91.81495	-5.338078	-17.08185	-4.626335	91.81495
77.97	987.1886	3015.641	-260.2988	361.9218	607.1174	111.2456	-607.4733	-467.9716	-9.964355	-53.73666	382.9182	393.9502	-5.338078	82.91815	222254.4	1188885	68.3274	95.72954	-6.049822	2593.95	-17.43772	-4.626335	-8.185054	-5.338078	82.91815	-4.626335	-8.185054
78.26	387.1886	6116.641	-660.2988	-38.07825	507.1174	-1189.754	-507.4733	32.02844	-9.964355	46.26334	182.9182	93.95018	-5.338078	-17.08185	293281.4	537583.8	68.3274	-4.270463	-6.049822	1893.95	82.56228	-4.626335	-8.185054	-5.338078	-17.08185	-4.626335	-8.185054
78.55	287.1886	3015.641	739.7012	-138.0782	607.1174	-488.7544	-107.4733	-67.97156	390.0356	-53.73666	582.9182	-6.049822	94.66192	-17.08185	265776.4	636687.8	68.3274	-4.270463	-6.049822	2593.95	82.56228	-4.626335	91.81495	94.66192	-17.08185	-4.626335	91.81495
78.83	-12.81139	4315.641	-560.2988	-138.0782	407.1174	211.2456	-207.4733	-267.9716	-309.9644	46.26334	82.91815	93.95018	-5.338078	-17.08185	273761.4	792426.8	-31.6726	95.72954	-6.049822	1593.95	-17.43772	-4.626335	-8.185054	-5.338078	-17.08185	-4.626335	-8.185054
79.12	-12.81139	1214.641	539.7012	-538.0782	207.1174	-1289.754	-907.4733	-167.9716	90.03564	46.26334	82.91815	-6.049822	-5.338078	-17.08185	84111.4	256152.8	-31.6726	-4.270463	-6.049822	993.9502	-17.43772	-4.626335	-8.185054	-5.338078	-17.08185	-4.626335	-8.185054
79.42	87.18861	314.6406	-360.2988	761.9218	407.1174	-1789.754	-107.4733	132.0284	-209.9644	-53.73666	-17.08185	-6.049822	-5.338078	-17.08185	169073.4	211978.8	-31.6726	-4.270463	-6.049822	593.9502	82.56228	-4.626335	-8.185054	-5.338078	-17.08185	-4.626335	-8.185054
79.7	387.1886	1414.641	-660.2988	-38.07825	7.117439	-1489.754	-107.4733	-167.9716	-9.964355	346.2633	82.91815	93.95018	-5.338078	-17.08185	157565.4	262417.8	-31.6726	-4.270463	-6.049822	193.9502	-17.43772	-4.626335	-8.185054	-5.338078	-17.08185	-4.626335	-8.185054
79.99	-12.81139	-385.3594	-1361.299	261.9218	407.1174	-488.7544	192.5267	132.0284	190.0356	-53.73666	-17.08185	193.9502	-5.338078	-17.08185	48917.39	353542.8	-31.6726	-4.270463	-6.049822	893.9502	-17.43772	-4.626335	-8.185054	-5.338078	-17.08185	-4.626335	-8.185054
80.28	87.18861	114.6406	-460.2988	-238.0782	7.117439	-2289.754	192.5267	132.0284	-409.9644	-53.73666	-17.08185	93.95018	-5.338078	-17.08185	166422.4	370778.8	-31.6726	-4.270463	-6.049822	-6.049822	82.56228	-4.626335	-8.185054	-5.338078	-17.08185	-4.626335	-8.185054
80.57	287.1886	-1185.359	539.7012	-238.0782	207.1174	-188.7544	-307.4733	-67.97156	-209.9644	-53.73666	-17.08185	-6.049822	-5.338078	-17.08185	113025.4	311072.8	168.3274	-4.270463	-6.049822	-6.049822	-17.43772	-4.626335	-8.185054	-5.338078	-17.08185	-4.626335	-8.185054
80.85	87.18861	-485.3594	-460.2988	61.92175	407.1174	-689.7544	-307.4733	132.0284	-409.9644	-53.73666	82.91815	-6.049822	-5.338078	-17.08185	198253.4	141746.8	-31.6726	-4.270463	-6.049822	193.9502	-17.43772	-4.626335	-8.185054	-5.338078	-17.08185	-4.626335	-8.185054
81.14	-12.81139	-1185.359	-560.2988	61.92175	7.117439	-488.7544	-307.4733	-167.9716	-9.964355	46.26334	-17.08185	-6.049822	-5.338078	82.91815	65154.39	98137.77	-31.6726	-4.270463	-6.049822	93.95018	82.56228	-4.626335	-8.185054	-5.338078	82.91815	-4.626335	-8.185054
81.42	-12.81139	1914.641	-961.2988	61.92175	507.1174	-1389.754	-807.4733	-167.9716	-309.9644	46.26334	-17.08185	-6.049822	-5.338078	-17.08185	44308.39	105165.8	-31.6726	-4.270463	-6.049822	-6.049822	-17.43772	-4.626335	-8.185054	-5.338078	-17.08185	-4.626335	-8.185054
81.71	87.18861	414.6406	-460.2988	61.92175	107.1174	-1789.754	-607.4733	-67.97156	-109.9644	46.26334	182.9182	-6.049822	-5.338078	-17.08185	19577.39	218295.8	-31.6726	-4.270463	-6.049822	393.9502	-17.43772	-4.626335	-8.185054	-5.338078	-17.08185	-4.626335	-8.185054
82	87.18861	1314.641	-961.2988	-238.0782	7.117439	-1289.754	-607.4733	-267.9716	390.0356	246.2633	82.91815	293.9502	-5.338078	-17.08185	40302.39	127043.8	-31.6726	-4.270463	-6.049822	193.9502	-17.43772	-4.626335	-8.185054	-5.338078	-17.08185	-4.626335	-8.185054
82.28	187.1886	514.6406	1139.701	461.9218	-92.88256	-1489.754	-807.4733	132.0284	490.0356	-53.73666	-17.08185	-6.049822	-5.338078	-17.08185	138754.4	325229.8	-31.6726	-4.270463	-6.049822	93.95018	82.56228	-4.626335	-8.185054	-5.338078	-17.08185	-4.626335	-8.185054
82.57	-12.81139	314.6406	-1361.299	261.9218	407.1174	-1889.754	-507.4733	132.0284	-309.9644	-53.73666	82.91815	-6.049822	-5.338078	-17.08185	9071.395	23554.77	68.3274	-4.270463	-6.049822	393.9502	-17.43772	-4.626335	91.81495	-5.338078	-17.08185	-4.626335	91.81495
82.86	87.18861	1214.641	-660.2988	-538.0782	-92.88256	-1289.754	492.5267	-167.9716	-109.9644	46.26334	-17.08185	-6.049822	-5.338078	-17.08185	22679.39	197822.8	-31.6726	-4.270463	-6.049822	393.9502	182.5623	-4.626335	-8.185054	-5.338078	-17.08185	-4.626335	-8.185054
83.14	-12.81139	114.6406	-1361.299	161.9218	-92.88256	-488.7544	-7.473267	232.0284	-409.9644	46.26334	-17.08185	-6.049822	-5.338078	-17.08185	3069.395	22854.77	-31.6726	-4.270463	-6.049822	393.9502	-17.43772	-4.626335	-8.185054	-5.338078	-17.08185	-4.626335	-8.185054
83.43	187.1886	14.64062	-761.2988	-338.0782	507.1174	-1489.754	-7.473267	132.0284	290.0356	-53.73666	-17.08185	-6.049822	-5.338078	-17.08185	54629.39	43.77225	-31.6726	-4.270463	-6.049822	193.9502	-17.43772	-4.626335	-8.185054	-5.338078	-17.08185	-4.626335	-8.185054
83.71	-12.81139	814.6406	-961.2988	-338.0782	-92.88256	511.2456	-607.4733	-467.9716	390.0356	246.2633	-17.08185	-6.049822	-5.338078	-17.08185	96455.4	343.7722	-31.6726	-4.270463	-6.049822	-6.049822	-17.43772	-4.626335	-8.185054	-5.338078	-17.08185	-4.626335	-8.185054
84	87.18861	714.6406	-260.2988	-238.0782	207.1174	-989.7544	-307.4733	432.0284	-9.964355	146.2633	-17.08185	-6.049822	-5.338078	-17.08185	16274.39	220514.8	-31.6726	-4.270463	-6.049822	393.9502	-17.43772	-4.626335	-8.185054	-5.338078	-17.08185	-4.626335	-8.185054
84.28	-12.81139	214.6406	939.7012	61.92175	207.1174	-1289.754	-307.4733	-167.9716	90.03564	146.2633	-17.08185	-6.049822	-5.338078	-17.08185	49618.39	47489.77	-31.6726	95.72954	-6.049822	93.95018	82.56228	-4.626335	-8.185054	-5.338078	-17.08185	-4.626335	-8.185054
84.57	-12.81139	-1586.359	-1061.299	-138.0782	107.1174	-1889.754	-1007.473	-167.9716	90.03564	-53.73666	282.9182	-6.049822	-5.338078	-17.08185	169.395	86293.77	-31.6726	-4.270463	-6.049822	193.9502	82.56228	-4.626335	-8.185054	-5.338078	-17.08185	-4.626335	-8.185054
84.85	-12.81139	-285.3594	539.7012	-438.0782	-92.88256	-1389.754	-207.4733	132.0284	290.0356	-53.73666	-17.08185	-6.049822	-5.338078	-17.08185	3269.395	2743.772	68.3274	-4.270463	-6.049822	93.95018	-17.43772	-4.626335	-8.185054	-5.338078	-17.08185	-4.626335	-8.185054
85.14	-12.81139	114.6406	-1261.299	861.9218	7.117439	-789.7544	-407.4733	232.0284	-309.9644	146.2633	-17.08185	-6.049822	-5.338078	-17.08185	14974.39	13798.77	-31.6726	-4.270463	-6.049822	-6.049822	-17.43772	-4.626335	-8.185054	-5.338078	-17.08185	-4.626335	-8.185054
85.43	-12.81139	-185.3594	39.70117	-238.0782	107.1174	-1389.754	-7.473267	132.0284	-209.9644	46.26334	-17.08185	-6.049822	-5.338078	82.91815	13969.39	28860.77	-31.6726	-4.270463	-6.049822	-6.049822	82.56228	-4.626335	-8.185054	-5.338078	82.91815	-4.626335	-8.185054
85.71	-12.81139	214.6406	-360.2988	-138.0782	7.117439	-1689.754	-707.4733	-367.9716	-109.9644	46.26334	-17.08185	-6.049822	-5.338078	82.91815	69.39502	55004.77	68.3274	-4.270463	-6.049822	-6.049822	-17.43772	-4.626335	-8.185054	-5.338078	82.91815	-4.626335	-8.185054
86	-12.81139	-1486.359	-60.29883	-338.0782	-92.88256	-88.75439	-407.4733	-267.9716	-9.964355	46.26334	-17.08185	-6.049822	-5.338078	-17.08185	12372.39	67936.77	-31.6726	-4.270463	-6.049822	93.95018	-17.43772	-4.626335	-8.185054	-5.338078	-17.08185	-4.626335	-8.185054
86.28	-12.81139	414.6406	-660.2988	-38.07825	7.117439	-689.7544	-807.4733	132.0284	490.0356	-53.73666	82.91815	-6.049822	-5.338078	-17.08185	33992.39	16048.77	-31.6726	-4.270463	-6.049822	-6.049822	-17.43772	-4.626335	-8.185054	-5.338078	-17.08185	-4.626335	-8.185054
86.57	-12.81139	1514.641	-560.2988	161.9218	-92.88256	-288.7544	-7.473267	32.02844	990.0356	-53.73666	-17.08185	-6.049822	-5.338078	-17.08185	-30.60498	31363.77	-31.6726	-4.270463	-6.049822	93.95018	-17.43772	95.37366	-8.185054	-5.338078	-17.08185	95.37366	-8.185054
86.85	-12.81139	-1085.359	-861.2988	-838.0782	107.1174	111.2456	-107.4733	-267.9716	-509.9644	146.2633	-17.08185	-6.049822	-5.338078	-17.08185	669.395	1243.772	-31.6726	-4.270463	-6.049822	-6.049822	-17.43772	-4.626335	-8.185054	-5.338078	-17.08185	-4.626335	-8.185054
87.14	-12.81139	-885.3594	139.7012	-138.0782	7.117439	-789.7544	-207.4733	132.0284	290.0356	46.26334	-17.08185	-6.049822	-5.338078	82.91815	8671.395	19451.77	-31.6726	-4.270463	-6.049822	-6.049822	-17.43772	-4.626335	-8.185054	-5.338078	82.91815	-4.626335	-8.185054
87.43	-12.81139	-485.3594	-560.2988	161.9218	107.1174	-388.7544	392.5267	32.02844	490.0356	-53.73666	-17.08185	-6.049822	-5.338078	-17.08185	5170.395	-356.2278	-31.6726	-4.270463	-6.049822	93.95018	182.5623	-4.626335	91.81495	-5.338078	-17.08185	-4.626335	91.81495
87.72	-12.81139	214.6406	-861.2988	-238.0782	7.117439	-1089.754	-407.4733	32.02844	490.0356	46.26334	-17.08185	-6.049822	-5.338078	-17.08185	23380.39	-56.22775	-31.6726	-4.270463	-6.049822	493.9502	-17.43772	-4.626335	-8.185054	-5.338078	-17.08185	-4.626335	-8.185054
88	-12.81139	-285.3594	-460.2988	261.9218	207.1174	-889.7544	-507.4733	332.0284	190.0356	46.26334	-17.08185	93.95018	-5.338078	-17.08185	13173.39	-56.22775	-31.6726	-4.270463	-6.049822	93.95018	-17.43772	-4.626335	-8.185054	-5.338078	-17.08185	-4.626335	-8.185054
