ElapsedTime_s	Ti49_CPS	Al27_CPS	S33_CPS	Sc45_CPS	V51_CPS	Mn55_CPS	Fe57_CPS	Co59_CPS	Ni60_CPS	Ga71_CPS	Zr90_CPS	Nb93_CPS	Mo97_CPS	In113_CPS	Sn119_CPS	Sn118_CPS	Sb121_CPS	Hf177_CPS	Ta181_CPS	W183_CPS	Pb206_CPS	Th232_CPS	U238_CPS	Tc97_CPS	Cd113_CPS	U232_CPS	Pu238_CPS
0	87.18861	1014.641	-360.2988	-38.07825	-92.88256	-1689.754	-307.4733	-167.9716	790.0356	346.2633	-17.08185	-6.049822	-5.338078	-17.08185	69.39502	-356.2278	-31.6726	-4.270463	-6.049822	93.95018	-17.43772	-4.626335	-8.185054	-5.338078	-17.08185	-4.626335	-8.185054
																											
20.18	-12.81139	414.6406	-1661.299	161.9218	107.1174	-2089.754	-607.4733	-467.9716	590.0356	146.2633	-17.08185	-6.049822	-5.338078	-17.08185	-130.605	343.7722	68.3274	-4.270463	-6.049822	-6.049822	-17.43772	-4.626335	91.81495	-5.338078	-17.08185	-4.626335	91.81495
20.47	-12.81139	-1285.359	-60.29883	-138.0782	-92.88256	-1389.754	-807.4733	332.0284	-909.9644	46.26334	-17.08185	-6.049822	94.66192	-17.08185	69.39502	143.7722	-31.6726	-4.270463	-6.049822	-6.049822	82.56228	-4.626335	-8.185054	94.66192	-17.08185	-4.626335	-8.185054
20.75	-12.81139	1314.641	-660.2988	561.9218	7.117439	11.24561	592.5267	132.0284	90.03564	46.26334	82.91815	-6.049822	-5.338078	-17.08185	69.39502	43.77225	-31.6726	-4.270463	-6.049822	-6.049822	82.56228	-4.626335	-8.185054	-5.338078	-17.08185	-4.626335	-8.185054
21.04	-12.81139	914.6406	639.7012	-538.0782	7.117439	-1589.754	-107.4733	32.02844	-209.9644	146.2633	-17.08185	-6.049822	-5.338078	-17.08185	269.395	243.7722	-31.6726	-4.270463	-6.049822	-6.049822	-17.43772	-4.626335	-8.185054	-5.338078	-17.08185	-4.626335	-8.185054
21.32	87.18861	1414.641	-160.2988	61.92175	107.1174	-989.7544	92.52673	-67.97156	-209.9644	46.26334	-17.08185	-6.049822	-5.338078	-17.08185	69.39502	143.7722	-31.6726	-4.270463	-6.049822	-6.049822	-17.43772	-4.626335	-8.185054	-5.338078	-17.08185	-4.626335	-8.185054
21.61	-12.81139	914.6406	-861.2988	-38.07825	7.117439	-1089.754	-607.4733	-67.97156	490.0356	-53.73666	-17.08185	-6.049822	-5.338078	-17.08185	-130.605	-56.22775	-31.6726	-4.270463	-6.049822	-6.049822	-17.43772	-4.626335	-8.185054	-5.338078	-17.08185	-4.626335	-8.185054
21.9	-12.81139	-885.3594	-260.2988	-38.07825	-92.88256	-1389.754	492.5267	532.0284	-309.9644	-53.73666	-17.08185	-6.049822	94.66192	-17.08185	-30.60498	-56.22775	-31.6726	-4.270463	-6.049822	-6.049822	-17.43772	-4.626335	-8.185054	94.66192	-17.08185	-4.626335	-8.185054
22.18	-12.81139	214.6406	1539.701	461.9218	107.1174	-1089.754	-807.4733	-367.9716	-409.9644	-53.73666	-17.08185	-6.049822	-5.338078	-17.08185	-30.60498	143.7722	-31.6726	-4.270463	-6.049822	-6.049822	-17.43772	-4.626335	-8.185054	-5.338078	-17.08185	-4.626335	-8.185054
22.46	-12.81139	214.6406	939.7012	-338.0782	-92.88256	-588.7544	-807.4733	132.0284	290.0356	46.26334	82.91815	-6.049822	-5.338078	82.91815	-130.605	143.7722	-31.6726	-4.270463	-6.049822	-6.049822	-17.43772	-4.626335	-8.185054	-5.338078	82.91815	-4.626335	-8.185054
22.75	-12.81139	-885.3594	-60.29883	-338.0782	-92.88256	-1089.754	292.5267	-67.97156	190.0356	-53.73666	-17.08185	-6.049822	-5.338078	-17.08185	-130.605	-356.2278	-31.6726	-4.270463	-6.049822	-6.049822	-17.43772	-4.626335	-8.185054	-5.338078	-17.08185	-4.626335	-8.185054
23.03	-12.81139	-1285.359	239.7012	-238.0782	-92.88256	-488.7544	792.5267	-67.97156	-109.9644	46.26334	82.91815	-6.049822	-5.338078	-17.08185	269.395	43.77225	-31.6726	-4.270463	-6.049822	-6.049822	-17.43772	-4.626335	91.81495	-5.338078	-17.08185	-4.626335	91.81495
23.32	87.18861	-785.3594	-260.2988	161.9218	7.117439	-288.7544	-107.4733	132.0284	-9.964355	46.26334	-17.08185	-6.049822	-5.338078	-17.08185	16875.39	-56.22775	68.3274	-4.270463	-6.049822	-6.049822	-17.43772	-4.626335	-8.185054	-5.338078	-17.08185	-4.626335	-8.185054
23.6	-12.81139	2014.641	-160.2988	-438.0782	-92.88256	-689.7544	492.5267	-167.9716	-209.9644	346.2633	-17.08185	-6.049822	-5.338078	-17.08185	69.39502	43.77225	-31.6726	-4.270463	-6.049822	-6.049822	-17.43772	-4.626335	-8.185054	-5.338078	-17.08185	-4.626335	-8.185054
23.89	87.18861	-985.3594	-961.2988	61.92175	107.1174	-488.7544	392.5267	-167.9716	-509.9644	46.26334	-17.08185	-6.049822	-5.338078	-17.08185	-130.605	-156.2278	-31.6726	-4.270463	-6.049822	-6.049822	-17.43772	-4.626335	-8.185054	-5.338078	-17.08185	-4.626335	-8.185054
24.18	-12.81139	514.6406	139.7012	-238.0782	107.1174	-2589.754	792.5267	-467.9716	90.03564	46.26334	-17.08185	-6.049822	-5.338078	82.91815	69.39502	243.7722	168.3274	-4.270463	-6.049822	-6.049822	-17.43772	-4.626335	-8.185054	-5.338078	82.91815	-4.626335	-8.185054
24.46	-12.81139	-885.3594	-961.2988	161.9218	7.117439	-88.75439	192.5267	132.0284	-9.964355	46.26334	82.91815	-6.049822	-5.338078	-17.08185	-30.60498	-56.22775	-31.6726	-4.270463	-6.049822	-6.049822	-17.43772	-4.626335	-8.185054	-5.338078	-17.08185	-4.626335	-8.185054
24.74	87.18861	314.6406	339.7012	61.92175	107.1174	-1089.754	-407.4733	-67.97156	-9.964355	46.26334	82.91815	-6.049822	-5.338078	-17.08185	369.395	-156.2278	-31.6726	-4.270463	-6.049822	-6.049822	-17.43772	-4.626335	-8.185054	-5.338078	-17.08185	-4.626335	-8.185054
25.03	-12.81139	814.6406	-360.2988	-238.0782	-92.88256	-689.7544	-307.4733	132.0284	-209.9644	-53.73666	-17.08185	-6.049822	-5.338078	-17.08185	-130.605	-256.2278	-31.6726	-4.270463	-6.049822	-6.049822	-17.43772	-4.626335	-8.185054	-5.338078	-17.08185	-4.626335	-8.185054
25.31	-12.81139	814.6406	-660.2988	-138.0782	7.117439	-88.75439	92.52673	-67.97156	-109.9644	-53.73666	82.91815	-6.049822	-5.338078	-17.08185	69.39502	43.77225	-31.6726	-4.270463	-6.049822	-6.049822	-17.43772	-4.626335	-8.185054	-5.338078	-17.08185	-4.626335	-8.185054
25.6	-12.81139	-585.3594	-260.2988	61.92175	7.117439	-1289.754	-1107.473	-267.9716	-9.964355	46.26334	-17.08185	-6.049822	-5.338078	-17.08185	-130.605	443.7722	-31.6726	-4.270463	-6.049822	-6.049822	-17.43772	-4.626335	-8.185054	-5.338078	-17.08185	-4.626335	-8.185054
25.89	-12.81139	414.6406	-961.2988	-238.0782	7.117439	-689.7544	-207.4733	-267.9716	-509.9644	-53.73666	-17.08185	-6.049822	-5.338078	-17.08185	-30.60498	-256.2278	-31.6726	-4.270463	-6.049822	-6.049822	-17.43772	-4.626335	-8.185054	-5.338078	-17.08185	-4.626335	-8.185054
26.17	-12.81139	614.6406	-861.2988	561.9218	207.1174	-789.7544	492.5267	-67.97156	-409.9644	46.26334	-17.08185	93.95018	-5.338078	-17.08185	-30.60498	-256.2278	-31.6726	-4.270463	-6.049822	-6.049822	-17.43772	-4.626335	-8.185054	-5.338078	-17.08185	-4.626335	-8.185054
26.46	87.18861	1014.641	739.7012	61.92175	107.1174	-1289.754	-7.473267	-367.9716	590.0356	-53.73666	-17.08185	-6.049822	-5.338078	-17.08185	-30.60498	-156.2278	68.3274	-4.270463	-6.049822	93.95018	-17.43772	-4.626335	-8.185054	-5.338078	-17.08185	-4.626335	-8.185054
26.74	-12.81139	-585.3594	-1261.299	-38.07825	207.1174	-1589.754	-907.4733	-267.9716	190.0356	46.26334	-17.08185	-6.049822	-5.338078	-17.08185	69.39502	643.7722	268.3274	-4.270463	-6.049822	-6.049822	-17.43772	-4.626335	-8.185054	-5.338078	-17.08185	-4.626335	-8.185054
27.03	-12.81139	-685.3594	-761.2988	-238.0782	7.117439	-989.7544	-207.4733	632.0284	90.03564	-53.73666	-17.08185	-6.049822	94.66192	-17.08185	69.39502	-356.2278	-31.6726	-4.270463	-6.049822	-6.049822	-17.43772	-4.626335	-8.185054	94.66192	-17.08185	-4.626335	-8.185054
27.31	-12.81139	14.64062	-660.2988	161.9218	107.1174	-889.7544	-507.4733	-367.9716	190.0356	46.26334	-17.08185	-6.049822	-5.338078	-17.08185	-130.605	-56.22775	-31.6726	-4.270463	-6.049822	-6.049822	-17.43772	-4.626335	-8.185054	-5.338078	-17.08185	-4.626335	-8.185054
27.6	-12.81139	614.6406	-1161.299	261.9218	7.117439	11.24561	-707.4733	32.02844	690.0356	146.2633	-17.08185	-6.049822	94.66192	-17.08185	469.395	243.7722	-31.6726	-4.270463	-6.049822	-6.049822	-17.43772	-4.626335	-8.185054	94.66192	-17.08185	-4.626335	-8.185054
27.88	-12.81139	314.6406	339.7012	161.9218	7.117439	-488.7544	292.5267	32.02844	-109.9644	-53.73666	-17.08185	-6.049822	-5.338078	82.91815	169.395	-256.2278	-31.6726	-4.270463	93.95018	-6.049822	-17.43772	-4.626335	-8.185054	-5.338078	82.91815	-4.626335	-8.185054
28.17	-12.81139	2415.641	139.7012	-338.0782	-92.88256	-1289.754	-307.4733	32.02844	590.0356	-53.73666	82.91815	-6.049822	-5.338078	-17.08185	-130.605	-56.22775	-31.6726	-4.270463	-6.049822	-6.049822	-17.43772	-4.626335	-8.185054	-5.338078	-17.08185	-4.626335	-8.185054
28.45	-12.81139	-385.3594	839.7012	-338.0782	7.117439	-889.7544	-607.4733	-167.9716	690.0356	-53.73666	-17.08185	-6.049822	-5.338078	-17.08185	69.39502	-156.2278	-31.6726	-4.270463	-6.049822	-6.049822	-17.43772	-4.626335	-8.185054	-5.338078	-17.08185	-4.626335	-8.185054
28.74	-12.81139	-385.3594	-460.2988	161.9218	-92.88256	-1189.754	-507.4733	-267.9716	-9.964355	-53.73666	-17.08185	-6.049822	-5.338078	-17.08185	-130.605	-56.22775	-31.6726	95.72954	-6.049822	-6.049822	-17.43772	-4.626335	-8.185054	-5.338078	-17.08185	-4.626335	-8.185054
29.02	-12.81139	614.6406	-1761.299	-338.0782	107.1174	-1989.754	-207.4733	632.0284	90.03564	-53.73666	-17.08185	-6.049822	-5.338078	-17.08185	-130.605	-156.2278	68.3274	-4.270463	-6.049822	-6.049822	-17.43772	-4.626335	-8.185054	-5.338078	-17.08185	-4.626335	-8.185054
29.31	-12.81139	714.6406	339.7012	61.92175	7.117439	-889.7544	-407.4733	232.0284	590.0356	146.2633	-17.08185	-6.049822	-5.338078	-17.08185	-30.60498	443.7722	-31.6726	-4.270463	-6.049822	-6.049822	-17.43772	-4.626335	-8.185054	-5.338078	-17.08185	-4.626335	-8.185054
29.59	-12.81139	14.64062	239.7012	-238.0782	7.117439	-989.7544	92.52673	332.0284	-9.964355	-53.73666	82.91815	-6.049822	-5.338078	-17.08185	269.395	43.77225	-31.6726	-4.270463	-6.049822	-6.049822	-17.43772	-4.626335	-8.185054	-5.338078	-17.08185	-4.626335	-8.185054
29.88	87.18861	414.6406	1039.701	-38.07825	107.1174	611.2456	-7.473267	-67.97156	90.03564	-53.73666	82.91815	-6.049822	-5.338078	-17.08185	-130.605	443.7722	-31.6726	-4.270463	-6.049822	93.95018	-17.43772	-4.626335	-8.185054	-5.338078	-17.08185	-4.626335	-8.185054
30.16	187.1886	-485.3594	639.7012	461.9218	-92.88256	-488.7544	92.52673	-267.9716	-209.9644	-53.73666	-17.08185	-6.049822	-5.338078	-17.08185	-30.60498	143.7722	68.3274	-4.270463	-6.049822	-6.049822	-17.43772	-4.626335	-8.185054	-5.338078	-17.08185	-4.626335	-8.185054
30.45	-12.81139	714.6406	-1461.299	-238.0782	-92.88256	11.24561	492.5267	-67.97156	-309.9644	46.26334	-17.08185	-6.049822	-5.338078	82.91815	-30.60498	-56.22775	-31.6726	-4.270463	-6.049822	-6.049822	-17.43772	-4.626335	-8.185054	-5.338078	82.91815	-4.626335	-8.185054
30.73	-12.81139	114.6406	-460.2988	161.9218	107.1174	-889.7544	-907.4733	232.0284	-209.9644	146.2633	-17.08185	-6.049822	-5.338078	-17.08185	-130.605	143.7722	-31.6726	-4.270463	-6.049822	-6.049822	-17.43772	-4.626335	-8.185054	-5.338078	-17.08185	-4.626335	-8.185054
31.02	-12.81139	314.6406	-1861.299	-438.0782	-92.88256	-1289.754	-7.473267	-167.9716	-109.9644	46.26334	-17.08185	93.95018	-5.338078	-17.08185	-30.60498	-256.2278	68.3274	-4.270463	-6.049822	93.95018	-17.43772	-4.626335	-8.185054	-5.338078	-17.08185	-4.626335	-8.185054
31.3	-12.81139	-585.3594	-761.2988	461.9218	7.117439	-789.7544	92.52673	-167.9716	-509.9644	-53.73666	-17.08185	-6.049822	-5.338078	-17.08185	69.39502	-56.22775	-31.6726	-4.270463	93.95018	93.95018	-17.43772	-4.626335	-8.185054	-5.338078	-17.08185	-4.626335	-8.185054
31.59	-12.81139	14.64062	-861.2988	-238.0782	207.1174	-889.7544	-7.473267	32.02844	390.0356	-53.73666	82.91815	-6.049822	-5.338078	-17.08185	-30.60498	-56.22775	-31.6726	-4.270463	-6.049822	-6.049822	-17.43772	-4.626335	-8.185054	-5.338078	-17.08185	-4.626335	-8.185054
31.87	87.18861	614.6406	239.7012	-238.0782	-92.88256	-1789.754	92.52673	-67.97156	-409.9644	-53.73666	-17.08185	93.95018	-5.338078	-17.08185	-130.605	243.7722	-31.6726	-4.270463	-6.049822	-6.049822	-17.43772	-4.626335	-8.185054	-5.338078	-17.08185	-4.626335	-8.185054
32.16	-12.81139	-285.3594	-1361.299	161.9218	207.1174	-1989.754	-907.4733	132.0284	190.0356	-53.73666	-17.08185	-6.049822	-5.338078	-17.08185	-30.60498	443.7722	-31.6726	-4.270463	-6.049822	-6.049822	-17.43772	-4.626335	-8.185054	-5.338078	-17.08185	-4.626335	-8.185054
32.44	-12.81139	-885.3594	139.7012	-138.0782	-92.88256	-1989.754	-907.4733	-67.97156	-209.9644	-53.73666	-17.08185	-6.049822	-5.338078	-17.08185	-30.60498	43.77225	-31.6726	-4.270463	-6.049822	-6.049822	-17.43772	-4.626335	-8.185054	-5.338078	-17.08185	-4.626335	-8.185054
32.73	-12.81139	14.64062	-1661.299	461.9218	-92.88256	-388.7544	-407.4733	-67.97156	790.0356	46.26334	-17.08185	-6.049822	-5.338078	-17.08185	-130.605	-56.22775	-31.6726	-4.270463	-6.049822	-6.049822	-17.43772	-4.626335	-8.185054	-5.338078	-17.08185	-4.626335	-8.185054
33.01	-12.81139	-285.3594	39.70117	761.9218	107.1174	-1089.754	-207.4733	232.0284	-209.9644	-53.73666	-17.08185	-6.049822	-5.338078	-17.08185	-30.60498	-56.22775	-31.6726	-4.270463	-6.049822	-6.049822	-17.43772	-4.626335	-8.185054	-5.338078	-17.08185	-4.626335	-8.185054
33.3	-12.81139	614.6406	-761.2988	-238.0782	-92.88256	211.2456	-907.4733	32.02844	390.0356	46.26334	82.91815	-6.049822	-5.338078	-17.08185	-30.60498	-356.2278	-31.6726	-4.270463	-6.049822	-6.049822	-17.43772	-4.626335	-8.185054	-5.338078	-17.08185	-4.626335	-8.185054
33.58	-12.81139	314.6406	-1961.299	261.9218	-92.88256	-288.7544	192.5267	-67.97156	-9.964355	-53.73666	-17.08185	-6.049822	-5.338078	-17.08185	-130.605	243.7722	-31.6726	-4.270463	-6.049822	-6.049822	-17.43772	-4.626335	-8.185054	-5.338078	-17.08185	-4.626335	-8.185054
33.87	-12.81139	814.6406	139.7012	-538.0782	7.117439	-689.7544	892.5267	-67.97156	90.03564	-53.73666	82.91815	-6.049822	-5.338078	-17.08185	369.395	-156.2278	68.3274	-4.270463	-6.049822	-6.049822	82.56228	95.37366	-8.185054	-5.338078	-17.08185	95.37366	-8.185054
34.15	-12.81139	714.6406	-861.2988	161.9218	-92.88256	-1589.754	592.5267	-167.9716	-409.9644	46.26334	-17.08185	-6.049822	-5.338078	-17.08185	-130.605	-56.22775	-31.6726	-4.270463	-6.049822	-6.049822	-17.43772	-4.626335	91.81495	-5.338078	-17.08185	-4.626335	91.81495
34.44	-12.81139	1214.641	-1161.299	-538.0782	107.1174	-1489.754	292.5267	32.02844	-709.9644	46.26334	-17.08185	-6.049822	-5.338078	-17.08185	69.39502	-56.22775	-31.6726	-4.270463	-6.049822	-6.049822	82.56228	-4.626335	91.81495	-5.338078	-17.08185	-4.626335	91.81495
34.72	-12.81139	14.64062	1139.701	61.92175	7.117439	-1589.754	-407.4733	-167.9716	-109.9644	-53.73666	-17.08185	-6.049822	-5.338078	-17.08185	69.39502	143.7722	-31.6726	-4.270463	-6.049822	-6.049822	-17.43772	-4.626335	-8.185054	-5.338078	-17.08185	-4.626335	-8.185054
35.01	87.18861	514.6406	539.7012	-38.07825	107.1174	811.2456	192.5267	132.0284	290.0356	46.26334	-17.08185	-6.049822	-5.338078	-17.08185	-30.60498	143.7722	-31.6726	-4.270463	-6.049822	-6.049822	-17.43772	-4.626335	-8.185054	-5.338078	-17.08185	-4.626335	-8.185054
35.29	-12.81139	-285.3594	39.70117	461.9218	-92.88256	-288.7544	392.5267	-267.9716	-109.9644	-53.73666	-17.08185	-6.049822	-5.338078	-17.08185	69.39502	-156.2278	-31.6726	-4.270463	-6.049822	-6.049822	-17.43772	-4.626335	-8.185054	-5.338078	-17.08185	-4.626335	-8.185054
35.58	-12.81139	-485.3594	-1561.299	-38.07825	-92.88256	-989.7544	292.5267	132.0284	-309.9644	-53.73666	-17.08185	93.95018	-5.338078	-17.08185	-30.60498	43.77225	-31.6726	-4.270463	-6.049822	-6.049822	-17.43772	-4.626335	-8.185054	-5.338078	-17.08185	-4.626335	-8.185054
35.86	87.18861	-485.3594	-160.2988	-438.0782	-92.88256	-1289.754	-607.4733	-267.9716	290.0356	-53.73666	-17.08185	-6.049822	-5.338078	-17.08185	-130.605	43.77225	-31.6726	-4.270463	-6.049822	-6.049822	-17.43772	-4.626335	-8.185054	-5.338078	-17.08185	-4.626335	-8.185054
36.15	87.18861	-685.3594	39.70117	561.9218	-92.88256	-88.75439	-707.4733	332.0284	90.03564	-53.73666	-17.08185	-6.049822	-5.338078	-17.08185	69.39502	43.77225	-31.6726	-4.270463	93.95018	-6.049822	-17.43772	-4.626335	-8.185054	-5.338078	-17.08185	-4.626335	-8.185054
36.43	-12.81139	-1386.359	239.7012	161.9218	7.117439	-689.7544	-107.4733	32.02844	-509.9644	-53.73666	-17.08185	-6.049822	-5.338078	-17.08185	69.39502	-56.22775	-31.6726	-4.270463	-6.049822	-6.049822	-17.43772	-4.626335	-8.185054	-5.338078	-17.08185	-4.626335	-8.185054
36.72	87.18861	1214.641	-761.2988	461.9218	-92.88256	-1089.754	192.5267	-167.9716	-9.964355	-53.73666	-17.08185	-6.049822	-5.338078	82.91815	369.395	543.7722	-31.6726	-4.270463	-6.049822	-6.049822	-17.43772	-4.626335	-8.185054	-5.338078	82.91815	-4.626335	-8.185054
37	-12.81139	-85.35938	-1861.299	-138.0782	7.117439	-88.75439	392.5267	32.02844	-109.9644	-53.73666	-17.08185	-6.049822	-5.338078	-17.08185	269.395	143.7722	-31.6726	-4.270463	-6.049822	-6.049822	-17.43772	-4.626335	-8.185054	-5.338078	-17.08185	-4.626335	-8.185054
37.29	-12.81139	414.6406	39.70117	261.9218	-92.88256	-789.7544	-207.4733	32.02844	-309.9644	146.2633	-17.08185	-6.049822	-5.338078	-17.08185	69.39502	-56.22775	-31.6726	-4.270463	-6.049822	-6.049822	-17.43772	-4.626335	-8.185054	-5.338078	-17.08185	-4.626335	-8.185054
37.57	187.1886	-185.3594	739.7012	-238.0782	7.117439	-1289.754	392.5267	132.0284	-409.9644	46.26334	82.91815	-6.049822	-5.338078	-17.08185	69.39502	-156.2278	-31.6726	-4.270463	-6.049822	-6.049822	-17.43772	-4.626335	-8.185054	-5.338078	-17.08185	-4.626335	-8.185054
37.86	-12.81139	1814.641	-660.2988	161.9218	7.117439	-188.7544	-507.4733	-167.9716	1190.036	146.2633	82.91815	-6.049822	-5.338078	-17.08185	-130.605	343.7722	-31.6726	95.72954	-6.049822	-6.049822	-17.43772	-4.626335	-8.185054	-5.338078	-17.08185	-4.626335	-8.185054
38.14	-12.81139	-385.3594	639.7012	461.9218	-92.88256	-1089.754	-607.4733	232.0284	-309.9644	346.2633	-17.08185	-6.049822	-5.338078	-17.08185	-30.60498	43.77225	-31.6726	-4.270463	-6.049822	-6.049822	-17.43772	-4.626335	-8.185054	-5.338078	-17.08185	-4.626335	-8.185054
38.43	87.18861	2315.641	-60.29883	61.92175	107.1174	-1389.754	-207.4733	-67.97156	-809.9644	-53.73666	-17.08185	-6.049822	-5.338078	-17.08185	-30.60498	-56.22775	-31.6726	-4.270463	-6.049822	-6.049822	82.56228	-4.626335	-8.185054	-5.338078	-17.08185	-4.626335	-8.185054
38.71	-12.81139	314.6406	39.70117	461.9218	7.117439	-989.7544	92.52673	232.0284	-9.964355	-53.73666	-17.08185	-6.049822	-5.338078	-17.08185	-130.605	43.77225	-31.6726	-4.270463	-6.049822	-6.049822	-17.43772	-4.626335	-8.185054	-5.338078	-17.08185	-4.626335	-8.185054
39	-12.81139	1114.641	-1761.299	-138.0782	-92.88256	-188.7544	-907.4733	232.0284	390.0356	-53.73666	-17.08185	-6.049822	-5.338078	-17.08185	-130.605	-56.22775	-31.6726	-4.270463	-6.049822	-6.049822	-17.43772	-4.626335	-8.185054	-5.338078	-17.08185	-4.626335	-8.185054
39.28	-12.81139	-385.3594	-460.2988	-238.0782	107.1174	-1489.754	-107.4733	632.0284	90.03564	46.26334	-17.08185	-6.049822	-5.338078	-17.08185	169.395	243.7722	-31.6726	-4.270463	93.95018	-6.049822	-17.43772	-4.626335	-8.185054	-5.338078	-17.08185	-4.626335	-8.185054
39.57	-12.81139	-585.3594	-160.2988	-338.0782	-92.88256	411.2456	-207.4733	-167.9716	-509.9644	-53.73666	-17.08185	-6.049822	-5.338078	-17.08185	-30.60498	-56.22775	68.3274	-4.270463	-6.049822	-6.049822	-17.43772	95.37366	-8.185054	-5.338078	-17.08185	95.37366	-8.185054
39.85	87.18861	514.6406	839.7012	-238.0782	-92.88256	-989.7544	-1107.473	-267.9716	-9.964355	-53.73666	82.91815	-6.049822	-5.338078	-17.08185	-30.60498	-156.2278	-31.6726	-4.270463	-6.049822	-6.049822	-17.43772	-4.626335	-8.185054	-5.338078	-17.08185	-4.626335	-8.185054
40.14	-12.81139	-185.3594	1339.701	-138.0782	207.1174	-88.75439	-307.4733	-167.9716	-309.9644	-53.73666	-17.08185	-6.049822	-5.338078	-17.08185	-130.605	543.7722	-31.6726	-4.270463	-6.049822	-6.049822	-17.43772	-4.626335	-8.185054	-5.338078	-17.08185	-4.626335	-8.185054
40.42	87.18861	814.6406	-660.2988	61.92175	7.117439	211.2456	-507.4733	32.02844	-9.964355	-53.73666	-17.08185	-6.049822	-5.338078	82.91815	69.39502	143.7722	-31.6726	-4.270463	-6.049822	-6.049822	-17.43772	-4.626335	-8.185054	-5.338078	82.91815	-4.626335	-8.185054
40.71	-12.81139	114.6406	-761.2988	161.9218	7.117439	-188.7544	292.5267	-67.97156	190.0356	-53.73666	-17.08185	-6.049822	-5.338078	82.91815	-30.60498	943.7722	-31.6726	-4.270463	-6.049822	-6.049822	-17.43772	-4.626335	-8.185054	-5.338078	82.91815	-4.626335	-8.185054
40.99	87.18861	-585.3594	-1861.299	-438.0782	7.117439	-789.7544	392.5267	-267.9716	-209.9644	46.26334	-17.08185	-6.049822	-5.338078	-17.08185	-130.605	43.77225	-31.6726	-4.270463	-6.049822	-6.049822	-17.43772	-4.626335	-8.185054	-5.338078	-17.08185	-4.626335	-8.185054
41.28	-12.81139	314.6406	-460.2988	-338.0782	-92.88256	-689.7544	-7.473267	432.0284	-309.9644	-53.73666	-17.08185	-6.049822	-5.338078	82.91815	69.39502	443.7722	-31.6726	-4.270463	-6.049822	-6.049822	82.56228	-4.626335	-8.185054	-5.338078	82.91815	-4.626335	-8.185054
41.56	-12.81139	314.6406	-1561.299	461.9218	7.117439	-288.7544	292.5267	332.0284	190.0356	-53.73666	-17.08185	-6.049822	-5.338078	-17.08185	-130.605	-56.22775	-31.6726	-4.270463	-6.049822	-6.049822	-17.43772	-4.626335	-8.185054	-5.338078	-17.08185	-4.626335	-8.185054
41.85	-12.81139	37351.64	-1661.299	-338.0782	7.117439	511.2456	13397.53	-367.9716	-109.9644	446.2633	-17.08185	193.9502	-5.338078	-17.08185	46813.39	116315.8	-31.6726	-4.270463	393.9502	93.95018	682.5623	-4.626335	191.8149	-5.338078	-17.08185	-4.626335	191.8149
42.13	187.1886	2423421	-761.2988	361.9218	607.1174	30236.25	145626.5	-67.97156	-609.9644	1246.263	1182.918	493.9502	-5.338078	-17.08185	85515.4	269188.8	68.3274	-4.270463	393.9502	393.9502	1882.562	-4.626335	191.8149	-5.338078	-17.08185	-4.626335	191.8149
42.42	87.18861	4607386	939.7012	1061.922	607.1174	53079.25	241572.5	-67.97156	490.0356	2546.263	2982.918	493.9502	-5.338078	82.91815	113025.4	256556.8	-31.6726	-4.270463	193.9502	93.95018	1782.562	-4.626335	291.8149	-5.338078	82.91815	-4.626335	291.8149
42.7	287.1886		1839.701	761.9218	307.1174	61901.25	420328.5	32.02844	-209.9644	3346.263	4682.918	1093.95	-5.338078	182.9182	103483.4	219102.8	168.3274	95.72954	193.9502	93.95018	2082.562	-4.626335	291.8149	-5.338078	182.9182	-4.626335	291.8149
42.99	-12.81139		1139.701	1061.922	507.1174	85376.24	483152.5	532.0284	-9.964355	2946.263	4682.918	1493.95	-5.338078	82.91815	93845.4	257466.8	-31.6726	95.72954	93.95018	193.9502	1682.562	-4.626335	691.8149	-5.338078	82.91815	-4.626335	691.8149
43.27	287.1886		1039.701	661.9218	707.1174	80960.24	483458.5	232.0284	-509.9644	4246.263	3782.918	1093.95	-5.338078	-17.08185	103985.4	275254.8	-31.6726	95.72954	293.9502	393.9502	682.5623	95.37366	691.8149	-5.338078	-17.08185	95.37366	691.8149
43.56	487.1886		39.70117	861.9218	307.1174	90997.24	525089.5	-67.97156	-109.9644	4246.263	5983.918	1093.95	94.66192	-17.08185	83910.4	255546.8	68.3274	-4.270463	493.9502	393.9502	1582.562	195.3737	291.8149	94.66192	-17.08185	195.3737	291.8149
43.85	587.1886		1639.701	1061.922	507.1174	96217.24	557788.5	-167.9716	-409.9644	4446.263	5983.918	593.9502	-5.338078	-17.08185	98570.4	234945.8	168.3274	195.7295	93.95018	493.9502	1982.562	395.3737	191.8149	-5.338078	-17.08185	395.3737	191.8149
44.14	287.1886		2239.701	861.9218	1507.117	97723.24	543374.5	32.02844	390.0356	3946.263	6583.918	993.9502	-5.338078	-17.08185	89831.4	282759.8	-31.6726	-4.270463	93.95018	293.9502	1482.562	-4.626335	591.8149	-5.338078	-17.08185	-4.626335	591.8149
44.43	487.1886		1939.701	1361.922	607.1174	99933.24	603228.5	-367.9716	90.03564	4746.263	5483.918	1293.95	-5.338078	-17.08185	105893.4	296916.8	-31.6726	395.7295	593.9502	493.9502	1582.562	195.3737	491.8149	-5.338078	-17.08185	195.3737	491.8149
44.72	387.1886		1839.701	1461.922	507.1174	119322.2	609580.5	-267.9716	-109.9644	5447.263	7083.918	2193.95	94.66192	82.91815	137044.4	438483.8	268.3274	195.7295	193.9502	393.9502	1482.562	-4.626335	691.8149	94.66192	82.91815	-4.626335	691.8149
45.01	187.1886		339.7012	1161.922	1207.117	110580.2	598312.5	-67.97156	890.0356	6547.263	6583.918	1493.95	-5.338078	-17.08185	166623.4	448537.8	68.3274	195.7295	593.9502	393.9502	1282.562	95.37366	691.8149	-5.338078	-17.08185	95.37366	691.8149
45.3	487.1886		2539.701	761.9218	1307.117	116307.2	643004.5	232.0284	590.0356	4846.263	6483.918	1393.95	-5.338078	-17.08185	210654.4	735793.8	-31.6726	295.7295	193.9502	393.9502	1782.562	95.37366	591.8149	-5.338078	-17.08185	95.37366	591.8149
45.6	587.1886		2039.701	1161.922	807.1174	115403.2	572209.5	-67.97156	-409.9644	5047.263	9284.918	1593.95	-5.338078	-17.08185	197275.4	962331.8	-31.6726	95.72954	493.9502	993.9502	1782.562	95.37366	291.8149	-5.338078	-17.08185	95.37366	291.8149
45.88	587.1886		2439.701	1761.922	1507.117	117613.2	573642.5	332.0284	-109.9644	8047.263	7683.918	1393.95	294.6619	82.91815	550466.4	1410248	268.3274	595.7296	93.95018	693.9502	1882.562	-4.626335	591.8149	294.6619	82.91815	-4.626335	591.8149
46.17	187.1886		2839.701	1361.922	807.1174	110580.2	577837.5	32.02844	-109.9644	3846.263	7783.918	1193.95	94.66192	82.91815	942927.4	1854468	-31.6726	295.7295	493.9502	1393.95	2482.562	295.3737	991.8149	94.66192	82.91815	295.3737	991.8149
46.45	887.1886		2940.701	2261.922	2107.117	104251.2	483458.5	132.0284	590.0356	4846.263	9484.918	2293.95	-5.338078	82.91815	6082212	1.442488e+07	-31.6726	395.7295	1493.95	11796.95	4082.562	95.37366	1591.815	-5.338078	82.91815	95.37366	1591.815
46.74	1287.189		2139.701	6162.922	5108.118	104151.2	445357.5	432.0284	590.0356	4746.263	16187.92	2293.95	-5.338078	582.9182	2.717623e+07	7.433716e+07	-31.6726	595.7296	1393.95	22003.95	5983.562	95.37366	791.8149	-5.338078	582.9182	95.37366	791.8149
47.03	1787.189		2739.701	9463.922	10609.12	85275.24	402741.5	832.0284	1190.036	6147.263	24594.92	1893.95	-5.338078	382.9182	4.789648e+07	1.216677e+08	168.3274	1595.729	693.9502	17299.95	8784.562	195.3737	591.8149	-5.338078	382.9182	195.3737	591.8149
47.31	2487.189		2539.701	17668.92	9609.117	67617.24	323800.5	832.0284	690.0356	6247.263	30801.92	793.9502	-5.338078	282.9182	5.814449e+07	1.541936e+08	68.3274	1395.729	593.9502	16899.95	7283.562	95.37366	691.8149	-5.338078	282.9182	95.37366	691.8149
47.6	2487.189		1939.701	25976.92	10209.12	59495.25	288064.5	832.0284	1590.036	7747.263	38412.92	1293.95	-5.338078	582.9182	8.556962e+07	2.54345e+08	568.3274	1495.729	793.9502	17799.95	7883.562	195.3737	991.8149	-5.338078	582.9182	195.3737	991.8149
47.88	1987.189	4960534	3240.701	50414.92	7908.118	43158.25	220578.5	2432.028	3491.036	11649.26	37811.92	593.9502	-5.338078	882.9182	9.175718e+07	2.363163e+08	968.3274	1495.729	393.9502	23404.95	9284.562	-4.626335	1291.815	-5.338078	882.9182	-4.626335	1291.815
48.17	1587.189	4086381	2339.701	63043.92	6008.118	41454.25	187003.5	1932.028	2190.036	12449.26	39413.92	493.9502	94.66192	1882.918	9.834682e+07	3.084351e+08	868.3274	1795.729	593.9502	102303	9884.562	-4.626335	1391.815	94.66192	1882.918	-4.626335	1391.815
48.46	687.1886	3614757	4140.701	81999.92	6408.118	34843.25	155083.5	2532.028	2690.036	15851.26	47627.92	993.9502	-5.338078	1682.918	1.120865e+08	2.98418e+08	1968.327	1895.729	793.9502	404845.9	13085.56	95.37366	5292.815	-5.338078	1682.918	95.37366	5292.815
48.74	887.1886	2784009	4040.701	105487.9	3707.117	22626.25	173304.5	2132.028	3090.036	16351.26	57147.92	1093.95	-5.338078	2482.918	1.205074e+08	2.944112e+08	2568.327	1495.729	693.9502	716310.9	12485.56	-4.626335	4491.815	-5.338078	2482.918	-4.626335	4491.815
49.03	687.1886	2256820	3040.701	121058.9	3007.117	20324.25	120491.5	3332.028	3390.036	16451.26	66370.92	293.9502	-5.338078	2582.918	1.299863e+08	3.344805e+08	3068.327	2695.729	93.95018	1139693	12785.56	-4.626335	4791.815	-5.338078	2582.918	-4.626335	4791.815
49.32	387.1886	1757092	2839.701	136639.9	2507.117	21325.25	94176.52	2132.028	2790.036	12649.26	66771.92	493.9502	-5.338078	2082.918	1.258061e+08	3.2847e+08	2768.327	2595.729	393.9502	1248405	11285.56	-4.626335	5792.815	-5.338078	2082.918	-4.626335	5792.815
49.6	387.1886	1665510	3440.701	179511.9	2007.117	18221.25	90763.52	2832.028	2290.036	14550.26	69779.92	393.9502	-5.338078	3082.918	1.258938e+08	3.765569e+08	2268.327	2395.729	93.95018	1229187	11285.56	-4.626335	4291.815	-5.338078	3082.918	-4.626335	4291.815
49.89	487.1886	1329687	5841.701	198857.9	2607.117	17020.25	69093.52	2532.028	2590.036	14550.26	73791.92	293.9502	-5.338078	2682.918	1.240536e+08	3.164489e+08	2568.327	3695.729	293.9502	1114286	9684.562	-4.626335	3991.815	-5.338078	2682.918	-4.626335	3991.815
50.17	387.1886	925877.6	4240.701	231336.9	1207.117	15819.25	71600.52	1232.028	3390.036	12649.26	81615.92	293.9502	-5.338078	2682.918	1.34684e+08	3.164489e+08	2568.327	3595.729	93.95018	1173400	10684.56	-4.626335	4391.815	-5.338078	2682.918	-4.626335	4391.815
50.46	387.1886	843311.6	1739.701	274471.9	1107.117	9615.246	56460.53	1832.028	3390.036	13149.26	86833.92	193.9502	-5.338078	3782.918	1.315076e+08	3.585237e+08	2268.327	3995.729	493.9502	991679.9	11084.56	-4.626335	4591.815	-5.338078	3782.918	-4.626335	4591.815
50.74	1087.189	797844.6	3240.701	295611.9	1507.117	8114.246	56761.53	2032.028	4891.036	13550.26	87334.92	-6.049822	-5.338078	3982.918	1.283926e+08	3.2847e+08	2868.327	2195.729	193.9502	815067.9	12185.56	-4.626335	3691.815	-5.338078	3982.918	-4.626335	3691.815
51.03	587.1886	586358.6	3140.701	339261.9	1307.117	5212.246	54255.53	2032.028	4691.036	14350.26	96769.92	393.9502	-5.338078	4782.918	1.411184e+08	3.765569e+08	2668.327	4595.729	393.9502	690293.9	13085.56	-4.626335	3491.815	-5.338078	4782.918	-4.626335	3491.815
51.32	387.1886	561899.6	4740.701	373648.9	1507.117	5613.246	39727.53	3032.028	3991.036	11949.26	87836.92	293.9502	-5.338078	3482.918	1.466386e+08	3.965944e+08	3768.327	5196.729	493.9502	621627.9	12185.56	95.37366	3191.815	-5.338078	3482.918	95.37366	3191.815
51.6	887.1886	353890.6	3940.701	418655.9	2407.117	4812.246	39827.53	2432.028	2090.036	13750.26	99178.92	393.9502	-5.338078	4482.918	1.448172e+08	3.68542e+08	2068.327	3795.729	293.9502	550283.9	11084.56	-4.626335	3091.815	-5.338078	4482.918	-4.626335	3091.815
51.89	1287.189	364342.6	5941.701	431979.9	2007.117	3512.246	32315.53	3432.028	3090.036	12549.26	104902.9	93.95018	-5.338078	4582.918	1.406196e+08	3.304735e+08	2068.327	5596.729	-6.049822	391231.9	11785.56	-4.626335	1991.815	-5.338078	4582.918	-4.626335	1991.815
52.17	2187.189	389523.6	3740.701	460380.9	2507.117	3412.246	29512.53	2732.028	4991.036	12549.26	114644.9	593.9502	-5.338078	3782.918	1.406636e+08	4.206406e+08	3568.327	7296.729	193.9502	356517.9	10884.56	-4.626335	1691.815	-5.338078	3782.918	-4.626335	1691.815
52.46	2987.189	191392.6	4940.701	462214.9	3707.117	2011.246	22704.53	2732.028	3791.036	9948.264	109421.9	793.9502	-5.338078	4082.918	1.397983e+08	3.444984e+08	2168.327	6996.729	193.9502	341611.9	11385.56	-4.626335	1891.815	-5.338078	4082.918	-4.626335	1891.815
52.75	4387.188	162481.6	3840.701	399443.9	7308.118	3512.246	26508.53	2932.028	3791.036	10148.26	109521.9	1393.95	94.66192	3382.918	1.468884e+08	3.645347e+08	1768.327	5696.729	93.95018	552328.9	11485.56	-4.626335	2691.815	94.66192	3382.918	-4.626335	2691.815
53.03	4087.189	175069.6	3340.701	351530.9	11009.12	2111.246	16999.53	2632.028	3390.036	9648.264	96568.92	1393.95	-5.338078	3382.918	1.491297e+08	3.885793e+08	768.3274	5496.729	93.95018	793592.9	10884.56	-4.626335	1991.815	-5.338078	3382.918	-4.626335	1991.815
53.32	5288.188	167818.6	4040.701	256379.9	11110.12	911.2456	17199.53	3332.028	4691.036	9348.264	79308.92	793.9502	194.6619	2382.918	1.371596e+08	3.384877e+08	1668.327	3295.729	93.95018	1091304	10084.56	-4.626335	2291.815	194.6619	2382.918	-4.626335	2291.815
53.6	2687.189	95420.64	3840.701	201780.9	8909.117	1011.246	20702.53	3432.028	5291.036	11549.26	80511.92	593.9502	-5.338078	1582.918	1.371977e+08	3.985982e+08	1268.327	3595.729	293.9502	1260174	13085.56	-4.626335	2591.815	-5.338078	1582.918	-4.626335	2591.815
53.89	4287.188	84980.64	4240.701	176187.9	7008.118	3112.246	25307.53	2532.028	4391.036	14951.26	74393.92	493.9502	-5.338078	2382.918	1.408837e+08	3.945906e+08	1568.327	2995.729	193.9502	1227088	9884.562	-4.626335	3091.815	-5.338078	2382.918	-4.626335	3091.815
54.18	2287.189	61806.64	3240.701	141466.9	5508.118	2111.246	26608.53	2032.028	3491.036	19754.26	68777.92	193.9502	-5.338078	2882.918	1.352844e+08	3.224594e+08	1368.327	2395.729	93.95018	1085771	12285.56	-4.626335	2691.815	-5.338078	2882.918	-4.626335	2691.815
54.46	2887.189	81869.64	5541.701	124475.9	4807.118	3512.246	40428.53	3232.028	3390.036	26961.26	68777.92	393.9502	-5.338078	2682.918	1.173116e+08	3.364841e+08	1568.327	4695.729	193.9502	981177.9	12185.56	-4.626335	5092.815	-5.338078	2682.918	-4.626335	5092.815
54.75	3387.189	93211.64	4040.701	119752.9	3707.117	311.2456	38925.53	2532.028	3390.036	33068.26	68375.92	293.9502	-5.338078	2782.918	1.434517e+08	3.68542e+08	2768.327	2795.729	-6.049822	834079.9	14186.56	-4.626335	4191.815	-5.338078	2782.918	-4.626335	4191.815
55.03	3687.189	57795.64	4240.701	103579.9	2907.117	611.2456	38625.53	2732.028	4391.036	36773.26	68877.92	393.9502	-5.338078	4582.918	1.363538e+08	3.404912e+08	1968.327	2695.729	-6.049822	809180.9	11585.56	-4.626335	5092.815	-5.338078	4582.918	-4.626335	5092.815
55.32	3787.189	55890.64	4140.701	114929.9	1507.117	-188.7544	38124.53	2932.028	2790.036	31566.26	79609.92	693.9502	-5.338078	3682.918	1.610621e+08	3.46502e+08	2868.327	2795.729	193.9502	942117.9	11785.56	-4.626335	4791.815	-5.338078	3682.918	-4.626335	4791.815
55.61	9889.188	48874.64	3540.701	130205.9	1507.117	511.2456	34418.53	2832.028	2590.036	30665.26	83421.92	1593.95	-5.338078	3882.918	1.401796e+08	4.246484e+08	1368.327	3595.729	93.95018	970887.9	13586.56	-4.626335	5692.815	-5.338078	3882.918	-4.626335	5692.815
55.89	11490.19	72838.64	4440.701	142874.9	3207.117	11.24561	26808.53	2832.028	2790.036	26560.26	74994.92	1993.95	-5.338078	3982.918	1.38039e+08	3.344805e+08	1468.327	3995.729	193.9502	991471.9	9284.562	-4.626335	4691.815	-5.338078	3982.918	-4.626335	4691.815
56.18	14191.19	70531.64	2539.701	122566.9	4107.118	411.2456	25107.53	1232.028	4291.036	23257.26	76900.92	1793.95	-5.338078	3782.918	1.324441e+08	3.364841e+08	2568.327	2695.729	93.95018	1090574	10884.56	-4.626335	4491.815	-5.338078	3782.918	-4.626335	4491.815
56.47	18394.19	47772.64	4140.701	124777.9	7708.118	511.2456	25307.53	1232.028	3991.036	21455.26	79709.92	2193.95	-5.338078	3282.918	1.292432e+08	3.424948e+08	1568.327	3195.729	-6.049822	1117003	10084.56	-4.626335	4191.815	-5.338078	3282.918	-4.626335	4191.815
56.75	14891.19	42962.64	3540.701	104885.9	7308.118	-388.7544	20602.53	1932.028	3290.036	19554.26	80812.92	1993.95	-5.338078	2482.918	1.303666e+08	3.525128e+08	2068.327	4395.729	-6.049822	1227823	11885.56	-4.626335	5192.815	-5.338078	2482.918	-4.626335	5192.815
57.04	17293.19	43863.64	3440.701	90428.92	6808.118	2111.246	23405.53	2932.028	2590.036	17252.26	75897.92	4493.95	-5.338078	2182.918	1.321661e+08	3.384877e+08	1768.327	2795.729	-6.049822	1292777	11485.56	-4.626335	3691.815	-5.338078	2182.918	-4.626335	3691.815
57.32	16492.19	21729.64	3540.701	82300.92	6608.118	1311.246	28811.53	1432.028	3090.036	19354.26	73891.92	3793.95	-5.338078	2782.918	1.338201e+08	2.843943e+08	2668.327	2995.729	93.95018	1203061	12485.56	-4.626335	4891.815	-5.338078	2782.918	-4.626335	4891.815
57.61	11890.19	54587.64	2539.701	66352.92	6708.118	1611.246	29311.53	2232.028	3591.036	24858.26	73791.92	3593.95	-5.338078	1782.918	1.402969e+08	3.665384e+08	2068.327	3395.729	493.9502	1250717	10984.56	195.3737	4791.815	-5.338078	1782.918	195.3737	4791.815
57.9	10489.19	31742.64	2439.701	59334.92	4807.118	1111.246	30213.53	2132.028	4291.036	27461.26	66370.92	3293.95	-5.338078	2382.918	1.287435e+08	3.62531e+08	2168.327	2495.729	2993.95	1105300	9384.562	-4.626335	4391.815	-5.338078	2382.918	-4.626335	4391.815
58.18	11990.19	44465.64	2139.701	54022.92	5708.118	2711.246	38425.53	2032.028	4591.036	25659.26	68576.92	6594.95	-5.338078	3182.918	1.432902e+08	2.98418e+08	1868.327	2095.729	293.9502	1027796	11785.56	-4.626335	5292.815	-5.338078	3182.918	-4.626335	5292.815
58.47	11790.19	38854.64	3640.701	57429.92	9209.117	3712.246	43533.53	2832.028	4291.036	29664.26	70682.92	5594.95	-5.338078	2582.918	1.352091e+08	3.705457e+08	3168.327	2595.729	693.9502	857243.9	11685.56	-4.626335	5292.815	-5.338078	2582.918	-4.626335	5292.815
58.75	8588.188	29038.64	3640.701	51216.92	8208.117	4712.246	39326.53	1932.028	3691.036	37574.26	69378.92	4093.95	-5.338078	3782.918	1.374674e+08	3.945906e+08	2468.327	2795.729	593.9502	720941.9	11485.56	-4.626335	5092.815	-5.338078	3782.918	-4.626335	5092.815
59.04	10389.19	31341.64	2839.701	51616.92	6608.118	1511.246	40027.53	2232.028	3390.036	40379.26	56847.92	4893.95	-5.338078	3182.918	1.32049e+08	3.264664e+08	2968.327	2695.729	193.9502	623267.9	12685.56	-4.626335	5192.815	-5.338078	3182.918	-4.626335	5192.815
59.33	15892.19	30540.64	3540.701	61639.92	5908.118	1811.246	45036.53	2132.028	4091.036	39277.26	65067.92	1893.95	-5.338078	3682.918	1.390358e+08	3.785605e+08	2668.327	2895.729	93.95018	519332.9	9384.562	-4.626335	5292.815	-5.338078	3682.918	-4.626335	5292.815
59.61	18394.19	35648.64	3340.701	61138.92	5208.118	-588.7544	40127.53	2932.028	2290.036	43885.26	62761.92	2293.95	-5.338078	3682.918	1.370131e+08	3.82568e+08	2168.327	2295.729	-6.049822	470173.9	12085.56	-4.626335	4091.815	-5.338078	3682.918	-4.626335	4091.815
59.9	19395.19	28337.64	4740.701	62241.92	6908.118	3012.246	38725.53	1432.028	3891.036	38876.26	60355.92	1493.95	-5.338078	2882.918	1.334541e+08	3.62531e+08	2668.327	2695.729	193.9502	345768.9	11885.56	-4.626335	5192.815	-5.338078	2882.918	-4.626335	5192.815
60.18	24099.19	31742.64	3240.701	64547.92	7208.118	911.2456	37824.53	2932.028	2990.036	40679.26	56446.92	1993.95	-5.338078	3482.918	1.093574e+08	4.00602e+08	3568.327	2695.729	393.9502	290977.9	13786.56	-4.626335	3891.815	-5.338078	3482.918	-4.626335	3891.815
60.47	28203.19	36450.64	2139.701	59835.92	6408.118	511.2456	42832.53	2632.028	2790.036	31165.26	59954.92	1293.95	94.66192	3882.918	1.371977e+08	3.82568e+08	3168.327	1495.729	293.9502	234287	14186.56	-4.626335	3091.815	94.66192	3882.918	-4.626335	3091.815
60.75	28303.19	33144.64	3340.701	58331.92	10809.12	111.2456	40828.53	3832.028	3090.036	34169.26	59553.92	1893.95	-5.338078	3482.918	1.440242e+08	4.046097e+08	4468.328	1695.729	293.9502	184875	11585.56	-4.626335	3191.815	-5.338078	3482.918	-4.626335	3191.815
61.04	25800.19	36850.64	2739.701	49913.92	15712.12	311.2456	40428.53	2932.028	3491.036	28562.26	61658.92	1493.95	-5.338078	4282.918	1.41175e+08	3.344805e+08	3368.327	1295.729	293.9502	154973	14486.56	-4.626335	4691.815	-5.338078	4282.918	-4.626335	4691.815
61.33	35412.19	40958.64	4040.701	53520.92	30826.12	511.2456	38324.53	1632.028	4391.036	29564.26	54341.92	2893.95	-5.338078	3282.918	1.467708e+08	3.645347e+08	4568.328	1595.729	93.95018	145516	12885.56	-4.626335	3491.815	-5.338078	3282.918	-4.626335	3491.815
61.61	32408.19	22830.64	2639.701	55425.92	53965.12	-789.7544	38525.53	3932.028	4191.036	28062.26	64666.92	593.9502	-5.338078	3482.918	1.093574e+08	3.925868e+08	3868.327	1795.729	-6.049822	128121	8984.562	-4.626335	3191.815	-5.338078	3482.918	-4.626335	3191.815
61.9	36013.19	69729.64	3440.701	58031.92	70406.12	-388.7544	34018.53	1732.028	3290.036	26160.26	63362.92	1593.95	94.66192	2682.918	1.491297e+08	3.46502e+08	3868.327	1695.729	93.95018	109835	10284.56	-4.626335	4091.815	94.66192	2682.918	-4.626335	4091.815
62.18	45829.19	19326.64	4740.701	60036.92	106634.1	-989.7544	34919.53	3032.028	3090.036	24858.26	65768.92	1393.95	-5.338078	3282.918	1.476672e+08	3.805643e+08	3568.327	1895.729	-6.049822	102102	9084.562	-4.626335	3791.815	-5.338078	3282.918	-4.626335	3791.815
62.47	57653.19	22530.64	4440.701	67455.92	140903.1	-789.7544	36321.53	2232.028	2190.036	22056.26	71384.92	2193.95	-5.338078	1782.918	1.305275e+08	3.144455e+08	2568.327	1795.729	93.95018	83332.95	6183.562	95.37366	2391.815	-5.338078	1782.918	95.37366	2391.815
62.76	64370.19	20427.64	1739.701	54823.92	187105.1	-1689.754	29011.53	2332.028	4191.036	20254.26	74393.92	2793.95	-5.338078	2382.918	1.293575e+08	3.304735e+08	2268.327	2695.729	93.95018	86041.95	5083.562	-4.626335	3091.815	-5.338078	2382.918	-4.626335	3091.815
63.04	76604.19	113299.6	3640.701	51216.92	312347.1	-188.7544	26909.53	2332.028	4591.036	16351.26	70582.92	4993.95	94.66192	882.9182	1.277348e+08	3.144455e+08	1968.327	2495.729	293.9502	153564	4482.562	-4.626335	3691.815	94.66192	882.9182	-4.626335	3691.815
63.33	96272.19	12920.64	2339.701	52919.92	402421.1	-388.7544	24106.53	2632.028	2190.036	14750.26	74192.92	9695.95	-5.338078	1382.918	1.24185e+08	3.384877e+08	1868.327	2595.729	1493.95	223993	3882.562	-4.626335	3191.815	-5.338078	1382.918	-4.626335	3191.815
63.62	100288.2	25033.64	3940.701	50314.92	517204.1	111.2456	19501.53	1532.028	3190.036	14550.26	74192.92	22103.95	-5.338078	1582.918	1.205658e+08	3.2847e+08	2268.327	3595.729	1393.95	285514.9	2582.562	-4.626335	4391.815	-5.338078	1582.918	-4.626335	4391.815
63.9	105308.2	14121.64	4640.701	47608.92	528333.1	311.2456	18700.53	2732.028	3290.036	13750.26	79308.92	23304.95	-5.338078	982.9182	1.184805e+08	3.12442e+08	2268.327	3195.729	1993.95	326005.9	2082.562	95.37366	4391.815	-5.338078	982.9182	95.37366	4391.815
64.19	103903.2	15523.64	3240.701	43701.92	495674.1	2011.246	16999.53	2232.028	1290.036	13450.26	77903.92	24005.95	-5.338078	782.9182	1.104425e+08	3.044282e+08	3068.327	3095.729	2193.95	267820.9	2182.562	95.37366	4491.815	-5.338078	782.9182	95.37366	4491.815
64.47	82122.19	38854.64	1939.701	39794.92	388605.1	2811.246	15598.53	2332.028	5091.036	12949.26	81113.92	16899.95	-5.338078	1282.918	9.172823e+07	2.523418e+08	2568.327	3595.729	1893.95	200797	1582.562	95.37366	3291.815	-5.338078	1282.918	95.37366	3291.815
64.76	64270.19	19326.64	1739.701	32784.92	309310.1	511.2456	14998.53	1632.028	2290.036	11149.26	46826.92	12996.95	-5.338078	982.9182	8.299945e+07	2.082729e+08	1768.327	1495.729	1093.95	156784	1082.562	-4.626335	2891.815	-5.338078	982.9182	-4.626335	2891.815
65.05	56952.19	21128.64	539.7012	27677.92	241569.1	1111.246	9795.526	1432.028	1790.036	6947.263	36308.92	10595.95	-5.338078	182.9182	6.491636e+07	1.902458e+08	1968.327	1395.729	793.9502	135460	882.5623	-4.626335	1891.815	-5.338078	182.9182	-4.626335	1891.815
65.33	40820.19	40357.64	2239.701	18168.92	177133.1	111.2456	7994.527	732.0284	890.0356	4746.263	33605.92	8795.95	-5.338078	182.9182	4.792506e+07	1.343883e+08	668.3274	1095.729	593.9502	87145.95	782.5623	-4.626335	1091.815	-5.338078	182.9182	-4.626335	1091.815
65.62	33610.19	8217.641	2839.701	16267.92	142814.1	111.2456	7194.527	632.0284	790.0356	4546.263	24294.92	5894.95	-5.338078	282.9182	3.723621e+07	9.900851e+07	468.3274	1595.729	293.9502	81325.95	582.5623	-4.626335	1091.815	-5.338078	282.9182	-4.626335	1091.815
65.9	25800.19	8417.641	1039.701	12465.92	106936.1	1611.246	4493.527	1032.028	290.0356	4346.263	16087.92	3993.95	-5.338078	182.9182	3.014714e+07	8.112259e+07	368.3274	495.7295	193.9502	58662.95	-17.43772	-4.626335	1191.815	-5.338078	182.9182	-4.626335	1191.815
66.19	20996.19	7517.641	2039.701	9063.922	85754.12	-789.7544	3493.527	132.0284	490.0356	3246.263	16187.92	3893.95	-5.338078	582.9182	2.227754e+07	6.759342e+07	368.3274	695.7296	393.9502	47338.95	1082.562	-4.626335	591.8149	-5.338078	582.9182	-4.626335	591.8149
66.47	16492.19	6316.641	639.7012	9163.922	68401.12	-388.7544	4793.527	232.0284	1490.036	2346.263	9884.918	3493.95	-5.338078	382.9182	2.064616e+07	5.536594e+07	168.3274	495.7295	93.95018	38423.95	582.5623	-4.626335	291.8149	-5.338078	382.9182	-4.626335	291.8149
66.76	16192.19	5516.641	639.7012	6362.922	61884.12	911.2456	2292.527	232.0284	90.03564	1746.263	7683.918	2493.95	94.66192	82.91815	1.582732e+07	4.392538e+07	168.3274	595.7296	93.95018	32214.95	482.5623	-4.626335	591.8149	94.66192	82.91815	-4.626335	591.8149
67.05	10889.19	4515.641	139.7012	3361.922	44747.12	-1289.754	2392.527	32.02844	590.0356	1746.263	7083.918	2693.95	-5.338078	182.9182	1.278351e+07	3.505092e+07	-31.6726	195.7295	193.9502	24105.95	382.5623	-4.626335	391.8149	-5.338078	182.9182	-4.626335	391.8149
67.33	8789.188	2915.641	1439.701	5162.922	37435.12	-188.7544	1792.527	232.0284	290.0356	2246.263	6583.918	1393.95	-5.338078	182.9182	1.095848e+07	2.900893e+07	368.3274	395.7295	293.9502	24005.95	382.5623	-4.626335	1091.815	-5.338078	182.9182	-4.626335	1091.815
67.62	6088.188	1814.641	-360.2988	4262.922	33229.12	-989.7544	1492.527	532.0284	790.0356	746.2634	6283.918	793.9502	-5.338078	82.91815	8201500	2.534304e+07	68.3274	95.72954	93.95018	17799.95	282.5623	-4.626335	691.8149	-5.338078	82.91815	-4.626335	691.8149
67.9	4987.188	2915.641	-761.2988	3561.922	23218.12	-1589.754	692.5267	132.0284	190.0356	1046.263	3482.918	1093.95	-5.338078	82.91815	6505968	1.963066e+07	68.3274	295.7295	293.9502	14097.95	82.56228	-4.626335	-8.185054	-5.338078	82.91815	-4.626335	-8.185054
68.19	4887.188	6917.641	-60.29883	2061.922	19915.12	811.2456	1692.527	332.0284	690.0356	846.2634	4582.918	2493.95	-5.338078	-17.08185	1.119893e+07	3.129311e+07	368.3274	95.72954	93.95018	59263.95	1282.562	-4.626335	791.8149	-5.338078	-17.08185	-4.626335	791.8149
68.47	6388.188	33044.64	-60.29883	1761.922	30325.12	2011.246	3993.527	332.0284	1190.036	846.2634	11084.92	4793.95	-5.338078	-17.08185	2.616754e+07	6.61943e+07	268.3274	395.7295	-6.049822	233984	482.5623	-4.626335	1291.815	-5.338078	-17.08185	-4.626335	1291.815
68.76	12390.19	38052.64	1439.701	3461.922	32028.12	2911.246	9495.526	432.0284	390.0356	1746.263	20590.92	9195.95	-5.338078	182.9182	4.875411e+07	1.306717e+08	568.3274	995.7296	393.9502	602261.9	882.5623	-4.626335	1391.815	-5.338078	182.9182	-4.626335	1391.815
69.05	12790.19	36850.64	739.7012	3761.922	30426.12	4012.246	11195.53	1132.028	790.0356	1246.263	24294.92	8795.95	-5.338078	82.91815	6.914097e+07	2.002608e+08	1368.327	1095.729	93.95018	1113136	782.5623	-4.626335	2991.815	-5.338078	82.91815	-4.626335	2991.815
69.33	14291.19	87890.64	1839.701	6362.922	25720.12	4412.246	14097.53	1832.028	2290.036	1446.263	31302.92	9895.95	-5.338078	182.9182	7.780701e+07	1.962548e+08	1568.327	1995.729	193.9502	1143983	782.5623	95.37366	3591.815	-5.338078	182.9182	95.37366	3591.815
69.62	13991.19	168221.6	2039.701	5062.922	32028.12	4612.246	15698.53	2032.028	1990.036	1346.263	33104.92	8795.95	-5.338078	182.9182	7.757642e+07	2.182882e+08	668.3274	1295.729	-6.049822	1124529	782.5623	-4.626335	4791.815	-5.338078	182.9182	-4.626335	4791.815
69.9	15792.19	440777.6	2339.701	2561.922	42844.12	4812.246	15098.53	1032.028	1990.036	2246.263	32403.92	6494.95	-5.338078	82.91815	7.187382e+07	1.722194e+08	-31.6726	695.7296	193.9502	866763.9	482.5623	-4.626335	1791.815	-5.338078	82.91815	-4.626335	1791.815
70.19	12290.19	549015.6	1139.701	3961.922	39538.12	4912.246	12096.53	832.0284	790.0356	2546.263	28999.92	8494.95	-5.338078	282.9182	5.920533e+07	1.602021e+08	468.3274	1195.729	93.95018	674470.9	882.5623	-4.626335	1691.815	-5.338078	282.9182	-4.626335	1691.815
70.48	12590.19	644579.6	1239.701	2161.922	42744.12	3512.246	9895.526	1132.028	1390.036	1546.263	27597.92	8194.95	-5.338078	182.9182	4.958336e+07	1.441796e+08	568.3274	695.7296	-6.049822	500555.9	182.5623	95.37366	1091.815	-5.338078	182.9182	95.37366	1091.815
70.76	9889.188	530313.6	-260.2988	2461.922	30125.12	3812.246	5793.527	1132.028	-9.964355	1446.263	21091.92	5594.95	-5.338078	82.91815	3.839059e+07	1.060742e+08	468.3274	1295.729	-6.049822	366561.9	282.5623	95.37366	991.8149	-5.338078	82.91815	95.37366	991.8149
71.05	10189.19	415340.6	-160.2988	2761.922	27022.12	2311.246	3893.527	632.0284	90.03564	746.2634	15087.92	5694.95	-5.338078	182.9182	3.017558e+07	8.478832e+07	68.3274	595.7296	-6.049822	305954.9	482.5623	-4.626335	491.8149	-5.338078	182.9182	-4.626335	491.8149
71.33	5788.188	330265.6	839.7012	2861.922	21116.12	1611.246	3193.527	432.0284	1190.036	646.2634	10584.92	3493.95	-5.338078	182.9182	2.417942e+07	6.184172e+07	168.3274	395.7295	93.95018	220966	682.5623	95.37366	1491.815	-5.338078	182.9182	95.37366	1491.815
71.62	4387.188	230833.6	539.7012	661.9218	21416.12	1111.246	3693.527	432.0284	190.0356	546.2634	11585.92	3793.95	-5.338078	-17.08185	2.132699e+07	5.605613e+07	268.3274	495.7295	493.9502	196463	482.5623	95.37366	791.8149	-5.338078	-17.08185	95.37366	791.8149
71.9	5488.188	247698.6	1039.701	1861.922	19715.12	6913.246	11195.53	132.0284	1690.036	646.2634	10984.92	18600.95	-5.338078	-17.08185	2.346964e+07	6.73626e+07	568.3274	795.7296	1193.95	250341	82.56228	95.37366	1291.815	-5.338078	-17.08185	95.37366	1291.815
72.19	18894.19	221850.6	2539.701	2261.922	46150.12	5012.246	10995.53	332.0284	-9.964355	1246.263	21992.92	47538.95	-5.338078	-17.08185	4.003018e+07	9.96635e+07	-31.6726	1995.729	993.9502	472822.9	882.5623	-4.626335	3091.815	-5.338078	-17.08185	-4.626335	3091.815
72.48	37115.19	183330.6	539.7012	5062.922	92779.12	4612.246	10795.53	1532.028	1490.036	1046.263	34706.92	63975.95	-5.338078	182.9182	5.684038e+07	1.662107e+08	968.3274	2695.729	1393.95	742560.9	282.5623	195.3737	4791.815	-5.338078	182.9182	195.3737	4791.815
72.76	54446.19	137325.6	3740.701	10164.92	143317.1	4612.246	13997.53	1532.028	1090.036	2846.263	39313.92	74905.95	-5.338078	182.9182	6.754538e+07	1.842369e+08	568.3274	2695.729	893.9502	1001771	282.5623	-4.626335	5992.815	-5.338078	182.9182	-4.626335	5992.815
73.05	63267.19	118022.6	2139.701	14666.92	172903.1	4012.246	10695.53	932.0284	1990.036	3746.263	47527.92	78717.95	-5.338078	82.91815	7.891698e+07	2.363163e+08	1068.327	2395.729	993.9502	1084936	282.5623	-4.626335	4891.815	-5.338078	82.91815	-4.626335	4891.815
73.33	83326.19	149900.6	2339.701	19469.92	242882.1	4712.246	15598.53	2032.028	2290.036	10148.26	61959.92	78015.95	-5.338078	582.9182	1.016099e+08	2.603547e+08	2068.327	3095.729	1793.95	1074395	1782.562	-4.626335	8492.815	-5.338078	582.9182	-4.626335	8492.815
73.62	87741.19	89195.64	1739.701	28979.92	276428.1	3112.246	12796.53	1432.028	2290.036	12849.26	59352.92	72899.95	-5.338078	682.9182	9.775254e+07	2.483354e+08	1368.327	3095.729	1593.95	898867.9	3282.562	-4.626335	7692.815	-5.338078	682.9182	-4.626335	7692.815
73.91	79513.19	72537.64	1239.701	32483.92	257629.1	3412.246	14998.53	1332.028	3591.036	20054.26	64866.92	56858.95	-5.338078	1982.918	1.083777e+08	2.603547e+08	1468.327	2395.729	1893.95	781005.9	4782.562	-4.626335	5092.815	-5.338078	1982.918	-4.626335	5092.815
74.19	92157.19	78858.64	2139.701	51216.92	276327.1	2911.246	24506.53	1832.028	3591.036	36773.26	67573.92	40125.95	-5.338078	1182.918	1.182035e+08	3.104385e+08	1668.327	2195.729	393.9502	671184.9	6983.562	95.37366	6592.815	-5.338078	1182.918	95.37366	6592.815
74.48	78811.19	69127.64	1839.701	60436.92	271070.1	2511.246	25607.53	1632.028	3791.036	37174.26	71083.92	35618.95	94.66192	1982.918	1.198803e+08	3.024248e+08	2368.327	2395.729	1393.95	619679.9	7983.562	-4.626335	6292.815	94.66192	1982.918	-4.626335	6292.815
74.76	91956.19	53886.64	2439.701	59133.92	282394.1	2911.246	26909.53	2132.028	3691.036	35972.26	71183.92	28309.95	-5.338078	1282.918	1.307469e+08	3.745531e+08	2168.327	2895.729	893.9502	589973.9	8483.562	-4.626335	6392.815	-5.338078	1282.918	-4.626335	6392.815
75.05	112540.2	55890.64	3540.701	59835.92	304653.1	4212.246	26008.53	2032.028	4391.036	36473.26	78405.92	24205.95	-5.338078	2082.918	1.311858e+08	3.304735e+08	2068.327	2795.729	1093.95	492701.9	9384.562	-4.626335	7292.815	-5.338078	2082.918	-4.626335	7292.815
75.33	119472.2	49976.64	2839.701	47408.92	332201.1	2511.246	29612.53	2032.028	3791.036	26360.26	84123.92	21302.95	-5.338078	1582.918	1.27311e+08	3.62531e+08	2668.327	3195.729	993.9502	366561.9	8784.562	-4.626335	6292.815	-5.338078	1582.918	-4.626335	6292.815
75.62	115252.2	49576.64	2339.701	45504.92	314575.1	611.2456	29512.53	2132.028	4091.036	24358.26	87635.92	20101.95	-5.338078	1382.918	1.570846e+08	3.424948e+08	2568.327	2595.729	1193.95	315167.9	7383.562	95.37366	5992.815	-5.338078	1382.918	95.37366	5992.815
75.91	134749.2	88493.64	4440.701	41297.92	261670.1	1411.246	32816.53	2832.028	3791.036	20755.26	92152.92	16198.95	-5.338078	1982.918	1.193002e+08	3.444984e+08	3268.327	2995.729	393.9502	314661.9	10584.56	95.37366	5392.815	-5.338078	1982.918	95.37366	5392.815
76.19	136660.2	50478.64	3540.701	41497.92	235916.1	1411.246	32315.53	2332.028	2890.036	19954.26	89442.92	17999.95	-5.338078	2282.918	1.280125e+08	3.705457e+08	3568.327	2095.729	1593.95	450007.9	12485.56	-4.626335	7292.815	-5.338078	2282.918	-4.626335	7292.815
76.48	118668.2	74544.64	3540.701	37691.92	177737.1	2511.246	40929.53	1732.028	3591.036	19454.26	89843.92	16098.95	-5.338078	1782.918	1.312736e+08	3.404912e+08	3468.327	1195.729	293.9502	714458.9	9784.562	-4.626335	7292.815	-5.338078	1782.918	-4.626335	7292.815
76.76	102196.2	111691.6	1639.701	35388.92	149755.1	4912.246	44034.53	2532.028	4191.036	19554.26	90044.92	29711.95	-5.338078	2182.918	1.39769e+08	3.264664e+08	3768.327	1895.729	1193.95	1411021	9584.562	95.37366	8192.815	-5.338078	2182.918	95.37366	8192.815
77.05	93060.19	193912.6	3440.701	36089.92	119291.1	9415.246	40828.53	3632.028	2890.036	16852.26	78405.92	45835.95	-5.338078	1682.918	1.40077e+08	3.364841e+08	2968.327	1795.729	2193.95	2037686	8984.562	-4.626335	9393.815	-5.338078	1682.918	-4.626335	9393.815
77.34	100589.2	261440.6	3140.701	28679.92	101111.1	9515.246	40127.53	2632.028	4391.036	18153.26	89040.92	77112.95	-5.338078	1782.918	1.382149e+08	3.845718e+08	3168.327	2495.729	3093.95	2215716	14486.56	-4.626335	9193.815	-5.338078	1782.918	-4.626335	9193.815
77.62	91253.19	155435.6	3840.701	22272.92	88062.12	7814.246	30613.53	2432.028	3390.036	13550.26	84625.92	77814.95	94.66192	1382.918	1.327222e+08	3.184524e+08	2368.327	2795.729	3693.95	2162114	10984.56	-4.626335	12694.82	94.66192	1382.918	-4.626335	12694.82
77.91	90049.19	139336.6	2940.701	21671.92	76223.12	8014.246	26909.53	4633.028	2590.036	10948.26	95866.92	81225.95	-5.338078	1082.918	1.396077e+08	3.745531e+08	2468.327	3495.729	4393.95	2273363	12985.56	-4.626335	11594.82	-5.338078	1082.918	-4.626335	11594.82
78.19	88644.19	139236.6	3340.701	20570.92	63387.12	6613.246	22904.53	3132.028	3891.036	9948.264	78405.92	70191.95	-5.338078	682.9182	1.267119e+08	3.565201e+08	2668.327	2995.729	3493.95	2107862	11084.56	-4.626335	9593.815	-5.338078	682.9182	-4.626335	9593.815
78.48	78911.19	121539.6	3440.701	17368.92	50859.12	7513.246	22304.53	1832.028	3991.036	11949.26	76599.92	49542.95	94.66192	1982.918	1.277641e+08	3.244629e+08	2868.327	2395.729	4093.95	2130136	12185.56	-4.626335	10293.82	94.66192	1982.918	-4.626335	10293.82
78.77	68280.19	58898.64	3740.701	26877.92	62485.12	8114.246	37623.53	2232.028	3190.036	21455.26	83421.92	38723.95	-5.338078	2282.918	1.343179e+08	3.765569e+08	2568.327	2995.729	2893.95	1749436	12785.56	-4.626335	10793.82	-5.338078	2282.918	-4.626335	10793.82
79.05	65272.19	51380.64	3440.701	39594.92	67498.12	4912.246	44836.53	1832.028	3591.036	29263.26	77000.92	32714.95	-5.338078	2782.918	1.34274e+08	3.044282e+08	3168.327	2595.729	1793.95	1441170	11885.56	-4.626335	11394.82	-5.338078	2782.918	-4.626335	11394.82
79.34	58756.19	69327.64	3740.701	48710.92	65894.12	5112.246	49445.53	3332.028	3591.036	36573.26	72387.92	24805.95	-5.338078	2282.918	1.278664e+08	3.104385e+08	3068.327	1895.729	2293.95	1094228	10484.56	-4.626335	10193.82	-5.338078	2282.918	-4.626335	10193.82
79.62	55649.19	70832.64	2539.701	57830.92	71108.12	2311.246	48944.53	2232.028	4191.036	37074.26	72587.92	21502.95	-5.338078	3582.918	1.292844e+08	3.304735e+08	3868.327	1195.729	1593.95	916697.9	8984.562	-4.626335	10993.82	-5.338078	3582.918	-4.626335	10993.82
79.91	57653.19	68926.64	3240.701	70965.92	81941.12	1411.246	48843.53	2232.028	3991.036	35271.26	73991.92	16899.95	-5.338078	3482.918	1.333663e+08	3.32477e+08	4968.328	1995.729	1693.95	817546.9	7883.562	-4.626335	7992.815	-5.338078	3482.918	-4.626335	7992.815
80.2	59157.19	54186.64	4540.701	87116.92	98702.12	2211.246	54756.53	2332.028	3791.036	35471.26	74192.92	15598.95	-5.338078	4582.918	1.349329e+08	3.364841e+08	4968.328	1595.729	2593.95	667897.9	7783.562	-4.626335	9093.815	-5.338078	4582.918	-4.626335	9093.815
80.48	54246.19	42260.64	3940.701	92335.92	98200.12	3212.246	50046.53	1732.028	2890.036	27561.26	75295.92	11996.95	-5.338078	5283.918	1.297085e+08	3.164489e+08	4568.328	1195.729	3993.95	539451.9	8383.562	195.3737	6892.815	-5.338078	5283.918	195.3737	6892.815
80.77	54546.19	57795.64	3540.701	74675.92	80537.12	5813.246	44535.53	2232.028	2890.036	25459.26	64365.92	17299.95	-5.338078	3282.918	1.126978e+08	3.424948e+08	2768.327	1495.729	5194.95	459070.9	6783.562	295.3737	5492.815	-5.338078	3282.918	295.3737	5492.815
81.05	42022.19	75346.64	2639.701	59935.92	65493.12	10715.25	39626.53	1332.028	1790.036	20554.26	53640.92	16298.95	-5.338078	3082.918	8.71733e+07	2.583515e+08	2668.327	995.7296	7394.95	419483.9	5783.562	-4.626335	6092.815	-5.338078	3082.918	-4.626335	6092.815
81.34	38116.19	63109.64	2940.701	39093.92	50759.12	12316.25	33117.53	1832.028	1690.036	13450.26	39613.92	11496.95	-5.338078	2482.918	6.912659e+07	2.102759e+08	2368.327	1395.729	3793.95	339280.9	4282.562	-4.626335	3191.815	-5.338078	2482.918	-4.626335	3191.815
81.62	31206.19	72337.64	4440.701	30481.92	39538.12	8814.246	25607.53	1032.028	1790.036	11349.26	36509.92	12196.95	-5.338078	1782.918	5.636758e+07	1.361685e+08	1668.327	395.7295	4293.95	248927	3982.562	-4.626335	3591.815	-5.338078	1782.918	-4.626335	3591.815
81.91	20796.19	139739.6	2639.701	23773.92	32028.12	6513.246	20102.53	1032.028	1290.036	8247.264	23693.92	9095.95	-5.338078	1382.918	3.881824e+07	1.238653e+08	1668.327	695.7296	893.9502	216225	2582.562	95.37366	1891.815	-5.338078	1382.918	95.37366	1891.815
82.2	13291.19	145875.6	2739.701	17068.92	20616.12	5713.246	13997.53	232.0284	690.0356	4846.263	21191.92	6094.95	-5.338078	882.9182	3.374684e+07	9.293006e+07	668.3274	295.7295	1993.95	161917	2282.562	-4.626335	1991.815	-5.338078	882.9182	-4.626335	1991.815
82.48	13391.19	122846.6	439.7012	15366.92	16813.12	2911.246	11696.53	632.0284	-9.964355	5647.263	13686.92	4493.95	94.66192	182.9182	2.497453e+07	7.299318e+07	468.3274	295.7295	3293.95	135259	1582.562	95.37366	1691.815	94.66192	182.9182	95.37366	1691.815
82.77	8989.188	121439.6	2039.701	9363.922	17213.12	1811.246	9295.526	132.0284	390.0356	4046.263	12785.92	3793.95	-5.338078	582.9182	2.149722e+07	5.955227e+07	568.3274	295.7295	1093.95	119981	1182.562	95.37366	1591.815	-5.338078	582.9182	95.37366	1591.815
83.05	9889.188	161475.6	-60.29883	8563.922	12810.12	3212.246	8994.526	132.0284	290.0356	3046.263	10184.92	3093.95	-5.338078	682.9182	1.707392e+07	4.438402e+07	-31.6726	395.7295	393.9502	87646.95	982.5623	95.37366	1191.815	-5.338078	682.9182	95.37366	1191.815
83.34	7088.188	330062.6	1339.701	8363.922	9309.117	2411.246	4793.527	-167.9716	190.0356	2846.263	8684.918	3593.95	-5.338078	282.9182	1.401488e+07	3.925637e+07	568.3274	95.72954	593.9502	79620.95	1382.562	-4.626335	1391.815	-5.338078	282.9182	-4.626335	1391.815
83.62	5588.188	234266.6	339.7012	6362.922	9409.117	2211.246	4793.527	1032.028	790.0356	2546.263	8183.918	1193.95	-5.338078	182.9182	1.097262e+07	2.940856e+07	-31.6726	95.72954	593.9502	62270.95	382.5623	-4.626335	591.8149	-5.338078	182.9182	-4.626335	591.8149
83.91	4787.188	205608.6	-460.2988	5962.922	8408.117	1511.246	3993.527	332.0284	390.0356	2946.263	5883.918	1193.95	-5.338078	182.9182	8780993	2.551413e+07	168.3274	195.7295	1593.95	53951.95	482.5623	-4.626335	591.8149	-5.338078	182.9182	-4.626335	591.8149
84.2	3887.189	210954.6	-1161.299	5262.922	7508.118	111.2456	3493.527	-67.97156	-209.9644	1646.263	3882.918	2693.95	-5.338078	-17.08185	7876460	2.217944e+07	68.3274	-4.270463	393.9502	46837.95	482.5623	-4.626335	-8.185054	-5.338078	-17.08185	-4.626335	-8.185054
84.48	3087.189	391454.6	-160.2988	3461.922	3707.117	911.2456	2792.527	-167.9716	590.0356	1246.263	4582.918	1493.95	-5.338078	182.9182	5856230	1.76527e+07	168.3274	295.7295	393.9502	40726.95	382.5623	-4.626335	491.8149	-5.338078	182.9182	-4.626335	491.8149
84.77	1687.189	102851.6	-60.29883	1661.922	2807.117	-488.7544	1492.527	32.02844	390.0356	1246.263	2282.918	1093.95	-5.338078	182.9182	4811252	1.335906e+07	268.3274	-4.270463	393.9502	25606.95	282.5623	-4.626335	191.8149	-5.338078	182.9182	-4.626335	191.8149
85.05	1987.189	148391.6	-560.2988	661.9218	3207.117	-1189.754	1192.527	-267.9716	-9.964355	1046.263	2182.918	393.9502	-5.338078	82.91815	5121888	1.162602e+07	168.3274	95.72954	93.95018	26807.95	482.5623	-4.626335	91.81495	-5.338078	82.91815	-4.626335	91.81495
85.34	1987.189	50778.64	139.7012	1461.922	2207.117	111.2456	1192.527	-267.9716	90.03564	646.2634	1982.918	693.9502	-5.338078	82.91815	3653662	1.010675e+07	68.3274	-4.270463	93.95018	26307.95	282.5623	-4.626335	391.8149	-5.338078	82.91815	-4.626335	391.8149
85.63	1687.189	91002.64	439.7012	1161.922	1607.117	-989.7544	1392.527	32.02844	-209.9644	646.2634	1382.918	593.9502	-5.338078	282.9182	3173798	7751048	-31.6726	-4.270463	93.95018	15398.95	182.5623	-4.626335	191.8149	-5.338078	282.9182	-4.626335	191.8149
85.91	1187.189	56592.64	-360.2988	961.9218	1607.117	511.2456	492.5267	132.0284	-309.9644	546.2634	2582.918	693.9502	-5.338078	-17.08185	2552894	6190901	268.3274	95.72954	93.95018	18400.95	82.56228	-4.626335	91.81495	-5.338078	-17.08185	-4.626335	91.81495
86.2	1687.189	31942.64	39.70117	861.9218	1207.117	-188.7544	492.5267	432.0284	90.03564	446.2633	1382.918	993.9502	-5.338078	-17.08185	2016746	5340201	-31.6726	95.72954	-6.049822	14897.95	182.5623	-4.626335	191.8149	-5.338078	-17.08185	-4.626335	191.8149
86.49	987.1886	40657.64	-1261.299	561.9218	1607.117	-188.7544	292.5267	132.0284	-9.964355	146.2633	982.9182	393.9502	-5.338078	-17.08185	1692275	4631441	68.3274	-4.270463	-6.049822	9595.95	382.5623	-4.626335	-8.185054	-5.338078	-17.08185	-4.626335	-8.185054
86.77	1187.189	47471.64	-560.2988	1061.922	907.1174	-989.7544	292.5267	-167.9716	-509.9644	846.2634	982.9182	893.9502	-5.338078	-17.08185	1381940	4064535	68.3274	-4.270463	93.95018	7294.95	-17.43772	-4.626335	91.81495	-5.338078	-17.08185	-4.626335	91.81495
87.07	887.1886	17524.64	-861.2988	561.9218	807.1174	-689.7544	-107.4733	132.0284	-9.964355	-53.73666	282.9182	393.9502	-5.338078	-17.08185	1226782	3412705	68.3274	-4.270463	-6.049822	4793.95	-17.43772	-4.626335	191.8149	-5.338078	-17.08185	-4.626335	191.8149
87.36	287.1886	31141.64	1239.701	61.92175	1007.117	-989.7544	-107.4733	-167.9716	890.0356	346.2633	182.9182	93.95018	-5.338078	82.91815	521608.4	3398536	-31.6726	-4.270463	-6.049822	8895.95	82.56228	-4.626335	-8.185054	-5.338078	82.91815	-4.626335	-8.185054
87.65	87.18861	41459.64	-961.2988	1161.922	707.1174	-88.75439	892.5267	-167.9716	390.0356	446.2633	382.9182	93.95018	-5.338078	-17.08185	1353729	2463516	68.3274	-4.270463	-6.049822	7294.95	82.56228	-4.626335	-8.185054	-5.338078	-17.08185	-4.626335	-8.185054
87.94	287.1886	15322.64	39.70117	-38.07825	407.1174	-588.7544	-607.4733	332.0284	-9.964355	-53.73666	782.9182	93.95018	-5.338078	82.91815	630114.4	2534342	-31.6726	-4.270463	-6.049822	2393.95	-17.43772	-4.626335	91.81495	-5.338078	82.91815	-4.626335	91.81495
88.23	787.1886	8417.641	-1361.299	261.9218	407.1174	-188.7544	-7.473267	-267.9716	-509.9644	346.2633	182.9182	293.9502	-5.338078	82.91815	592409.4	1996098	-31.6726	-4.270463	-6.049822	2693.95	82.56228	-4.626335	-8.185054	-5.338078	82.91815	-4.626335	-8.185054
88.51	187.1886	5416.641	-460.2988	361.9218	607.1174	-488.7544	-507.4733	332.0284	590.0356	446.2633	382.9182	-6.049822	-5.338078	-17.08185	563914.4	1514580	-31.6726	-4.270463	-6.049822	4793.95	-17.43772	-4.626335	91.81495	-5.338078	-17.08185	-4.626335	91.81495
88.8	187.1886	4615.641	439.7012	-138.0782	307.1174	-288.7544	-107.4733	-267.9716	-809.9644	-53.73666	182.9182	-6.049822	-5.338078	-17.08185	634426.4	2166061	-31.6726	-4.270463	93.95018	3493.95	82.56228	95.37366	91.81495	-5.338078	-17.08185	95.37366	91.81495
89.09	87.18861	3115.641	-560.2988	161.9218	207.1174	-2089.754	892.5267	532.0284	90.03564	146.2633	-17.08185	-6.049822	-5.338078	-17.08185	338285.4	792426.8	68.3274	-4.270463	-6.049822	1493.95	-17.43772	-4.626335	91.81495	-5.338078	-17.08185	-4.626335	91.81495
89.38	287.1886	1014.641	-961.2988	-38.07825	707.1174	-1989.754	-7.473267	32.02844	-109.9644	146.2633	-17.08185	93.95018	-5.338078	-17.08185	508899.4	990649.8	-31.6726	-4.270463	-6.049822	1593.95	82.56228	-4.626335	-8.185054	-5.338078	-17.08185	-4.626335	-8.185054
89.67	287.1886	9018.641	-160.2988	61.92175	207.1174	-1189.754	492.5267	232.0284	-409.9644	46.26334	182.9182	93.95018	-5.338078	-17.08185	141268.4	1146405	-31.6726	-4.270463	-6.049822	2693.95	-17.43772	-4.626335	91.81495	-5.338078	-17.08185	-4.626335	91.81495
89.97	287.1886	3915.641	-761.2988	161.9218	307.1174	-188.7544	592.5267	-67.97156	-109.9644	-53.73666	-17.08185	193.9502	-5.338078	-17.08185	197275.4	990649.8	-31.6726	-4.270463	-6.049822	3993.95	-17.43772	-4.626335	-8.185054	-5.338078	-17.08185	-4.626335	-8.185054
90.25	387.1886	3415.641	-60.29883	161.9218	407.1174	-1089.754	592.5267	-167.9716	90.03564	-53.73666	-17.08185	-6.049822	-5.338078	-17.08185	202890.4	396012.8	-31.6726	-4.270463	-6.049822	3293.95	-17.43772	-4.626335	-8.185054	-5.338078	-17.08185	-4.626335	-8.185054
90.55	187.1886	12820.64	-961.2988	261.9218	-92.88256	-2089.754	-507.4733	-67.97156	-409.9644	-53.73666	182.9182	193.9502	-5.338078	-17.08185	154972.4	340248.8	-31.6726	-4.270463	-6.049822	1393.95	-17.43772	-4.626335	-8.185054	-5.338078	-17.08185	-4.626335	-8.185054
90.84	-12.81139	12920.64	-560.2988	361.9218	7.117439	-1289.754	-107.4733	332.0284	-109.9644	-53.73666	82.91815	-6.049822	-5.338078	-17.08185	285694.4	396012.8	-31.6726	-4.270463	-6.049822	293.9502	-17.43772	-4.626335	91.81495	-5.338078	-17.08185	-4.626335	91.81495
91.13	-12.81139	814.6406	-560.2988	-438.0782	107.1174	-1589.754	-507.4733	-267.9716	-209.9644	146.2633	-17.08185	-6.049822	-5.338078	-17.08185	72976.4	141198.8	-31.6726	-4.270463	-6.049822	293.9502	-17.43772	-4.626335	-8.185054	-5.338078	-17.08185	-4.626335	-8.185054
91.41	87.18861	1514.641	-560.2988	361.9218	207.1174	-689.7544	-107.4733	-467.9716	90.03564	-53.73666	382.9182	-6.049822	-5.338078	-17.08185	111016.4	304288.8	-31.6726	-4.270463	-6.049822	2893.95	-17.43772	-4.626335	-8.185054	-5.338078	-17.08185	-4.626335	-8.185054
91.7	-12.81139	814.6406	-1261.299	-738.0782	107.1174	-989.7544	-607.4733	32.02844	-109.9644	46.26334	82.91815	-6.049822	-5.338078	-17.08185	76185.4	183666.8	-31.6726	-4.270463	-6.049822	493.9502	182.5623	-4.626335	-8.185054	-5.338078	-17.08185	-4.626335	-8.185054
91.99	387.1886	14.64062	739.7012	-38.07825	107.1174	-288.7544	-607.4733	32.02844	690.0356	46.26334	82.91815	-6.049822	94.66192	-17.08185	56269.39	311072.8	-31.6726	-4.270463	-6.049822	993.9502	82.56228	-4.626335	-8.185054	94.66192	-17.08185	-4.626335	-8.185054
92.28	-12.81139	514.6406	39.70117	-138.0782	7.117439	-689.7544	292.5267	-67.97156	-9.964355	346.2633	82.91815	-6.049822	-5.338078	82.91815	93042.4	311072.8	-31.6726	-4.270463	-6.049822	1093.95	-17.43772	-4.626335	-8.185054	-5.338078	82.91815	-4.626335	-8.185054
92.56	187.1886	1314.641	839.7012	-338.0782	507.1174	-1289.754	-207.4733	-167.9716	-709.9644	46.26334	-17.08185	-6.049822	-5.338078	-17.08185	45611.39	155354.8	-31.6726	-4.270463	-6.049822	393.9502	-17.43772	-4.626335	-8.185054	-5.338078	-17.08185	-4.626335	-8.185054
92.86	87.18861	114.6406	-1461.299	-238.0782	-92.88256	-188.7544	292.5267	232.0284	90.03564	-53.73666	-17.08185	-6.049822	94.66192	-17.08185	60643.39	27954.77	68.3274	-4.270463	-6.049822	93.95018	-17.43772	-4.626335	91.81495	94.66192	-17.08185	-4.626335	91.81495
93.14	-12.81139	514.6406	39.70117	361.9218	-92.88256	-689.7544	992.5267	-267.9716	790.0356	-53.73666	82.91815	-6.049822	-5.338078	-17.08185	87723.4	325229.8	-31.6726	-4.270463	-6.049822	793.9502	-17.43772	-4.626335	-8.185054	-5.338078	-17.08185	-4.626335	-8.185054
93.43	-12.81139	-285.3594	-360.2988	-138.0782	-92.88256	311.2456	-207.4733	-167.9716	-409.9644	-53.73666	82.91815	-6.049822	-5.338078	-17.08185	37597.39	86293.77	-31.6726	-4.270463	-6.049822	1493.95	-17.43772	-4.626335	-8.185054	-5.338078	-17.08185	-4.626335	-8.185054
93.71	87.18861	614.6406	-861.2988	-38.07825	-92.88256	-889.7544	-307.4733	-367.9716	-309.9644	-53.73666	-17.08185	-6.049822	-5.338078	-17.08185	134330.4	121539.8	68.3274	-4.270463	-6.049822	-6.049822	-17.43772	-4.626335	-8.185054	-5.338078	-17.08185	-4.626335	-8.185054
94	-12.81139	-685.3594	-60.29883	-138.0782	107.1174	-1889.754	92.52673	-267.9716	490.0356	46.26334	-17.08185	-6.049822	-5.338078	-17.08185	31990.39	367699.8	-31.6726	-4.270463	-6.049822	1993.95	-17.43772	-4.626335	191.8149	-5.338078	-17.08185	-4.626335	191.8149
94.29	87.18861	214.6406	439.7012	-238.0782	7.117439	-1189.754	-7.473267	-167.9716	-509.9644	46.26334	-17.08185	-6.049822	-5.338078	-17.08185	2869.395	113100.8	-31.6726	-4.270463	-6.049822	193.9502	82.56228	-4.626335	-8.185054	-5.338078	-17.08185	-4.626335	-8.185054
94.57	687.1886	1814.641	-60.29883	161.9218	-92.88256	-689.7544	-307.4733	-67.97156	290.0356	-53.73666	-17.08185	-6.049822	-5.338078	-17.08185	5070.395	165290.8	-31.6726	-4.270463	-6.049822	-6.049822	-17.43772	-4.626335	-8.185054	-5.338078	-17.08185	-4.626335	-8.185054
94.85	87.18861	1214.641	-1761.299	161.9218	-92.88256	-1289.754	-1007.473	132.0284	290.0356	-53.73666	-17.08185	-6.049822	-5.338078	-17.08185	32791.39	11146.77	168.3274	-4.270463	-6.049822	193.9502	-17.43772	-4.626335	-8.185054	-5.338078	-17.08185	-4.626335	-8.185054
95.14	87.18861	-585.3594	-1261.299	161.9218	-92.88256	-1389.754	-407.4733	-67.97156	90.03564	-53.73666	82.91815	-6.049822	-5.338078	-17.08185	23780.39	68939.77	-31.6726	95.72954	-6.049822	193.9502	-17.43772	-4.626335	-8.185054	-5.338078	-17.08185	-4.626335	-8.185054
95.43	187.1886	214.6406	-1961.299	-38.07825	7.117439	-689.7544	292.5267	-167.9716	390.0356	-53.73666	-17.08185	-6.049822	-5.338078	-17.08185	18176.39	27954.77	68.3274	-4.270463	-6.049822	-6.049822	-17.43772	-4.626335	-8.185054	-5.338078	-17.08185	-4.626335	-8.185054
95.72	-12.81139	-285.3594	-1161.299	-38.07825	7.117439	-1089.754	292.5267	-167.9716	-409.9644	46.26334	-17.08185	-6.049822	-5.338078	-17.08185	29487.39	33666.77	-31.6726	-4.270463	-6.049822	-6.049822	82.56228	-4.626335	-8.185054	-5.338078	-17.08185	-4.626335	-8.185054
96	-12.81139	1114.641	-1261.299	-238.0782	-92.88256	-989.7544	-607.4733	32.02844	-809.9644	46.26334	82.91815	-6.049822	-5.338078	-17.08185	15274.39	343.7722	68.3274	-4.270463	-6.049822	93.95018	-17.43772	-4.626335	-8.185054	-5.338078	-17.08185	-4.626335	-8.185054
96.29	-12.81139	-85.35938	39.70117	-338.0782	7.117439	-1989.754	-907.4733	-367.9716	90.03564	146.2633	-17.08185	-6.049822	-5.338078	-17.08185	43808.39	121941.8	-31.6726	-4.270463	-6.049822	-6.049822	-17.43772	-4.626335	-8.185054	-5.338078	-17.08185	-4.626335	-8.185054
96.57	87.18861	14.64062	-761.2988	61.92175	-92.88256	-1289.754	-507.4733	32.02844	190.0356	-53.73666	-17.08185	-6.049822	-5.338078	-17.08185	18376.39	43.77225	-31.6726	-4.270463	-6.049822	93.95018	-17.43772	-4.626335	-8.185054	-5.338078	-17.08185	-4.626335	-8.185054
96.86	-12.81139	314.6406	239.7012	361.9218	-92.88256	-1789.754	-807.4733	-167.9716	-309.9644	-53.73666	-17.08185	-6.049822	-5.338078	-17.08185	-30.60498	29261.77	-31.6726	-4.270463	-6.049822	193.9502	-17.43772	-4.626335	-8.185054	-5.338078	-17.08185	-4.626335	-8.185054
97.14	-12.81139	-85.35938	-160.2988	261.9218	-92.88256	-1289.754	-907.4733	-367.9716	-9.964355	46.26334	-17.08185	-6.049822	-5.338078	-17.08185	269.395	743.7722	68.3274	-4.270463	93.95018	193.9502	-17.43772	-4.626335	-8.185054	-5.338078	-17.08185	-4.626335	-8.185054
97.43	87.18861	-185.3594	-560.2988	561.9218	7.117439	-588.7544	-407.4733	-367.9716	-409.9644	46.26334	82.91815	-6.049822	-5.338078	-17.08185	11472.39	54102.77	-31.6726	-4.270463	-6.049822	-6.049822	-17.43772	-4.626335	-8.185054	-5.338078	-17.08185	-4.626335	-8.185054
97.71	-12.81139	814.6406	539.7012	-238.0782	107.1174	-689.7544	-707.4733	-367.9716	190.0356	46.26334	-17.08185	-6.049822	-5.338078	-17.08185	44108.39	-56.22775	-31.6726	-4.270463	-6.049822	93.95018	82.56228	-4.626335	-8.185054	-5.338078	-17.08185	-4.626335	-8.185054
98	-12.81139	14.64062	-861.2988	-138.0782	-92.88256	-1189.754	92.52673	-167.9716	-509.9644	-53.73666	-17.08185	-6.049822	-5.338078	-17.08185	31389.39	35068.77	-31.6726	-4.270463	-6.049822	-6.049822	-17.43772	-4.626335	-8.185054	-5.338078	-17.08185	-4.626335	-8.185054
98.28	-12.81139	-785.3594	-60.29883	461.9218	107.1174	-1989.754	-507.4733	-67.97156	90.03564	-53.73666	-17.08185	-6.049822	-5.338078	-17.08185	569.395	8044.772	-31.6726	-4.270463	-6.049822	-6.049822	-17.43772	-4.626335	-8.185054	-5.338078	-17.08185	-4.626335	-8.185054
98.57	87.18861	1314.641	39.70117	961.9218	507.1174	-588.7544	-607.4733	232.0284	990.0356	-53.73666	82.91815	-6.049822	-5.338078	-17.08185	54228.39	5744.772	-31.6726	-4.270463	-6.049822	193.9502	-17.43772	-4.626335	-8.185054	-5.338078	-17.08185	-4.626335	-8.185054
98.85	-12.81139	1314.641	139.7012	61.92175	-92.88256	11.24561	92.52673	232.0284	290.0356	-53.73666	-17.08185	-6.049822	-5.338078	-17.08185	2569.395	3743.772	-31.6726	-4.270463	-6.049822	-6.049822	-17.43772	-4.626335	-8.185054	-5.338078	-17.08185	-4.626335	-8.185054
99.14	-12.81139	-685.3594	-160.2988	-238.0782	7.117439	-288.7544	-207.4733	432.0284	-409.9644	-53.73666	-17.08185	-6.049822	-5.338078	-17.08185	31088.39	13798.77	-31.6726	-4.270463	-6.049822	293.9502	-17.43772	-4.626335	-8.185054	-5.338078	-17.08185	-4.626335	-8.185054
99.43	-12.81139	214.6406	239.7012	-238.0782	7.117439	-789.7544	392.5267	332.0284	-9.964355	146.2633	-17.08185	-6.049822	-5.338078	-17.08185	10971.39	5244.772	-31.6726	-4.270463	-6.049822	-6.049822	-17.43772	-4.626335	-8.185054	-5.338078	-17.08185	-4.626335	-8.185054
99.71	-12.81139	1614.641	-360.2988	361.9218	7.117439	-789.7544	-107.4733	232.0284	90.03564	-53.73666	-17.08185	-6.049822	-5.338078	-17.08185	9871.395	243.7722	-31.6726	-4.270463	-6.049822	93.95018	-17.43772	-4.626335	-8.185054	-5.338078	-17.08185	-4.626335	-8.185054
100	-12.81139	-685.3594	739.7012	-238.0782	-92.88256	111.2456	-507.4733	-267.9716	-109.9644	-53.73666	-17.08185	-6.049822	-5.338078	-17.08185	169.395	-256.2278	68.3274	-4.270463	93.95018	-6.049822	-17.43772	-4.626335	-8.185054	-5.338078	-17.08185	-4.626335	-8.185054
