ElapsedTime_s	Ti49_CPS	Al27_CPS	S33_CPS	Sc45_CPS	V51_CPS	Mn55_CPS	Fe57_CPS	Co59_CPS	Ni60_CPS	Ga71_CPS	Zr90_CPS	Nb93_CPS	Mo97_CPS	In113_CPS	Sn119_CPS	Sn118_CPS	Sb121_CPS	Hf177_CPS	Ta181_CPS	W183_CPS	Pb206_CPS	Th232_CPS	U238_CPS	Tc97_CPS	Cd113_CPS	U232_CPS	Pu238_CPS
0	-12.81139	14.64062	39.70117	-38.07825	-92.88256	-1089.754	-407.4733	232.0284	790.0356	-53.73666	-17.08185	-6.049822	-5.338078	-17.08185	44809.39	23454.77	-31.6726	-4.270463	-6.049822	193.9502	-17.43772	-4.626335	-8.185054	-5.338078	-17.08185	-4.626335	-8.185054
																											
9.21	-12.81139	-85.35938	739.7012	-138.0782	-92.88256	-1689.754	692.5267	332.0284	-409.9644	146.2633	-17.08185	-6.049822	-5.338078	-17.08185	5170.395	143.7722	-31.6726	-4.270463	93.95018	-6.049822	-17.43772	-4.626335	-8.185054	-5.338078	-17.08185	-4.626335	-8.185054
9.5	-12.81139	614.6406	1539.701	-438.0782	107.1174	-1189.754	-307.4733	-167.9716	1490.036	-53.73666	-17.08185	-6.049822	-5.338078	-17.08185	69.39502	-156.2278	-31.6726	-4.270463	-6.049822	-6.049822	-17.43772	-4.626335	-8.185054	-5.338078	-17.08185	-4.626335	-8.185054
9.78	87.18861	1014.641	-660.2988	561.9218	-92.88256	11.24561	-907.4733	-367.9716	-109.9644	-53.73666	82.91815	-6.049822	-5.338078	-17.08185	1969.395	243.7722	-31.6726	-4.270463	-6.049822	-6.049822	-17.43772	-4.626335	-8.185054	-5.338078	-17.08185	-4.626335	-8.185054
10.07	-12.81139	1614.641	1539.701	61.92175	107.1174	-1489.754	392.5267	-567.9716	-409.9644	-53.73666	-17.08185	-6.049822	-5.338078	-17.08185	-30.60498	-356.2278	-31.6726	-4.270463	-6.049822	-6.049822	82.56228	-4.626335	-8.185054	-5.338078	-17.08185	-4.626335	-8.185054
10.35	-12.81139	-385.3594	-260.2988	-238.0782	107.1174	-1789.754	-7.473267	132.0284	190.0356	46.26334	-17.08185	-6.049822	-5.338078	-17.08185	17675.39	43.77225	-31.6726	-4.270463	-6.049822	-6.049822	-17.43772	-4.626335	-8.185054	-5.338078	-17.08185	-4.626335	-8.185054
10.64	-12.81139	-1486.359	-761.2988	-638.0782	7.117439	-1089.754	-307.4733	-167.9716	-509.9644	-53.73666	-17.08185	-6.049822	-5.338078	82.91815	10971.39	243.7722	-31.6726	-4.270463	-6.049822	-6.049822	-17.43772	-4.626335	-8.185054	-5.338078	82.91815	-4.626335	-8.185054
10.93	-12.81139	-285.3594	-560.2988	-138.0782	-92.88256	-1289.754	-7.473267	-467.9716	190.0356	-53.73666	-17.08185	-6.049822	-5.338078	82.91815	-130.605	-56.22775	-31.6726	-4.270463	-6.049822	-6.049822	-17.43772	-4.626335	-8.185054	-5.338078	82.91815	-4.626335	-8.185054
11.21	-12.81139	-485.3594	39.70117	-38.07825	-92.88256	-88.75439	-307.4733	-267.9716	-409.9644	-53.73666	-17.08185	-6.049822	-5.338078	-17.08185	269.395	-56.22775	68.3274	-4.270463	-6.049822	-6.049822	82.56228	-4.626335	-8.185054	-5.338078	-17.08185	-4.626335	-8.185054
11.49	-12.81139	14.64062	-60.29883	-138.0782	-92.88256	-989.7544	-407.4733	132.0284	-409.9644	146.2633	82.91815	-6.049822	-5.338078	-17.08185	69.39502	-56.22775	-31.6726	-4.270463	-6.049822	-6.049822	-17.43772	-4.626335	-8.185054	-5.338078	-17.08185	-4.626335	-8.185054
11.78	-12.81139	-285.3594	-360.2988	361.9218	7.117439	-488.7544	92.52673	-167.9716	-109.9644	146.2633	182.9182	-6.049822	-5.338078	-17.08185	-30.60498	-56.22775	-31.6726	-4.270463	-6.049822	-6.049822	-17.43772	-4.626335	-8.185054	-5.338078	-17.08185	-4.626335	-8.185054
12.06	-12.81139	-385.3594	-861.2988	-238.0782	-92.88256	-689.7544	-707.4733	-167.9716	-709.9644	-53.73666	-17.08185	-6.049822	-5.338078	82.91815	-30.60498	1043.772	-31.6726	-4.270463	-6.049822	-6.049822	-17.43772	-4.626335	-8.185054	-5.338078	82.91815	-4.626335	-8.185054
12.35	-12.81139	-385.3594	-1261.299	161.9218	-92.88256	-689.7544	-407.4733	132.0284	-309.9644	-53.73666	-17.08185	-6.049822	-5.338078	-17.08185	69.39502	46888.77	-31.6726	-4.270463	-6.049822	-6.049822	-17.43772	-4.626335	-8.185054	-5.338078	-17.08185	-4.626335	-8.185054
12.63	-12.81139	-385.3594	-1461.299	-38.07825	7.117439	-288.7544	392.5267	32.02844	-9.964355	246.2633	-17.08185	93.95018	-5.338078	-17.08185	-30.60498	343.7722	68.3274	-4.270463	-6.049822	1393.95	-17.43772	-4.626335	-8.185054	-5.338078	-17.08185	-4.626335	-8.185054
12.92	-12.81139	714.6406	639.7012	-38.07825	-92.88256	-1989.754	-7.473267	-367.9716	290.0356	-53.73666	-17.08185	-6.049822	-5.338078	-17.08185	17875.39	143.7722	-31.6726	-4.270463	-6.049822	-6.049822	-17.43772	-4.626335	-8.185054	-5.338078	-17.08185	-4.626335	-8.185054
13.2	-12.81139	-685.3594	-961.2988	-138.0782	7.117439	1011.246	-7.473267	-67.97156	-209.9644	-53.73666	-17.08185	-6.049822	-5.338078	-17.08185	-30.60498	143.7722	68.3274	-4.270463	-6.049822	-6.049822	-17.43772	-4.626335	-8.185054	-5.338078	-17.08185	-4.626335	-8.185054
13.49	-12.81139	-85.35938	-160.2988	61.92175	7.117439	-1489.754	492.5267	232.0284	-609.9644	46.26334	-17.08185	-6.049822	-5.338078	182.9182	69.39502	-56.22775	68.3274	-4.270463	-6.049822	-6.049822	-17.43772	-4.626335	-8.185054	-5.338078	182.9182	-4.626335	-8.185054
13.77	-12.81139	-385.3594	-1061.299	61.92175	-92.88256	-1189.754	392.5267	-67.97156	790.0356	-53.73666	-17.08185	-6.049822	-5.338078	-17.08185	-130.605	-56.22775	-31.6726	-4.270463	-6.049822	-6.049822	-17.43772	-4.626335	-8.185054	-5.338078	-17.08185	-4.626335	-8.185054
14.06	-12.81139	1314.641	-260.2988	-238.0782	-92.88256	-1789.754	392.5267	-267.9716	-809.9644	46.26334	-17.08185	-6.049822	-5.338078	-17.08185	69.39502	6944.772	-31.6726	-4.270463	-6.049822	-6.049822	-17.43772	-4.626335	-8.185054	-5.338078	-17.08185	-4.626335	-8.185054
14.34	87.18861	114.6406	-961.2988	-438.0782	-92.88256	-1089.754	-707.4733	-267.9716	-309.9644	-53.73666	-17.08185	-6.049822	-5.338078	82.91815	13573.39	5544.772	-31.6726	-4.270463	-6.049822	-6.049822	-17.43772	195.3737	-8.185054	-5.338078	82.91815	195.3737	-8.185054
14.63	-12.81139	-285.3594	39.70117	261.9218	107.1174	-488.7544	-607.4733	-267.9716	190.0356	-53.73666	-17.08185	-6.049822	-5.338078	-17.08185	169.395	14047.77	-31.6726	-4.270463	-6.049822	-6.049822	-17.43772	-4.626335	-8.185054	-5.338078	-17.08185	-4.626335	-8.185054
14.91	-12.81139	-385.3594	-560.2988	461.9218	7.117439	-889.7544	292.5267	32.02844	-209.9644	146.2633	-17.08185	93.95018	94.66192	-17.08185	-30.60498	143.7722	-31.6726	-4.270463	-6.049822	193.9502	-17.43772	-4.626335	-8.185054	94.66192	-17.08185	-4.626335	-8.185054
15.2	-12.81139	614.6406	1139.701	-38.07825	-92.88256	-288.7544	-107.4733	432.0284	690.0356	46.26334	-17.08185	-6.049822	-5.338078	-17.08185	-130.605	-56.22775	-31.6726	95.72954	-6.049822	-6.049822	82.56228	-4.626335	-8.185054	-5.338078	-17.08185	-4.626335	-8.185054
15.48	-12.81139	114.6406	-761.2988	361.9218	-92.88256	-288.7544	-507.4733	-267.9716	590.0356	446.2633	-17.08185	-6.049822	-5.338078	-17.08185	69.39502	143.7722	-31.6726	-4.270463	193.9502	-6.049822	-17.43772	-4.626335	-8.185054	-5.338078	-17.08185	-4.626335	-8.185054
15.77	-12.81139	914.6406	-660.2988	361.9218	7.117439	-789.7544	-207.4733	132.0284	290.0356	46.26334	-17.08185	93.95018	-5.338078	-17.08185	169.395	-256.2278	-31.6726	-4.270463	-6.049822	93.95018	-17.43772	-4.626335	-8.185054	-5.338078	-17.08185	-4.626335	-8.185054
16.05	-12.81139	214.6406	-360.2988	-138.0782	207.1174	-689.7544	92.52673	232.0284	-509.9644	46.26334	-17.08185	-6.049822	-5.338078	-17.08185	69.39502	43.77225	-31.6726	-4.270463	-6.049822	-6.049822	-17.43772	-4.626335	-8.185054	-5.338078	-17.08185	-4.626335	-8.185054
16.34	-12.81139	1114.641	-961.2988	-138.0782	7.117439	411.2456	-907.4733	132.0284	-509.9644	-53.73666	82.91815	-6.049822	-5.338078	-17.08185	69.39502	143.7722	-31.6726	-4.270463	-6.049822	-6.049822	-17.43772	-4.626335	-8.185054	-5.338078	-17.08185	-4.626335	-8.185054
16.62	-12.81139	-1085.359	-360.2988	361.9218	-92.88256	-689.7544	-307.4733	132.0284	-409.9644	-53.73666	-17.08185	-6.049822	-5.338078	-17.08185	3169.395	-56.22775	-31.6726	-4.270463	-6.049822	-6.049822	-17.43772	-4.626335	91.81495	-5.338078	-17.08185	-4.626335	91.81495
16.91	-12.81139	1014.641	-861.2988	61.92175	-92.88256	-388.7544	-607.4733	-167.9716	-309.9644	-53.73666	82.91815	-6.049822	-5.338078	-17.08185	69.39502	-56.22775	-31.6726	-4.270463	-6.049822	-6.049822	-17.43772	-4.626335	-8.185054	-5.338078	-17.08185	-4.626335	-8.185054
17.19	87.18861	-385.3594	1239.701	361.9218	7.117439	211.2456	-507.4733	-267.9716	-409.9644	46.26334	82.91815	-6.049822	-5.338078	-17.08185	169.395	43.77225	-31.6726	-4.270463	-6.049822	-6.049822	-17.43772	-4.626335	-8.185054	-5.338078	-17.08185	-4.626335	-8.185054
17.48	-12.81139	-985.3594	539.7012	-138.0782	107.1174	-388.7544	-7.473267	432.0284	-9.964355	46.26334	-17.08185	-6.049822	-5.338078	-17.08185	-30.60498	143.7722	-31.6726	-4.270463	-6.049822	-6.049822	-17.43772	-4.626335	-8.185054	-5.338078	-17.08185	-4.626335	-8.185054
17.76	-12.81139	14.64062	-560.2988	161.9218	-92.88256	211.2456	-307.4733	-267.9716	390.0356	46.26334	-17.08185	-6.049822	-5.338078	-17.08185	169.395	-56.22775	-31.6726	-4.270463	-6.049822	-6.049822	-17.43772	-4.626335	-8.185054	-5.338078	-17.08185	-4.626335	-8.185054
18.05	-12.81139	14.64062	-260.2988	-538.0782	-92.88256	-288.7544	192.5267	432.0284	690.0356	146.2633	-17.08185	-6.049822	-5.338078	-17.08185	169.395	43.77225	68.3274	-4.270463	-6.049822	-6.049822	-17.43772	-4.626335	-8.185054	-5.338078	-17.08185	-4.626335	-8.185054
18.33	-12.81139	-685.3594	-1461.299	361.9218	7.117439	-989.7544	-607.4733	-267.9716	-9.964355	46.26334	82.91815	-6.049822	-5.338078	82.91815	169.395	43.77225	-31.6726	95.72954	-6.049822	93.95018	-17.43772	-4.626335	-8.185054	-5.338078	82.91815	-4.626335	-8.185054
18.62	87.18861	-685.3594	939.7012	-238.0782	207.1174	-1789.754	292.5267	232.0284	-309.9644	-53.73666	-17.08185	-6.049822	-5.338078	-17.08185	-130.605	-56.22775	-31.6726	-4.270463	-6.049822	-6.049822	-17.43772	-4.626335	-8.185054	-5.338078	-17.08185	-4.626335	-8.185054
18.9	-12.81139	-285.3594	739.7012	-438.0782	-92.88256	-388.7544	-207.4733	-267.9716	-209.9644	-53.73666	-17.08185	-6.049822	-5.338078	-17.08185	69.39502	343.7722	-31.6726	-4.270463	-6.049822	-6.049822	82.56228	-4.626335	-8.185054	-5.338078	-17.08185	-4.626335	-8.185054
19.19	-12.81139	-785.3594	939.7012	-38.07825	-92.88256	-488.7544	-207.4733	-167.9716	-9.964355	146.2633	-17.08185	-6.049822	-5.338078	-17.08185	169.395	-56.22775	68.3274	-4.270463	-6.049822	-6.049822	-17.43772	-4.626335	-8.185054	-5.338078	-17.08185	-4.626335	-8.185054
19.47	-12.81139	214.6406	339.7012	-138.0782	-92.88256	-1189.754	-1207.473	32.02844	-809.9644	-53.73666	82.91815	-6.049822	94.66192	-17.08185	-30.60498	-156.2278	-31.6726	-4.270463	93.95018	-6.049822	-17.43772	195.3737	-8.185054	94.66192	-17.08185	195.3737	-8.185054
19.76	-12.81139	1214.641	-1561.299	-238.0782	107.1174	11.24561	-307.4733	432.0284	390.0356	46.26334	-17.08185	93.95018	-5.338078	182.9182	-30.60498	143.7722	168.3274	-4.270463	-6.049822	-6.049822	-17.43772	-4.626335	-8.185054	-5.338078	182.9182	-4.626335	-8.185054
20.04	-12.81139	-985.3594	839.7012	261.9218	7.117439	-789.7544	-7.473267	-267.9716	-309.9644	-53.73666	-17.08185	-6.049822	94.66192	-17.08185	-130.605	143.7722	-31.6726	-4.270463	-6.049822	-6.049822	-17.43772	-4.626335	-8.185054	94.66192	-17.08185	-4.626335	-8.185054
20.33	-12.81139	-1586.359	239.7012	-138.0782	7.117439	-288.7544	292.5267	-267.9716	-809.9644	-53.73666	-17.08185	-6.049822	-5.338078	-17.08185	69.39502	-56.22775	-31.6726	-4.270463	-6.049822	-6.049822	-17.43772	-4.626335	-8.185054	-5.338078	-17.08185	-4.626335	-8.185054
20.61	-12.81139	-585.3594	-460.2988	161.9218	7.117439	211.2456	-807.4733	32.02844	-9.964355	-53.73666	82.91815	-6.049822	-5.338078	-17.08185	169.395	43.77225	-31.6726	-4.270463	-6.049822	-6.049822	-17.43772	-4.626335	-8.185054	-5.338078	-17.08185	-4.626335	-8.185054
20.9	87.18861	-585.3594	39.70117	361.9218	107.1174	-1189.754	-307.4733	32.02844	90.03564	-53.73666	-17.08185	-6.049822	-5.338078	182.9182	1769.395	243.7722	-31.6726	-4.270463	-6.049822	-6.049822	-17.43772	-4.626335	-8.185054	-5.338078	182.9182	-4.626335	-8.185054
21.18	87.18861	914.6406	-560.2988	261.9218	7.117439	-789.7544	-407.4733	-167.9716	490.0356	-53.73666	-17.08185	-6.049822	-5.338078	-17.08185	169.395	-356.2278	-31.6726	-4.270463	-6.049822	-6.049822	-17.43772	-4.626335	-8.185054	-5.338078	-17.08185	-4.626335	-8.185054
21.47	-12.81139	1514.641	939.7012	-238.0782	-92.88256	-889.7544	-107.4733	-67.97156	590.0356	46.26334	-17.08185	-6.049822	-5.338078	82.91815	-30.60498	243.7722	-31.6726	-4.270463	-6.049822	-6.049822	-17.43772	-4.626335	91.81495	-5.338078	82.91815	-4.626335	91.81495
21.75	-12.81139	-385.3594	-560.2988	-338.0782	7.117439	-588.7544	-307.4733	-167.9716	590.0356	-53.73666	-17.08185	-6.049822	-5.338078	-17.08185	269.395	243.7722	68.3274	-4.270463	-6.049822	-6.049822	-17.43772	-4.626335	-8.185054	-5.338078	-17.08185	-4.626335	-8.185054
22.04	87.18861	-785.3594	-360.2988	661.9218	107.1174	-2089.754	592.5267	32.02844	190.0356	-53.73666	-17.08185	-6.049822	-5.338078	-17.08185	-30.60498	43.77225	68.3274	-4.270463	-6.049822	-6.049822	-17.43772	-4.626335	-8.185054	-5.338078	-17.08185	-4.626335	-8.185054
22.32	-12.81139	-1085.359	139.7012	61.92175	-92.88256	-288.7544	-507.4733	132.0284	-409.9644	-53.73666	-17.08185	-6.049822	-5.338078	82.91815	-130.605	-156.2278	68.3274	-4.270463	-6.049822	-6.049822	82.56228	-4.626335	-8.185054	-5.338078	82.91815	-4.626335	-8.185054
22.61	-12.81139	-885.3594	-160.2988	661.9218	7.117439	-1389.754	292.5267	32.02844	90.03564	-53.73666	-17.08185	-6.049822	-5.338078	-17.08185	69.39502	23254.77	-31.6726	-4.270463	-6.049822	-6.049822	-17.43772	-4.626335	-8.185054	-5.338078	-17.08185	-4.626335	-8.185054
22.89	-12.81139	-685.3594	1639.701	-338.0782	7.117439	-388.7544	692.5267	-267.9716	-709.9644	-53.73666	-17.08185	-6.049822	-5.338078	-17.08185	169.395	96430.77	68.3274	-4.270463	-6.049822	-6.049822	-17.43772	-4.626335	-8.185054	-5.338078	-17.08185	-4.626335	-8.185054
23.18	87.18861	1414.641	-761.2988	-538.0782	-92.88256	-789.7544	692.5267	-467.9716	-9.964355	46.26334	-17.08185	93.95018	-5.338078	-17.08185	-30.60498	-56.22775	-31.6726	-4.270463	-6.049822	-6.049822	-17.43772	-4.626335	-8.185054	-5.338078	-17.08185	-4.626335	-8.185054
23.46	-12.81139	-285.3594	-560.2988	-138.0782	-92.88256	-488.7544	392.5267	32.02844	190.0356	-53.73666	-17.08185	-6.049822	-5.338078	-17.08185	34092.39	-156.2278	-31.6726	-4.270463	93.95018	-6.049822	-17.43772	-4.626335	-8.185054	-5.338078	-17.08185	-4.626335	-8.185054
23.75	-12.81139	314.6406	1239.701	261.9218	-92.88256	-989.7544	92.52673	-67.97156	-9.964355	246.2633	-17.08185	-6.049822	-5.338078	-17.08185	169.395	-256.2278	-31.6726	-4.270463	93.95018	-6.049822	-17.43772	-4.626335	-8.185054	-5.338078	-17.08185	-4.626335	-8.185054
24.03	-12.81139	-885.3594	-460.2988	-238.0782	-92.88256	-2589.754	-107.4733	132.0284	190.0356	46.26334	-17.08185	-6.049822	-5.338078	-17.08185	-130.605	343.7722	-31.6726	-4.270463	-6.049822	-6.049822	-17.43772	-4.626335	-8.185054	-5.338078	-17.08185	-4.626335	-8.185054
24.32	-12.81139	-985.3594	139.7012	-138.0782	-92.88256	-1189.754	-607.4733	-67.97156	190.0356	-53.73666	-17.08185	-6.049822	-5.338078	-17.08185	69.39502	-156.2278	-31.6726	-4.270463	-6.049822	-6.049822	-17.43772	-4.626335	-8.185054	-5.338078	-17.08185	-4.626335	-8.185054
24.6	-12.81139	1814.641	-260.2988	161.9218	107.1174	111.2456	-1007.473	-67.97156	690.0356	-53.73666	-17.08185	-6.049822	-5.338078	-17.08185	169.395	643.7722	-31.6726	-4.270463	-6.049822	93.95018	-17.43772	-4.626335	-8.185054	-5.338078	-17.08185	-4.626335	-8.185054
24.89	-12.81139	714.6406	-360.2988	561.9218	-92.88256	-288.7544	292.5267	32.02844	-209.9644	46.26334	-17.08185	-6.049822	-5.338078	-17.08185	69.39502	43.77225	68.3274	-4.270463	-6.049822	-6.049822	-17.43772	95.37366	-8.185054	-5.338078	-17.08185	95.37366	-8.185054
25.17	-12.81139	-385.3594	-761.2988	-138.0782	-92.88256	-188.7544	-707.4733	-67.97156	190.0356	-53.73666	82.91815	-6.049822	94.66192	-17.08185	-30.60498	-56.22775	-31.6726	-4.270463	-6.049822	-6.049822	82.56228	-4.626335	-8.185054	94.66192	-17.08185	-4.626335	-8.185054
25.46	187.1886	-885.3594	-1161.299	261.9218	7.117439	-1389.754	-207.4733	-67.97156	-509.9644	-53.73666	82.91815	-6.049822	-5.338078	-17.08185	-30.60498	43.77225	-31.6726	-4.270463	-6.049822	-6.049822	82.56228	-4.626335	-8.185054	-5.338078	-17.08185	-4.626335	-8.185054
25.74	-12.81139	-1185.359	39.70117	-38.07825	107.1174	-1389.754	-907.4733	132.0284	190.0356	-53.73666	-17.08185	-6.049822	-5.338078	-17.08185	-30.60498	-256.2278	-31.6726	-4.270463	-6.049822	-6.049822	-17.43772	-4.626335	-8.185054	-5.338078	-17.08185	-4.626335	-8.185054
26.03	-12.81139	914.6406	-560.2988	-238.0782	-92.88256	-1589.754	-407.4733	232.0284	-309.9644	46.26334	-17.08185	-6.049822	-5.338078	-17.08185	69.39502	143.7722	-31.6726	-4.270463	-6.049822	-6.049822	-17.43772	-4.626335	-8.185054	-5.338078	-17.08185	-4.626335	-8.185054
26.31	-12.81139	1714.641	139.7012	361.9218	-92.88256	-1589.754	-207.4733	-267.9716	-209.9644	-53.73666	-17.08185	-6.049822	-5.338078	-17.08185	169.395	43.77225	-31.6726	-4.270463	-6.049822	-6.049822	-17.43772	-4.626335	-8.185054	-5.338078	-17.08185	-4.626335	-8.185054
26.6	-12.81139	114.6406	939.7012	61.92175	-92.88256	111.2456	-407.4733	-467.9716	-9.964355	-53.73666	-17.08185	93.95018	-5.338078	-17.08185	169.395	-256.2278	-31.6726	95.72954	-6.049822	-6.049822	82.56228	-4.626335	-8.185054	-5.338078	-17.08185	-4.626335	-8.185054
26.88	-12.81139	414.6406	-1461.299	-238.0782	-92.88256	-1789.754	92.52673	-267.9716	-109.9644	-53.73666	-17.08185	-6.049822	-5.338078	-17.08185	69.39502	43.77225	-31.6726	-4.270463	-6.049822	-6.049822	-17.43772	-4.626335	-8.185054	-5.338078	-17.08185	-4.626335	-8.185054
27.17	-12.81139	-185.3594	739.7012	-138.0782	-92.88256	-1489.754	-807.4733	132.0284	-109.9644	-53.73666	-17.08185	93.95018	94.66192	-17.08185	69.39502	143.7722	-31.6726	-4.270463	-6.049822	-6.049822	-17.43772	-4.626335	-8.185054	94.66192	-17.08185	-4.626335	-8.185054
27.45	-12.81139	814.6406	1139.701	361.9218	-92.88256	-689.7544	-507.4733	-367.9716	390.0356	46.26334	82.91815	-6.049822	-5.338078	-17.08185	169.395	143.7722	-31.6726	-4.270463	-6.049822	-6.049822	-17.43772	-4.626335	-8.185054	-5.338078	-17.08185	-4.626335	-8.185054
27.74	87.18861	-185.3594	-660.2988	361.9218	-92.88256	-989.7544	292.5267	-167.9716	590.0356	-53.73666	-17.08185	-6.049822	-5.338078	-17.08185	-130.605	43.77225	-31.6726	-4.270463	-6.049822	-6.049822	-17.43772	-4.626335	-8.185054	-5.338078	-17.08185	-4.626335	-8.185054
28.02	-12.81139	-185.3594	-961.2988	61.92175	-92.88256	-689.7544	-507.4733	-467.9716	-109.9644	-53.73666	-17.08185	-6.049822	-5.338078	82.91815	69.39502	-56.22775	-31.6726	-4.270463	-6.049822	-6.049822	-17.43772	-4.626335	-8.185054	-5.338078	82.91815	-4.626335	-8.185054
28.31	-12.81139	714.6406	39.70117	61.92175	207.1174	-1189.754	-407.4733	32.02844	-9.964355	146.2633	-17.08185	-6.049822	-5.338078	-17.08185	-130.605	-156.2278	-31.6726	-4.270463	-6.049822	-6.049822	-17.43772	-4.626335	-8.185054	-5.338078	-17.08185	-4.626335	-8.185054
28.6	-12.81139	1014.641	139.7012	-238.0782	7.117439	-989.7544	-807.4733	-167.9716	-9.964355	46.26334	-17.08185	-6.049822	-5.338078	-17.08185	-130.605	-56.22775	-31.6726	-4.270463	-6.049822	-6.049822	-17.43772	-4.626335	-8.185054	-5.338078	-17.08185	-4.626335	-8.185054
28.88	-12.81139	114.6406	-260.2988	-538.0782	-92.88256	511.2456	-407.4733	132.0284	-709.9644	-53.73666	-17.08185	93.95018	-5.338078	182.9182	-30.60498	243.7722	68.3274	-4.270463	-6.049822	-6.049822	-17.43772	-4.626335	-8.185054	-5.338078	182.9182	-4.626335	-8.185054
29.17	-12.81139	-985.3594	39.70117	461.9218	7.117439	-1689.754	-1207.473	1332.028	-9.964355	-53.73666	-17.08185	-6.049822	-5.338078	-17.08185	-30.60498	-56.22775	-31.6726	-4.270463	-6.049822	-6.049822	-17.43772	-4.626335	-8.185054	-5.338078	-17.08185	-4.626335	-8.185054
29.45	-12.81139	-85.35938	-1461.299	-238.0782	-92.88256	211.2456	-107.4733	-167.9716	490.0356	-53.73666	82.91815	-6.049822	-5.338078	-17.08185	169.395	-56.22775	-31.6726	95.72954	-6.049822	193.9502	-17.43772	-4.626335	-8.185054	-5.338078	-17.08185	-4.626335	-8.185054
29.74	187.1886	59901.64	539.7012	-338.0782	207.1174	1211.246	17199.53	132.0284	290.0356	546.2634	2482.918	293.9502	-5.338078	-17.08185	9445407	2.326216e+07	-31.6726	95.72954	-6.049822	41027.95	6283.562	-4.626335	391.8149	-5.338078	-17.08185	-4.626335	391.8149
30.02	1787.189	1031104	-961.2988	4362.922	2907.117	14218.25	75712.52	132.0284	390.0356	2346.263	12585.92	293.9502	-5.338078	82.91815	2.703414e+07	6.964264e+07	-31.6726	1095.729	193.9502	73501.95	6283.562	95.37366	491.8149	-5.338078	82.91815	95.37366	491.8149
30.31	4087.189	2005539	-60.29883	6162.922	5308.118	24228.25	134061.5	832.0284	290.0356	2746.263	17888.92	393.9502	-5.338078	-17.08185	3.265089e+07	9.34241e+07	68.3274	995.7296	693.9502	84536.95	5283.562	-4.626335	1091.815	-5.338078	-17.08185	-4.626335	1091.815
30.59	2987.189	3124737	2639.701	5362.922	5208.118	38048.25	185290.5	332.0284	890.0356	2246.263	14786.92	593.9502	-5.338078	82.91815	2.918025e+07	8.546971e+07	68.3274	895.7296	-6.049822	77613.95	4282.562	195.3737	1291.815	-5.338078	82.91815	195.3737	1291.815
30.88	1087.189	4928164	1539.701	5062.922	5108.118	58091.25	284321.5	132.0284	990.0356	3146.263	13786.92	693.9502	94.66192	282.9182	2.375353e+07	6.34553e+07	168.3274	795.7296	93.95018	58361.95	4082.562	95.37366	691.8149	94.66192	282.9182	95.37366	691.8149
31.16	1687.189		2739.701	4062.922	5908.118	80257.24	373692.5	132.0284	590.0356	3646.263	14186.92	1493.95	-5.338078	82.91815	1.480771e+07	4.525846e+07	-31.6726	595.7296	193.9502	35318.95	2882.562	195.3737	291.8149	-5.338078	82.91815	195.3737	291.8149
31.45	1087.189		1839.701	3761.922	3907.117	104954.2	409652.5	-67.97156	690.0356	4646.263	12485.92	693.9502	-5.338078	-17.08185	1.200528e+07	3.312151e+07	368.3274	595.7296	493.9502	29410.95	1882.562	95.37366	591.8149	-5.338078	-17.08185	95.37366	591.8149
31.74	1287.189		2439.701	2461.922	2407.117	105256.2	448615.5	432.0284	1190.036	3746.263	11585.92	1593.95	-5.338078	182.9182	1.067561e+07	2.759633e+07	-31.6726	695.7296	693.9502	27508.95	2982.562	95.37366	791.8149	-5.338078	182.9182	95.37366	791.8149
32.02	887.1886		2139.701	1761.922	2207.117	100234.2	438233.5	332.0284	-109.9644	4846.263	10184.92	1293.95	-5.338078	182.9182	6463590	2.138186e+07	-31.6726	195.7295	793.9502	17199.95	1582.562	95.37366	991.8149	-5.338078	182.9182	95.37366	991.8149
32.31	587.1886		3840.701	1961.922	2207.117	103347.2	403757.5	-167.9716	-9.964355	2946.263	8984.918	1293.95	94.66192	-17.08185	5404310	1.679925e+07	68.3274	295.7295	493.9502	15198.95	3782.562	195.3737	691.8149	94.66192	-17.08185	195.3737	691.8149
32.59	387.1886		1839.701	2461.922	2007.117	92302.24	455743.5	432.0284	290.0356	3446.263	8283.918	1993.95	-5.338078	-17.08185	4317112	1.24072e+07	68.3274	195.7295	493.9502	11396.95	1582.562	-4.626335	791.8149	-5.338078	-17.08185	-4.626335	791.8149
32.88	87.18861		4140.701	2461.922	1807.117	148786.2	422870.5	-167.9716	-309.9644	4446.263	8283.918	1993.95	94.66192	-17.08185	3667776	1.108639e+07	-31.6726	495.7295	693.9502	9495.95	2782.562	95.37366	191.8149	94.66192	-17.08185	95.37366	191.8149
33.17	987.1886		1739.701	2161.922	1207.117	104352.2	469495.5	-467.9716	690.0356	4346.263	9184.918	693.9502	-5.338078	82.91815	2863332	8247602	68.3274	395.7295	593.9502	12096.95	1982.562	195.3737	91.81495	-5.338078	82.91815	195.3737	91.81495
33.45	287.1886		3440.701	2161.922	1307.117	102644.2	526620.5	132.0284	-309.9644	4546.263	8483.918	1393.95	194.6619	-17.08185	2510564	5864776	-31.6726	295.7295	293.9502	5794.95	1982.562	-4.626335	291.8149	194.6619	-17.08185	-4.626335	291.8149
33.74	1487.189		3640.701	1261.922	1507.117	128167.2	584285.5	32.02844	390.0356	4446.263	9484.918	1293.95	94.66192	382.9182	2284810	6105822	-31.6726	195.7295	993.9502	4693.95	2782.562	-4.626335	691.8149	94.66192	382.9182	-4.626335	691.8149
34.03	687.1886		1439.701	1161.922	1207.117	133295.2	557992.5	-67.97156	90.03564	4046.263	8984.918	1593.95	-5.338078	-17.08185	1833346	6205081	68.3274	395.7295	493.9502	4193.95	1582.562	195.3737	391.8149	-5.338078	-17.08185	195.3737	391.8149
34.32	987.1886		939.7012	1861.922	1707.117	122940.2	564435.5	232.0284	-309.9644	5247.263	6583.918	1793.95	-5.338078	-17.08185	1748703	4759008	68.3274	195.7295	893.9502	2993.95	2182.562	-4.626335	191.8149	-5.338078	-17.08185	-4.626335	191.8149
34.6	787.1886		1839.701	1661.922	1807.117	110379.2	564026.5	132.0284	-9.964355	3846.263	7583.918	1393.95	94.66192	82.91815	4910088	1.280496e+07	-31.6726	195.7295	593.9502	5494.95	3382.562	-4.626335	791.8149	94.66192	82.91815	-4.626335	791.8149
34.89	787.1886		3440.701	3861.922	4307.118	109173.2	523250.5	-167.9716	-9.964355	4546.263	14987.92	1893.95	-5.338078	-17.08185	2.063197e+07	5.221864e+07	168.3274	895.7296	693.9502	8394.95	6983.562	195.3737	391.8149	-5.338078	-17.08185	195.3737	391.8149
35.17	2987.189		2439.701	10864.92	9009.117	99531.24	522229.5	632.0284	190.0356	8347.264	19189.92	1493.95	-5.338078	882.9182	3.554094e+07	1.057534e+08	368.3274	995.7296	493.9502	10195.95	7083.562	195.3737	1291.815	-5.338078	882.9182	195.3737	1291.815
35.46	2887.189		2239.701	15466.92	8208.117	80860.24	378362.5	1032.028	990.0356	5947.263	23994.92	893.9502	-5.338078	582.9182	4.602469e+07	1.12136e+08	468.3274	1495.729	93.95018	16799.95	8784.562	95.37366	1091.815	-5.338078	582.9182	95.37366	1091.815
35.75	4587.188		2739.701	17668.92	10509.12	67316.24	401115.5	1632.028	2190.036	9548.264	30000.92	1093.95	-5.338078	782.9182	6.807716e+07	1.80231e+08	368.3274	1195.729	193.9502	19000.95	8483.562	195.3737	91.81495	-5.338078	782.9182	195.3737	91.81495
36.03	5388.188		3340.701	22172.92	13711.12	55284.25	260866.5	1232.028	2590.036	8948.264	32503.92	1793.95	-5.338078	382.9182	9.194527e+07	2.102759e+08	368.3274	995.7296	693.9502	28810.95	7183.562	-4.626335	391.8149	-5.338078	382.9182	-4.626335	391.8149
36.32	5088.188	4401644	2239.701	31582.92	13711.12	41555.25	215029.5	1832.028	1890.036	12449.26	35007.92	1593.95	-5.338078	1082.918	9.782501e+07	2.663645e+08	868.3274	2295.729	193.9502	36019.95	9584.562	95.37366	491.8149	-5.338078	1082.918	95.37366	491.8149
36.6	5488.188	3533110	2039.701	36089.92	13211.12	41054.25	197484.5	1832.028	2390.036	14550.26	42218.92	1693.95	-5.338078	1082.918	1.098608e+08	2.863977e+08	1068.327	795.7296	393.9502	39524.95	8583.562	95.37366	991.8149	-5.338078	1082.918	95.37366	991.8149
36.89	5588.188	2730778	3340.701	58231.92	11210.12	30737.25	165450.5	1632.028	2390.036	15551.26	39513.92	1393.95	94.66192	1682.918	1.21018e+08	3.004214e+08	1968.327	1395.729	193.9502	43932.95	11185.56	-4.626335	1591.815	94.66192	1682.918	-4.626335	1591.815
37.18	4987.188	2467880	2339.701	70664.92	10309.12	26030.25	144218.5	1332.028	3090.036	15951.26	46425.92	1293.95	-5.338078	2082.918	1.170522e+08	3.264664e+08	2568.327	1895.729	693.9502	46937.95	12285.56	-4.626335	2191.815	-5.338078	2082.918	-4.626335	2191.815
37.46	3187.189	1746376	4640.701	94945.92	9609.117	21525.25	145928.5	2532.028	3090.036	22556.26	46826.92	1593.95	-5.338078	2482.918	1.193002e+08	3.485056e+08	4168.328	1095.729	393.9502	54953.95	9884.562	-4.626335	3491.815	-5.338078	2482.918	-4.626335	3491.815
37.75	2987.189	1479709	3240.701	117642.9	7008.118	20223.25	126923.5	3232.028	4691.036	29363.26	50834.92	1093.95	94.66192	3082.918	1.386986e+08	4.086173e+08	3968.327	1195.729	293.9502	78215.95	12185.56	95.37366	3391.815	94.66192	3082.918	95.37366	3391.815
38.03	4087.189	1313879	3840.701	123169.9	6808.118	16720.25	111750.5	1732.028	3090.036	24358.26	50733.92	1393.95	94.66192	2282.918	1.311712e+08	3.004214e+08	3968.327	1195.729	193.9502	76711.95	11585.56	-4.626335	3491.815	94.66192	2282.918	-4.626335	3491.815
38.32	1687.189	1025999	4540.701	140963.9	4707.118	13517.25	104518.5	1932.028	4091.036	31366.26	56847.92	1793.95	-5.338078	3282.918	1.377605e+08	3.765569e+08	4768.328	1895.729	193.9502	105717	10184.56	-4.626335	5092.815	-5.338078	3282.918	-4.626335	5092.815
38.61	1587.189	856864.6	3940.701	150016.9	5008.118	7614.246	102208.5	2332.028	3491.036	31266.26	62560.92	1693.95	-5.338078	2582.918	1.321076e+08	3.224594e+08	5969.328	2495.729	193.9502	120283	11084.56	-4.626335	4091.815	-5.338078	2582.918	-4.626335	4091.815
38.89	1587.189	696559.6	5340.701	152531.9	3507.117	9915.246	77819.52	2332.028	4091.036	34370.26	58951.92	893.9502	-5.338078	2682.918	1.33337e+08	3.024248e+08	3368.327	2295.729	93.95018	120283	9084.562	-4.626335	5892.815	-5.338078	2682.918	-4.626335	5892.815
39.18	1587.189	598647.6	4340.701	149412.9	3007.117	5813.246	68992.52	1932.028	3390.036	34770.26	64365.92	1293.95	-5.338078	2282.918	1.272964e+08	3.344805e+08	5069.328	2095.729	193.9502	141493	11385.56	-4.626335	5692.815	-5.338078	2282.918	-4.626335	5692.815
39.46	1887.189	464201.6	1339.701	165413.9	2607.117	5112.246	72402.52	1832.028	2790.036	39077.26	78505.92	793.9502	-5.338078	2782.918	1.309956e+08	3.785605e+08	3568.327	2595.729	93.95018	145315	11084.56	-4.626335	5592.815	-5.338078	2782.918	-4.626335	5592.815
39.75	2087.189	456560.6	1939.701	165514.9	3107.117	4212.246	61673.53	3532.028	2690.036	42382.26	74693.92	893.9502	-5.338078	3082.918	1.35885e+08	3.384877e+08	5269.328	3595.729	93.95018	133047	11185.56	-4.626335	6892.815	-5.338078	3082.918	-4.626335	6892.815
40.04	3687.189	302915.6	4440.701	176388.9	2307.117	2011.246	73405.52	3832.028	4191.036	40379.26	74192.92	593.9502	-5.338078	2882.918	1.303227e+08	3.845718e+08	4868.328	2995.729	93.95018	110839	11485.56	-4.626335	4391.815	-5.338078	2882.918	-4.626335	4391.815
40.32	4087.189	325096.6	5240.701	170044.9	3807.117	2711.246	57663.53	2132.028	3190.036	39577.26	73891.92	693.9502	-5.338078	2682.918	1.306884e+08	3.204559e+08	2568.327	2795.729	-6.049822	93267.95	11185.56	-4.626335	4191.815	-5.338078	2682.918	-4.626335	4191.815
40.61	3287.189	205003.6	3440.701	143477.9	9309.117	1111.246	45737.53	1732.028	2690.036	33368.26	66470.92	93.95018	-5.338078	1882.918	1.347572e+08	3.46502e+08	4268.328	3195.729	-6.049822	78015.95	11585.56	-4.626335	2291.815	-5.338078	1882.918	-4.626335	2291.815
40.89	5188.188	177990.6	3740.701	124073.9	11610.12	1611.246	35320.53	2932.028	4391.036	28362.26	62560.92	193.9502	-5.338078	1482.918	1.318442e+08	3.364841e+08	2668.327	2495.729	-6.049822	59363.95	11685.56	-4.626335	2791.815	-5.338078	1482.918	-4.626335	2791.815
41.18	7588.188	183229.6	4640.701	95246.92	18914.12	811.2456	31414.53	2432.028	3591.036	22756.26	53940.92	193.9502	-5.338078	1082.918	1.358117e+08	3.184524e+08	2368.327	1895.729	493.9502	50043.95	12385.56	95.37366	1691.815	-5.338078	1082.918	95.37366	1691.815
41.47	10989.19	150705.6	4540.701	87819.92	30926.12	411.2456	29912.53	2732.028	3691.036	21455.26	56446.92	493.9502	-5.338078	982.9182	1.395637e+08	3.785605e+08	1768.327	2495.729	93.95018	48640.95	12085.56	-4.626335	1691.815	-5.338078	982.9182	-4.626335	1691.815
41.75	13291.19	93914.64	3340.701	66452.92	43144.12	2511.246	23205.53	3732.028	1990.036	19654.26	49832.92	493.9502	-5.338078	782.9182	1.362365e+08	3.845718e+08	1568.327	1795.729	93.95018	56557.95	9784.562	95.37366	1491.815	-5.338078	782.9182	95.37366	1491.815
42.04	16192.19	102650.6	2940.701	60036.92	37635.12	-588.7544	20002.53	1832.028	2990.036	17752.26	47928.92	493.9502	-5.338078	1382.918	1.384787e+08	4.026059e+08	1868.327	1995.729	193.9502	70091.95	12485.56	-4.626335	1591.815	-5.338078	1382.918	-4.626335	1591.815
42.32	18194.19	86284.64	5040.701	74976.92	41742.12	-388.7544	23205.53	1632.028	3691.036	19253.26	49531.92	593.9502	-5.338078	1282.918	1.460509e+08	3.264664e+08	2168.327	1995.729	293.9502	79018.95	11685.56	-4.626335	1491.815	-5.338078	1282.918	-4.626335	1491.815
42.61	18194.19	56191.64	2940.701	70864.92	38036.12	11.24561	24706.53	2932.028	3591.036	23357.26	48830.92	693.9502	-5.338078	1182.918	1.232774e+08	4.00602e+08	1968.327	1595.729	293.9502	85940.95	10284.56	-4.626335	1291.815	-5.338078	1182.918	-4.626335	1291.815
42.9	14291.19	103755.6	4240.701	72068.92	28123.12	911.2456	27910.53	1232.028	3390.036	24858.26	45724.92	3293.95	94.66192	1182.918	1.212888e+08	3.705457e+08	2768.327	2095.729	593.9502	106320	14286.56	95.37366	2591.815	94.66192	1182.918	95.37366	2591.815
43.18	13291.19	102349.6	2839.701	75177.92	22317.12	5312.246	37723.53	2232.028	4391.036	31766.26	52637.92	5194.95	294.6619	1282.918	1.451524e+08	4.066135e+08	2968.327	2095.729	2393.95	119479	13085.56	-4.626335	3991.815	294.6619	1282.918	-4.626335	3991.815
43.47	11390.19	101947.6	4240.701	72469.92	19915.12	12717.25	44535.53	3132.028	5591.036	29463.26	48028.92	9395.95	394.6619	2182.918	1.545225e+08	3.745531e+08	3268.327	1695.729	8294.95	148936	31502.56	95.37366	2991.815	394.6619	2182.918	95.37366	2991.815
43.76	13190.19	84478.64	4140.701	67154.92	17613.12	5112.246	46038.53	3632.028	5391.036	26760.26	49531.92	10095.95	794.6619	1482.918	1.371977e+08	3.705457e+08	2968.327	1995.729	10995.95	150546	15887.56	-4.626335	2291.815	794.6619	1482.918	-4.626335	2291.815
44.04	16092.19	194114.6	6041.701	53120.92	17813.12	11316.25	43433.53	3032.028	4991.036	31866.26	53439.92	10795.95	2994.662	1282.918	1.477407e+08	3.845718e+08	2468.327	1595.729	3893.95	177421	35107.56	195.3737	3591.815	2994.662	1282.918	195.3737	3591.815
44.33	14291.19	68224.64	6441.701	49913.92	18914.12	2811.246	58264.53	1432.028	3491.036	32267.26	52938.92	29510.95	3194.662	1982.918	1.232774e+08	4.186367e+08	2968.327	1795.729	2393.95	175609	16588.56	-4.626335	4491.815	3194.662	1982.918	-4.626335	4491.815
44.61	14091.19	71233.64	3540.701	47809.92	19815.12	2111.246	43533.53	2732.028	4191.036	34971.26	57448.92	10195.95	394.6619	1982.918	1.439508e+08	3.945906e+08	3568.327	1795.729	3693.95	183062	13786.56	-4.626335	5292.815	394.6619	1982.918	-4.626335	5292.815
44.9	15192.19	100340.6	3440.701	44603.92	14111.12	3912.246	41630.53	2532.028	3491.036	34470.26	53239.92	8194.95	94.66192	2082.918	1.39725e+08	4.226444e+08	5369.328	1195.729	1993.95	190517	18989.56	-4.626335	4691.815	94.66192	2082.918	-4.626335	4691.815
45.19	12290.19	121640.6	3140.701	41497.92	11610.12	4212.246	36021.53	3132.028	3791.036	33368.26	51034.92	7894.95	394.6619	2982.918	1.393437e+08	3.304735e+08	2868.327	3095.729	1893.95	208258	17788.56	95.37366	6092.815	394.6619	2982.918	95.37366	6092.815
45.47	13591.19	55289.64	3440.701	46206.92	11910.12	3712.246	46839.53	2932.028	3991.036	44085.26	61558.92	5294.95	-5.338078	3682.918	1.272546e+08	3.485056e+08	3868.327	2495.729	893.9502	274997.9	15987.56	-4.626335	6292.815	-5.338078	3682.918	-4.626335	6292.815
45.76	13791.19	51279.64	2439.701	53220.92	11009.12	1611.246	48242.53	2432.028	3991.036	47491.26	62159.92	6294.95	94.66192	3682.918	1.407956e+08	3.965944e+08	3468.327	2495.729	393.9502	347289.9	18889.56	-4.626335	4591.815	94.66192	3682.918	-4.626335	4591.815
46.04	13591.19	42360.64	3240.701	54723.92	9209.117	1211.246	47441.53	2332.028	3891.036	42783.26	64565.92	4993.95	194.6619	2582.918	1.459187e+08	3.82568e+08	3568.327	2295.729	1493.95	673546.9	24394.56	-4.626335	5592.815	194.6619	2582.918	-4.626335	5592.815
46.33	17193.19	42360.64	3240.701	63845.92	6508.118	4212.246	43032.53	2032.028	3491.036	38275.26	64265.92	4693.95	194.6619	2582.918	1.383468e+08	3.585237e+08	4068.327	2095.729	593.9502	713944.9	21191.56	-4.626335	4991.815	194.6619	2582.918	-4.626335	4991.815
46.61	22297.19	33745.64	2139.701	58833.92	6408.118	2411.246	43934.53	2932.028	4691.036	39277.26	63362.92	6694.95	394.6619	2882.918	1.36764e+08	3.46502e+08	2468.327	2695.729	7594.95	734116.9	23994.56	-4.626335	5292.815	394.6619	2882.918	-4.626335	5292.815
46.9	35813.19	51580.64	4040.701	62141.92	8408.117	2411.246	35119.53	3132.028	4391.036	39077.26	68977.92	6094.95	94.66192	2882.918	1.570846e+08	4.36672e+08	3368.327	2295.729	193.9502	719088.9	21691.56	-4.626335	5792.815	94.66192	2882.918	-4.626335	5792.815
47.18	33009.19	26034.64	2439.701	53621.92	5608.118	11.24561	31214.53	2032.028	3991.036	31366.26	62360.92	5294.95	694.6619	2682.918	1.328247e+08	3.46502e+08	2468.327	3095.729	193.9502	752449.9	19790.56	95.37366	4691.815	694.6619	2682.918	95.37366	4691.815
47.47	34311.19	31642.64	3540.701	46406.92	5908.118	2811.246	28510.53	3232.028	4491.036	28262.26	70381.92	3593.95	-5.338078	2682.918	1.352091e+08	3.845718e+08	3168.327	2495.729	793.9502	988143.9	22592.56	-4.626335	5292.815	-5.338078	2682.918	-4.626335	5292.815
47.76	29004.19	21128.64	2839.701	38592.92	6408.118	1511.246	29011.53	2132.028	4091.036	20755.26	65869.92	2793.95	-5.338078	3082.918	1.339226e+08	3.545164e+08	1768.327	1795.729	393.9502	956653.9	17588.56	-4.626335	4191.815	-5.338078	3082.918	-4.626335	4191.815
48.04	24199.19	24232.64	3540.701	35588.92	5508.118	1211.246	28711.53	1732.028	2490.036	20354.26	62460.92	2793.95	-5.338078	2282.918	1.341861e+08	3.665384e+08	3568.327	1895.729	93.95018	1075021	13886.56	-4.626335	4991.815	-5.338078	2282.918	-4.626335	4991.815
48.33	27702.19	30240.64	2639.701	37290.92	4907.118	2111.246	27509.53	2132.028	3891.036	19354.26	67473.92	3993.95	-5.338078	1882.918	1.173116e+08	3.585237e+08	3168.327	1795.729	293.9502	1257862	15487.56	-4.626335	4891.815	-5.338078	1882.918	-4.626335	4891.815
48.62	32408.19	23931.64	3940.701	37691.92	6808.118	1011.246	24206.53	2032.028	2390.036	20454.26	69980.92	3293.95	-5.338078	3282.918	1.531072e+08	3.444984e+08	4968.328	1795.729	393.9502	1252082	13886.56	-4.626335	5892.815	-5.338078	3282.918	-4.626335	5892.815
48.9	29304.19	23631.64	3040.701	37891.92	9209.117	4312.246	25907.53	2632.028	3090.036	15651.26	67774.92	3593.95	-5.338078	2582.918	1.355188e+08	3.805643e+08	4568.328	1995.729	-6.049822	1313939	13986.56	-4.626335	5592.815	-5.338078	2582.918	-4.626335	5592.815
49.19	40420.19	17424.64	3240.701	39794.92	12410.12	3212.246	28410.53	2132.028	3791.036	14250.26	68476.92	5194.95	-5.338078	2082.918	1.352405e+08	3.404912e+08	2868.327	1795.729	193.9502	1461289	13286.56	-4.626335	5692.815	-5.338078	2082.918	-4.626335	5692.815
49.47	42323.19	22830.64	2940.701	38492.92	24119.12	1111.246	28310.53	3032.028	2590.036	16952.26	70682.92	7294.95	94.66192	1482.918	1.316686e+08	3.384877e+08	3568.327	2595.729	393.9502	1595002	13185.56	-4.626335	7592.815	94.66192	1482.918	-4.626335	7592.815
49.76	53544.19	18726.64	4240.701	42699.92	30926.12	2211.246	23805.53	2532.028	2590.036	14951.26	75396.92	13196.95	-5.338078	1382.918	1.336444e+08	3.585237e+08	3568.327	2495.729	193.9502	1669006	13486.56	-4.626335	5692.815	-5.338078	1382.918	-4.626335	5692.815
50.05	71289.19	14622.64	3340.701	35287.92	42443.12	1311.246	19601.53	2432.028	2290.036	13650.26	75396.92	27008.95	-5.338078	782.9182	1.34025e+08	3.985982e+08	3068.327	3295.729	493.9502	1670502	9784.562	-4.626335	9193.815	-5.338078	782.9182	-4.626335	9193.815
50.33	108321.2	10719.64	3340.701	35688.92	118990.1	3912.246	22504.53	1532.028	2790.036	14450.26	83020.92	44232.95	-5.338078	1082.918	1.379217e+08	3.845718e+08	2268.327	3295.729	1093.95	1764651	9884.562	-4.626335	8492.815	-5.338078	1082.918	-4.626335	8492.815
50.62	126004.2	10519.64	2239.701	38592.92	205650.1	3312.246	17600.53	1632.028	3190.036	16351.26	82618.92	58662.95	-5.338078	282.9182	1.343325e+08	4.266523e+08	2668.327	4695.729	1093.95	1549362	12585.56	-4.626335	7892.815	-5.338078	282.9182	-4.626335	7892.815
50.9	128517.2	18425.64	2339.701	42599.92	262883.1	1711.246	18200.53	2132.028	2690.036	17952.26	84324.92	48640.95	-5.338078	882.9182	1.382002e+08	3.845718e+08	2068.327	3095.729	493.9502	1305935	10584.56	-4.626335	9093.815	-5.338078	882.9182	-4.626335	9093.815
51.19	124396.2	17424.64	2539.701	54523.92	307184.1	1511.246	22604.53	3032.028	3290.036	30164.26	89341.92	40025.95	94.66192	1182.918	1.400916e+08	3.064316e+08	1668.327	4495.729	793.9502	1043528	13786.56	-4.626335	6592.815	94.66192	1182.918	-4.626335	6592.815
51.48	121180.2	13421.64	5541.701	59033.92	312347.1	1411.246	22704.53	3532.028	2890.036	33569.26	84926.92	31313.95	-5.338078	1882.918	1.418666e+08	3.645347e+08	3068.327	3095.729	293.9502	776673.9	10584.56	-4.626335	6792.815	-5.338078	1882.918	-4.626335	6792.815
51.76	119773.2	12220.64	3340.701	65449.92	315588.1	1011.246	21403.53	2332.028	3390.036	35872.26	85026.92	25506.95	-5.338078	1582.918	1.312004e+08	3.204559e+08	3268.327	3095.729	393.9502	639776.9	6883.562	-4.626335	5892.815	-5.338078	1582.918	-4.626335	5892.815
52.05	105308.2	16123.64	2139.701	61238.92	286136.1	1011.246	26008.53	1632.028	2790.036	35271.26	74894.92	20802.95	-5.338078	1682.918	1.153331e+08	3.044282e+08	2268.327	2795.729	393.9502	507186.9	6583.562	-4.626335	5092.815	-5.338078	1682.918	-4.626335	5092.815
52.33	94264.19	8918.641	5941.701	56627.92	260963.1	311.2456	19001.53	2732.028	2690.036	24258.26	69880.92	19401.95	-5.338078	1482.918	1.091482e+08	2.503386e+08	1968.327	3095.729	193.9502	460699.9	7383.562	195.3737	5592.815	-5.338078	1482.918	195.3737	5592.815
52.62	85332.19	8718.641	2339.701	46005.92	242579.1	1411.246	17600.53	2132.028	1190.036	23457.26	66370.92	17799.95	-5.338078	1282.918	9.712936e+07	2.62358e+08	2068.327	1695.729	693.9502	376101.9	5383.562	-4.626335	5892.815	-5.338078	1282.918	-4.626335	5892.815
52.91	83426.19	8918.641	1639.701	42799.92	216037.1	2111.246	16299.53	532.0284	1590.036	16351.26	67573.92	17499.95	-5.338078	1182.918	9.47536e+07	2.222944e+08	2768.327	2695.729	1193.95	343841.9	6283.562	-4.626335	5892.815	-5.338078	1182.918	-4.626335	5892.815
53.19	77808.19	18726.64	539.7012	49312.92	218963.1	2011.246	14698.53	1232.028	2690.036	14750.26	70180.92	14497.95	-5.338078	1382.918	9.03973e+07	2.62358e+08	2068.327	1795.729	593.9502	334415.9	7583.562	95.37366	7492.815	-5.338078	1382.918	95.37366	7492.815
53.48	82523.19	7817.641	2639.701	50213.92	211902.1	4612.246	13897.53	1832.028	2190.036	12949.26	69579.92	12596.95	-5.338078	1382.918	8.968864e+07	2.042668e+08	1968.327	2295.729	493.9502	363720.9	7383.562	-4.626335	6292.815	-5.338078	1382.918	-4.626335	6292.815
53.77	76905.19	8918.641	1239.701	56427.92	204339.1	4112.246	13897.53	2432.028	3090.036	14450.26	69579.92	11896.95	-5.338078	1182.918	9.25386e+07	2.783843e+08	1968.327	3495.729	993.9502	413891.9	6183.562	-4.626335	6692.815	-5.338078	1182.918	-4.626335	6692.815
54.05	74899.19	7817.641	2539.701	57229.92	177435.1	2411.246	12596.53	1532.028	1790.036	12349.26	60255.92	11196.95	-5.338078	1482.918	8.340363e+07	2.222944e+08	1568.327	1595.729	193.9502	378030.9	5083.562	-4.626335	5592.815	-5.338078	1482.918	-4.626335	5592.815
54.34	65874.19	5716.641	939.7012	52518.92	170588.1	3112.246	11896.53	732.0284	2490.036	13149.26	50733.92	9295.95	-5.338078	982.9182	7.71729e+07	1.742223e+08	1668.327	1895.729	293.9502	368083.9	5483.562	-4.626335	5592.815	-5.338078	982.9182	-4.626335	5592.815
54.62	55448.19	10519.64	1639.701	48310.92	145630.1	3712.246	11796.53	2332.028	1790.036	11349.26	50333.92	9795.95	-5.338078	1182.918	7.02051e+07	2.022638e+08	1968.327	1395.729	393.9502	337050.9	2282.562	-4.626335	5492.815	-5.338078	1182.918	-4.626335	5492.815
54.91	48835.19	7717.641	2739.701	42098.92	129542.1	4012.246	16399.53	1232.028	1590.036	12749.26	43520.92	6894.95	-5.338078	1482.918	5.878956e+07	1.862399e+08	1168.327	1595.729	393.9502	311117.9	1882.562	195.3737	3091.815	-5.338078	1482.918	195.3737	3091.815
55.2	42022.19	6816.641	1239.701	37591.92	128939.1	4012.246	10195.53	632.0284	1890.036	12049.26	36709.92	6394.95	-5.338078	382.9182	4.981215e+07	1.301603e+08	668.3274	895.7296	493.9502	252563	2382.562	95.37366	3091.815	-5.338078	382.9182	95.37366	3091.815
55.48	38917.19	10519.64	1339.701	25875.92	128939.1	1611.246	11596.53	1832.028	1290.036	8447.264	31302.92	4593.95	-5.338078	482.9182	4.31118e+07	1.180373e+08	668.3274	1295.729	93.95018	179637	1982.562	-4.626335	1791.815	-5.338078	482.9182	-4.626335	1791.815
55.77	27202.19	24132.64	1639.701	23173.92	103722.1	3212.246	8394.526	432.0284	1090.036	5647.263	25395.92	4293.95	-5.338078	482.9182	3.144147e+07	9.448505e+07	668.3274	995.7296	293.9502	130132	1282.562	-4.626335	1491.815	-5.338078	482.9182	-4.626335	1491.815
56.05	23498.19	9218.641	2639.701	15967.92	74418.12	7614.246	6093.527	132.0284	-109.9644	5147.263	19990.92	4093.95	-5.338078	282.9182	2.463374e+07	7.09276e+07	268.3274	595.7296	293.9502	107525	1782.562	95.37366	1391.815	-5.338078	282.9182	95.37366	1391.815
56.34	20395.19	9918.641	2539.701	13265.92	57173.12	3412.246	5393.527	732.0284	490.0356	3346.263	14286.92	2393.95	-5.338078	182.9182	1.965351e+07	5.542345e+07	368.3274	295.7295	93.95018	96579.95	682.5623	-4.626335	991.8149	-5.338078	182.9182	-4.626335	991.8149
56.62	13991.19	5316.641	1539.701	9963.922	42443.12	3212.246	3092.527	132.0284	790.0356	2946.263	10384.92	1893.95	94.66192	182.9182	1.67339e+07	4.650599e+07	468.3274	495.7295	193.9502	81626.95	882.5623	-4.626335	591.8149	94.66192	182.9182	-4.626335	591.8149
56.91	10489.19	6116.641	639.7012	8063.922	34932.12	2911.246	2792.527	-67.97156	290.0356	2046.263	7883.918	1793.95	-5.338078	282.9182	1.426969e+07	3.682404e+07	268.3274	195.7295	-6.049822	57459.95	582.5623	-4.626335	1091.815	-5.338078	282.9182	-4.626335	1091.815
57.2	8288.188	3415.641	1339.701	6762.922	30526.12	1311.246	1892.527	32.02844	890.0356	2246.263	6483.918	993.9502	-5.338078	-17.08185	1.107163e+07	3.130739e+07	-31.6726	395.7295	-6.049822	46636.95	782.5623	95.37366	691.8149	-5.338078	-17.08185	95.37366	691.8149
57.48	6988.188	2715.641	239.7012	5662.922	17813.12	-88.75439	1492.527	132.0284	-509.9644	1346.263	5483.918	993.9502	94.66192	-17.08185	8173234	2.427394e+07	168.3274	95.72954	93.95018	36720.95	182.5623	-4.626335	-8.185054	94.66192	-17.08185	-4.626335	-8.185054
57.77	5888.188	1014.641	539.7012	3561.922	19815.12	-288.7544	1092.527	-167.9716	290.0356	446.2633	4182.918	593.9502	-5.338078	82.91815	7410150	2.092618e+07	68.3274	395.7295	-6.049822	39424.95	182.5623	-4.626335	691.8149	-5.338078	82.91815	-4.626335	691.8149
58.05	5788.188	3815.641	239.7012	4562.922	16913.12	1011.246	1092.527	232.0284	-209.9644	1446.263	3582.918	793.9502	-5.338078	-17.08185	5785614	1.634415e+07	-31.6726	-4.270463	-6.049822	23804.95	582.5623	-4.626335	91.81495	-5.338078	-17.08185	-4.626335	91.81495
58.34	3487.189	2214.641	239.7012	2061.922	9209.117	-689.7544	592.5267	-267.9716	-209.9644	446.2633	1882.918	493.9502	-5.338078	82.91815	5319580	1.473758e+07	-31.6726	195.7295	-6.049822	22503.95	782.5623	-4.626335	291.8149	-5.338078	82.91815	-4.626335	291.8149
58.62	3087.189	2815.641	39.70117	2361.922	10309.12	-1789.754	492.5267	32.02844	-509.9644	746.2634	3082.918	693.9502	-5.338078	-17.08185	3752466	1.111479e+07	-31.6726	-4.270463	-6.049822	19000.95	82.56228	-4.626335	91.81495	-5.338078	-17.08185	-4.626335	91.81495
58.91	2987.189	4115.641	339.7012	1761.922	7708.118	-1489.754	92.52673	-67.97156	90.03564	546.2634	2882.918	293.9502	-5.338078	182.9182	3978314	8304356	68.3274	95.72954	-6.049822	15398.95	682.5623	-4.626335	91.81495	-5.338078	182.9182	-4.626335	91.81495
59.2	2387.189	6416.641	-1661.299	1361.922	8108.118	711.2456	792.5267	132.0284	-409.9644	346.2633	1582.918	293.9502	-5.338078	82.91815	2708110	8275978	168.3274	-4.270463	-6.049822	11996.95	282.5623	-4.626335	491.8149	-5.338078	82.91815	-4.626335	491.8149
59.49	1987.189	4715.641	-260.2988	661.9218	4707.118	-488.7544	892.5267	-167.9716	290.0356	346.2633	1782.918	293.9502	-5.338078	82.91815	2228374	6460332	68.3274	-4.270463	-6.049822	11896.95	382.5623	95.37366	91.81495	-5.338078	82.91815	95.37366	91.81495
59.77	1987.189	2615.641	-460.2988	561.9218	4707.118	-88.75439	792.5267	-267.9716	290.0356	146.2633	982.9182	393.9502	-5.338078	-17.08185	1551210	5070856	68.3274	-4.270463	93.95018	9795.95	382.5623	-4.626335	-8.185054	-5.338078	-17.08185	-4.626335	-8.185054
60.06	1687.189	11519.64	939.7012	261.9218	3607.117	-689.7544	-107.4733	32.02844	190.0356	446.2633	2182.918	93.95018	-5.338078	-17.08185	1692275	6134182	68.3274	95.72954	-6.049822	7494.95	82.56228	-4.626335	91.81495	-5.338078	-17.08185	-4.626335	91.81495
60.35	1287.189	34947.64	-160.2988	361.9218	3307.117	-689.7544	292.5267	-267.9716	-409.9644	-53.73666	582.9182	93.95018	-5.338078	-17.08185	1621742	4022021	68.3274	-4.270463	-6.049822	8594.95	-17.43772	-4.626335	-8.185054	-5.338078	-17.08185	-4.626335	-8.185054
60.63	887.1886	31442.64	-360.2988	261.9218	3507.117	-989.7544	1192.527	32.02844	90.03564	146.2633	2482.918	293.9502	-5.338078	-17.08185	5263096	1.235038e+07	68.3274	195.7295	-6.049822	104813	2282.562	-4.626335	491.8149	-5.338078	-17.08185	-4.626335	491.8149
60.92	2787.189	29639.64	139.7012	1161.922	3107.117	311.2456	892.5267	632.0284	290.0356	846.2634	9384.918	593.9502	-5.338078	82.91815	1.92707e+07	4.937552e+07	368.3274	595.7296	193.9502	484238.9	5283.562	-4.626335	991.8149	-5.338078	82.91815	-4.626335	991.8149
61.21	3987.189	49776.64	-260.2988	3761.922	4707.118	1411.246	5393.527	432.0284	1990.036	1846.263	30200.92	2293.95	-5.338078	182.9182	4.821092e+07	1.301603e+08	768.3274	1295.729	-6.049822	1096317	7983.562	-4.626335	3491.815	-5.338078	182.9182	-4.626335	3491.815
61.49	10389.19	63711.64	1839.701	6762.922	5408.118	1811.246	5693.527	532.0284	2290.036	5147.263	46325.92	7094.95	-5.338078	282.9182	7.956583e+07	2.263006e+08	1568.327	2495.729	293.9502	1676055	9384.562	-4.626335	3091.815	-5.338078	282.9182	-4.626335	3091.815
61.78	23398.19	52683.64	1939.701	7462.922	9509.117	3812.246	8794.526	1232.028	790.0356	5647.263	50132.92	15798.95	-5.338078	182.9182	7.79079e+07	2.102759e+08	1668.327	2095.729	193.9502	1588295	8083.562	-4.626335	3991.815	-5.338078	182.9182	-4.626335	3991.815
62.06	31407.19	56492.64	1939.701	6662.922	24119.12	2411.246	6693.527	2432.028	2890.036	3746.263	62961.92	33415.95	-5.338078	-17.08185	1.012037e+08	2.463322e+08	768.3274	2995.729	793.9502	1978720	9784.562	-4.626335	7792.815	-5.338078	-17.08185	-4.626335	7792.815
62.35	60059.19	48273.64	2539.701	11064.92	48955.12	4412.246	8194.526	2332.028	2090.036	2746.263	80612.92	67384.95	-5.338078	82.91815	1.101953e+08	3.164489e+08	1168.327	4495.729	1293.95	2050145	10084.56	-4.626335	10693.82	-5.338078	82.91815	-4.626335	10693.82
62.64	77808.19	37852.64	939.7012	10564.92	60380.12	3012.246	7694.527	2232.028	3491.036	4446.263	77703.92	63674.95	-5.338078	82.91815	1.054861e+08	2.884011e+08	668.3274	4495.729	1993.95	1957439	9484.562	95.37366	9093.815	-5.338078	82.91815	95.37366	9093.815
62.92	89146.19	42661.64	4440.701	11164.92	73415.12	3912.246	8394.526	932.0284	2790.036	3446.263	84926.92	66882.95	-5.338078	382.9182	1.203324e+08	3.485056e+08	1368.327	4495.729	1593.95	2017439	10784.56	-4.626335	10593.82	-5.338078	382.9182	-4.626335	10593.82
63.21	103501.2	30340.64	2039.701	11264.92	84149.12	4612.246	10895.53	1332.028	2390.036	3946.263	85428.92	70893.95	-5.338078	382.9182	1.184805e+08	3.32477e+08	1068.327	3695.729	4193.95	2180622	13185.56	-4.626335	13295.82	-5.338078	382.9182	-4.626335	13295.82
63.49	118869.2	78758.64	2839.701	14466.92	84550.12	6413.246	8694.526	2132.028	2990.036	4746.263	86833.92	71395.95	-5.338078	282.9182	1.192241e+08	2.863977e+08	1068.327	2795.729	2493.95	1958519	9984.562	-4.626335	11194.82	-5.338078	282.9182	-4.626335	11194.82
63.78	105007.2	51179.64	1139.701	12665.92	68501.12	4812.246	10495.53	2032.028	2890.036	4146.263	81515.92	64276.95	-5.338078	482.9182	1.173728e+08	3.224594e+08	1968.327	4095.729	2693.95	2118399	11785.56	-4.626335	15396.82	-5.338078	482.9182	-4.626335	15396.82
64.06	106011.2	45367.64	3240.701	14566.92	68300.12	9915.246	17500.53	2632.028	3190.036	7747.263	83923.92	65078.95	-5.338078	482.9182	1.279249e+08	3.82568e+08	1468.327	3995.729	3393.95	2279484	10484.56	95.37366	12894.82	-5.338078	482.9182	95.37366	12894.82
64.35	108623.2	33645.64	2639.701	19169.92	58175.12	8414.246	20302.53	2532.028	2390.036	10248.26	84123.92	52348.95	94.66192	782.9182	1.310395e+08	3.084351e+08	2068.327	3095.729	3593.95	2474481	11485.56	95.37366	13995.82	94.66192	782.9182	95.37366	13995.82
64.64	87139.19	69327.64	3240.701	27677.92	54567.12	10615.25	28711.53	2032.028	1890.036	15051.26	86833.92	46136.95	-5.338078	1182.918	1.375993e+08	3.525128e+08	1768.327	1695.729	2093.95	2524754	10584.56	-4.626335	11494.82	-5.338078	1182.918	-4.626335	11494.82
64.92	78510.19	33044.64	3440.701	48811.92	70507.12	10515.25	37623.53	2932.028	3390.036	19754.26	86933.92	35118.95	-5.338078	2782.918	1.26858e+08	3.505092e+08	2468.327	1995.729	3193.95	2354261	12785.56	-4.626335	11093.82	-5.338078	2782.918	-4.626335	11093.82
65.21	69283.19	37752.64	3040.701	75378.92	71509.12	9715.246	37223.53	1832.028	2490.036	23657.26	82518.92	31413.95	-5.338078	2982.918	1.338494e+08	3.585237e+08	4568.328	2195.729	6694.95	2050254	12385.56	95.37366	11294.82	-5.338078	2982.918	95.37366	11294.82
65.49	65372.19	41860.64	3340.701	79290.92	71209.12	12517.25	38124.53	1832.028	2590.036	21155.26	83321.92	26807.95	-5.338078	3482.918	1.277348e+08	2.944112e+08	3168.327	2995.729	9495.95	1763151	14886.56	-4.626335	9593.815	-5.338078	3482.918	-4.626335	9593.815
65.78	62264.19	111892.6	2039.701	74575.92	70306.12	9515.246	45136.53	1432.028	3090.036	20955.26	83622.92	27208.95	-5.338078	2682.918	1.310395e+08	3.745531e+08	3468.327	2995.729	11095.95	1700421	13386.56	-4.626335	9893.815	-5.338078	2682.918	-4.626335	9893.815
66.07	65473.19	89095.64	3540.701	75478.92	73114.12	13317.25	46339.53	2532.028	2990.036	19854.26	86431.92	28709.95	-5.338078	1482.918	1.362219e+08	4.026059e+08	3668.327	3195.729	10295.95	1690052	12585.56	-4.626335	9293.815	-5.338078	1482.918	-4.626335	9293.815
66.35	63969.19	124656.6	3640.701	69460.92	83246.12	18822.25	36021.53	1732.028	4491.036	18953.26	96267.92	27108.95	-5.338078	2682.918	1.283488e+08	3.505092e+08	3668.327	3195.729	7894.95	1829041	13185.56	195.3737	10393.82	-5.338078	2682.918	195.3737	10393.82
66.64	62365.19	141549.6	3340.701	59735.92	79132.12	19122.25	32215.53	1632.028	2290.036	16251.26	98978.92	36219.95	-5.338078	1382.918	1.324002e+08	3.384877e+08	4468.328	2495.729	6194.95	2397604	12185.56	5496.374	11093.82	-5.338078	1382.918	5496.374	11093.82
66.92	62164.19	110285.6	2739.701	51216.92	63187.12	16820.25	33417.53	2332.028	3691.036	13550.26	90445.92	67885.95	-5.338078	1382.918	1.385374e+08	3.2847e+08	3068.327	3895.729	3793.95	2936711	13286.56	-4.626335	11894.82	-5.338078	1382.918	-4.626335	11894.82
67.21	65272.19	66218.64	4340.701	43801.92	79634.12	16120.25	34719.53	2332.028	3290.036	13149.26	101990.9	57960.95	-5.338078	1082.918	1.362072e+08	3.344805e+08	2868.327	2995.729	4993.95	2894039	11385.56	95.37366	10293.82	-5.338078	1082.918	95.37366	10293.82
67.5	76002.19	97227.64	4740.701	37691.92	99505.12	16720.25	31014.53	2132.028	3791.036	11949.26	97472.92	81024.95	-5.338078	1282.918	1.369105e+08	3.024248e+08	2968.327	4095.729	4793.95	2688588	12085.56	-4.626335	8993.815	-5.338078	1282.918	-4.626335	8993.815
67.78	71389.19	69027.64	4340.701	28178.92	87560.12	12917.25	23905.53	2732.028	4291.036	8347.264	91148.92	87847.95	-5.338078	882.9182	1.277933e+08	3.084351e+08	2868.327	2895.729	4893.95	2422985	10584.56	-4.626335	7892.815	-5.338078	882.9182	-4.626335	7892.815
68.07	73896.19	61305.64	3740.701	27878.92	87761.12	12917.25	22904.53	1832.028	4191.036	7147.263	89241.92	103307	-5.338078	682.9182	1.241704e+08	3.565201e+08	2668.327	3895.729	3293.95	2316244	11185.56	95.37366	9393.815	-5.338078	682.9182	95.37366	9393.815
68.35	81720.19	33545.64	2739.701	22872.92	85754.12	11816.25	18700.53	2132.028	2490.036	5047.263	96970.92	111141	-5.338078	382.9182	1.31215e+08	3.945906e+08	1968.327	2795.729	4693.95	2238956	12785.56	-4.626335	11093.82	-5.338078	382.9182	-4.626335	11093.82
68.64	84630.19	28137.64	4340.701	18669.92	86457.12	7914.246	19601.53	1432.028	3691.036	6847.263	91349.92	107324	-5.338078	482.9182	1.370131e+08	3.945906e+08	2068.327	4195.729	4793.95	2268008	14086.56	95.37366	11594.82	-5.338078	482.9182	95.37366	11594.82
68.93	98179.19	19426.64	3640.701	22372.92	99304.12	6413.246	17900.53	1532.028	3390.036	5247.263	92955.92	96579.95	-5.338078	682.9182	1.254701e+08	3.585237e+08	1168.327	4395.729	4593.95	2178989	12185.56	-4.626335	12294.82	-5.338078	682.9182	-4.626335	12294.82
69.21	97376.19	18225.64	3940.701	26676.92	108643.1	3712.246	13997.53	2432.028	3491.036	5347.263	89040.92	86944.95	-5.338078	482.9182	1.221123e+08	3.525128e+08	1368.327	3895.729	4793.95	1879484	10184.56	-4.626335	12394.82	-5.338078	482.9182	-4.626335	12394.82
69.5	90651.19	17725.64	2739.701	29880.92	140602.1	4212.246	11496.53	1932.028	2790.036	4346.263	83722.92	74303.95	-5.338078	582.9182	1.114899e+08	3.064316e+08	1168.327	3995.729	3593.95	1634110	7083.562	295.3737	8092.815	-5.338078	582.9182	295.3737	8092.815
69.79	80817.19	16323.64	1839.701	28579.92	149855.1	4412.246	11996.53	2032.028	2890.036	3046.263	76700.92	61769.95	-5.338078	382.9182	9.611512e+07	2.3231e+08	1268.327	3295.729	4293.95	640885.9	7783.562	-4.626335	7192.815	-5.338078	382.9182	-4.626335	7192.815
70.08	60360.19	17224.64	3940.701	21571.92	112460.1	5212.246	8694.526	932.0284	1990.036	2746.263	57648.92	42729.95	-5.338078	282.9182	7.009004e+07	1.902458e+08	368.3274	2495.729	3693.95	999689.9	5383.562	95.37366	4191.815	-5.338078	282.9182	95.37366	4191.815
70.37	40720.19	19827.64	2439.701	15767.92	78430.12	4312.246	6994.527	732.0284	1990.036	3646.263	38712.92	32714.95	-5.338078	82.91815	5.42479e+07	1.561964e+08	968.3274	1495.729	1693.95	735351.9	4982.562	-4.626335	3491.815	-5.338078	82.91815	-4.626335	3491.815
70.65	32208.19	18225.64	-460.2988	12164.92	55970.12	2911.246	4693.527	1032.028	1190.036	2746.263	29700.92	29611.95	94.66192	382.9182	4.149932e+07	1.155655e+08	568.3274	895.7296	2393.95	572167.9	2182.562	-4.626335	3691.815	94.66192	382.9182	-4.626335	3691.815
70.94	26101.19	38153.64	1439.701	8263.922	46050.12	2911.246	3493.527	532.0284	890.0356	1246.263	20691.92	20802.95	-5.338078	82.91815	3.289283e+07	9.170979e+07	468.3274	1195.729	4593.95	455098.9	2482.562	-4.626335	2691.815	-5.338078	82.91815	-4.626335	2691.815
71.23	19495.19	9518.641	539.7012	11018.92	34130.12	1511.246	1992.527	32.02844	790.0356	1146.263	17288.92	27108.95	94.66192	82.91815	2.648006e+07	6.705968e+07	268.3274	795.7296	1193.95	385340.9	1582.562	-4.626335	1691.815	94.66192	82.91815	-4.626335	1691.815
71.51	17293.19	5916.641	739.7012	5262.922	28423.12	1511.246	2892.527	432.0284	890.0356	446.2633	16287.92	11696.95	-5.338078	82.91815	2.214984e+07	6.024327e+07	368.3274	995.7296	1193.95	300185.9	1482.562	-4.626335	591.8149	-5.338078	82.91815	-4.626335	591.8149
71.8	13991.19	7617.641	939.7012	3761.922	24419.12	1011.246	2192.527	32.02844	290.0356	946.2634	13085.92	11596.95	-5.338078	82.91815	1.765487e+07	4.637691e+07	168.3274	495.7295	993.9502	226011	1182.562	-4.626335	1491.815	-5.338078	82.91815	-4.626335	1491.815
72.08	12790.19	23331.64	-460.2988	2761.922	14111.12	811.2456	1992.527	32.02844	490.0356	646.2634	9484.918	8594.95	-5.338078	82.91815	1.516171e+07	3.932794e+07	68.3274	895.7296	393.9502	185883	882.5623	-4.626335	791.8149	-5.338078	82.91815	-4.626335	791.8149
72.37	8789.188	14021.64	1039.701	2561.922	14011.12	1211.246	1592.527	332.0284	-9.964355	146.2633	8083.918	8294.95	-5.338078	-17.08185	1.09019e+07	3.465066e+07	268.3274	295.7295	493.9502	176716	1082.562	-4.626335	891.8149	-5.338078	-17.08185	-4.626335	891.8149
72.65	7588.188	19927.64	539.7012	1561.922	10809.12	1511.246	292.5267	332.0284	-209.9644	446.2633	6983.918	4893.95	-5.338078	-17.08185	9148526	2.569948e+07	368.3274	395.7295	293.9502	151552	582.5623	-4.626335	291.8149	-5.338078	-17.08185	-4.626335	291.8149
72.94	5588.188	8417.641	-1061.299	1861.922	9909.117	-1689.754	1092.527	-167.9716	190.0356	446.2633	4882.918	4793.95	-5.338078	-17.08185	8554837	1.947409e+07	168.3274	195.7295	593.9502	89152.95	482.5623	-4.626335	1091.815	-5.338078	-17.08185	-4.626335	1091.815
73.22	4887.188	8217.641	639.7012	2061.922	9809.117	-588.7544	692.5267	132.0284	290.0356	546.2634	4982.918	4893.95	-5.338078	82.91815	5842108	1.699837e+07	-31.6726	95.72954	193.9502	108027	682.5623	95.37366	-8.185054	-5.338078	82.91815	95.37366	-8.185054
73.51	3887.189	6316.641	439.7012	1561.922	6408.118	-1389.754	92.52673	-167.9716	390.0356	446.2633	3382.918	3093.95	94.66192	-17.08185	5347824	1.314594e+07	-31.6726	95.72954	193.9502	75106.95	782.5623	-4.626335	91.81495	94.66192	-17.08185	-4.626335	91.81495
73.8	3387.189	7417.641	2139.701	1461.922	5908.118	-1189.754	-507.4733	232.0284	290.0356	346.2633	3082.918	2493.95	94.66192	-17.08185	3837158	1.027711e+07	68.3274	95.72954	193.9502	60767.95	482.5623	-4.626335	391.8149	94.66192	-17.08185	-4.626335	391.8149
74.08	3387.189	6816.641	-360.2988	961.9218	5008.118	-1089.754	-207.4733	-267.9716	-109.9644	146.2633	2882.918	2393.95	94.66192	-17.08185	3724236	8957086	68.3274	95.72954	-6.049822	52849.95	482.5623	-4.626335	491.8149	94.66192	-17.08185	-4.626335	491.8149
74.37	2587.189	8417.641	639.7012	-138.0782	2807.117	-488.7544	-107.4733	132.0284	190.0356	246.2633	2182.918	1793.95	-5.338078	-17.08185	4091242	8375298	68.3274	-4.270463	193.9502	44733.95	82.56228	-4.626335	191.8149	-5.338078	-17.08185	-4.626335	191.8149
74.66	1587.189	2615.641	1539.701	1561.922	3507.117	-689.7544	192.5267	-167.9716	-109.9644	346.2633	1282.918	1293.95	-5.338078	-17.08185	2736332	6616328	-31.6726	295.7295	93.95018	37321.95	-17.43772	-4.626335	-8.185054	-5.338078	-17.08185	-4.626335	-8.185054
74.95	1287.189	2214.641	739.7012	961.9218	1807.117	-1289.754	-407.4733	132.0284	90.03564	146.2633	1782.918	993.9502	-5.338078	-17.08185	2087287	7297116	-31.6726	95.72954	-6.049822	30712.95	482.5623	-4.626335	191.8149	-5.338078	-17.08185	-4.626335	191.8149
75.23	887.1886	3915.641	-560.2988	361.9218	1407.117	-588.7544	-507.4733	-367.9716	590.0356	46.26334	1082.918	193.9502	-5.338078	-17.08185	1240887	5524502	-31.6726	-4.270463	93.95018	23104.95	82.56228	-4.626335	-8.185054	-5.338078	-17.08185	-4.626335	-8.185054
75.52	187.1886	2014.641	-560.2988	361.9218	1607.117	-1089.754	-807.4733	-367.9716	590.0356	46.26334	1082.918	493.9502	-5.338078	-17.08185	1522998	3894481	-31.6726	-4.270463	-6.049822	27808.95	82.56228	-4.626335	391.8149	-5.338078	-17.08185	-4.626335	391.8149
75.81	1187.189	2315.641	-1961.299	561.9218	507.1174	-288.7544	-607.4733	32.02844	90.03564	246.2633	682.9182	793.9502	-5.338078	-17.08185	1142154	3242682	-31.6726	-4.270463	-6.049822	19601.95	382.5623	-4.626335	91.81495	-5.338078	-17.08185	-4.626335	91.81495
76.1	387.1886	3815.641	-560.2988	61.92175	507.1174	-588.7544	-307.4733	232.0284	-209.9644	-53.73666	982.9182	493.9502	-5.338078	-17.08185	972903.4	3285187	-31.6726	95.72954	-6.049822	23704.95	82.56228	-4.626335	91.81495	-5.338078	-17.08185	-4.626335	91.81495
76.38	487.1886	114.6406	-660.2988	-138.0782	1607.117	-188.7544	-707.4733	232.0284	-209.9644	-53.73666	582.9182	593.9502	-5.338078	-17.08185	888281.4	2463516	-31.6726	-4.270463	-6.049822	10095.95	82.56228	-4.626335	291.8149	-5.338078	-17.08185	-4.626335	291.8149
76.67	587.1886	1214.641	-460.2988	661.9218	1207.117	-889.7544	-707.4733	432.0284	290.0356	146.2633	282.9182	793.9502	-5.338078	-17.08185	689142.4	2166061	-31.6726	-4.270463	-6.049822	14697.95	182.5623	-4.626335	91.81495	-5.338078	-17.08185	-4.626335	91.81495
76.96	87.18861	-185.3594	-1561.299	261.9218	1107.117	211.2456	-307.4733	32.02844	590.0356	-53.73666	282.9182	393.9502	-5.338078	-17.08185	536058.4	1882794	68.3274	-4.270463	93.95018	5994.95	82.56228	-4.626335	-8.185054	-5.338078	-17.08185	-4.626335	-8.185054
77.25	387.1886	914.6406	839.7012	561.9218	207.1174	-1189.754	-7.473267	-67.97156	-409.9644	-53.73666	682.9182	-6.049822	-5.338078	-17.08185	578016.4	1004810	68.3274	-4.270463	93.95018	6694.95	-17.43772	-4.626335	-8.185054	-5.338078	-17.08185	-4.626335	-8.185054
77.53	287.1886	2515.641	-160.2988	361.9218	107.1174	411.2456	192.5267	432.0284	390.0356	-53.73666	482.9182	293.9502	-5.338078	-17.08185	278614.4	1217205	-31.6726	95.72954	93.95018	9595.95	-17.43772	-4.626335	191.8149	-5.338078	-17.08185	-4.626335	191.8149
77.82	187.1886	-685.3594	-560.2988	61.92175	207.1174	-488.7544	-407.4733	-367.9716	-9.964355	146.2633	582.9182	193.9502	-5.338078	-17.08185	254358.4	778268.8	-31.6726	95.72954	-6.049822	4493.95	-17.43772	-4.626335	191.8149	-5.338078	-17.08185	-4.626335	191.8149
78.11	-12.81139	-785.3594	-460.2988	61.92175	507.1174	-789.7544	-507.4733	232.0284	-109.9644	-53.73666	-17.08185	93.95018	-5.338078	-17.08185	197346.4	509269.8	-31.6726	-4.270463	-6.049822	6594.95	82.56228	-4.626335	-8.185054	-5.338078	-17.08185	-4.626335	-8.185054
78.4	487.1886	-885.3594	-1161.299	261.9218	607.1174	-1489.754	92.52673	-167.9716	-109.9644	46.26334	82.91815	193.9502	-5.338078	-17.08185	232749.4	1018969	68.3274	-4.270463	-6.049822	1793.95	-17.43772	-4.626335	-8.185054	-5.338078	-17.08185	-4.626335	-8.185054
78.69	187.1886	-285.3594	-761.2988	-38.07825	707.1174	-588.7544	192.5267	132.0284	190.0356	46.26334	-17.08185	-6.049822	-5.338078	-17.08185	281880.4	1004810	-31.6726	-4.270463	93.95018	5394.95	-17.43772	-4.626335	-8.185054	-5.338078	-17.08185	-4.626335	-8.185054
78.98	187.1886	614.6406	-260.2988	-238.0782	107.1174	-488.7544	492.5267	32.02844	190.0356	46.26334	182.9182	393.9502	-5.338078	-17.08185	207427.4	240291.8	-31.6726	-4.270463	-6.049822	5694.95	-17.43772	-4.626335	-8.185054	-5.338078	-17.08185	-4.626335	-8.185054
79.26	287.1886	-185.3594	-1561.299	-138.0782	207.1174	-488.7544	92.52673	-367.9716	690.0356	-53.73666	-17.08185	393.9502	-5.338078	-17.08185	156559.4	580056.8	-31.6726	-4.270463	-6.049822	2793.95	-17.43772	-4.626335	-8.185054	-5.338078	-17.08185	-4.626335	-8.185054
79.55	87.18861	2014.641	-961.2988	-138.0782	207.1174	-789.7544	-407.4733	132.0284	-509.9644	-53.73666	182.9182	193.9502	-5.338078	-17.08185	189183.4	537583.8	-31.6726	-4.270463	-6.049822	2293.95	82.56228	-4.626335	-8.185054	-5.338078	-17.08185	-4.626335	-8.185054
79.85	87.18861	314.6406	139.7012	-538.0782	107.1174	711.2456	292.5267	332.0284	-409.9644	146.2633	-17.08185	-6.049822	-5.338078	-17.08185	62046.39	268603.8	-31.6726	-4.270463	-6.049822	2893.95	-17.43772	-4.626335	91.81495	-5.338078	-17.08185	-4.626335	91.81495
80.13	-12.81139	114.6406	-260.2988	61.92175	207.1174	-1789.754	-507.4733	232.0284	-209.9644	46.26334	-17.08185	93.95018	-5.338078	-17.08185	73577.4	237671.8	68.3274	-4.270463	-6.049822	1793.95	-17.43772	-4.626335	-8.185054	-5.338078	-17.08185	-4.626335	-8.185054
80.43	87.18861	1014.641	939.7012	-338.0782	107.1174	-188.7544	-407.4733	-167.9716	390.0356	146.2633	182.9182	93.95018	-5.338078	-17.08185	63249.39	84576.77	-31.6726	-4.270463	293.9502	1393.95	-17.43772	-4.626335	91.81495	-5.338078	-17.08185	-4.626335	91.81495
80.71	187.1886	-1285.359	-1061.299	-238.0782	207.1174	-588.7544	-907.4733	32.02844	-809.9644	-53.73666	182.9182	93.95018	-5.338078	-17.08185	92139.4	145769.8	-31.6726	-4.270463	-6.049822	3793.95	-17.43772	-4.626335	-8.185054	-5.338078	-17.08185	-4.626335	-8.185054
80.99	-12.81139	-1185.359	-560.2988	-38.07825	-92.88256	-2189.754	-7.473267	-167.9716	-109.9644	146.2633	82.91815	-6.049822	-5.338078	82.91815	19977.39	68839.77	-31.6726	-4.270463	-6.049822	493.9502	-17.43772	-4.626335	-8.185054	-5.338078	82.91815	-4.626335	-8.185054
81.28	87.18861	214.6406	-360.2988	461.9218	207.1174	-488.7544	-607.4733	-67.97156	-109.9644	-53.73666	-17.08185	-6.049822	-5.338078	-17.08185	76185.4	169418.8	-31.6726	-4.270463	-6.049822	2293.95	-17.43772	-4.626335	-8.185054	-5.338078	-17.08185	-4.626335	-8.185054
81.57	87.18861	-85.35938	239.7012	161.9218	-92.88256	-88.75439	-507.4733	32.02844	-109.9644	46.26334	-17.08185	93.95018	-5.338078	-17.08185	40202.39	133400.8	-31.6726	-4.270463	-6.049822	1393.95	-17.43772	-4.626335	-8.185054	-5.338078	-17.08185	-4.626335	-8.185054
81.85	187.1886	-485.3594	-1261.299	-338.0782	107.1174	-1189.754	192.5267	332.0284	390.0356	46.26334	82.91815	93.95018	-5.338078	-17.08185	29587.39	82881.77	-31.6726	-4.270463	-6.049822	1293.95	-17.43772	-4.626335	-8.185054	-5.338078	-17.08185	-4.626335	-8.185054
82.14	-12.81139	-785.3594	639.7012	161.9218	7.117439	-588.7544	-907.4733	32.02844	490.0356	46.26334	-17.08185	93.95018	-5.338078	-17.08185	26383.39	240291.8	-31.6726	-4.270463	-6.049822	893.9502	-17.43772	-4.626335	91.81495	-5.338078	-17.08185	-4.626335	91.81495
82.42	-12.81139	-185.3594	-761.2988	161.9218	7.117439	-1189.754	-607.4733	232.0284	-9.964355	-53.73666	82.91815	193.9502	-5.338078	-17.08185	32290.39	36771.77	-31.6726	-4.270463	-6.049822	393.9502	-17.43772	-4.626335	-8.185054	-5.338078	-17.08185	-4.626335	-8.185054
82.71	-12.81139	-185.3594	-761.2988	-38.07825	7.117439	-288.7544	-607.4733	332.0284	790.0356	46.26334	82.91815	93.95018	-5.338078	-17.08185	109509.4	843.7722	-31.6726	-4.270463	-6.049822	393.9502	-17.43772	-4.626335	-8.185054	-5.338078	-17.08185	-4.626335	-8.185054
82.99	-12.81139	-85.35938	-761.2988	-38.07825	7.117439	-1089.754	-107.4733	32.02844	-209.9644	246.2633	-17.08185	-6.049822	-5.338078	-17.08185	55330.39	37972.77	-31.6726	-4.270463	-6.049822	593.9502	-17.43772	-4.626335	91.81495	-5.338078	-17.08185	-4.626335	91.81495
83.28	87.18861	1414.641	239.7012	161.9218	-92.88256	-1589.754	-207.4733	32.02844	190.0356	-53.73666	82.91815	-6.049822	-5.338078	-17.08185	22679.39	5744.772	68.3274	-4.270463	-6.049822	193.9502	-17.43772	-4.626335	-8.185054	-5.338078	-17.08185	-4.626335	-8.185054
83.56	-12.81139	814.6406	-1361.299	-138.0782	7.117439	-1189.754	492.5267	132.0284	1090.036	46.26334	82.91815	-6.049822	-5.338078	-17.08185	35194.39	25556.77	-31.6726	-4.270463	-6.049822	193.9502	-17.43772	-4.626335	91.81495	-5.338078	-17.08185	-4.626335	91.81495
83.85	-12.81139	-685.3594	-1261.299	-338.0782	7.117439	-1289.754	-507.4733	-67.97156	-9.964355	-53.73666	-17.08185	93.95018	-5.338078	-17.08185	12372.39	82380.77	-31.6726	-4.270463	-6.049822	593.9502	-17.43772	-4.626335	-8.185054	-5.338078	-17.08185	-4.626335	-8.185054
84.13	-12.81139	-485.3594	-761.2988	61.92175	7.117439	-1989.754	-7.473267	-267.9716	90.03564	46.26334	-17.08185	-6.049822	-5.338078	-17.08185	52023.39	-356.2278	-31.6726	-4.270463	-6.049822	493.9502	-17.43772	-4.626335	-8.185054	-5.338078	-17.08185	-4.626335	-8.185054
84.42	87.18861	914.6406	-660.2988	-138.0782	7.117439	411.2456	-407.4733	132.0284	-709.9644	-53.73666	382.9182	-6.049822	-5.338078	82.91815	3369.395	254447.8	-31.6726	-4.270463	-6.049822	-6.049822	-17.43772	-4.626335	-8.185054	-5.338078	82.91815	-4.626335	-8.185054
84.71	-12.81139	314.6406	639.7012	-338.0782	7.117439	-388.7544	692.5267	32.02844	-309.9644	-53.73666	-17.08185	-6.049822	-5.338078	-17.08185	51623.39	120535.8	-31.6726	-4.270463	-6.049822	-6.049822	-17.43772	-4.626335	-8.185054	-5.338078	-17.08185	-4.626335	-8.185054
85	-12.81139	-885.3594	-160.2988	-238.0782	-92.88256	-789.7544	392.5267	132.0284	90.03564	-53.73666	82.91815	-6.049822	-5.338078	82.91815	39100.39	13798.77	-31.6726	-4.270463	-6.049822	93.95018	82.56228	-4.626335	-8.185054	-5.338078	82.91815	-4.626335	-8.185054
85.28	-12.81139	614.6406	-961.2988	-638.0782	7.117439	211.2456	-407.4733	232.0284	-109.9644	146.2633	82.91815	-6.049822	-5.338078	-17.08185	6170.395	-156.2278	-31.6726	-4.270463	-6.049822	893.9502	-17.43772	-4.626335	-8.185054	-5.338078	-17.08185	-4.626335	-8.185054
85.58	-12.81139	114.6406	-60.29883	-238.0782	-92.88256	-1689.754	-7.473267	-67.97156	-709.9644	46.26334	-17.08185	-6.049822	-5.338078	-17.08185	3369.395	-356.2278	-31.6726	-4.270463	-6.049822	193.9502	-17.43772	-4.626335	-8.185054	-5.338078	-17.08185	-4.626335	-8.185054
85.86	87.18861	114.6406	-160.2988	-238.0782	7.117439	-1789.754	-407.4733	32.02844	-109.9644	146.2633	-17.08185	-6.049822	-5.338078	-17.08185	-30.60498	11246.77	-31.6726	-4.270463	-6.049822	93.95018	-17.43772	-4.626335	-8.185054	-5.338078	-17.08185	-4.626335	-8.185054
86.15	187.1886	-285.3594	-360.2988	-438.0782	7.117439	-2089.754	-407.4733	232.0284	90.03564	-53.73666	-17.08185	-6.049822	-5.338078	-17.08185	4469.395	43.77225	-31.6726	-4.270463	-6.049822	-6.049822	82.56228	-4.626335	-8.185054	-5.338078	-17.08185	-4.626335	-8.185054
86.43	87.18861	-1085.359	-761.2988	-238.0782	207.1174	-1889.754	-607.4733	132.0284	-109.9644	-53.73666	-17.08185	-6.049822	94.66192	-17.08185	40402.39	12446.77	-31.6726	-4.270463	-6.049822	1093.95	-17.43772	-4.626335	-8.185054	94.66192	-17.08185	-4.626335	-8.185054
86.72	-12.81139	1314.641	-861.2988	261.9218	7.117439	-1089.754	-407.4733	-267.9716	-409.9644	-53.73666	-17.08185	-6.049822	-5.338078	-17.08185	31189.39	43.77225	-31.6726	-4.270463	-6.049822	-6.049822	-17.43772	-4.626335	-8.185054	-5.338078	-17.08185	-4.626335	-8.185054
87	-12.81139	-1386.359	-961.2988	461.9218	107.1174	-1989.754	-207.4733	-267.9716	-309.9644	-53.73666	-17.08185	-6.049822	-5.338078	182.9182	1669.395	31964.77	-31.6726	-4.270463	-6.049822	-6.049822	-17.43772	-4.626335	-8.185054	-5.338078	182.9182	-4.626335	-8.185054
87.29	-12.81139	214.6406	439.7012	-538.0782	7.117439	611.2456	-507.4733	332.0284	390.0356	-53.73666	-17.08185	93.95018	-5.338078	-17.08185	3969.395	-56.22775	-31.6726	-4.270463	-6.049822	-6.049822	-17.43772	-4.626335	-8.185054	-5.338078	-17.08185	-4.626335	-8.185054
87.57	-12.81139	-85.35938	-761.2988	61.92175	7.117439	-288.7544	-707.4733	132.0284	190.0356	46.26334	82.91815	93.95018	-5.338078	-17.08185	69.39502	-56.22775	-31.6726	-4.270463	-6.049822	-6.049822	-17.43772	-4.626335	-8.185054	-5.338078	-17.08185	-4.626335	-8.185054
87.86	-12.81139	-85.35938	139.7012	-38.07825	307.1174	-1589.754	-607.4733	-167.9716	-209.9644	-53.73666	-17.08185	-6.049822	-5.338078	-17.08185	69.39502	4543.772	-31.6726	-4.270463	-6.049822	93.95018	-17.43772	-4.626335	-8.185054	-5.338078	-17.08185	-4.626335	-8.185054
88.14	-12.81139	214.6406	-560.2988	261.9218	-92.88256	-588.7544	-7.473267	-67.97156	-309.9644	46.26334	-17.08185	-6.049822	-5.338078	-17.08185	1769.395	1743.772	-31.6726	-4.270463	-6.049822	-6.049822	-17.43772	-4.626335	-8.185054	-5.338078	-17.08185	-4.626335	-8.185054
88.43	-12.81139	414.6406	-1261.299	-38.07825	-92.88256	-1189.754	-907.4733	-67.97156	-109.9644	46.26334	-17.08185	93.95018	-5.338078	-17.08185	-130.605	43.77225	-31.6726	-4.270463	-6.049822	-6.049822	-17.43772	-4.626335	-8.185054	-5.338078	-17.08185	-4.626335	-8.185054
88.71	87.18861	-785.3594	-360.2988	-138.0782	7.117439	-689.7544	-407.4733	-167.9716	190.0356	146.2633	-17.08185	-6.049822	-5.338078	-17.08185	12672.39	43.77225	-31.6726	95.72954	-6.049822	93.95018	-17.43772	-4.626335	-8.185054	-5.338078	-17.08185	-4.626335	-8.185054
89	-12.81139	114.6406	-1861.299	-38.07825	107.1174	-889.7544	-607.4733	-367.9716	390.0356	-53.73666	-17.08185	-6.049822	-5.338078	-17.08185	369.395	127043.8	68.3274	-4.270463	-6.049822	193.9502	-17.43772	-4.626335	-8.185054	-5.338078	-17.08185	-4.626335	-8.185054
