ElapsedTime_s	Ti49_CPS	Al27_CPS	S33_CPS	Sc45_CPS	V51_CPS	Mn55_CPS	Fe57_CPS	Co59_CPS	Ni60_CPS	Ga71_CPS	Zr90_CPS	Nb93_CPS	Mo97_CPS	In113_CPS	Sn119_CPS	Sn118_CPS	Sb121_CPS	Hf177_CPS	Ta181_CPS	W183_CPS	Pb206_CPS	Th232_CPS	U238_CPS	Tc97_CPS	Cd113_CPS	U232_CPS	Pu238_CPS
0	-12.81139	714.6406	-1661.299	61.92175	7.117439	-789.7544	-207.4733	32.02844	-209.9644	-53.73666	-17.08185	-6.049822	-5.338078	-17.08185	269.395	21052.77	-31.6726	-4.270463	-6.049822	93.95018	82.56228	-4.626335	-8.185054	-5.338078	-17.08185	-4.626335	-8.185054
																											
10.2	87.18861	314.6406	-2261.299	261.9218	7.117439	-588.7544	-407.4733	-67.97156	590.0356	-53.73666	-17.08185	-6.049822	-5.338078	-17.08185	8971.395	43.77225	-31.6726	-4.270463	-6.049822	-6.049822	-17.43772	95.37366	-8.185054	-5.338078	-17.08185	95.37366	-8.185054
10.49	87.18861	-285.3594	-460.2988	-338.0782	107.1174	-288.7544	-507.4733	232.0284	-309.9644	46.26334	-17.08185	-6.049822	-5.338078	-17.08185	-130.605	34367.77	-31.6726	-4.270463	-6.049822	-6.049822	-17.43772	-4.626335	-8.185054	-5.338078	-17.08185	-4.626335	-8.185054
10.77	87.18861	-585.3594	-1761.299	-338.0782	207.1174	-789.7544	192.5267	232.0284	-9.964355	146.2633	-17.08185	-6.049822	-5.338078	82.91815	69.39502	-156.2278	-31.6726	-4.270463	-6.049822	-6.049822	-17.43772	-4.626335	-8.185054	-5.338078	82.91815	-4.626335	-8.185054
11.06	-12.81139	214.6406	-1861.299	-38.07825	-92.88256	-588.7544	-107.4733	-167.9716	-409.9644	46.26334	-17.08185	-6.049822	-5.338078	-17.08185	69.39502	8645.772	-31.6726	-4.270463	-6.049822	-6.049822	-17.43772	-4.626335	-8.185054	-5.338078	-17.08185	-4.626335	-8.185054
11.34	-12.81139	-485.3594	-260.2988	-338.0782	107.1174	-989.7544	-407.4733	32.02844	290.0356	46.26334	-17.08185	-6.049822	-5.338078	-17.08185	169.395	-156.2278	68.3274	-4.270463	-6.049822	-6.049822	82.56228	-4.626335	-8.185054	-5.338078	-17.08185	-4.626335	-8.185054
11.63	-12.81139	-1285.359	-660.2988	61.92175	7.117439	-1489.754	392.5267	-67.97156	190.0356	-53.73666	82.91815	-6.049822	-5.338078	-17.08185	-30.60498	-56.22775	168.3274	-4.270463	-6.049822	-6.049822	82.56228	-4.626335	-8.185054	-5.338078	-17.08185	-4.626335	-8.185054
11.91	-12.81139	1014.641	-1461.299	-338.0782	7.117439	-789.7544	392.5267	-67.97156	-9.964355	-53.73666	-17.08185	-6.049822	94.66192	-17.08185	-30.60498	1243.772	-31.6726	-4.270463	-6.049822	-6.049822	-17.43772	-4.626335	-8.185054	94.66192	-17.08185	-4.626335	-8.185054
12.2	-12.81139	-385.3594	-1061.299	-138.0782	7.117439	-889.7544	-707.4733	-167.9716	290.0356	46.26334	-17.08185	-6.049822	-5.338078	-17.08185	-30.60498	5744.772	-31.6726	-4.270463	-6.049822	-6.049822	-17.43772	-4.626335	91.81495	-5.338078	-17.08185	-4.626335	91.81495
12.48	-12.81139	1414.641	1139.701	-738.0782	-92.88256	-1489.754	-707.4733	32.02844	90.03564	46.26334	-17.08185	-6.049822	-5.338078	-17.08185	69.39502	-256.2278	-31.6726	-4.270463	-6.049822	-6.049822	-17.43772	-4.626335	-8.185054	-5.338078	-17.08185	-4.626335	-8.185054
12.77	-12.81139	-885.3594	-1061.299	161.9218	107.1174	-789.7544	192.5267	-167.9716	90.03564	-53.73666	-17.08185	-6.049822	-5.338078	-17.08185	-130.605	-156.2278	-31.6726	-4.270463	-6.049822	-6.049822	-17.43772	-4.626335	-8.185054	-5.338078	-17.08185	-4.626335	-8.185054
13.05	-12.81139	1114.641	-560.2988	361.9218	7.117439	-1089.754	-207.4733	232.0284	390.0356	146.2633	-17.08185	-6.049822	-5.338078	-17.08185	269.395	-56.22775	-31.6726	-4.270463	-6.049822	-6.049822	-17.43772	-4.626335	-8.185054	-5.338078	-17.08185	-4.626335	-8.185054
13.34	-12.81139	1014.641	839.7012	-238.0782	107.1174	-2289.754	-107.4733	-167.9716	-9.964355	-53.73666	82.91815	-6.049822	-5.338078	-17.08185	-130.605	-356.2278	-31.6726	-4.270463	-6.049822	-6.049822	-17.43772	-4.626335	-8.185054	-5.338078	-17.08185	-4.626335	-8.185054
13.63	-12.81139	-685.3594	-961.2988	-738.0782	-92.88256	411.2456	-207.4733	132.0284	190.0356	-53.73666	-17.08185	-6.049822	-5.338078	-17.08185	-130.605	-156.2278	68.3274	-4.270463	-6.049822	-6.049822	-17.43772	-4.626335	-8.185054	-5.338078	-17.08185	-4.626335	-8.185054
13.91	-12.81139	1314.641	-961.2988	-138.0782	-92.88256	-689.7544	-607.4733	-167.9716	990.0356	-53.73666	-17.08185	-6.049822	-5.338078	-17.08185	-130.605	22153.77	-31.6726	-4.270463	-6.049822	-6.049822	82.56228	-4.626335	-8.185054	-5.338078	-17.08185	-4.626335	-8.185054
14.2	-12.81139	1414.641	-1261.299	61.92175	107.1174	-1389.754	-507.4733	-167.9716	-209.9644	46.26334	-17.08185	-6.049822	-5.338078	-17.08185	25582.39	5544.772	-31.6726	-4.270463	-6.049822	-6.049822	-17.43772	-4.626335	-8.185054	-5.338078	-17.08185	-4.626335	-8.185054
14.48	-12.81139	-185.3594	-1061.299	161.9218	-92.88256	-288.7544	-307.4733	-467.9716	-209.9644	-53.73666	82.91815	-6.049822	-5.338078	-17.08185	-30.60498	43.77225	-31.6726	-4.270463	-6.049822	-6.049822	-17.43772	-4.626335	91.81495	-5.338078	-17.08185	-4.626335	91.81495
14.77	-12.81139	114.6406	339.7012	161.9218	7.117439	-689.7544	-107.4733	32.02844	-809.9644	46.26334	-17.08185	-6.049822	-5.338078	-17.08185	-130.605	243.7722	68.3274	-4.270463	-6.049822	93.95018	-17.43772	-4.626335	-8.185054	-5.338078	-17.08185	-4.626335	-8.185054
15.05	-12.81139	-585.3594	-1861.299	161.9218	-92.88256	-789.7544	592.5267	132.0284	190.0356	-53.73666	82.91815	-6.049822	-5.338078	-17.08185	-30.60498	-156.2278	68.3274	-4.270463	-6.049822	-6.049822	-17.43772	-4.626335	-8.185054	-5.338078	-17.08185	-4.626335	-8.185054
15.33	87.18861	1914.641	-1261.299	-238.0782	7.117439	-1589.754	-507.4733	-67.97156	390.0356	146.2633	-17.08185	-6.049822	-5.338078	-17.08185	-30.60498	-156.2278	-31.6726	-4.270463	-6.049822	-6.049822	-17.43772	-4.626335	-8.185054	-5.338078	-17.08185	-4.626335	-8.185054
15.62	-12.81139	-685.3594	-460.2988	-138.0782	-92.88256	-689.7544	892.5267	232.0284	290.0356	-53.73666	-17.08185	-6.049822	-5.338078	-17.08185	-30.60498	-256.2278	-31.6726	-4.270463	-6.049822	-6.049822	-17.43772	-4.626335	-8.185054	-5.338078	-17.08185	-4.626335	-8.185054
15.9	-12.81139	514.6406	239.7012	-438.0782	-92.88256	-288.7544	-507.4733	-67.97156	-209.9644	-53.73666	-17.08185	-6.049822	-5.338078	-17.08185	-130.605	-56.22775	-31.6726	-4.270463	-6.049822	-6.049822	-17.43772	-4.626335	-8.185054	-5.338078	-17.08185	-4.626335	-8.185054
16.19	87.18861	414.6406	-1061.299	661.9218	7.117439	211.2456	1092.527	132.0284	390.0356	46.26334	-17.08185	-6.049822	-5.338078	-17.08185	29086.39	143.7722	-31.6726	-4.270463	-6.049822	-6.049822	-17.43772	-4.626335	-8.185054	-5.338078	-17.08185	-4.626335	-8.185054
16.47	-12.81139	514.6406	939.7012	361.9218	-92.88256	-789.7544	-1107.473	-567.9716	-309.9644	46.26334	-17.08185	-6.049822	-5.338078	-17.08185	-130.605	-56.22775	-31.6726	95.72954	-6.049822	-6.049822	-17.43772	-4.626335	-8.185054	-5.338078	-17.08185	-4.626335	-8.185054
16.76	-12.81139	514.6406	-861.2988	-338.0782	107.1174	-2089.754	-607.4733	-367.9716	-209.9644	46.26334	-17.08185	-6.049822	-5.338078	-17.08185	269.395	143.7722	-31.6726	-4.270463	-6.049822	-6.049822	82.56228	-4.626335	-8.185054	-5.338078	-17.08185	-4.626335	-8.185054
17.04	-12.81139	1114.641	-60.29883	-538.0782	7.117439	-1489.754	-307.4733	-167.9716	290.0356	-53.73666	-17.08185	-6.049822	-5.338078	-17.08185	-30.60498	143.7722	-31.6726	-4.270463	-6.049822	-6.049822	-17.43772	-4.626335	91.81495	-5.338078	-17.08185	-4.626335	91.81495
17.33	-12.81139	1114.641	-1261.299	61.92175	7.117439	-388.7544	492.5267	-167.9716	90.03564	246.2633	-17.08185	-6.049822	-5.338078	-17.08185	69.39502	143.7722	-31.6726	-4.270463	-6.049822	-6.049822	-17.43772	-4.626335	-8.185054	-5.338078	-17.08185	-4.626335	-8.185054
17.61	-12.81139	414.6406	-660.2988	61.92175	7.117439	-689.7544	-807.4733	-67.97156	-109.9644	-53.73666	-17.08185	-6.049822	-5.338078	82.91815	69.39502	343.7722	68.3274	-4.270463	-6.049822	-6.049822	-17.43772	-4.626335	-8.185054	-5.338078	82.91815	-4.626335	-8.185054
17.9	-12.81139	14.64062	-260.2988	661.9218	-92.88256	111.2456	-907.4733	132.0284	-409.9644	146.2633	82.91815	-6.049822	-5.338078	82.91815	-130.605	-56.22775	-31.6726	-4.270463	93.95018	-6.049822	-17.43772	-4.626335	-8.185054	-5.338078	82.91815	-4.626335	-8.185054
18.18	-12.81139	-285.3594	39.70117	-238.0782	7.117439	-1089.754	-407.4733	132.0284	590.0356	146.2633	-17.08185	-6.049822	-5.338078	-17.08185	69.39502	43.77225	-31.6726	-4.270463	-6.049822	-6.049822	82.56228	-4.626335	-8.185054	-5.338078	-17.08185	-4.626335	-8.185054
18.47	87.18861	214.6406	-1061.299	361.9218	-92.88256	-1489.754	92.52673	232.0284	590.0356	146.2633	-17.08185	-6.049822	-5.338078	-17.08185	-130.605	243.7722	-31.6726	-4.270463	-6.049822	-6.049822	-17.43772	-4.626335	-8.185054	-5.338078	-17.08185	-4.626335	-8.185054
18.75	-12.81139	2415.641	939.7012	261.9218	7.117439	-1189.754	-707.4733	-67.97156	-609.9644	46.26334	82.91815	93.95018	-5.338078	-17.08185	69.39502	143.7722	-31.6726	-4.270463	-6.049822	-6.049822	-17.43772	-4.626335	-8.185054	-5.338078	-17.08185	-4.626335	-8.185054
19.04	87.18861	314.6406	-1761.299	-238.0782	107.1174	-1089.754	292.5267	332.0284	-109.9644	46.26334	-17.08185	-6.049822	94.66192	-17.08185	-30.60498	-256.2278	-31.6726	95.72954	-6.049822	-6.049822	-17.43772	-4.626335	-8.185054	94.66192	-17.08185	-4.626335	-8.185054
19.32	-12.81139	1214.641	-1761.299	-338.0782	-92.88256	-1289.754	-407.4733	432.0284	-709.9644	146.2633	-17.08185	-6.049822	-5.338078	-17.08185	169.395	243.7722	-31.6726	-4.270463	-6.049822	-6.049822	-17.43772	-4.626335	91.81495	-5.338078	-17.08185	-4.626335	91.81495
19.61	-12.81139	1714.641	1439.701	-338.0782	7.117439	-588.7544	-107.4733	332.0284	390.0356	46.26334	-17.08185	-6.049822	-5.338078	-17.08185	-30.60498	-156.2278	-31.6726	-4.270463	-6.049822	-6.049822	-17.43772	-4.626335	-8.185054	-5.338078	-17.08185	-4.626335	-8.185054
19.89	-12.81139	-785.3594	-60.29883	-438.0782	-92.88256	-1089.754	-307.4733	32.02844	-309.9644	-53.73666	-17.08185	-6.049822	-5.338078	-17.08185	-30.60498	-56.22775	-31.6726	-4.270463	-6.049822	-6.049822	-17.43772	-4.626335	-8.185054	-5.338078	-17.08185	-4.626335	-8.185054
20.18	-12.81139	-85.35938	-761.2988	-38.07825	7.117439	-288.7544	292.5267	-167.9716	990.0356	46.26334	82.91815	-6.049822	-5.338078	82.91815	-130.605	243.7722	-31.6726	-4.270463	-6.049822	-6.049822	-17.43772	-4.626335	-8.185054	-5.338078	82.91815	-4.626335	-8.185054
20.47	-12.81139	-85.35938	-260.2988	-138.0782	-92.88256	-989.7544	92.52673	232.0284	790.0356	-53.73666	-17.08185	-6.049822	-5.338078	-17.08185	-30.60498	-56.22775	-31.6726	-4.270463	-6.049822	-6.049822	-17.43772	-4.626335	-8.185054	-5.338078	-17.08185	-4.626335	-8.185054
20.75	-12.81139	-1085.359	-961.2988	-338.0782	-92.88256	-689.7544	-907.4733	432.0284	290.0356	46.26334	-17.08185	-6.049822	-5.338078	-17.08185	469.395	-356.2278	-31.6726	-4.270463	-6.049822	-6.049822	82.56228	-4.626335	-8.185054	-5.338078	-17.08185	-4.626335	-8.185054
21.03	-12.81139	114.6406	-460.2988	-38.07825	-92.88256	-2389.754	292.5267	-67.97156	-709.9644	-53.73666	-17.08185	-6.049822	-5.338078	-17.08185	-30.60498	-256.2278	-31.6726	-4.270463	-6.049822	-6.049822	-17.43772	-4.626335	91.81495	-5.338078	-17.08185	-4.626335	91.81495
21.32	-12.81139	-1486.359	339.7012	61.92175	7.117439	-1389.754	-507.4733	132.0284	490.0356	146.2633	-17.08185	-6.049822	94.66192	-17.08185	-30.60498	8845.772	68.3274	-4.270463	-6.049822	-6.049822	-17.43772	-4.626335	-8.185054	94.66192	-17.08185	-4.626335	-8.185054
21.6	-12.81139	-85.35938	-160.2988	61.92175	7.117439	-1289.754	92.52673	532.0284	90.03564	46.26334	-17.08185	-6.049822	-5.338078	-17.08185	-130.605	4744.772	-31.6726	-4.270463	-6.049822	-6.049822	-17.43772	-4.626335	-8.185054	-5.338078	-17.08185	-4.626335	-8.185054
21.89	-12.81139	914.6406	-460.2988	-238.0782	-92.88256	-1689.754	-607.4733	132.0284	90.03564	46.26334	-17.08185	-6.049822	-5.338078	-17.08185	-130.605	-156.2278	-31.6726	-4.270463	-6.049822	-6.049822	-17.43772	-4.626335	-8.185054	-5.338078	-17.08185	-4.626335	-8.185054
22.17	-12.81139	2014.641	-560.2988	61.92175	107.1174	711.2456	-7.473267	132.0284	-109.9644	-53.73666	82.91815	-6.049822	-5.338078	-17.08185	69.39502	-56.22775	-31.6726	-4.270463	-6.049822	-6.049822	-17.43772	-4.626335	-8.185054	-5.338078	-17.08185	-4.626335	-8.185054
22.46	-12.81139	1514.641	-1761.299	-338.0782	7.117439	-288.7544	-307.4733	232.0284	-9.964355	46.26334	-17.08185	-6.049822	94.66192	-17.08185	-130.605	43.77225	-31.6726	-4.270463	93.95018	-6.049822	-17.43772	-4.626335	-8.185054	94.66192	-17.08185	-4.626335	-8.185054
22.74	87.18861	1914.641	-660.2988	-238.0782	7.117439	-789.7544	-7.473267	-567.9716	-309.9644	-53.73666	-17.08185	-6.049822	-5.338078	82.91815	69.39502	43.77225	-31.6726	-4.270463	93.95018	-6.049822	-17.43772	-4.626335	191.8149	-5.338078	82.91815	-4.626335	191.8149
23.03	-12.81139	-1285.359	-160.2988	161.9218	107.1174	-488.7544	-807.4733	432.0284	90.03564	-53.73666	-17.08185	-6.049822	-5.338078	-17.08185	-130.605	143.7722	-31.6726	-4.270463	-6.049822	-6.049822	-17.43772	-4.626335	-8.185054	-5.338078	-17.08185	-4.626335	-8.185054
23.31	87.18861	414.6406	-1261.299	61.92175	107.1174	-1189.754	592.5267	-267.9716	890.0356	46.26334	-17.08185	-6.049822	-5.338078	-17.08185	-130.605	-156.2278	-31.6726	-4.270463	-6.049822	93.95018	-17.43772	-4.626335	-8.185054	-5.338078	-17.08185	-4.626335	-8.185054
23.6	-12.81139	714.6406	-1061.299	361.9218	7.117439	-1789.754	-107.4733	-367.9716	-509.9644	-53.73666	-17.08185	-6.049822	-5.338078	-17.08185	69.39502	43.77225	-31.6726	-4.270463	-6.049822	193.9502	-17.43772	-4.626335	-8.185054	-5.338078	-17.08185	-4.626335	-8.185054
23.88	-12.81139	814.6406	-761.2988	-38.07825	-92.88256	-1289.754	-7.473267	532.0284	-409.9644	-53.73666	-17.08185	-6.049822	-5.338078	-17.08185	-130.605	243.7722	-31.6726	-4.270463	-6.049822	-6.049822	-17.43772	-4.626335	-8.185054	-5.338078	-17.08185	-4.626335	-8.185054
24.17	-12.81139	214.6406	-160.2988	-38.07825	7.117439	-789.7544	-207.4733	-67.97156	-9.964355	46.26334	82.91815	93.95018	-5.338078	-17.08185	69.39502	43.77225	-31.6726	-4.270463	-6.049822	-6.049822	-17.43772	-4.626335	-8.185054	-5.338078	-17.08185	-4.626335	-8.185054
24.45	87.18861	-285.3594	139.7012	-338.0782	-92.88256	-1289.754	-107.4733	-67.97156	490.0356	-53.73666	-17.08185	-6.049822	-5.338078	-17.08185	-130.605	-156.2278	-31.6726	-4.270463	-6.049822	-6.049822	-17.43772	-4.626335	-8.185054	-5.338078	-17.08185	-4.626335	-8.185054
24.74	-12.81139	2114.641	-861.2988	-38.07825	-92.88256	-1389.754	-1107.473	32.02844	590.0356	46.26334	-17.08185	-6.049822	-5.338078	-17.08185	-30.60498	43.77225	-31.6726	-4.270463	-6.049822	-6.049822	-17.43772	-4.626335	-8.185054	-5.338078	-17.08185	-4.626335	-8.185054
25.02	-12.81139	-185.3594	-1761.299	661.9218	107.1174	-689.7544	92.52673	132.0284	90.03564	-53.73666	-17.08185	-6.049822	-5.338078	-17.08185	-130.605	-256.2278	-31.6726	-4.270463	-6.049822	-6.049822	-17.43772	-4.626335	-8.185054	-5.338078	-17.08185	-4.626335	-8.185054
25.31	187.1886	914.6406	-60.29883	161.9218	-92.88256	-1389.754	-707.4733	-267.9716	-109.9644	-53.73666	-17.08185	-6.049822	-5.338078	-17.08185	-30.60498	-56.22775	-31.6726	-4.270463	-6.049822	-6.049822	-17.43772	-4.626335	-8.185054	-5.338078	-17.08185	-4.626335	-8.185054
25.59	-12.81139	-285.3594	-1061.299	-38.07825	-92.88256	-689.7544	-7.473267	132.0284	-309.9644	46.26334	-17.08185	-6.049822	-5.338078	-17.08185	169.395	243.7722	-31.6726	-4.270463	-6.049822	-6.049822	82.56228	-4.626335	-8.185054	-5.338078	-17.08185	-4.626335	-8.185054
25.88	-12.81139	-785.3594	639.7012	-238.0782	-92.88256	-488.7544	-607.4733	-67.97156	-9.964355	-53.73666	-17.08185	-6.049822	-5.338078	-17.08185	169.395	43.77225	-31.6726	-4.270463	-6.049822	-6.049822	-17.43772	-4.626335	-8.185054	-5.338078	-17.08185	-4.626335	-8.185054
26.16	-12.81139	-585.3594	-1261.299	-338.0782	-92.88256	-1189.754	92.52673	-67.97156	-9.964355	46.26334	-17.08185	-6.049822	-5.338078	-17.08185	169.395	43.77225	-31.6726	-4.270463	-6.049822	-6.049822	-17.43772	-4.626335	-8.185054	-5.338078	-17.08185	-4.626335	-8.185054
26.45	-12.81139	1114.641	-260.2988	-238.0782	7.117439	-1089.754	392.5267	-267.9716	-9.964355	46.26334	82.91815	-6.049822	-5.338078	-17.08185	-30.60498	243.7722	-31.6726	-4.270463	-6.049822	-6.049822	-17.43772	-4.626335	-8.185054	-5.338078	-17.08185	-4.626335	-8.185054
26.73	87.18861	-85.35938	-1561.299	561.9218	7.117439	-689.7544	-7.473267	232.0284	90.03564	-53.73666	-17.08185	-6.049822	-5.338078	-17.08185	69.39502	43.77225	-31.6726	-4.270463	-6.049822	-6.049822	-17.43772	-4.626335	-8.185054	-5.338078	-17.08185	-4.626335	-8.185054
27.02	-12.81139	-485.3594	-1861.299	661.9218	-92.88256	-1089.754	-807.4733	432.0284	-609.9644	46.26334	-17.08185	-6.049822	-5.338078	-17.08185	269.395	43.77225	-31.6726	-4.270463	-6.049822	-6.049822	-17.43772	-4.626335	-8.185054	-5.338078	-17.08185	-4.626335	-8.185054
27.3	-12.81139	1614.641	639.7012	-38.07825	-92.88256	-1389.754	-707.4733	-67.97156	1490.036	46.26334	-17.08185	-6.049822	-5.338078	-17.08185	-30.60498	-156.2278	-31.6726	-4.270463	-6.049822	-6.049822	-17.43772	-4.626335	-8.185054	-5.338078	-17.08185	-4.626335	-8.185054
27.59	-12.81139	214.6406	-1361.299	261.9218	7.117439	-689.7544	-107.4733	-267.9716	490.0356	-53.73666	-17.08185	-6.049822	-5.338078	-17.08185	-30.60498	-56.22775	-31.6726	-4.270463	-6.049822	-6.049822	-17.43772	-4.626335	-8.185054	-5.338078	-17.08185	-4.626335	-8.185054
27.87	-12.81139	-685.3594	-1461.299	-138.0782	107.1174	-1589.754	-607.4733	-67.97156	90.03564	146.2633	82.91815	-6.049822	-5.338078	-17.08185	-130.605	-156.2278	-31.6726	-4.270463	-6.049822	-6.049822	-17.43772	-4.626335	-8.185054	-5.338078	-17.08185	-4.626335	-8.185054
28.16	-12.81139	-585.3594	-660.2988	561.9218	107.1174	-388.7544	-507.4733	-67.97156	-709.9644	-53.73666	182.9182	-6.049822	-5.338078	-17.08185	69.39502	43.77225	-31.6726	-4.270463	-6.049822	-6.049822	-17.43772	-4.626335	-8.185054	-5.338078	-17.08185	-4.626335	-8.185054
28.44	-12.81139	-1486.359	-160.2988	361.9218	107.1174	-288.7544	292.5267	-67.97156	-209.9644	-53.73666	-17.08185	-6.049822	-5.338078	-17.08185	169.395	443.7722	-31.6726	-4.270463	-6.049822	-6.049822	-17.43772	-4.626335	-8.185054	-5.338078	-17.08185	-4.626335	-8.185054
28.73	-12.81139	-385.3594	739.7012	261.9218	-92.88256	-388.7544	192.5267	-67.97156	190.0356	-53.73666	-17.08185	-6.049822	-5.338078	-17.08185	-30.60498	-56.22775	-31.6726	-4.270463	-6.049822	-6.049822	-17.43772	-4.626335	-8.185054	-5.338078	-17.08185	-4.626335	-8.185054
29.01	-12.81139	814.6406	-761.2988	161.9218	7.117439	11.24561	92.52673	-267.9716	390.0356	46.26334	-17.08185	-6.049822	-5.338078	82.91815	-30.60498	43.77225	-31.6726	-4.270463	-6.049822	-6.049822	-17.43772	-4.626335	-8.185054	-5.338078	82.91815	-4.626335	-8.185054
29.3	-12.81139	814.6406	-861.2988	461.9218	207.1174	-488.7544	-1007.473	-67.97156	290.0356	-53.73666	-17.08185	-6.049822	-5.338078	-17.08185	-30.60498	343.7722	-31.6726	-4.270463	93.95018	-6.049822	-17.43772	-4.626335	-8.185054	-5.338078	-17.08185	-4.626335	-8.185054
29.58	-12.81139	-885.3594	439.7012	161.9218	-92.88256	-1489.754	192.5267	132.0284	-209.9644	46.26334	82.91815	-6.049822	-5.338078	-17.08185	-30.60498	-256.2278	-31.6726	-4.270463	-6.049822	-6.049822	-17.43772	-4.626335	-8.185054	-5.338078	-17.08185	-4.626335	-8.185054
29.87	-12.81139	1114.641	-1061.299	261.9218	-92.88256	-1089.754	-7.473267	32.02844	-209.9644	-53.73666	-17.08185	-6.049822	-5.338078	-17.08185	-30.60498	343.7722	-31.6726	-4.270463	-6.049822	-6.049822	-17.43772	-4.626335	-8.185054	-5.338078	-17.08185	-4.626335	-8.185054
30.15	-12.81139	1514.641	-60.29883	-438.0782	107.1174	-1889.754	-7.473267	-167.9716	290.0356	-53.73666	82.91815	-6.049822	-5.338078	-17.08185	-130.605	443.7722	-31.6726	-4.270463	-6.049822	-6.049822	-17.43772	-4.626335	-8.185054	-5.338078	-17.08185	-4.626335	-8.185054
30.44	-12.81139	214.6406	-1461.299	361.9218	7.117439	-488.7544	-307.4733	-167.9716	-9.964355	146.2633	-17.08185	-6.049822	-5.338078	82.91815	169.395	-56.22775	-31.6726	-4.270463	-6.049822	1893.95	182.5623	-4.626335	-8.185054	-5.338078	82.91815	-4.626335	-8.185054
30.72	87.18861	13521.64	-1861.299	-538.0782	7.117439	411.2456	5593.527	-67.97156	490.0356	346.2633	1382.918	93.95018	-5.338078	82.91815	7282986	1.884788e+07	168.3274	195.7295	-6.049822	189409	6383.562	-4.626335	1191.815	-5.338078	82.91815	-4.626335	1191.815
31.01	87.18861	254063.6	-160.2988	10464.92	607.1174	4712.246	34519.53	532.0284	990.0356	2346.263	16087.92	293.9502	-5.338078	582.9182	4.070049e+07	1.055784e+08	468.3274	995.7296	393.9502	684436.9	10784.56	-4.626335	1991.815	-5.338078	582.9182	-4.626335	1991.815
31.29	287.1886	501827.6	139.7012	28178.92	907.1174	9214.246	54756.53	632.0284	1990.036	5547.263	35307.92	293.9502	-5.338078	582.9182	6.602232e+07	1.682136e+08	1268.327	1095.729	93.95018	1068448	11084.56	-4.626335	4991.815	-5.338078	582.9182	-4.626335	4991.815
31.58	787.1886	448820.6	-560.2988	37591.92	1207.117	10215.25	53153.53	1232.028	2090.036	4846.263	45023.92	293.9502	-5.338078	682.9182	8.928376e+07	2.44329e+08	1668.327	1495.729	393.9502	1295514	10184.56	-4.626335	5892.815	-5.338078	682.9182	-4.626335	5892.815
31.86	1087.189	572539.6	3440.701	67555.92	907.1174	7313.246	54455.53	2432.028	2690.036	5547.263	47828.92	793.9502	-5.338078	782.9182	9.556466e+07	2.884011e+08	2068.327	2695.729	493.9502	1314782	8483.562	-4.626335	4691.815	-5.338078	782.9182	-4.626335	4691.815
32.15	1587.189	636166.6	2539.701	78788.92	1907.117	11816.25	78020.52	1932.028	3090.036	4546.263	53640.92	1793.95	-5.338078	1182.918	1.049487e+08	2.743777e+08	1668.327	1795.729	293.9502	1295303	7583.562	-4.626335	5192.815	-5.338078	1182.918	-4.626335	5192.815
32.44	4087.189	853553.6	2940.701	62742.92	2907.117	23026.25	114261.5	2132.028	2890.036	3946.263	52437.92	2493.95	-5.338078	782.9182	1.067209e+08	2.703711e+08	2168.327	2695.729	693.9502	1246724	8183.562	-4.626335	5692.815	-5.338078	782.9182	-4.626335	5692.815
32.72	5588.188	1566164	5340.701	50514.92	5508.118	31538.25	187305.5	1932.028	2790.036	3646.263	63663.92	5194.95	-5.338078	882.9182	1.133964e+08	2.683678e+08	1668.327	2895.729	393.9502	1166488	5883.562	-4.626335	5092.815	-5.338078	882.9182	-4.626335	5092.815
33.01	6588.188	2518595	839.7012	40395.92	7008.118	52377.25	268850.5	2632.028	3190.036	3946.263	62460.92	5094.95	-5.338078	582.9182	1.078835e+08	2.403226e+08	1768.327	3495.729	393.9502	982424.9	8183.562	395.3737	4291.815	-5.338078	582.9182	395.3737	4291.815
33.29	7688.188	2768630	2739.701	36689.92	13711.12	60096.25	287760.5	2432.028	3190.036	5647.263	57448.92	2893.95	-5.338078	482.9182	1.011167e+08	2.603547e+08	1268.327	2895.729	593.9502	794315.9	8483.562	95.37366	4491.815	-5.338078	482.9182	95.37366	4491.815
33.58	10289.19	2603042	2539.701	35988.92	14211.12	61400.25	271681.5	3132.028	1990.036	6647.263	60355.92	4493.95	-5.338078	882.9182	1.041064e+08	2.503386e+08	968.3274	2895.729	493.9502	651370.9	8684.562	595.3737	3091.815	-5.338078	882.9182	595.3737	3091.815
33.87	8488.188	2184591	3040.701	32784.92	19715.12	48068.25	218257.5	2732.028	2990.036	8648.264	51435.92	3393.95	-5.338078	882.9182	1.242726e+08	3.144455e+08	1468.327	2795.729	93.95018	492905.9	9784.562	95.37366	2491.815	-5.338078	882.9182	95.37366	2491.815
34.15	9889.188	1802254	2639.701	30781.92	27422.12	32139.25	188716.5	2432.028	4191.036	7847.263	47527.92	2893.95	94.66192	582.9182	1.225793e+08	2.98418e+08	568.3274	2795.729	293.9502	375086.9	10584.56	-4.626335	2091.815	94.66192	582.9182	-4.626335	2091.815
34.44	8689.188	1485329	4240.701	29480.92	35332.12	23527.25	175922.5	3132.028	3591.036	7347.263	41817.92	1893.95	-5.338078	1382.918	1.352698e+08	3.585237e+08	668.3274	3595.729	93.95018	303626.9	9484.562	-4.626335	1691.815	-5.338078	1382.918	-4.626335	1691.815
34.73	9089.188	1611313	3340.701	30180.92	30626.12	17220.25	115869.5	2232.028	2790.036	6647.263	41617.92	1693.95	-5.338078	982.9182	1.25996e+08	3.164489e+08	968.3274	1995.729	593.9502	248826	8583.562	-4.626335	1491.815	-5.338078	982.9182	-4.626335	1491.815
35.01	9289.188	1068120	1739.701	34186.92	25520.12	18522.25	96586.52	3432.028	3090.036	9648.264	42618.92	793.9502	-5.338078	1082.918	1.187138e+08	3.444984e+08	1568.327	1995.729	193.9502	203519	9084.562	-4.626335	1091.815	-5.338078	1082.918	-4.626335	1091.815
35.3	4987.188	984779.6	4140.701	49312.92	19815.12	15419.25	89258.52	3132.028	3190.036	13350.26	45624.92	893.9502	94.66192	2382.918	1.203324e+08	3.444984e+08	1668.327	2095.729	493.9502	166950	11785.56	-4.626335	3291.815	94.66192	2382.918	-4.626335	3291.815
35.58	4087.189	830180.6	3740.701	67956.92	13611.12	10515.25	79825.52	3232.028	3390.036	14150.26	47126.92	1293.95	94.66192	1782.918	1.290066e+08	3.064316e+08	3368.327	1795.729	93.95018	137572	10784.56	95.37366	3091.815	94.66192	1782.918	95.37366	3091.815
35.87	3687.189	672097.6	3140.701	120255.9	10809.12	12116.25	104116.5	2332.028	3290.036	24258.26	51435.92	593.9502	-5.338078	3082.918	1.336005e+08	3.805643e+08	3468.327	2095.729	193.9502	128423	11585.56	95.37366	4391.815	-5.338078	3082.918	95.37366	4391.815
36.16	3187.189	685455.6	2339.701	139354.9	8508.117	7814.246	83237.52	3032.028	2890.036	30064.26	53138.92	593.9502	-5.338078	3382.918	1.385813e+08	3.565201e+08	3468.327	1895.729	493.9502	104010	9684.562	-4.626335	4891.815	-5.338078	3382.918	-4.626335	4891.815
36.44	1587.189	646016.6	2639.701	153739.9	4907.118	6513.246	79625.52	3132.028	5091.036	30865.26	59252.92	593.9502	-5.338078	3182.918	1.302057e+08	3.565201e+08	3668.327	2695.729	-6.049822	87546.95	10884.56	-4.626335	6092.815	-5.338078	3182.918	-4.626335	6092.815
36.73	2087.189	507235.6	3240.701	167427.9	5708.118	7213.246	79825.52	2632.028	4291.036	38175.26	64666.92	93.95018	-5.338078	4082.918	1.381562e+08	3.805643e+08	4268.328	2095.729	-6.049822	84636.95	12285.56	-4.626335	6892.815	-5.338078	4082.918	-4.626335	6892.815
37.01	1287.189	420019.6	5340.701	186965.9	5108.118	6913.246	74107.52	2032.028	4491.036	34971.26	70682.92	393.9502	-5.338078	4482.918	1.294745e+08	3.505092e+08	5069.328	1895.729	93.95018	72799.95	8884.562	95.37366	6792.815	-5.338078	4482.918	95.37366	6792.815
37.3	2087.189	373985.6	3240.701	191802.9	3907.117	4412.246	71800.52	2532.028	4291.036	40779.26	73991.92	193.9502	-5.338078	3982.918	1.360608e+08	3.805643e+08	4268.328	3295.729	293.9502	67785.95	11385.56	-4.626335	5092.815	-5.338078	3982.918	-4.626335	5092.815
37.59	2487.189	341416.6	2940.701	224776.9	3707.117	4412.246	66084.52	2232.028	4191.036	43885.26	80712.92	293.9502	-5.338078	3482.918	1.308932e+08	3.46502e+08	4868.328	3995.729	-6.049822	59263.95	10784.56	-4.626335	6892.815	-5.338078	3482.918	-4.626335	6892.815
37.87	3487.189	250122.6	3540.701	218319.9	3607.117	3012.246	64280.53	2032.028	3491.036	38476.26	93356.92	293.9502	-5.338078	2182.918	1.436278e+08	3.885793e+08	5369.328	3795.729	293.9502	50845.95	12685.56	-4.626335	4291.815	-5.338078	2182.918	-4.626335	4291.815
38.16	3187.189	227805.6	3740.701	209343.9	7008.118	2511.246	46539.53	2932.028	5391.036	34870.26	83622.92	93.95018	-5.338078	3782.918	1.412504e+08	3.2847e+08	4168.328	4995.729	93.95018	44332.95	12585.56	-4.626335	4591.815	-5.338078	3782.918	-4.626335	4591.815
38.44	4487.188	186051.6	5541.701	163803.9	14111.12	2011.246	39927.53	1532.028	5091.036	29063.26	73089.92	-6.049822	-5.338078	2282.918	1.383028e+08	3.885793e+08	2568.327	3595.729	193.9502	30712.95	12385.56	-4.626335	3591.815	-5.338078	2282.918	-4.626335	3591.815
38.73	7588.188	140745.6	2940.701	134528.9	20315.12	711.2456	37022.53	3332.028	3991.036	21155.26	65869.92	193.9502	-5.338078	2082.918	1.451524e+08	4.026059e+08	2268.327	2795.729	293.9502	28109.95	11685.56	-4.626335	3691.815	-5.338078	2082.918	-4.626335	3691.815
39.01	10189.19	215594.6	2839.701	97957.92	34030.12	111.2456	30914.53	2932.028	4391.036	18453.26	65768.92	293.9502	-5.338078	1282.918	1.351233e+08	3.745531e+08	1968.327	2795.729	-6.049822	24305.95	11585.56	-4.626335	1491.815	-5.338078	1282.918	-4.626335	1491.815
39.3	13491.19	166710.6	5140.701	93038.92	43846.12	11.24561	28711.53	3032.028	2890.036	14550.26	62560.92	293.9502	-5.338078	1082.918	1.303374e+08	3.304735e+08	1068.327	2695.729	-6.049822	20301.95	11785.56	-4.626335	1891.815	-5.338078	1082.918	-4.626335	1891.815
39.59	16492.19	78958.64	2139.701	71867.92	44346.12	1711.246	23805.53	1932.028	3791.036	15051.26	63763.92	93.95018	-5.338078	982.9182	1.415879e+08	3.46502e+08	1068.327	2395.729	93.95018	20201.95	10384.56	-4.626335	1991.815	-5.338078	982.9182	-4.626335	1991.815
39.87	19795.19	74243.64	3740.701	70263.92	52362.12	1511.246	21303.53	3332.028	3390.036	14250.26	63663.92	-6.049822	-5.338078	1582.918	1.432168e+08	3.645347e+08	1168.327	2595.729	393.9502	18200.95	10684.56	-4.626335	1991.815	-5.338078	1582.918	-4.626335	1991.815
40.16	17993.19	95319.64	3140.701	77986.92	47653.12	-188.7544	21303.53	3532.028	1890.036	16852.26	62761.92	293.9502	-5.338078	882.9182	1.255286e+08	3.344805e+08	1868.327	2395.729	293.9502	15298.95	10384.56	-4.626335	1691.815	-5.338078	882.9182	-4.626335	1691.815
40.44	16092.19	65717.64	4040.701	85310.92	39138.12	-188.7544	28010.53	2232.028	3791.036	21055.26	58851.92	-6.049822	-5.338078	1082.918	1.412357e+08	3.805643e+08	2268.327	2095.729	293.9502	16398.95	12085.56	-4.626335	1991.815	-5.338078	1082.918	-4.626335	1991.815
40.73	9589.188	62909.64	3240.701	90629.92	25420.12	-388.7544	28911.53	2832.028	2690.036	26460.26	61457.92	-6.049822	-5.338078	1782.918	1.489167e+08	3.364841e+08	2368.327	1895.729	-6.049822	26107.95	11485.56	-4.626335	1891.815	-5.338078	1782.918	-4.626335	1891.815
41.02	10689.19	49074.64	3840.701	86012.92	21817.12	1511.246	29612.53	2032.028	3991.036	28062.26	58049.92	-6.049822	-5.338078	1882.918	1.317125e+08	3.565201e+08	2268.327	1695.729	93.95018	25806.95	11785.56	-4.626335	1991.815	-5.338078	1882.918	-4.626335	1991.815
41.31	11890.19	44364.64	2739.701	78788.92	18214.12	-388.7544	33016.53	2832.028	4591.036	26260.26	63964.92	193.9502	-5.338078	2282.918	1.424389e+08	3.184524e+08	2768.327	1795.729	93.95018	44633.95	8083.562	-4.626335	2791.815	-5.338078	2282.918	-4.626335	2791.815
41.59	6088.188	48774.64	3940.701	77484.92	13110.12	311.2456	33617.53	2832.028	2890.036	33268.26	64666.92	193.9502	-5.338078	3282.918	1.312004e+08	3.304735e+08	2268.327	2695.729	-6.049822	57259.95	9384.562	-4.626335	2291.815	-5.338078	3282.918	-4.626335	2291.815
41.88	5988.188	39054.64	2839.701	70263.92	7908.118	-188.7544	38224.53	2332.028	3691.036	34169.26	59553.92	193.9502	-5.338078	2682.918	1.34684e+08	3.965944e+08	3268.327	1495.729	193.9502	94772.95	12485.56	-4.626335	3691.815	-5.338078	2682.918	-4.626335	3691.815
42.16	5788.188	49375.64	3240.701	66352.92	6008.118	711.2456	42732.53	1932.028	3290.036	39978.26	64866.92	193.9502	-5.338078	3682.918	1.390652e+08	4.026059e+08	2868.327	1995.729	93.95018	129629	10884.56	-4.626335	4791.815	-5.338078	3682.918	-4.626335	4791.815
42.45	4587.188	41860.64	3640.701	58732.92	7108.118	-989.7544	39927.53	2232.028	3591.036	36473.26	56746.92	193.9502	-5.338078	2682.918	1.366028e+08	3.68542e+08	3268.327	2295.729	93.95018	156985	10984.56	-4.626335	3391.815	-5.338078	2682.918	-4.626335	3391.815
42.73	5088.188	44565.64	4240.701	48911.92	5408.118	-288.7544	41329.53	2032.028	2290.036	39277.26	60656.92	393.9502	-5.338078	3282.918	1.332345e+08	3.485056e+08	2368.327	2195.729	93.95018	212594	10084.56	-4.626335	4791.815	-5.338078	3282.918	-4.626335	4791.815
43.02	4587.188	51480.64	1639.701	54422.92	6208.118	1411.246	44134.53	3532.028	2390.036	44285.26	59252.92	393.9502	-5.338078	2782.918	1.232774e+08	3.264664e+08	3768.327	1495.729	93.95018	275907.9	10284.56	-4.626335	4691.815	-5.338078	2782.918	-4.626335	4691.815
43.31	5788.188	44164.64	1939.701	53420.92	3407.117	-689.7544	48643.53	2532.028	3491.036	50096.26	57548.92	393.9502	-5.338078	2582.918	1.378777e+08	3.745531e+08	4568.328	2095.729	293.9502	334922.9	13185.56	-4.626335	4791.815	-5.338078	2582.918	-4.626335	4791.815
43.59	6388.188	51480.64	2439.701	43100.92	5108.118	211.2456	48142.53	2432.028	3791.036	48994.26	60656.92	1293.95	-5.338078	2582.918	1.444647e+08	3.985982e+08	5069.328	1695.729	-6.049822	382903.9	11185.56	-4.626335	5892.815	-5.338078	2582.918	-4.626335	5892.815
43.88	7488.188	51680.64	4040.701	48510.92	4407.118	311.2456	50747.53	2732.028	3691.036	46289.26	60255.92	1493.95	-5.338078	3282.918	1.749835e+08	3.945906e+08	3968.327	1595.729	293.9502	573599.9	12785.56	95.37366	6292.815	-5.338078	3282.918	95.37366	6292.815
44.17	8088.188	57093.64	4340.701	49011.92	5108.118	1311.246	47541.53	2332.028	2990.036	45588.26	62460.92	2193.95	-5.338078	3382.918	1.408103e+08	4.246484e+08	4068.327	2495.729	-6.049822	557337.9	11385.56	-4.626335	4791.815	-5.338078	3382.918	-4.626335	4791.815
44.45	10289.19	44064.64	2839.701	47708.92	4207.118	711.2456	48443.53	2632.028	3090.036	50898.26	57147.92	2493.95	-5.338078	3682.918	1.389625e+08	3.845718e+08	4568.328	2395.729	193.9502	613838.9	9984.562	-4.626335	5992.815	-5.338078	3682.918	-4.626335	5992.815
44.74	12990.19	49175.64	1739.701	53019.92	6508.118	1711.246	47942.53	2232.028	3190.036	48693.26	61057.92	3393.95	-5.338078	2782.918	1.307908e+08	4.326641e+08	3768.327	1395.729	293.9502	589564.9	10484.56	-4.626335	4091.815	-5.338078	2782.918	-4.626335	4091.815
45.02	18794.19	131492.6	2339.701	46807.92	7808.118	1511.246	46639.53	2932.028	2590.036	41080.26	56947.92	4393.95	-5.338078	2482.918	1.342007e+08	3.32477e+08	4168.328	2895.729	393.9502	587312.9	11785.56	-4.626335	3891.815	-5.338078	2482.918	-4.626335	3891.815
45.31	25100.19	76049.64	3540.701	41597.92	9809.117	2811.246	42932.53	2332.028	2690.036	34570.26	57548.92	4193.95	-5.338078	2782.918	1.395637e+08	3.545164e+08	3768.327	2295.729	393.9502	504737.9	10384.56	-4.626335	4791.815	-5.338078	2782.918	-4.626335	4791.815
45.6	20295.19	106166.6	3240.701	39694.92	8809.117	2411.246	38525.53	2232.028	2490.036	31466.26	53740.92	4593.95	-5.338078	2482.918	1.3082e+08	3.645347e+08	3668.327	2495.729	-6.049822	397935.9	8884.562	-4.626335	4491.815	-5.338078	2482.918	-4.626335	4491.815
45.88	23598.19	62307.64	1939.701	40495.92	11310.12	2311.246	38825.53	2632.028	1790.036	29063.26	52537.92	2193.95	-5.338078	2882.918	1.374967e+08	3.525128e+08	4768.328	1895.729	193.9502	343943.9	9784.562	-4.626335	4191.815	-5.338078	2882.918	-4.626335	4191.815
46.17	27402.19	45467.64	3140.701	44002.92	30325.12	-188.7544	41530.53	3332.028	3491.036	31866.26	53940.92	2093.95	-5.338078	4082.918	1.458159e+08	4.306601e+08	5269.328	1995.729	93.95018	264485.9	12685.56	-4.626335	2791.815	-5.338078	4082.918	-4.626335	2791.815
46.45	35813.19	44865.64	2739.701	47408.92	68200.12	2611.246	40528.53	2732.028	2290.036	32067.26	60956.92	2293.95	-5.338078	2482.918	1.392704e+08	3.525128e+08	3768.327	2495.729	-6.049822	228433	13185.56	-4.626335	3791.815	-5.338078	2482.918	-4.626335	3791.815
46.74	42824.19	37251.64	3440.701	54022.92	102417.1	911.2456	36221.53	3132.028	4091.036	27761.26	63763.92	2793.95	-5.338078	2482.918	1.381123e+08	3.745531e+08	3868.327	1795.729	293.9502	193339	11985.56	-4.626335	3791.815	-5.338078	2482.918	-4.626335	3791.815
47.03	58054.19	38052.64	2139.701	59835.92	154886.1	-288.7544	35820.53	3032.028	4991.036	30765.26	73891.92	1893.95	-5.338078	2282.918	1.423802e+08	3.444984e+08	2568.327	2095.729	293.9502	170272	11185.56	-4.626335	4191.815	-5.338078	2282.918	-4.626335	4191.815
47.31	65072.19	33445.64	5841.701	60938.92	166057.1	1311.246	34519.53	1032.028	3991.036	25059.26	68777.92	1893.95	94.66192	1582.918	1.380683e+08	4.306601e+08	3868.327	2895.729	193.9502	133148	12385.56	-4.626335	2291.815	94.66192	1582.918	-4.626335	2291.815
47.6	68681.19	31542.64	2139.701	59033.92	168876.1	511.2456	35921.53	1732.028	2990.036	21756.26	70381.92	2293.95	-5.338078	1782.918	1.336151e+08	3.444984e+08	3768.327	2195.729	93.95018	109734	10684.56	195.3737	2991.815	-5.338078	1782.918	195.3737	2991.815
47.88	67879.19	34747.64	2139.701	61840.92	168775.1	-88.75439	30613.53	1632.028	2490.036	21455.26	66370.92	2093.95	94.66192	1882.918	1.393437e+08	4.046097e+08	2568.327	2495.729	93.95018	96278.95	14086.56	-4.626335	3991.815	94.66192	1882.918	-4.626335	3991.815
48.17	87239.19	25734.64	3440.701	55124.92	254497.1	-989.7544	29311.53	1932.028	3290.036	17652.26	72387.92	4793.95	-5.338078	1982.918	1.399743e+08	3.785605e+08	3368.327	2195.729	-6.049822	81124.95	11685.56	95.37366	5192.815	-5.338078	1982.918	95.37366	5192.815
48.45	91454.19	23231.64	2539.701	50614.92	345378.1	-689.7544	22604.53	3832.028	4191.036	15051.26	80812.92	4993.95	-5.338078	1082.918	1.325905e+08	3.865756e+08	3168.327	2995.729	293.9502	73601.95	11485.56	-4.626335	4491.815	-5.338078	1082.918	-4.626335	4491.815
48.74	99485.19	19226.64	1439.701	47408.92	439132.1	-789.7544	20802.53	2932.028	4891.036	16051.26	84725.92	6894.95	-5.338078	2082.918	1.338201e+08	3.384877e+08	3368.327	2995.729	393.9502	74103.95	10684.56	-4.626335	4891.815	-5.338078	2082.918	-4.626335	4891.815
49.02	125099.2	22630.64	2639.701	48610.92	555411.1	1011.246	20302.53	2732.028	4391.036	18053.26	93256.92	12896.95	-5.338078	1082.918	1.419107e+08	3.965944e+08	1968.327	3695.729	393.9502	71094.95	12685.56	-4.626335	6292.815	-5.338078	1082.918	-4.626335	6292.815
49.31	130728.2	15823.64	4340.701	46807.92	568603.1	-88.75439	18801.53	3632.028	3691.036	17352.26	88137.92	13397.95	-5.338078	1382.918	1.491297e+08	4.046097e+08	2768.327	3695.729	293.9502	87245.95	12485.56	-4.626335	7192.815	-5.338078	1382.918	-4.626335	7192.815
49.6	130125.2	18325.64	1539.701	52518.92	604531.1	-288.7544	18801.53	2532.028	3090.036	16752.26	93155.92	15498.95	-5.338078	982.9182	1.474762e+08	3.805643e+08	3168.327	3095.729	693.9502	95475.95	11985.56	-4.626335	7292.815	-5.338078	982.9182	-4.626335	7292.815
49.88	116357.2	13021.64	2239.701	51616.92	576992.1	411.2456	17800.53	3132.028	3991.036	22656.26	92252.92	12996.95	-5.338078	2482.918	1.212888e+08	3.404912e+08	2268.327	3595.729	593.9502	89453.95	12785.56	295.3737	6292.815	-5.338078	2482.918	295.3737	6292.815
50.17	117764.2	26735.64	2039.701	56527.92	595826.1	11.24561	20002.53	2232.028	4491.036	24959.26	81715.92	12196.95	-5.338078	1482.918	1.37145e+08	3.945906e+08	2668.327	3295.729	793.9502	98286.95	12185.56	-4.626335	3891.815	-5.338078	1482.918	-4.626335	3891.815
50.45	116960.2	55489.64	3040.701	61339.92	537833.1	711.2456	22904.53	2532.028	4191.036	28362.26	86833.92	13897.95	-5.338078	1982.918	1.193002e+08	3.384877e+08	2168.327	2695.729	593.9502	98286.95	11785.56	295.3737	5492.815	-5.338078	1982.918	295.3737	5492.815
50.74	107216.2	77654.64	2839.701	74675.92	485885.1	4112.246	27309.53	2832.028	4891.036	35772.26	86833.92	19300.95	-5.338078	2582.918	1.457571e+08	3.805643e+08	3268.327	3695.729	293.9502	111341	10384.56	95.37366	6892.815	-5.338078	2582.918	95.37366	6892.815
51.03	108020.2	60402.64	3340.701	82099.92	450125.1	1611.246	29311.53	3332.028	3691.036	41480.26	89442.92	17699.95	-5.338078	3782.918	1.449053e+08	3.765569e+08	3668.327	3495.729	993.9502	109533	10984.56	-4.626335	4991.815	-5.338078	3782.918	-4.626335	4991.815
51.31	102597.2	77754.64	1939.701	79089.92	400694.1	2411.246	29412.53	3032.028	5091.036	45187.26	77101.92	13497.95	-5.338078	2382.918	1.232774e+08	3.785605e+08	3568.327	3695.729	693.9502	104110	11985.56	395.3737	6992.815	-5.338078	2382.918	395.3737	6992.815
51.6	85031.19	64513.64	1539.701	85210.92	362011.1	3812.246	31815.53	3132.028	4391.036	43584.26	85327.92	11095.95	-5.338078	3382.918	1.393877e+08	3.885793e+08	4768.328	3795.729	893.9502	126111	11785.56	395.3737	7192.815	-5.338078	3382.918	395.3737	7192.815
51.88	100489.2	81869.64	2439.701	86915.92	322576.1	2911.246	30313.53	2832.028	3791.036	42482.26	92352.92	7994.95	-5.338078	2882.918	1.386546e+08	3.585237e+08	4668.328	2795.729	293.9502	118776	9784.562	195.3737	5692.815	-5.338078	2882.918	195.3737	5692.815
52.17	86938.19	49676.64	3340.701	68758.92	309715.1	4012.246	32916.53	2332.028	4091.036	36673.26	89642.92	7494.95	-5.338078	1882.918	1.401796e+08	3.62531e+08	5169.328	3695.729	693.9502	119378	8984.562	295.3737	6292.815	-5.338078	1882.918	295.3737	6292.815
52.46	105409.2	45868.64	4140.701	70463.92	287451.1	2711.246	26108.53	2132.028	2790.036	34270.26	89642.92	6894.95	-5.338078	2182.918	1.212806e+08	3.244629e+08	4068.327	2995.729	393.9502	104713	9084.562	95.37366	5292.815	-5.338078	2182.918	95.37366	5292.815
52.74	92558.19	52582.64	2039.701	57129.92	250153.1	3312.246	24606.53	2032.028	2590.036	30565.26	82819.92	5394.95	94.66192	1482.918	1.172416e+08	3.12442e+08	3968.327	2795.729	493.9502	110538	7183.562	395.3737	4791.815	94.66192	1482.918	395.3737	4791.815
53.03	94967.19	168623.6	3540.701	53520.92	240358.1	5312.246	23004.53	1532.028	3390.036	22656.26	78605.92	4793.95	-5.338078	1682.918	1.096863e+08	3.12442e+08	6069.328	1995.729	393.9502	116063	7283.562	495.3737	4191.815	-5.338078	1682.918	495.3737	4191.815
53.32	97778.19	124857.6	2339.701	40896.92	193151.1	247081.2	23305.53	2532.028	2490.036	21255.26	71484.92	14197.95	-5.338078	1882.918	1.041064e+08	3.184524e+08	6269.328	2095.729	393.9502	167554	4582.562	-4.626335	4091.815	-5.338078	1882.918	-4.626335	4091.815
53.6	103601.2	116715.6	2639.701	32984.92	170185.1	9515.246	21503.53	1832.028	2690.036	16251.26	70281.92	9995.95	-5.338078	1582.918	1.133819e+08	3.565201e+08	7569.328	2595.729	493.9502	217637	5283.562	395.3737	8893.815	-5.338078	1582.918	395.3737	8893.815
53.89	121481.2	133202.6	639.7012	36189.92	155892.1	7013.246	31014.53	1532.028	2890.036	18653.26	84123.92	8294.95	-5.338078	2482.918	1.227544e+08	3.304735e+08	7569.328	2195.729	93.95018	278233.9	8583.562	95.37366	5892.815	-5.338078	2482.918	95.37366	5892.815
54.17	119673.2	103554.6	3640.701	38592.92	148950.1	7714.246	39727.53	2132.028	4291.036	21355.26	83220.92	7794.95	-5.338078	3382.918	1.364124e+08	3.605274e+08	5369.328	2195.729	893.9502	453469.9	9784.562	295.3737	8592.815	-5.338078	3382.918	295.3737	8592.815
54.46	117864.2	99135.64	1139.701	36089.92	104224.1	4612.246	34418.53	2632.028	3491.036	18253.26	76499.92	13196.95	-5.338078	2682.918	1.352091e+08	3.244629e+08	5869.328	2395.729	493.9502	579738.9	6983.562	195.3737	6992.815	-5.338078	2682.918	195.3737	6992.815
54.75	97477.19	84679.64	3940.701	29179.92	102618.1	4312.246	29612.53	2832.028	3390.036	16151.26	85026.92	18400.95	-5.338078	2482.918	1.254409e+08	3.525128e+08	5669.328	2295.729	893.9502	848450.9	9684.562	195.3737	10393.82	-5.338078	2482.918	195.3737	10393.82
55.03	124496.2	61305.64	3440.701	31883.92	142110.1	3112.246	27309.53	3632.028	2790.036	15251.26	90646.92	28009.95	-5.338078	1982.918	1.330589e+08	3.184524e+08	5369.328	2795.729	1693.95	1056871	7983.562	-4.626335	12494.82	-5.338078	1982.918	-4.626335	12494.82
55.32	133643.2	49175.64	2439.701	27277.92	169581.1	3612.246	23505.53	2832.028	2890.036	14150.26	89843.92	31413.95	-5.338078	1482.918	1.283488e+08	3.485056e+08	3668.327	3195.729	1193.95	1095064	11485.56	95.37366	11294.82	-5.338078	1482.918	95.37366	11294.82
55.61	121682.2	43062.64	2839.701	27577.92	195066.1	6113.246	22904.53	2332.028	4691.036	10248.26	81715.92	29410.95	-5.338078	982.9182	1.135711e+08	3.044282e+08	3868.327	3095.729	2293.95	953745.9	7983.562	-4.626335	10093.82	-5.338078	982.9182	-4.626335	10093.82
55.89	114448.2	36049.64	939.7012	32584.92	195973.1	2411.246	21903.53	1532.028	3491.036	14550.26	78004.92	23704.95	-5.338078	1082.918	1.170667e+08	3.244629e+08	3468.327	2595.729	1193.95	758013.9	9884.562	-4.626335	8793.815	-5.338078	1082.918	-4.626335	8793.815
56.18	109627.2	63210.64	4340.701	36990.92	192446.1	2111.246	27409.53	2432.028	1590.036	14750.26	78906.92	17699.95	-5.338078	1882.918	1.221852e+08	3.004214e+08	2668.327	3095.729	1293.95	677655.9	8884.562	195.3737	7292.815	-5.338078	1882.918	195.3737	7292.815
56.46	96975.19	26835.64	4140.701	35788.92	186400.1	2711.246	23105.53	2432.028	3290.036	15951.26	81113.92	17699.95	-5.338078	1582.918	1.114172e+08	3.264664e+08	2868.327	2295.729	2093.95	587721.9	9284.562	-4.626335	7892.815	-5.338078	1582.918	-4.626335	7892.815
56.75	103300.2	24332.64	3040.701	34286.92	176327.1	39451.25	24406.53	2032.028	3090.036	15751.26	81715.92	20702.95	-5.338078	2082.918	1.257477e+08	3.525128e+08	3768.327	3295.729	1493.95	636084.9	8583.562	-4.626335	8893.815	-5.338078	2082.918	-4.626335	8893.815
57.04	93863.19	25633.64	1039.701	32383.92	163339.1	131787.2	28210.53	2332.028	3491.036	16051.26	79107.92	20101.95	-5.338078	1882.918	1.219663e+08	3.32477e+08	2368.327	2495.729	1493.95	596629.9	7983.562	95.37366	7692.815	-5.338078	1882.918	95.37366	7692.815
57.32	96272.19	28137.64	2239.701	26276.92	162031.1	164991.2	27009.53	2132.028	3591.036	14150.26	83220.92	23304.95	-5.338078	1382.918	1.220685e+08	2.843943e+08	3168.327	2495.729	1393.95	637314.9	6283.562	195.3737	9493.815	-5.338078	1382.918	195.3737	9493.815
57.61	97376.19	123047.6	3640.701	24774.92	153980.1	127062.2	23105.53	2232.028	3591.036	11549.26	81314.92	18200.95	-5.338078	1182.918	1.151146e+08	3.164489e+08	2068.327	2695.729	1493.95	543538.9	6183.562	395.3737	6892.815	-5.338078	1182.918	395.3737	6892.815
57.89	103501.2	50177.64	2139.701	25475.92	175119.1	109676.2	27509.53	2332.028	4391.036	15051.26	85127.92	21202.95	-5.338078	1582.918	1.330296e+08	2.843943e+08	2568.327	4395.729	893.9502	491987.9	8283.562	-4.626335	8793.815	-5.338078	1582.918	-4.626335	8793.815
58.18	101292.2	132297.6	3340.701	24074.92	197182.1	65712.24	49144.53	3432.028	3290.036	14150.26	87033.92	17199.95	-5.338078	2382.918	1.303666e+08	4.066135e+08	2768.327	1495.729	1493.95	424568.9	9084.562	295.3737	5492.815	-5.338078	2382.918	295.3737	5492.815
58.47	102698.2	369315.6	3540.701	21171.92	188617.1	60798.25	68090.52	2032.028	2690.036	9548.264	88539.92	14597.95	-5.338078	2482.918	1.366614e+08	3.725494e+08	2568.327	3695.729	1093.95	437081.9	8083.562	95.37366	6592.815	-5.338078	2482.918	95.37366	6592.815
58.75	110832.2	376320.6	1939.701	26376.92	193050.1	38850.25	62575.53	2832.028	3491.036	8948.264	93155.92	17399.95	-5.338078	1482.918	1.335858e+08	3.82568e+08	2868.327	2795.729	1493.95	505043.9	7083.562	-4.626335	7092.815	-5.338078	1482.918	-4.626335	7092.815
59.04	121883.2	355108.6	1539.701	27577.92	206053.1	30636.25	55758.53	1832.028	3991.036	7447.263	94259.92	19701.95	-5.338078	1782.918	1.335712e+08	3.384877e+08	2768.327	2595.729	1393.95	578101.9	11785.56	95.37366	10993.82	-5.338078	1782.918	95.37366	10993.82
59.32	132638.2	270033.6	2339.701	22772.92	246315.1	28433.25	45637.53	2332.028	3991.036	8848.264	107412.9	22603.95	94.66192	1782.918	1.353576e+08	3.885793e+08	3568.327	2895.729	993.9502	605232.9	11585.56	-4.626335	14095.82	94.66192	1782.918	-4.626335	14095.82
59.61	148326.2	269831.6	2239.701	20771.92	362011.1	21825.25	35820.53	2332.028	4691.036	7147.263	98978.92	24005.95	-5.338078	1182.918	1.292698e+08	3.645347e+08	2968.327	3095.729	893.9502	567563.9	12485.56	95.37366	11494.82	-5.338078	1182.918	95.37366	11494.82
59.9	135151.2	185749.6	2439.701	19269.92	473042.1	26831.25	30613.53	2232.028	5091.036	8147.263	98174.92	20101.95	-5.338078	882.9182	1.353723e+08	3.745531e+08	3268.327	3595.729	793.9502	451840.9	9984.562	-4.626335	14395.82	-5.338078	882.9182	-4.626335	14395.82
60.18	135654.2	182927.6	2439.701	23573.92	528333.1	13718.25	26808.53	3032.028	3791.036	9048.264	96367.92	16799.95	-5.338078	1282.918	1.334834e+08	3.064316e+08	3568.327	3395.729	693.9502	331780.9	11785.56	195.3737	10393.82	-5.338078	1282.918	195.3737	10393.82
60.47	122185.2	120735.6	3540.701	30981.92	515571.1	7614.246	22104.53	2932.028	3791.036	14450.26	87435.92	11996.95	-5.338078	1282.918	1.339665e+08	3.2847e+08	3368.327	3395.729	493.9502	285716.9	11385.56	-4.626335	10793.82	-5.338078	1282.918	-4.626335	10793.82
60.75	119472.2	92809.64	2940.701	37491.92	462752.1	9315.246	25006.53	3532.028	3891.036	20755.26	93356.92	9295.95	-5.338078	1782.918	1.330442e+08	3.845718e+08	3968.327	4595.729	393.9502	247816	12385.56	-4.626335	9093.815	-5.338078	1782.918	-4.626335	9093.815
61.04	111636.2	75045.64	2339.701	54723.92	429161.1	8814.246	33217.53	2632.028	3290.036	30565.26	92352.92	5894.95	-5.338078	2182.918	1.352844e+08	3.605274e+08	3968.327	2595.729	493.9502	214813	12085.56	-4.626335	7292.815	-5.338078	2182.918	-4.626335	7292.815
61.33	109125.2	73039.64	1539.701	60837.92	435061.1	8714.246	27209.53	1932.028	3991.036	34971.26	88840.92	6794.95	94.66192	1582.918	1.421308e+08	3.545164e+08	2668.327	3295.729	493.9502	190820	12985.56	-4.626335	7192.815	94.66192	1582.918	-4.626335	7192.815
61.61	98983.19	58297.64	3640.701	60436.92	425397.1	1911.246	26909.53	2532.028	3791.036	31165.26	84324.92	5294.95	-5.338078	1582.918	1.338347e+08	3.745531e+08	2068.327	3695.729	93.95018	168762	10884.56	95.37366	4891.815	-5.338078	1582.918	95.37366	4891.815
61.9	98983.19	46268.64	1939.701	57630.92	453688.1	6013.246	20502.53	2632.028	3591.036	32167.26	81314.92	6094.95	-5.338078	2282.918	1.223458e+08	3.304735e+08	2268.327	2695.729	193.9502	150244	11485.56	95.37366	5692.815	-5.338078	2282.918	95.37366	5692.815
62.18	117965.2	35047.64	2439.701	59735.92	632613.1	2011.246	20302.53	1732.028	3691.036	32167.26	85729.92	6094.95	-5.338078	1382.918	1.271064e+08	3.705457e+08	2368.327	2495.729	93.95018	129026	13386.56	-4.626335	5692.815	-5.338078	1382.918	-4.626335	5692.815
62.47	123089.2	33044.64	3740.701	53721.92	665039.1	4212.246	21103.53	2232.028	3691.036	25359.26	82618.92	5994.95	-5.338078	1082.918	1.272546e+08	3.665384e+08	1868.327	2695.729	93.95018	109634	12185.56	-4.626335	6392.815	-5.338078	1082.918	-4.626335	6392.815
62.76	141587.2	32443.64	3240.701	56427.92	755145.1	1811.246	18901.53	2332.028	3390.036	25859.26	84525.92	5194.95	94.66192	1482.918	1.319759e+08	4.146289e+08	2468.327	3595.729	393.9502	93467.95	12085.56	-4.626335	6892.815	94.66192	1482.918	-4.626335	6892.815
63.04	136660.2	49375.64	3540.701	59334.92	686097.1	-588.7544	23705.53	2932.028	3290.036	20354.26	91650.92	5194.95	-5.338078	882.9182	1.458453e+08	3.565201e+08	1768.327	3395.729	-6.049822	84235.95	10384.56	-4.626335	4591.815	-5.338078	882.9182	-4.626335	4591.815
63.33	126607.2	42461.64	939.7012	60938.92	579140.1	2611.246	21303.53	2432.028	3591.036	18353.26	88539.92	3993.95	-5.338078	1482.918	1.38728e+08	3.485056e+08	2868.327	3295.729	293.9502	77413.95	10984.56	-4.626335	4091.815	-5.338078	1482.918	-4.626335	4091.815
63.62	114750.2	65416.64	1239.701	71566.92	497204.1	-88.75439	31214.53	2532.028	2590.036	19654.26	79308.92	3993.95	-5.338078	1982.918	1.383615e+08	3.384877e+08	2868.327	3095.729	93.95018	83031.95	10584.56	-4.626335	2891.815	-5.338078	1982.918	-4.626335	2891.815
63.9	95369.19	39555.64	2439.701	60436.92	397748.1	2211.246	25307.53	3532.028	3290.036	24458.26	84725.92	3693.95	194.6619	2182.918	1.346693e+08	4.667323e+08	2468.327	3795.729	93.95018	93869.95	11585.56	-4.626335	4191.815	194.6619	2182.918	-4.626335	4191.815
64.19	86336.19	38854.64	3340.701	60136.92	332302.1	611.2456	26408.53	2132.028	3691.036	21455.26	82819.92	3893.95	-5.338078	1982.918	1.332638e+08	3.82568e+08	2768.327	3895.729	493.9502	84736.95	12085.56	-4.626335	3791.815	-5.338078	1982.918	-4.626335	3791.815
64.47	68581.19	72939.64	2539.701	51115.92	265713.1	-1389.754	25107.53	2232.028	2390.036	20454.26	70782.92	1893.95	-5.338078	2582.918	1.361926e+08	3.765569e+08	2468.327	1995.729	193.9502	86141.95	9884.562	-4.626335	2891.815	-5.338078	2582.918	-4.626335	2891.815
64.76	63367.19	50578.64	3240.701	58031.92	203835.1	1211.246	27910.53	2832.028	3290.036	25459.26	69077.92	2293.95	-5.338078	1782.918	1.348597e+08	3.084351e+08	2668.327	2795.729	93.95018	106621	11084.56	-4.626335	4091.815	-5.338078	1782.918	-4.626335	4091.815
65.04	57152.19	54788.64	2539.701	58231.92	166762.1	-1089.754	31114.53	2732.028	2890.036	28763.26	69779.92	2393.95	-5.338078	1882.918	1.461538e+08	3.12442e+08	2368.327	2295.729	-6.049822	153564	12385.56	-4.626335	3691.815	-5.338078	1882.918	-4.626335	3691.815
65.33	48835.19	40256.64	3840.701	65850.92	129341.1	-188.7544	33517.53	3932.028	2990.036	34470.26	67373.92	2493.95	-5.338078	1682.918	1.361193e+08	3.444984e+08	1768.327	3595.729	193.9502	199991	9084.562	95.37366	4291.815	-5.338078	1682.918	95.37366	4291.815
65.62	40720.19	50578.64	839.7012	67555.92	109145.1	711.2456	34519.53	2032.028	3090.036	35071.26	65468.92	2593.95	-5.338078	3482.918	1.349183e+08	3.805643e+08	2968.327	2095.729	-6.049822	265900.9	11385.56	-4.626335	4591.815	-5.338078	3482.918	-4.626335	4591.815
65.9	41622.19	41559.64	2039.701	62441.92	90671.12	2411.246	31614.53	2932.028	2290.036	30565.26	69178.92	4193.95	-5.338078	2682.918	1.322978e+08	3.645347e+08	2168.327	2995.729	193.9502	355807.9	12085.56	-4.626335	4291.815	-5.338078	2682.918	-4.626335	4291.815
66.19	83827.19	42661.64	2940.701	61339.92	68702.12	1011.246	35520.53	2132.028	3791.036	28162.26	63563.92	4293.95	-5.338078	2482.918	1.338786e+08	3.084351e+08	2668.327	2595.729	93.95018	312231.9	10984.56	-4.626335	2791.815	-5.338078	2482.918	-4.626335	2791.815
66.47	33810.19	38052.64	3340.701	48610.92	50959.12	1211.246	27509.53	2032.028	3591.036	26360.26	55243.92	3593.95	-5.338078	2382.918	1.277202e+08	3.104385e+08	2468.327	2695.729	93.95018	272672.9	10184.56	-4.626335	3291.815	-5.338078	2382.918	-4.626335	3291.815
66.76	34010.19	33244.64	1739.701	41197.92	44346.12	411.2456	26208.53	2532.028	3390.036	24258.26	54842.92	2093.95	-5.338078	3882.918	1.260398e+08	3.565201e+08	3068.327	1695.729	293.9502	235902	12185.56	-4.626335	3791.815	-5.338078	3882.918	-4.626335	3791.815
67.05	31907.19	42661.64	1439.701	41096.92	44046.12	311.2456	30112.53	1932.028	3691.036	24258.26	54742.92	1393.95	-5.338078	3082.918	1.393584e+08	3.68542e+08	3168.327	1595.729	93.95018	193943	11885.56	-4.626335	4191.815	-5.338078	3082.918	-4.626335	4191.815
67.33	26401.19	29038.64	2539.701	38693.92	29424.12	611.2456	31915.53	2532.028	1590.036	21756.26	53740.92	1593.95	-5.338078	3282.918	1.379657e+08	3.665384e+08	2468.327	895.7296	-6.049822	180040	11185.56	-4.626335	2791.815	-5.338078	3282.918	-4.626335	2791.815
67.62	27102.19	31341.64	2039.701	42799.92	31126.12	111.2456	32816.53	3632.028	3390.036	18953.26	52437.92	1193.95	-5.338078	3382.918	1.355773e+08	3.785605e+08	3068.327	1995.729	193.9502	166849	10684.56	-4.626335	3291.815	-5.338078	3382.918	-4.626335	3291.815
67.91	25300.19	25633.64	2639.701	48610.92	33930.12	-789.7544	34418.53	1932.028	3190.036	19153.26	55544.92	793.9502	-5.338078	2382.918	1.387133e+08	3.705457e+08	3368.327	1595.729	-6.049822	141292	12285.56	-4.626335	4691.815	-5.338078	2382.918	-4.626335	4691.815
68.19	26301.19	22229.64	3540.701	63444.92	39839.12	-388.7544	34619.53	2132.028	3090.036	21655.26	62961.92	1293.95	-5.338078	3182.918	1.333809e+08	3.525128e+08	3368.327	1895.729	93.95018	126312	13686.56	-4.626335	3291.815	-5.338078	3182.918	-4.626335	3291.815
68.48	29605.19	21228.64	2940.701	78287.92	38036.12	211.2456	36221.53	1832.028	3090.036	19854.26	77502.92	1293.95	-5.338078	2382.918	1.379364e+08	3.705457e+08	2968.327	2195.729	93.95018	115962	11585.56	-4.626335	4491.815	-5.338078	2382.918	-4.626335	4491.815
68.76	34210.19	22930.64	4740.701	83604.92	57573.12	-989.7544	26708.53	2632.028	3691.036	19554.26	83220.92	1293.95	-5.338078	4082.918	1.47141e+08	3.444984e+08	1768.327	2795.729	-6.049822	92464.95	11585.56	-4.626335	3891.815	-5.338078	4082.918	-4.626335	3891.815
69.05	38016.19	21328.64	2339.701	95547.92	68000.12	-1389.754	24206.53	3432.028	4191.036	17852.26	86130.92	1493.95	-5.338078	3782.918	1.40033e+08	4.066135e+08	2568.327	2495.729	-6.049822	85138.95	10984.56	-4.626335	4191.815	-5.338078	3782.918	-4.626335	4191.815
69.34	36614.19	14822.64	1739.701	103278.9	88765.12	-889.7544	23605.53	4332.028	3090.036	15251.26	77502.92	1793.95	-5.338078	2482.918	1.292432e+08	4.00602e+08	2568.327	2795.729	-6.049822	79921.95	9584.562	-4.626335	3491.815	-5.338078	2482.918	-4.626335	3491.815
69.62	37816.19	13321.64	3740.701	111514.9	123311.1	-689.7544	21203.53	2832.028	3491.036	13950.26	92754.92	1993.95	-5.338078	2382.918	1.550959e+08	3.785605e+08	3168.327	2695.729	93.95018	78817.95	10084.56	-4.626335	3091.815	-5.338078	2382.918	-4.626335	3091.815
69.91	38617.19	17024.64	639.7012	110409.9	151566.1	-789.7544	18200.53	2132.028	3090.036	16552.26	85428.92	1193.95	94.66192	1682.918	1.31215e+08	3.525128e+08	2968.327	2995.729	93.95018	75908.95	8884.562	-4.626335	3891.815	94.66192	1682.918	-4.626335	3891.815
70.2	40119.19	9618.641	2339.701	111715.9	179349.1	-88.75439	21002.53	2732.028	1990.036	13950.26	83722.92	1793.95	-5.338078	2682.918	1.23966e+08	3.525128e+08	2068.327	3295.729	-6.049822	77212.95	10884.56	-4.626335	3691.815	-5.338078	2682.918	-4.626335	3691.815
70.48	45328.19	12220.64	1439.701	125179.9	220980.1	-488.7544	19501.53	1732.028	3190.036	12649.26	94962.92	2393.95	-5.338078	2282.918	1.311273e+08	3.32477e+08	1968.327	4295.729	93.95018	81425.95	11185.56	95.37366	4291.815	-5.338078	2282.918	95.37366	4291.815
70.77	50939.19	13321.64	3240.701	118446.9	228548.1	11.24561	18200.53	2932.028	4591.036	12349.26	88438.92	2093.95	-5.338078	2482.918	1.292698e+08	3.645347e+08	2368.327	3495.729	193.9502	73902.95	12085.56	-4.626335	3891.815	-5.338078	2482.918	-4.626335	3891.815
71.05	58956.19	56592.64	2339.701	110007.9	239247.1	-2489.754	18500.53	1932.028	2990.036	14250.26	90245.92	2593.95	94.66192	2182.918	1.314638e+08	3.364841e+08	2468.327	3495.729	93.95018	123197	11585.56	-4.626335	3891.815	94.66192	2182.918	-4.626335	3891.815
71.34	66576.19	16724.64	2039.701	106090.9	222292.1	-288.7544	20102.53	2932.028	3290.036	15151.26	78605.92	3693.95	-5.338078	1682.918	1.260398e+08	3.424948e+08	1968.327	2995.729	93.95018	288346.9	10484.56	-4.626335	3991.815	-5.338078	1682.918	-4.626335	3991.815
71.63	63869.19	11619.64	1939.701	90328.92	196678.1	-288.7544	16999.53	2132.028	2190.036	14250.26	87836.92	4893.95	-5.338078	1582.918	1.339079e+08	3.485056e+08	2568.327	3495.729	-6.049822	587721.9	13386.56	-4.626335	3991.815	-5.338078	1582.918	-4.626335	3991.815
71.91	71289.19	12720.64	1939.701	77584.92	193756.1	-588.7544	21803.53	2132.028	3591.036	13750.26	89843.92	7394.95	-5.338078	882.9182	1.285096e+08	3.645347e+08	2268.327	3295.729	93.95018	760693.9	11285.56	-4.626335	4691.815	-5.338078	882.9182	-4.626335	4691.815
72.2	74197.19	20327.64	839.7012	74675.92	176831.1	111.2456	23305.53	2832.028	2590.036	12349.26	91650.92	6894.95	-5.338078	1882.918	1.333223e+08	3.785605e+08	1668.327	3295.729	393.9502	737308.9	11685.56	-4.626335	3891.815	-5.338078	1882.918	-4.626335	3891.815
72.48	80015.19	21929.64	3140.701	80193.92	206961.1	-1589.754	24906.53	2432.028	3090.036	16552.26	95564.92	7494.95	94.66192	1782.918	1.321807e+08	3.304735e+08	1768.327	3795.729	93.95018	628598.9	12885.56	-4.626335	4291.815	94.66192	1782.918	-4.626335	4291.815
72.77	71589.19	12820.64	2339.701	81296.92	220274.1	-388.7544	22104.53	1932.028	3290.036	15351.26	81615.92	4993.95	-5.338078	1482.918	1.196178e+08	3.224594e+08	2768.327	2395.729	193.9502	455607.9	11985.56	95.37366	3491.815	-5.338078	1482.918	95.37366	3491.815
73.06	70386.19	13021.64	2239.701	81096.92	219063.1	1011.246	25207.53	1632.028	2690.036	13750.26	82117.92	4993.95	-5.338078	1582.918	1.152894e+08	3.304735e+08	2368.327	3295.729	93.95018	371229.9	7383.562	-4.626335	3591.815	-5.338078	1582.918	-4.626335	3591.815
73.34	59257.19	23931.64	2039.701	67054.92	193756.1	-588.7544	20602.53	2032.028	4691.036	11349.26	64164.92	5094.95	-5.338078	1882.918	9.14678e+07	2.703711e+08	1168.327	2495.729	93.95018	265799.9	7483.562	-4.626335	2691.815	-5.338078	1882.918	-4.626335	2691.815
73.63	39017.19	8718.641	1739.701	46807.92	132860.1	11.24561	14197.53	832.0284	990.0356	9248.264	47026.92	2893.95	-5.338078	1082.918	6.655388e+07	1.862399e+08	868.3274	1795.729	-6.049822	192432	4582.562	-4.626335	1591.815	-5.338078	1082.918	-4.626335	1591.815
73.91	36213.19	38453.64	2039.701	34787.92	99806.12	-789.7544	10695.53	432.0284	2190.036	6747.263	34306.92	1593.95	-5.338078	482.9182	5.181471e+07	1.602021e+08	368.3274	1095.729	-6.049822	169265	3982.562	95.37366	1291.815	-5.338078	482.9182	95.37366	1291.815
74.2	28203.19	7517.641	839.7012	27878.92	79433.12	-689.7544	12996.53	632.0284	1390.036	4746.263	27597.92	2693.95	-5.338078	482.9182	3.884675e+07	1.063658e+08	668.3274	795.7296	193.9502	136667	1882.562	-4.626335	1391.815	-5.338078	482.9182	-4.626335	1391.815
74.49	17893.19	6116.641	-60.29883	22872.92	58876.12	-1289.754	5993.527	832.0284	990.0356	4546.263	19189.92	1193.95	94.66192	382.9182	3.21813e+07	8.697795e+07	668.3274	495.7295	-6.049822	88048.95	2282.562	-4.626335	791.8149	94.66192	382.9182	-4.626335	791.8149
74.77	16392.19	1914.641	-360.2988	16367.92	47753.12	-1189.754	3793.527	132.0284	890.0356	3446.263	16287.92	1093.95	-5.338078	82.91815	2.594027e+07	7.48431e+07	168.3274	795.7296	-6.049822	88851.95	1782.562	-4.626335	1091.815	-5.338078	82.91815	-4.626335	1091.815
75.06	13291.19	6016.641	239.7012	13665.92	34731.12	-789.7544	5093.527	332.0284	1290.036	2046.263	14686.92	693.9502	-5.338078	382.9182	1.976694e+07	5.506402e+07	568.3274	395.7295	-6.049822	60566.95	1782.562	-4.626335	691.8149	-5.338078	382.9182	-4.626335	691.8149
75.34	9789.188	1214.641	1239.701	10764.92	29424.12	-1089.754	2992.527	132.0284	790.0356	1646.263	10884.92	793.9502	-5.338078	182.9182	1.73573e+07	4.799785e+07	368.3274	495.7295	-6.049822	49542.95	1682.562	-4.626335	391.8149	-5.338078	182.9182	-4.626335	391.8149
75.63	7188.188	6116.641	439.7012	9463.922	22617.12	-1489.754	3593.527	132.0284	-309.9644	1946.263	9384.918	393.9502	-5.338078	282.9182	1.371761e+07	3.965715e+07	468.3274	495.7295	-6.049822	39624.95	382.5623	-4.626335	491.8149	-5.338078	282.9182	-4.626335	491.8149
75.92	6388.188	814.6406	-360.2988	6162.922	17913.12	-1689.754	2192.527	232.0284	190.0356	1346.263	6583.918	293.9502	-5.338078	182.9182	1.068975e+07	3.259289e+07	68.3274	295.7295	-6.049822	41527.95	982.5623	-4.626335	91.81495	-5.338078	182.9182	-4.626335	91.81495
76.2	4887.188	1014.641	-1161.299	6562.922	16713.12	11.24561	392.5267	132.0284	-409.9644	746.2634	6583.918	193.9502	-5.338078	82.91815	7763410	2.55569e+07	268.3274	-4.270463	93.95018	25906.95	782.5623	-4.626335	691.8149	-5.338078	82.91815	-4.626335	691.8149
76.49	4087.189	114.6406	1139.701	6162.922	11610.12	-1789.754	3293.527	32.02844	690.0356	1146.263	4082.918	93.95018	-5.338078	-17.08185	7297114	2.081227e+07	68.3274	295.7295	-6.049822	23404.95	782.5623	95.37366	391.8149	-5.338078	-17.08185	95.37366	391.8149
76.77	2387.189	1414.641	-761.2988	4162.922	12610.12	-1789.754	1092.527	-67.97156	-109.9644	846.2634	4382.918	193.9502	-5.338078	82.91815	6407088	1.748199e+07	-31.6726	95.72954	-6.049822	23204.95	382.5623	-4.626335	291.8149	-5.338078	82.91815	-4.626335	291.8149
77.06	2887.189	214.6406	39.70117	4662.922	8909.117	-488.7544	1092.527	-167.9716	-9.964355	946.2634	3782.918	93.95018	-5.338078	-17.08185	5729122	1.507874e+07	-31.6726	-4.270463	-6.049822	19401.95	482.5623	-4.626335	91.81495	-5.338078	-17.08185	-4.626335	91.81495
77.35	2487.189	14.64062	-560.2988	2761.922	8508.117	-1389.754	1192.527	-167.9716	690.0356	446.2633	2882.918	93.95018	-5.338078	182.9182	4938326	1.044747e+07	68.3274	95.72954	-6.049822	12996.95	182.5623	-4.626335	-8.185054	-5.338078	182.9182	-4.626335	-8.185054
77.63	1987.189	614.6406	-1761.299	1461.922	5108.118	-1689.754	992.5267	32.02844	290.0356	746.2634	3282.918	93.95018	-5.338078	82.91815	3667776	1.122839e+07	68.3274	95.72954	-6.049822	15798.95	82.56228	-4.626335	191.8149	-5.338078	82.91815	-4.626335	191.8149
77.92	1087.189	-785.3594	-761.2988	2261.922	7208.118	-989.7544	392.5267	-167.9716	-109.9644	246.2633	882.9182	193.9502	-5.338078	-17.08185	3060898	7623374	-31.6726	95.72954	-6.049822	4793.95	282.5623	-4.626335	-8.185054	-5.338078	-17.08185	-4.626335	-8.185054
78.2	1587.189	-385.3594	-1261.299	461.9218	6208.118	-2489.754	-107.4733	-267.9716	290.0356	146.2633	1382.918	193.9502	-5.338078	-17.08185	2355356	7751048	-31.6726	95.72954	-6.049822	6394.95	82.56228	-4.626335	-8.185054	-5.338078	-17.08185	-4.626335	-8.185054
78.49	787.1886	14.64062	-761.2988	1061.922	2407.117	-1289.754	92.52673	-67.97156	-209.9644	146.2633	1482.918	-6.049822	-5.338078	82.91815	1946206	7325485	68.3274	195.7295	-6.049822	9595.95	82.56228	-4.626335	91.81495	-5.338078	82.91815	-4.626335	91.81495
78.78	587.1886	114.6406	-1461.299	1761.922	2407.117	-1189.754	992.5267	132.0284	690.0356	46.26334	1182.918	-6.049822	-5.338078	-17.08185	1579423	4489706	-31.6726	-4.270463	-6.049822	5294.95	82.56228	-4.626335	-8.185054	-5.338078	-17.08185	-4.626335	-8.185054
79.07	1287.189	-1586.359	-2061.299	1961.922	2407.117	-1189.754	-407.4733	132.0284	390.0356	246.2633	482.9182	93.95018	-5.338078	82.91815	1833346	5042505	68.3274	-4.270463	-6.049822	4593.95	-17.43772	-4.626335	191.8149	-5.338078	82.91815	-4.626335	191.8149
79.35	887.1886	-85.35938	-761.2988	1261.922	3107.117	-1489.754	292.5267	432.0284	290.0356	46.26334	682.9182	-6.049822	-5.338078	-17.08185	1297308	4135393	-31.6726	-4.270463	-6.049822	3693.95	282.5623	-4.626335	-8.185054	-5.338078	-17.08185	-4.626335	-8.185054
79.64	287.1886	1814.641	539.7012	761.9218	1607.117	-1389.754	492.5267	-267.9716	-9.964355	146.2633	282.9182	-6.049822	-5.338078	-17.08185	1424257	2973496	168.3274	-4.270463	-6.049822	1493.95	182.5623	-4.626335	91.81495	-5.338078	-17.08185	-4.626335	91.81495
79.93	587.1886	-785.3594	-1761.299	1061.922	1407.117	-1889.754	-7.473267	132.0284	-409.9644	146.2633	282.9182	-6.049822	-5.338078	-17.08185	1085736	2052751	-31.6726	-4.270463	-6.049822	2993.95	-17.43772	-4.626335	91.81495	-5.338078	-17.08185	-4.626335	91.81495
80.22	787.1886	-285.3594	-460.2988	161.9218	1007.117	-588.7544	-307.4733	32.02844	-309.9644	-53.73666	582.9182	-6.049822	-5.338078	-17.08185	584527.4	2024424	68.3274	-4.270463	-6.049822	2793.95	-17.43772	-4.626335	-8.185054	-5.338078	-17.08185	-4.626335	-8.185054
80.51	387.1886	914.6406	439.7012	661.9218	707.1174	-88.75439	92.52673	-67.97156	-209.9644	-53.73666	182.9182	-6.049822	-5.338078	-17.08185	690837.4	1939445	68.3274	95.72954	-6.049822	1193.95	282.5623	-4.626335	-8.185054	-5.338078	-17.08185	-4.626335	-8.185054
80.81	387.1886	-485.3594	-560.2988	361.9218	407.1174	-1489.754	292.5267	-67.97156	-409.9644	46.26334	282.9182	-6.049822	-5.338078	-17.08185	690837.4	948172.8	-31.6726	-4.270463	-6.049822	893.9502	-17.43772	-4.626335	-8.185054	-5.338078	-17.08185	-4.626335	-8.185054
81.1	87.18861	2114.641	539.7012	261.9218	707.1174	-1989.754	-107.4733	332.0284	290.0356	46.26334	182.9182	-6.049822	-5.338078	-17.08185	299251.4	1160565	-31.6726	-4.270463	-6.049822	193.9502	-17.43772	-4.626335	-8.185054	-5.338078	-17.08185	-4.626335	-8.185054
81.38	87.18861	214.6406	-2061.299	-338.0782	407.1174	-188.7544	692.5267	332.0284	390.0356	46.26334	82.91815	-6.049822	-5.338078	-17.08185	185959.4	1273846	-31.6726	-4.270463	-6.049822	1593.95	82.56228	-4.626335	-8.185054	-5.338078	-17.08185	-4.626335	-8.185054
81.67	487.1886	2315.641	-260.2988	361.9218	707.1174	-1689.754	-507.4733	-267.9716	190.0356	-53.73666	-17.08185	-6.049822	-5.338078	-17.08185	474227.4	1288006	-31.6726	-4.270463	-6.049822	1093.95	-17.43772	-4.626335	91.81495	-5.338078	-17.08185	-4.626335	91.81495
81.96	-12.81139	714.6406	939.7012	561.9218	107.1174	-1589.754	-107.4733	-267.9716	-309.9644	-53.73666	282.9182	-6.049822	-5.338078	82.91815	446727.4	1245526	-31.6726	-4.270463	-6.049822	2493.95	-17.43772	-4.626335	-8.185054	-5.338078	82.91815	-4.626335	-8.185054
82.24	87.18861	1014.641	-260.2988	-38.07825	607.1174	-1989.754	292.5267	32.02844	290.0356	-53.73666	282.9182	-6.049822	94.66192	82.91815	380590.4	333660.8	-31.6726	-4.270463	-6.049822	793.9502	82.56228	-4.626335	-8.185054	94.66192	82.91815	-4.626335	-8.185054
82.53	87.18861	1414.641	-1261.299	561.9218	207.1174	-588.7544	-507.4733	132.0284	390.0356	-53.73666	82.91815	-6.049822	-5.338078	-17.08185	95150.4	891536.8	-31.6726	-4.270463	-6.049822	493.9502	82.56228	-4.626335	-8.185054	-5.338078	-17.08185	-4.626335	-8.185054
82.82	87.18861	14.64062	-1561.299	1261.922	407.1174	-889.7544	-407.4733	132.0284	-509.9644	-53.73666	-17.08185	93.95018	-5.338078	-17.08185	225476.4	608371.8	-31.6726	-4.270463	-6.049822	-6.049822	-17.43772	-4.626335	-8.185054	-5.338078	-17.08185	-4.626335	-8.185054
83.11	-12.81139	-85.35938	-861.2988	161.9218	207.1174	-1389.754	-107.4733	-167.9716	-809.9644	46.26334	-17.08185	-6.049822	-5.338078	-17.08185	155351.4	282759.8	-31.6726	-4.270463	-6.049822	393.9502	-17.43772	-4.626335	-8.185054	-5.338078	-17.08185	-4.626335	-8.185054
83.39	387.1886	-285.3594	-861.2988	-338.0782	407.1174	-2189.754	-307.4733	-267.9716	90.03564	46.26334	382.9182	-6.049822	-5.338078	-17.08185	200672.4	137522.8	-31.6726	-4.270463	-6.049822	293.9502	82.56228	-4.626335	-8.185054	-5.338078	-17.08185	-4.626335	-8.185054
83.69	187.1886	14.64062	-1161.299	161.9218	207.1174	11.24561	592.5267	-67.97156	-109.9644	-53.73666	82.91815	-6.049822	-5.338078	-17.08185	194625.4	226134.8	68.3274	-4.270463	-6.049822	-6.049822	-17.43772	-4.626335	-8.185054	-5.338078	-17.08185	-4.626335	-8.185054
83.98	87.18861	814.6406	-861.2988	61.92175	-92.88256	-889.7544	-607.4733	-67.97156	190.0356	146.2633	82.91815	-6.049822	-5.338078	-17.08185	171758.4	622529.8	-31.6726	-4.270463	-6.049822	693.9502	82.56228	-4.626335	-8.185054	-5.338078	-17.08185	-4.626335	-8.185054
84.26	87.18861	-185.3594	-3061.299	61.92175	-92.88256	-889.7544	-207.4733	232.0284	290.0356	146.2633	82.91815	-6.049822	-5.338078	82.91815	111618.4	381436.8	-31.6726	-4.270463	-6.049822	393.9502	-17.43772	-4.626335	-8.185054	-5.338078	82.91815	-4.626335	-8.185054
84.55	87.18861	1114.641	-1361.299	-238.0782	707.1174	-1089.754	1192.527	-367.9716	290.0356	-53.73666	-17.08185	193.9502	-5.338078	-17.08185	135536.4	211978.8	-31.6726	-4.270463	-6.049822	1193.95	-17.43772	-4.626335	-8.185054	-5.338078	-17.08185	-4.626335	-8.185054
84.84	-12.81139	-785.3594	-1661.299	-238.0782	-92.88256	-1089.754	692.5267	-67.97156	-209.9644	146.2633	-17.08185	93.95018	-5.338078	-17.08185	1669.395	145970.8	68.3274	-4.270463	-6.049822	293.9502	-17.43772	-4.626335	-8.185054	-5.338078	-17.08185	-4.626335	-8.185054
85.12	-12.81139	-85.35938	-160.2988	461.9218	7.117439	511.2456	192.5267	-267.9716	-109.9644	46.26334	82.91815	-6.049822	-5.338078	-17.08185	49418.39	155829.8	-31.6726	-4.270463	-6.049822	193.9502	-17.43772	-4.626335	-8.185054	-5.338078	-17.08185	-4.626335	-8.185054
85.42	-12.81139	514.6406	-961.2988	-138.0782	507.1174	-1589.754	-507.4733	-67.97156	390.0356	-53.73666	-17.08185	-6.049822	-5.338078	-17.08185	13969.39	339385.8	-31.6726	-4.270463	-6.049822	-6.049822	-17.43772	-4.626335	-8.185054	-5.338078	-17.08185	-4.626335	-8.185054
85.71	187.1886	-585.3594	239.7012	161.9218	7.117439	-1189.754	-207.4733	-267.9716	390.0356	46.26334	-17.08185	-6.049822	-5.338078	-17.08185	98463.4	13798.77	-31.6726	-4.270463	-6.049822	-6.049822	-17.43772	-4.626335	-8.185054	-5.338078	-17.08185	-4.626335	-8.185054
85.99	-12.81139	614.6406	39.70117	-538.0782	507.1174	-388.7544	-407.4733	232.0284	-309.9644	46.26334	182.9182	-6.049822	-5.338078	-17.08185	50019.39	42109.77	-31.6726	-4.270463	-6.049822	93.95018	-17.43772	-4.626335	-8.185054	-5.338078	-17.08185	-4.626335	-8.185054
86.28	-12.81139	714.6406	339.7012	661.9218	-92.88256	111.2456	-707.4733	232.0284	290.0356	-53.73666	82.91815	-6.049822	-5.338078	-17.08185	38899.39	8144.772	68.3274	-4.270463	-6.049822	-6.049822	-17.43772	-4.626335	91.81495	-5.338078	-17.08185	-4.626335	91.81495
86.57	287.1886	-185.3594	-861.2988	561.9218	107.1174	-2189.754	-107.4733	32.02844	-9.964355	-53.73666	-17.08185	-6.049822	-5.338078	-17.08185	44008.39	112887.8	68.3274	-4.270463	-6.049822	-6.049822	-17.43772	-4.626335	-8.185054	-5.338078	-17.08185	-4.626335	-8.185054
86.85	-12.81139	314.6406	239.7012	261.9218	107.1174	-1189.754	192.5267	-267.9716	790.0356	146.2633	-17.08185	-6.049822	-5.338078	-17.08185	31389.39	163881.8	68.3274	-4.270463	-6.049822	93.95018	-17.43772	-4.626335	-8.185054	-5.338078	-17.08185	-4.626335	-8.185054
87.14	-12.81139	-585.3594	-1061.299	-238.0782	7.117439	-2089.754	192.5267	32.02844	-509.9644	46.26334	-17.08185	93.95018	-5.338078	-17.08185	57034.39	93619.77	-31.6726	-4.270463	-6.049822	193.9502	-17.43772	-4.626335	-8.185054	-5.338078	-17.08185	-4.626335	-8.185054
87.42	-12.81139	514.6406	139.7012	1261.922	-92.88256	-1689.754	-307.4733	-67.97156	790.0356	-53.73666	282.9182	-6.049822	-5.338078	-17.08185	42305.39	43.77225	-31.6726	-4.270463	-6.049822	-6.049822	-17.43772	-4.626335	-8.185054	-5.338078	-17.08185	-4.626335	-8.185054
87.72	-12.81139	-385.3594	-961.2988	161.9218	7.117439	-889.7544	-207.4733	532.0284	190.0356	-53.73666	182.9182	-6.049822	-5.338078	-17.08185	20277.39	27954.77	-31.6726	-4.270463	-6.049822	93.95018	-17.43772	-4.626335	-8.185054	-5.338078	-17.08185	-4.626335	-8.185054
88	87.18861	814.6406	-861.2988	561.9218	107.1174	-1189.754	-107.4733	232.0284	390.0356	246.2633	-17.08185	-6.049822	-5.338078	82.91815	169.395	-156.2278	-31.6726	-4.270463	-6.049822	-6.049822	-17.43772	95.37366	-8.185054	-5.338078	82.91815	95.37366	-8.185054
88.29	-12.81139	-485.3594	-1261.299	-338.0782	107.1174	-1089.754	-707.4733	-67.97156	-109.9644	-53.73666	-17.08185	-6.049822	-5.338078	-17.08185	7770.395	8745.772	68.3274	-4.270463	-6.049822	-6.049822	182.5623	-4.626335	-8.185054	-5.338078	-17.08185	-4.626335	-8.185054
88.57	-12.81139	1314.641	-360.2988	-338.0782	207.1174	-1089.754	-807.4733	-567.9716	-809.9644	46.26334	-17.08185	-6.049822	-5.338078	-17.08185	87723.4	23655.77	-31.6726	-4.270463	-6.049822	-6.049822	-17.43772	-4.626335	-8.185054	-5.338078	-17.08185	-4.626335	-8.185054
88.86	-12.81139	-385.3594	-961.2988	261.9218	107.1174	11.24561	-1007.473	732.0284	-9.964355	-53.73666	-17.08185	-6.049822	-5.338078	-17.08185	5870.395	49392.77	-31.6726	-4.270463	-6.049822	93.95018	-17.43772	-4.626335	-8.185054	-5.338078	-17.08185	-4.626335	-8.185054
89.14	-12.81139	-485.3594	-560.2988	-238.0782	7.117439	11.24561	-207.4733	-367.9716	190.0356	46.26334	-17.08185	-6.049822	-5.338078	-17.08185	64653.39	37071.77	-31.6726	-4.270463	-6.049822	93.95018	-17.43772	-4.626335	-8.185054	-5.338078	-17.08185	-4.626335	-8.185054
89.43	-12.81139	-585.3594	-60.29883	161.9218	-92.88256	-1489.754	292.5267	-67.97156	590.0356	46.26334	82.91815	-6.049822	-5.338078	-17.08185	107801.4	9545.772	-31.6726	-4.270463	-6.049822	-6.049822	82.56228	-4.626335	-8.185054	-5.338078	-17.08185	-4.626335	-8.185054
89.71	-12.81139	414.6406	-60.29883	-138.0782	-92.88256	-288.7544	-407.4733	-67.97156	290.0356	146.2633	-17.08185	-6.049822	-5.338078	-17.08185	9971.395	21252.77	-31.6726	-4.270463	-6.049822	-6.049822	-17.43772	-4.626335	-8.185054	-5.338078	-17.08185	-4.626335	-8.185054
90	-12.81139	414.6406	-1061.299	-38.07825	-92.88256	-88.75439	-307.4733	32.02844	-109.9644	-53.73666	-17.08185	-6.049822	-5.338078	-17.08185	12572.39	-156.2278	-31.6726	-4.270463	-6.049822	-6.049822	-17.43772	-4.626335	91.81495	-5.338078	-17.08185	-4.626335	91.81495
