ElapsedTime_s	Ti49_CPS	Al27_CPS	S33_CPS	Sc45_CPS	V51_CPS	Mn55_CPS	Fe57_CPS	Co59_CPS	Ni60_CPS	Ga71_CPS	Zr90_CPS	Nb93_CPS	Mo97_CPS	In113_CPS	Sn119_CPS	Sn118_CPS	Sb121_CPS	Hf177_CPS	Ta181_CPS	W183_CPS	Pb206_CPS	Th232_CPS	U238_CPS	Tc97_CPS	Cd113_CPS	U232_CPS	Pu238_CPS
0	-12.81139	-485.3594	-1261.299	461.9218	7.117439	-588.7544	292.5267	-267.9716	-409.9644	46.26334	82.91815	-6.049822	-5.338078	-17.08185	69.39502	-156.2278	168.3274	95.72954	-6.049822	-6.049822	-17.43772	95.37366	-8.185054	-5.338078	-17.08185	95.37366	-8.185054
																											
3021.18	87.18861	14.64062	239.7012	461.9218	207.1174	411.2456	-7.473267	532.0284	490.0356	-53.73666	-17.08185	-6.049822	-5.338078	-17.08185	369.395	43.77225	68.3274	-4.270463	-6.049822	-6.049822	-17.43772	-4.626335	-8.185054	-5.338078	-17.08185	-4.626335	-8.185054
3021.47	-12.81139	1114.641	2039.701	-238.0782	-92.88256	1411.246	-107.4733	232.0284	390.0356	46.26334	-17.08185	-6.049822	-5.338078	-17.08185	69.39502	43.77225	-31.6726	-4.270463	-6.049822	-6.049822	-17.43772	-4.626335	91.81495	-5.338078	-17.08185	-4.626335	91.81495
3021.75	-12.81139	314.6406	1239.701	-338.0782	-92.88256	2511.246	192.5267	432.0284	-409.9644	-53.73666	-17.08185	-6.049822	-5.338078	-17.08185	169.395	43.77225	-31.6726	-4.270463	-6.049822	-6.049822	-17.43772	-4.626335	-8.185054	-5.338078	-17.08185	-4.626335	-8.185054
3022.04	-12.81139	914.6406	1839.701	-138.0782	-92.88256	-488.7544	292.5267	-267.9716	-109.9644	46.26334	-17.08185	-6.049822	-5.338078	-17.08185	69.39502	-256.2278	-31.6726	-4.270463	-6.049822	-6.049822	-17.43772	-4.626335	-8.185054	-5.338078	-17.08185	-4.626335	-8.185054
3022.32	-12.81139	-1185.359	839.7012	261.9218	107.1174	1011.246	492.5267	32.02844	-309.9644	-53.73666	-17.08185	93.95018	-5.338078	-17.08185	69.39502	-56.22775	-31.6726	-4.270463	-6.049822	-6.049822	-17.43772	-4.626335	-8.185054	-5.338078	-17.08185	-4.626335	-8.185054
3022.61	-12.81139	-85.35938	1639.701	361.9218	107.1174	-188.7544	-207.4733	532.0284	590.0356	-53.73666	82.91815	-6.049822	-5.338078	-17.08185	69.39502	343.7722	-31.6726	-4.270463	93.95018	-6.049822	82.56228	-4.626335	-8.185054	-5.338078	-17.08185	-4.626335	-8.185054
3022.9	-12.81139	-885.3594	-160.2988	461.9218	107.1174	-1189.754	-7.473267	32.02844	-509.9644	-53.73666	-17.08185	-6.049822	-5.338078	-17.08185	69.39502	-356.2278	68.3274	-4.270463	-6.049822	-6.049822	-17.43772	-4.626335	-8.185054	-5.338078	-17.08185	-4.626335	-8.185054
3023.18	-12.81139	-185.3594	2139.701	761.9218	-92.88256	-1289.754	392.5267	-167.9716	90.03564	46.26334	-17.08185	-6.049822	-5.338078	-17.08185	-30.60498	-256.2278	-31.6726	-4.270463	-6.049822	-6.049822	-17.43772	-4.626335	-8.185054	-5.338078	-17.08185	-4.626335	-8.185054
3023.47	-12.81139	714.6406	639.7012	61.92175	7.117439	1111.246	-607.4733	132.0284	-9.964355	46.26334	-17.08185	-6.049822	94.66192	-17.08185	169.395	-156.2278	68.3274	-4.270463	-6.049822	-6.049822	-17.43772	-4.626335	-8.185054	94.66192	-17.08185	-4.626335	-8.185054
3023.75	-12.81139	414.6406	1539.701	-38.07825	-92.88256	-388.7544	-7.473267	232.0284	-409.9644	46.26334	-17.08185	-6.049822	-5.338078	-17.08185	-30.60498	143.7722	-31.6726	-4.270463	-6.049822	-6.049822	-17.43772	-4.626335	-8.185054	-5.338078	-17.08185	-4.626335	-8.185054
3024.03	-12.81139	814.6406	939.7012	361.9218	-92.88256	-88.75439	-407.4733	-67.97156	-909.9644	46.26334	-17.08185	-6.049822	-5.338078	-17.08185	69.39502	143.7722	68.3274	-4.270463	-6.049822	-6.049822	-17.43772	-4.626335	-8.185054	-5.338078	-17.08185	-4.626335	-8.185054
3024.32	-12.81139	214.6406	439.7012	-338.0782	-92.88256	-188.7544	-307.4733	32.02844	290.0356	-53.73666	-17.08185	-6.049822	-5.338078	-17.08185	69.39502	343.7722	-31.6726	-4.270463	93.95018	-6.049822	-17.43772	-4.626335	-8.185054	-5.338078	-17.08185	-4.626335	-8.185054
3024.6	-12.81139	814.6406	-160.2988	261.9218	107.1174	-989.7544	192.5267	332.0284	-309.9644	46.26334	-17.08185	-6.049822	-5.338078	-17.08185	169.395	43.77225	-31.6726	-4.270463	-6.049822	-6.049822	-17.43772	95.37366	-8.185054	-5.338078	-17.08185	95.37366	-8.185054
3024.89	-12.81139	-885.3594	1339.701	361.9218	107.1174	711.2456	492.5267	332.0284	390.0356	246.2633	-17.08185	-6.049822	-5.338078	-17.08185	-30.60498	-256.2278	-31.6726	-4.270463	-6.049822	-6.049822	-17.43772	-4.626335	-8.185054	-5.338078	-17.08185	-4.626335	-8.185054
3025.17	-12.81139	-285.3594	2239.701	361.9218	7.117439	1211.246	192.5267	232.0284	390.0356	-53.73666	-17.08185	-6.049822	-5.338078	-17.08185	-30.60498	143.7722	-31.6726	-4.270463	-6.049822	-6.049822	-17.43772	-4.626335	-8.185054	-5.338078	-17.08185	-4.626335	-8.185054
3025.46	-12.81139	-285.3594	139.7012	-438.0782	-92.88256	-288.7544	492.5267	132.0284	590.0356	346.2633	-17.08185	-6.049822	-5.338078	-17.08185	-130.605	43.77225	-31.6726	-4.270463	-6.049822	93.95018	-17.43772	-4.626335	-8.185054	-5.338078	-17.08185	-4.626335	-8.185054
3025.74	-12.81139	-385.3594	1639.701	961.9218	107.1174	-1089.754	492.5267	-67.97156	-9.964355	-53.73666	-17.08185	-6.049822	-5.338078	-17.08185	69.39502	-56.22775	-31.6726	-4.270463	-6.049822	-6.049822	-17.43772	-4.626335	-8.185054	-5.338078	-17.08185	-4.626335	-8.185054
3026.03	-12.81139	1314.641	1439.701	461.9218	7.117439	-188.7544	592.5267	-467.9716	290.0356	46.26334	-17.08185	-6.049822	-5.338078	-17.08185	-30.60498	-356.2278	68.3274	-4.270463	-6.049822	-6.049822	-17.43772	-4.626335	-8.185054	-5.338078	-17.08185	-4.626335	-8.185054
3026.31	87.18861	-585.3594	139.7012	-338.0782	-92.88256	-1589.754	-107.4733	132.0284	190.0356	-53.73666	-17.08185	-6.049822	-5.338078	-17.08185	69.39502	-56.22775	-31.6726	-4.270463	-6.049822	-6.049822	-17.43772	-4.626335	-8.185054	-5.338078	-17.08185	-4.626335	-8.185054
3026.6	-12.81139	114.6406	839.7012	461.9218	107.1174	111.2456	392.5267	632.0284	390.0356	46.26334	82.91815	-6.049822	-5.338078	-17.08185	169.395	43.77225	-31.6726	-4.270463	-6.049822	93.95018	-17.43772	-4.626335	-8.185054	-5.338078	-17.08185	-4.626335	-8.185054
3026.88	-12.81139	1014.641	2839.701	-438.0782	-92.88256	-689.7544	-107.4733	532.0284	390.0356	146.2633	-17.08185	-6.049822	-5.338078	-17.08185	-30.60498	243.7722	-31.6726	-4.270463	-6.049822	-6.049822	-17.43772	-4.626335	-8.185054	-5.338078	-17.08185	-4.626335	-8.185054
3027.17	-12.81139	114.6406	2039.701	-538.0782	7.117439	-188.7544	192.5267	-67.97156	-409.9644	46.26334	-17.08185	-6.049822	-5.338078	-17.08185	-30.60498	443.7722	-31.6726	-4.270463	-6.049822	-6.049822	82.56228	-4.626335	-8.185054	-5.338078	-17.08185	-4.626335	-8.185054
3027.45	-12.81139	214.6406	1139.701	-138.0782	207.1174	511.2456	-307.4733	32.02844	790.0356	146.2633	-17.08185	-6.049822	-5.338078	-17.08185	-130.605	243.7722	-31.6726	-4.270463	-6.049822	-6.049822	-17.43772	-4.626335	-8.185054	-5.338078	-17.08185	-4.626335	-8.185054
3027.74	-12.81139	-585.3594	2039.701	361.9218	107.1174	-789.7544	-707.4733	-267.9716	-209.9644	-53.73666	82.91815	-6.049822	-5.338078	-17.08185	-130.605	-56.22775	-31.6726	-4.270463	-6.049822	-6.049822	-17.43772	-4.626335	-8.185054	-5.338078	-17.08185	-4.626335	-8.185054
3028.02	-12.81139	-185.3594	1139.701	661.9218	-92.88256	-1189.754	-107.4733	432.0284	490.0356	46.26334	82.91815	-6.049822	-5.338078	-17.08185	-30.60498	-156.2278	-31.6726	-4.270463	-6.049822	-6.049822	-17.43772	-4.626335	-8.185054	-5.338078	-17.08185	-4.626335	-8.185054
3028.31	-12.81139	314.6406	-160.2988	-638.0782	107.1174	-188.7544	-207.4733	132.0284	190.0356	-53.73666	-17.08185	-6.049822	94.66192	-17.08185	69.39502	-56.22775	-31.6726	-4.270463	-6.049822	93.95018	-17.43772	-4.626335	-8.185054	94.66192	-17.08185	-4.626335	-8.185054
3028.59	-12.81139	-585.3594	39.70117	-338.0782	7.117439	-889.7544	-407.4733	132.0284	-909.9644	46.26334	-17.08185	-6.049822	-5.338078	82.91815	-130.605	143.7722	-31.6726	95.72954	-6.049822	-6.049822	-17.43772	-4.626335	-8.185054	-5.338078	82.91815	-4.626335	-8.185054
3028.88	-12.81139	514.6406	1839.701	161.9218	7.117439	-588.7544	592.5267	-367.9716	90.03564	146.2633	-17.08185	-6.049822	-5.338078	-17.08185	-30.60498	143.7722	-31.6726	-4.270463	-6.049822	-6.049822	-17.43772	-4.626335	-8.185054	-5.338078	-17.08185	-4.626335	-8.185054
3029.16	-12.81139	-185.3594	1139.701	-338.0782	7.117439	-689.7544	1092.527	232.0284	-1009.964	-53.73666	-17.08185	-6.049822	-5.338078	82.91815	-130.605	343.7722	-31.6726	-4.270463	-6.049822	-6.049822	-17.43772	-4.626335	-8.185054	-5.338078	82.91815	-4.626335	-8.185054
3029.45	-12.81139	414.6406	339.7012	-538.0782	7.117439	-488.7544	-307.4733	-67.97156	-109.9644	146.2633	-17.08185	-6.049822	-5.338078	-17.08185	169.395	143.7722	-31.6726	-4.270463	-6.049822	-6.049822	-17.43772	-4.626335	-8.185054	-5.338078	-17.08185	-4.626335	-8.185054
3029.74	-12.81139	314.6406	-1161.299	161.9218	-92.88256	811.2456	92.52673	32.02844	-9.964355	46.26334	-17.08185	-6.049822	94.66192	82.91815	-130.605	-156.2278	-31.6726	-4.270463	-6.049822	-6.049822	-17.43772	-4.626335	-8.185054	94.66192	82.91815	-4.626335	-8.185054
3030.02	-12.81139	-685.3594	1539.701	-38.07825	107.1174	-1389.754	92.52673	-367.9716	-409.9644	-53.73666	82.91815	-6.049822	94.66192	-17.08185	69.39502	43.77225	-31.6726	-4.270463	93.95018	-6.049822	-17.43772	-4.626335	-8.185054	94.66192	-17.08185	-4.626335	-8.185054
3030.31	87.18861	114.6406	739.7012	161.9218	-92.88256	411.2456	-7.473267	332.0284	-209.9644	46.26334	-17.08185	-6.049822	-5.338078	-17.08185	369.395	-56.22775	-31.6726	95.72954	-6.049822	-6.049822	-17.43772	-4.626335	-8.185054	-5.338078	-17.08185	-4.626335	-8.185054
3030.59	-12.81139	514.6406	1239.701	-138.0782	7.117439	-288.7544	-7.473267	-167.9716	390.0356	46.26334	-17.08185	-6.049822	-5.338078	-17.08185	69.39502	43.77225	-31.6726	-4.270463	-6.049822	-6.049822	-17.43772	-4.626335	-8.185054	-5.338078	-17.08185	-4.626335	-8.185054
3030.88	-12.81139	714.6406	2439.701	-638.0782	7.117439	-488.7544	-307.4733	32.02844	390.0356	46.26334	-17.08185	-6.049822	-5.338078	-17.08185	-130.605	-56.22775	-31.6726	-4.270463	-6.049822	-6.049822	-17.43772	-4.626335	-8.185054	-5.338078	-17.08185	-4.626335	-8.185054
3031.16	-12.81139	-1686.359	1139.701	-438.0782	-92.88256	-689.7544	192.5267	-67.97156	-9.964355	-53.73666	-17.08185	93.95018	-5.338078	-17.08185	-30.60498	43.77225	-31.6726	-4.270463	-6.049822	-6.049822	-17.43772	-4.626335	-8.185054	-5.338078	-17.08185	-4.626335	-8.185054
3031.45	-12.81139	-485.3594	1439.701	161.9218	107.1174	-488.7544	-7.473267	632.0284	-9.964355	-53.73666	82.91815	-6.049822	-5.338078	-17.08185	-30.60498	143.7722	-31.6726	-4.270463	-6.049822	-6.049822	-17.43772	-4.626335	-8.185054	-5.338078	-17.08185	-4.626335	-8.185054
3031.73	-12.81139	-285.3594	1039.701	761.9218	7.117439	11.24561	492.5267	32.02844	-309.9644	146.2633	-17.08185	-6.049822	-5.338078	82.91815	-130.605	43.77225	-31.6726	-4.270463	-6.049822	-6.049822	-17.43772	-4.626335	-8.185054	-5.338078	82.91815	-4.626335	-8.185054
3032.02	87.18861	314.6406	1139.701	61.92175	7.117439	-588.7544	-107.4733	-67.97156	-809.9644	-53.73666	-17.08185	-6.049822	-5.338078	-17.08185	-30.60498	343.7722	-31.6726	-4.270463	-6.049822	-6.049822	-17.43772	-4.626335	-8.185054	-5.338078	-17.08185	-4.626335	-8.185054
3032.3	-12.81139	314.6406	439.7012	-338.0782	-92.88256	-388.7544	-207.4733	-67.97156	-209.9644	46.26334	-17.08185	-6.049822	-5.338078	-17.08185	169.395	143.7722	-31.6726	-4.270463	-6.049822	-6.049822	-17.43772	-4.626335	91.81495	-5.338078	-17.08185	-4.626335	91.81495
3032.59	-12.81139	814.6406	439.7012	-138.0782	7.117439	-88.75439	-407.4733	132.0284	-109.9644	-53.73666	-17.08185	-6.049822	-5.338078	-17.08185	169.395	443.7722	-31.6726	-4.270463	-6.049822	-6.049822	-17.43772	-4.626335	-8.185054	-5.338078	-17.08185	-4.626335	-8.185054
3032.87	-12.81139	-185.3594	-360.2988	161.9218	7.117439	111.2456	-407.4733	-67.97156	90.03564	146.2633	-17.08185	-6.049822	-5.338078	-17.08185	-130.605	43.77225	-31.6726	-4.270463	-6.049822	-6.049822	-17.43772	-4.626335	-8.185054	-5.338078	-17.08185	-4.626335	-8.185054
3033.16	-12.81139	114.6406	839.7012	261.9218	7.117439	511.2456	-1007.473	132.0284	-9.964355	146.2633	-17.08185	-6.049822	-5.338078	-17.08185	-130.605	143.7722	-31.6726	-4.270463	-6.049822	-6.049822	-17.43772	-4.626335	-8.185054	-5.338078	-17.08185	-4.626335	-8.185054
3033.44	87.18861	-785.3594	1239.701	-338.0782	-92.88256	-2289.754	192.5267	-67.97156	590.0356	-53.73666	-17.08185	-6.049822	-5.338078	-17.08185	169.395	543.7722	68.3274	-4.270463	-6.049822	-6.049822	-17.43772	-4.626335	-8.185054	-5.338078	-17.08185	-4.626335	-8.185054
3033.73	-12.81139	-85.35938	139.7012	161.9218	207.1174	-188.7544	292.5267	32.02844	-809.9644	-53.73666	-17.08185	-6.049822	-5.338078	-17.08185	-30.60498	-256.2278	-31.6726	-4.270463	-6.049822	-6.049822	82.56228	-4.626335	91.81495	-5.338078	-17.08185	-4.626335	91.81495
3034.01	-12.81139	-185.3594	-160.2988	361.9218	107.1174	511.2456	292.5267	-167.9716	-509.9644	146.2633	-17.08185	93.95018	-5.338078	-17.08185	-130.605	-256.2278	-31.6726	-4.270463	-6.049822	-6.049822	-17.43772	-4.626335	-8.185054	-5.338078	-17.08185	-4.626335	-8.185054
3034.3	-12.81139	114.6406	2339.701	61.92175	-92.88256	-388.7544	-407.4733	632.0284	890.0356	-53.73666	-17.08185	-6.049822	-5.338078	-17.08185	-130.605	-156.2278	-31.6726	-4.270463	-6.049822	-6.049822	-17.43772	-4.626335	-8.185054	-5.338078	-17.08185	-4.626335	-8.185054
3034.58	87.18861	514.6406	1039.701	-238.0782	-92.88256	-1489.754	-207.4733	132.0284	-9.964355	-53.73666	82.91815	-6.049822	-5.338078	-17.08185	-130.605	43.77225	-31.6726	-4.270463	-6.049822	-6.049822	-17.43772	-4.626335	-8.185054	-5.338078	-17.08185	-4.626335	-8.185054
3034.87	-12.81139	14.64062	1839.701	161.9218	-92.88256	-288.7544	-507.4733	-67.97156	390.0356	-53.73666	-17.08185	-6.049822	-5.338078	-17.08185	-130.605	-156.2278	-31.6726	-4.270463	-6.049822	-6.049822	82.56228	-4.626335	-8.185054	-5.338078	-17.08185	-4.626335	-8.185054
3035.15	-12.81139	214.6406	739.7012	61.92175	-92.88256	-88.75439	-7.473267	532.0284	-309.9644	46.26334	-17.08185	-6.049822	-5.338078	-17.08185	-30.60498	-156.2278	-31.6726	95.72954	-6.049822	-6.049822	82.56228	-4.626335	-8.185054	-5.338078	-17.08185	-4.626335	-8.185054
3035.44	-12.81139	-785.3594	139.7012	161.9218	107.1174	511.2456	-207.4733	-67.97156	90.03564	-53.73666	-17.08185	-6.049822	-5.338078	-17.08185	-30.60498	143.7722	-31.6726	-4.270463	-6.049822	-6.049822	-17.43772	-4.626335	-8.185054	-5.338078	-17.08185	-4.626335	-8.185054
3035.72	-12.81139	-485.3594	2639.701	-238.0782	-92.88256	-388.7544	92.52673	332.0284	-109.9644	-53.73666	182.9182	-6.049822	-5.338078	-17.08185	-30.60498	243.7722	-31.6726	-4.270463	-6.049822	-6.049822	-17.43772	95.37366	-8.185054	-5.338078	-17.08185	95.37366	-8.185054
3036.01	-12.81139	-285.3594	339.7012	-638.0782	7.117439	-1789.754	-307.4733	-267.9716	-9.964355	-53.73666	-17.08185	-6.049822	-5.338078	-17.08185	69.39502	-256.2278	-31.6726	-4.270463	-6.049822	-6.049822	-17.43772	-4.626335	-8.185054	-5.338078	-17.08185	-4.626335	-8.185054
3036.29	-12.81139	914.6406	1139.701	561.9218	7.117439	-588.7544	-7.473267	232.0284	-409.9644	-53.73666	-17.08185	-6.049822	-5.338078	-17.08185	169.395	-56.22775	-31.6726	-4.270463	-6.049822	-6.049822	-17.43772	-4.626335	-8.185054	-5.338078	-17.08185	-4.626335	-8.185054
3036.58	-12.81139	-1085.359	439.7012	-138.0782	7.117439	1311.246	292.5267	-67.97156	90.03564	-53.73666	82.91815	-6.049822	-5.338078	-17.08185	69.39502	-156.2278	-31.6726	-4.270463	-6.049822	-6.049822	-17.43772	-4.626335	-8.185054	-5.338078	-17.08185	-4.626335	-8.185054
3036.86	-12.81139	314.6406	2039.701	-138.0782	7.117439	-288.7544	292.5267	32.02844	1090.036	146.2633	-17.08185	-6.049822	-5.338078	-17.08185	69.39502	243.7722	-31.6726	-4.270463	93.95018	-6.049822	-17.43772	-4.626335	-8.185054	-5.338078	-17.08185	-4.626335	-8.185054
3037.15	87.18861	314.6406	639.7012	-138.0782	-92.88256	111.2456	-307.4733	-67.97156	-509.9644	-53.73666	82.91815	-6.049822	-5.338078	-17.08185	69.39502	43.77225	-31.6726	-4.270463	-6.049822	-6.049822	-17.43772	-4.626335	-8.185054	-5.338078	-17.08185	-4.626335	-8.185054
3037.43	-12.81139	514.6406	2239.701	-438.0782	207.1174	-388.7544	392.5267	-67.97156	590.0356	-53.73666	82.91815	-6.049822	-5.338078	-17.08185	69.39502	-256.2278	68.3274	-4.270463	-6.049822	-6.049822	-17.43772	-4.626335	-8.185054	-5.338078	-17.08185	-4.626335	-8.185054
3037.72	87.18861	-985.3594	39.70117	-138.0782	107.1174	1311.246	-507.4733	-67.97156	-109.9644	46.26334	-17.08185	93.95018	-5.338078	-17.08185	705386.4	2081078	-31.6726	-4.270463	193.9502	14397.95	2482.562	-4.626335	-8.185054	-5.338078	-17.08185	-4.626335	-8.185054
3038.01	287.1886	93713.64	1739.701	561.9218	107.1174	2411.246	7694.527	932.0284	90.03564	346.2633	14286.92	193.9502	-5.338078	-17.08185	3.292129e+07	8.481731e+07	968.3274	895.7296	93.95018	425890.9	12285.56	-4.626335	1391.815	-5.338078	-17.08185	-4.626335	1391.815
3038.29	1387.189	274077.6	939.7012	2861.922	407.1174	4012.246	14197.53	1032.028	2890.036	1146.263	37410.92	2293.95	-5.338078	-17.08185	7.82971e+07	1.942518e+08	1468.327	1495.729	93.95018	745341.9	14786.56	-4.626335	3991.815	-5.338078	-17.08185	-4.626335	3991.815
3038.58	4187.188	307673.6	2339.701	3961.922	1007.117	4112.246	15098.53	1232.028	1290.036	946.2634	50333.92	3593.95	-5.338078	182.9182	8.999234e+07	2.503386e+08	1968.327	2995.729	93.95018	801127.9	14286.56	-4.626335	2391.815	-5.338078	182.9182	-4.626335	2391.815
3038.87	7588.188	350239.6	4240.701	4262.922	1407.117	4912.246	18600.53	2932.028	2990.036	1046.263	68075.92	4193.95	-5.338078	182.9182	9.689751e+07	2.583515e+08	1368.327	3695.729	-6.049822	887574.9	12785.56	95.37366	3791.815	-5.338078	182.9182	95.37366	3791.815
3039.15	9489.188	395518.6	2639.701	3961.922	1807.117	5212.246	20802.53	3332.028	3190.036	1046.263	68977.92	3793.95	-5.338078	-17.08185	9.621654e+07	2.583515e+08	1468.327	3695.729	293.9502	981905.9	12185.56	-4.626335	2791.815	-5.338078	-17.08185	-4.626335	2791.815
3039.44	11890.19	659156.6	5040.701	4562.922	2307.117	10015.25	57162.53	2232.028	2390.036	1646.263	73089.92	5994.95	-5.338078	182.9182	1.059509e+08	2.62358e+08	1268.327	4995.729	293.9502	958627.9	11485.56	-4.626335	2591.815	-5.338078	182.9182	-4.626335	2591.815
3039.72	11490.19	1678008	3940.701	3161.922	4807.118	19923.25	90763.52	1232.028	2190.036	1546.263	65468.92	7594.95	-5.338078	-17.08185	9.072998e+07	2.703711e+08	868.3274	4895.729	293.9502	792973.9	7083.562	-4.626335	2091.815	-5.338078	-17.08185	-4.626335	2091.815
3040.01	12490.19	2386941	3940.701	4362.922	4407.118	28033.25	120591.5	2832.028	2790.036	1846.263	52637.92	8194.95	-5.338078	182.9182	7.456558e+07	2.202913e+08	1168.327	3895.729	293.9502	592533.9	6483.562	95.37366	3091.815	-5.338078	182.9182	95.37366	3091.815
3040.29	8889.188	3845186	3140.701	3061.922	5708.118	42957.25	214827.5	132.0284	3190.036	2346.263	43219.92	6794.95	-5.338078	182.9182	5.83595e+07	1.862399e+08	1168.327	2995.729	393.9502	478835.9	5083.562	-4.626335	2391.815	-5.338078	182.9182	-4.626335	2391.815
3040.58	8288.188		3540.701	2761.922	3607.117	55184.25	230568.5	1232.028	1190.036	2446.263	37610.92	5494.95	-5.338078	182.9182	4.526768e+07	1.251405e+08	568.3274	1995.729	593.9502	380872.9	5183.562	95.37366	2091.815	-5.338078	182.9182	95.37366	2091.815
3040.87	7888.188		5641.701	3361.922	2407.117	66013.24	283411.5	1032.028	2190.036	1646.263	32804.92	4293.95	-5.338078	-17.08185	3.74072e+07	1.072118e+08	368.3274	1095.729	693.9502	286526.9	3582.562	-4.626335	1091.815	-5.338078	-17.08185	-4.626335	1091.815
3041.15	4187.188		2439.701	3061.922	3607.117	62703.25	336467.5	632.0284	1090.036	2646.263	18889.92	4593.95	94.66192	82.91815	2.96921e+07	7.799593e+07	468.3274	1795.729	693.9502	221672	2882.562	-4.626335	891.8149	94.66192	82.91815	-4.626335	891.8149
3041.44	3187.189		3040.701	2261.922	2107.117	66314.24	302939.5	532.0284	790.0356	3846.263	23393.92	2593.95	-5.338078	82.91815	2.241944e+07	5.994094e+07	168.3274	995.7296	293.9502	172487	2682.562	95.37366	291.8149	-5.338078	82.91815	95.37366	291.8149
3041.72	2887.189		3240.701	2161.922	1307.117	85074.24	300004.5	932.0284	-9.964355	3646.263	17788.92	2893.95	-5.338078	-17.08185	1.83493e+07	5.364104e+07	168.3274	1095.729	1093.95	139985	2882.562	-4.626335	1291.815	-5.338078	-17.08185	-4.626335	1291.815
3042.01	2387.189		3840.701	2061.922	807.1174	68219.24	298182.5	332.0284	290.0356	3246.263	15187.92	2693.95	-5.338078	-17.08185	1.561488e+07	3.927069e+07	268.3274	695.7296	593.9502	114255	4782.562	-4.626335	791.8149	-5.338078	-17.08185	-4.626335	791.8149
3042.3	2187.189		3740.701	2761.922	2907.117	68620.24	316811.5	232.0284	390.0356	2646.263	14586.92	3293.95	94.66192	382.9182	2.125607e+07	5.819945e+07	-31.6726	995.7296	793.9502	86242.95	6783.562	95.37366	1091.815	94.66192	382.9182	95.37366	1091.815
3042.58	3487.189		2739.701	4662.922	7508.118	78451.24	356239.5	1932.028	1490.036	5647.263	22092.92	3193.95	-5.338078	-17.08185	3.995888e+07	1.044996e+08	268.3274	1195.729	393.9502	90858.95	9984.562	-4.626335	491.8149	-5.338078	-17.08185	-4.626335	491.8149
3042.87	4787.188		5541.701	8263.922	10709.12	73836.24	315697.5	1632.028	1690.036	4946.263	24594.92	2193.95	-5.338078	482.9182	5.079899e+07	1.261548e+08	568.3274	1495.729	393.9502	66882.95	10584.56	295.3737	691.8149	-5.338078	482.9182	295.3737	691.8149
3043.15	4487.188		2039.701	10964.92	13911.12	62904.25	265211.5	1832.028	2190.036	5047.263	29399.92	2493.95	-5.338078	182.9182	7.476718e+07	2.002608e+08	668.3274	1395.729	493.9502	52849.95	12185.56	295.3737	491.8149	-5.338078	182.9182	295.3737	491.8149
3043.44	7088.188		4440.701	17468.92	16713.12	54482.25	209381.5	2132.028	3290.036	8948.264	32203.92	2093.95	-5.338078	482.9182	9.051302e+07	2.463322e+08	468.3274	1595.729	693.9502	49642.95	13686.56	-4.626335	1291.815	-5.338078	482.9182	-4.626335	1291.815
3043.72	4287.188	4459608	5941.701	26476.92	18114.12	36646.25	181160.5	2732.028	3390.036	10848.26	35507.92	1293.95	-5.338078	382.9182	1.146195e+08	2.563482e+08	1168.327	1595.729	493.9502	40826.95	17888.56	-4.626335	891.8149	-5.338078	382.9182	-4.626335	891.8149
3044.01	4787.188	3776255	5741.701	33184.92	13811.12	32439.25	137781.5	3332.028	2790.036	10848.26	34906.92	1393.95	-5.338078	882.9182	1.116354e+08	2.98418e+08	2068.327	1195.729	693.9502	40826.95	11985.56	-4.626335	691.8149	-5.338078	882.9182	-4.626335	691.8149
3044.3	3187.189	3050204	4440.701	46105.92	10309.12	23727.25	124008.5	3032.028	4591.036	15651.26	38812.92	493.9502	-5.338078	1482.918	1.210034e+08	3.024248e+08	2268.327	1495.729	393.9502	47538.95	16387.56	95.37366	2791.815	-5.338078	1482.918	95.37366	2791.815
3044.58	2787.189	2465348	5941.701	68959.92	6108.118	20123.25	111448.5	2432.028	5491.036	17352.26	40915.92	593.9502	94.66192	1582.918	1.193553e+08	2.803876e+08	2668.327	1095.729	193.9502	45935.95	15187.56	-4.626335	1791.815	94.66192	1582.918	-4.626335	1791.815
3044.87	1387.189	1973421	5741.701	83604.92	5008.118	16520.25	98292.52	2132.028	3591.036	19354.26	46625.92	593.9502	-5.338078	2982.918	1.218642e+08	3.545164e+08	3468.327	995.7296	193.9502	53651.95	15387.56	-4.626335	4591.815	-5.338078	2982.918	-4.626335	4591.815
3045.15	1687.189	1654619	4540.701	123169.9	3507.117	13417.25	103715.5	3432.028	4891.036	25859.26	50232.92	793.9502	-5.338078	2182.918	1.274133e+08	3.224594e+08	3968.327	2095.729	93.95018	52348.95	15587.56	-4.626335	3991.815	-5.338078	2182.918	-4.626335	3991.815
3045.44	987.1886	1197415	4440.701	132215.9	2807.117	10615.25	84943.52	2432.028	2590.036	23157.26	54341.92	193.9502	-5.338078	3582.918	1.283488e+08	3.46502e+08	4868.328	2595.729	393.9502	54051.95	14786.56	95.37366	3091.815	-5.338078	3582.918	95.37366	3091.815
3045.73	1287.189	1111773	5240.701	181022.9	1707.117	10615.25	83136.52	2232.028	3791.036	25159.26	70080.92	393.9502	-5.338078	3382.918	1.342593e+08	3.064316e+08	4268.328	2195.729	293.9502	61368.95	16588.56	-4.626335	4791.815	-5.338078	3382.918	-4.626335	4791.815
3046.01	1387.189	767921.6	6341.701	245369.9	1807.117	5913.246	69193.52	2932.028	4091.036	28963.26	72888.92	493.9502	-5.338078	3382.918	1.357385e+08	3.064316e+08	3768.327	2695.729	293.9502	60266.95	14786.56	-4.626335	3991.815	-5.338078	3382.918	-4.626335	3991.815
3046.3	1487.189	723721.6	7842.701	302897.9	1607.117	7313.246	60670.53	2132.028	4591.036	26460.26	79809.92	293.9502	-5.338078	3482.918	1.39505e+08	3.605274e+08	4568.328	3995.729	393.9502	66181.95	15887.56	-4.626335	4491.815	-5.338078	3482.918	-4.626335	4491.815
3046.58	887.1886	656794.6	4640.701	307655.9	1707.117	5412.246	59167.53	4132.028	3090.036	29263.26	100383.9	693.9502	-5.338078	2782.918	1.365882e+08	3.985982e+08	4568.328	5696.729	893.9502	74404.95	18989.56	-4.626335	3791.815	-5.338078	2782.918	-4.626335	3791.815
3046.87	1787.189	516729.6	4740.701	344026.9	1307.117	3212.246	43834.53	3332.028	4091.036	26460.26	111731.9	393.9502	-5.338078	3082.918	1.430994e+08	4.066135e+08	2768.327	4095.729	1293.95	69389.95	13986.56	295.3737	3891.815	-5.338078	3082.918	295.3737	3891.815
3047.16	2087.189	402733.6	4440.701	362891.9	1307.117	2511.246	48142.53	1632.028	5291.036	23157.26	115046.9	593.9502	-5.338078	2882.918	1.133345e+08	3.565201e+08	2768.327	5196.729	593.9502	71796.95	15687.56	-4.626335	4891.815	-5.338078	2882.918	-4.626335	4891.815
3047.44	3487.189	389015.6	4040.701	341694.9	2107.117	5212.246	41029.53	2632.028	2590.036	27461.26	120170.9	1293.95	-5.338078	2482.918	1.372476e+08	4.306601e+08	2668.327	7596.729	693.9502	66682.95	12885.56	-4.626335	2191.815	-5.338078	2482.918	-4.626335	2191.815
3047.73	4187.188	319726.6	5541.701	322846.9	4107.118	5012.246	38725.53	2132.028	3591.036	21055.26	106107.9	693.9502	-5.338078	2482.918	1.053803e+08	3.2847e+08	2968.327	4295.729	993.9502	49041.95	15087.56	-4.626335	2691.815	-5.338078	2482.918	-4.626335	2691.815
3048.02	4887.188	237598.6	5941.701	242037.9	13211.12	2211.246	32616.53	2932.028	3591.036	20955.26	94159.92	2893.95	-5.338078	1982.918	1.335566e+08	3.665384e+08	2268.327	5096.729	593.9502	52147.95	16087.56	-4.626335	2391.815	-5.338078	1982.918	-4.626335	2391.815
3048.3	7488.188	167214.6	5441.701	187771.9	22717.12	2311.246	26909.53	3032.028	4391.036	14050.26	81013.92	993.9502	-5.338078	2182.918	1.361047e+08	3.68542e+08	1068.327	3595.729	493.9502	40025.95	15287.56	-4.626335	1691.815	-5.338078	2182.918	-4.626335	1691.815
3048.59	8889.188	126264.6	5240.701	153839.9	39739.12	311.2456	24306.53	2832.028	4091.036	12749.26	74292.92	2393.95	-5.338078	1382.918	1.511184e+08	3.705457e+08	1568.327	3595.729	293.9502	33215.95	15187.56	-4.626335	2591.815	-5.338078	1382.918	-4.626335	2591.815
3048.87	11089.19	149598.6	5140.701	118848.9	47853.12	2111.246	22504.53	3032.028	3491.036	11949.26	66069.92	1393.95	-5.338078	1282.918	1.113459e+08	3.805643e+08	1868.327	2095.729	393.9502	31613.95	12885.56	95.37366	1491.815	-5.338078	1282.918	95.37366	1491.815
3049.16	15492.19	89296.64	4240.701	95447.92	46350.12	2211.246	20502.53	2832.028	5491.036	10148.26	79508.92	1093.95	-5.338078	782.9182	1.432168e+08	3.705457e+08	568.3274	1995.729	193.9502	26207.95	14286.56	-4.626335	791.8149	-5.338078	782.9182	-4.626335	791.8149
3049.45	19795.19	74744.64	5941.701	91934.92	53364.12	2111.246	17800.53	2532.028	4091.036	8347.264	78505.92	1493.95	94.66192	682.9182	1.375993e+08	3.46502e+08	868.3274	1995.729	393.9502	24405.95	12185.56	-4.626335	1691.815	94.66192	682.9182	-4.626335	1691.815
3049.73	21797.19	58898.64	4340.701	75679.92	63989.12	611.2456	16999.53	3232.028	2690.036	6547.263	67373.92	1293.95	-5.338078	782.9182	1.313174e+08	3.845718e+08	868.3274	4095.729	393.9502	20702.95	13986.56	95.37366	1891.815	-5.338078	782.9182	95.37366	1891.815
3050.02	24599.19	85783.64	5340.701	71466.92	74117.12	311.2456	14998.53	4232.028	3591.036	7447.263	66871.92	993.9502	-5.338078	682.9182	1.290797e+08	2.723744e+08	1168.327	2295.729	-6.049822	24405.95	13286.56	-4.626335	1691.815	-5.338078	682.9182	-4.626335	1691.815
3050.31	26201.19	89697.64	6141.701	77183.92	85152.12	-388.7544	14097.53	2432.028	3090.036	9748.264	61057.92	793.9502	-5.338078	1182.918	1.330881e+08	3.62531e+08	1568.327	895.7296	293.9502	28609.95	11885.56	-4.626335	1591.815	-5.338078	1182.918	-4.626335	1591.815
3050.59	23498.19	39856.64	4040.701	82601.92	73916.12	211.2456	15598.53	2832.028	4491.036	13149.26	57348.92	1093.95	-5.338078	1182.918	1.305275e+08	3.645347e+08	1668.327	1795.729	193.9502	30011.95	9784.562	-4.626335	1591.815	-5.338078	1182.918	-4.626335	1591.815
3050.88	17993.19	38553.64	4240.701	111916.9	52061.12	411.2456	16499.53	2032.028	5191.036	11249.26	65468.92	1093.95	-5.338078	1382.918	1.320051e+08	3.2847e+08	868.3274	2395.729	393.9502	32414.95	13085.56	-4.626335	1291.815	-5.338078	1382.918	-4.626335	1291.815
3051.16	17093.19	27336.64	3940.701	123671.9	46050.12	1011.246	12896.53	3732.028	5691.036	10848.26	65167.92	193.9502	-5.338078	2582.918	1.390212e+08	3.925868e+08	1168.327	2395.729	293.9502	28709.95	12585.56	-4.626335	1991.815	-5.338078	2582.918	-4.626335	1991.815
3051.45	15392.19	19426.64	5941.701	137343.9	35132.12	-288.7544	13397.53	2832.028	4991.036	12649.26	62861.92	593.9502	-5.338078	1982.918	1.289189e+08	3.485056e+08	1468.327	2395.729	193.9502	23404.95	11385.56	-4.626335	1591.815	-5.338078	1982.918	-4.626335	1591.815
3051.74	10689.19	15823.64	3440.701	156053.9	28724.12	-488.7544	15898.53	2932.028	4991.036	10748.26	72487.92	93.95018	-5.338078	3082.918	1.3609e+08	3.404912e+08	668.3274	2795.729	193.9502	27508.95	13185.56	-4.626335	1591.815	-5.338078	3082.918	-4.626335	1591.815
3052.02	8889.188	20127.64	5841.701	159676.9	21817.12	211.2456	16599.53	3432.028	3591.036	13049.26	85127.92	193.9502	94.66192	3982.918	1.25266e+08	4.286562e+08	1768.327	1895.729	193.9502	35418.95	11885.56	-4.626335	1491.815	94.66192	3982.918	-4.626335	1491.815
3052.31	6888.188	13721.64	6141.701	152229.9	16713.12	1111.246	16399.53	2732.028	5091.036	14050.26	86732.92	393.9502	-5.338078	3282.918	1.690171e+08	3.865756e+08	1168.327	1995.729	193.9502	184170	10884.56	-4.626335	1891.815	-5.338078	3282.918	-4.626335	1891.815
3052.59	7688.188	21428.64	2739.701	140058.9	14511.12	2311.246	23405.53	2132.028	1790.036	21655.26	84224.92	393.9502	-5.338078	2982.918	1.495195e+08	3.725494e+08	1568.327	3995.729	-6.049822	771826.9	12585.56	-4.626335	2491.815	-5.338078	2982.918	-4.626335	2491.815
3052.88	7288.188	21328.64	6241.701	129501.9	12110.12	2811.246	34719.53	3432.028	4691.036	22957.26	91048.92	693.9502	-5.338078	3482.918	1.292432e+08	3.545164e+08	1768.327	3495.729	493.9502	1228872	12685.56	-4.626335	4491.815	-5.338078	3482.918	-4.626335	4491.815
3053.17	6188.188	27436.64	4340.701	109204.9	8208.117	4612.246	31114.53	3032.028	5391.036	20254.26	86431.92	1293.95	94.66192	3282.918	1.426004e+08	3.505092e+08	968.3274	3595.729	193.9502	1681076	11485.56	-4.626335	3591.815	94.66192	3282.918	-4.626335	3591.815
3053.45	6188.188	31041.64	4440.701	82099.92	6108.118	5713.246	22504.53	2232.028	5691.036	20454.26	83923.92	1293.95	-5.338078	2282.918	1.463447e+08	3.90583e+08	1968.327	3895.729	93.95018	2193804	14386.56	-4.626335	5192.815	-5.338078	2282.918	-4.626335	5192.815
3053.74	7388.188	18525.64	5240.701	65249.92	6608.118	6913.246	24706.53	1332.028	4391.036	16652.26	81214.92	1493.95	-5.338078	2882.918	1.319612e+08	3.545164e+08	768.3274	3895.729	193.9502	2654076	10884.56	-4.626335	5692.815	-5.338078	2882.918	-4.626335	5692.815
3054.03	6788.188	19627.64	5240.701	60537.92	3707.117	7213.246	24606.53	3332.028	2390.036	17152.26	86030.92	2993.95	-5.338078	2382.918	1.392411e+08	3.264664e+08	1868.327	4795.729	93.95018	1887594	13486.56	-4.626335	4391.815	-5.338078	2382.918	-4.626335	4391.815
3054.31	7788.188	16423.64	4740.701	58732.92	3607.117	8214.246	23405.53	2032.028	2690.036	15351.26	79508.92	2593.95	-5.338078	2482.918	1.30118e+08	3.264664e+08	1968.327	2895.729	293.9502	1941040	12485.56	-4.626335	5392.815	-5.338078	2482.918	-4.626335	5392.815
3054.6	9289.188	16523.64	4340.701	49512.92	2707.117	7213.246	26608.53	1632.028	2790.036	15351.26	74192.92	3193.95	-5.338078	1582.918	1.270626e+08	3.705457e+08	2068.327	3495.729	93.95018	3261176	15787.56	-4.626335	6792.815	-5.338078	1582.918	-4.626335	6792.815
3054.89	23098.19	23931.64	4640.701	55926.92	3007.117	12917.25	26408.53	1632.028	3390.036	18953.26	89944.92	6894.95	-5.338078	1282.918	1.426884e+08	4.066135e+08	3068.327	4495.729	393.9502	2350835	14486.56	-4.626335	6692.815	-5.338078	1282.918	-4.626335	6692.815
3055.17	28003.19	23130.64	5441.701	56627.92	2407.117	10415.25	32315.53	3432.028	3090.036	19454.26	84826.92	8795.95	-5.338078	1782.918	1.459481e+08	3.845718e+08	2368.327	4095.729	393.9502	2306289	13486.56	-4.626335	6592.815	-5.338078	1782.918	-4.626335	6592.815
3055.46	30806.19	20327.64	5641.701	55525.92	2807.117	10315.25	32416.53	3632.028	3090.036	20955.26	92754.92	12696.95	-5.338078	1482.918	1.429379e+08	3.885793e+08	2268.327	4295.729	493.9502	3414460	13185.56	-4.626335	7692.815	-5.338078	1482.918	-4.626335	7692.815
3055.74	41221.19	23030.64	5941.701	55024.92	3207.117	10215.25	26808.53	2932.028	4391.036	20054.26	88840.92	17699.95	-5.338078	1382.918	1.343472e+08	3.745531e+08	2368.327	4795.729	193.9502	3114975	14086.56	-4.626335	6892.815	-5.338078	1382.918	-4.626335	6892.815
3056.03	46731.19	19627.64	3640.701	43901.92	2107.117	5913.246	25107.53	3232.028	2390.036	15251.26	94460.92	18700.95	-5.338078	682.9182	1.363098e+08	3.444984e+08	3268.327	5096.729	293.9502	2837919	14186.56	-4.626335	7192.815	-5.338078	682.9182	-4.626335	7192.815
3056.32	48234.19	13821.64	4840.701	38192.92	2207.117	6713.246	20902.53	2432.028	4091.036	12649.26	94360.92	20101.95	-5.338078	1182.918	1.312318e+08	3.785605e+08	2668.327	4895.729	293.9502	2573244	12285.56	-4.626335	6492.815	-5.338078	1182.918	-4.626335	6492.815
3056.6	46130.19	10018.64	3840.701	25875.92	1407.117	4412.246	16299.53	2732.028	4191.036	8047.263	89944.92	14197.95	-5.338078	682.9182	1.264343e+08	3.665384e+08	3368.327	3195.729	293.9502	2241248	13486.56	-4.626335	5992.815	-5.338078	682.9182	-4.626335	5992.815
3056.89	44226.19	6616.641	4840.701	22772.92	1607.117	2611.246	16599.53	1932.028	2790.036	9348.264	94259.92	12496.95	-5.338078	482.9182	1.41984e+08	3.865756e+08	2968.327	2595.729	93.95018	2396286	11185.56	-4.626335	6692.815	-5.338078	482.9182	-4.626335	6692.815
3057.18	37215.19	10719.64	4440.701	17568.92	1407.117	4112.246	11596.53	3532.028	3491.036	6047.263	94159.92	9295.95	-5.338078	682.9182	1.25266e+08	2.944112e+08	2968.327	3595.729	-6.049822	1326489	12885.56	-4.626335	5892.815	-5.338078	682.9182	-4.626335	5892.815
3057.46	36714.19	10219.64	3940.701	14666.92	807.1174	3712.246	12696.53	2832.028	3190.036	6347.263	101186.9	9595.95	-5.338078	582.9182	1.40385e+08	4.086173e+08	3868.327	4395.729	93.95018	2448280	13986.56	-4.626335	7792.815	-5.338078	582.9182	-4.626335	7792.815
3057.75	31106.19	59901.64	2239.701	14366.92	1107.117	2011.246	11396.53	1632.028	4491.036	4046.263	81615.92	7894.95	-5.338078	482.9182	1.341422e+08	3.785605e+08	3568.327	2295.729	293.9502	2378502	11084.56	-4.626335	6992.815	-5.338078	482.9182	-4.626335	6992.815
3058.03	35713.19	7117.641	4340.701	15166.92	1107.117	3312.246	11396.53	3132.028	3390.036	5147.263	94259.92	7394.95	-5.338078	182.9182	1.272546e+08	3.364841e+08	2468.327	2895.729	293.9502	2598574	14686.56	-4.626335	8592.815	-5.338078	182.9182	-4.626335	8592.815
3058.32	40019.19	8017.641	3840.701	12365.92	2707.117	3612.246	10395.53	2632.028	3891.036	5947.263	100785.9	7394.95	-5.338078	282.9182	1.29533e+08	3.224594e+08	2868.327	2995.729	-6.049822	2386734	13586.56	95.37366	7792.815	-5.338078	282.9182	95.37366	7792.815
3058.6	47933.19	4115.641	5240.701	11864.92	5708.118	2611.246	12496.53	2232.028	3591.036	4046.263	94561.92	10895.95	-5.338078	982.9182	1.339811e+08	3.925868e+08	2968.327	3495.729	193.9502	2420456	13085.56	95.37366	10493.82	-5.338078	982.9182	95.37366	10493.82
3058.89	55448.19	5416.641	3940.701	11664.92	9009.117	3012.246	10195.53	3332.028	3390.036	5047.263	107513.9	19901.95	-5.338078	482.9182	1.451524e+08	4.066135e+08	4368.328	5396.729	193.9502	2804661	13185.56	95.37366	11494.82	-5.338078	482.9182	95.37366	11494.82
3059.18	65773.19	2715.641	4240.701	15867.92	18814.12	1711.246	10795.53	2632.028	4191.036	4746.263	109421.9	29811.95	-5.338078	182.9182	1.370277e+08	3.565201e+08	2968.327	4295.729	293.9502	2456864	12185.56	95.37366	11594.82	-5.338078	182.9182	95.37366	11594.82
3059.46	91655.19	2515.641	3240.701	14066.92	46951.12	1811.246	7194.527	2732.028	2190.036	3846.263	122783.9	60667.95	-5.338078	282.9182	1.35138e+08	4.00602e+08	3668.327	4795.729	693.9502	2403205	12585.56	95.37366	12994.82	-5.338078	282.9182	95.37366	12994.82
3059.75	123994.2	3815.641	4940.701	15767.92	70105.12	3412.246	9094.526	2732.028	3791.036	3446.263	125396.9	74404.95	-5.338078	382.9182	1.297377e+08	3.164489e+08	3368.327	4795.729	1193.95	2190426	13986.56	95.37366	13194.82	-5.338078	382.9182	95.37366	13194.82
3060.03	124396.2	7117.641	4440.701	14566.92	83747.12	2911.246	5993.527	1932.028	2990.036	5547.263	114443.9	81626.95	-5.338078	82.91815	1.286265e+08	3.224594e+08	6069.328	6296.729	1293.95	2092118	11885.56	195.3737	15896.82	-5.338078	82.91815	195.3737	15896.82
3060.32	143699.2	4515.641	3440.701	16667.92	82844.12	2611.246	7894.527	2232.028	3591.036	5247.263	115548.9	70994.95	-5.338078	482.9182	1.318149e+08	3.404912e+08	3468.327	4595.729	1393.95	2044077	13286.56	95.37366	12894.82	-5.338078	482.9182	95.37366	12894.82
3060.6	151143.2	3415.641	4240.701	15166.92	72211.12	3712.246	6693.527	2332.028	5991.036	4746.263	123285.9	70693.95	-5.338078	682.9182	1.382588e+08	3.565201e+08	5069.328	6896.729	2193.95	2077794	12385.56	95.37366	13795.82	-5.338078	682.9182	95.37366	13795.82
3060.89	145811.2	6716.641	4740.701	18669.92	62285.12	4012.246	8794.526	1832.028	3290.036	5247.263	122682.9	67685.95	94.66192	182.9182	1.311858e+08	3.384877e+08	4768.328	3895.729	2393.95	2046894	12985.56	-4.626335	12694.82	94.66192	182.9182	-4.626335	12694.82
3061.18	148929.2	17424.64	5240.701	18168.92	61182.12	6813.246	11596.53	2532.028	4291.036	7147.263	106408.9	63173.95	-5.338078	1082.918	1.38039e+08	3.605274e+08	5569.328	3895.729	2893.95	2140573	12885.56	395.3737	15696.82	-5.338078	1082.918	395.3737	15696.82
3061.46	150137.2	27636.64	4440.701	21671.92	59779.12	7714.246	17700.53	3232.028	4291.036	7947.263	106910.9	53550.95	-5.338078	1182.918	1.47141e+08	3.605274e+08	4068.327	4995.729	2393.95	2115465	14786.56	-4.626335	15896.82	-5.338078	1182.918	-4.626335	15896.82
3061.75	130829.2	32043.64	4240.701	30381.92	51661.12	6613.246	23905.53	3832.028	3891.036	9648.264	99680.92	42529.95	-5.338078	682.9182	1.40605e+08	3.304735e+08	5969.328	3295.729	1793.95	2142313	11285.56	95.37366	11894.82	-5.338078	682.9182	95.37366	11894.82
3062.03	108723.2	32443.64	4740.701	32984.92	59779.12	8214.246	21903.53	2132.028	5291.036	11649.26	89442.92	35719.95	-5.338078	1482.918	1.290505e+08	3.745531e+08	4268.328	3095.729	1593.95	1934556	15587.56	195.3737	12994.82	-5.338078	1482.918	195.3737	12994.82
3062.32	105108.2	29339.64	2739.701	45304.92	61783.12	6613.246	28010.53	2332.028	3691.036	11149.26	91750.92	34917.95	-5.338078	1982.918	1.377752e+08	3.585237e+08	4968.328	2595.729	1193.95	1837854	11885.56	95.37366	10793.82	-5.338078	1982.918	95.37366	10793.82
3062.61	99183.19	25133.64	4740.701	43100.92	66095.12	9114.246	25207.53	2832.028	2990.036	10648.26	92352.92	27708.95	-5.338078	1282.918	1.375846e+08	3.444984e+08	4668.328	2695.729	493.9502	1881207	13386.56	95.37366	8793.815	-5.338078	1282.918	95.37366	8793.815
3062.89	108522.2	25934.64	2940.701	37090.92	60380.12	7814.246	30112.53	3332.028	3891.036	10448.26	85127.92	27708.95	-5.338078	2682.918	1.293722e+08	3.545164e+08	3668.327	3795.729	1593.95	1832695	13886.56	95.37366	10593.82	-5.338078	2682.918	95.37366	10593.82
3063.18	114248.2	30741.64	3440.701	36489.92	60380.12	7513.246	28310.53	2032.028	2790.036	9548.264	85628.92	25206.95	-5.338078	1682.918	1.321954e+08	3.424948e+08	4168.328	2495.729	1793.95	1742045	12685.56	-4.626335	11794.82	-5.338078	1682.918	-4.626335	11794.82
3063.46	136458.2	39154.64	4240.701	34887.92	93683.12	5713.246	27910.53	3232.028	3591.036	9248.264	91449.92	29611.95	-5.338078	2182.918	1.299425e+08	3.645347e+08	2868.327	3295.729	593.9502	1472732	14987.56	-4.626335	11294.82	-5.338078	2182.918	-4.626335	11294.82
3063.75	132638.2	34146.64	3740.701	39694.92	130648.1	6513.246	23305.53	3032.028	3891.036	10248.26	101588.9	26807.95	-5.338078	1182.918	1.349476e+08	3.384877e+08	2968.327	3495.729	593.9502	1237167	16688.56	-4.626335	9593.815	-5.338078	1182.918	-4.626335	9593.815
3064.04	138469.2	81066.64	4740.701	55625.92	197182.1	15319.25	33417.53	2832.028	5091.036	16051.26	93256.92	24605.95	-5.338078	2082.918	1.346693e+08	3.444984e+08	3068.327	2795.729	293.9502	974732.9	18289.56	95.37366	9993.815	-5.338078	2082.918	95.37366	9993.815
3064.32	135956.2	89597.64	3240.701	80293.92	235411.1	12216.25	33717.53	2332.028	3591.036	23857.26	103496.9	19501.95	-5.338078	2182.918	1.212888e+08	3.965944e+08	3068.327	2595.729	593.9502	733292.9	18689.56	95.37366	9193.815	-5.338078	2182.918	95.37366	9193.815
3064.61	123491.2	86586.64	3540.701	97254.92	270564.1	11916.25	30112.53	2632.028	3691.036	24558.26	99982.92	13096.95	-5.338078	1882.918	1.343325e+08	3.384877e+08	3968.327	2895.729	393.9502	587517.9	19890.56	-4.626335	8893.815	-5.338078	1882.918	-4.626335	8893.815
3064.89	126104.2	47872.64	5441.701	112619.9	379365.1	3712.246	25307.53	3132.028	5991.036	32367.26	102893.9	15298.95	-5.338078	2182.918	1.113459e+08	3.424948e+08	2368.327	3395.729	393.9502	483218.9	16487.56	95.37366	8092.815	-5.338078	2182.918	95.37366	8092.815
3065.18	126305.2	39355.64	3040.701	100667.9	461326.1	3512.246	31214.53	2732.028	4491.036	27661.26	96367.92	9195.95	-5.338078	1482.918	1.369252e+08	3.68542e+08	1468.327	3295.729	393.9502	419788.9	15587.56	-4.626335	6692.815	-5.338078	1482.918	-4.626335	6692.815
3065.47	144503.2	194819.6	3740.701	92134.92	591833.1	9815.246	25407.53	2832.028	4191.036	23257.26	96267.92	10595.95	-5.338078	2582.918	1.24959e+08	3.645347e+08	1968.327	3695.729	-6.049822	320636.9	12885.56	-4.626335	6492.815	-5.338078	2582.918	-4.626335	6492.815
3065.75	128014.2	29839.64	2940.701	72970.92	611907.1	2811.246	18400.53	2432.028	4091.036	21155.26	88539.92	10395.95	-5.338078	2082.918	1.191366e+08	3.485056e+08	1068.327	3295.729	193.9502	279446.9	12585.56	-4.626335	5092.815	-5.338078	2082.918	-4.626335	5092.815
3066.04	120175.2	29839.64	3240.701	59434.92	548767.1	2111.246	17299.53	3632.028	2390.036	15151.26	77803.92	9995.95	-5.338078	1282.918	1.061833e+08	3.12442e+08	1668.327	2995.729	93.95018	203721	10784.56	-4.626335	5692.815	-5.338078	1282.918	-4.626335	5692.815
3066.33	101191.2	17524.64	4140.701	46707.92	403336.1	2111.246	15298.53	1732.028	2090.036	13149.26	68877.92	6894.95	-5.338078	1182.918	9.288597e+07	2.463322e+08	2068.327	2695.729	193.9502	150848	7083.562	-4.626335	3791.815	-5.338078	1182.918	-4.626335	3791.815
3066.61	78811.19	29639.64	3340.701	41497.92	335950.1	2711.246	10495.53	1632.028	2090.036	9948.264	53640.92	5394.95	-5.338078	982.9182	7.442158e+07	2.12279e+08	2068.327	2395.729	93.95018	156281	6983.562	-4.626335	101697.8	-5.338078	982.9182	-4.626335	101697.8
3066.9	57854.19	33645.64	3940.701	34687.92	241266.1	2011.246	10895.53	1232.028	2390.036	7547.263	43520.92	4893.95	-5.338078	682.9182	5.555106e+07	1.982578e+08	1468.327	1395.729	293.9502	137270	5883.562	795.3737	2491.815	-5.338078	682.9182	795.3737	2491.815
3067.18	45629.19	10319.64	2339.701	28679.92	193453.1	1911.246	8494.526	1032.028	1090.036	6047.263	61558.92	2993.95	94.66192	882.9182	4.512486e+07	1.229422e+08	1368.327	1295.729	93.95018	112045	4782.562	5096.374	4391.815	94.66192	882.9182	5096.374	4391.815
3067.47	32108.19	12120.64	1039.701	18969.92	146938.1	3312.246	7294.527	932.0284	1490.036	5547.263	61858.92	2793.95	-5.338078	382.9182	3.209593e+07	9.028669e+07	568.3274	795.7296	293.9502	85539.95	3182.562	8697.374	7492.815	-5.338078	382.9182	8697.374	7492.815
3067.75	29705.19	6516.641	2940.701	18969.92	115072.1	-889.7544	3993.527	832.0284	-109.9644	3246.263	96769.92	2393.95	-5.338078	182.9182	2.774463e+07	7.107201e+07	468.3274	2395.729	-6.049822	60165.95	2182.562	13799.37	11394.82	-5.338078	182.9182	13799.37	11394.82
3068.05	21596.19	7017.641	2639.701	13265.92	88664.12	711.2456	3193.527	732.0284	190.0356	3246.263	273998.9	2593.95	-5.338078	182.9182	2.142629e+07	5.802678e+07	368.3274	3995.729	93.95018	45334.95	2782.562	23306.37	31110.81	-5.338078	182.9182	23306.37	31110.81
3068.33	17993.19	1614.641	839.7012	7763.922	72813.12	911.2456	3092.527	-67.97156	-309.9644	2346.263	356206.9	2393.95	-5.338078	182.9182	1.66489e+07	4.297962e+07	468.3274	6096.729	-6.049822	39524.95	1882.562	19202.37	48338.82	-5.338078	182.9182	19202.37	48338.82
3068.62	17593.19	3715.641	2639.701	8863.922	59277.12	-1289.754	4893.527	632.0284	890.0356	2146.263	279031.9	1493.95	-5.338078	82.91815	1.336375e+07	3.636638e+07	268.3274	1695.729	93.95018	49542.95	1382.562	27010.37	20700.81	-5.338078	82.91815	27010.37	20700.81
3068.91	13090.19	3515.641	539.7012	6762.922	45649.12	11.24561	2292.527	432.0284	790.0356	1146.263	397312.9	1993.95	-5.338078	82.91815	1.16516e+07	3.325011e+07	168.3274	1295.729	-6.049822	23804.95	1982.562	19503.37	11194.82	-5.338078	82.91815	19503.37	11194.82
3069.2	10989.19	5116.641	739.7012	5462.922	43345.12	411.2456	1292.527	132.0284	-309.9644	946.2634	249622.9	1293.95	-5.338078	82.91815	1.039277e+07	2.729676e+07	168.3274	1295.729	-6.049822	28910.95	682.5623	12998.37	12394.82	-5.338078	82.91815	12998.37	12394.82
3069.48	9889.188	116916.6	-460.2988	5262.922	31427.12	711.2456	92.52673	-67.97156	290.0356	1146.263	144297.9	293.9502	-5.338078	182.9182	7565580	1.954526e+07	68.3274	2495.729	193.9502	24505.95	1782.562	15300.37	15696.82	-5.338078	182.9182	15300.37	15696.82
3069.77	5488.188	666960.6	639.7012	4362.922	28323.12	311.2456	2392.527	332.0284	-9.964355	1346.263	267000.9	393.9502	-5.338078	-17.08185	6491842	2.055598e+07	-31.6726	995.7296	393.9502	19000.95	1282.562	22405.37	14295.82	-5.338078	-17.08185	22405.37	14295.82
3070.06	4687.188	1235092	1139.701	2261.922	24019.12	511.2456	2892.527	-67.97156	190.0356	1146.263	82184.92	393.9502	-5.338078	82.91815	6025716	1.584646e+07	368.3274	495.7295	293.9502	11696.95	1282.562	5396.374	4691.815	-5.338078	82.91815	5396.374	4691.815
3070.34	5088.188	2530406	2839.701	3461.922	21516.12	1611.246	13297.53	-167.9716	90.03564	2446.263	74393.92	993.9502	194.6619	-17.08185	4415934	1.347273e+07	168.3274	1195.729	293.9502	13597.95	1582.562	11198.37	10993.82	194.6619	-17.08185	11198.37	10993.82
3070.63	3287.189	4040072	2039.701	1561.922	17113.12	1711.246	2292.527	-67.97156	190.0356	2146.263	85227.92	893.9502	-5.338078	182.9182	5715000	1.191007e+07	68.3274	595.7296	1693.95	22603.95	1682.562	2295.374	12894.82	-5.338078	182.9182	2295.374	12894.82
3070.91	2487.189		1239.701	1861.922	11310.12	119221.2	7594.527	1032.028	390.0356	3146.263	76298.92	2293.95	194.6619	-17.08185	8625509	2.223642e+07	268.3274	695.7296	7494.95	45935.95	3682.562	4495.374	6092.815	194.6619	-17.08185	4495.374	6092.815
3071.2	4287.188	4323488	839.7012	1561.922	10309.12	3612.246	11896.53	-267.9716	790.0356	2146.263	45023.92	4093.95	-5.338078	-17.08185	1.657806e+07	4.794046e+07	468.3274	495.7295	8194.95	124604	5883.562	4195.374	5192.815	-5.338078	-17.08185	4195.374	5192.815
3071.48	5388.188	3602339	339.7012	2561.922	11210.12	6213.246	9995.526	632.0284	1190.036	2946.263	122883.9	5794.95	694.6619	-17.08185	2.464794e+07	6.809841e+07	368.3274	1395.729	11696.95	186991	6783.562	3695.374	3091.815	694.6619	-17.08185	3695.374	3091.815
3071.77	5888.188	2962746	1939.701	1761.922	14411.12	5112.246	9995.526	232.0284	890.0356	846.2634	54241.92	7594.95	-5.338078	182.9182	2.542896e+07	7.241526e+07	1168.327	495.7295	4293.95	216629	3782.562	7396.374	7192.815	-5.338078	182.9182	7396.374	7192.815
3072.05	3987.189	2728554	1539.701	3161.922	12510.12	3812.246	9995.526	532.0284	2190.036	2146.263	33204.92	6394.95	-5.338078	-17.08185	2.842683e+07	8.412154e+07	568.3274	895.7296	4393.95	252260	5783.562	1295.374	3291.815	-5.338078	-17.08185	1295.374	3291.815
3072.34	6688.188	1954838	839.7012	2861.922	13411.12	6813.246	15498.53	332.0284	1090.036	2446.263	52237.92	7394.95	-5.338078	282.9182	4.775356e+07	1.323165e+08	968.3274	1195.729	11296.95	458560.9	10484.56	4595.374	2491.815	-5.338078	282.9182	4595.374	2491.815
3072.62	8889.188	1549573	2039.701	4262.922	14311.12	5212.246	17700.53	732.0284	2590.036	2046.263	41016.92	8995.95	-5.338078	-17.08185	5.959247e+07	1.541936e+08	968.3274	695.7296	7994.95	676730.9	11485.56	995.3737	3391.815	-5.338078	-17.08185	995.3737	3391.815
3072.91	12690.19	1280505	1439.701	6462.922	19315.12	3412.246	15798.53	632.0284	3691.036	3846.263	40515.92	9195.95	94.66192	482.9182	7.126954e+07	2.14282e+08	568.3274	1495.729	18200.95	933399.9	12885.56	495.3737	3691.815	94.66192	482.9182	495.3737	3691.815
3073.2	16693.19	1266830	939.7012	6762.922	22717.12	5513.246	19601.53	2032.028	3190.036	3746.263	93055.92	17499.95	-5.338078	482.9182	9.76221e+07	2.723744e+08	1168.327	2095.729	13297.95	1559887	12685.56	795.3737	6092.815	-5.338078	482.9182	795.3737	6092.815
3073.48	41521.19	898602.6	939.7012	12665.92	45448.12	5913.246	23505.53	2832.028	4091.036	4646.263	58350.92	34216.95	94.66192	282.9182	1.110826e+08	3.084351e+08	1068.327	1595.729	3893.95	1584569	16087.56	5796.374	5992.815	94.66192	282.9182	5796.374	5992.815
3073.77	49837.19	748954.6	139.7012	18769.92	61483.12	6113.246	19601.53	3032.028	2690.036	3146.263	76198.92	45735.95	-5.338078	182.9182	1.152602e+08	2.82391e+08	2068.327	3195.729	5994.95	1649045	13386.56	995.3737	8092.815	-5.338078	182.9182	995.3737	8092.815
3074.05	72091.19	522652.6	3940.701	25675.92	85353.12	5012.246	20502.53	2232.028	3090.036	4846.263	86431.92	58762.95	-5.338078	382.9182	1.097154e+08	3.084351e+08	1468.327	2995.729	3993.95	1714645	10484.56	295.3737	9993.815	-5.338078	382.9182	295.3737	9993.815
3074.34	85132.19	418595.6	3540.701	31482.92	153377.1	5913.246	18500.53	2232.028	1890.036	4646.263	89944.92	59464.95	-5.338078	582.9182	1.177517e+08	3.184524e+08	1968.327	2795.729	3293.95	1602883	11185.56	95.37366	8492.815	-5.338078	582.9182	95.37366	8492.815
3074.63	96573.19	428361.6	2239.701	33785.92	214726.1	4712.246	19301.53	2132.028	3190.036	3846.263	100082.9	57860.95	-5.338078	182.9182	1.190783e+08	3.344805e+08	2068.327	3995.729	3593.95	1475488	12485.56	795.3737	9793.815	-5.338078	182.9182	795.3737	9793.815
3074.91	99886.19	251739.6	2639.701	45705.92	263792.1	3612.246	16199.53	2232.028	3791.036	4446.263	85227.92	58161.95	-5.338078	582.9182	1.225355e+08	3.004214e+08	1268.327	4595.729	4193.95	1436196	13886.56	4395.374	11594.82	-5.338078	582.9182	4395.374	11594.82
3075.2	108623.2	232751.6	3140.701	57730.92	283001.1	6813.246	24206.53	3132.028	3591.036	5347.263	95163.92	57960.95	-5.338078	782.9182	1.260106e+08	3.745531e+08	1868.327	3595.729	4093.95	1537672	13986.56	-4.626335	9893.815	-5.338078	782.9182	-4.626335	9893.815
3075.48	107618.2	165401.6	2439.701	53420.92	242377.1	6013.246	19201.53	2432.028	4091.036	6847.263	88739.92	59363.95	-5.338078	382.9182	1.196324e+08	3.725494e+08	2468.327	4495.729	4693.95	1582121	12385.56	-4.626335	11394.82	-5.338078	382.9182	-4.626335	11394.82
3075.77	114649.2	178897.6	4740.701	49512.92	217752.1	4612.246	25207.53	2232.028	3891.036	5947.263	94862.92	74504.95	-5.338078	582.9182	1.292406e+08	3.144455e+08	1668.327	4795.729	4293.95	1685243	12985.56	95.37366	12794.82	-5.338078	582.9182	95.37366	12794.82
3076.06	118668.2	134609.6	5541.701	44302.92	214020.1	6313.246	20602.53	2532.028	3991.036	6047.263	96468.92	80522.95	-5.338078	582.9182	1.346547e+08	3.224594e+08	1068.327	4995.729	5294.95	1817332	11485.56	95.37366	12494.82	-5.338078	582.9182	95.37366	12494.82
3076.34	132739.2	103353.6	3740.701	39294.92	199904.1	7614.246	22804.53	2432.028	4991.036	7947.263	94862.92	99089.95	-5.338078	82.91815	1.315515e+08	3.505092e+08	1468.327	3795.729	6394.95	1772262	16187.56	95.37366	9893.815	-5.338078	82.91815	95.37366	9893.815
3076.63	126305.2	115509.6	3840.701	33385.92	181061.1	9715.246	24806.53	1932.028	2890.036	4546.263	90445.92	104914	94.66192	82.91815	1.282903e+08	3.32477e+08	2168.327	3295.729	7394.95	1821950	13686.56	95.37366	11394.82	94.66192	82.91815	95.37366	11394.82
3076.91	115152.2	98332.64	1939.701	26776.92	175723.1	8514.246	30112.53	1732.028	3390.036	5447.263	88940.92	114958	-5.338078	282.9182	1.229587e+08	3.505092e+08	1868.327	3895.729	8194.95	1817439	13486.56	195.3737	9693.815	-5.338078	282.9182	195.3737	9693.815
3077.2	105509.2	104458.6	3840.701	26076.92	174414.1	9214.246	23705.53	1732.028	3991.036	5047.263	85528.92	136164	94.66192	382.9182	1.256746e+08	3.384877e+08	1468.327	5596.729	8594.95	1845379	14086.56	1095.374	10893.82	94.66192	382.9182	1095.374	10893.82
3077.49	104204.2	66720.64	4440.701	24674.92	156395.1	7914.246	23105.53	2732.028	4491.036	4246.263	85929.92	132444	-5.338078	282.9182	1.25105e+08	3.224594e+08	1468.327	5296.729	7494.95	1948262	11685.56	-4.626335	9093.815	-5.338078	282.9182	-4.626335	9093.815
3077.77	95770.19	51079.64	2039.701	20170.92	158911.1	7213.246	20802.53	1732.028	4991.036	4646.263	82719.92	114154	94.66192	82.91815	1.174602e+08	3.264664e+08	1368.327	4495.729	3693.95	1721064	9484.562	-4.626335	7892.815	94.66192	82.91815	-4.626335	7892.815
3078.06	82322.19	58698.64	4240.701	17668.92	107036.1	7213.246	17099.53	1532.028	1690.036	2046.263	68075.92	93267.95	-5.338078	382.9182	1.003914e+08	2.363163e+08	368.3274	3295.729	2493.95	1536928	7483.562	-4.626335	6692.815	-5.338078	382.9182	-4.626335	6692.815
3078.35	61763.19	104960.6	3740.701	13765.92	87962.12	4212.246	13497.53	1632.028	2690.036	2246.263	47828.92	69891.95	-5.338078	-17.08185	8.43565e+07	2.202913e+08	468.3274	3095.729	3193.95	1164289	5683.562	95.37366	4591.815	-5.338078	-17.08185	95.37366	4591.815
3078.63	49235.19	79560.64	2139.701	10464.92	63789.12	3712.246	11696.53	832.0284	590.0356	2546.263	41516.92	50143.95	-5.338078	182.9182	6.167229e+07	1.481852e+08	668.3274	1595.729	1693.95	864486.9	4382.562	-4.626335	2691.815	-5.338078	182.9182	-4.626335	2691.815
3078.92	36914.19	47271.64	3440.701	7362.922	49957.12	2011.246	8094.527	1232.028	1390.036	1146.263	29800.92	37922.95	-5.338078	-17.08185	4.858257e+07	1.341657e+08	368.3274	1095.729	893.9502	677038.9	3582.562	-4.626335	4391.815	-5.338078	-17.08185	-4.626335	4391.815
3079.2	26701.19	40657.64	3240.701	6062.922	39038.12	4412.246	5693.527	1432.028	1290.036	1246.263	25595.92	30311.95	-5.338078	-17.08185	3.844761e+07	9.970717e+07	568.3274	895.7296	1593.95	489030.9	3782.562	-4.626335	1991.815	-5.338078	-17.08185	-4.626335	1991.815
3079.49	23198.19	36049.64	2339.701	4162.922	33229.12	1611.246	5193.527	32.02844	890.0356	1246.263	19189.92	25006.95	-5.338078	282.9182	3.065912e+07	8.500577e+07	68.3274	995.7296	1193.95	415009.9	3682.562	-4.626335	1391.815	-5.338078	282.9182	-4.626335	1391.815
3079.77	20395.19	23231.64	1039.701	4262.922	22417.12	1511.246	4293.527	32.02844	-109.9644	646.2634	14987.92	20101.95	-5.338078	-17.08185	2.503133e+07	6.76367e+07	268.3274	895.7296	693.9502	346072.9	1782.562	195.3737	1191.815	-5.338078	-17.08185	195.3737	1191.815
3080.06	15092.19	160267.6	2339.701	3061.922	21116.12	511.2456	2892.527	332.0284	-9.964355	546.2634	11185.92	13597.95	-5.338078	-17.08185	1.748483e+07	5.308063e+07	368.3274	595.7296	693.9502	258322	1082.562	-4.626335	1191.815	-5.338078	-17.08185	-4.626335	1191.815
3080.35	12690.19	50879.64	839.7012	1961.922	14011.12	1711.246	3693.527	-267.9716	590.0356	646.2634	9284.918	13397.95	-5.338078	-17.08185	1.561488e+07	4.606142e+07	368.3274	95.72954	793.9502	206342	2382.562	-4.626335	891.8149	-5.338078	-17.08185	-4.626335	891.8149
3080.63	9089.188	96926.64	1339.701	2261.922	14711.12	611.2456	1992.527	-267.9716	590.0356	446.2633	9784.918	10895.95	-5.338078	82.91815	1.405734e+07	3.632348e+07	68.3274	295.7295	393.9502	180745	882.5623	-4.626335	691.8149	-5.338078	82.91815	-4.626335	691.8149
3080.92	7188.188	94416.64	1139.701	1761.922	9009.117	2611.246	1192.527	432.0284	390.0356	46.26334	6783.918	6994.95	-5.338078	-17.08185	1.073218e+07	2.965121e+07	68.3274	395.7295	393.9502	155074	1282.562	-4.626335	291.8149	-5.338078	-17.08185	-4.626335	291.8149
3081.2	5588.188	117318.6	-260.2988	1761.922	10709.12	211.2456	1592.527	-67.97156	-109.9644	346.2633	4282.918	6094.95	-5.338078	-17.08185	9134389	2.337615e+07	68.3274	295.7295	193.9502	119378	882.5623	-4.626335	891.8149	-5.338078	-17.08185	-4.626335	891.8149
3081.49	5388.188	61305.64	739.7012	861.9218	6108.118	711.2456	1292.527	-267.9716	390.0356	346.2633	3782.918	5394.95	-5.338078	-17.08185	6322334	1.897596e+07	-31.6726	-4.270463	193.9502	91861.95	682.5623	-4.626335	291.8149	-5.338078	-17.08185	-4.626335	291.8149
3081.78	2987.189	77152.64	539.7012	1061.922	6408.118	111.2456	1092.527	232.0284	-109.9644	446.2633	4182.918	4193.95	-5.338078	-17.08185	5715000	1.51356e+07	68.3274	95.72954	-6.049822	69389.95	382.5623	-4.626335	691.8149	-5.338078	-17.08185	-4.626335	691.8149
3082.06	4587.188	75346.64	1439.701	361.9218	5908.118	411.2456	-107.4733	-67.97156	1090.036	46.26334	2982.918	3593.95	-5.338078	-17.08185	4599468	1.23788e+07	-31.6726	195.7295	293.9502	63473.95	582.5623	-4.626335	391.8149	-5.338078	-17.08185	-4.626335	391.8149
3082.35	2387.189	71033.64	439.7012	461.9218	4507.118	-2189.754	392.5267	232.0284	390.0356	346.2633	1982.918	2493.95	-5.338078	-17.08185	2849220	1.017773e+07	168.3274	95.72954	-6.049822	52448.95	282.5623	-4.626335	-8.185054	-5.338078	-17.08185	-4.626335	-8.185054
3082.63	2887.189	41459.64	-160.2988	761.9218	3607.117	-388.7544	1792.527	-67.97156	390.0356	246.2633	1082.918	2593.95	94.66192	-17.08185	3216136	8744226	168.3274	-4.270463	193.9502	45735.95	482.5623	-4.626335	191.8149	94.66192	-17.08185	-4.626335	191.8149
3082.92	1987.189	38954.64	39.70117	161.9218	4307.118	711.2456	1692.527	-267.9716	-9.964355	46.26334	1582.918	1593.95	-5.338078	82.91815	2609336	7240378	-31.6726	95.72954	-6.049822	31613.95	82.56228	-4.626335	191.8149	-5.338078	82.91815	-4.626335	191.8149
3083.21	1587.189	32243.64	-660.2988	61.92175	1707.117	-1089.754	492.5267	-267.9716	-309.9644	46.26334	1782.918	993.9502	-5.338078	-17.08185	2397684	5538680	-31.6726	-4.270463	-6.049822	30912.95	82.56228	-4.626335	91.81495	-5.338078	-17.08185	-4.626335	91.81495
3083.49	1287.189	46369.64	-1061.299	361.9218	707.1174	-2189.754	292.5267	-67.97156	-209.9644	46.26334	782.9182	1693.95	-5.338078	-17.08185	1607635	5297672	-31.6726	-4.270463	193.9502	24105.95	182.5623	-4.626335	-8.185054	-5.338078	-17.08185	-4.626335	-8.185054
3083.78	1887.189	29639.64	1539.701	1061.922	2807.117	-1289.754	192.5267	-67.97156	-309.9644	46.26334	882.9182	1793.95	-5.338078	-17.08185	1762810	5269319	-31.6726	-4.270463	-6.049822	19501.95	182.5623	-4.626335	191.8149	-5.338078	-17.08185	-4.626335	191.8149
3084.07	1487.189	30941.64	239.7012	861.9218	2007.117	-188.7544	-7.473267	-467.9716	-9.964355	46.26334	882.9182	793.9502	-5.338078	-17.08185	1635849	2845994	-31.6726	-4.270463	-6.049822	21302.95	282.5623	-4.626335	91.81495	-5.338078	-17.08185	-4.626335	91.81495
3084.36	687.1886	30340.64	-1861.299	-238.0782	1707.117	211.2456	592.5267	32.02844	-509.9644	146.2633	682.9182	893.9502	-5.338078	-17.08185	1269097	3908652	-31.6726	95.72954	193.9502	14998.95	282.5623	-4.626335	-8.185054	-5.338078	-17.08185	-4.626335	-8.185054
3084.64	187.1886	20728.64	239.7012	61.92175	1307.117	-789.7544	-1107.473	-67.97156	-9.964355	46.26334	482.9182	793.9502	-5.338078	-17.08185	782841.4	2888494	68.3274	95.72954	-6.049822	12496.95	-17.43772	-4.626335	91.81495	-5.338078	-17.08185	-4.626335	91.81495
3084.93	687.1886	15923.64	139.7012	161.9218	907.1174	-188.7544	-607.4733	-367.9716	-209.9644	-53.73666	282.9182	593.9502	-5.338078	-17.08185	1099841	2392691	-31.6726	-4.270463	-6.049822	8995.95	282.5623	-4.626335	91.81495	-5.338078	-17.08185	-4.626335	91.81495
3085.23	687.1886	19526.64	-460.2988	-138.0782	907.1174	-1689.754	-407.4733	332.0284	290.0356	46.26334	482.9182	393.9502	-5.338078	-17.08185	958799.4	1783656	68.3274	-4.270463	-6.049822	14297.95	82.56228	-4.626335	-8.185054	-5.338078	-17.08185	-4.626335	-8.185054
3085.52	-12.81139	6716.641	-160.2988	-138.0782	907.1174	-388.7544	592.5267	-167.9716	90.03564	46.26334	582.9182	193.9502	-5.338078	-17.08185	528193.4	1557065	68.3274	-4.270463	-6.049822	7294.95	82.56228	-4.626335	91.81495	-5.338078	-17.08185	-4.626335	91.81495
3085.8	487.1886	6716.641	139.7012	161.9218	1707.117	-188.7544	92.52673	-367.9716	-309.9644	-53.73666	182.9182	593.9502	-5.338078	-17.08185	486357.4	849060.8	68.3274	-4.270463	-6.049822	5294.95	82.56228	-4.626335	-8.185054	-5.338078	-17.08185	-4.626335	-8.185054
3086.09	-12.81139	4415.641	-360.2988	61.92175	707.1174	611.2456	-407.4733	-167.9716	590.0356	-53.73666	182.9182	-6.049822	-5.338078	-17.08185	405331.4	622529.8	-31.6726	-4.270463	-6.049822	5194.95	82.56228	-4.626335	-8.185054	-5.338078	-17.08185	-4.626335	-8.185054
3086.38	87.18861	3915.641	539.7012	-238.0782	607.1174	-1189.754	-907.4733	332.0284	-109.9644	-53.73666	382.9182	193.9502	-5.338078	-17.08185	413462.4	565898.8	-31.6726	-4.270463	-6.049822	2893.95	-17.43772	-4.626335	-8.185054	-5.338078	-17.08185	-4.626335	-8.185054
3086.67	87.18861	6516.641	2539.701	-38.07825	707.1174	-1289.754	92.52673	-67.97156	190.0356	-53.73666	482.9182	193.9502	-5.338078	-17.08185	255570.4	1061447	-31.6726	195.7295	-6.049822	5094.95	82.56228	-4.626335	-8.185054	-5.338078	-17.08185	-4.626335	-8.185054
3086.96	287.1886	6016.641	-1061.299	261.9218	107.1174	-288.7544	-407.4733	332.0284	-509.9644	46.26334	-17.08185	93.95018	-5.338078	-17.08185	157867.4	905695.8	-31.6726	-4.270463	-6.049822	2893.95	-17.43772	-4.626335	-8.185054	-5.338078	-17.08185	-4.626335	-8.185054
3087.26	187.1886	9418.641	-1661.299	-238.0782	107.1174	311.2456	-107.4733	232.0284	-509.9644	-53.73666	-17.08185	293.9502	-5.338078	-17.08185	112671.4	452640.8	-31.6726	-4.270463	-6.049822	5494.95	-17.43772	-4.626335	-8.185054	-5.338078	-17.08185	-4.626335	-8.185054
3087.55	-12.81139	1014.641	339.7012	-338.0782	307.1174	-1389.754	-307.4733	132.0284	-409.9644	46.26334	82.91815	-6.049822	-5.338078	-17.08185	132822.4	735793.8	-31.6726	-4.270463	93.95018	4793.95	-17.43772	-4.626335	-8.185054	-5.338078	-17.08185	-4.626335	-8.185054
3087.83	-12.81139	-1085.359	139.7012	-138.0782	7.117439	-1189.754	-507.4733	332.0284	390.0356	46.26334	82.91815	93.95018	94.66192	-17.08185	167127.4	820743.8	-31.6726	-4.270463	-6.049822	1893.95	82.56228	-4.626335	-8.185054	94.66192	-17.08185	-4.626335	-8.185054
3088.12	-12.81139	3215.641	439.7012	-138.0782	207.1174	-288.7544	-407.4733	-167.9716	-309.9644	-53.73666	82.91815	93.95018	-5.338078	-17.08185	95552.4	339385.8	-31.6726	95.72954	-6.049822	2193.95	-17.43772	-4.626335	-8.185054	-5.338078	-17.08185	-4.626335	-8.185054
3088.4	287.1886	-585.3594	-160.2988	-238.0782	407.1174	-2189.754	-207.4733	-367.9716	-109.9644	46.26334	-17.08185	-6.049822	-5.338078	82.91815	165113.4	259183.8	-31.6726	-4.270463	-6.049822	993.9502	82.56228	-4.626335	-8.185054	-5.338078	82.91815	-4.626335	-8.185054
3088.69	387.1886	-185.3594	-160.2988	-338.0782	-92.88256	-188.7544	392.5267	232.0284	490.0356	146.2633	-17.08185	193.9502	-5.338078	-17.08185	143883.4	141198.8	-31.6726	-4.270463	-6.049822	293.9502	-17.43772	-4.626335	-8.185054	-5.338078	-17.08185	-4.626335	-8.185054
3088.98	287.1886	114.6406	-1361.299	361.9218	207.1174	511.2456	-107.4733	32.02844	-209.9644	-53.73666	82.91815	193.9502	94.66192	-17.08185	101575.4	246152.8	-31.6726	-4.270463	-6.049822	1893.95	-17.43772	-4.626335	-8.185054	94.66192	-17.08185	-4.626335	-8.185054
3089.26	87.18861	814.6406	39.70117	-38.07825	7.117439	-488.7544	-707.4733	532.0284	490.0356	-53.73666	-17.08185	-6.049822	-5.338078	-17.08185	43106.39	283243.8	-31.6726	-4.270463	-6.049822	893.9502	-17.43772	-4.626335	91.81495	-5.338078	-17.08185	-4.626335	91.81495
3089.55	-12.81139	-185.3594	239.7012	261.9218	107.1174	-588.7544	-107.4733	-467.9716	390.0356	46.26334	182.9182	-6.049822	-5.338078	-17.08185	171254.4	296916.8	-31.6726	-4.270463	-6.049822	2093.95	-17.43772	-4.626335	-8.185054	-5.338078	-17.08185	-4.626335	-8.185054
3089.84	87.18861	114.6406	-1061.299	-38.07825	-92.88256	11.24561	92.52673	332.0284	-409.9644	246.2633	82.91815	-6.049822	-5.338078	-17.08185	211763.4	55505.77	-31.6726	-4.270463	-6.049822	93.95018	-17.43772	-4.626335	-8.185054	-5.338078	-17.08185	-4.626335	-8.185054
3090.12	-12.81139	-285.3594	339.7012	-138.0782	307.1174	-588.7544	-1107.473	-267.9716	490.0356	-53.73666	-17.08185	-6.049822	-5.338078	-17.08185	98965.4	206495.8	-31.6726	-4.270463	-6.049822	193.9502	-17.43772	-4.626335	-8.185054	-5.338078	-17.08185	-4.626335	-8.185054
3090.41	87.18861	514.6406	-260.2988	-38.07825	7.117439	-789.7544	-707.4733	-67.97156	190.0356	-53.73666	182.9182	93.95018	-5.338078	-17.08185	12072.39	91210.77	-31.6726	-4.270463	-6.049822	1293.95	-17.43772	-4.626335	-8.185054	-5.338078	-17.08185	-4.626335	-8.185054
3090.7	87.18861	614.6406	439.7012	-38.07825	107.1174	-689.7544	-407.4733	132.0284	-809.9644	46.26334	-17.08185	-6.049822	-5.338078	-17.08185	17976.39	325229.8	-31.6726	-4.270463	-6.049822	193.9502	-17.43772	-4.626335	-8.185054	-5.338078	-17.08185	-4.626335	-8.185054
3090.99	-12.81139	114.6406	939.7012	261.9218	-92.88256	611.2456	-807.4733	-67.97156	690.0356	-53.73666	-17.08185	-6.049822	-5.338078	-17.08185	295981.4	118123.8	168.3274	-4.270463	-6.049822	393.9502	-17.43772	-4.626335	-8.185054	-5.338078	-17.08185	-4.626335	-8.185054
3091.28	-12.81139	314.6406	139.7012	761.9218	7.117439	-88.75439	-7.473267	232.0284	290.0356	-53.73666	-17.08185	293.9502	-5.338078	182.9182	14473.39	211978.8	-31.6726	-4.270463	-6.049822	193.9502	82.56228	-4.626335	-8.185054	-5.338078	182.9182	-4.626335	-8.185054
3091.57	-12.81139	-385.3594	-1461.299	261.9218	-92.88256	11.24561	92.52673	132.0284	290.0356	-53.73666	-17.08185	93.95018	-5.338078	-17.08185	35795.39	64728.77	-31.6726	-4.270463	-6.049822	393.9502	-17.43772	-4.626335	-8.185054	-5.338078	-17.08185	-4.626335	-8.185054
3091.86	87.18861	614.6406	439.7012	61.92175	-92.88256	-588.7544	-7.473267	-367.9716	490.0356	46.26334	-17.08185	-6.049822	-5.338078	82.91815	52424.39	98731.77	-31.6726	-4.270463	-6.049822	193.9502	-17.43772	-4.626335	191.8149	-5.338078	82.91815	-4.626335	191.8149
3092.14	187.1886	114.6406	-360.2988	261.9218	-92.88256	-1789.754	-407.4733	-467.9716	290.0356	46.26334	82.91815	-6.049822	-5.338078	-17.08185	13173.39	106370.8	-31.6726	-4.270463	-6.049822	93.95018	-17.43772	-4.626335	-8.185054	-5.338078	-17.08185	-4.626335	-8.185054
3092.43	-12.81139	14.64062	239.7012	761.9218	107.1174	-88.75439	292.5267	-67.97156	-309.9644	46.26334	82.91815	93.95018	-5.338078	-17.08185	37898.39	1343.772	-31.6726	-4.270463	-6.049822	193.9502	-17.43772	-4.626335	-8.185054	-5.338078	-17.08185	-4.626335	-8.185054
3092.72	-12.81139	214.6406	-1661.299	-238.0782	7.117439	-488.7544	-707.4733	-367.9716	90.03564	46.26334	82.91815	-6.049822	94.66192	-17.08185	5170.395	-356.2278	-31.6726	-4.270463	-6.049822	193.9502	-17.43772	-4.626335	-8.185054	94.66192	-17.08185	-4.626335	-8.185054
3093.01	-12.81139	-585.3594	39.70117	-38.07825	107.1174	-1189.754	-807.4733	-167.9716	390.0356	-53.73666	182.9182	293.9502	-5.338078	-17.08185	11372.39	-356.2278	-31.6726	-4.270463	-6.049822	-6.049822	-17.43772	-4.626335	-8.185054	-5.338078	-17.08185	-4.626335	-8.185054
3093.29	-12.81139	114.6406	-1061.299	61.92175	-92.88256	-689.7544	-607.4733	-367.9716	190.0356	-53.73666	-17.08185	-6.049822	94.66192	-17.08185	3569.395	22654.77	68.3274	-4.270463	-6.049822	393.9502	-17.43772	-4.626335	91.81495	94.66192	-17.08185	-4.626335	91.81495
3093.58	87.18861	-1085.359	539.7012	61.92175	-92.88256	-388.7544	-807.4733	32.02844	-309.9644	-53.73666	-17.08185	-6.049822	94.66192	-17.08185	269.395	843.7722	168.3274	-4.270463	-6.049822	-6.049822	-17.43772	-4.626335	91.81495	94.66192	-17.08185	-4.626335	91.81495
3093.87	-12.81139	514.6406	1239.701	-38.07825	7.117439	-388.7544	92.52673	-367.9716	390.0356	-53.73666	82.91815	193.9502	-5.338078	-17.08185	19076.39	60116.77	-31.6726	-4.270463	-6.049822	-6.049822	-17.43772	-4.626335	-8.185054	-5.338078	-17.08185	-4.626335	-8.185054
3094.15	-12.81139	-85.35938	39.70117	161.9218	7.117439	-588.7544	92.52673	-167.9716	190.0356	46.26334	-17.08185	93.95018	-5.338078	-17.08185	70469.4	9245.772	-31.6726	-4.270463	-6.049822	-6.049822	-17.43772	-4.626335	-8.185054	-5.338078	-17.08185	-4.626335	-8.185054
3094.44	-12.81139	-1085.359	739.7012	61.92175	-92.88256	-588.7544	-407.4733	-267.9716	-609.9644	-53.73666	-17.08185	-6.049822	-5.338078	-17.08185	5970.395	243.7722	-31.6726	95.72954	-6.049822	-6.049822	-17.43772	-4.626335	-8.185054	-5.338078	-17.08185	-4.626335	-8.185054
3094.73	-12.81139	9918.641	239.7012	-338.0782	7.117439	-488.7544	-507.4733	32.02844	-209.9644	-53.73666	-17.08185	-6.049822	-5.338078	-17.08185	20277.39	-356.2278	-31.6726	-4.270463	-6.049822	193.9502	82.56228	-4.626335	-8.185054	-5.338078	-17.08185	-4.626335	-8.185054
3095.01	-12.81139	1114.641	-1161.299	61.92175	-92.88256	-989.7544	-607.4733	-367.9716	690.0356	-53.73666	-17.08185	-6.049822	-5.338078	82.91815	7370.395	543.7722	-31.6726	-4.270463	-6.049822	393.9502	-17.43772	-4.626335	-8.185054	-5.338078	82.91815	-4.626335	-8.185054
3095.3	87.18861	-585.3594	-260.2988	-238.0782	-92.88256	-388.7544	192.5267	-467.9716	-209.9644	46.26334	-17.08185	-6.049822	-5.338078	-17.08185	169.395	7444.772	-31.6726	-4.270463	-6.049822	793.9502	-17.43772	-4.626335	-8.185054	-5.338078	-17.08185	-4.626335	-8.185054
3095.58	87.18861	-285.3594	-1061.299	-538.0782	7.117439	611.2456	-207.4733	-67.97156	490.0356	46.26334	-17.08185	-6.049822	-5.338078	-17.08185	569.395	743.7722	-31.6726	-4.270463	93.95018	393.9502	82.56228	-4.626335	-8.185054	-5.338078	-17.08185	-4.626335	-8.185054
3095.87	-12.81139	-285.3594	139.7012	-438.0782	107.1174	-1489.754	-907.4733	-267.9716	190.0356	-53.73666	-17.08185	-6.049822	-5.338078	-17.08185	9971.395	2643.772	-31.6726	-4.270463	-6.049822	293.9502	-17.43772	-4.626335	-8.185054	-5.338078	-17.08185	-4.626335	-8.185054
3096.15	-12.81139	-385.3594	139.7012	261.9218	7.117439	1011.246	-7.473267	132.0284	90.03564	-53.73666	-17.08185	-6.049822	-5.338078	-17.08185	68363.4	2943.772	-31.6726	-4.270463	-6.049822	393.9502	-17.43772	95.37366	-8.185054	-5.338078	-17.08185	95.37366	-8.185054
3096.44	-12.81139	1714.641	239.7012	161.9218	7.117439	-1089.754	-407.4733	232.0284	390.0356	-53.73666	-17.08185	-6.049822	-5.338078	-17.08185	269.395	9245.772	-31.6726	-4.270463	-6.049822	393.9502	-17.43772	-4.626335	-8.185054	-5.338078	-17.08185	-4.626335	-8.185054
3096.72	87.18861	-285.3594	839.7012	-238.0782	307.1174	-288.7544	-607.4733	-267.9716	-109.9644	-53.73666	-17.08185	-6.049822	-5.338078	-17.08185	76486.4	7744.772	168.3274	-4.270463	-6.049822	-6.049822	-17.43772	-4.626335	91.81495	-5.338078	-17.08185	-4.626335	91.81495
3097.01	-12.81139	-285.3594	539.7012	161.9218	-92.88256	-2189.754	-607.4733	-267.9716	290.0356	46.26334	-17.08185	-6.049822	-5.338078	-17.08185	-30.60498	53000.77	-31.6726	-4.270463	-6.049822	593.9502	-17.43772	-4.626335	-8.185054	-5.338078	-17.08185	-4.626335	-8.185054
3097.29	-12.81139	-1285.359	-60.29883	-138.0782	-92.88256	-588.7544	-507.4733	-467.9716	90.03564	46.26334	-17.08185	-6.049822	-5.338078	-17.08185	12972.39	43.77225	-31.6726	-4.270463	-6.049822	-6.049822	82.56228	-4.626335	-8.185054	-5.338078	-17.08185	-4.626335	-8.185054
3097.58	-12.81139	-785.3594	-260.2988	261.9218	7.117439	-689.7544	-107.4733	32.02844	190.0356	-53.73666	-17.08185	-6.049822	-5.338078	-17.08185	8771.395	343.7722	68.3274	-4.270463	-6.049822	-6.049822	-17.43772	-4.626335	-8.185054	-5.338078	-17.08185	-4.626335	-8.185054
3097.86	-12.81139	-285.3594	39.70117	161.9218	7.117439	211.2456	-507.4733	32.02844	-809.9644	46.26334	-17.08185	-6.049822	-5.338078	-17.08185	369.395	40076.77	-31.6726	-4.270463	-6.049822	-6.049822	-17.43772	95.37366	-8.185054	-5.338078	-17.08185	95.37366	-8.185054
3098.15	-12.81139	14.64062	-560.2988	-138.0782	7.117439	-1289.754	-607.4733	-267.9716	-309.9644	246.2633	-17.08185	-6.049822	-5.338078	-17.08185	-30.60498	-56.22775	-31.6726	-4.270463	-6.049822	-6.049822	-17.43772	-4.626335	-8.185054	-5.338078	-17.08185	-4.626335	-8.185054
3098.43	-12.81139	1514.641	-60.29883	-38.07825	-92.88256	-188.7544	-607.4733	-567.9716	490.0356	-53.73666	-17.08185	-6.049822	-5.338078	-17.08185	69.39502	43.77225	-31.6726	-4.270463	-6.049822	-6.049822	-17.43772	-4.626335	-8.185054	-5.338078	-17.08185	-4.626335	-8.185054
3098.72	-12.81139	214.6406	939.7012	-38.07825	207.1174	-488.7544	-107.4733	132.0284	-209.9644	-53.73666	-17.08185	-6.049822	-5.338078	182.9182	569.395	243.7722	-31.6726	-4.270463	-6.049822	-6.049822	-17.43772	-4.626335	-8.185054	-5.338078	182.9182	-4.626335	-8.185054
3099	-12.81139	-1085.359	-660.2988	161.9218	-92.88256	-1289.754	-207.4733	132.0284	290.0356	46.26334	-17.08185	-6.049822	-5.338078	-17.08185	69.39502	743.7722	-31.6726	-4.270463	-6.049822	-6.049822	-17.43772	-4.626335	-8.185054	-5.338078	-17.08185	-4.626335	-8.185054
3099.29	-12.81139	-485.3594	39.70117	161.9218	7.117439	-88.75439	-7.473267	-267.9716	-509.9644	-53.73666	-17.08185	-6.049822	-5.338078	-17.08185	69.39502	243.7722	-31.6726	-4.270463	-6.049822	-6.049822	-17.43772	-4.626335	-8.185054	-5.338078	-17.08185	-4.626335	-8.185054
3099.57	-12.81139	614.6406	-60.29883	61.92175	-92.88256	-1189.754	92.52673	32.02844	-209.9644	46.26334	-17.08185	-6.049822	-5.338078	-17.08185	3769.395	143.7722	-31.6726	-4.270463	-6.049822	-6.049822	-17.43772	-4.626335	-8.185054	-5.338078	-17.08185	-4.626335	-8.185054
3099.86	-12.81139	514.6406	-160.2988	461.9218	307.1174	-1489.754	-7.473267	-167.9716	390.0356	-53.73666	-17.08185	-6.049822	-5.338078	-17.08185	69.39502	63123.77	-31.6726	-4.270463	-6.049822	793.9502	-17.43772	-4.626335	-8.185054	-5.338078	-17.08185	-4.626335	-8.185054
3100.14	-12.81139	-2686.359	439.7012	-638.0782	-92.88256	-1089.754	-107.4733	-267.9716	390.0356	46.26334	-17.08185	-6.049822	-5.338078	-17.08185	69.39502	-56.22775	68.3274	-4.270463	-6.049822	-6.049822	-17.43772	-4.626335	-8.185054	-5.338078	-17.08185	-4.626335	-8.185054
3100.43	-12.81139	-685.3594	639.7012	-138.0782	307.1174	211.2456	-507.4733	-367.9716	90.03564	-53.73666	-17.08185	-6.049822	-5.338078	-17.08185	869.395	343.7722	-31.6726	-4.270463	-6.049822	-6.049822	-17.43772	-4.626335	-8.185054	-5.338078	-17.08185	-4.626335	-8.185054
3100.71	-12.81139	-85.35938	-60.29883	461.9218	7.117439	-288.7544	-207.4733	-267.9716	190.0356	146.2633	-17.08185	-6.049822	-5.338078	-17.08185	69.39502	-156.2278	-31.6726	-4.270463	-6.049822	-6.049822	-17.43772	-4.626335	-8.185054	-5.338078	-17.08185	-4.626335	-8.185054
3101	-12.81139	-985.3594	-460.2988	461.9218	7.117439	-1689.754	492.5267	232.0284	-609.9644	46.26334	82.91815	-6.049822	-5.338078	-17.08185	269.395	643.7722	68.3274	-4.270463	-6.049822	-6.049822	-17.43772	-4.626335	-8.185054	-5.338078	-17.08185	-4.626335	-8.185054
