ElapsedTime_s	Ti49_CPS	Al27_CPS	S33_CPS	Sc45_CPS	V51_CPS	Mn55_CPS	Fe57_CPS	Co59_CPS	Ni60_CPS	Ga71_CPS	Zr90_CPS	Nb93_CPS	Mo97_CPS	In113_CPS	Sn119_CPS	Sn118_CPS	Sb121_CPS	Hf177_CPS	Ta181_CPS	W183_CPS	Pb206_CPS	Th232_CPS	U238_CPS	Tc97_CPS	Cd113_CPS	U232_CPS	Pu238_CPS
0	87.18861	214.6406	-961.2988	-538.0782	-92.88256	-588.7544	192.5267	-267.9716	390.0356	46.26334	-17.08185	-6.049822	-5.338078	-17.08185	23280.39	82279.77	-31.6726	95.72954	-6.049822	-6.049822	-17.43772	-4.626335	-8.185054	-5.338078	-17.08185	-4.626335	-8.185054
																											
9.04	-12.81139	514.6406	439.7012	-38.07825	-92.88256	-1689.754	-507.4733	332.0284	290.0356	146.2633	-17.08185	-6.049822	-5.338078	-17.08185	7070.395	43.77225	-31.6726	-4.270463	-6.049822	-6.049822	-17.43772	-4.626335	-8.185054	-5.338078	-17.08185	-4.626335	-8.185054
9.34	-12.81139	1314.641	-60.29883	-338.0782	-92.88256	-1389.754	92.52673	-167.9716	890.0356	-53.73666	182.9182	-6.049822	-5.338078	-17.08185	14073.39	-356.2278	-31.6726	-4.270463	-6.049822	-6.049822	-17.43772	-4.626335	191.8149	-5.338078	-17.08185	-4.626335	191.8149
9.62	-12.81139	114.6406	-1061.299	-338.0782	307.1174	-288.7544	-307.4733	432.0284	1190.036	-53.73666	-17.08185	93.95018	-5.338078	-17.08185	-30.60498	-56.22775	-31.6726	-4.270463	-6.049822	-6.049822	-17.43772	-4.626335	-8.185054	-5.338078	-17.08185	-4.626335	-8.185054
9.91	-12.81139	314.6406	-1061.299	-38.07825	-92.88256	-989.7544	-107.4733	132.0284	-109.9644	-53.73666	-17.08185	-6.049822	-5.338078	-17.08185	6670.395	-256.2278	-31.6726	-4.270463	-6.049822	-6.049822	-17.43772	-4.626335	-8.185054	-5.338078	-17.08185	-4.626335	-8.185054
10.19	-12.81139	-185.3594	-560.2988	961.9218	-92.88256	-1489.754	-907.4733	332.0284	190.0356	146.2633	-17.08185	-6.049822	-5.338078	82.91815	-30.60498	443.7722	-31.6726	-4.270463	-6.049822	-6.049822	-17.43772	-4.626335	-8.185054	-5.338078	82.91815	-4.626335	-8.185054
10.48	-12.81139	814.6406	-60.29883	61.92175	-92.88256	-689.7544	-107.4733	-467.9716	290.0356	-53.73666	-17.08185	-6.049822	-5.338078	-17.08185	12272.39	-356.2278	-31.6726	-4.270463	-6.049822	-6.049822	-17.43772	-4.626335	-8.185054	-5.338078	-17.08185	-4.626335	-8.185054
10.76	-12.81139	1014.641	-260.2988	61.92175	7.117439	-1689.754	392.5267	32.02844	-409.9644	46.26334	-17.08185	-6.049822	-5.338078	-17.08185	69.39502	-56.22775	-31.6726	-4.270463	-6.049822	-6.049822	-17.43772	-4.626335	-8.185054	-5.338078	-17.08185	-4.626335	-8.185054
11.05	-12.81139	3115.641	339.7012	661.9218	-92.88256	-1389.754	92.52673	-367.9716	-109.9644	-53.73666	-17.08185	-6.049822	-5.338078	-17.08185	4669.395	-56.22775	-31.6726	-4.270463	-6.049822	-6.049822	-17.43772	95.37366	-8.185054	-5.338078	-17.08185	95.37366	-8.185054
11.33	87.18861	414.6406	-761.2988	-138.0782	207.1174	-1689.754	-207.4733	432.0284	-9.964355	-53.73666	-17.08185	-6.049822	-5.338078	-17.08185	369.395	-56.22775	-31.6726	-4.270463	-6.049822	-6.049822	-17.43772	-4.626335	-8.185054	-5.338078	-17.08185	-4.626335	-8.185054
11.62	-12.81139	-485.3594	939.7012	-138.0782	-92.88256	-889.7544	-507.4733	332.0284	-9.964355	-53.73666	-17.08185	-6.049822	-5.338078	-17.08185	-30.60498	-56.22775	-31.6726	-4.270463	-6.049822	-6.049822	82.56228	-4.626335	-8.185054	-5.338078	-17.08185	-4.626335	-8.185054
11.9	-12.81139	1514.641	-560.2988	-38.07825	7.117439	-588.7544	-607.4733	332.0284	-809.9644	46.26334	-17.08185	-6.049822	-5.338078	-17.08185	-130.605	-56.22775	-31.6726	-4.270463	-6.049822	-6.049822	-17.43772	-4.626335	-8.185054	-5.338078	-17.08185	-4.626335	-8.185054
12.19	-12.81139	914.6406	339.7012	-438.0782	107.1174	-1889.754	-407.4733	-167.9716	-109.9644	-53.73666	-17.08185	-6.049822	-5.338078	-17.08185	-30.60498	243.7722	-31.6726	-4.270463	-6.049822	-6.049822	-17.43772	-4.626335	-8.185054	-5.338078	-17.08185	-4.626335	-8.185054
12.47	-12.81139	1814.641	-1361.299	-138.0782	-92.88256	-2289.754	1092.527	32.02844	590.0356	46.26334	82.91815	-6.049822	-5.338078	-17.08185	-130.605	35769.77	68.3274	-4.270463	-6.049822	-6.049822	-17.43772	-4.626335	-8.185054	-5.338078	-17.08185	-4.626335	-8.185054
12.76	-12.81139	-385.3594	-260.2988	-338.0782	-92.88256	-1989.754	-507.4733	232.0284	-209.9644	46.26334	-17.08185	-6.049822	-5.338078	-17.08185	-130.605	143.7722	-31.6726	-4.270463	-6.049822	-6.049822	-17.43772	-4.626335	-8.185054	-5.338078	-17.08185	-4.626335	-8.185054
13.04	-12.81139	14.64062	-660.2988	461.9218	-92.88256	-1489.754	492.5267	632.0284	-9.964355	46.26334	-17.08185	-6.049822	-5.338078	82.91815	69.39502	87397.77	-31.6726	-4.270463	-6.049822	-6.049822	-17.43772	-4.626335	-8.185054	-5.338078	82.91815	-4.626335	-8.185054
13.33	-12.81139	314.6406	-360.2988	361.9218	-92.88256	-188.7544	392.5267	-167.9716	490.0356	46.26334	-17.08185	-6.049822	-5.338078	-17.08185	-30.60498	143.7722	-31.6726	-4.270463	-6.049822	-6.049822	-17.43772	-4.626335	-8.185054	-5.338078	-17.08185	-4.626335	-8.185054
13.61	-12.81139	1514.641	-660.2988	161.9218	7.117439	-789.7544	292.5267	232.0284	390.0356	46.26334	-17.08185	-6.049822	-5.338078	-17.08185	69.39502	-156.2278	-31.6726	-4.270463	-6.049822	-6.049822	-17.43772	-4.626335	-8.185054	-5.338078	-17.08185	-4.626335	-8.185054
13.9	87.18861	1014.641	39.70117	-538.0782	7.117439	-1389.754	-507.4733	-167.9716	690.0356	46.26334	-17.08185	-6.049822	-5.338078	-17.08185	-130.605	-256.2278	-31.6726	-4.270463	-6.049822	93.95018	-17.43772	-4.626335	-8.185054	-5.338078	-17.08185	-4.626335	-8.185054
14.18	-12.81139	-1185.359	-460.2988	261.9218	7.117439	-1889.754	-807.4733	132.0284	-209.9644	46.26334	-17.08185	-6.049822	-5.338078	-17.08185	36095.39	-156.2278	-31.6726	-4.270463	-6.049822	-6.049822	-17.43772	-4.626335	-8.185054	-5.338078	-17.08185	-4.626335	-8.185054
14.47	87.18861	814.6406	-961.2988	61.92175	-92.88256	-488.7544	-507.4733	332.0284	-109.9644	46.26334	-17.08185	-6.049822	-5.338078	-17.08185	69.39502	-256.2278	-31.6726	-4.270463	-6.049822	-6.049822	-17.43772	-4.626335	-8.185054	-5.338078	-17.08185	-4.626335	-8.185054
14.75	-12.81139	414.6406	139.7012	-338.0782	-92.88256	-1589.754	-1007.473	-267.9716	90.03564	-53.73666	-17.08185	-6.049822	-5.338078	-17.08185	69.39502	243.7722	68.3274	-4.270463	-6.049822	-6.049822	-17.43772	-4.626335	-8.185054	-5.338078	-17.08185	-4.626335	-8.185054
15.04	-12.81139	814.6406	-60.29883	-38.07825	-92.88256	-1389.754	-707.4733	132.0284	190.0356	46.26334	-17.08185	-6.049822	-5.338078	-17.08185	2269.395	43.77225	168.3274	-4.270463	-6.049822	-6.049822	-17.43772	-4.626335	-8.185054	-5.338078	-17.08185	-4.626335	-8.185054
15.32	187.1886	-785.3594	-761.2988	-438.0782	7.117439	-1889.754	192.5267	-167.9716	-309.9644	146.2633	-17.08185	-6.049822	-5.338078	-17.08185	-30.60498	43.77225	-31.6726	-4.270463	-6.049822	-6.049822	-17.43772	-4.626335	-8.185054	-5.338078	-17.08185	-4.626335	-8.185054
15.61	-12.81139	-585.3594	-1761.299	-338.0782	7.117439	-989.7544	-607.4733	-167.9716	-1009.964	-53.73666	-17.08185	-6.049822	-5.338078	-17.08185	-30.60498	43.77225	-31.6726	-4.270463	-6.049822	-6.049822	-17.43772	-4.626335	-8.185054	-5.338078	-17.08185	-4.626335	-8.185054
15.89	-12.81139	-385.3594	-360.2988	-438.0782	-92.88256	-1489.754	392.5267	32.02844	-209.9644	46.26334	-17.08185	-6.049822	-5.338078	-17.08185	-130.605	22854.77	68.3274	95.72954	-6.049822	-6.049822	-17.43772	-4.626335	-8.185054	-5.338078	-17.08185	-4.626335	-8.185054
16.18	-12.81139	514.6406	-1161.299	61.92175	7.117439	-1289.754	92.52673	32.02844	590.0356	146.2633	-17.08185	-6.049822	-5.338078	-17.08185	-30.60498	-256.2278	68.3274	-4.270463	-6.049822	-6.049822	-17.43772	-4.626335	-8.185054	-5.338078	-17.08185	-4.626335	-8.185054
16.46	-12.81139	114.6406	-1561.299	-138.0782	107.1174	-989.7544	-507.4733	-367.9716	-309.9644	-53.73666	-17.08185	-6.049822	-5.338078	-17.08185	-30.60498	-256.2278	-31.6726	-4.270463	-6.049822	-6.049822	-17.43772	-4.626335	91.81495	-5.338078	-17.08185	-4.626335	91.81495
16.75	-12.81139	-285.3594	-1561.299	461.9218	907.1174	-1589.754	-207.4733	-167.9716	390.0356	-53.73666	-17.08185	-6.049822	-5.338078	-17.08185	-130.605	9045.772	-31.6726	-4.270463	-6.049822	-6.049822	-17.43772	-4.626335	-8.185054	-5.338078	-17.08185	-4.626335	-8.185054
17.03	87.18861	-885.3594	-460.2988	161.9218	-92.88256	-2389.754	392.5267	332.0284	-209.9644	46.26334	-17.08185	-6.049822	-5.338078	-17.08185	-30.60498	143.7722	-31.6726	-4.270463	-6.049822	-6.049822	-17.43772	-4.626335	91.81495	-5.338078	-17.08185	-4.626335	91.81495
17.32	-12.81139	914.6406	-1961.299	561.9218	-92.88256	-288.7544	-207.4733	-167.9716	190.0356	46.26334	-17.08185	-6.049822	-5.338078	-17.08185	69.39502	143.7722	68.3274	-4.270463	-6.049822	-6.049822	-17.43772	-4.626335	-8.185054	-5.338078	-17.08185	-4.626335	-8.185054
17.6	-12.81139	1314.641	-460.2988	61.92175	7.117439	-188.7544	-607.4733	132.0284	290.0356	146.2633	-17.08185	93.95018	-5.338078	-17.08185	-130.605	43.77225	-31.6726	-4.270463	-6.049822	-6.049822	-17.43772	-4.626335	-8.185054	-5.338078	-17.08185	-4.626335	-8.185054
17.89	-12.81139	-185.3594	239.7012	-638.0782	7.117439	-1789.754	-507.4733	-67.97156	-409.9644	146.2633	-17.08185	-6.049822	-5.338078	-17.08185	-130.605	-156.2278	-31.6726	-4.270463	-6.049822	-6.049822	-17.43772	-4.626335	-8.185054	-5.338078	-17.08185	-4.626335	-8.185054
18.17	-12.81139	2315.641	-961.2988	-538.0782	-92.88256	-1689.754	-907.4733	-167.9716	-309.9644	46.26334	-17.08185	-6.049822	-5.338078	-17.08185	-30.60498	-56.22775	-31.6726	-4.270463	-6.049822	-6.049822	-17.43772	-4.626335	91.81495	-5.338078	-17.08185	-4.626335	91.81495
18.46	-12.81139	-485.3594	-961.2988	361.9218	7.117439	-1789.754	192.5267	232.0284	-409.9644	46.26334	-17.08185	-6.049822	-5.338078	-17.08185	69.39502	-256.2278	-31.6726	-4.270463	-6.049822	-6.049822	-17.43772	-4.626335	-8.185054	-5.338078	-17.08185	-4.626335	-8.185054
18.74	87.18861	1114.641	-761.2988	-338.0782	-92.88256	-1089.754	-507.4733	-67.97156	-309.9644	-53.73666	-17.08185	-6.049822	-5.338078	82.91815	-30.60498	88099.77	68.3274	-4.270463	-6.049822	-6.049822	-17.43772	-4.626335	-8.185054	-5.338078	82.91815	-4.626335	-8.185054
19.03	187.1886	1614.641	1039.701	-38.07825	-92.88256	-1889.754	292.5267	32.02844	-9.964355	46.26334	-17.08185	-6.049822	-5.338078	-17.08185	69.39502	-256.2278	-31.6726	-4.270463	-6.049822	-6.049822	-17.43772	-4.626335	-8.185054	-5.338078	-17.08185	-4.626335	-8.185054
19.31	87.18861	-385.3594	-1561.299	-238.0782	-92.88256	-1389.754	-7.473267	-167.9716	390.0356	-53.73666	-17.08185	-6.049822	-5.338078	-17.08185	-130.605	543.7722	-31.6726	-4.270463	-6.049822	-6.049822	82.56228	-4.626335	-8.185054	-5.338078	-17.08185	-4.626335	-8.185054
19.6	-12.81139	-285.3594	339.7012	61.92175	-92.88256	-1489.754	-7.473267	32.02844	-209.9644	-53.73666	-17.08185	-6.049822	-5.338078	-17.08185	169.395	43.77225	-31.6726	-4.270463	-6.049822	-6.049822	-17.43772	-4.626335	-8.185054	-5.338078	-17.08185	-4.626335	-8.185054
19.89	-12.81139	-385.3594	-260.2988	-238.0782	207.1174	-88.75439	-7.473267	132.0284	690.0356	46.26334	-17.08185	-6.049822	-5.338078	-17.08185	69.39502	-356.2278	-31.6726	-4.270463	-6.049822	-6.049822	-17.43772	-4.626335	-8.185054	-5.338078	-17.08185	-4.626335	-8.185054
20.17	-12.81139	114.6406	239.7012	361.9218	7.117439	-1689.754	-407.4733	132.0284	190.0356	46.26334	-17.08185	-6.049822	-5.338078	-17.08185	-30.60498	343.7722	68.3274	-4.270463	-6.049822	-6.049822	-17.43772	-4.626335	-8.185054	-5.338078	-17.08185	-4.626335	-8.185054
20.46	-12.81139	1514.641	939.7012	-638.0782	107.1174	-1089.754	-407.4733	-67.97156	390.0356	146.2633	-17.08185	-6.049822	-5.338078	-17.08185	169.395	243.7722	-31.6726	-4.270463	-6.049822	-6.049822	-17.43772	95.37366	-8.185054	-5.338078	-17.08185	95.37366	-8.185054
20.74	-12.81139	2315.641	-1061.299	-338.0782	7.117439	11.24561	-107.4733	32.02844	-209.9644	-53.73666	82.91815	-6.049822	-5.338078	-17.08185	-30.60498	-256.2278	-31.6726	-4.270463	-6.049822	-6.049822	-17.43772	-4.626335	-8.185054	-5.338078	-17.08185	-4.626335	-8.185054
21.03	-12.81139	-685.3594	-961.2988	-38.07825	-92.88256	-989.7544	392.5267	-167.9716	-509.9644	-53.73666	-17.08185	-6.049822	-5.338078	-17.08185	-130.605	-256.2278	-31.6726	-4.270463	-6.049822	-6.049822	-17.43772	-4.626335	-8.185054	-5.338078	-17.08185	-4.626335	-8.185054
21.31	87.18861	114.6406	-761.2988	461.9218	7.117439	-1289.754	-307.4733	-67.97156	-209.9644	46.26334	-17.08185	-6.049822	-5.338078	82.91815	-130.605	-56.22775	-31.6726	-4.270463	-6.049822	-6.049822	-17.43772	95.37366	-8.185054	-5.338078	82.91815	95.37366	-8.185054
21.6	-12.81139	514.6406	-861.2988	161.9218	-92.88256	-2089.754	-607.4733	132.0284	390.0356	246.2633	-17.08185	-6.049822	-5.338078	-17.08185	169.395	-156.2278	-31.6726	-4.270463	-6.049822	-6.049822	-17.43772	-4.626335	-8.185054	-5.338078	-17.08185	-4.626335	-8.185054
21.88	-12.81139	814.6406	139.7012	561.9218	-92.88256	-88.75439	-607.4733	432.0284	-109.9644	46.26334	-17.08185	-6.049822	-5.338078	-17.08185	-130.605	243.7722	-31.6726	-4.270463	-6.049822	-6.049822	-17.43772	-4.626335	-8.185054	-5.338078	-17.08185	-4.626335	-8.185054
22.17	-12.81139	1714.641	-961.2988	61.92175	-92.88256	-1989.754	292.5267	-67.97156	390.0356	-53.73666	-17.08185	-6.049822	-5.338078	-17.08185	-30.60498	43.77225	-31.6726	-4.270463	-6.049822	-6.049822	82.56228	-4.626335	-8.185054	-5.338078	-17.08185	-4.626335	-8.185054
22.45	-12.81139	-85.35938	-1361.299	-438.0782	207.1174	-889.7544	-207.4733	332.0284	-9.964355	-53.73666	-17.08185	-6.049822	-5.338078	-17.08185	-30.60498	-356.2278	-31.6726	-4.270463	-6.049822	-6.049822	-17.43772	-4.626335	-8.185054	-5.338078	-17.08185	-4.626335	-8.185054
22.74	-12.81139	-1386.359	-961.2988	-238.0782	-92.88256	-789.7544	-107.4733	-167.9716	290.0356	146.2633	-17.08185	-6.049822	-5.338078	-17.08185	169.395	-156.2278	-31.6726	-4.270463	93.95018	-6.049822	-17.43772	-4.626335	-8.185054	-5.338078	-17.08185	-4.626335	-8.185054
23.02	187.1886	314.6406	-360.2988	561.9218	-92.88256	-1789.754	-7.473267	-167.9716	-209.9644	-53.73666	-17.08185	-6.049822	-5.338078	-17.08185	69.39502	143.7722	-31.6726	-4.270463	-6.049822	-6.049822	82.56228	-4.626335	-8.185054	-5.338078	-17.08185	-4.626335	-8.185054
23.31	-12.81139	2014.641	339.7012	-138.0782	-92.88256	-989.7544	-307.4733	232.0284	290.0356	-53.73666	-17.08185	-6.049822	-5.338078	82.91815	-30.60498	-156.2278	-31.6726	-4.270463	-6.049822	-6.049822	-17.43772	-4.626335	-8.185054	-5.338078	82.91815	-4.626335	-8.185054
23.59	-12.81139	2315.641	-2261.299	-38.07825	-92.88256	-1689.754	-607.4733	-267.9716	-9.964355	-53.73666	82.91815	-6.049822	-5.338078	-17.08185	69.39502	-256.2278	-31.6726	-4.270463	-6.049822	-6.049822	-17.43772	-4.626335	-8.185054	-5.338078	-17.08185	-4.626335	-8.185054
23.88	-12.81139	-1085.359	-1361.299	161.9218	-92.88256	-2389.754	-207.4733	-167.9716	-409.9644	-53.73666	-17.08185	-6.049822	-5.338078	-17.08185	169.395	-56.22775	68.3274	-4.270463	-6.049822	-6.049822	-17.43772	-4.626335	-8.185054	-5.338078	-17.08185	-4.626335	-8.185054
24.16	-12.81139	-285.3594	439.7012	161.9218	-92.88256	-1189.754	192.5267	132.0284	-509.9644	46.26334	-17.08185	-6.049822	-5.338078	-17.08185	-30.60498	-56.22775	-31.6726	-4.270463	-6.049822	-6.049822	-17.43772	-4.626335	-8.185054	-5.338078	-17.08185	-4.626335	-8.185054
24.45	-12.81139	1314.641	39.70117	-138.0782	107.1174	-1589.754	-7.473267	-67.97156	-309.9644	-53.73666	-17.08185	-6.049822	-5.338078	-17.08185	-130.605	-56.22775	-31.6726	-4.270463	-6.049822	-6.049822	-17.43772	-4.626335	-8.185054	-5.338078	-17.08185	-4.626335	-8.185054
24.73	-12.81139	814.6406	-460.2988	-138.0782	7.117439	-588.7544	192.5267	132.0284	390.0356	146.2633	-17.08185	-6.049822	-5.338078	-17.08185	69.39502	-256.2278	-31.6726	-4.270463	-6.049822	-6.049822	-17.43772	-4.626335	-8.185054	-5.338078	-17.08185	-4.626335	-8.185054
25.02	-12.81139	714.6406	-1961.299	161.9218	107.1174	-789.7544	292.5267	32.02844	-709.9644	146.2633	-17.08185	-6.049822	-5.338078	-17.08185	-30.60498	-256.2278	68.3274	-4.270463	-6.049822	-6.049822	-17.43772	-4.626335	-8.185054	-5.338078	-17.08185	-4.626335	-8.185054
25.3	87.18861	1414.641	-160.2988	-38.07825	7.117439	-88.75439	192.5267	-367.9716	-109.9644	-53.73666	-17.08185	93.95018	-5.338078	-17.08185	-30.60498	-156.2278	-31.6726	-4.270463	-6.049822	93.95018	-17.43772	-4.626335	-8.185054	-5.338078	-17.08185	-4.626335	-8.185054
25.59	87.18861	1214.641	-660.2988	-438.0782	-92.88256	-989.7544	-307.4733	532.0284	-509.9644	46.26334	-17.08185	-6.049822	-5.338078	82.91815	-30.60498	-56.22775	-31.6726	-4.270463	-6.049822	-6.049822	-17.43772	-4.626335	-8.185054	-5.338078	82.91815	-4.626335	-8.185054
25.87	-12.81139	1314.641	-1561.299	-38.07825	-92.88256	-1389.754	-607.4733	132.0284	190.0356	46.26334	-17.08185	-6.049822	-5.338078	-17.08185	469.395	43.77225	-31.6726	-4.270463	93.95018	-6.049822	-17.43772	-4.626335	-8.185054	-5.338078	-17.08185	-4.626335	-8.185054
26.16	-12.81139	-685.3594	-360.2988	361.9218	7.117439	-1289.754	-307.4733	-167.9716	-9.964355	-53.73666	-17.08185	-6.049822	-5.338078	-17.08185	169.395	43.77225	68.3274	-4.270463	-6.049822	-6.049822	82.56228	-4.626335	-8.185054	-5.338078	-17.08185	-4.626335	-8.185054
26.44	-12.81139	914.6406	739.7012	161.9218	7.117439	-1389.754	-407.4733	332.0284	-309.9644	-53.73666	-17.08185	-6.049822	-5.338078	-17.08185	-130.605	-156.2278	-31.6726	-4.270463	-6.049822	-6.049822	-17.43772	95.37366	-8.185054	-5.338078	-17.08185	95.37366	-8.185054
26.73	-12.81139	414.6406	-360.2988	-238.0782	7.117439	-1789.754	-7.473267	132.0284	390.0356	46.26334	-17.08185	-6.049822	-5.338078	-17.08185	-30.60498	-156.2278	68.3274	-4.270463	-6.049822	-6.049822	-17.43772	-4.626335	-8.185054	-5.338078	-17.08185	-4.626335	-8.185054
27.01	87.18861	1014.641	-761.2988	-938.0782	-92.88256	-1789.754	-307.4733	132.0284	-9.964355	146.2633	-17.08185	-6.049822	-5.338078	-17.08185	169.395	43.77225	-31.6726	95.72954	93.95018	-6.049822	-17.43772	-4.626335	-8.185054	-5.338078	-17.08185	-4.626335	-8.185054
27.29	87.18861	114.6406	-1161.299	961.9218	7.117439	-889.7544	92.52673	-67.97156	590.0356	-53.73666	-17.08185	-6.049822	-5.338078	-17.08185	369.395	-156.2278	68.3274	-4.270463	-6.049822	-6.049822	-17.43772	-4.626335	91.81495	-5.338078	-17.08185	-4.626335	91.81495
27.58	-12.81139	1814.641	-761.2988	-38.07825	-92.88256	-789.7544	-407.4733	-367.9716	-9.964355	-53.73666	-17.08185	-6.049822	-5.338078	-17.08185	-130.605	143.7722	-31.6726	-4.270463	-6.049822	-6.049822	-17.43772	-4.626335	-8.185054	-5.338078	-17.08185	-4.626335	-8.185054
27.86	-12.81139	914.6406	-460.2988	161.9218	7.117439	-1489.754	-107.4733	32.02844	-109.9644	146.2633	-17.08185	-6.049822	-5.338078	-17.08185	-130.605	-56.22775	68.3274	-4.270463	-6.049822	-6.049822	-17.43772	-4.626335	-8.185054	-5.338078	-17.08185	-4.626335	-8.185054
28.15	-12.81139	414.6406	639.7012	-38.07825	-92.88256	-689.7544	292.5267	-67.97156	490.0356	-53.73666	-17.08185	-6.049822	-5.338078	-17.08185	-30.60498	-56.22775	-31.6726	-4.270463	-6.049822	-6.049822	-17.43772	-4.626335	-8.185054	-5.338078	-17.08185	-4.626335	-8.185054
28.43	-12.81139	-285.3594	-360.2988	-238.0782	107.1174	-689.7544	-707.4733	32.02844	-709.9644	-53.73666	82.91815	-6.049822	94.66192	-17.08185	169.395	-156.2278	-31.6726	-4.270463	-6.049822	-6.049822	-17.43772	-4.626335	-8.185054	94.66192	-17.08185	-4.626335	-8.185054
28.72	-12.81139	-485.3594	-961.2988	-138.0782	-92.88256	-1489.754	392.5267	532.0284	-109.9644	46.26334	82.91815	-6.049822	-5.338078	-17.08185	-30.60498	143.7722	68.3274	-4.270463	-6.049822	93.95018	-17.43772	-4.626335	-8.185054	-5.338078	-17.08185	-4.626335	-8.185054
29.01	-12.81139	-585.3594	-60.29883	-438.0782	-92.88256	-1789.754	-207.4733	232.0284	90.03564	-53.73666	-17.08185	-6.049822	-5.338078	82.91815	-30.60498	243.7722	68.3274	-4.270463	-6.049822	-6.049822	82.56228	-4.626335	-8.185054	-5.338078	82.91815	-4.626335	-8.185054
29.29	-12.81139	614.6406	339.7012	361.9218	7.117439	-889.7544	-607.4733	-167.9716	90.03564	-53.73666	-17.08185	-6.049822	-5.338078	-17.08185	269.395	-256.2278	-31.6726	195.7295	-6.049822	93.95018	82.56228	-4.626335	91.81495	-5.338078	-17.08185	-4.626335	91.81495
29.58	-12.81139	-285.3594	-1661.299	-38.07825	107.1174	-1689.754	-407.4733	-167.9716	90.03564	-53.73666	-17.08185	93.95018	-5.338078	-17.08185	-30.60498	40276.77	-31.6726	-4.270463	-6.049822	-6.049822	-17.43772	-4.626335	-8.185054	-5.338078	-17.08185	-4.626335	-8.185054
29.86	-12.81139	1614.641	-60.29883	161.9218	7.117439	-1389.754	192.5267	-167.9716	-409.9644	46.26334	-17.08185	-6.049822	-5.338078	82.91815	-130.605	43.77225	-31.6726	-4.270463	-6.049822	-6.049822	-17.43772	-4.626335	-8.185054	-5.338078	82.91815	-4.626335	-8.185054
30.14	-12.81139	34446.64	-360.2988	-338.0782	-92.88256	411.2456	23405.53	-367.9716	790.0356	346.2633	82.91815	193.9502	94.66192	82.91815	132520.4	281928.8	68.3274	-4.270463	193.9502	93.95018	582.5623	-4.626335	-8.185054	94.66192	82.91815	-4.626335	-8.185054
30.43	87.18861	1895184	439.7012	361.9218	407.1174	23627.25	186701.5	132.0284	90.03564	1746.263	1982.918	393.9502	94.66192	-17.08185	160383.4	516328.8	-31.6726	-4.270463	93.95018	293.9502	582.5623	95.37366	491.8149	94.66192	-17.08185	95.37366	491.8149
30.71	87.18861	4600704	39.70117	-438.0782	-92.88256	42456.25	338899.5	-267.9716	-9.964355	2346.263	3682.918	93.95018	-5.338078	-17.08185	165315.4	441514.8	-31.6726	-4.270463	393.9502	593.9502	1082.562	95.37366	291.8149	-5.338078	-17.08185	95.37366	291.8149
31	87.18861		39.70117	761.9218	607.1174	49671.25	490290.5	132.0284	-209.9644	3646.263	4582.918	1093.95	-5.338078	-17.08185	175383.4	406121.8	-31.6726	95.72954	93.95018	493.9502	982.5623	95.37366	491.8149	-5.338078	-17.08185	95.37366	491.8149
31.28	87.18861		-861.2988	861.9218	507.1174	62804.25	504163.5	32.02844	1090.036	2546.263	6283.918	293.9502	-5.338078	-17.08185	149616.4	449352.8	68.3274	95.72954	293.9502	793.9502	882.5623	-4.626335	191.8149	-5.338078	-17.08185	-4.626335	191.8149
31.57	87.18861		1439.701	561.9218	907.1174	70526.24	582135.5	132.0284	-409.9644	4546.263	5283.918	193.9502	-5.338078	-17.08185	180217.4	456377.8	-31.6726	95.72954	493.9502	493.9502	582.5623	95.37366	691.8149	-5.338078	-17.08185	95.37366	691.8149
31.87	187.1886		2239.701	1061.922	507.1174	79254.24	627722.5	-267.9716	-9.964355	4946.263	4582.918	493.9502	-5.338078	-17.08185	197275.4	891536.8	-31.6726	295.7295	293.9502	1093.95	1082.562	-4.626335	691.8149	-5.338078	-17.08185	-4.626335	691.8149
32.15	287.1886		2239.701	1261.922	507.1174	77247.24	615114.5	-367.9716	390.0356	4746.263	5783.918	993.9502	94.66192	-17.08185	169073.4	581947.8	-31.6726	295.7295	393.9502	993.9502	1582.562	95.37366	291.8149	94.66192	-17.08185	95.37366	291.8149
32.44	287.1886		1239.701	461.9218	607.1174	76344.24	636029.5	232.0284	690.0356	4446.263	5783.918	593.9502	-5.338078	-17.08185	161590.4	442328.8	-31.6726	295.7295	193.9502	493.9502	1282.562	-4.626335	491.8149	-5.338078	-17.08185	-4.626335	491.8149
32.73	-12.81139		2539.701	361.9218	307.1174	84071.24	656448.5	-167.9716	490.0356	5947.263	6883.918	593.9502	94.66192	-17.08185	185556.4	707476.8	-31.6726	295.7295	493.9502	1193.95	882.5623	195.3737	91.81495	94.66192	-17.08185	195.3737	91.81495
33.01	387.1886		1039.701	361.9218	807.1174	82867.24	683562.5	-467.9716	-209.9644	3846.263	5783.918	793.9502	94.66192	-17.08185	162194.4	469823.8	-31.6726	295.7295	293.9502	893.9502	782.5623	-4.626335	591.8149	94.66192	-17.08185	-4.626335	591.8149
33.3	287.1886		2739.701	861.9218	207.1174	85677.24	712763.5	332.0284	-9.964355	6547.263	7283.918	693.9502	-5.338078	-17.08185	126771.4	509269.8	-31.6726	195.7295	393.9502	793.9502	882.5623	95.37366	291.8149	-5.338078	-17.08185	95.37366	291.8149
33.58	187.1886		1939.701	1161.922	307.1174	81662.24	695177.5	232.0284	1890.036	5247.263	6983.918	693.9502	-5.338078	82.91815	188075.4	545539.8	168.3274	295.7295	393.9502	793.9502	1082.562	95.37366	291.8149	-5.338078	82.91815	95.37366	291.8149
33.87	187.1886		2739.701	1061.922	307.1174	81562.24	701140.5	32.02844	590.0356	4246.263	5783.918	993.9502	-5.338078	-17.08185	190795.4	490923.8	-31.6726	595.7296	493.9502	893.9502	1682.562	295.3737	891.8149	-5.338078	-17.08185	295.3737	891.8149
34.15	387.1886		1439.701	61.92175	607.1174	85877.24	740968.5	132.0284	90.03564	6547.263	7583.918	593.9502	-5.338078	-17.08185	189888.4	537773.8	168.3274	295.7295	493.9502	393.9502	982.5623	195.3737	791.8149	-5.338078	-17.08185	195.3737	791.8149
34.44	-12.81139		2039.701	1661.922	407.1174	84673.24	787357.5	132.0284	-409.9644	6547.263	7383.918	1193.95	94.66192	-17.08185	296417.4	749317.8	-31.6726	195.7295	693.9502	3193.95	1682.562	395.3737	591.8149	94.66192	-17.08185	395.3737	591.8149
34.73	287.1886		1539.701	761.9218	207.1174	87182.24	741380.5	-267.9716	-309.9644	4546.263	6283.918	893.9502	-5.338078	182.9182	1077192	2406856	268.3274	95.72954	893.9502	25106.95	1882.562	395.3737	891.8149	-5.338078	182.9182	395.3737	891.8149
35.01	687.1886		2139.701	1161.922	607.1174	109876.2	791794.5	32.02844	90.03564	4946.263	7483.918	1293.95	194.6619	-17.08185	1605101	4588920	-31.6726	95.72954	293.9502	36720.95	982.5623	-4.626335	691.8149	194.6619	-17.08185	-4.626335	691.8149
35.3	1187.189		1539.701	461.9218	1107.117	95213.24	758689.5	632.0284	-309.9644	6047.263	7383.918	1193.95	-5.338078	82.91815	1869564	4999978	-31.6726	195.7295	493.9502	39424.95	1582.562	-4.626335	891.8149	-5.338078	82.91815	-4.626335	891.8149
35.59	1387.189		1439.701	1061.922	1107.117	79956.24	732936.5	132.0284	290.0356	4946.263	7283.918	1093.95	-5.338078	-17.08185	1640172	6942522	168.3274	295.7295	593.9502	31813.95	882.5623	-4.626335	491.8149	-5.338078	-17.08185	-4.626335	491.8149
35.87	1187.189		1339.701	861.9218	707.1174	94510.24	734789.5	532.0284	-9.964355	5147.263	6183.918	993.9502	-5.338078	82.91815	1388387	3993678	168.3274	495.7295	693.9502	24305.95	1082.562	-4.626335	591.8149	-5.338078	82.91815	-4.626335	591.8149
36.16	687.1886		1939.701	961.9218	507.1174	83970.24	727994.5	832.0284	-809.9644	4046.263	6583.918	993.9502	-5.338078	182.9182	1605101	4518052	68.3274	95.72954	393.9502	24905.95	882.5623	-4.626335	491.8149	-5.338078	182.9182	-4.626335	491.8149
36.45	1687.189		2839.701	2161.922	707.1174	97824.24	704328.5	232.0284	90.03564	5347.263	6783.918	1193.95	-5.338078	82.91815	1960314	6786512	68.3274	395.7295	493.9502	27108.95	2382.562	-4.626335	1791.815	-5.338078	82.91815	-4.626335	1791.815
36.73	1087.189		539.7012	1261.922	2607.117	89892.24	726244.5	-67.97156	-209.9644	6047.263	9584.918	993.9502	-5.338078	182.9182	1.39441e+07	3.646649e+07	68.3274	695.7296	493.9502	21002.95	5583.562	95.37366	991.8149	-5.338078	182.9182	95.37366	991.8149
37.02	1987.189		2139.701	8863.922	6108.118	83970.24	709677.5	232.0284	990.0356	9248.264	17988.92	593.9502	94.66192	182.9182	3.593976e+07	9.326426e+07	68.3274	1095.729	493.9502	18200.95	10084.56	295.3737	1791.815	94.66192	182.9182	295.3737	1791.815
37.31	2587.189		2539.701	15266.92	6308.118	77548.24	507627.5	1032.028	790.0356	7447.263	26096.92	893.9502	-5.338078	682.9182	4.54105e+07	1.256097e+08	368.3274	1295.729	193.9502	15498.95	8183.562	295.3737	1691.815	-5.338078	682.9182	295.3737	1691.815
37.6	4487.188		2940.701	21972.92	9209.117	60197.25	519983.5	732.0284	690.0356	11649.26	32403.92	493.9502	-5.338078	1282.918	7.805204e+07	2.162851e+08	568.3274	2595.729	493.9502	13196.95	9984.562	195.3737	391.8149	-5.338078	1282.918	195.3737	391.8149
37.88	7688.188		3540.701	30481.92	12110.12	46865.25	354718.5	1632.028	2590.036	15251.26	42518.92	693.9502	-5.338078	882.9182	8.809829e+07	2.162851e+08	668.3274	2295.729	693.9502	14497.95	11385.56	195.3737	991.8149	-5.338078	882.9182	195.3737	991.8149
38.17	5888.188	4173482	1739.701	33084.92	12710.12	40453.25	295652.5	2432.028	3491.036	14150.26	47126.92	493.9502	-5.338078	1382.918	1.020453e+08	2.503386e+08	1068.327	1795.729	-6.049822	8995.95	10284.56	95.37366	791.8149	-5.338078	1382.918	95.37366	791.8149
38.45	5588.188	3391652	3740.701	35888.92	14311.12	29535.25	335149.5	1732.028	2690.036	13350.26	44722.92	393.9502	-5.338078	1482.918	1.075783e+08	3.424948e+08	868.3274	2695.729	93.95018	11596.95	10684.56	-4.626335	491.8149	-5.338078	1482.918	-4.626335	491.8149
38.74	5188.188	2845390	2739.701	42299.92	12110.12	22326.25	238240.5	2332.028	3691.036	12149.26	45123.92	193.9502	-5.338078	682.9182	1.134692e+08	3.104385e+08	1868.327	2995.729	493.9502	12796.95	11385.56	195.3737	1291.815	-5.338078	682.9182	195.3737	1291.815
39.03	3887.189	2482093	2739.701	51516.92	12510.12	17020.25	180555.5	2332.028	2590.036	12949.26	45924.92	493.9502	94.66192	1282.918	1.135129e+08	2.783843e+08	1268.327	2395.729	193.9502	13096.95	10684.56	-4.626335	991.8149	94.66192	1282.918	-4.626335	991.8149
39.31	2987.189	2023292	1839.701	56928.92	8408.117	12316.25	144017.5	2232.028	2290.036	14250.26	48429.92	793.9502	94.66192	1482.918	1.189179e+08	3.144455e+08	1768.327	2695.729	293.9502	15998.95	11685.56	195.3737	1291.815	94.66192	1482.918	195.3737	1291.815
39.6	1887.189	1623785	4040.701	90428.92	7208.118	14218.25	120189.5	1932.028	3591.036	14450.26	54842.92	93.95018	-5.338078	1882.918	1.270334e+08	3.605274e+08	1868.327	2395.729	-6.049822	20501.95	11585.56	-4.626335	1791.815	-5.338078	1882.918	-4.626335	1791.815
39.89	1587.189	1578828	3640.701	108300.9	6008.118	14818.25	122501.5	2632.028	3290.036	13350.26	54842.92	193.9502	-5.338078	1782.918	1.283634e+08	3.184524e+08	3068.327	2495.729	193.9502	22003.95	10684.56	-4.626335	2591.815	-5.338078	1782.918	-4.626335	2591.815
40.17	1187.189	1184205	3340.701	118948.9	4207.118	8614.246	119084.5	2732.028	3991.036	17752.26	57047.92	93.95018	-5.338078	2882.918	1.303227e+08	3.865756e+08	2368.327	1995.729	193.9502	19300.95	14686.56	-4.626335	2991.815	-5.338078	2882.918	-4.626335	2991.815
40.46	2287.189	1000802	4940.701	119752.9	1707.117	9615.246	93172.52	2032.028	3591.036	22256.26	56446.92	193.9502	94.66192	2982.918	1.317564e+08	3.68542e+08	2268.327	1695.729	93.95018	20101.95	12785.56	-4.626335	2691.815	94.66192	2982.918	-4.626335	2691.815
40.74	1487.189	871666.6	5240.701	124475.9	3307.117	6413.246	88555.52	1432.028	1990.036	19153.26	56947.92	93.95018	-5.338078	2082.918	1.331613e+08	3.264664e+08	2568.327	1195.729	793.9502	16799.95	10784.56	-4.626335	2791.815	-5.338078	2082.918	-4.626335	2791.815
41.03	1087.189	697690.6	3740.701	113121.9	2707.117	5412.246	80528.52	3332.028	4291.036	20655.26	54842.92	293.9502	-5.338078	2782.918	1.411477e+08	3.82568e+08	3168.327	1095.729	-6.049822	16498.95	13386.56	-4.626335	2891.815	-5.338078	2782.918	-4.626335	2891.815
41.32	887.1886	638320.6	4040.701	111212.9	2807.117	2511.246	65182.53	2332.028	4391.036	23157.26	51234.92	93.95018	-5.338078	3682.918	1.349476e+08	3.505092e+08	3468.327	1195.729	-6.049822	13497.95	13286.56	-4.626335	2791.815	-5.338078	3682.918	-4.626335	2791.815
41.6	287.1886	475819.6	4240.701	104785.9	2207.117	4212.246	69795.52	832.0284	2790.036	21355.26	55143.92	93.95018	-5.338078	2482.918	1.333516e+08	4.00602e+08	3568.327	1295.729	93.95018	14597.95	11785.56	-4.626335	2591.815	-5.338078	2482.918	-4.626335	2591.815
41.89	1087.189	446580.6	3040.701	107998.9	3707.117	3812.246	68992.52	2132.028	4291.036	19754.26	50433.92	93.95018	-5.338078	2382.918	1.371157e+08	3.68542e+08	1968.327	1195.729	193.9502	12396.95	13686.56	-4.626335	2291.815	-5.338078	2382.918	-4.626335	2291.815
42.17	1087.189	333913.6	3340.701	99563.92	4807.118	2311.246	54556.53	2232.028	2790.036	18953.26	47126.92	193.9502	-5.338078	2582.918	1.31771e+08	3.264664e+08	2068.327	995.7296	193.9502	11396.95	13786.56	95.37366	2391.815	-5.338078	2582.918	95.37366	2391.815
42.46	1187.189	308281.6	1239.701	98157.92	3307.117	4212.246	58264.53	2032.028	3691.036	20655.26	50834.92	93.95018	-5.338078	2782.918	1.335712e+08	2.924078e+08	3568.327	1395.729	293.9502	12796.95	13486.56	-4.626335	1491.815	-5.338078	2782.918	-4.626335	1491.815
42.75	1887.189	214888.6	3340.701	89826.92	3907.117	1711.246	54155.53	2532.028	3190.036	17652.26	47728.92	93.95018	-5.338078	2182.918	1.365442e+08	3.184524e+08	2468.327	1295.729	93.95018	10295.95	13686.56	-4.626335	2691.815	-5.338078	2182.918	-4.626335	2691.815
43.03	1487.189	174062.6	3340.701	85611.92	5008.118	1011.246	39326.53	2532.028	4391.036	17452.26	41316.92	93.95018	-5.338078	2982.918	1.272964e+08	3.82568e+08	2868.327	1395.729	193.9502	11095.95	11685.56	-4.626335	1791.815	-5.338078	2982.918	-4.626335	1791.815
43.32	1987.189	194416.6	3240.701	78889.92	5008.118	411.2456	33317.53	1332.028	4191.036	17952.26	46425.92	-6.049822	-5.338078	1082.918	1.359289e+08	3.90583e+08	2868.327	795.7296	-6.049822	12796.95	11885.56	95.37366	2091.815	-5.338078	1082.918	95.37366	2091.815
43.6	1187.189	283383.6	3640.701	72669.92	4607.118	711.2456	34418.53	2132.028	3591.036	17452.26	43921.92	-6.049822	-5.338078	1782.918	1.330296e+08	3.024248e+08	2368.327	1295.729	-6.049822	11396.95	11285.56	-4.626335	1891.815	-5.338078	1782.918	-4.626335	1891.815
43.89	1787.189	120635.6	1239.701	71767.92	6008.118	-88.75439	36922.53	3132.028	4391.036	13850.26	43820.92	-6.049822	-5.338078	2182.918	1.28992e+08	3.745531e+08	1568.327	1795.729	193.9502	10495.95	13386.56	-4.626335	1791.815	-5.338078	2182.918	-4.626335	1791.815
44.18	2987.189	91805.64	4140.701	67956.92	7608.118	-1089.754	27009.53	1932.028	4691.036	14850.26	39513.92	93.95018	-5.338078	1682.918	1.29767e+08	3.82568e+08	2368.327	395.7295	293.9502	10195.95	11585.56	-4.626335	991.8149	-5.338078	1682.918	-4.626335	991.8149
44.46	2887.189	152416.6	2439.701	60436.92	8709.117	2411.246	35720.53	2132.028	3891.036	16051.26	40315.92	93.95018	-5.338078	1282.918	1.362365e+08	3.545164e+08	1968.327	1795.729	193.9502	11095.95	13085.56	-4.626335	1891.815	-5.338078	1282.918	-4.626335	1891.815
44.75	2687.189	242950.6	3940.701	50013.92	8909.117	3412.246	60069.53	1732.028	3190.036	12549.26	42318.92	593.9502	-5.338078	1182.918	1.30586e+08	2.803876e+08	1768.327	1295.729	93.95018	16298.95	12685.56	-4.626335	1091.815	-5.338078	1182.918	-4.626335	1091.815
45.04	3587.189	377539.6	3940.701	45003.92	11410.12	9014.246	110544.5	3132.028	3691.036	11749.26	40515.92	393.9502	-5.338078	1282.918	1.329125e+08	3.224594e+08	1568.327	1595.729	193.9502	19100.95	14786.56	-4.626335	1091.815	-5.338078	1282.918	-4.626335	1091.815
45.32	4787.188	856036.6	3240.701	44302.92	11009.12	11016.25	135971.5	2132.028	3190.036	11149.26	35407.92	293.9502	-5.338078	882.9182	1.338201e+08	3.244629e+08	1768.327	1695.729	793.9502	18700.95	11084.56	195.3737	1291.815	-5.338078	882.9182	195.3737	1291.815
45.61	4387.188	1152883	2439.701	34286.92	13911.12	15819.25	160216.5	2232.028	3491.036	13450.26	33805.92	893.9502	-5.338078	1282.918	1.240828e+08	2.98418e+08	968.3274	2695.729	493.9502	15798.95	10384.56	95.37366	591.8149	-5.338078	1282.918	95.37366	591.8149
45.89	4987.188	1357004	4840.701	31582.92	11810.12	15919.25	175519.5	1632.028	1690.036	9248.264	32403.92	693.9502	94.66192	1382.918	1.145612e+08	2.703711e+08	1568.327	1095.729	193.9502	14697.95	12085.56	95.37366	1191.815	94.66192	1382.918	95.37366	1191.815
46.18	6888.188	2010517	2539.701	29379.92	14311.12	25229.25	252379.5	2432.028	2890.036	9448.264	37911.92	393.9502	-5.338078	1082.918	1.148816e+08	3.044282e+08	168.3274	1595.729	893.9502	14297.95	9984.562	195.3737	1291.815	-5.338078	1082.918	195.3737	1291.815
46.47	4987.188	2563106	3640.701	26776.92	15112.12	37748.25	324509.5	2132.028	2690.036	8247.264	31902.92	593.9502	-5.338078	682.9182	1.052537e+08	3.104385e+08	868.3274	1995.729	393.9502	12096.95	7683.562	-4.626335	991.8149	-5.338078	682.9182	-4.626335	991.8149
46.75	3687.189	3146652	3340.701	24474.92	14511.12	46965.25	367806.5	2232.028	2490.036	8948.264	30100.92	493.9502	-5.338078	982.9182	9.240835e+07	2.403226e+08	768.3274	1795.729	593.9502	13497.95	7483.562	-4.626335	991.8149	-5.338078	982.9182	-4.626335	991.8149
47.04	5588.188	3415728	4840.701	21972.92	13411.12	47867.25	420226.5	1032.028	3591.036	10148.26	27597.92	393.9502	-5.338078	982.9182	8.769358e+07	2.343131e+08	468.3274	1995.729	393.9502	13697.95	6583.562	-4.626335	591.8149	-5.338078	982.9182	-4.626335	591.8149
47.32	7588.188	3907550	4040.701	18969.92	13711.12	48970.25	405586.5	932.0284	2690.036	8147.263	24494.92	393.9502	-5.338078	582.9182	7.936395e+07	2.162851e+08	268.3274	1095.729	293.9502	10695.95	4482.562	295.3737	891.8149	-5.338078	582.9182	295.3737	891.8149
47.61	4787.188	4258274	2439.701	15667.92	12510.12	62102.25	429686.5	1932.028	1990.036	8247.264	24794.92	1393.95	-5.338078	482.9182	6.876716e+07	2.062698e+08	568.3274	1095.729	493.9502	9695.95	4682.562	195.3737	991.8149	-5.338078	482.9182	195.3737	991.8149
47.89	3687.189		2439.701	14066.92	11410.12	62002.25	471839.5	2032.028	590.0356	5147.263	21391.92	893.9502	-5.338078	182.9182	6.579249e+07	1.602021e+08	268.3274	1395.729	393.9502	11296.95	3782.562	95.37366	391.8149	-5.338078	182.9182	95.37366	391.8149
48.18	3587.189		2339.701	13365.92	7808.118	68219.24	476934.5	632.0284	990.0356	9148.264	19890.92	1393.95	-5.338078	282.9182	5.092772e+07	1.381712e+08	568.3274	1195.729	193.9502	6694.95	2982.562	-4.626335	1891.815	-5.338078	282.9182	-4.626335	1891.815
48.47	2887.189		2239.701	10264.92	8108.118	67316.24	487027.5	1832.028	1290.036	6447.263	16287.92	693.9502	-5.338078	282.9182	3.981628e+07	1.141621e+08	268.3274	995.7296	193.9502	6294.95	2582.562	195.3737	791.8149	-5.338078	282.9182	195.3737	791.8149
48.75	3587.189		2439.701	8463.922	6708.118	68921.24	459511.5	532.0284	1890.036	5547.263	14086.92	393.9502	-5.338078	82.91815	3.337674e+07	9.308989e+07	168.3274	1195.729	293.9502	5894.95	2282.562	-4.626335	991.8149	-5.338078	82.91815	-4.626335	991.8149
49.04	1987.189		3240.701	7062.922	4907.118	64609.25	496919.5	-67.97156	1290.036	6347.263	10584.92	393.9502	-5.338078	182.9182	2.388129e+07	7.024897e+07	268.3274	695.7296	93.95018	3993.95	2182.562	95.37366	591.8149	-5.338078	182.9182	95.37366	591.8149
49.32	1387.189		2539.701	4762.922	4307.118	67116.24	520596.5	432.0284	1090.036	5547.263	11885.92	393.9502	-5.338078	-17.08185	1.980948e+07	5.94803e+07	68.3274	295.7295	393.9502	3493.95	2582.562	-4.626335	591.8149	-5.338078	-17.08185	-4.626335	591.8149
49.61	1287.189		2639.701	4862.922	3907.117	67718.24	565765.5	32.02844	90.03564	4346.263	10384.92	593.9502	-5.338078	382.9182	1.584149e+07	4.663506e+07	68.3274	295.7295	593.9502	2193.95	2482.562	495.3737	791.8149	-5.338078	382.9182	495.3737	791.8149
49.89	787.1886		2739.701	3261.922	2707.117	72332.24	560958.5	232.0284	-9.964355	5147.263	8483.918	293.9502	94.66192	-17.08185	1.350529e+07	3.586588e+07	68.3274	795.7296	193.9502	1793.95	1482.562	95.37366	491.8149	94.66192	-17.08185	95.37366	491.8149
50.18	487.1886		2239.701	3061.922	2007.117	68018.24	596776.5	-67.97156	890.0356	3946.263	9184.918	393.9502	-5.338078	282.9182	1.081704e+07	3.126455e+07	168.3274	395.7295	193.9502	1993.95	1082.562	95.37366	491.8149	-5.338078	282.9182	95.37366	491.8149
50.47	587.1886		2139.701	2861.922	1907.117	83669.24	664867.5	332.0284	690.0356	4946.263	8483.918	793.9502	-5.338078	-17.08185	8724453	2.879487e+07	-31.6726	295.7295	-6.049822	2293.95	1882.562	195.3737	791.8149	-5.338078	-17.08185	195.3737	791.8149
50.75	387.1886		439.7012	2361.922	1407.117	78351.24	641055.5	32.02844	90.03564	5647.263	7583.918	393.9502	94.66192	82.91815	7367762	2.212246e+07	-31.6726	195.7295	193.9502	1493.95	1382.562	195.3737	491.8149	94.66192	82.91815	195.3737	491.8149
51.04	187.1886		1639.701	1861.922	1207.117	72532.24	605072.5	-67.97156	290.0356	4846.263	6483.918	493.9502	-5.338078	182.9182	5785614	2.062717e+07	268.3274	495.7295	393.9502	993.9502	2082.562	195.3737	291.8149	-5.338078	182.9182	195.3737	291.8149
51.32	1387.189		2839.701	1161.922	907.1174	83870.24	647622.5	132.0284	1090.036	4346.263	7783.918	593.9502	-5.338078	-17.08185	5234854	1.583224e+07	68.3274	195.7295	393.9502	1293.95	1482.562	195.3737	591.8149	-5.338078	-17.08185	195.3737	591.8149
51.61	487.1886		1639.701	2661.922	507.1174	76244.24	639414.5	332.0284	490.0356	4346.263	6783.918	693.9502	-5.338078	-17.08185	4952446	1.300386e+07	268.3274	95.72954	393.9502	793.9502	1882.562	195.3737	591.8149	-5.338078	-17.08185	195.3737	591.8149
51.89	587.1886		3340.701	1861.922	707.1174	80860.24	682124.5	-167.9716	-109.9644	5347.263	5883.918	993.9502	-5.338078	-17.08185	3187910	1.03055e+07	-31.6726	295.7295	93.95018	1193.95	782.5623	-4.626335	491.8149	-5.338078	-17.08185	-4.626335	491.8149
52.18	687.1886		1239.701	961.9218	1207.117	89290.24	519478.5	-167.9716	590.0356	7247.263	4882.918	993.9502	-5.338078	-17.08185	3456064	8304356	68.3274	395.7295	393.9502	1293.95	1882.562	195.3737	691.8149	-5.338078	-17.08185	195.3737	691.8149
52.47	287.1886		739.7012	1061.922	1207.117	84974.24	714821.5	132.0284	-309.9644	5247.263	6883.918	493.9502	-5.338078	-17.08185	2482344	7836166	68.3274	795.7296	393.9502	1193.95	2082.562	195.3737	491.8149	-5.338078	-17.08185	195.3737	491.8149
52.76	487.1886		2639.701	1361.922	107.1174	96418.24	722436.5	-67.97156	190.0356	6147.263	5683.918	1093.95	-5.338078	-17.08185	2115504	6587964	68.3274	295.7295	393.9502	793.9502	2182.562	95.37366	491.8149	-5.338078	-17.08185	95.37366	491.8149
53.04	687.1886		839.7012	1061.922	607.1174	91298.24	735407.5	-67.97156	90.03564	4246.263	6383.918	893.9502	94.66192	82.91815	2087287	5893133	-31.6726	-4.270463	393.9502	493.9502	1682.562	195.3737	491.8149	94.66192	82.91815	195.3737	491.8149
53.33	487.1886		1939.701	461.9218	707.1174	88587.24	723876.5	332.0284	590.0356	4346.263	5783.918	893.9502	-5.338078	-17.08185	1551210	4617268	68.3274	395.7295	493.9502	93.95018	2382.562	-4.626335	591.8149	-5.338078	-17.08185	-4.626335	591.8149
53.62	287.1886		1639.701	1561.922	707.1174	75742.24	694354.5	-67.97156	190.0356	3246.263	5783.918	593.9502	-5.338078	-17.08185	1184468	4617268	-31.6726	395.7295	193.9502	1993.95	3082.562	195.3737	991.8149	-5.338078	-17.08185	195.3737	991.8149
53.91	287.1886		2940.701	1161.922	1207.117	90896.24	566881.5	132.0284	290.0356	4246.263	6383.918	393.9502	-5.338078	82.91815	1198573	3511889	68.3274	495.7295	193.9502	1093.95	1782.562	-4.626335	1091.815	-5.338078	82.91815	-4.626335	1091.815
54.2	587.1886		539.7012	2061.922	307.1174	82365.24	689523.5	-67.97156	490.0356	4946.263	7683.918	793.9502	-5.338078	-17.08185	1396045	2831828	68.3274	195.7295	93.95018	293.9502	1782.562	195.3737	91.81495	-5.338078	-17.08185	195.3737	91.81495
54.49	487.1886		439.7012	761.9218	207.1174	77950.24	709163.5	232.0284	-9.964355	4146.263	6583.918	993.9502	-5.338078	-17.08185	662631.4	2930995	-31.6726	295.7295	493.9502	1393.95	1682.562	95.37366	891.8149	-5.338078	-17.08185	95.37366	891.8149
54.79	487.1886		1539.701	661.9218	207.1174	82666.24	700009.5	632.0284	690.0356	4046.263	6283.918	793.9502	-5.338078	-17.08185	930592.4	2010261	-31.6726	495.7295	693.9502	893.9502	1782.562	95.37366	691.8149	-5.338078	-17.08185	95.37366	691.8149
55.07	487.1886		1839.701	961.9218	707.1174	87483.24	699906.5	32.02844	290.0356	4446.263	6183.918	993.9502	94.66192	-17.08185	690837.4	1826143	368.3274	595.7296	193.9502	793.9502	1582.562	-4.626335	391.8149	94.66192	-17.08185	-4.626335	391.8149
55.36	287.1886		2039.701	661.9218	707.1174	98627.24	682329.5	-67.97156	490.0356	5047.263	6583.918	393.9502	-5.338078	82.91815	620324.4	2506011	-31.6726	295.7295	793.9502	593.9502	1582.562	-4.626335	191.8149	-5.338078	82.91815	-4.626335	191.8149
55.65	387.1886		2639.701	961.9218	307.1174	89591.24	679349.5	732.0284	-309.9644	3746.263	6083.918	993.9502	-5.338078	-17.08185	422894.4	1627873	68.3274	95.72954	793.9502	393.9502	1782.562	95.37366	191.8149	-5.338078	-17.08185	95.37366	191.8149
55.94	87.18861		739.7012	961.9218	607.1174	90997.24	679966.5	-67.97156	390.0356	3946.263	6683.918	1093.95	94.66192	82.91815	606644.4	1330488	68.3274	295.7295	793.9502	593.9502	1482.562	-4.626335	291.8149	94.66192	82.91815	-4.626335	291.8149
56.23	187.1886		1039.701	661.9218	507.1174	118015.2	721715.5	-267.9716	-609.9644	5747.263	6583.918	593.9502	-5.338078	-17.08185	485133.4	1967771	68.3274	295.7295	593.9502	1693.95	2082.562	-4.626335	591.8149	-5.338078	-17.08185	-4.626335	591.8149
56.51	-12.81139		2039.701	661.9218	307.1174	81462.24	777660.5	32.02844	-9.964355	4846.263	7583.918	393.9502	-5.338078	-17.08185	394459.4	1854468	68.3274	295.7295	493.9502	393.9502	1982.562	195.3737	391.8149	-5.338078	-17.08185	195.3737	391.8149
56.8	487.1886		1939.701	161.9218	707.1174	80157.24	723465.5	132.0284	990.0356	6847.263	6583.918	993.9502	94.66192	-17.08185	319297.4	1146405	68.3274	95.72954	393.9502	893.9502	782.5623	195.3737	591.8149	94.66192	-17.08185	195.3737	591.8149
57.09	387.1886		3040.701	861.9218	407.1174	79354.24	742513.5	-267.9716	1690.036	6847.263	5783.918	1193.95	-5.338078	82.91815	324184.4	1273846	-31.6726	195.7295	393.9502	293.9502	1882.562	95.37366	491.8149	-5.338078	82.91815	95.37366	491.8149
57.38	787.1886		2839.701	1061.922	407.1174	83469.24	771782.5	-367.9716	-109.9644	5347.263	6583.918	793.9502	-5.338078	-17.08185	803661.4	792426.8	-31.6726	295.7295	393.9502	593.9502	1482.562	95.37366	491.8149	-5.338078	-17.08185	95.37366	491.8149
57.67	587.1886		1539.701	661.9218	907.1174	80057.24	678014.5	632.0284	-609.9644	3646.263	6283.918	593.9502	-5.338078	-17.08185	350612.4	1896956	-31.6726	95.72954	193.9502	893.9502	1682.562	-4.626335	591.8149	-5.338078	-17.08185	-4.626335	591.8149
57.96	787.1886		1939.701	761.9218	107.1174	87082.24	706488.5	632.0284	390.0356	5347.263	6783.918	193.9502	-5.338078	-17.08185	380590.4	792426.8	-31.6726	195.7295	-6.049822	493.9502	1382.562	-4.626335	991.8149	-5.338078	-17.08185	-4.626335	991.8149
58.24	287.1886		839.7012	261.9218	807.1174	84773.24	708134.5	-267.9716	-9.964355	4946.263	6583.918	593.9502	-5.338078	-17.08185	331453.4	934013.8	168.3274	295.7295	293.9502	493.9502	1282.562	-4.626335	291.8149	-5.338078	-17.08185	-4.626335	291.8149
58.54	687.1886		1339.701	2161.922	1107.117	84272.24	716261.5	-267.9716	290.0356	4446.263	6783.918	1193.95	-5.338078	-17.08185	230427.4	749951.8	68.3274	195.7295	493.9502	293.9502	1282.562	95.37366	691.8149	-5.338078	-17.08185	95.37366	691.8149
58.82	687.1886		939.7012	661.9218	1207.117	97221.24	746015.5	-67.97156	-109.9644	4546.263	7583.918	993.9502	94.66192	82.91815	239613.4	523426.8	68.3274	-4.270463	293.9502	793.9502	1982.562	-4.626335	291.8149	94.66192	82.91815	-4.626335	291.8149
59.11	287.1886		2839.701	661.9218	507.1174	90495.24	735716.5	32.02844	190.0356	6547.263	5783.918	593.9502	-5.338078	-17.08185	246984.4	594214.8	-31.6726	195.7295	193.9502	393.9502	882.5623	195.3737	591.8149	-5.338078	-17.08185	195.3737	591.8149
59.41	487.1886		3540.701	961.9218	707.1174	80358.24	704534.5	-167.9716	-9.964355	5147.263	6383.918	793.9502	-5.338078	-17.08185	182534.4	452640.8	-31.6726	95.72954	293.9502	493.9502	982.5623	195.3737	991.8149	-5.338078	-17.08185	195.3737	991.8149
59.7	587.1886		2940.701	161.9218	707.1174	83368.24	720172.5	-367.9716	-9.964355	6047.263	5583.918	793.9502	-5.338078	82.91815	183174.4	551741.8	-31.6726	95.72954	493.9502	293.9502	1582.562	-4.626335	391.8149	-5.338078	82.91815	-4.626335	391.8149
59.99	87.18861		2639.701	961.9218	307.1174	87182.24	692710.5	-467.9716	-9.964355	6247.263	5983.918	493.9502	-5.338078	-17.08185	235474.4	438483.8	-31.6726	295.7295	393.9502	693.9502	882.5623	195.3737	691.8149	-5.338078	-17.08185	195.3737	691.8149
60.28	487.1886		2539.701	761.9218	507.1174	80659.24	701655.5	332.0284	-209.9644	5147.263	6683.918	1093.95	-5.338078	-17.08185	398827.4	665003.8	68.3274	195.7295	293.9502	2893.95	1382.562	295.3737	691.8149	-5.338078	-17.08185	295.3737	691.8149
60.57	887.1886		3540.701	761.9218	1107.117	95314.24	720892.5	532.0284	1290.036	4046.263	5883.918	793.9502	-5.338078	-17.08185	1333095	3639415	168.3274	195.7295	793.9502	21202.95	3082.562	95.37366	1191.815	-5.338078	-17.08185	95.37366	1191.815
60.86	1887.189		1639.701	861.9218	1507.117	102042.2	694560.5	-167.9716	890.0356	5347.263	8884.918	1793.95	-5.338078	82.91815	2341248	6531238	-31.6726	195.7295	593.9502	32414.95	1582.562	95.37366	91.81495	-5.338078	82.91815	95.37366	91.81495
61.15	1487.189		1139.701	1761.922	1707.117	92703.24	707414.5	-67.97156	390.0356	5647.263	7283.918	2693.95	-5.338078	-17.08185	1896483	4971628	-31.6726	195.7295	393.9502	26607.95	1482.562	-4.626335	591.8149	-5.338078	-17.08185	-4.626335	591.8149
61.43	2587.189		4140.701	761.9218	707.1174	98828.24	719451.5	-167.9716	-409.9644	4346.263	8283.918	1893.95	-5.338078	-17.08185	1386697	4433014	68.3274	-4.270463	293.9502	20501.95	1482.562	-4.626335	891.8149	-5.338078	-17.08185	-4.626335	891.8149
61.73	1187.189		1139.701	561.9218	607.1174	94410.24	748075.5	32.02844	-309.9644	6147.263	7383.918	1493.95	-5.338078	-17.08185	1212678	3115170	-31.6726	95.72954	493.9502	16498.95	3482.562	-4.626335	391.8149	-5.338078	-17.08185	-4.626335	391.8149
62.02	587.1886		1839.701	961.9218	907.1174	98728.24	698056.5	332.0284	290.0356	4846.263	7083.918	1593.95	94.66192	-17.08185	950402.4	2463516	-31.6726	395.7295	593.9502	14197.95	1982.562	-4.626335	191.8149	94.66192	-17.08185	-4.626335	191.8149
62.31	787.1886		1239.701	661.9218	807.1174	96117.24	686645.5	32.02844	90.03564	5347.263	7983.918	693.9502	94.66192	-17.08185	763558.4	1769493	-31.6726	195.7295	293.9502	8294.95	1082.562	295.3737	391.8149	94.66192	-17.08185	295.3737	391.8149
62.6	687.1886		3140.701	1261.922	507.1174	85275.24	694252.5	332.0284	190.0356	5047.263	8483.918	1493.95	194.6619	-17.08185	422894.4	1472097	68.3274	295.7295	1193.95	6994.95	1282.562	95.37366	391.8149	194.6619	-17.08185	95.37366	391.8149
62.88	587.1886		2039.701	1361.922	1307.117	82766.24	672980.5	-367.9716	590.0356	5147.263	7983.918	1993.95	94.66192	82.91815	482687.4	1160565	68.3274	595.7296	593.9502	6394.95	1382.562	95.37366	791.8149	94.66192	82.91815	95.37366	791.8149
63.17	287.1886		3740.701	561.9218	807.1174	90495.24	734686.5	432.0284	-9.964355	4446.263	5783.918	793.9502	-5.338078	-17.08185	430750.4	1156401	-31.6726	595.7296	193.9502	3893.95	1782.562	-4.626335	391.8149	-5.338078	-17.08185	-4.626335	391.8149
63.46	587.1886		939.7012	1061.922	707.1174	75040.24	620238.5	-167.9716	-9.964355	5947.263	4582.918	1993.95	-5.338078	-17.08185	417326.4	1486258	68.3274	95.72954	293.9502	3393.95	1782.562	195.3737	491.8149	-5.338078	-17.08185	195.3737	491.8149
63.75	87.18861		2539.701	1261.922	1007.117	84472.24	603638.5	-167.9716	190.0356	3246.263	7483.918	993.9502	-5.338078	-17.08185	402790.4	1585388	68.3274	95.72954	93.95018	2593.95	582.5623	95.37366	191.8149	-5.338078	-17.08185	95.37366	191.8149
64.04	487.1886		2539.701	761.9218	1007.117	87182.24	672364.5	32.02844	-9.964355	4246.263	7183.918	1293.95	94.66192	-17.08185	444895.4	1457936	68.3274	295.7295	393.9502	2393.95	1582.562	195.3737	391.8149	94.66192	-17.08185	195.3737	391.8149
64.33	487.1886		639.7012	861.9218	1107.117	82967.24	670926.5	-67.97156	90.03564	4746.263	6783.918	993.9502	-5.338078	-17.08185	453650.4	1151586	-31.6726	195.7295	493.9502	2993.95	1982.562	-4.626335	1091.815	-5.338078	-17.08185	-4.626335	1091.815
64.61	487.1886		2239.701	1161.922	507.1174	75642.24	615831.5	-167.9716	690.0356	4646.263	7283.918	1193.95	94.66192	82.91815	472087.4	1280643	168.3274	395.7295	293.9502	1593.95	2082.562	95.37366	291.8149	94.66192	82.91815	95.37366	291.8149
64.9	487.1886		1639.701	661.9218	1107.117	74137.24	655011.5	332.0284	490.0356	5247.263	7083.918	1393.95	-5.338078	82.91815	408793.4	1568684	-31.6726	195.7295	993.9502	2293.95	1382.562	-4.626335	491.8149	-5.338078	82.91815	-4.626335	491.8149
65.19	287.1886		2439.701	661.9218	207.1174	84071.24	740041.5	-67.97156	390.0356	5447.263	6683.918	1393.95	-5.338078	-17.08185	704254.4	1741169	-31.6726	195.7295	393.9502	1993.95	2482.562	95.37366	891.8149	-5.338078	-17.08185	95.37366	891.8149
65.48	287.1886		1839.701	1261.922	707.1174	82264.24	720892.5	32.02844	290.0356	5447.263	8083.918	793.9502	-5.338078	82.91815	1847453	4177909	-31.6726	595.7296	993.9502	1693.95	1982.562	95.37366	691.8149	-5.338078	82.91815	95.37366	691.8149
65.76	687.1886		1339.701	1861.922	907.1174	92402.24	783746.5	232.0284	390.0356	6247.263	10084.92	1093.95	-5.338078	82.91815	7198212	1.941716e+07	168.3274	495.7295	293.9502	2893.95	3282.562	95.37366	791.8149	-5.338078	82.91815	95.37366	791.8149
66.05	1687.189		839.7012	5462.922	2807.117	92101.24	730464.5	-267.9716	1390.036	6947.263	15187.92	793.9502	-5.338078	482.9182	2.861162e+07	7.477082e+07	868.3274	995.7296	793.9502	6794.95	7683.562	95.37366	1291.815	-5.338078	482.9182	95.37366	1291.815
66.33	3287.189		2339.701	17168.92	6208.118	87383.24	644236.5	1732.028	490.0356	9448.264	22792.92	693.9502	94.66192	482.9182	4.486781e+07	1.161413e+08	1268.327	895.7296	293.9502	17399.95	9984.562	195.3737	1291.815	94.66192	482.9182	195.3737	1291.815
66.62	1987.189		1839.701	34186.92	7408.118	74940.24	571289.5	832.0284	190.0356	11849.26	30200.92	693.9502	-5.338078	682.9182	6.939978e+07	2.182882e+08	1468.327	1595.729	693.9502	35318.95	12185.56	95.37366	2891.815	-5.338078	682.9182	95.37366	2891.815
66.91	3287.189		3540.701	52418.92	5708.118	60798.25	481419.5	1432.028	2290.036	16652.26	37610.92	893.9502	94.66192	1482.918	8.34325e+07	2.403226e+08	1968.327	1395.729	593.9502	51145.95	11585.56	-4.626335	3191.815	94.66192	1482.918	-4.626335	3191.815
67.19	2287.189	4317112	3640.701	77183.92	4507.118	43158.25	394002.5	1132.028	2290.036	22856.26	42218.92	293.9502	-5.338078	1482.918	9.669465e+07	2.843943e+08	4168.328	1495.729	593.9502	74303.95	13185.56	195.3737	4691.815	-5.338078	1482.918	195.3737	4691.815
67.48	2387.189	3774288	3740.701	83905.92	4007.117	35544.25	303041.5	2032.028	2290.036	25859.26	46325.92	193.9502	-5.338078	3082.918	1.09919e+08	3.12442e+08	4668.328	2295.729	693.9502	95877.95	13286.56	-4.626335	5192.815	-5.338078	3082.918	-4.626335	5192.815
67.76	887.1886	2978575	3340.701	116034.9	4207.118	32639.25	259148.5	2232.028	3791.036	31065.26	57147.92	393.9502	-5.338078	2682.918	1.156972e+08	3.525128e+08	4468.328	2395.729	493.9502	127518	10484.56	-4.626335	5892.815	-5.338078	2682.918	-4.626335	5892.815
68.05	1587.189	2333960	3340.701	128094.9	2107.117	21224.25	241370.5	1932.028	3591.036	34470.26	59753.92	1393.95	-5.338078	2382.918	1.257185e+08	3.46502e+08	4368.328	2895.729	593.9502	144410	11785.56	-4.626335	8392.815	-5.338078	2382.918	-4.626335	8392.815
68.34	1087.189	2386282	3440.701	143075.9	1607.117	20324.25	193251.5	2832.028	2290.036	38676.26	69278.92	293.9502	94.66192	2282.918	1.27311e+08	3.985982e+08	5169.328	2595.729	693.9502	159099	13886.56	95.37366	6892.815	94.66192	2282.918	95.37366	6892.815
68.62	1587.189	1507823	3540.701	142371.9	1907.117	14618.25	166658.5	1532.028	2290.036	32968.26	65267.92	393.9502	-5.338078	1782.918	1.222728e+08	3.244629e+08	3768.327	2695.729	493.9502	152860	11585.56	95.37366	5692.815	-5.338078	1782.918	95.37366	5692.815
68.91	1987.189	1592349	4740.701	145791.9	4107.118	17020.25	176527.5	2232.028	2790.036	32067.26	67373.92	493.9502	-5.338078	2282.918	1.26785e+08	3.384877e+08	3168.327	3495.729	93.95018	152156	11385.56	-4.626335	6092.815	-5.338078	2282.918	-4.626335	6092.815
69.2	3387.189	1176449	3040.701	127189.9	7208.118	11216.25	130743.5	1632.028	1890.036	28562.26	64866.92	993.9502	94.66192	1182.918	1.239952e+08	3.084351e+08	3868.327	2895.729	93.95018	116766	10684.56	-4.626335	4591.815	94.66192	1182.918	-4.626335	4591.815
69.48	11089.19	890829.6	4440.701	98459.92	17413.12	9114.246	129436.5	1732.028	4891.036	23357.26	60656.92	1593.95	-5.338078	1082.918	1.241412e+08	3.104385e+08	2968.327	2995.729	293.9502	96077.95	10084.56	-4.626335	2091.815	-5.338078	1082.918	-4.626335	2091.815
69.77	13491.19	773387.6	1239.701	83905.92	33329.12	10215.25	96184.52	2432.028	3991.036	20955.26	54241.92	393.9502	-5.338078	1082.918	1.315223e+08	3.62531e+08	2568.327	2895.729	293.9502	74303.95	14086.56	-4.626335	3191.815	-5.338078	1082.918	-4.626335	3191.815
70.05	19495.19	635037.6	3940.701	76381.92	38637.12	8214.246	73907.52	3132.028	3991.036	18953.26	56446.92	393.9502	-5.338078	1182.918	1.320637e+08	3.344805e+08	2168.327	2695.729	93.95018	56757.95	13386.56	-4.626335	2291.815	-5.338078	1182.918	-4.626335	2291.815
70.34	16392.19	451162.6	5240.701	74475.92	35733.12	4812.246	80327.52	3032.028	3491.036	17152.26	48329.92	193.9502	-5.338078	1682.918	1.311712e+08	3.304735e+08	1868.327	1195.729	-6.049822	45034.95	12385.56	-4.626335	2591.815	-5.338078	1682.918	-4.626335	2591.815
70.63	14291.19	402530.6	2339.701	84306.92	38136.12	4012.246	57162.53	2832.028	2790.036	22356.26	48529.92	193.9502	-5.338078	2182.918	1.313321e+08	3.745531e+08	1468.327	2295.729	-6.049822	41828.95	12385.56	95.37366	2891.815	-5.338078	2182.918	95.37366	2891.815
70.91	14891.19	566196.6	3140.701	98358.92	28924.12	5212.246	62174.53	2532.028	3290.036	26961.26	48229.92	493.9502	-5.338078	2582.918	1.332052e+08	3.745531e+08	1768.327	995.7296	293.9502	36019.95	13085.56	-4.626335	2791.815	-5.338078	2582.918	-4.626335	2791.815
71.2	11890.19	313142.6	2339.701	103278.9	19915.12	2811.246	71399.52	1532.028	2790.036	27261.26	50232.92	93.95018	94.66192	2982.918	1.291821e+08	3.2847e+08	1768.327	1995.729	193.9502	27208.95	11385.56	-4.626335	3191.815	94.66192	2982.918	-4.626335	3191.815
71.48	9189.188	285811.6	2739.701	92435.92	13211.12	3912.246	55558.53	2232.028	4191.036	30565.26	49731.92	293.9502	-5.338078	2482.918	1.360314e+08	3.404912e+08	1368.327	1395.729	-6.049822	31212.95	9684.562	95.37366	2891.815	-5.338078	2482.918	95.37366	2891.815
71.77	5788.188	269527.6	2539.701	86915.92	8909.117	511.2456	59267.53	1832.028	2990.036	38676.26	51335.92	393.9502	-5.338078	3182.918	1.340982e+08	3.605274e+08	2268.327	1195.729	193.9502	78015.95	8784.562	-4.626335	2891.815	-5.338078	3182.918	-4.626335	2891.815
72.05	7188.188	214888.6	3440.701	79190.92	8308.117	3412.246	52451.53	2632.028	2390.036	32667.26	58150.92	-6.049822	-5.338078	3182.918	1.277202e+08	3.525128e+08	2068.327	1895.729	93.95018	317800.9	10484.56	95.37366	2991.815	-5.338078	3182.918	95.37366	2991.815
72.34	5788.188	149397.6	2239.701	72770.92	6208.118	-288.7544	45537.53	1932.028	2390.036	31065.26	45824.92	193.9502	-5.338078	2782.918	1.227544e+08	3.525128e+08	2368.327	1495.729	-6.049822	535058.9	9984.562	-4.626335	3091.815	-5.338078	2782.918	-4.626335	3091.815
72.63	3787.189	154328.6	3540.701	52719.92	5508.118	1211.246	37323.53	1832.028	2890.036	22556.26	42218.92	-6.049822	-5.338078	1882.918	9.555017e+07	2.3231e+08	1568.327	1195.729	-6.049822	446139.9	5583.562	-4.626335	2591.815	-5.338078	1882.918	-4.626335	2591.815
72.91	2787.189	170335.6	2839.701	42699.92	5108.118	111.2456	28510.53	1432.028	2090.036	19454.26	25495.92	-6.049822	-5.338078	982.9182	6.803404e+07	1.902458e+08	568.3274	1295.729	93.95018	251957	4282.562	-4.626335	1691.815	-5.338078	982.9182	-4.626335	1691.815
73.2	1687.189	122846.6	639.7012	32684.92	2707.117	-88.75439	18801.53	1832.028	1690.036	13650.26	21291.92	93.95018	-5.338078	982.9182	5.24157e+07	1.375939e+08	868.3274	795.7296	-6.049822	184875	3682.562	-4.626335	1291.815	-5.338078	982.9182	-4.626335	1291.815
73.48	2487.189	121439.6	639.7012	23473.92	3107.117	-1389.754	23305.53	932.0284	1290.036	10348.26	15887.92	193.9502	-5.338078	582.9182	4.098576e+07	1.06045e+08	668.3274	395.7295	-6.049822	129428	2782.562	-4.626335	791.8149	-5.338078	582.9182	-4.626335	791.8149
73.77	1187.189	130788.6	-160.2988	19069.92	2207.117	-188.7544	17099.53	932.0284	1590.036	9448.264	9884.918	-6.049822	-5.338078	782.9182	3.211016e+07	8.222337e+07	368.3274	295.7295	-6.049822	104110	2082.562	-4.626335	991.8149	-5.338078	782.9182	-4.626335	991.8149
74.06	1487.189	75647.64	1139.701	16567.92	1307.117	-889.7544	21203.53	532.0284	190.0356	4446.263	12285.92	93.95018	-5.338078	182.9182	2.476154e+07	7.017678e+07	268.3274	295.7295	-6.049822	68788.95	2782.562	-4.626335	691.8149	-5.338078	182.9182	-4.626335	691.8149
74.34	787.1886	53084.64	339.7012	14266.92	1307.117	-1289.754	8494.526	532.0284	390.0356	4146.263	7583.918	-6.049822	-5.338078	282.9182	1.961097e+07	5.263524e+07	568.3274	195.7295	-6.049822	57058.95	1982.562	-4.626335	291.8149	-5.338078	282.9182	-4.626335	291.8149
74.63	787.1886	52683.64	1239.701	9163.922	907.1174	-288.7544	6794.527	432.0284	290.0356	3646.263	5683.918	-6.049822	-5.338078	282.9182	1.582732e+07	4.153282e+07	368.3274	95.72954	-6.049822	49041.95	2082.562	-4.626335	791.8149	-5.338078	282.9182	-4.626335	791.8149
74.91	987.1886	46268.64	-861.2988	7863.922	707.1174	-288.7544	6994.527	-367.9716	1090.036	1946.263	5583.918	-6.049822	-5.338078	382.9182	1.299578e+07	3.496515e+07	68.3274	195.7295	-6.049822	43030.95	1282.562	-4.626335	391.8149	-5.338078	382.9182	-4.626335	391.8149
75.2	687.1886	41659.64	439.7012	5362.922	807.1174	-1289.754	26108.53	-67.97156	-109.9644	2346.263	4582.918	-6.049822	94.66192	82.91815	9742314	3.175012e+07	568.3274	195.7295	-6.049822	22803.95	982.5623	-4.626335	591.8149	94.66192	82.91815	-4.626335	591.8149
75.48	687.1886	46870.64	-260.2988	3561.922	507.1174	-1489.754	7294.527	-367.9716	-209.9644	1946.263	4082.918	-6.049822	-5.338078	82.91815	7862328	2.356139e+07	168.3274	395.7295	-6.049822	31212.95	982.5623	-4.626335	91.81495	-5.338078	82.91815	-4.626335	91.81495
75.77	387.1886	25734.64	-260.2988	4162.922	707.1174	-789.7544	2092.527	32.02844	590.0356	1146.263	3282.918	-6.049822	-5.338078	82.91815	6562472	2.07126e+07	68.3274	95.72954	-6.049822	18700.95	282.5623	-4.626335	191.8149	-5.338078	82.91815	-4.626335	191.8149
76.05	487.1886	71534.64	-660.2988	5362.922	407.1174	-1889.754	4993.527	232.0284	90.03564	2246.263	2782.918	-6.049822	-5.338078	182.9182	5545528	1.549101e+07	168.3274	-4.270463	-6.049822	17799.95	382.5623	-4.626335	191.8149	-5.338078	182.9182	-4.626335	191.8149
76.34	287.1886	25834.64	739.7012	2661.922	207.1174	-689.7544	5393.527	132.0284	490.0356	1446.263	1882.918	-6.049822	-5.338078	82.91815	3921850	1.499344e+07	368.3274	-4.270463	-6.049822	10695.95	382.5623	-4.626335	91.81495	-5.338078	82.91815	-4.626335	91.81495
76.62	87.18861	14121.64	-360.2988	3161.922	307.1174	-889.7544	792.5267	232.0284	690.0356	946.2634	1682.918	93.95018	-5.338078	82.91815	3935966	1.046166e+07	-31.6726	95.72954	-6.049822	13597.95	182.5623	-4.626335	91.81495	-5.338078	82.91815	-4.626335	91.81495
76.91	-12.81139	16724.64	-1561.299	1661.922	507.1174	-1689.754	892.5267	32.02844	-209.9644	1246.263	1382.918	93.95018	-5.338078	-17.08185	3187910	9184151	-31.6726	-4.270463	-6.049822	6594.95	182.5623	-4.626335	191.8149	-5.338078	-17.08185	-4.626335	191.8149
77.2	187.1886	13921.64	-460.2988	2161.922	407.1174	-588.7544	3293.527	-467.9716	-9.964355	646.2634	682.9182	-6.049822	-5.338078	-17.08185	2425904	6871608	68.3274	-4.270463	93.95018	6294.95	282.5623	-4.626335	291.8149	-5.338078	-17.08185	-4.626335	291.8149
77.48	187.1886	1814.641	39.70117	761.9218	107.1174	-989.7544	1592.527	32.02844	390.0356	446.2633	782.9182	-6.049822	-5.338078	-17.08185	2679888	7396408	-31.6726	95.72954	-6.049822	3493.95	-17.43772	-4.626335	91.81495	-5.338078	-17.08185	-4.626335	91.81495
77.77	87.18861	19627.64	-1461.299	1461.922	107.1174	-1589.754	592.5267	-67.97156	390.0356	646.2634	782.9182	93.95018	-5.338078	-17.08185	1734596	5311848	68.3274	95.72954	-6.049822	2693.95	82.56228	-4.626335	-8.185054	-5.338078	-17.08185	-4.626335	-8.185054
78.06	-12.81139	9018.641	-560.2988	1161.922	107.1174	-1089.754	592.5267	32.02844	-109.9644	146.2633	582.9182	-6.049822	-5.338078	82.91815	1452468	4617268	68.3274	-4.270463	-6.049822	3793.95	-17.43772	-4.626335	91.81495	-5.338078	82.91815	-4.626335	91.81495
78.35	-12.81139	3415.641	-460.2988	561.9218	307.1174	-1189.754	392.5267	-67.97156	390.0356	46.26334	482.9182	-6.049822	194.6619	82.91815	1269097	3341862	-31.6726	-4.270463	-6.049822	3493.95	-17.43772	-4.626335	-8.185054	194.6619	82.91815	-4.626335	-8.185054
78.63	87.18861	18025.64	139.7012	961.9218	207.1174	-588.7544	292.5267	332.0284	-209.9644	146.2633	1082.918	-6.049822	-5.338078	-17.08185	862396.4	3681925	-31.6726	-4.270463	-6.049822	693.9502	82.56228	-4.626335	-8.185054	-5.338078	-17.08185	-4.626335	-8.185054
78.92	287.1886	7017.641	639.7012	261.9218	107.1174	-3089.754	292.5267	32.02844	-109.9644	346.2633	382.9182	-6.049822	-5.338078	-17.08185	1226782	2449350	-31.6726	-4.270463	-6.049822	1293.95	-17.43772	-4.626335	-8.185054	-5.338078	-17.08185	-4.626335	-8.185054
79.22	-12.81139	9818.641	-560.2988	461.9218	-92.88256	-1989.754	892.5267	-267.9716	-309.9644	146.2633	682.9182	-6.049822	-5.338078	-17.08185	1043423	3667755	-31.6726	-4.270463	-6.049822	3893.95	182.5623	-4.626335	91.81495	-5.338078	-17.08185	-4.626335	91.81495
79.5	-12.81139	9018.641	-1461.299	61.92175	207.1174	111.2456	-607.4733	32.02844	-209.9644	-53.73666	82.91815	-6.049822	-5.338078	-17.08185	536875.4	2180225	-31.6726	-4.270463	-6.049822	1893.95	182.5623	-4.626335	91.81495	-5.338078	-17.08185	-4.626335	91.81495
79.79	-12.81139	2915.641	339.7012	461.9218	207.1174	-1089.754	192.5267	-67.97156	-9.964355	346.2633	82.91815	93.95018	-5.338078	-17.08185	866328.4	1967771	-31.6726	-4.270463	-6.049822	2593.95	-17.43772	-4.626335	-8.185054	-5.338078	-17.08185	-4.626335	-8.185054
80.08	-12.81139	3015.641	-560.2988	61.92175	107.1174	-1289.754	692.5267	532.0284	690.0356	-53.73666	182.9182	-6.049822	-5.338078	82.91815	563553.4	1401292	-31.6726	-4.270463	-6.049822	793.9502	82.56228	-4.626335	-8.185054	-5.338078	82.91815	-4.626335	-8.185054
80.37	87.18861	2315.641	939.7012	661.9218	107.1174	-1389.754	392.5267	732.0284	-109.9644	546.2634	282.9182	-6.049822	-5.338078	-17.08185	521608.4	1089766	-31.6726	-4.270463	-6.049822	1593.95	182.5623	-4.626335	-8.185054	-5.338078	-17.08185	-4.626335	-8.185054
80.67	-12.81139	214.6406	-260.2988	261.9218	7.117439	-1989.754	-607.4733	32.02844	-509.9644	46.26334	-17.08185	-6.049822	-5.338078	-17.08185	324184.4	636687.8	-31.6726	-4.270463	-6.049822	293.9502	-17.43772	-4.626335	-8.185054	-5.338078	-17.08185	-4.626335	-8.185054
80.96	87.18861	4715.641	739.7012	-38.07825	7.117439	411.2456	592.5267	-467.9716	390.0356	46.26334	282.9182	-6.049822	-5.338078	-17.08185	338285.4	1486258	68.3274	-4.270463	-6.049822	93.95018	-17.43772	-4.626335	-8.185054	-5.338078	-17.08185	-4.626335	-8.185054
81.26	-12.81139	4816.641	-2561.299	261.9218	7.117439	-488.7544	-307.4733	-67.97156	390.0356	146.2633	182.9182	-6.049822	-5.338078	-17.08185	260319.4	495112.8	-31.6726	-4.270463	-6.049822	993.9502	82.56228	-4.626335	-8.185054	-5.338078	-17.08185	-4.626335	-8.185054
81.54	-12.81139	1514.641	-1061.299	61.92175	-92.88256	-1489.754	-307.4733	-67.97156	590.0356	-53.73666	282.9182	-6.049822	94.66192	-17.08185	244359.4	274142.8	-31.6726	-4.270463	-6.049822	93.95018	-17.43772	-4.626335	-8.185054	94.66192	-17.08185	-4.626335	-8.185054
81.83	-12.81139	5116.641	139.7012	-138.0782	7.117439	-2789.754	92.52673	432.0284	290.0356	-53.73666	82.91815	-6.049822	-5.338078	-17.08185	153339.4	820743.8	168.3274	-4.270463	-6.049822	293.9502	-17.43772	-4.626335	-8.185054	-5.338078	-17.08185	-4.626335	-8.185054
82.12	-12.81139	214.6406	-460.2988	61.92175	7.117439	-889.7544	892.5267	132.0284	1090.036	46.26334	-17.08185	-6.049822	-5.338078	-17.08185	347976.4	398093.8	-31.6726	-4.270463	-6.049822	93.95018	-17.43772	-4.626335	-8.185054	-5.338078	-17.08185	-4.626335	-8.185054
82.4	-12.81139	1814.641	-1861.299	-438.0782	-92.88256	-689.7544	692.5267	-267.9716	-209.9644	146.2633	182.9182	193.9502	-5.338078	-17.08185	313423.4	286277.8	-31.6726	-4.270463	-6.049822	1093.95	-17.43772	-4.626335	-8.185054	-5.338078	-17.08185	-4.626335	-8.185054
82.69	-12.81139	9018.641	-1161.299	-438.0782	7.117439	-1889.754	1792.527	-367.9716	190.0356	-53.73666	182.9182	-6.049822	-5.338078	-17.08185	130007.4	224853.8	-31.6726	-4.270463	-6.049822	393.9502	-17.43772	95.37366	-8.185054	-5.338078	-17.08185	95.37366	-8.185054
82.98	-12.81139	2315.641	-260.2988	261.9218	-92.88256	211.2456	292.5267	32.02844	-509.9644	46.26334	182.9182	-6.049822	-5.338078	-17.08185	126771.4	42109.77	-31.6726	-4.270463	93.95018	-6.049822	-17.43772	-4.626335	-8.185054	-5.338078	-17.08185	-4.626335	-8.185054
83.26	-12.81139	514.6406	-1061.299	-38.07825	107.1174	-188.7544	392.5267	-267.9716	-109.9644	46.26334	82.91815	-6.049822	-5.338078	-17.08185	42806.39	224954.8	-31.6726	-4.270463	-6.049822	593.9502	-17.43772	-4.626335	-8.185054	-5.338078	-17.08185	-4.626335	-8.185054
83.55	-12.81139	414.6406	-1961.299	461.9218	407.1174	-1489.754	292.5267	332.0284	90.03564	46.26334	182.9182	-6.049822	-5.338078	-17.08185	89630.4	47689.77	-31.6726	-4.270463	-6.049822	-6.049822	-17.43772	-4.626335	-8.185054	-5.338078	-17.08185	-4.626335	-8.185054
83.83	-12.81139	814.6406	439.7012	161.9218	7.117439	-1089.754	892.5267	-467.9716	-209.9644	-53.73666	82.91815	-6.049822	394.6619	-17.08185	181426.4	806584.8	-31.6726	-4.270463	-6.049822	46436.95	82.56228	-4.626335	-8.185054	394.6619	-17.08185	-4.626335	-8.185054
84.12	-12.81139	1314.641	-60.29883	-338.0782	7.117439	-889.7544	-607.4733	232.0284	290.0356	146.2633	-17.08185	-6.049822	-5.338078	-17.08185	63751.39	164787.8	168.3274	-4.270463	-6.049822	-6.049822	82.56228	-4.626335	-8.185054	-5.338078	-17.08185	-4.626335	-8.185054
84.41	-12.81139	35047.64	-360.2988	-138.0782	7.117439	-1589.754	-7.473267	-267.9716	990.0356	46.26334	-17.08185	-6.049822	-5.338078	-17.08185	253146.4	112887.8	-31.6726	-4.270463	-6.049822	-6.049822	-17.43772	-4.626335	-8.185054	-5.338078	-17.08185	-4.626335	-8.185054
84.7	-12.81139	6716.641	-761.2988	361.9218	7.117439	-288.7544	292.5267	-167.9716	-209.9644	246.2633	82.91815	-6.049822	-5.338078	-17.08185	24781.39	268603.8	-31.6726	-4.270463	-6.049822	93.95018	-17.43772	-4.626335	-8.185054	-5.338078	-17.08185	-4.626335	-8.185054
84.98	-12.81139	5116.641	-961.2988	-138.0782	-92.88256	-1689.754	-7.473267	132.0284	290.0356	-53.73666	-17.08185	-6.049822	-5.338078	-17.08185	111719.4	69942.77	-31.6726	-4.270463	-6.049822	-6.049822	-17.43772	-4.626335	91.81495	-5.338078	-17.08185	-4.626335	91.81495
85.28	-12.81139	20828.64	-1361.299	761.9218	107.1174	-1189.754	-307.4733	32.02844	190.0356	46.26334	-17.08185	-6.049822	-5.338078	-17.08185	31189.39	169510.8	-31.6726	95.72954	-6.049822	-6.049822	82.56228	-4.626335	-8.185054	-5.338078	-17.08185	-4.626335	-8.185054
85.56	-12.81139	714.6406	639.7012	361.9218	7.117439	-88.75439	-307.4733	-167.9716	-209.9644	46.26334	-17.08185	-6.049822	-5.338078	-17.08185	62848.39	43982.77	-31.6726	-4.270463	-6.049822	-6.049822	-17.43772	-4.626335	-8.185054	-5.338078	-17.08185	-4.626335	-8.185054
85.84	-12.81139	7917.641	-660.2988	-138.0782	-92.88256	-1389.754	-307.4733	-267.9716	-609.9644	46.26334	-17.08185	-6.049822	-5.338078	-17.08185	22179.39	141846.8	-31.6726	-4.270463	-6.049822	-6.049822	-17.43772	-4.626335	-8.185054	-5.338078	-17.08185	-4.626335	-8.185054
86.13	-12.81139	214.6406	-1561.299	-238.0782	-92.88256	-1289.754	-407.4733	-267.9716	-109.9644	-53.73666	-17.08185	-6.049822	-5.338078	-17.08185	52324.39	-356.2278	-31.6726	-4.270463	-6.049822	-6.049822	-17.43772	195.3737	-8.185054	-5.338078	-17.08185	195.3737	-8.185054
86.42	87.18861	614.6406	-560.2988	-38.07825	207.1174	-989.7544	-607.4733	532.0284	-409.9644	-53.73666	-17.08185	-6.049822	-5.338078	-17.08185	31689.39	34668.77	-31.6726	-4.270463	-6.049822	93.95018	-17.43772	-4.626335	-8.185054	-5.338078	-17.08185	-4.626335	-8.185054
86.7	-12.81139	414.6406	-360.2988	661.9218	7.117439	-1689.754	-807.4733	-167.9716	-9.964355	46.26334	-17.08185	-6.049822	-5.338078	-17.08185	39300.39	44684.77	-31.6726	-4.270463	-6.049822	-6.049822	82.56228	-4.626335	-8.185054	-5.338078	-17.08185	-4.626335	-8.185054
86.99	-12.81139	4015.641	-60.29883	-138.0782	7.117439	-1489.754	-407.4733	-67.97156	790.0356	346.2633	-17.08185	-6.049822	-5.338078	-17.08185	369.395	45886.77	-31.6726	-4.270463	-6.049822	-6.049822	82.56228	-4.626335	-8.185054	-5.338078	-17.08185	-4.626335	-8.185054
87.28	87.18861	-85.35938	239.7012	-238.0782	-92.88256	-488.7544	92.52673	32.02844	-9.964355	-53.73666	-17.08185	-6.049822	-5.338078	-17.08185	1369.395	495112.8	-31.6726	-4.270463	-6.049822	-6.049822	82.56228	95.37366	-8.185054	-5.338078	-17.08185	95.37366	-8.185054
87.57	-12.81139	4215.641	-560.2988	-538.0782	7.117439	-1789.754	392.5267	-267.9716	-409.9644	146.2633	-17.08185	-6.049822	-5.338078	82.91815	28069.39	68738.77	-31.6726	-4.270463	93.95018	-6.049822	-17.43772	-4.626335	-8.185054	-5.338078	82.91815	-4.626335	-8.185054
87.85	-12.81139	1414.641	-1861.299	-238.0782	-92.88256	-1589.754	-607.4733	-167.9716	-209.9644	-53.73666	-17.08185	-6.049822	-5.338078	-17.08185	41103.39	6544.772	-31.6726	-4.270463	-6.049822	-6.049822	-17.43772	-4.626335	-8.185054	-5.338078	-17.08185	-4.626335	-8.185054
88.14	-12.81139	1614.641	-160.2988	-338.0782	7.117439	-2289.754	92.52673	-167.9716	-309.9644	46.26334	-17.08185	-6.049822	94.66192	-17.08185	76185.4	4944.772	-31.6726	-4.270463	-6.049822	-6.049822	-17.43772	-4.626335	-8.185054	94.66192	-17.08185	-4.626335	-8.185054
88.42	-12.81139	-385.3594	-460.2988	261.9218	-92.88256	-1889.754	492.5267	832.0284	490.0356	46.26334	-17.08185	-6.049822	-5.338078	-17.08185	10971.39	105768.8	-31.6726	-4.270463	-6.049822	-6.049822	82.56228	-4.626335	-8.185054	-5.338078	-17.08185	-4.626335	-8.185054
88.71	-12.81139	-785.3594	239.7012	-138.0782	107.1174	-588.7544	-507.4733	-267.9716	290.0356	-53.73666	-17.08185	-6.049822	-5.338078	-17.08185	11972.39	53501.77	-31.6726	-4.270463	93.95018	93.95018	-17.43772	-4.626335	-8.185054	-5.338078	-17.08185	-4.626335	-8.185054
89	87.18861	114.6406	-560.2988	-38.07825	7.117439	-388.7544	-707.4733	-67.97156	-309.9644	-53.73666	-17.08185	-6.049822	-5.338078	-17.08185	7870.395	-356.2278	-31.6726	-4.270463	-6.049822	-6.049822	-17.43772	95.37366	-8.185054	-5.338078	-17.08185	95.37366	-8.185054
