ElapsedTime_s	Ti49_CPS	Al27_CPS	S33_CPS	Sc45_CPS	V51_CPS	Mn55_CPS	Fe57_CPS	Co59_CPS	Ni60_CPS	Ga71_CPS	Zr90_CPS	Nb93_CPS	Mo97_CPS	In113_CPS	Sn119_CPS	Sn118_CPS	Sb121_CPS	Hf177_CPS	Ta181_CPS	W183_CPS	Pb206_CPS	Th232_CPS	U238_CPS	Tc97_CPS	Cd113_CPS	U232_CPS	Pu238_CPS
0	-12.81139	1014.641	-260.2988	661.9218	7.117439	-2089.754	-307.4733	332.0284	590.0356	146.2633	-17.08185	-6.049822	-5.338078	-17.08185	5470.395	83383.77	-31.6726	-4.270463	-6.049822	293.9502	-17.43772	-4.626335	-8.185054	-5.338078	-17.08185	-4.626335	-8.185054
																											
8.17	-12.81139	-285.3594	-1161.299	261.9218	7.117439	11.24561	-507.4733	232.0284	-9.964355	-53.73666	82.91815	-6.049822	-5.338078	-17.08185	-30.60498	-56.22775	-31.6726	-4.270463	93.95018	-6.049822	82.56228	-4.626335	-8.185054	-5.338078	-17.08185	-4.626335	-8.185054
8.46	-12.81139	2615.641	-260.2988	61.92175	7.117439	-689.7544	-7.473267	232.0284	390.0356	-53.73666	-17.08185	-6.049822	-5.338078	-17.08185	-130.605	-56.22775	-31.6726	-4.270463	-6.049822	-6.049822	-17.43772	95.37366	-8.185054	-5.338078	-17.08185	95.37366	-8.185054
8.74	-12.81139	314.6406	-560.2988	161.9218	7.117439	-1389.754	792.5267	132.0284	990.0356	-53.73666	82.91815	-6.049822	-5.338078	-17.08185	-30.60498	-156.2278	-31.6726	-4.270463	-6.049822	-6.049822	-17.43772	-4.626335	-8.185054	-5.338078	-17.08185	-4.626335	-8.185054
9.03	-12.81139	114.6406	239.7012	761.9218	-92.88256	-689.7544	-307.4733	-267.9716	790.0356	46.26334	-17.08185	-6.049822	-5.338078	-17.08185	169.395	-56.22775	-31.6726	-4.270463	-6.049822	-6.049822	-17.43772	-4.626335	-8.185054	-5.338078	-17.08185	-4.626335	-8.185054
9.31	-12.81139	-185.3594	-660.2988	-38.07825	-92.88256	-989.7544	-607.4733	132.0284	90.03564	46.26334	-17.08185	-6.049822	-5.338078	-17.08185	60442.39	-256.2278	-31.6726	-4.270463	-6.049822	-6.049822	-17.43772	-4.626335	-8.185054	-5.338078	-17.08185	-4.626335	-8.185054
9.6	-12.81139	514.6406	339.7012	-138.0782	-92.88256	-989.7544	-607.4733	32.02844	190.0356	-53.73666	-17.08185	-6.049822	-5.338078	-17.08185	69.39502	343.7722	-31.6726	-4.270463	-6.049822	-6.049822	-17.43772	-4.626335	-8.185054	-5.338078	-17.08185	-4.626335	-8.185054
9.88	-12.81139	-1886.359	-1161.299	-138.0782	-92.88256	-1489.754	92.52673	32.02844	-9.964355	346.2633	-17.08185	-6.049822	-5.338078	-17.08185	-30.60498	43.77225	-31.6726	-4.270463	-6.049822	293.9502	-17.43772	-4.626335	-8.185054	-5.338078	-17.08185	-4.626335	-8.185054
10.17	-12.81139	614.6406	-861.2988	-438.0782	-92.88256	-388.7544	592.5267	432.0284	-109.9644	-53.73666	-17.08185	-6.049822	-5.338078	-17.08185	10871.39	143.7722	-31.6726	-4.270463	-6.049822	-6.049822	-17.43772	-4.626335	-8.185054	-5.338078	-17.08185	-4.626335	-8.185054
10.45	87.18861	214.6406	439.7012	-138.0782	407.1174	-88.75439	-407.4733	32.02844	-109.9644	-53.73666	-17.08185	93.95018	-5.338078	-17.08185	61044.39	-156.2278	-31.6726	95.72954	-6.049822	-6.049822	-17.43772	-4.626335	-8.185054	-5.338078	-17.08185	-4.626335	-8.185054
10.74	-12.81139	1414.641	-260.2988	461.9218	107.1174	-2189.754	-7.473267	-267.9716	-209.9644	46.26334	-17.08185	-6.049822	-5.338078	-17.08185	-130.605	343.7722	-31.6726	-4.270463	-6.049822	-6.049822	-17.43772	95.37366	-8.185054	-5.338078	-17.08185	95.37366	-8.185054
11.02	87.18861	614.6406	139.7012	-338.0782	7.117439	-1589.754	-207.4733	-167.9716	190.0356	-53.73666	-17.08185	-6.049822	-5.338078	-17.08185	-130.605	43.77225	-31.6726	-4.270463	-6.049822	-6.049822	82.56228	-4.626335	-8.185054	-5.338078	-17.08185	-4.626335	-8.185054
11.31	-12.81139	114.6406	-1061.299	161.9218	107.1174	-588.7544	-107.4733	232.0284	90.03564	-53.73666	-17.08185	-6.049822	-5.338078	-17.08185	-30.60498	-256.2278	-31.6726	-4.270463	-6.049822	-6.049822	82.56228	-4.626335	-8.185054	-5.338078	-17.08185	-4.626335	-8.185054
11.59	87.18861	-85.35938	-1661.299	-138.0782	7.117439	-889.7544	-307.4733	232.0284	-9.964355	46.26334	-17.08185	-6.049822	-5.338078	-17.08185	-130.605	343.7722	-31.6726	-4.270463	-6.049822	-6.049822	82.56228	-4.626335	-8.185054	-5.338078	-17.08185	-4.626335	-8.185054
11.88	-12.81139	-385.3594	-160.2988	361.9218	7.117439	211.2456	-507.4733	132.0284	-209.9644	-53.73666	-17.08185	-6.049822	-5.338078	-17.08185	-30.60498	43.77225	168.3274	-4.270463	-6.049822	-6.049822	-17.43772	-4.626335	-8.185054	-5.338078	-17.08185	-4.626335	-8.185054
12.16	-12.81139	214.6406	-660.2988	-138.0782	107.1174	-388.7544	-207.4733	-367.9716	-509.9644	-53.73666	-17.08185	-6.049822	-5.338078	-17.08185	-30.60498	-356.2278	68.3274	-4.270463	-6.049822	-6.049822	-17.43772	-4.626335	-8.185054	-5.338078	-17.08185	-4.626335	-8.185054
12.45	187.1886	214.6406	-460.2988	61.92175	-92.88256	211.2456	-1007.473	-367.9716	90.03564	-53.73666	82.91815	-6.049822	-5.338078	-17.08185	69.39502	243.7722	-31.6726	-4.270463	-6.049822	-6.049822	-17.43772	-4.626335	-8.185054	-5.338078	-17.08185	-4.626335	-8.185054
12.73	-12.81139	614.6406	-961.2988	161.9218	7.117439	-1089.754	92.52673	-167.9716	-109.9644	-53.73666	-17.08185	-6.049822	-5.338078	-17.08185	-30.60498	243.7722	-31.6726	-4.270463	-6.049822	-6.049822	-17.43772	-4.626335	-8.185054	-5.338078	-17.08185	-4.626335	-8.185054
13.02	-12.81139	14.64062	-660.2988	361.9218	7.117439	811.2456	-407.4733	32.02844	190.0356	-53.73666	-17.08185	-6.049822	-5.338078	-17.08185	169.395	43.77225	68.3274	-4.270463	-6.049822	-6.049822	-17.43772	-4.626335	-8.185054	-5.338078	-17.08185	-4.626335	-8.185054
13.3	-12.81139	-785.3594	139.7012	461.9218	107.1174	-689.7544	-407.4733	132.0284	590.0356	-53.73666	82.91815	-6.049822	-5.338078	-17.08185	19577.39	-256.2278	68.3274	-4.270463	-6.049822	-6.049822	-17.43772	95.37366	-8.185054	-5.338078	-17.08185	95.37366	-8.185054
13.59	-12.81139	14.64062	-861.2988	-38.07825	7.117439	11.24561	392.5267	232.0284	90.03564	-53.73666	-17.08185	-6.049822	-5.338078	-17.08185	169.395	43.77225	-31.6726	-4.270463	-6.049822	-6.049822	-17.43772	-4.626335	-8.185054	-5.338078	-17.08185	-4.626335	-8.185054
13.87	-12.81139	114.6406	-1661.299	-138.0782	-92.88256	-1089.754	-407.4733	-167.9716	-209.9644	-53.73666	82.91815	-6.049822	-5.338078	-17.08185	69.39502	-56.22775	-31.6726	-4.270463	-6.049822	93.95018	82.56228	-4.626335	-8.185054	-5.338078	-17.08185	-4.626335	-8.185054
14.16	187.1886	614.6406	-1261.299	-238.0782	-92.88256	-1289.754	592.5267	-67.97156	-809.9644	-53.73666	-17.08185	-6.049822	-5.338078	-17.08185	-30.60498	-56.22775	168.3274	-4.270463	-6.049822	-6.049822	-17.43772	-4.626335	-8.185054	-5.338078	-17.08185	-4.626335	-8.185054
14.44	-12.81139	1114.641	-660.2988	61.92175	-92.88256	-689.7544	-407.4733	-167.9716	390.0356	-53.73666	-17.08185	-6.049822	-5.338078	-17.08185	-30.60498	-256.2278	68.3274	-4.270463	-6.049822	-6.049822	-17.43772	-4.626335	-8.185054	-5.338078	-17.08185	-4.626335	-8.185054
14.73	-12.81139	414.6406	-1261.299	-238.0782	7.117439	-889.7544	-807.4733	-67.97156	790.0356	46.26334	182.9182	-6.049822	-5.338078	-17.08185	-130.605	-156.2278	-31.6726	-4.270463	-6.049822	-6.049822	-17.43772	-4.626335	-8.185054	-5.338078	-17.08185	-4.626335	-8.185054
15.01	-12.81139	1714.641	-360.2988	161.9218	7.117439	-2189.754	-907.4733	-67.97156	-709.9644	-53.73666	82.91815	-6.049822	-5.338078	-17.08185	69.39502	4944.772	-31.6726	-4.270463	-6.049822	-6.049822	-17.43772	-4.626335	91.81495	-5.338078	-17.08185	-4.626335	91.81495
15.3	-12.81139	614.6406	239.7012	-38.07825	7.117439	-889.7544	-907.4733	332.0284	-209.9644	146.2633	-17.08185	-6.049822	-5.338078	-17.08185	-30.60498	143.7722	-31.6726	-4.270463	-6.049822	-6.049822	-17.43772	-4.626335	-8.185054	-5.338078	-17.08185	-4.626335	-8.185054
15.58	-12.81139	-485.3594	1239.701	-538.0782	-92.88256	-488.7544	-807.4733	132.0284	190.0356	146.2633	-17.08185	-6.049822	-5.338078	-17.08185	-30.60498	43.77225	-31.6726	-4.270463	-6.049822	93.95018	-17.43772	-4.626335	-8.185054	-5.338078	-17.08185	-4.626335	-8.185054
15.87	87.18861	1014.641	-761.2988	-138.0782	107.1174	-2489.754	-107.4733	-367.9716	-609.9644	-53.73666	82.91815	-6.049822	-5.338078	-17.08185	169.395	-156.2278	68.3274	-4.270463	-6.049822	-6.049822	82.56228	-4.626335	-8.185054	-5.338078	-17.08185	-4.626335	-8.185054
16.15	-12.81139	-185.3594	-60.29883	761.9218	7.117439	111.2456	-207.4733	-267.9716	190.0356	146.2633	-17.08185	-6.049822	-5.338078	-17.08185	-30.60498	143.7722	-31.6726	-4.270463	-6.049822	-6.049822	-17.43772	-4.626335	-8.185054	-5.338078	-17.08185	-4.626335	-8.185054
16.44	-12.81139	-485.3594	-1061.299	-338.0782	-92.88256	-1489.754	-407.4733	-367.9716	490.0356	46.26334	-17.08185	93.95018	-5.338078	-17.08185	-130.605	43.77225	-31.6726	-4.270463	-6.049822	-6.049822	82.56228	-4.626335	-8.185054	-5.338078	-17.08185	-4.626335	-8.185054
16.72	-12.81139	114.6406	-660.2988	761.9218	-92.88256	-1489.754	-7.473267	-167.9716	-309.9644	-53.73666	-17.08185	-6.049822	-5.338078	-17.08185	69.39502	143.7722	68.3274	95.72954	-6.049822	-6.049822	-17.43772	-4.626335	-8.185054	-5.338078	-17.08185	-4.626335	-8.185054
17.01	-12.81139	814.6406	-660.2988	-138.0782	107.1174	-889.7544	92.52673	-67.97156	490.0356	46.26334	-17.08185	-6.049822	-5.338078	-17.08185	-30.60498	67836.77	-31.6726	-4.270463	-6.049822	-6.049822	-17.43772	-4.626335	-8.185054	-5.338078	-17.08185	-4.626335	-8.185054
17.29	87.18861	1214.641	-1261.299	-438.0782	-92.88256	-588.7544	-107.4733	32.02844	190.0356	-53.73666	-17.08185	-6.049822	-5.338078	-17.08185	-130.605	43.77225	-31.6726	-4.270463	-6.049822	-6.049822	-17.43772	-4.626335	-8.185054	-5.338078	-17.08185	-4.626335	-8.185054
17.58	-12.81139	1814.641	439.7012	-338.0782	-92.88256	-2089.754	-107.4733	-67.97156	-109.9644	-53.73666	-17.08185	-6.049822	94.66192	82.91815	69.39502	-256.2278	-31.6726	-4.270463	-6.049822	-6.049822	-17.43772	-4.626335	-8.185054	94.66192	82.91815	-4.626335	-8.185054
17.86	-12.81139	914.6406	-260.2988	-138.0782	-92.88256	-2989.754	-507.4733	132.0284	390.0356	46.26334	-17.08185	-6.049822	-5.338078	-17.08185	-30.60498	-156.2278	-31.6726	-4.270463	-6.049822	-6.049822	-17.43772	-4.626335	-8.185054	-5.338078	-17.08185	-4.626335	-8.185054
18.15	-12.81139	-1486.359	239.7012	-338.0782	7.117439	-889.7544	792.5267	-267.9716	-209.9644	146.2633	-17.08185	-6.049822	-5.338078	-17.08185	-130.605	8144.772	68.3274	-4.270463	-6.049822	-6.049822	-17.43772	-4.626335	-8.185054	-5.338078	-17.08185	-4.626335	-8.185054
18.43	-12.81139	-585.3594	-160.2988	761.9218	7.117439	-689.7544	-107.4733	432.0284	-409.9644	46.26334	-17.08185	-6.049822	-5.338078	-17.08185	69.39502	-256.2278	-31.6726	-4.270463	-6.049822	-6.049822	82.56228	-4.626335	-8.185054	-5.338078	-17.08185	-4.626335	-8.185054
18.72	-12.81139	-285.3594	-1461.299	-138.0782	7.117439	-488.7544	492.5267	32.02844	-9.964355	-53.73666	-17.08185	-6.049822	-5.338078	-17.08185	-130.605	-156.2278	-31.6726	-4.270463	-6.049822	-6.049822	-17.43772	-4.626335	-8.185054	-5.338078	-17.08185	-4.626335	-8.185054
19	-12.81139	-1185.359	39.70117	161.9218	107.1174	-188.7544	-307.4733	632.0284	-309.9644	46.26334	-17.08185	-6.049822	-5.338078	-17.08185	-130.605	143.7722	-31.6726	-4.270463	-6.049822	-6.049822	-17.43772	-4.626335	-8.185054	-5.338078	-17.08185	-4.626335	-8.185054
19.29	87.18861	-185.3594	-60.29883	-538.0782	7.117439	-1389.754	-807.4733	-67.97156	-909.9644	-53.73666	-17.08185	-6.049822	-5.338078	-17.08185	69.39502	243.7722	-31.6726	-4.270463	-6.049822	-6.049822	82.56228	-4.626335	-8.185054	-5.338078	-17.08185	-4.626335	-8.185054
19.57	87.18861	-985.3594	-761.2988	-238.0782	-92.88256	-2589.754	-507.4733	132.0284	190.0356	46.26334	182.9182	-6.049822	-5.338078	-17.08185	-30.60498	43.77225	-31.6726	-4.270463	-6.049822	-6.049822	-17.43772	-4.626335	-8.185054	-5.338078	-17.08185	-4.626335	-8.185054
19.86	-12.81139	-985.3594	-560.2988	-238.0782	-92.88256	-1289.754	-807.4733	32.02844	-9.964355	-53.73666	-17.08185	-6.049822	-5.338078	-17.08185	-30.60498	43.77225	68.3274	-4.270463	-6.049822	93.95018	-17.43772	-4.626335	-8.185054	-5.338078	-17.08185	-4.626335	-8.185054
20.14	-12.81139	514.6406	-60.29883	61.92175	7.117439	-1389.754	-607.4733	-367.9716	-409.9644	-53.73666	-17.08185	-6.049822	-5.338078	-17.08185	-30.60498	343.7722	-31.6726	-4.270463	-6.049822	-6.049822	-17.43772	-4.626335	-8.185054	-5.338078	-17.08185	-4.626335	-8.185054
20.43	-12.81139	-685.3594	-560.2988	-638.0782	-92.88256	-1189.754	-807.4733	432.0284	-9.964355	46.26334	-17.08185	-6.049822	-5.338078	-17.08185	-30.60498	-56.22775	-31.6726	-4.270463	-6.049822	-6.049822	-17.43772	-4.626335	-8.185054	-5.338078	-17.08185	-4.626335	-8.185054
20.71	-12.81139	-385.3594	1039.701	-338.0782	7.117439	-1389.754	492.5267	-67.97156	-109.9644	146.2633	-17.08185	-6.049822	-5.338078	-17.08185	69.39502	-56.22775	68.3274	-4.270463	-6.049822	-6.049822	-17.43772	-4.626335	-8.185054	-5.338078	-17.08185	-4.626335	-8.185054
21	-12.81139	-185.3594	-560.2988	-138.0782	107.1174	-1489.754	-307.4733	232.0284	-309.9644	146.2633	-17.08185	-6.049822	-5.338078	82.91815	269.395	-156.2278	-31.6726	-4.270463	-6.049822	-6.049822	-17.43772	-4.626335	-8.185054	-5.338078	82.91815	-4.626335	-8.185054
21.28	87.18861	-185.3594	-360.2988	561.9218	107.1174	-1189.754	-807.4733	432.0284	590.0356	-53.73666	-17.08185	-6.049822	-5.338078	-17.08185	-130.605	-56.22775	-31.6726	-4.270463	-6.049822	-6.049822	182.5623	-4.626335	-8.185054	-5.338078	-17.08185	-4.626335	-8.185054
21.57	-12.81139	114.6406	-2061.299	-438.0782	7.117439	-789.7544	-607.4733	532.0284	90.03564	-53.73666	-17.08185	-6.049822	-5.338078	-17.08185	-30.60498	143.7722	-31.6726	-4.270463	-6.049822	93.95018	-17.43772	-4.626335	-8.185054	-5.338078	-17.08185	-4.626335	-8.185054
21.85	-12.81139	-885.3594	-560.2988	361.9218	107.1174	-1289.754	792.5267	-67.97156	-209.9644	-53.73666	-17.08185	-6.049822	-5.338078	-17.08185	-130.605	143.7722	-31.6726	-4.270463	-6.049822	-6.049822	82.56228	-4.626335	-8.185054	-5.338078	-17.08185	-4.626335	-8.185054
22.14	-12.81139	2114.641	239.7012	-138.0782	-92.88256	-789.7544	-507.4733	-167.9716	-309.9644	-53.73666	82.91815	-6.049822	-5.338078	-17.08185	-130.605	43.77225	-31.6726	-4.270463	-6.049822	-6.049822	-17.43772	-4.626335	-8.185054	-5.338078	-17.08185	-4.626335	-8.185054
22.42	-12.81139	814.6406	-1261.299	-438.0782	-92.88256	-989.7544	-207.4733	-367.9716	490.0356	-53.73666	-17.08185	-6.049822	-5.338078	-17.08185	-30.60498	243.7722	-31.6726	-4.270463	-6.049822	-6.049822	82.56228	-4.626335	-8.185054	-5.338078	-17.08185	-4.626335	-8.185054
22.71	87.18861	-385.3594	-1361.299	-338.0782	-92.88256	411.2456	192.5267	132.0284	-509.9644	-53.73666	-17.08185	-6.049822	-5.338078	-17.08185	-130.605	43.77225	-31.6726	-4.270463	-6.049822	-6.049822	-17.43772	-4.626335	-8.185054	-5.338078	-17.08185	-4.626335	-8.185054
22.99	-12.81139	-485.3594	-861.2988	-138.0782	-92.88256	-2989.754	-207.4733	-67.97156	490.0356	146.2633	-17.08185	-6.049822	-5.338078	-17.08185	-130.605	-56.22775	-31.6726	-4.270463	-6.049822	-6.049822	82.56228	-4.626335	-8.185054	-5.338078	-17.08185	-4.626335	-8.185054
23.28	-12.81139	-785.3594	339.7012	-638.0782	-92.88256	-989.7544	-607.4733	132.0284	290.0356	46.26334	-17.08185	-6.049822	-5.338078	-17.08185	369.395	43.77225	-31.6726	-4.270463	-6.049822	-6.049822	-17.43772	-4.626335	-8.185054	-5.338078	-17.08185	-4.626335	-8.185054
23.56	-12.81139	-985.3594	-360.2988	-138.0782	-92.88256	-689.7544	-307.4733	332.0284	290.0356	-53.73666	-17.08185	-6.049822	-5.338078	-17.08185	-30.60498	143.7722	-31.6726	-4.270463	-6.049822	-6.049822	-17.43772	-4.626335	-8.185054	-5.338078	-17.08185	-4.626335	-8.185054
23.85	-12.81139	114.6406	-460.2988	-338.0782	107.1174	111.2456	-7.473267	232.0284	-209.9644	-53.73666	-17.08185	-6.049822	-5.338078	-17.08185	-30.60498	-56.22775	-31.6726	-4.270463	-6.049822	-6.049822	82.56228	-4.626335	-8.185054	-5.338078	-17.08185	-4.626335	-8.185054
24.13	-12.81139	-185.3594	1039.701	-338.0782	7.117439	111.2456	392.5267	132.0284	-9.964355	-53.73666	-17.08185	-6.049822	-5.338078	-17.08185	-30.60498	243.7722	-31.6726	-4.270463	-6.049822	-6.049822	-17.43772	-4.626335	-8.185054	-5.338078	-17.08185	-4.626335	-8.185054
24.42	-12.81139	514.6406	1139.701	-38.07825	7.117439	-1889.754	592.5267	332.0284	-9.964355	-53.73666	82.91815	-6.049822	-5.338078	-17.08185	169.395	-56.22775	-31.6726	-4.270463	-6.049822	-6.049822	-17.43772	95.37366	-8.185054	-5.338078	-17.08185	95.37366	-8.185054
24.71	-12.81139	-185.3594	39.70117	-738.0782	-92.88256	-989.7544	-107.4733	132.0284	190.0356	46.26334	82.91815	-6.049822	-5.338078	-17.08185	-130.605	143.7722	68.3274	-4.270463	-6.049822	-6.049822	82.56228	-4.626335	-8.185054	-5.338078	-17.08185	-4.626335	-8.185054
24.99	-12.81139	-485.3594	-1061.299	-438.0782	7.117439	-1189.754	-107.4733	-267.9716	90.03564	46.26334	-17.08185	-6.049822	-5.338078	-17.08185	-30.60498	-356.2278	-31.6726	-4.270463	-6.049822	-6.049822	-17.43772	-4.626335	-8.185054	-5.338078	-17.08185	-4.626335	-8.185054
25.28	87.18861	14.64062	-560.2988	161.9218	-92.88256	-588.7544	-807.4733	32.02844	-109.9644	-53.73666	-17.08185	-6.049822	-5.338078	-17.08185	-30.60498	343.7722	68.3274	-4.270463	-6.049822	-6.049822	-17.43772	-4.626335	-8.185054	-5.338078	-17.08185	-4.626335	-8.185054
25.56	-12.81139	414.6406	-861.2988	461.9218	7.117439	-488.7544	-607.4733	32.02844	390.0356	46.26334	-17.08185	-6.049822	-5.338078	82.91815	-30.60498	-156.2278	-31.6726	-4.270463	-6.049822	-6.049822	-17.43772	-4.626335	-8.185054	-5.338078	82.91815	-4.626335	-8.185054
25.84	87.18861	-385.3594	-1461.299	-338.0782	-92.88256	-1189.754	-607.4733	-367.9716	-209.9644	-53.73666	-17.08185	-6.049822	-5.338078	-17.08185	-30.60498	243.7722	68.3274	-4.270463	-6.049822	-6.049822	-17.43772	-4.626335	91.81495	-5.338078	-17.08185	-4.626335	91.81495
26.13	-12.81139	-585.3594	-260.2988	-638.0782	-92.88256	-188.7544	-507.4733	-167.9716	-209.9644	-53.73666	-17.08185	-6.049822	-5.338078	-17.08185	-30.60498	-356.2278	-31.6726	-4.270463	-6.049822	-6.049822	-17.43772	-4.626335	-8.185054	-5.338078	-17.08185	-4.626335	-8.185054
26.41	-12.81139	-185.3594	739.7012	161.9218	107.1174	-588.7544	292.5267	-167.9716	490.0356	-53.73666	-17.08185	-6.049822	-5.338078	-17.08185	-130.605	-56.22775	-31.6726	-4.270463	-6.049822	-6.049822	-17.43772	-4.626335	-8.185054	-5.338078	-17.08185	-4.626335	-8.185054
26.7	-12.81139	-185.3594	-1261.299	-38.07825	-92.88256	111.2456	-7.473267	-167.9716	90.03564	46.26334	-17.08185	-6.049822	-5.338078	-17.08185	69.39502	343.7722	-31.6726	-4.270463	-6.049822	-6.049822	-17.43772	-4.626335	-8.185054	-5.338078	-17.08185	-4.626335	-8.185054
26.99	-12.81139	-285.3594	-1161.299	161.9218	107.1174	-388.7544	292.5267	132.0284	190.0356	-53.73666	-17.08185	-6.049822	-5.338078	-17.08185	-30.60498	-56.22775	-31.6726	-4.270463	-6.049822	-6.049822	-17.43772	-4.626335	-8.185054	-5.338078	-17.08185	-4.626335	-8.185054
27.27	-12.81139	814.6406	-60.29883	-338.0782	7.117439	-1089.754	-207.4733	-667.9716	-109.9644	46.26334	-17.08185	-6.049822	-5.338078	-17.08185	-30.60498	-156.2278	-31.6726	-4.270463	-6.049822	-6.049822	82.56228	-4.626335	-8.185054	-5.338078	-17.08185	-4.626335	-8.185054
27.56	-12.81139	514.6406	-460.2988	-438.0782	7.117439	-288.7544	492.5267	132.0284	90.03564	-53.73666	-17.08185	-6.049822	-5.338078	-17.08185	-130.605	-56.22775	-31.6726	-4.270463	-6.049822	-6.049822	-17.43772	-4.626335	-8.185054	-5.338078	-17.08185	-4.626335	-8.185054
27.84	87.18861	1014.641	139.7012	161.9218	-92.88256	-1489.754	392.5267	-267.9716	-209.9644	46.26334	-17.08185	-6.049822	-5.338078	-17.08185	169.395	343.7722	-31.6726	-4.270463	-6.049822	-6.049822	-17.43772	-4.626335	-8.185054	-5.338078	-17.08185	-4.626335	-8.185054
28.13	-12.81139	-885.3594	-1161.299	-38.07825	-92.88256	-288.7544	-407.4733	-367.9716	90.03564	146.2633	-17.08185	-6.049822	-5.338078	-17.08185	-130.605	43.77225	-31.6726	-4.270463	-6.049822	93.95018	-17.43772	-4.626335	-8.185054	-5.338078	-17.08185	-4.626335	-8.185054
28.41	87.18861	-785.3594	39.70117	361.9218	7.117439	-1389.754	-1107.473	-267.9716	190.0356	-53.73666	-17.08185	93.95018	-5.338078	-17.08185	-30.60498	-56.22775	-31.6726	-4.270463	-6.049822	-6.049822	-17.43772	-4.626335	-8.185054	-5.338078	-17.08185	-4.626335	-8.185054
28.7	-12.81139	114.6406	-1561.299	161.9218	-92.88256	-1789.754	-607.4733	132.0284	190.0356	-53.73666	-17.08185	-6.049822	-5.338078	-17.08185	169.395	-156.2278	-31.6726	-4.270463	-6.049822	-6.049822	-17.43772	-4.626335	-8.185054	-5.338078	-17.08185	-4.626335	-8.185054
28.98	87.18861	95822.64	-660.2988	761.9218	7.117439	3512.246	24506.53	-167.9716	-309.9644	346.2633	282.9182	293.9502	-5.338078	-17.08185	17275.39	31663.77	-31.6726	195.7295	393.9502	93.95018	582.5623	-4.626335	191.8149	-5.338078	-17.08185	-4.626335	191.8149
29.27	87.18861	2070221	-761.2988	-238.0782	107.1174	39250.25	155687.5	-67.97156	190.0356	1746.263	1882.918	393.9502	94.66192	-17.08185	34293.39	79470.77	68.3274	95.72954	293.9502	-6.049822	1282.562	95.37366	191.8149	94.66192	-17.08185	95.37366	191.8149
29.55	187.1886		639.7012	461.9218	407.1174	59796.25	305571.5	232.0284	-109.9644	2346.263	4382.918	393.9502	94.66192	-17.08185	30888.39	78668.77	-31.6726	-4.270463	793.9502	93.95018	1182.562	95.37366	591.8149	94.66192	-17.08185	95.37366	591.8149
29.84	287.1886		-260.2988	361.9218	607.1174	78451.24	346909.5	232.0284	-409.9644	2046.263	3082.918	793.9502	-5.338078	-17.08185	38198.39	113200.8	-31.6726	95.72954	93.95018	693.9502	1282.562	-4.626335	491.8149	-5.338078	-17.08185	-4.626335	491.8149
30.12	387.1886		239.7012	1361.922	1207.117	97723.24	409144.5	-367.9716	90.03564	3546.263	4382.918	893.9502	-5.338078	82.91815	52825.39	111191.8	-31.6726	-4.270463	793.9502	93.95018	1482.562	-4.626335	591.8149	-5.338078	82.91815	-4.626335	591.8149
30.41	487.1886		2739.701	1361.922	507.1174	108972.2	495777.5	-167.9716	90.03564	5447.263	5083.918	893.9502	-5.338078	-17.08185	57034.39	118324.8	-31.6726	295.7295	293.9502	493.9502	2182.562	95.37366	691.8149	-5.338078	-17.08185	95.37366	691.8149
30.7	387.1886		2539.701	1361.922	607.1174	156837.2	531829.5	332.0284	-309.9644	3246.263	7283.918	893.9502	-5.338078	-17.08185	59239.39	168813.8	68.3274	95.72954	293.9502	293.9502	1082.562	295.3737	591.8149	-5.338078	-17.08185	295.3737	591.8149
30.98	287.1886		-60.29883	1261.922	607.1174	116508.2	573232.5	-67.97156	490.0356	4946.263	5283.918	793.9502	-5.338078	82.91815	60142.39	144763.8	268.3274	-4.270463	393.9502	293.9502	1282.562	-4.626335	791.8149	-5.338078	82.91815	-4.626335	791.8149
31.27	487.1886		3040.701	861.9218	707.1174	120528.2	580088.5	132.0284	-409.9644	3646.263	6083.918	393.9502	-5.338078	-17.08185	75684.4	168310.8	-31.6726	395.7295	193.9502	593.9502	982.5623	-4.626335	791.8149	-5.338078	-17.08185	-4.626335	791.8149
31.55	487.1886		939.7012	1561.922	807.1174	115503.2	566992.5	32.02844	390.0356	5947.263	5983.918	1193.95	194.6619	-17.08185	63550.39	177775.8	-31.6726	295.7295	193.9502	193.9502	982.5623	-4.626335	391.8149	194.6619	-17.08185	-4.626335	391.8149
31.84	587.1886		2039.701	761.9218	607.1174	115804.2	590325.5	-367.9716	-509.9644	4746.263	4982.918	1093.95	-5.338078	-17.08185	75784.4	185330.8	-31.6726	495.7295	93.95018	193.9502	1182.562	195.3737	591.8149	-5.338078	-17.08185	195.3737	591.8149
32.12	387.1886		539.7012	1461.922	307.1174	106963.2	565765.5	-367.9716	-609.9644	4446.263	5383.918	693.9502	-5.338078	-17.08185	74079.4	235551.8	-31.6726	195.7295	493.9502	193.9502	682.5623	95.37366	91.81495	-5.338078	-17.08185	95.37366	91.81495
32.41	487.1886		1639.701	861.9218	1507.117	116206.2	594216.5	-267.9716	90.03564	5047.263	5483.918	793.9502	-5.338078	-17.08185	117445.4	299227.8	68.3274	95.72954	893.9502	293.9502	1182.562	195.3737	491.8149	-5.338078	-17.08185	195.3737	491.8149
32.69	387.1886		1139.701	1261.922	1607.117	114096.2	577121.5	-67.97156	390.0356	4546.263	6483.918	693.9502	94.66192	-17.08185	104387.4	317653.8	168.3274	95.72954	393.9502	793.9502	882.5623	195.3737	691.8149	94.66192	-17.08185	195.3737	691.8149
32.98	187.1886		1739.701	761.9218	1007.117	120226.2	664353.5	-167.9716	-209.9644	3846.263	6383.918	793.9502	-5.338078	-17.08185	229923.4	349575.8	68.3274	395.7295	393.9502	1793.95	982.5623	-4.626335	991.8149	-5.338078	-17.08185	-4.626335	991.8149
33.27	387.1886		1339.701	1161.922	1607.117	142749.2	634900.5	132.0284	-409.9644	5547.263	5883.918	1293.95	-5.338078	-17.08185	206620.4	537583.8	168.3274	395.7295	93.95018	93.95018	782.5623	-4.626335	991.8149	-5.338078	-17.08185	-4.626335	991.8149
33.55	387.1886		2739.701	1961.922	1007.117	144661.2	648750.5	32.02844	490.0356	5647.263	8684.918	1293.95	-5.338078	82.91815	284379.4	743755.8	68.3274	495.7295	693.9502	1893.95	1482.562	195.3737	991.8149	-5.338078	82.91815	195.3737	991.8149
33.86	287.1886		3040.701	2061.922	2607.117	137519.2	460225.5	132.0284	390.0356	5447.263	8383.918	893.9502	-5.338078	-17.08185	465200.4	1002774	68.3274	95.72954	393.9502	993.9502	1682.562	295.3737	491.8149	-5.338078	-17.08185	295.3737	491.8149
34.14	687.1886		3940.701	1361.922	807.1174	156736.2	591041.5	-67.97156	790.0356	4946.263	8083.918	1293.95	-5.338078	182.9182	551693.4	1521921	168.3274	-4.270463	493.9502	1993.95	1082.562	95.37366	491.8149	-5.338078	182.9182	95.37366	491.8149
34.44	687.1886		1539.701	1161.922	407.1174	129977.2	554005.5	132.0284	190.0356	5047.263	7683.918	1293.95	-5.338078	-17.08185	828374.4	2477681	-31.6726	595.7296	693.9502	2793.95	1482.562	195.3737	1191.815	-5.338078	-17.08185	195.3737	1191.815
34.72	187.1886		3240.701	2161.922	1207.117	133798.2	533464.5	632.0284	90.03564	6047.263	7983.918	1793.95	-5.338078	182.9182	3173798	8063160	-31.6726	-4.270463	393.9502	31212.95	1182.562	95.37366	891.8149	-5.338078	182.9182	95.37366	891.8149
35.01	1287.189		2139.701	3861.922	1407.117	138927.2	549814.5	232.0284	-9.964355	5247.263	12085.92	2193.95	94.66192	82.91815	1.438295e+07	3.832617e+07	468.3274	795.7296	493.9502	98487.95	2582.562	95.37366	1691.815	94.66192	82.91815	95.37366	1691.815
35.29	1987.189		3440.701	10764.92	1607.117	112187.2	509367.5	1332.028	990.0356	7947.263	18889.92	3093.95	-5.338078	582.9182	3.72647e+07	9.092557e+07	768.3274	995.7296	993.9502	211283	5383.562	95.37366	791.8149	-5.338078	582.9182	95.37366	791.8149
35.58	2087.189		1539.701	22472.92	1607.117	109173.2	462160.5	432.0284	2190.036	9448.264	24995.92	2193.95	-5.338078	482.9182	4.396828e+07	1.18608e+08	968.3274	1395.729	593.9502	261858	7083.562	95.37366	3491.815	-5.338078	482.9182	95.37366	3491.815
35.87	1287.189		2739.701	33585.92	1607.117	84472.24	364051.5	1432.028	1290.036	13750.26	34306.92	1893.95	94.66192	382.9182	6.524668e+07	1.702165e+08	1968.327	1495.729	693.9502	377522.9	7283.562	95.37366	3791.815	94.66192	382.9182	95.37366	3791.815
36.15	1687.189		3440.701	48109.92	1107.117	66614.24	324205.5	1632.028	1890.036	15351.26	42418.92	1993.95	-5.338078	1382.918	7.880164e+07	1.682136e+08	2468.327	1295.729	793.9502	437590.9	8884.562	-4.626335	2391.815	-5.338078	1382.918	-4.626335	2391.815
36.44	1687.189	4923698	2839.701	83504.92	707.1174	53380.25	256420.5	1632.028	3390.036	21756.26	56746.92	1493.95	-5.338078	2182.918	9.376898e+07	2.843943e+08	2568.327	1795.729	493.9502	420398.9	11685.56	-4.626335	4791.815	-5.338078	2182.918	-4.626335	4791.815
36.72	887.1886	4047318	3840.701	105487.9	607.1174	37547.25	201214.5	1332.028	2490.036	25059.26	56947.92	1193.95	-5.338078	3082.918	1.020453e+08	2.583515e+08	3068.327	1595.729	693.9502	314863.9	11485.56	95.37366	5392.815	-5.338078	3082.918	95.37366	5392.815
37.01	1887.189	3376145	1739.701	131210.9	307.1174	35043.25	191941.5	2232.028	3090.036	34570.26	75496.92	893.9502	-5.338078	2482.918	1.14867e+08	3.024248e+08	3468.327	2395.729	-6.049822	256604	10584.56	-4.626335	4291.815	-5.338078	2482.918	-4.626335	4291.815
37.3	887.1886	2715542	1439.701	142371.9	707.1174	23026.25	161826.5	1232.028	3290.036	31065.26	74493.92	993.9502	-5.338078	1482.918	1.152894e+08	3.224594e+08	4068.327	4795.729	293.9502	218243	8583.562	95.37366	5092.815	-5.338078	1482.918	95.37366	5092.815
37.58	1987.189	2280102	3540.701	168635.9	307.1174	26030.25	146230.5	2132.028	2590.036	35872.26	82217.92	393.9502	-5.338078	2082.918	1.272526e+08	3.2847e+08	3568.327	5196.729	293.9502	198983	11485.56	-4.626335	4991.815	-5.338078	2082.918	-4.626335	4991.815
37.87	4087.189	1799140	3740.701	180619.9	1607.117	17421.25	126219.5	2432.028	4591.036	33869.26	90144.92	493.9502	-5.338078	2282.918	1.243602e+08	3.304735e+08	3368.327	4295.729	293.9502	151250	10984.56	195.3737	4891.815	-5.338078	2282.918	195.3737	4891.815
38.15	5688.188	1536499	3740.701	165816.9	3907.117	15319.25	90563.52	3132.028	3290.036	36973.26	80511.92	293.9502	-5.338078	2582.918	1.270334e+08	4.00602e+08	2768.327	3395.729	293.9502	125508	11185.56	195.3737	4791.815	-5.338078	2582.918	195.3737	4791.815
38.44	8588.188	1388893	4640.701	134930.9	6908.118	8614.246	82233.52	3032.028	3491.036	32467.26	75496.92	593.9502	-5.338078	3282.918	1.223166e+08	2.964146e+08	3068.327	4895.729	-6.049822	103207	9584.562	-4.626335	2591.815	-5.338078	3282.918	-4.626335	2591.815
38.73	10589.19	972510.6	2940.701	132215.9	14411.12	12917.25	74408.52	2632.028	2990.036	26760.26	77803.92	293.9502	-5.338078	1982.918	1.324002e+08	3.765569e+08	2668.327	3595.729	193.9502	90055.95	9584.562	-4.626335	1791.815	-5.338078	1982.918	-4.626335	1791.815
39.01	8889.188	901712.6	2940.701	105387.9	14111.12	7113.246	66987.52	2232.028	3791.036	23057.26	63864.92	593.9502	-5.338078	1282.918	1.321807e+08	3.605274e+08	1768.327	2895.729	93.95018	76811.95	11585.56	-4.626335	2691.815	-5.338078	1282.918	-4.626335	2691.815
39.3	9889.188	991957.6	3940.701	98760.92	14211.12	3812.246	65382.53	2032.028	2890.036	26660.26	67272.92	93.95018	-5.338078	1082.918	1.382442e+08	3.765569e+08	2668.327	2595.729	93.95018	63273.95	11185.56	-4.626335	2991.815	-5.338078	1082.918	-4.626335	2991.815
39.58	8889.188	555558.6	2839.701	99864.92	15612.12	7313.246	61372.53	1932.028	3691.036	31165.26	60856.92	193.9502	-5.338078	2382.918	1.451524e+08	3.68542e+08	1968.327	2095.729	93.95018	60967.95	10284.56	95.37366	3291.815	-5.338078	2382.918	95.37366	3291.815
39.87	9889.188	485403.6	3240.701	87317.92	9509.117	7513.246	47942.53	3332.028	3190.036	35772.26	63864.92	93.95018	-5.338078	2082.918	1.40385e+08	3.845718e+08	2068.327	1995.729	193.9502	59764.95	9884.562	-4.626335	3491.815	-5.338078	2082.918	-4.626335	3491.815
40.16	7088.188	434771.6	2839.701	81798.92	6208.118	5513.246	71500.52	2332.028	4191.036	33769.26	59553.92	293.9502	-5.338078	1782.918	1.30586e+08	3.444984e+08	2068.327	1695.729	93.95018	63674.95	8984.562	-4.626335	2791.815	-5.338078	1782.918	-4.626335	2791.815
40.44	5688.188	380483.6	5040.701	75979.92	5408.118	4012.246	42832.53	2832.028	3791.036	30665.26	56345.92	-6.049822	194.6619	2182.918	1.25266e+08	3.424948e+08	2268.327	1195.729	93.95018	72899.95	11585.56	-4.626335	4091.815	194.6619	2182.918	-4.626335	4091.815
40.73	5288.188	305345.6	4540.701	69059.92	5408.118	2011.246	50647.53	2732.028	2690.036	40279.26	62761.92	-6.049822	-5.338078	2082.918	1.32049e+08	3.224594e+08	2668.327	2395.729	93.95018	73200.95	11385.56	-4.626335	3491.815	-5.338078	2082.918	-4.626335	3491.815
41.01	4387.188	421850.6	2539.701	62742.92	5808.118	1811.246	47441.53	2132.028	3290.036	45187.26	56245.92	393.9502	-5.338078	2582.918	1.357092e+08	4.026059e+08	2668.327	1695.729	93.95018	78516.95	9384.562	-4.626335	3191.815	-5.338078	2582.918	-4.626335	3191.815
41.3	3687.189	211458.6	3540.701	51216.92	6708.118	1011.246	54355.53	2632.028	4591.036	43985.26	61858.92	93.95018	-5.338078	4182.918	1.316247e+08	3.665384e+08	3568.327	2195.729	-6.049822	112145	11485.56	-4.626335	4091.815	-5.338078	4182.918	-4.626335	4091.815
41.59	3187.189	167717.6	4040.701	47208.92	7608.118	-1089.754	51449.53	3332.028	3190.036	45788.26	58551.92	393.9502	-5.338078	2982.918	1.34435e+08	3.444984e+08	2968.327	2895.729	-6.049822	138275	10184.56	-4.626335	4691.815	-5.338078	2982.918	-4.626335	4691.815
41.87	4787.188	189175.6	2239.701	53120.92	6708.118	1711.246	48543.53	3032.028	4091.036	48193.26	60154.92	193.9502	-5.338078	3382.918	1.33703e+08	3.525128e+08	4268.328	1695.729	-6.049822	194347	11385.56	-4.626335	4091.815	-5.338078	3382.918	-4.626335	4091.815
42.16	5188.188	117620.6	5541.701	48610.92	8208.117	2411.246	50647.53	2832.028	2090.036	50497.26	61057.92	293.9502	-5.338078	3782.918	1.322393e+08	3.184524e+08	3468.327	2195.729	-6.049822	199890	10584.56	-4.626335	4591.815	-5.338078	3782.918	-4.626335	4591.815
42.45	6888.188	129582.6	2940.701	54022.92	6808.118	2711.246	52150.53	2032.028	2790.036	51599.26	59753.92	593.9502	-5.338078	3082.918	1.325466e+08	3.2847e+08	3268.327	2295.729	93.95018	209165	9784.562	-4.626335	5892.815	-5.338078	3082.918	-4.626335	5892.815
42.73	7088.188	98834.64	3140.701	52819.92	6608.118	-188.7544	49445.53	2532.028	3591.036	50196.26	56646.92	293.9502	94.66192	4582.918	1.344936e+08	3.885793e+08	3168.327	1595.729	93.95018	225607	10184.56	-4.626335	5492.815	94.66192	4582.918	-4.626335	5492.815
43.02	10689.19	94115.64	2439.701	63143.92	6608.118	711.2456	51449.53	2432.028	2490.036	48193.26	57348.92	493.9502	-5.338078	3282.918	1.297524e+08	3.444984e+08	3568.327	2295.729	93.95018	220361	11185.56	-4.626335	4691.815	-5.338078	3282.918	-4.626335	4691.815
43.3	12190.19	83073.64	3140.701	63043.92	5108.118	-1489.754	46138.53	1332.028	3290.036	51098.26	58651.92	793.9502	-5.338078	4082.918	1.315515e+08	3.224594e+08	3068.327	3195.729	93.95018	231662	11285.56	-4.626335	6592.815	-5.338078	4082.918	-4.626335	6592.815
43.59	21196.19	84779.64	3140.701	88320.92	3807.117	1311.246	53754.53	3332.028	4891.036	62023.26	68476.92	1593.95	-5.338078	5183.918	1.448906e+08	4.186367e+08	2968.327	2595.729	93.95018	260949	13886.56	-4.626335	6292.815	-5.338078	5183.918	-4.626335	6292.815
43.87	24199.19	60903.64	2139.701	91231.92	5608.118	2211.246	51649.53	2832.028	2990.036	57512.26	66470.92	1093.95	-5.338078	3382.918	1.310395e+08	3.32477e+08	2868.327	1195.729	93.95018	237517	9884.562	-4.626335	5892.815	-5.338078	3382.918	-4.626335	5892.815
44.16	27402.19	61305.64	2639.701	85009.92	6708.118	-288.7544	46038.53	3332.028	2290.036	56811.26	65768.92	1393.95	-5.338078	3982.918	1.385374e+08	3.525128e+08	3368.327	3095.729	193.9502	226919	11585.56	-4.626335	5092.815	-5.338078	3982.918	-4.626335	5092.815
44.45	40119.19	56592.64	4240.701	87116.92	8208.117	211.2456	48142.53	2732.028	4091.036	54706.26	69679.92	1193.95	-5.338078	3282.918	1.339226e+08	3.62531e+08	2068.327	2195.729	93.95018	188804	10284.56	-4.626335	2991.815	-5.338078	3282.918	-4.626335	2991.815
44.73	43825.19	44865.64	2039.701	75277.92	7108.118	111.2456	43032.53	2432.028	2190.036	48193.26	63061.92	1193.95	-5.338078	3382.918	1.384934e+08	3.785605e+08	2368.327	1895.729	93.95018	159300	12785.56	-4.626335	3491.815	-5.338078	3382.918	-4.626335	3491.815
45.02	38517.19	49175.64	2539.701	73973.92	9809.117	-588.7544	39626.53	3032.028	4591.036	48393.26	57348.92	793.9502	-5.338078	3782.918	1.403556e+08	3.845718e+08	2168.327	2095.729	-6.049822	145215	10084.56	-4.626335	3491.815	-5.338078	3782.918	-4.626335	3491.815
45.3	40920.19	38353.64	4840.701	62141.92	8609.117	-1089.754	38124.53	3132.028	3791.036	38676.26	56446.92	793.9502	-5.338078	4182.918	1.372769e+08	3.665384e+08	1968.327	1695.729	93.95018	129428	10584.56	-4.626335	3891.815	-5.338078	4182.918	-4.626335	3891.815
45.59	37215.19	27336.64	4340.701	50715.92	8508.117	-689.7544	40528.53	2932.028	4491.036	31466.26	58049.92	693.9502	-5.338078	3082.918	1.448465e+08	3.444984e+08	3068.327	1995.729	93.95018	120584	12985.56	95.37366	2891.815	-5.338078	3082.918	95.37366	2891.815
45.88	31607.19	39154.64	4040.701	49813.92	8909.117	-188.7544	39827.53	3032.028	4091.036	32267.26	53339.92	1393.95	-5.338078	3182.918	1.570846e+08	4.206406e+08	4268.328	2295.729	93.95018	131941	12885.56	-4.626335	3891.815	-5.338078	3182.918	-4.626335	3891.815
46.16	26401.19	30640.64	5040.701	45504.92	8609.117	-488.7544	37022.53	1932.028	2490.036	30965.26	54942.92	693.9502	-5.338078	2182.918	1.428205e+08	3.62531e+08	2868.327	1295.729	193.9502	122091	12585.56	-4.626335	5592.815	-5.338078	2182.918	-4.626335	5592.815
46.45	25700.19	26234.64	1639.701	47408.92	10309.12	-88.75439	40828.53	2132.028	2790.036	26560.26	49130.92	793.9502	-5.338078	2782.918	1.650396e+08	3.725494e+08	4568.328	2195.729	293.9502	141594	11285.56	-4.626335	5192.815	-5.338078	2782.918	-4.626335	5192.815
46.73	27102.19	28337.64	3340.701	44202.92	11910.12	-689.7544	40828.53	2332.028	2790.036	28262.26	46425.92	1893.95	-5.338078	2782.918	1.350794e+08	3.525128e+08	3668.327	1395.729	93.95018	113250	11785.56	-4.626335	3791.815	-5.338078	2782.918	-4.626335	3791.815
47.02	26701.19	27536.64	3940.701	38693.92	15412.12	-388.7544	38625.53	2232.028	3190.036	25459.26	53640.92	993.9502	-5.338078	2382.918	1.33337e+08	3.184524e+08	3268.327	1095.729	193.9502	108931	11585.56	-4.626335	4191.815	-5.338078	2382.918	-4.626335	4191.815
47.31	30005.19	19827.64	3740.701	39794.92	19214.12	-1089.754	33517.53	2432.028	2690.036	23757.26	47327.92	1193.95	-5.338078	2682.918	1.297962e+08	3.424948e+08	3168.327	1395.729	393.9502	112647	10384.56	95.37366	3591.815	-5.338078	2682.918	95.37366	3591.815
47.59	32608.19	19426.64	4040.701	41096.92	33029.12	411.2456	37122.53	2832.028	3591.036	26760.26	51836.92	1093.95	-5.338078	3282.918	1.379071e+08	3.62531e+08	4368.328	2295.729	-6.049822	107123	11385.56	-4.626335	3091.815	-5.338078	3282.918	-4.626335	3091.815
47.88	28603.19	25233.64	4840.701	47608.92	58175.12	811.2456	39025.53	2932.028	3491.036	22556.26	52838.92	1293.95	-5.338078	1782.918	1.366761e+08	4.186367e+08	3768.327	895.7296	93.95018	112346	11685.56	-4.626335	2591.815	-5.338078	1782.918	-4.626335	2591.815
48.16	35112.19	23431.64	4740.701	47408.92	91073.12	-1289.754	39025.53	2632.028	3290.036	26260.26	56145.92	1693.95	-5.338078	2382.918	1.392997e+08	3.545164e+08	4768.328	2295.729	93.95018	122895	12085.56	-4.626335	2291.815	-5.338078	2382.918	-4.626335	2291.815
48.45	48534.19	26635.64	739.7012	57730.92	119693.1	411.2456	33317.53	2332.028	3791.036	25859.26	64265.92	2893.95	-5.338078	2182.918	1.30469e+08	3.525128e+08	2668.327	2095.729	293.9502	146522	8583.562	-4.626335	3091.815	-5.338078	2182.918	-4.626335	3091.815
48.74	51239.19	17224.64	2639.701	53120.92	132659.1	611.2456	30513.53	1832.028	3190.036	26760.26	64666.92	4293.95	-5.338078	2082.918	1.302057e+08	3.62531e+08	2668.327	2695.729	193.9502	196161	10284.56	-4.626335	3291.815	-5.338078	2082.918	-4.626335	3291.815
49.02	58656.19	27135.64	3440.701	53721.92	164447.1	-989.7544	32716.53	2632.028	2890.036	22656.26	69077.92	7094.95	-5.338078	1782.918	1.296061e+08	3.525128e+08	2168.327	2895.729	193.9502	203620	12185.56	95.37366	2191.815	-5.338078	1782.918	95.37366	2191.815
49.31	63467.19	24632.64	5841.701	58632.92	182673.1	11.24561	33617.53	3132.028	2590.036	21255.26	79508.92	7894.95	-5.338078	1882.918	1.372915e+08	2.783843e+08	2968.327	2595.729	-6.049822	189711	11685.56	-4.626335	3791.815	-5.338078	1882.918	-4.626335	3791.815
49.6	60059.19	40056.64	4140.701	50915.92	190733.1	1711.246	35921.53	2332.028	4191.036	23357.26	73991.92	8594.95	-5.338078	1482.918	1.472704e+08	3.865756e+08	2968.327	2495.729	193.9502	212998	10784.56	-4.626335	4091.815	-5.338078	1482.918	-4.626335	4091.815
49.88	74899.19	89998.64	3940.701	62843.92	190934.1	-689.7544	39727.53	2232.028	4391.036	23257.26	77903.92	9295.95	-5.338078	1982.918	1.529914e+08	4.34668e+08	2568.327	3595.729	93.95018	219251	14786.56	95.37366	2991.815	-5.338078	1982.918	95.37366	2991.815
50.17	78109.19	166509.6	2940.701	58532.92	214323.1	2711.246	36522.53	3032.028	4291.036	19454.26	85026.92	10595.95	-5.338078	1482.918	1.332204e+08	4.34668e+08	3468.327	2795.729	493.9502	196564	10684.56	-4.626335	2491.815	-5.338078	1482.918	-4.626335	2491.815
50.45	79313.19	162179.6	1539.701	53721.92	195267.1	4312.246	36522.53	2832.028	3691.036	14850.26	79007.92	10495.95	-5.338078	1082.918	1.454487e+08	3.985982e+08	2268.327	2295.729	193.9502	173393	11084.56	-4.626335	2691.815	-5.338078	1082.918	-4.626335	2691.815
50.74	90450.19	104860.6	6041.701	49913.92	288867.1	1711.246	33317.53	3432.028	5291.036	16552.26	85026.92	12596.95	94.66192	1182.918	1.455662e+08	4.286562e+08	2168.327	2295.729	493.9502	149339	12685.56	95.37366	2491.815	94.66192	1182.918	95.37366	2491.815
51.03	93562.19	89998.64	3240.701	51216.92	363837.1	1611.246	27309.53	2232.028	3791.036	12549.26	77402.92	10095.95	-5.338078	782.9182	1.295622e+08	3.084351e+08	2268.327	2795.729	393.9502	141192	9484.562	95.37366	4391.815	-5.338078	782.9182	95.37366	4391.815
51.31	112038.2	107371.6	2739.701	49612.92	525168.1	2311.246	27109.53	2732.028	3491.036	18553.26	86933.92	8594.95	-5.338078	1482.918	1.362365e+08	3.104385e+08	2168.327	3395.729	393.9502	133952	9584.562	95.37366	2391.815	-5.338078	1482.918	95.37366	2391.815
51.6	114549.2	61204.64	2739.701	53220.92	602892.1	1611.246	29111.53	2632.028	3891.036	15851.26	81013.92	10595.95	-5.338078	1382.918	1.374674e+08	3.444984e+08	1768.327	4195.729	393.9502	132846	13085.56	95.37366	3591.815	-5.338078	1382.918	95.37366	3591.815
51.88	118568.2	45367.64	2039.701	55224.92	559194.1	2711.246	27309.53	2732.028	4191.036	21856.26	84324.92	7894.95	-5.338078	1382.918	1.365003e+08	3.12442e+08	1868.327	3195.729	293.9502	128624	12685.56	-4.626335	4391.815	-5.338078	1382.918	-4.626335	4391.815
52.17	108924.2	41759.64	3040.701	56327.92	542124.1	3512.246	27209.53	2332.028	4291.036	26660.26	78304.92	6594.95	-5.338078	1382.918	1.367054e+08	3.62531e+08	1668.327	3595.729	393.9502	120182	11685.56	-4.626335	4391.815	-5.338078	1382.918	-4.626335	4391.815
52.46	110531.2	33745.64	2839.701	58933.92	513427.1	1111.246	25207.53	3532.028	3491.036	30965.26	75095.92	5894.95	-5.338078	1882.918	1.427178e+08	3.805643e+08	1568.327	2895.729	393.9502	120685	9584.562	-4.626335	2991.815	-5.338078	1882.918	-4.626335	2991.815
52.74	105710.2	30841.64	2139.701	66552.92	488332.1	11.24561	24306.53	3232.028	4491.036	31866.26	80211.92	5094.95	-5.338078	1782.918	1.366614e+08	3.62531e+08	3368.327	3395.729	593.9502	150848	13886.56	-4.626335	3691.815	-5.338078	1782.918	-4.626335	3691.815
53.03	101593.2	32944.64	4040.701	73472.92	458984.1	2611.246	26909.53	2532.028	2890.036	35972.26	75797.92	7794.95	-5.338078	1782.918	1.359582e+08	3.585237e+08	2768.327	2595.729	393.9502	173494	12185.56	-4.626335	5692.815	-5.338078	1782.918	-4.626335	5692.815
53.31	110430.2	20628.64	3440.701	74776.92	427737.1	2311.246	27409.53	2632.028	3390.036	40379.26	80110.92	8394.95	-5.338078	2182.918	1.391864e+08	4.106212e+08	2668.327	2495.729	793.9502	192835	12885.56	95.37366	4591.815	-5.338078	2182.918	95.37366	4591.815
53.6	100689.2	26435.64	2940.701	84607.92	423160.1	2311.246	26608.53	1932.028	2190.036	38476.26	74693.92	8394.95	-5.338078	2582.918	1.304105e+08	3.665384e+08	3268.327	3395.729	393.9502	157790	11084.56	-4.626335	5092.815	-5.338078	2582.918	-4.626335	5092.815
53.89	98179.19	21729.64	3040.701	84908.92	416143.1	2111.246	30613.53	2332.028	3190.036	45087.26	78304.92	6194.95	-5.338078	1982.918	1.531072e+08	3.805643e+08	2568.327	2995.729	493.9502	133449	11485.56	95.37366	4991.815	-5.338078	1982.918	95.37366	4991.815
54.17	93963.19	23030.64	3340.701	89023.92	391652.1	2611.246	30413.53	2632.028	2590.036	52802.26	84224.92	4593.95	-5.338078	2282.918	1.334394e+08	3.845718e+08	2168.327	1795.729	193.9502	108127	11885.56	95.37366	7492.815	-5.338078	2282.918	95.37366	7492.815
54.46	98983.19	19927.64	1339.701	96250.92	397748.1	1111.246	35620.53	1732.028	3791.036	56309.26	87435.92	5494.95	-5.338078	3082.918	1.428205e+08	3.46502e+08	2668.327	1595.729	493.9502	92966.95	9984.562	95.37366	5792.815	-5.338078	3082.918	95.37366	5792.815
54.74	91354.19	23130.64	2639.701	96852.92	362011.1	1311.246	34719.53	4232.028	4391.036	59517.26	87134.92	2393.95	-5.338078	3082.918	1.480934e+08	3.805643e+08	3668.327	2895.729	93.95018	92664.95	11685.56	195.3737	5992.815	-5.338078	3082.918	195.3737	5992.815
55.03	95770.19	17625.64	1339.701	105990.9	338383.1	511.2456	41229.53	2832.028	3390.036	67337.27	89843.92	3093.95	-5.338078	2782.918	1.173116e+08	3.865756e+08	2968.327	3695.729	293.9502	107023	13286.56	-4.626335	6792.815	-5.338078	2782.918	-4.626335	6792.815
55.32	95067.19	16323.64	3940.701	111916.9	313765.1	-288.7544	34018.53	2732.028	2890.036	65031.26	75696.92	2093.95	-5.338078	1782.918	1.303812e+08	3.184524e+08	3168.327	3295.729	193.9502	83733.95	10484.56	-4.626335	5792.815	-5.338078	1782.918	-4.626335	5792.815
55.6	89146.19	15923.64	4040.701	108601.9	300099.1	1111.246	37824.53	2532.028	3290.036	74256.27	84224.92	2193.95	-5.338078	2682.918	1.47141e+08	3.985982e+08	3868.327	1695.729	293.9502	74404.95	10184.56	-4.626335	6692.815	-5.338078	2682.918	-4.626335	6692.815
55.89	88443.19	17224.64	1939.701	104885.9	288766.1	-689.7544	35520.53	1932.028	4091.036	66735.27	84926.92	1793.95	-5.338078	2282.918	1.40517e+08	3.925868e+08	2768.327	3095.729	-6.049822	59464.95	9984.562	95.37366	5392.815	-5.338078	2282.918	95.37366	5392.815
56.17	93361.19	17024.64	4440.701	112518.9	298985.1	-1089.754	37122.53	1732.028	4191.036	69643.27	87535.92	1593.95	-5.338078	2782.918	1.193002e+08	3.505092e+08	2168.327	3095.729	293.9502	61869.95	11185.56	-4.626335	6692.815	-5.338078	2782.918	-4.626335	6692.815
56.46	95469.19	18325.64	1439.701	100768.9	284619.1	1511.246	36922.53	2632.028	4791.036	66434.27	82418.92	1393.95	-5.338078	2582.918	1.38039e+08	3.725494e+08	2968.327	2795.729	193.9502	56858.95	8784.562	-4.626335	7792.815	-5.338078	2582.918	-4.626335	7792.815
56.75	83526.19	54287.64	3840.701	110811.9	290486.1	111.2456	40328.53	3032.028	4391.036	67838.27	85227.92	1493.95	-5.338078	3082.918	1.388746e+08	3.725494e+08	2568.327	2395.729	93.95018	48540.95	11985.56	-4.626335	6092.815	-5.338078	3082.918	-4.626335	6092.815
57.03	96975.19	18425.64	3440.701	116738.9	302831.1	611.2456	36522.53	2432.028	3591.036	63928.26	82518.92	1293.95	-5.338078	2682.918	1.350208e+08	3.90583e+08	2768.327	2695.729	293.9502	42529.95	9984.562	-4.626335	5692.815	-5.338078	2682.918	-4.626335	5692.815
57.32	85734.19	17124.64	2739.701	106391.9	273496.1	111.2456	39126.53	2432.028	3691.036	63126.26	75496.92	1393.95	-5.338078	2782.918	1.287288e+08	3.404912e+08	2968.327	1795.729	-6.049822	44533.95	10184.56	-4.626335	5192.815	-5.338078	2782.918	-4.626335	5192.815
57.6	80617.19	14422.64	1839.701	123370.9	307893.1	-1889.754	32416.53	2732.028	3491.036	67537.27	82719.92	1693.95	94.66192	2482.918	1.346693e+08	3.885793e+08	2668.327	1795.729	93.95018	45735.95	12385.56	195.3737	3791.815	94.66192	2482.918	195.3737	3791.815
57.89	87741.19	58397.64	3640.701	119652.9	335342.1	-989.7544	32916.53	3232.028	1690.036	65933.27	79107.92	1793.95	-5.338078	3082.918	1.350061e+08	3.925868e+08	3068.327	2095.729	93.95018	44833.95	11685.56	-4.626335	5992.815	-5.338078	3082.918	-4.626335	5992.815
58.17	96874.19	38052.64	4740.701	121963.9	418075.1	311.2456	32315.53	3432.028	3991.036	55307.26	85127.92	1693.95	-5.338078	2082.918	1.379071e+08	3.404912e+08	3268.327	3295.729	393.9502	43130.95	11385.56	-4.626335	7692.815	-5.338078	2082.918	-4.626335	7692.815
58.46	111435.2	17825.64	2739.701	105789.9	503223.1	11.24561	29111.53	2232.028	3891.036	55808.26	90847.92	3093.95	94.66192	1782.918	1.388892e+08	3.665384e+08	2668.327	2795.729	193.9502	43631.95	10084.56	-4.626335	6492.815	94.66192	1782.918	-4.626335	6492.815
58.75	117161.2	45868.64	2739.701	98358.92	627384.1	-889.7544	25207.53	3032.028	3791.036	39678.26	92553.92	4793.95	-5.338078	2582.918	1.355334e+08	3.545164e+08	2268.327	3695.729	193.9502	45735.95	12185.56	95.37366	7492.815	-5.338078	2582.918	95.37366	7492.815
59.03	138872.2	73039.64	2539.701	95346.92	749478.1	11.24561	20202.53	2332.028	4391.036	34971.26	107111.9	7294.95	-5.338078	1082.918	1.422041e+08	3.82568e+08	1668.327	3695.729	193.9502	42629.95	11084.56	-4.626335	6592.815	-5.338078	1082.918	-4.626335	6592.815
59.32	130225.2	26835.64	2139.701	81798.92	664115.1	-1089.754	17800.53	2932.028	3591.036	27361.26	99078.92	4993.95	-5.338078	1082.918	1.34889e+08	3.705457e+08	2168.327	4495.729	193.9502	43932.95	10384.56	-4.626335	5792.815	-5.338078	1082.918	-4.626335	5792.815
59.6	121682.2	14121.64	2039.701	78889.92	566148.1	611.2456	18100.53	1732.028	4591.036	25960.26	96267.92	5294.95	-5.338078	1782.918	1.415292e+08	3.46502e+08	2168.327	3495.729	-6.049822	53851.95	15287.56	-4.626335	5692.815	-5.338078	1782.918	-4.626335	5692.815
59.89	111033.2	21529.64	3740.701	73773.92	463058.1	11.24561	26208.53	2632.028	4791.036	26460.26	85628.92	4193.95	-5.338078	1782.918	1.37526e+08	3.424948e+08	1368.327	3095.729	193.9502	53250.95	10784.56	-4.626335	3391.815	-5.338078	1782.918	-4.626335	3391.815
60.18	96874.19	22830.64	2439.701	71667.92	418075.1	-588.7544	24706.53	1932.028	4291.036	26961.26	80010.92	3293.95	-5.338078	1582.918	1.312004e+08	3.90583e+08	2068.327	2195.729	393.9502	59965.95	11885.56	-4.626335	5092.815	-5.338078	1582.918	-4.626335	5092.815
60.46	88443.19	27236.64	2739.701	62642.92	329465.1	-1289.754	26308.53	3732.028	3491.036	24258.26	75095.92	2593.95	-5.338078	1382.918	1.329418e+08	3.364841e+08	1768.327	2895.729	-6.049822	73601.95	12185.56	-4.626335	2891.815	-5.338078	1382.918	-4.626335	2891.815
60.75	80316.19	15222.64	3540.701	62642.92	265510.1	-1189.754	28611.53	2132.028	3190.036	22256.26	72086.92	2193.95	-5.338078	1482.918	1.25032e+08	3.46502e+08	2968.327	1695.729	-6.049822	67384.95	11585.56	-4.626335	3991.815	-5.338078	1482.918	-4.626335	3991.815
61.04	62064.19	17925.64	2239.701	49712.92	200206.1	-88.75439	28711.53	1732.028	3991.036	24959.26	58851.92	1693.95	-5.338078	1982.918	1.349476e+08	3.184524e+08	2268.327	2095.729	193.9502	100797	11485.56	-4.626335	2591.815	-5.338078	1982.918	-4.626335	2591.815
61.32	53344.19	27035.64	1139.701	46105.92	149453.1	511.2456	27409.53	1932.028	3390.036	22957.26	65668.92	2393.95	-5.338078	2282.918	1.27501e+08	3.364841e+08	2668.327	2295.729	193.9502	165238	9784.562	-4.626335	2891.815	-5.338078	2282.918	-4.626335	2891.815
61.61	51440.19	15122.64	2940.701	50314.92	124718.1	111.2456	27009.53	1932.028	2490.036	24959.26	57749.92	5094.95	-5.338078	2582.918	1.313906e+08	3.064316e+08	2968.327	2095.729	93.95018	302006.9	12285.56	-4.626335	2291.815	-5.338078	2582.918	-4.626335	2291.815
61.89	48835.19	17224.64	3040.701	48710.92	93381.12	311.2456	27609.53	2032.028	4291.036	25559.26	57147.92	4293.95	-5.338078	2282.918	1.269603e+08	3.68542e+08	1868.327	1795.729	293.9502	401085.9	8884.562	-4.626335	3291.815	-5.338078	2282.918	-4.626335	3291.815
62.18	45328.19	39956.64	3140.701	52518.92	77728.12	1111.246	30413.53	2632.028	3190.036	29764.26	60455.92	4893.95	-5.338078	2282.918	1.359143e+08	3.645347e+08	2768.327	2795.729	193.9502	666870.9	10684.56	-4.626335	3991.815	-5.338078	2282.918	-4.626335	3991.815
62.47	33409.19	43663.64	3040.701	55024.92	61683.12	1211.246	30213.53	1832.028	4591.036	32968.26	58049.92	5294.95	-5.338078	3382.918	1.296939e+08	3.725494e+08	2968.327	2395.729	293.9502	849485.9	12885.56	-4.626335	5292.815	-5.338078	3382.918	-4.626335	5292.815
62.75	29805.19	25033.64	2739.701	54623.92	59478.12	911.2456	34218.53	1432.028	4191.036	31366.26	59453.92	5194.95	-5.338078	2382.918	1.325173e+08	3.46502e+08	2468.327	2995.729	93.95018	1190794	9784.562	-4.626335	4691.815	-5.338078	2382.918	-4.626335	4691.815
63.04	26101.19	67422.64	2539.701	45805.92	45448.12	2011.246	30213.53	3132.028	4191.036	29263.26	58350.92	5894.95	-5.338078	2882.918	1.356799e+08	3.765569e+08	1668.327	2795.729	293.9502	1705340	9884.562	-4.626335	5092.815	-5.338078	2882.918	-4.626335	5092.815
63.32	21997.19	21929.64	839.7012	40896.92	41041.12	2611.246	30012.53	2432.028	2890.036	26860.26	59453.92	5494.95	-5.338078	1982.918	1.315369e+08	3.164489e+08	1368.327	2195.729	-6.049822	2053397	12185.56	-4.626335	6592.815	-5.338078	1982.918	-4.626335	6592.815
63.61	21496.19	20227.64	2239.701	37991.92	36233.12	4012.246	27609.53	2932.028	2990.036	24658.26	66671.92	3393.95	-5.338078	2682.918	1.343618e+08	4.026059e+08	1068.327	3095.729	193.9502	2363143	10184.56	-4.626335	4691.815	-5.338078	2682.918	-4.626335	4691.815
63.9	16693.19	36550.64	2639.701	28579.92	27122.12	5212.246	27109.53	2332.028	3991.036	20955.26	53640.92	4393.95	-5.338078	1382.918	1.241996e+08	3.705457e+08	1268.327	1295.729	193.9502	2627030	13085.56	-4.626335	4791.815	-5.338078	1382.918	-4.626335	4791.815
64.18	13991.19	18125.64	2639.701	24774.92	18214.12	4612.246	26108.53	1832.028	2390.036	18053.26	63763.92	4193.95	-5.338078	582.9182	1.298255e+08	3.364841e+08	1168.327	3195.729	93.95018	3091062	14586.56	-4.626335	4491.815	-5.338078	582.9182	-4.626335	4491.815
64.47	10689.19	21128.64	1939.701	20771.92	15412.12	6813.246	22404.53	3132.028	2490.036	14750.26	52237.92	4093.95	-5.338078	782.9182	1.358996e+08	3.084351e+08	1168.327	2495.729	193.9502	1958856	11785.56	-4.626335	4991.815	-5.338078	782.9182	-4.626335	4991.815
64.75	10289.19	20527.64	3140.701	16967.92	15312.12	4612.246	20002.53	1832.028	3891.036	12049.26	57749.92	3593.95	-5.338078	782.9182	1.297085e+08	3.965944e+08	768.3274	1995.729	193.9502	2003396	11185.56	-4.626335	6092.815	-5.338078	782.9182	-4.626335	6092.815
65.04	11590.19	49976.64	4440.701	17368.92	13911.12	6613.246	19701.53	2232.028	3691.036	10848.26	51234.92	3493.95	-5.338078	1382.918	1.287435e+08	3.485056e+08	768.3274	2995.729	193.9502	2735490	10584.56	-4.626335	5092.815	-5.338078	1382.918	-4.626335	5092.815
65.33	12090.19	58397.64	2439.701	23273.92	19315.12	6113.246	22204.53	2032.028	5691.036	10348.26	53740.92	5694.95	-5.338078	1182.918	1.250758e+08	3.545164e+08	968.3274	2395.729	93.95018	2448390	13786.56	-4.626335	4491.815	-5.338078	1182.918	-4.626335	4491.815
65.61	14091.19	124354.6	1439.701	26476.92	19715.12	8614.246	25207.53	2532.028	3591.036	9548.264	63162.92	9195.95	-5.338078	782.9182	1.431637e+08	3.62531e+08	1568.327	1695.729	93.95018	2438929	10684.56	-4.626335	4291.815	-5.338078	782.9182	-4.626335	4291.815
65.9	14691.19	143058.6	3040.701	26376.92	21216.12	7413.246	31214.53	3032.028	2690.036	10448.26	62660.92	10595.95	-5.338078	1082.918	1.364417e+08	3.244629e+08	2168.327	2895.729	193.9502	2491228	11485.56	-4.626335	4591.815	-5.338078	1082.918	-4.626335	4591.815
66.18	18794.19	130989.6	1639.701	26476.92	14611.12	8014.246	24706.53	2432.028	2790.036	11048.26	65067.92	7894.95	-5.338078	1682.918	1.374088e+08	4.126251e+08	1668.327	1895.729	93.95018	2218879	12485.56	-4.626335	3791.815	-5.338078	1682.918	-4.626335	3791.815
66.47	22998.19	83675.64	3740.701	30381.92	20916.12	4712.246	25107.53	2632.028	2990.036	16451.26	62961.92	9695.95	-5.338078	1682.918	1.335273e+08	3.62531e+08	1768.327	2695.729	493.9502	1832480	10484.56	-4.626335	4691.815	-5.338078	1682.918	-4.626335	4691.815
66.76	30305.19	67321.64	4940.701	45304.92	18714.12	1911.246	30613.53	2332.028	2590.036	24758.26	58851.92	8895.95	-5.338078	2982.918	1.297085e+08	4.066135e+08	1668.327	2895.729	93.95018	1437571	9384.562	-4.626335	4491.815	-5.338078	2982.918	-4.626335	4491.815
67.04	34911.19	129783.6	2539.701	55826.92	19415.12	3112.246	34318.53	2632.028	2890.036	30064.26	68877.92	5894.95	-5.338078	3382.918	1.392997e+08	3.925868e+08	1468.327	4995.729	-6.049822	1052701	12285.56	-4.626335	4191.815	-5.338078	3382.918	-4.626335	4191.815
67.33	40119.19	57996.64	3340.701	71265.92	17313.12	1111.246	36421.53	1432.028	2690.036	35371.26	65969.92	4893.95	-5.338078	2682.918	1.386107e+08	3.485056e+08	1768.327	3095.729	93.95018	882603.9	10384.56	95.37366	4591.815	-5.338078	2682.918	95.37366	4591.815
67.61	37615.19	48573.64	5040.701	81698.92	15212.12	2211.246	36622.53	2532.028	3691.036	39577.26	72788.92	3393.95	-5.338078	2082.918	1.299425e+08	3.344805e+08	2168.327	1595.729	93.95018	691424.9	11485.56	-4.626335	4891.815	-5.338078	2082.918	-4.626335	4891.815
67.9	30105.19	43062.64	4040.701	93138.92	10609.12	911.2456	40828.53	1632.028	2790.036	45487.26	71384.92	2893.95	-5.338078	3782.918	1.349036e+08	3.204559e+08	2068.327	3495.729	93.95018	548750.9	9284.562	-4.626335	4391.815	-5.338078	3782.918	-4.626335	4391.815
68.19	31407.19	43162.64	5140.701	106994.9	10709.12	211.2456	43133.53	1932.028	3691.036	44486.26	80511.92	2693.95	-5.338078	4282.918	1.352698e+08	3.525128e+08	1868.327	2495.729	93.95018	450414.9	9084.562	-4.626335	4991.815	-5.338078	4282.918	-4.626335	4991.815
68.47	30506.19	39555.64	2839.701	105387.9	5708.118	1311.246	38725.53	2732.028	3691.036	43684.26	72387.92	2293.95	-5.338078	5783.918	1.332491e+08	3.645347e+08	2668.327	3595.729	-6.049822	388387.9	9484.562	-4.626335	2891.815	-5.338078	5783.918	-4.626335	2891.815
68.76	23298.19	42060.64	2839.701	103077.9	6008.118	411.2456	39426.53	1932.028	2690.036	36673.26	81515.92	2793.95	-5.338078	3082.918	1.325027e+08	3.485056e+08	1968.327	3395.729	693.9502	293405.9	10484.56	-4.626335	4291.815	-5.338078	3082.918	-4.626335	4291.815
69.04	21296.19	38253.64	1939.701	115934.9	8108.118	2411.246	34619.53	3032.028	3491.036	34270.26	74894.92	3693.95	-5.338078	4582.918	1.236302e+08	3.725494e+08	1668.327	2395.729	4193.95	303828.9	10284.56	-4.626335	4391.815	-5.338078	4582.918	-4.626335	4391.815
69.33	20696.19	77052.64	3640.701	108802.9	7008.118	411.2456	37323.53	2832.028	3791.036	30565.26	75997.92	4093.95	-5.338078	3282.918	1.291967e+08	3.364841e+08	2468.327	3495.729	7894.95	308485.9	8583.562	-4.626335	2891.815	-5.338078	3282.918	-4.626335	2891.815
69.62	17893.19	74945.64	2239.701	109404.9	10409.12	2511.246	36221.53	1432.028	3891.036	23657.26	68275.92	5394.95	-5.338078	3282.918	1.161197e+08	3.505092e+08	1668.327	3595.729	5194.95	283390.9	7383.562	-4.626335	2291.815	-5.338078	3282.918	-4.626335	2291.815
69.9	16392.19	66619.64	1539.701	84005.92	9809.117	4412.246	28611.53	2432.028	2390.036	21455.26	59252.92	5094.95	-5.338078	2582.918	9.991275e+07	2.62358e+08	1668.327	1595.729	4493.95	216528	4582.562	95.37366	2391.815	-5.338078	2582.918	95.37366	2391.815
70.19	11990.19	67923.64	2339.701	69460.92	8609.117	12717.25	27209.53	1732.028	2290.036	16451.26	49331.92	2793.95	-5.338078	1582.918	8.328815e+07	2.3231e+08	1768.327	1495.729	3593.95	174803	3882.562	95.37366	1991.815	-5.338078	1582.918	95.37366	1991.815
70.47	10489.19	76651.64	2039.701	58031.92	6608.118	3812.246	20202.53	932.0284	2290.036	13750.26	37710.92	2093.95	-5.338078	482.9182	6.566321e+07	1.581993e+08	1068.327	1795.729	2293.95	130433	3782.562	-4.626335	1091.815	-5.338078	482.9182	-4.626335	1091.815
70.76	7088.188	42861.64	2339.701	41197.92	5008.118	3712.246	13797.53	632.0284	1690.036	11048.26	27797.92	1993.95	-5.338078	582.9182	4.78393e+07	1.18144e+08	1268.327	995.7296	1693.95	104110	2282.562	-4.626335	1091.815	-5.338078	582.9182	-4.626335	1091.815
71.05	5488.188	38553.64	839.7012	31783.92	3907.117	1311.246	9495.526	332.0284	1390.036	8347.264	20290.92	1093.95	-5.338078	682.9182	3.847612e+07	1.040477e+08	268.3274	1395.729	1993.95	90958.95	1782.562	195.3737	991.8149	-5.338078	682.9182	195.3737	991.8149
71.33	4787.188	25033.64	339.7012	25275.92	2507.117	3612.246	9395.526	1032.028	1290.036	6847.263	19690.92	993.9502	-5.338078	582.9182	3.044579e+07	8.194814e+07	468.3274	1195.729	1393.95	61569.95	1582.562	-4.626335	591.8149	-5.338078	582.9182	-4.626335	591.8149
71.62	3487.189	58998.64	1339.701	23073.92	2507.117	111.2456	7994.527	432.0284	790.0356	5747.263	13486.92	793.9502	-5.338078	482.9182	2.498873e+07	7.001798e+07	268.3274	195.7295	1293.95	49542.95	2582.562	-4.626335	91.81495	-5.338078	482.9182	-4.626335	91.81495
71.9	2987.189	27636.64	39.70117	14866.92	1507.117	-488.7544	4393.527	132.0284	490.0356	5047.263	9884.918	293.9502	-5.338078	682.9182	2.039088e+07	5.559599e+07	368.3274	495.7295	1393.95	43030.95	1482.562	-4.626335	691.8149	-5.338078	682.9182	-4.626335	691.8149
72.19	1987.189	56993.64	-1261.299	11164.92	2007.117	-88.75439	3793.527	432.0284	1090.036	2646.263	8984.918	393.9502	-5.338078	882.9182	1.640807e+07	4.548786e+07	268.3274	495.7295	-6.049822	36920.95	1082.562	-4.626335	491.8149	-5.338078	882.9182	-4.626335	491.8149
72.47	1587.189	94115.64	739.7012	9863.922	807.1174	-789.7544	3793.527	-67.97156	1090.036	2846.263	6783.918	1393.95	-5.338078	682.9182	1.380254e+07	3.788262e+07	-31.6726	95.72954	193.9502	33716.95	682.5623	-4.626335	291.8149	-5.338078	682.9182	-4.626335	291.8149
72.76	2687.189	97629.64	-560.2988	7062.922	6208.118	11.24561	2492.527	-267.9716	490.0356	1346.263	5683.918	1093.95	-5.338078	282.9182	1.061904e+07	2.939428e+07	-31.6726	395.7295	193.9502	37121.95	1182.562	-4.626335	391.8149	-5.338078	282.9182	-4.626335	391.8149
73.05	1687.189	57896.64	39.70117	7562.922	1107.117	-388.7544	4993.527	132.0284	290.0356	1746.263	3782.918	393.9502	-5.338078	182.9182	9360581	2.413142e+07	-31.6726	195.7295	93.95018	24705.95	382.5623	-4.626335	191.8149	-5.338078	182.9182	-4.626335	191.8149
73.33	687.1886	43262.64	-1261.299	5562.922	1307.117	-1189.754	1492.527	32.02844	90.03564	1246.263	3382.918	93.95018	-5.338078	82.91815	7706886	1.916097e+07	68.3274	95.72954	393.9502	19401.95	1082.562	-4.626335	-8.185054	-5.338078	82.91815	-4.626335	-8.185054
73.62	1087.189	62107.64	-1461.299	5562.922	1807.117	-488.7544	1692.527	32.02844	-709.9644	1146.263	2382.918	193.9502	-5.338078	182.9182	5517284	1.671391e+07	168.3274	195.7295	93.95018	20201.95	482.5623	95.37366	191.8149	-5.338078	182.9182	95.37366	191.8149
73.9	1387.189	81467.64	-961.2988	3861.922	507.1174	911.2456	1092.527	232.0284	390.0356	746.2634	2682.918	193.9502	-5.338078	82.91815	5178370	1.252084e+07	-31.6726	195.7295	393.9502	10195.95	382.5623	-4.626335	-8.185054	-5.338078	82.91815	-4.626335	-8.185054
74.19	887.1886	67823.64	39.70117	2361.922	507.1174	-388.7544	392.5267	-167.9716	290.0356	746.2634	1282.918	93.95018	-5.338078	182.9182	3583090	1.128519e+07	68.3274	495.7295	293.9502	11796.95	282.5623	-4.626335	-8.185054	-5.338078	182.9182	-4.626335	-8.185054
74.47	287.1886	24933.64	-660.2988	2461.922	507.1174	-1889.754	492.5267	432.0284	690.0356	146.2633	2482.918	93.95018	-5.338078	-17.08185	2962114	1.009256e+07	168.3274	95.72954	293.9502	11596.95	-17.43772	-4.626335	-8.185054	-5.338078	-17.08185	-4.626335	-8.185054
74.76	487.1886	27035.64	-360.2988	1461.922	607.1174	-1089.754	292.5267	-167.9716	-409.9644	746.2634	1982.918	-6.049822	-5.338078	-17.08185	3244362	7751048	-31.6726	-4.270463	-6.049822	10395.95	382.5623	-4.626335	191.8149	-5.338078	-17.08185	-4.626335	191.8149
75.05	187.1886	30340.64	-660.2988	2161.922	207.1174	511.2456	992.5267	-67.97156	90.03564	546.2634	1582.918	93.95018	-5.338078	82.91815	2397684	7212010	-31.6726	95.72954	93.95018	7894.95	382.5623	-4.626335	391.8149	-5.338078	82.91815	-4.626335	391.8149
75.34	187.1886	17224.64	-1761.299	1961.922	407.1174	-989.7544	-407.4733	-67.97156	390.0356	746.2634	482.9182	-6.049822	-5.338078	-17.08185	1861560	6531238	-31.6726	-4.270463	-6.049822	8294.95	82.56228	-4.626335	-8.185054	-5.338078	-17.08185	-4.626335	-8.185054
75.62	87.18861	12420.64	-1761.299	1561.922	207.1174	11.24561	-7.473267	-67.97156	490.0356	246.2633	1882.918	93.95018	-5.338078	182.9182	1805131	6233442	-31.6726	-4.270463	193.9502	3793.95	82.56228	-4.626335	-8.185054	-5.338078	182.9182	-4.626335	-8.185054
75.91	187.1886	12720.64	-1461.299	561.9218	7.117439	-789.7544	292.5267	-467.9716	290.0356	346.2633	582.9182	-6.049822	-5.338078	182.9182	1240887	4121222	-31.6726	-4.270463	-6.049822	3193.95	-17.43772	-4.626335	91.81495	-5.338078	182.9182	-4.626335	91.81495
76.2	287.1886	11519.64	239.7012	1561.922	307.1174	-488.7544	-207.4733	332.0284	190.0356	446.2633	382.9182	193.9502	-5.338078	82.91815	1283203	3738605	-31.6726	-4.270463	193.9502	1993.95	182.5623	-4.626335	91.81495	-5.338078	82.91815	-4.626335	91.81495
76.49	187.1886	6416.641	1139.701	661.9218	7.117439	-1589.754	-107.4733	32.02844	-809.9644	146.2633	582.9182	-6.049822	-5.338078	-17.08185	982093.4	2647667	-31.6726	-4.270463	-6.049822	1293.95	282.5623	-4.626335	-8.185054	-5.338078	-17.08185	-4.626335	-8.185054
76.77	587.1886	8417.641	-1161.299	1161.922	307.1174	-989.7544	92.52673	32.02844	-509.9644	346.2633	382.9182	-6.049822	-5.338078	-17.08185	1085736	2520176	168.3274	-4.270463	93.95018	3093.95	82.56228	-4.626335	-8.185054	-5.338078	-17.08185	-4.626335	-8.185054
77.06	187.1886	2415.641	39.70117	361.9218	407.1174	-188.7544	-507.4733	-267.9716	290.0356	-53.73666	182.9182	93.95018	-5.338078	-17.08185	712071.4	1656196	-31.6726	-4.270463	4593.95	1893.95	-17.43772	-4.626335	-8.185054	-5.338078	-17.08185	-4.626335	-8.185054
77.35	87.18861	7117.641	-160.2988	261.9218	-92.88256	-989.7544	-407.4733	-167.9716	-209.9644	-53.73666	82.91815	93.95018	-5.338078	-17.08185	592119.4	2081078	-31.6726	95.72954	-6.049822	993.9502	-17.43772	-4.626335	91.81495	-5.338078	-17.08185	-4.626335	91.81495
77.64	-12.81139	8117.641	139.7012	761.9218	907.1174	-1089.754	192.5267	32.02844	-609.9644	146.2633	182.9182	-6.049822	-5.338078	-17.08185	535710.4	1316328	-31.6726	-4.270463	-6.049822	693.9502	-17.43772	-4.626335	91.81495	-5.338078	-17.08185	-4.626335	91.81495
77.92	87.18861	-485.3594	-1861.299	361.9218	7.117439	-1489.754	-507.4733	-67.97156	-509.9644	46.26334	82.91815	-6.049822	-5.338078	-17.08185	465668.4	1358809	-31.6726	-4.270463	-6.049822	3993.95	82.56228	-4.626335	-8.185054	-5.338078	-17.08185	-4.626335	-8.185054
78.21	387.1886	9118.641	-1361.299	1061.922	107.1174	211.2456	92.52673	132.0284	-309.9644	-53.73666	582.9182	493.9502	-5.338078	-17.08185	422894.4	721635.8	168.3274	-4.270463	-6.049822	1093.95	-17.43772	-4.626335	-8.185054	-5.338078	-17.08185	-4.626335	-8.185054
78.5	287.1886	1414.641	-560.2988	-138.0782	107.1174	-488.7544	692.5267	-267.9716	-709.9644	246.2633	182.9182	-6.049822	-5.338078	-17.08185	329934.4	834901.8	68.3274	-4.270463	293.9502	1493.95	82.56228	-4.626335	91.81495	-5.338078	-17.08185	-4.626335	91.81495
78.79	-12.81139	1014.641	139.7012	661.9218	107.1174	-689.7544	-307.4733	-367.9716	-109.9644	46.26334	182.9182	-6.049822	-5.338078	-17.08185	606221.4	580056.8	-31.6726	-4.270463	-6.049822	693.9502	-17.43772	-4.626335	-8.185054	-5.338078	-17.08185	-4.626335	-8.185054
79.08	-12.81139	8117.641	-1161.299	-238.0782	207.1174	-889.7544	192.5267	432.0284	490.0356	46.26334	82.91815	-6.049822	-5.338078	-17.08185	311195.4	735793.8	68.3274	-4.270463	93.95018	1593.95	82.56228	-4.626335	-8.185054	-5.338078	-17.08185	-4.626335	-8.185054
79.36	-12.81139	314.6406	-1361.299	-538.0782	7.117439	-1589.754	-207.4733	332.0284	-109.9644	-53.73666	82.91815	-6.049822	-5.338078	-17.08185	239411.4	197822.8	-31.6726	-4.270463	-6.049822	1093.95	-17.43772	-4.626335	91.81495	-5.338078	-17.08185	-4.626335	91.81495
79.66	-12.81139	314.6406	339.7012	261.9218	307.1174	-188.7544	192.5267	-167.9716	190.0356	46.26334	182.9182	-6.049822	-5.338078	82.91815	248499.4	891536.8	-31.6726	-4.270463	-6.049822	193.9502	-17.43772	-4.626335	-8.185054	-5.338078	82.91815	-4.626335	-8.185054
79.95	-12.81139	-1285.359	-1561.299	-538.0782	7.117439	-889.7544	-507.4733	-267.9716	90.03564	246.2633	282.9182	-6.049822	-5.338078	-17.08185	197275.4	127043.8	-31.6726	-4.270463	-6.049822	2993.95	-17.43772	-4.626335	-8.185054	-5.338078	-17.08185	-4.626335	-8.185054
80.24	-12.81139	14.64062	-1561.299	561.9218	-92.88256	-1289.754	-307.4733	32.02844	190.0356	446.2633	-17.08185	93.95018	-5.338078	-17.08185	84470.4	381855.8	-31.6726	-4.270463	-6.049822	93.95018	-17.43772	-4.626335	91.81495	-5.338078	-17.08185	-4.626335	91.81495
80.53	-12.81139	2214.641	-1261.299	-38.07825	7.117439	-1789.754	-807.4733	-267.9716	-9.964355	46.26334	-17.08185	-6.049822	94.66192	82.91815	183038.4	420455.8	-31.6726	-4.270463	-6.049822	93.95018	182.5623	-4.626335	91.81495	94.66192	82.91815	-4.626335	91.81495
80.81	-12.81139	3815.641	-1461.299	-38.07825	-92.88256	-1289.754	-507.4733	132.0284	-309.9644	-53.73666	-17.08185	-6.049822	-5.338078	-17.08185	100873.4	426761.8	-31.6726	-4.270463	-6.049822	893.9502	-17.43772	-4.626335	-8.185054	-5.338078	-17.08185	-4.626335	-8.185054
81.1	-12.81139	814.6406	339.7012	61.92175	7.117439	-889.7544	-107.4733	-267.9716	-109.9644	-53.73666	-17.08185	-6.049822	-5.338078	-17.08185	52925.39	121338.8	-31.6726	-4.270463	-6.049822	1993.95	-17.43772	-4.626335	-8.185054	-5.338078	-17.08185	-4.626335	-8.185054
81.38	187.1886	1414.641	-360.2988	461.9218	-92.88256	-1089.754	-607.4733	-67.97156	-109.9644	146.2633	82.91815	-6.049822	-5.338078	-17.08185	83308.4	55104.77	-31.6726	-4.270463	-6.049822	93.95018	82.56228	-4.626335	-8.185054	-5.338078	-17.08185	-4.626335	-8.185054
81.67	-12.81139	-285.3594	539.7012	-438.0782	207.1174	-488.7544	-7.473267	-167.9716	-9.964355	-53.73666	82.91815	-6.049822	-5.338078	-17.08185	34994.39	424326.8	-31.6726	-4.270463	-6.049822	-6.049822	-17.43772	-4.626335	-8.185054	-5.338078	-17.08185	-4.626335	-8.185054
81.96	-12.81139	-385.3594	-1761.299	361.9218	107.1174	-989.7544	-407.4733	32.02844	-509.9644	246.2633	282.9182	-6.049822	-5.338078	82.91815	81201.4	112887.8	-31.6726	95.72954	-6.049822	93.95018	-17.43772	-4.626335	-8.185054	-5.338078	82.91815	-4.626335	-8.185054
82.26	-12.81139	1714.641	-961.2988	-238.0782	7.117439	211.2456	-807.4733	32.02844	-809.9644	46.26334	-17.08185	-6.049822	-5.338078	-17.08185	28285.39	112887.8	-31.6726	-4.270463	-6.049822	293.9502	82.56228	-4.626335	91.81495	-5.338078	-17.08185	-4.626335	91.81495
82.54	87.18861	-785.3594	-560.2988	-38.07825	-92.88256	-1389.754	-307.4733	232.0284	-109.9644	-53.73666	82.91815	-6.049822	-5.338078	-17.08185	29487.39	268603.8	68.3274	-4.270463	-6.049822	2393.95	-17.43772	-4.626335	-8.185054	-5.338078	-17.08185	-4.626335	-8.185054
82.83	-12.81139	114.6406	239.7012	61.92175	-92.88256	111.2456	-207.4733	32.02844	-609.9644	146.2633	-17.08185	-6.049822	-5.338078	-17.08185	77289.4	149290.8	168.3274	-4.270463	-6.049822	-6.049822	-17.43772	-4.626335	-8.185054	-5.338078	-17.08185	-4.626335	-8.185054
83.11	-12.81139	1714.641	-260.2988	-538.0782	7.117439	-689.7544	192.5267	-367.9716	490.0356	-53.73666	-17.08185	-6.049822	-5.338078	-17.08185	12672.39	59916.77	-31.6726	-4.270463	-6.049822	93.95018	182.5623	95.37366	-8.185054	-5.338078	-17.08185	95.37366	-8.185054
83.4	-12.81139	414.6406	-1361.299	361.9218	7.117439	-1789.754	-307.4733	632.0284	-309.9644	46.26334	-17.08185	93.95018	94.66192	-17.08185	28069.39	56264.77	-31.6726	-4.270463	-6.049822	4193.95	-17.43772	-4.626335	-8.185054	94.66192	-17.08185	-4.626335	-8.185054
83.7	-12.81139	614.6406	-1461.299	-38.07825	107.1174	-1489.754	-7.473267	332.0284	-509.9644	-53.73666	82.91815	-6.049822	-5.338078	-17.08185	42169.39	162572.8	68.3274	-4.270463	-6.049822	-6.049822	-17.43772	-4.626335	-8.185054	-5.338078	-17.08185	-4.626335	-8.185054
83.98	-12.81139	314.6406	-1661.299	361.9218	207.1174	11.24561	-707.4733	432.0284	-209.9644	-53.73666	-17.08185	-6.049822	-5.338078	-17.08185	67159.4	46988.77	-31.6726	-4.270463	-6.049822	393.9502	82.56228	95.37366	-8.185054	-5.338078	-17.08185	95.37366	-8.185054
84.27	-12.81139	-185.3594	539.7012	161.9218	-92.88256	-1189.754	-507.4733	-67.97156	-809.9644	-53.73666	-17.08185	-6.049822	-5.338078	-17.08185	163905.4	43682.77	-31.6726	-4.270463	-6.049822	-6.049822	-17.43772	-4.626335	-8.185054	-5.338078	-17.08185	-4.626335	-8.185054
84.56	-12.81139	614.6406	-1261.299	-38.07825	107.1174	511.2456	-7.473267	32.02844	390.0356	146.2633	-17.08185	-6.049822	-5.338078	-17.08185	45210.39	84576.77	-31.6726	-4.270463	-6.049822	93.95018	82.56228	-4.626335	-8.185054	-5.338078	-17.08185	-4.626335	-8.185054
84.85	-12.81139	1614.641	-1461.299	-338.0782	7.117439	311.2456	-507.4733	-167.9716	-409.9644	46.26334	-17.08185	-6.049822	-5.338078	-17.08185	46813.39	23154.77	-31.6726	-4.270463	-6.049822	1393.95	-17.43772	-4.626335	-8.185054	-5.338078	-17.08185	-4.626335	-8.185054
85.14	87.18861	14.64062	-1361.299	361.9218	-92.88256	-1789.754	292.5267	-167.9716	290.0356	46.26334	-17.08185	-6.049822	-5.338078	-17.08185	32390.39	98731.77	-31.6726	-4.270463	-6.049822	-6.049822	82.56228	-4.626335	-8.185054	-5.338078	-17.08185	-4.626335	-8.185054
85.43	-12.81139	414.6406	-1061.299	61.92175	7.117439	-2289.754	-7.473267	-267.9716	-309.9644	146.2633	-17.08185	-6.049822	-5.338078	-17.08185	84111.4	13798.77	-31.6726	-4.270463	-6.049822	93.95018	82.56228	-4.626335	-8.185054	-5.338078	-17.08185	-4.626335	-8.185054
85.72	-12.81139	1014.641	-560.2988	-138.0782	107.1174	-689.7544	-307.4733	-167.9716	90.03564	-53.73666	-17.08185	-6.049822	-5.338078	82.91815	20077.39	56207.77	-31.6726	-4.270463	-6.049822	-6.049822	-17.43772	-4.626335	-8.185054	-5.338078	82.91815	-4.626335	-8.185054
86	-12.81139	-585.3594	-1661.299	261.9218	7.117439	-288.7544	92.52673	232.0284	490.0356	-53.73666	-17.08185	-6.049822	-5.338078	-17.08185	-30.60498	54603.77	-31.6726	-4.270463	-6.049822	-6.049822	-17.43772	-4.626335	-8.185054	-5.338078	-17.08185	-4.626335	-8.185054
86.29	-12.81139	-385.3594	-861.2988	-138.0782	-92.88256	-1089.754	-407.4733	-367.9716	490.0356	146.2633	-17.08185	-6.049822	-5.338078	-17.08185	-130.605	60116.77	-31.6726	-4.270463	-6.049822	293.9502	-17.43772	-4.626335	-8.185054	-5.338078	-17.08185	-4.626335	-8.185054
86.57	87.18861	-185.3594	-961.2988	661.9218	7.117439	-2489.754	892.5267	-267.9716	90.03564	46.26334	-17.08185	-6.049822	-5.338078	-17.08185	5370.395	15348.77	168.3274	-4.270463	-6.049822	-6.049822	82.56228	-4.626335	-8.185054	-5.338078	-17.08185	-4.626335	-8.185054
86.86	-12.81139	-685.3594	339.7012	-138.0782	7.117439	-1189.754	-107.4733	32.02844	-109.9644	-53.73666	-17.08185	-6.049822	-5.338078	-17.08185	2369.395	91913.77	-31.6726	95.72954	-6.049822	-6.049822	-17.43772	195.3737	-8.185054	-5.338078	-17.08185	195.3737	-8.185054
87.14	-12.81139	914.6406	-260.2988	-538.0782	7.117439	-989.7544	-107.4733	132.0284	-309.9644	-53.73666	-17.08185	-6.049822	-5.338078	-17.08185	369.395	-56.22775	-31.6726	-4.270463	-6.049822	-6.049822	-17.43772	-4.626335	-8.185054	-5.338078	-17.08185	-4.626335	-8.185054
87.43	-12.81139	-185.3594	-1361.299	161.9218	-92.88256	-88.75439	-507.4733	-467.9716	-109.9644	-53.73666	82.91815	-6.049822	-5.338078	-17.08185	-130.605	325229.8	-31.6726	-4.270463	-6.049822	-6.049822	-17.43772	95.37366	-8.185054	-5.338078	-17.08185	95.37366	-8.185054
87.72	187.1886	-85.35938	-460.2988	261.9218	-92.88256	311.2456	892.5267	-267.9716	-9.964355	46.26334	-17.08185	-6.049822	-5.338078	-17.08185	54428.39	1243.772	-31.6726	95.72954	-6.049822	-6.049822	-17.43772	-4.626335	-8.185054	-5.338078	-17.08185	-4.626335	-8.185054
88	-12.81139	914.6406	-260.2988	-438.0782	-92.88256	-689.7544	-7.473267	232.0284	-309.9644	146.2633	-17.08185	-6.049822	-5.338078	-17.08185	7870.395	6144.772	-31.6726	-4.270463	-6.049822	-6.049822	82.56228	-4.626335	-8.185054	-5.338078	-17.08185	-4.626335	-8.185054
