ElapsedTime_s	Ti49_CPS	Al27_CPS	S33_CPS	Sc45_CPS	V51_CPS	Mn55_CPS	Fe57_CPS	Co59_CPS	Ni60_CPS	Ga71_CPS	Zr90_CPS	Nb93_CPS	Mo97_CPS	In113_CPS	Sn119_CPS	Sn118_CPS	Sb121_CPS	Hf177_CPS	Ta181_CPS	W183_CPS	Pb206_CPS	Th232_CPS	U238_CPS	Tc97_CPS	Cd113_CPS	U232_CPS	Pu238_CPS
0	87.18861	114.6406	-1561.299	461.9218	7.117439	-1689.754	692.5267	-367.9716	490.0356	146.2633	182.9182	-6.049822	94.66192	82.91815	144888.4	102253.8	-31.6726	-4.270463	-6.049822	93.95018	-17.43772	-4.626335	91.81495	94.66192	82.91815	-4.626335	91.81495
																											
10.17	-12.81139	2114.641	-460.2988	961.9218	7.117439	-1089.754	-407.4733	-267.9716	-409.9644	-53.73666	-17.08185	-6.049822	-5.338078	-17.08185	-30.60498	-56.22775	68.3274	-4.270463	-6.049822	-6.049822	-17.43772	-4.626335	-8.185054	-5.338078	-17.08185	-4.626335	-8.185054
10.46	-12.81139	714.6406	-360.2988	-138.0782	-92.88256	-2189.754	-607.4733	32.02844	590.0356	246.2633	-17.08185	-6.049822	94.66192	-17.08185	969.395	-256.2278	-31.6726	-4.270463	-6.049822	-6.049822	-17.43772	-4.626335	-8.185054	94.66192	-17.08185	-4.626335	-8.185054
10.74	-12.81139	114.6406	139.7012	161.9218	-92.88256	-588.7544	492.5267	332.0284	590.0356	-53.73666	-17.08185	-6.049822	-5.338078	-17.08185	169.395	53100.77	-31.6726	-4.270463	-6.049822	-6.049822	-17.43772	-4.626335	-8.185054	-5.338078	-17.08185	-4.626335	-8.185054
11.03	-12.81139	714.6406	-460.2988	161.9218	-92.88256	-488.7544	492.5267	-67.97156	590.0356	-53.73666	-17.08185	-6.049822	-5.338078	-17.08185	-130.605	-156.2278	-31.6726	-4.270463	-6.049822	-6.049822	-17.43772	-4.626335	-8.185054	-5.338078	-17.08185	-4.626335	-8.185054
11.31	-12.81139	1114.641	-1361.299	261.9218	7.117439	-989.7544	592.5267	332.0284	-9.964355	46.26334	82.91815	-6.049822	-5.338078	-17.08185	-30.60498	-256.2278	-31.6726	-4.270463	-6.049822	-6.049822	-17.43772	-4.626335	-8.185054	-5.338078	-17.08185	-4.626335	-8.185054
11.6	-12.81139	914.6406	-260.2988	-538.0782	7.117439	-2089.754	-507.4733	232.0284	390.0356	-53.73666	-17.08185	-6.049822	-5.338078	-17.08185	33892.39	43.77225	-31.6726	-4.270463	-6.049822	93.95018	-17.43772	-4.626335	-8.185054	-5.338078	-17.08185	-4.626335	-8.185054
11.89	-12.81139	1214.641	-1461.299	561.9218	-92.88256	-1089.754	-107.4733	-67.97156	-109.9644	46.26334	-17.08185	-6.049822	-5.338078	-17.08185	8170.395	-156.2278	68.3274	-4.270463	-6.049822	-6.049822	-17.43772	-4.626335	-8.185054	-5.338078	-17.08185	-4.626335	-8.185054
12.17	-12.81139	-85.35938	-460.2988	261.9218	7.117439	211.2456	-707.4733	-267.9716	-9.964355	-53.73666	-17.08185	-6.049822	-5.338078	82.91815	1769.395	-256.2278	-31.6726	-4.270463	-6.049822	-6.049822	-17.43772	-4.626335	-8.185054	-5.338078	82.91815	-4.626335	-8.185054
12.46	87.18861	1014.641	-260.2988	461.9218	-92.88256	-1989.754	392.5267	232.0284	-409.9644	-53.73666	-17.08185	-6.049822	-5.338078	-17.08185	12372.39	-56.22775	-31.6726	-4.270463	93.95018	93.95018	-17.43772	-4.626335	-8.185054	-5.338078	-17.08185	-4.626335	-8.185054
12.74	-12.81139	514.6406	-1361.299	-538.0782	-92.88256	-3189.754	392.5267	32.02844	90.03564	146.2633	-17.08185	-6.049822	94.66192	-17.08185	64152.39	343.7722	-31.6726	-4.270463	-6.049822	-6.049822	-17.43772	-4.626335	-8.185054	94.66192	-17.08185	-4.626335	-8.185054
13.02	-12.81139	1914.641	-1261.299	461.9218	107.1174	-2189.754	292.5267	-167.9716	-409.9644	146.2633	82.91815	-6.049822	-5.338078	-17.08185	23280.39	443.7722	68.3274	-4.270463	-6.049822	-6.049822	-17.43772	-4.626335	-8.185054	-5.338078	-17.08185	-4.626335	-8.185054
13.31	-12.81139	614.6406	-660.2988	-38.07825	-92.88256	-1989.754	392.5267	-167.9716	-209.9644	146.2633	82.91815	93.95018	-5.338078	-17.08185	-130.605	343.7722	-31.6726	-4.270463	-6.049822	-6.049822	-17.43772	-4.626335	-8.185054	-5.338078	-17.08185	-4.626335	-8.185054
13.59	-12.81139	-685.3594	-60.29883	-238.0782	-92.88256	-1189.754	-107.4733	-67.97156	-509.9644	146.2633	-17.08185	-6.049822	-5.338078	-17.08185	-130.605	-56.22775	68.3274	-4.270463	-6.049822	93.95018	82.56228	-4.626335	-8.185054	-5.338078	-17.08185	-4.626335	-8.185054
13.88	-12.81139	14.64062	39.70117	61.92175	207.1174	-1289.754	-507.4733	432.0284	-109.9644	46.26334	-17.08185	-6.049822	-5.338078	-17.08185	-30.60498	143.7722	-31.6726	-4.270463	-6.049822	-6.049822	-17.43772	-4.626335	-8.185054	-5.338078	-17.08185	-4.626335	-8.185054
14.17	-12.81139	314.6406	-360.2988	261.9218	-92.88256	-1889.754	-407.4733	32.02844	290.0356	-53.73666	82.91815	-6.049822	-5.338078	-17.08185	69.39502	7244.772	-31.6726	-4.270463	-6.049822	-6.049822	82.56228	-4.626335	-8.185054	-5.338078	-17.08185	-4.626335	-8.185054
14.45	-12.81139	1414.641	-861.2988	-238.0782	-92.88256	-288.7544	-107.4733	-467.9716	990.0356	-53.73666	-17.08185	-6.049822	-5.338078	-17.08185	69.39502	-256.2278	-31.6726	-4.270463	-6.049822	-6.049822	-17.43772	-4.626335	-8.185054	-5.338078	-17.08185	-4.626335	-8.185054
14.74	-12.81139	414.6406	-1561.299	-138.0782	7.117439	-1589.754	-307.4733	-167.9716	90.03564	146.2633	-17.08185	-6.049822	-5.338078	-17.08185	-30.60498	9845.772	-31.6726	-4.270463	-6.049822	-6.049822	-17.43772	-4.626335	-8.185054	-5.338078	-17.08185	-4.626335	-8.185054
15.02	87.18861	714.6406	1039.701	-38.07825	-92.88256	-2089.754	-407.4733	-167.9716	-209.9644	246.2633	-17.08185	-6.049822	-5.338078	-17.08185	42906.39	-56.22775	-31.6726	-4.270463	93.95018	-6.049822	-17.43772	-4.626335	-8.185054	-5.338078	-17.08185	-4.626335	-8.185054
15.31	-12.81139	514.6406	-360.2988	161.9218	7.117439	-388.7544	92.52673	232.0284	290.0356	-53.73666	-17.08185	-6.049822	-5.338078	-17.08185	-30.60498	-256.2278	-31.6726	95.72954	-6.049822	193.9502	-17.43772	-4.626335	-8.185054	-5.338078	-17.08185	-4.626335	-8.185054
15.59	-12.81139	714.6406	-60.29883	-538.0782	-92.88256	-1089.754	-107.4733	-267.9716	190.0356	146.2633	-17.08185	-6.049822	-5.338078	82.91815	-30.60498	343.7722	-31.6726	-4.270463	-6.049822	-6.049822	-17.43772	-4.626335	91.81495	-5.338078	82.91815	-4.626335	91.81495
15.88	187.1886	814.6406	-1661.299	-538.0782	-92.88256	-88.75439	392.5267	532.0284	-309.9644	-53.73666	-17.08185	-6.049822	-5.338078	-17.08185	69.39502	-56.22775	-31.6726	-4.270463	-6.049822	-6.049822	-17.43772	-4.626335	-8.185054	-5.338078	-17.08185	-4.626335	-8.185054
16.16	-12.81139	414.6406	-560.2988	261.9218	-92.88256	-2689.754	-107.4733	-367.9716	-9.964355	46.26334	-17.08185	-6.049822	-5.338078	-17.08185	6270.395	-256.2278	68.3274	-4.270463	-6.049822	-6.049822	-17.43772	-4.626335	-8.185054	-5.338078	-17.08185	-4.626335	-8.185054
16.45	-12.81139	414.6406	-60.29883	-238.0782	7.117439	-1689.754	-207.4733	132.0284	-509.9644	246.2633	-17.08185	-6.049822	-5.338078	-17.08185	-30.60498	43.77225	-31.6726	-4.270463	-6.049822	93.95018	82.56228	-4.626335	-8.185054	-5.338078	-17.08185	-4.626335	-8.185054
16.73	87.18861	414.6406	-1361.299	61.92175	7.117439	-288.7544	-407.4733	32.02844	-509.9644	46.26334	-17.08185	-6.049822	-5.338078	-17.08185	-30.60498	15848.77	-31.6726	-4.270463	-6.049822	-6.049822	-17.43772	-4.626335	-8.185054	-5.338078	-17.08185	-4.626335	-8.185054
17.02	87.18861	-1085.359	-1361.299	-38.07825	107.1174	-989.7544	-207.4733	-67.97156	690.0356	246.2633	82.91815	-6.049822	-5.338078	-17.08185	-30.60498	-156.2278	-31.6726	-4.270463	-6.049822	-6.049822	-17.43772	-4.626335	91.81495	-5.338078	-17.08185	-4.626335	91.81495
17.3	-12.81139	714.6406	-360.2988	-238.0782	7.117439	111.2456	-707.4733	-67.97156	290.0356	-53.73666	-17.08185	-6.049822	-5.338078	-17.08185	-130.605	-56.22775	-31.6726	-4.270463	-6.049822	-6.049822	-17.43772	-4.626335	-8.185054	-5.338078	-17.08185	-4.626335	-8.185054
17.59	87.18861	414.6406	-560.2988	61.92175	-92.88256	-1889.754	92.52673	132.0284	490.0356	146.2633	-17.08185	-6.049822	-5.338078	-17.08185	-130.605	-356.2278	-31.6726	-4.270463	-6.049822	-6.049822	-17.43772	-4.626335	-8.185054	-5.338078	-17.08185	-4.626335	-8.185054
17.87	-12.81139	1414.641	-761.2988	361.9218	7.117439	-1089.754	-707.4733	-267.9716	-9.964355	146.2633	-17.08185	-6.049822	-5.338078	82.91815	69.39502	-56.22775	168.3274	-4.270463	-6.049822	-6.049822	-17.43772	-4.626335	-8.185054	-5.338078	82.91815	-4.626335	-8.185054
18.16	-12.81139	-1085.359	-1061.299	361.9218	-92.88256	-1889.754	92.52673	232.0284	190.0356	-53.73666	82.91815	-6.049822	-5.338078	-17.08185	69.39502	-256.2278	-31.6726	-4.270463	-6.049822	-6.049822	82.56228	-4.626335	-8.185054	-5.338078	-17.08185	-4.626335	-8.185054
18.44	-12.81139	-485.3594	-1261.299	-138.0782	107.1174	-488.7544	-607.4733	-67.97156	-109.9644	46.26334	-17.08185	-6.049822	-5.338078	-17.08185	-30.60498	7444.772	-31.6726	-4.270463	-6.049822	-6.049822	-17.43772	-4.626335	-8.185054	-5.338078	-17.08185	-4.626335	-8.185054
18.73	-12.81139	2915.641	-1561.299	161.9218	-92.88256	-1989.754	-107.4733	-267.9716	390.0356	246.2633	-17.08185	-6.049822	-5.338078	-17.08185	-130.605	-356.2278	-31.6726	-4.270463	-6.049822	-6.049822	-17.43772	-4.626335	-8.185054	-5.338078	-17.08185	-4.626335	-8.185054
19.01	-12.81139	1214.641	-2161.299	261.9218	-92.88256	-1289.754	-207.4733	-167.9716	-9.964355	146.2633	-17.08185	-6.049822	-5.338078	-17.08185	-30.60498	-256.2278	-31.6726	-4.270463	-6.049822	-6.049822	-17.43772	-4.626335	-8.185054	-5.338078	-17.08185	-4.626335	-8.185054
19.29	-12.81139	-685.3594	-1461.299	-738.0782	-92.88256	-1889.754	-207.4733	-367.9716	-209.9644	146.2633	-17.08185	-6.049822	-5.338078	-17.08185	-30.60498	-356.2278	-31.6726	-4.270463	-6.049822	-6.049822	82.56228	-4.626335	-8.185054	-5.338078	-17.08185	-4.626335	-8.185054
19.58	-12.81139	1714.641	39.70117	961.9218	-92.88256	-88.75439	192.5267	-267.9716	-209.9644	46.26334	-17.08185	-6.049822	-5.338078	-17.08185	14573.39	43.77225	-31.6726	-4.270463	-6.049822	-6.049822	-17.43772	-4.626335	-8.185054	-5.338078	-17.08185	-4.626335	-8.185054
19.87	-12.81139	914.6406	39.70117	-138.0782	-92.88256	-1489.754	-507.4733	732.0284	90.03564	46.26334	-17.08185	-6.049822	-5.338078	-17.08185	169.395	-256.2278	-31.6726	-4.270463	-6.049822	-6.049822	-17.43772	-4.626335	-8.185054	-5.338078	-17.08185	-4.626335	-8.185054
20.15	-12.81139	-385.3594	-360.2988	61.92175	107.1174	-1589.754	-407.4733	-67.97156	890.0356	46.26334	-17.08185	-6.049822	-5.338078	-17.08185	-130.605	243.7722	-31.6726	-4.270463	-6.049822	-6.049822	-17.43772	-4.626335	-8.185054	-5.338078	-17.08185	-4.626335	-8.185054
20.44	-12.81139	1014.641	-1561.299	-338.0782	-92.88256	-1789.754	-307.4733	-367.9716	190.0356	-53.73666	82.91815	-6.049822	-5.338078	-17.08185	-130.605	243.7722	-31.6726	-4.270463	-6.049822	-6.049822	-17.43772	-4.626335	-8.185054	-5.338078	-17.08185	-4.626335	-8.185054
20.72	87.18861	1614.641	-1761.299	61.92175	-92.88256	-689.7544	-607.4733	-167.9716	-9.964355	-53.73666	-17.08185	-6.049822	-5.338078	-17.08185	469.395	53301.77	-31.6726	-4.270463	-6.049822	-6.049822	-17.43772	-4.626335	91.81495	-5.338078	-17.08185	-4.626335	91.81495
21	-12.81139	414.6406	239.7012	161.9218	107.1174	-188.7544	-407.4733	-167.9716	390.0356	46.26334	82.91815	-6.049822	-5.338078	-17.08185	-130.605	143.7722	-31.6726	-4.270463	-6.049822	-6.049822	82.56228	-4.626335	-8.185054	-5.338078	-17.08185	-4.626335	-8.185054
21.29	-12.81139	214.6406	-360.2988	261.9218	-92.88256	-2289.754	692.5267	332.0284	290.0356	-53.73666	-17.08185	-6.049822	-5.338078	-17.08185	69.39502	-256.2278	68.3274	-4.270463	-6.049822	-6.049822	82.56228	-4.626335	91.81495	-5.338078	-17.08185	-4.626335	91.81495
21.58	87.18861	414.6406	-1861.299	61.92175	7.117439	-1089.754	392.5267	32.02844	990.0356	46.26334	-17.08185	-6.049822	-5.338078	-17.08185	69.39502	-356.2278	68.3274	-4.270463	-6.049822	-6.049822	82.56228	-4.626335	-8.185054	-5.338078	-17.08185	-4.626335	-8.185054
21.86	-12.81139	914.6406	-1261.299	561.9218	-92.88256	-1889.754	-607.4733	432.0284	-309.9644	146.2633	-17.08185	-6.049822	-5.338078	-17.08185	-30.60498	-56.22775	-31.6726	-4.270463	-6.049822	-6.049822	-17.43772	-4.626335	-8.185054	-5.338078	-17.08185	-4.626335	-8.185054
22.15	-12.81139	-985.3594	339.7012	61.92175	-92.88256	-2589.754	-7.473267	32.02844	-209.9644	46.26334	-17.08185	-6.049822	-5.338078	-17.08185	-130.605	43.77225	-31.6726	-4.270463	-6.049822	-6.049822	-17.43772	-4.626335	-8.185054	-5.338078	-17.08185	-4.626335	-8.185054
22.43	-12.81139	1014.641	-1861.299	-638.0782	-92.88256	-1189.754	-207.4733	-167.9716	-309.9644	-53.73666	-17.08185	-6.049822	-5.338078	82.91815	169.395	-156.2278	-31.6726	-4.270463	-6.049822	-6.049822	-17.43772	-4.626335	91.81495	-5.338078	82.91815	-4.626335	91.81495
22.71	-12.81139	514.6406	-60.29883	-38.07825	-92.88256	-1589.754	-207.4733	132.0284	690.0356	-53.73666	-17.08185	-6.049822	-5.338078	-17.08185	-130.605	-56.22775	-31.6726	-4.270463	-6.049822	-6.049822	-17.43772	-4.626335	-8.185054	-5.338078	-17.08185	-4.626335	-8.185054
23.01	-12.81139	-285.3594	-260.2988	161.9218	7.117439	-689.7544	-107.4733	-67.97156	490.0356	46.26334	-17.08185	-6.049822	-5.338078	-17.08185	69.39502	27954.77	-31.6726	-4.270463	-6.049822	-6.049822	-17.43772	-4.626335	-8.185054	-5.338078	-17.08185	-4.626335	-8.185054
23.29	87.18861	914.6406	-560.2988	261.9218	7.117439	-2089.754	-207.4733	532.0284	-409.9644	46.26334	-17.08185	-6.049822	-5.338078	-17.08185	8370.395	-356.2278	-31.6726	-4.270463	193.9502	-6.049822	-17.43772	-4.626335	-8.185054	-5.338078	-17.08185	-4.626335	-8.185054
23.58	-12.81139	1314.641	-460.2988	361.9218	-92.88256	-288.7544	-907.4733	-367.9716	490.0356	-53.73666	-17.08185	-6.049822	-5.338078	-17.08185	-130.605	43.77225	68.3274	-4.270463	-6.049822	-6.049822	-17.43772	-4.626335	-8.185054	-5.338078	-17.08185	-4.626335	-8.185054
23.86	-12.81139	714.6406	-560.2988	661.9218	7.117439	-1889.754	-807.4733	132.0284	190.0356	-53.73666	-17.08185	-6.049822	-5.338078	-17.08185	-130.605	143.7722	-31.6726	-4.270463	-6.049822	-6.049822	-17.43772	-4.626335	-8.185054	-5.338078	-17.08185	-4.626335	-8.185054
24.15	-12.81139	-285.3594	-761.2988	261.9218	7.117439	-989.7544	692.5267	-267.9716	290.0356	46.26334	-17.08185	-6.049822	-5.338078	-17.08185	-130.605	43.77225	168.3274	-4.270463	-6.049822	-6.049822	-17.43772	-4.626335	-8.185054	-5.338078	-17.08185	-4.626335	-8.185054
24.43	-12.81139	-85.35938	39.70117	-438.0782	107.1174	-1689.754	292.5267	132.0284	490.0356	-53.73666	-17.08185	-6.049822	-5.338078	82.91815	69.39502	-56.22775	-31.6726	-4.270463	93.95018	-6.049822	-17.43772	-4.626335	-8.185054	-5.338078	82.91815	-4.626335	-8.185054
24.72	-12.81139	1014.641	-260.2988	61.92175	107.1174	-2289.754	192.5267	-367.9716	190.0356	46.26334	-17.08185	-6.049822	-5.338078	-17.08185	-30.60498	59013.77	-31.6726	-4.270463	-6.049822	-6.049822	-17.43772	-4.626335	-8.185054	-5.338078	-17.08185	-4.626335	-8.185054
25	-12.81139	-485.3594	-861.2988	-338.0782	107.1174	-1489.754	392.5267	-367.9716	-109.9644	-53.73666	-17.08185	-6.049822	-5.338078	-17.08185	-130.605	643.7722	-31.6726	-4.270463	-6.049822	-6.049822	82.56228	-4.626335	91.81495	-5.338078	-17.08185	-4.626335	91.81495
25.29	-12.81139	1514.641	-761.2988	-738.0782	-92.88256	-989.7544	-307.4733	32.02844	-109.9644	-53.73666	-17.08185	-6.049822	-5.338078	-17.08185	-30.60498	143.7722	-31.6726	-4.270463	-6.049822	-6.049822	-17.43772	-4.626335	-8.185054	-5.338078	-17.08185	-4.626335	-8.185054
25.57	-12.81139	1414.641	-1561.299	-338.0782	-92.88256	-288.7544	-507.4733	-167.9716	-309.9644	-53.73666	-17.08185	-6.049822	-5.338078	-17.08185	-30.60498	43.77225	168.3274	-4.270463	-6.049822	-6.049822	-17.43772	-4.626335	-8.185054	-5.338078	-17.08185	-4.626335	-8.185054
25.86	-12.81139	1114.641	-861.2988	-138.0782	7.117439	-1589.754	192.5267	-67.97156	290.0356	-53.73666	-17.08185	-6.049822	-5.338078	-17.08185	-30.60498	-56.22775	68.3274	-4.270463	-6.049822	-6.049822	-17.43772	-4.626335	91.81495	-5.338078	-17.08185	-4.626335	91.81495
26.14	-12.81139	-285.3594	-360.2988	161.9218	7.117439	211.2456	-407.4733	232.0284	90.03564	-53.73666	-17.08185	-6.049822	-5.338078	-17.08185	69.39502	-156.2278	-31.6726	-4.270463	-6.049822	-6.049822	82.56228	-4.626335	-8.185054	-5.338078	-17.08185	-4.626335	-8.185054
26.43	87.18861	-1586.359	-1161.299	-138.0782	-92.88256	-1589.754	-7.473267	-267.9716	-109.9644	-53.73666	82.91815	-6.049822	-5.338078	-17.08185	-130.605	343.7722	-31.6726	-4.270463	-6.049822	-6.049822	-17.43772	-4.626335	-8.185054	-5.338078	-17.08185	-4.626335	-8.185054
26.72	-12.81139	-885.3594	-761.2988	161.9218	-92.88256	-1489.754	92.52673	-267.9716	190.0356	-53.73666	-17.08185	-6.049822	-5.338078	-17.08185	-30.60498	243.7722	-31.6726	-4.270463	-6.049822	-6.049822	-17.43772	-4.626335	-8.185054	-5.338078	-17.08185	-4.626335	-8.185054
27	-12.81139	1014.641	-60.29883	361.9218	7.117439	-1589.754	292.5267	232.0284	-209.9644	-53.73666	-17.08185	-6.049822	-5.338078	-17.08185	-30.60498	66031.77	-31.6726	-4.270463	-6.049822	-6.049822	-17.43772	-4.626335	-8.185054	-5.338078	-17.08185	-4.626335	-8.185054
27.29	-12.81139	-185.3594	-1161.299	361.9218	7.117439	-1289.754	392.5267	132.0284	590.0356	146.2633	-17.08185	-6.049822	-5.338078	-17.08185	-30.60498	-156.2278	-31.6726	-4.270463	93.95018	-6.049822	-17.43772	-4.626335	-8.185054	-5.338078	-17.08185	-4.626335	-8.185054
27.57	-12.81139	-785.3594	739.7012	-238.0782	-92.88256	-989.7544	-407.4733	-267.9716	-9.964355	146.2633	-17.08185	-6.049822	-5.338078	-17.08185	14874.39	-56.22775	-31.6726	-4.270463	93.95018	-6.049822	-17.43772	-4.626335	-8.185054	-5.338078	-17.08185	-4.626335	-8.185054
27.85	-12.81139	1814.641	139.7012	261.9218	307.1174	-1289.754	-7.473267	32.02844	90.03564	-53.73666	-17.08185	-6.049822	-5.338078	-17.08185	-130.605	-56.22775	-31.6726	-4.270463	-6.049822	-6.049822	-17.43772	-4.626335	-8.185054	-5.338078	-17.08185	-4.626335	-8.185054
28.14	-12.81139	914.6406	-1661.299	561.9218	7.117439	-288.7544	-607.4733	-667.9716	690.0356	-53.73666	-17.08185	-6.049822	-5.338078	-17.08185	69.39502	143.7722	-31.6726	-4.270463	-6.049822	-6.049822	-17.43772	-4.626335	-8.185054	-5.338078	-17.08185	-4.626335	-8.185054
28.42	87.18861	1414.641	-460.2988	-238.0782	-92.88256	-789.7544	-207.4733	32.02844	-709.9644	-53.73666	-17.08185	-6.049822	-5.338078	-17.08185	-130.605	243.7722	-31.6726	-4.270463	-6.049822	-6.049822	-17.43772	-4.626335	-8.185054	-5.338078	-17.08185	-4.626335	-8.185054
28.71	-12.81139	514.6406	-1661.299	-238.0782	-92.88256	-588.7544	492.5267	32.02844	790.0356	-53.73666	82.91815	-6.049822	-5.338078	-17.08185	169.395	-156.2278	-31.6726	-4.270463	-6.049822	-6.049822	-17.43772	-4.626335	-8.185054	-5.338078	-17.08185	-4.626335	-8.185054
28.99	-12.81139	-185.3594	239.7012	161.9218	-92.88256	-1689.754	792.5267	-267.9716	-609.9644	-53.73666	-17.08185	-6.049822	-5.338078	-17.08185	-130.605	-156.2278	-31.6726	-4.270463	-6.049822	-6.049822	-17.43772	-4.626335	91.81495	-5.338078	-17.08185	-4.626335	91.81495
29.28	-12.81139	514.6406	-160.2988	61.92175	-92.88256	-1389.754	-607.4733	32.02844	90.03564	-53.73666	-17.08185	-6.049822	-5.338078	-17.08185	-130.605	-56.22775	-31.6726	-4.270463	-6.049822	-6.049822	-17.43772	-4.626335	91.81495	-5.338078	-17.08185	-4.626335	91.81495
29.56	-12.81139	214.6406	-60.29883	-238.0782	-92.88256	-789.7544	-307.4733	32.02844	390.0356	-53.73666	-17.08185	-6.049822	-5.338078	-17.08185	69.39502	43.77225	-31.6726	-4.270463	-6.049822	-6.049822	-17.43772	-4.626335	-8.185054	-5.338078	-17.08185	-4.626335	-8.185054
29.85	87.18861	-885.3594	739.7012	-138.0782	7.117439	-2389.754	292.5267	32.02844	-209.9644	-53.73666	-17.08185	-6.049822	-5.338078	-17.08185	-30.60498	10545.77	-31.6726	-4.270463	-6.049822	-6.049822	-17.43772	-4.626335	-8.185054	-5.338078	-17.08185	-4.626335	-8.185054
30.14	-12.81139	814.6406	-560.2988	361.9218	7.117439	-1789.754	192.5267	432.0284	-209.9644	-53.73666	82.91815	-6.049822	-5.338078	-17.08185	169.395	-56.22775	-31.6726	-4.270463	-6.049822	-6.049822	-17.43772	-4.626335	-8.185054	-5.338078	-17.08185	-4.626335	-8.185054
30.42	-12.81139	-185.3594	-1061.299	261.9218	-92.88256	-889.7544	-707.4733	-67.97156	190.0356	-53.73666	-17.08185	-6.049822	-5.338078	-17.08185	-130.605	-56.22775	-31.6726	-4.270463	-6.049822	-6.049822	-17.43772	-4.626335	-8.185054	-5.338078	-17.08185	-4.626335	-8.185054
30.7	-12.81139	614.6406	-560.2988	-38.07825	-92.88256	-1189.754	-207.4733	-67.97156	190.0356	-53.73666	-17.08185	-6.049822	-5.338078	82.91815	-30.60498	-256.2278	-31.6726	-4.270463	-6.049822	-6.049822	-17.43772	-4.626335	-8.185054	-5.338078	82.91815	-4.626335	-8.185054
30.99	87.18861	14.64062	239.7012	-338.0782	107.1174	-1089.754	192.5267	-167.9716	-409.9644	-53.73666	82.91815	-6.049822	-5.338078	-17.08185	21478.39	22954.77	68.3274	-4.270463	-6.049822	-6.049822	82.56228	95.37366	91.81495	-5.338078	-17.08185	95.37366	91.81495
31.28	87.18861	620372.6	-560.2988	361.9218	707.1174	9515.246	103815.5	432.0284	-209.9644	846.2634	1082.918	93.95018	-5.338078	-17.08185	612382.4	1882794	-31.6726	-4.270463	293.9502	1293.95	1282.562	-4.626335	91.81495	-5.338078	-17.08185	-4.626335	91.81495
31.56	387.1886	3391994	-1461.299	261.9218	207.1174	27532.25	285838.5	232.0284	490.0356	2146.263	2182.918	93.95018	-5.338078	-17.08185	451105.4	1121879	-31.6726	195.7295	-6.049822	793.9502	782.5623	-4.626335	91.81495	-5.338078	-17.08185	-4.626335	91.81495
31.85	687.1886	4854026	1339.701	461.9218	707.1174	38850.25	341535.5	132.0284	990.0356	2846.263	2582.918	493.9502	-5.338078	-17.08185	299757.4	769517.8	168.3274	-4.270463	193.9502	993.9502	1682.562	195.3737	491.8149	-5.338078	-17.08185	195.3737	491.8149
32.13	187.1886		839.7012	661.9218	407.1174	54783.25	516002.5	-267.9716	-709.9644	4446.263	5183.918	693.9502	-5.338078	82.91815	285390.4	849755.8	-31.6726	95.72954	93.95018	893.9502	1882.562	95.37366	591.8149	-5.338078	82.91815	95.37366	591.8149
32.42	187.1886		639.7012	461.9218	507.1174	66314.24	571289.5	-267.9716	-109.9644	3846.263	3782.918	393.9502	94.66192	-17.08185	235171.4	641683.8	168.3274	195.7295	393.9502	1193.95	782.5623	-4.626335	491.8149	94.66192	-17.08185	-4.626335	491.8149
32.7	-12.81139		2940.701	1161.922	807.1174	80057.24	592884.5	-67.97156	90.03564	4546.263	5683.918	793.9502	-5.338078	-17.08185	215999.4	671963.8	-31.6726	195.7295	293.9502	793.9502	1682.562	195.3737	891.8149	-5.338078	-17.08185	195.3737	891.8149
32.99	87.18861		1739.701	1161.922	1107.117	76545.24	604765.5	132.0284	-509.9644	4746.263	4982.918	593.9502	94.66192	82.91815	306943.4	661900.8	-31.6726	395.7295	493.9502	793.9502	982.5623	395.3737	291.8149	94.66192	82.91815	395.3737	291.8149
33.27	87.18861		739.7012	1661.922	707.1174	72933.24	602921.5	-167.9716	390.0356	4446.263	5583.918	693.9502	-5.338078	-17.08185	195834.4	572328.8	-31.6726	195.7295	-6.049822	493.9502	582.5623	-4.626335	791.8149	-5.338078	-17.08185	-4.626335	791.8149
33.56	187.1886		2239.701	161.9218	307.1174	75241.24	627927.5	-167.9716	90.03564	3646.263	5083.918	393.9502	-5.338078	-17.08185	237493.4	563327.8	168.3274	95.72954	293.9502	1093.95	882.5623	395.3737	491.8149	-5.338078	-17.08185	395.3737	491.8149
33.85	587.1886		1139.701	761.9218	507.1174	84272.24	600667.5	432.0284	290.0356	4146.263	4682.918	593.9502	394.6619	82.91815	204301.4	551741.8	68.3274	295.7295	393.9502	693.9502	1282.562	-4.626335	391.8149	394.6619	82.91815	-4.626335	391.8149
34.13	87.18861		2539.701	261.9218	607.1174	73836.24	629773.5	132.0284	-509.9644	5047.263	5983.918	1193.95	94.66192	-17.08185	198253.4	582868.8	68.3274	395.7295	593.9502	293.9502	1082.562	95.37366	391.8149	94.66192	-17.08185	95.37366	391.8149
34.42	287.1886		939.7012	1261.922	907.1174	78451.24	767451.5	-167.9716	-409.9644	5447.263	4882.918	593.9502	-5.338078	-17.08185	215293.4	613488.8	68.3274	695.7296	-6.049822	693.9502	1382.562	95.37366	391.8149	-5.338078	-17.08185	95.37366	391.8149
34.71	487.1886		2239.701	1661.922	707.1174	83970.24	798090.5	132.0284	490.0356	6847.263	6983.918	593.9502	94.66192	-17.08185	211375.4	665003.8	-31.6726	195.7295	293.9502	1093.95	1982.562	-4.626335	691.8149	94.66192	-17.08185	-4.626335	691.8149
35	287.1886		1439.701	961.9218	207.1174	81863.24	796439.5	32.02844	-109.9644	5947.263	6083.918	793.9502	94.66192	82.91815	310083.4	711434.8	-31.6726	395.7295	693.9502	493.9502	1682.562	195.3737	291.8149	94.66192	82.91815	195.3737	291.8149
35.29	387.1886		1539.701	361.9218	507.1174	91699.24	740762.5	232.0284	-109.9644	6047.263	6183.918	593.9502	94.66192	-17.08185	279524.4	832592.8	268.3274	195.7295	93.95018	2093.95	1282.562	-4.626335	491.8149	94.66192	-17.08185	-4.626335	491.8149
35.58	-12.81139		2940.701	161.9218	507.1174	88587.24	727170.5	32.02844	490.0356	6047.263	7183.918	1093.95	-5.338078	-17.08185	394691.4	1174725	68.3274	95.72954	193.9502	3793.95	982.5623	295.3737	191.8149	-5.338078	-17.08185	295.3737	191.8149
35.87	487.1886		1139.701	961.9218	507.1174	92804.24	777660.5	-167.9716	-109.9644	5747.263	8183.918	1293.95	94.66192	-17.08185	1664062	4447187	68.3274	195.7295	193.9502	35719.95	682.5623	95.37366	491.8149	94.66192	-17.08185	95.37366	491.8149
36.16	1987.189		839.7012	1461.922	1207.117	86580.24	753433.5	-67.97156	590.0356	8047.263	9184.918	1793.95	-5.338078	82.91815	4797132	1.475179e+07	268.3274	295.7295	393.9502	124202	1582.562	-4.626335	791.8149	-5.338078	82.91815	-4.626335	791.8149
36.45	5588.188		2039.701	4362.922	2407.117	96318.24	766008.5	-167.9716	290.0356	6947.263	9284.918	3293.95	-5.338078	182.9182	9911986	3.043637e+07	268.3274	495.7295	193.9502	214813	2582.562	295.3737	1391.815	-5.338078	182.9182	295.3737	1391.815
36.73	6388.188		2239.701	3261.922	2607.117	94611.24	769719.5	532.0284	990.0356	7747.263	11685.92	4893.95	-5.338078	282.9182	1.659223e+07	5.056705e+07	668.3274	495.7295	693.9502	252159	5383.562	95.37366	2291.815	-5.338078	282.9182	95.37366	2291.815
37.02	7988.188		3840.701	8163.922	6208.118	95414.24	802116.5	332.0284	790.0356	8547.264	18689.92	3993.95	-5.338078	282.9182	3.462954e+07	9.237798e+07	668.3274	995.7296	93.95018	211081	6783.562	-4.626335	1591.815	-5.338078	282.9182	-4.626335	1591.815
37.3	8088.188		2539.701	15667.92	7008.118	87784.24	712866.5	232.0284	1490.036	10048.26	27497.92	3793.95	194.6619	782.9182	4.989795e+07	1.283379e+08	468.3274	1195.729	593.9502	158596	7383.562	195.3737	1891.815	194.6619	782.9182	195.3737	1891.815
37.59	9589.188		3640.701	22472.92	6908.118	68219.24	585513.5	432.0284	2690.036	14250.26	32603.92	2593.95	94.66192	582.9182	6.82784e+07	1.50188e+08	568.3274	2495.729	93.95018	116766	11485.56	-4.626335	891.8149	94.66192	582.9182	-4.626335	891.8149
37.87	9389.188		4640.701	25175.92	12110.12	49872.25	473979.5	1432.028	2190.036	13650.26	37310.92	1193.95	-5.338078	1182.918	9.062874e+07	2.042668e+08	768.3274	2195.729	393.9502	99591.95	9184.562	395.3737	991.8149	-5.338078	1182.918	395.3737	991.8149
38.16	7988.188	4498794	3840.701	26977.92	11510.12	57590.25	336162.5	2332.028	3691.036	14050.26	40915.92	1393.95	94.66192	982.9182	1.057766e+08	3.084351e+08	468.3274	1695.729	393.9502	73100.95	12585.56	-4.626335	991.8149	94.66192	982.9182	-4.626335	991.8149
38.45	8689.188	3687426	4540.701	32584.92	13010.12	30436.25	266728.5	1632.028	990.0356	14550.26	39714.92	1093.95	-5.338078	1282.918	1.094972e+08	2.663645e+08	868.3274	1895.729	293.9502	59764.95	11084.56	95.37366	891.8149	-5.338078	1282.918	95.37366	891.8149
38.73	5588.188	2916100	3040.701	46606.92	10709.12	25730.25	227237.5	3232.028	3090.036	16852.26	40214.92	793.9502	-5.338078	2382.918	1.228128e+08	3.344805e+08	1368.327	1095.729	493.9502	46536.95	12785.56	-4.626335	2391.815	-5.338078	2382.918	-4.626335	2391.815
39.02	4587.188	2599720	2739.701	64647.92	7208.118	22626.25	227338.5	1232.028	2090.036	20054.26	40315.92	893.9502	94.66192	2182.918	1.230901e+08	2.944112e+08	2368.327	1495.729	493.9502	43431.95	12785.56	95.37366	3791.815	94.66192	2182.918	95.37366	3791.815
39.3	2587.189	1760093	4740.701	87518.92	5608.118	17321.25	199298.5	2832.028	3491.036	23757.26	44622.92	393.9502	94.66192	2582.918	1.246377e+08	3.264664e+08	1768.327	1595.729	393.9502	37621.95	9684.562	95.37366	3691.815	94.66192	2582.918	95.37366	3691.815
39.59	2287.189	1587238	4040.701	104082.9	4107.118	17921.25	175318.5	2032.028	3891.036	28262.26	46625.92	593.9502	-5.338078	2882.918	1.225355e+08	3.224594e+08	3868.327	1595.729	393.9502	56858.95	11185.56	195.3737	3991.815	-5.338078	2882.918	195.3737	3991.815
39.88	1687.189	1557867	3740.701	134930.9	7208.118	13017.25	133156.5	1932.028	3791.036	30164.26	49431.92	93.95018	-5.338078	3382.918	1.324734e+08	3.605274e+08	3768.327	995.7296	-6.049822	39925.95	12685.56	195.3737	5392.815	-5.338078	3382.918	195.3737	5392.815
40.16	1787.189	1087430	2239.701	140460.9	3307.117	10315.25	132553.5	2732.028	4691.036	33268.26	51335.92	193.9502	-5.338078	4082.918	1.232069e+08	3.444984e+08	4368.328	1895.729	393.9502	38923.95	14486.56	195.3737	4991.815	-5.338078	4082.918	195.3737	4991.815
40.45	1787.189	780402.6	2839.701	162695.9	2607.117	4912.246	111248.5	3032.028	4091.036	34169.26	63362.92	-6.049822	-5.338078	4082.918	1.336883e+08	3.424948e+08	3668.327	2495.729	293.9502	40626.95	14987.56	-4.626335	6092.815	-5.338078	4082.918	-4.626335	6092.815
40.73	787.1886	931689.6	4740.701	179108.9	1807.117	5412.246	106225.5	2432.028	4091.036	39978.26	66270.92	93.95018	-5.338078	4882.918	1.262736e+08	3.424948e+08	5169.328	1995.729	293.9502	36019.95	14786.56	-4.626335	6992.815	-5.338078	4882.918	-4.626335	6992.815
41.02	887.1886	553718.6	4540.701	183842.9	1707.117	2911.246	88957.52	1932.028	3991.036	37474.26	67172.92	93.95018	-5.338078	3582.918	1.311858e+08	3.865756e+08	4368.328	3195.729	93.95018	35518.95	10084.56	95.37366	5292.815	-5.338078	3582.918	95.37366	5292.815
41.31	1987.189	560365.6	2639.701	221346.9	1307.117	4612.246	88856.52	2532.028	3491.036	38876.26	85528.92	-6.049822	-5.338078	3782.918	1.288897e+08	3.404912e+08	4268.328	4495.729	-6.049822	33616.95	12985.56	-4.626335	4891.815	-5.338078	3782.918	-4.626335	4891.815
41.59	2687.189	382007.6	3940.701	280942.9	1307.117	2811.246	75010.52	2332.028	3891.036	34670.26	92252.92	193.9502	-5.338078	3982.918	1.320051e+08	3.68542e+08	3268.327	5996.729	-6.049822	32114.95	11885.56	-4.626335	3291.815	-5.338078	3982.918	-4.626335	3291.815
41.88	4387.188	358456.6	3940.701	318287.9	1407.117	3312.246	64380.53	1832.028	3991.036	31266.26	114845.9	493.9502	-5.338078	3482.918	1.338494e+08	3.985982e+08	2768.327	8296.729	-6.049822	31313.95	12385.56	-4.626335	2891.815	-5.338078	3482.918	-4.626335	2891.815
42.16	3887.189	274482.6	4340.701	315553.9	2107.117	1111.246	61673.53	2332.028	3991.036	24758.26	110526.9	393.9502	-5.338078	3582.918	1.193002e+08	4.086173e+08	2768.327	8096.729	93.95018	32214.95	12885.56	-4.626335	4191.815	-5.338078	3582.918	-4.626335	4191.815
42.45	4887.188	272561.6	3740.701	334396.9	5608.118	511.2456	42231.53	3132.028	5391.036	18453.26	121075.9	293.9502	-5.338078	3382.918	1.374967e+08	3.945906e+08	3368.327	8096.729	93.95018	32013.95	13986.56	-4.626335	2491.815	-5.338078	3382.918	-4.626335	2491.815
42.74	5088.188	163891.6	1739.701	299254.9	9009.117	511.2456	50447.53	2032.028	2290.036	20655.26	115046.9	493.9502	-5.338078	2082.918	1.349622e+08	3.665384e+08	2168.327	8396.729	-6.049822	24505.95	12085.56	95.37366	3291.815	-5.338078	2082.918	95.37366	3291.815
43.02	6488.188	174263.6	3840.701	270932.9	13811.12	2511.246	29612.53	932.0284	4091.036	15851.26	109521.9	93.95018	-5.338078	1982.918	1.382149e+08	3.344805e+08	2668.327	5796.729	-6.049822	23704.95	13786.56	-4.626335	2391.815	-5.338078	1982.918	-4.626335	2391.815
43.31	6788.188	125661.6	2239.701	208132.9	18214.12	1611.246	19301.53	2232.028	2890.036	13850.26	99279.92	293.9502	-5.338078	1182.918	1.356066e+08	3.745531e+08	2468.327	6796.729	93.95018	20601.95	14286.56	-4.626335	1991.815	-5.338078	1182.918	-4.626335	1991.815
43.59	9889.188	133805.6	2539.701	169843.9	33730.12	511.2456	20302.53	3132.028	3891.036	10948.26	90546.92	193.9502	-5.338078	1082.918	1.362659e+08	3.765569e+08	1268.327	4695.729	-6.049822	15298.95	18189.56	-4.626335	1391.815	-5.338078	1082.918	-4.626335	1391.815
43.88	10889.19	103353.6	3740.701	131511.9	45649.12	2511.246	20902.53	2232.028	4691.036	8948.264	85026.92	293.9502	94.66192	1482.918	1.359582e+08	3.865756e+08	1168.327	4195.729	-6.049822	12296.95	26096.56	-4.626335	3091.815	94.66192	1482.918	-4.626335	3091.815
44.17	14891.19	150303.6	3740.701	128295.9	60380.12	911.2456	16999.53	2032.028	4491.036	6347.263	87736.92	293.9502	94.66192	582.9182	1.328539e+08	4.146289e+08	868.3274	3395.729	193.9502	15098.95	21591.56	-4.626335	1691.815	94.66192	582.9182	-4.626335	1691.815
44.45	14191.19	108376.6	1239.701	106994.9	53765.12	-288.7544	16899.53	2132.028	4591.036	7447.263	77602.92	293.9502	-5.338078	882.9182	1.339811e+08	3.68542e+08	1368.327	4095.729	-6.049822	15798.95	20891.56	-4.626335	2491.815	-5.338078	882.9182	-4.626335	2491.815
44.74	13891.19	98031.64	4840.701	110208.9	58175.12	-288.7544	12096.53	3732.028	4291.036	8748.264	79809.92	693.9502	94.66192	1082.918	1.381269e+08	3.525128e+08	868.3274	3495.729	193.9502	17399.95	20190.56	-4.626335	1991.815	94.66192	1082.918	-4.626335	1991.815
45.02	15292.19	66419.64	2739.701	108199.9	47552.12	-689.7544	16699.53	2532.028	5691.036	11549.26	72487.92	193.9502	-5.338078	1782.918	1.392997e+08	3.805643e+08	2168.327	3095.729	-6.049822	24105.95	16888.56	-4.626335	1791.815	-5.338078	1782.918	-4.626335	1791.815
45.31	14591.19	42661.64	3140.701	97957.92	47452.12	11.24561	15998.53	2932.028	4091.036	14550.26	62460.92	593.9502	-5.338078	682.9182	1.405316e+08	3.885793e+08	2168.327	2695.729	-6.049822	28709.95	15187.56	-4.626335	2491.815	-5.338078	682.9182	-4.626335	2491.815
45.6	16793.19	82671.64	4540.701	105186.9	45749.12	-1189.754	17900.53	2432.028	4291.036	18653.26	55544.92	193.9502	-5.338078	1782.918	1.335273e+08	3.32477e+08	868.3274	2795.729	93.95018	28910.95	16588.56	-4.626335	1991.815	-5.338078	1782.918	-4.626335	1991.815
45.88	14391.19	88493.64	2339.701	90027.92	44747.12	-388.7544	16599.53	2132.028	3691.036	17752.26	53640.92	193.9502	-5.338078	1482.918	1.266827e+08	3.645347e+08	1268.327	1895.729	-6.049822	38823.95	13986.56	-4.626335	1391.815	-5.338078	1482.918	-4.626335	1391.815
46.17	17193.19	22329.64	2539.701	90629.92	45949.12	411.2456	27910.53	2932.028	5191.036	17052.26	56245.92	193.9502	-5.338078	1482.918	1.40649e+08	3.424948e+08	1068.327	1895.729	93.95018	44132.95	14987.56	-4.626335	1691.815	-5.338078	1482.918	-4.626335	1691.815
46.46	17193.19	34046.64	2639.701	79190.92	47152.12	-1189.754	20102.53	4132.028	4191.036	16752.26	46525.92	193.9502	-5.338078	1082.918	1.464916e+08	4.166328e+08	868.3274	2295.729	193.9502	50544.95	12785.56	95.37366	1491.815	-5.338078	1082.918	95.37366	1491.815
46.74	18194.19	24532.64	3440.701	74074.92	44547.12	-689.7544	15298.53	3432.028	2190.036	16852.26	46225.92	93.95018	-5.338078	1082.918	1.370424e+08	3.62531e+08	968.3274	2295.729	-6.049822	52749.95	12885.56	-4.626335	1391.815	-5.338078	1082.918	-4.626335	1391.815
47.03	20495.19	65215.64	2139.701	68959.92	51661.12	-588.7544	14698.53	2932.028	1390.036	16351.26	46625.92	293.9502	-5.338078	1082.918	1.332784e+08	3.62531e+08	668.3274	2195.729	193.9502	49943.95	13185.56	-4.626335	1091.815	-5.338078	1082.918	-4.626335	1091.815
47.31	25400.19	13721.64	2339.701	62943.92	63087.12	-1389.754	14097.53	2732.028	2590.036	15651.26	47627.92	393.9502	-5.338078	482.9182	1.425417e+08	3.90583e+08	868.3274	2295.729	-6.049822	48240.95	12185.56	-4.626335	1191.815	-5.338078	482.9182	-4.626335	1191.815
47.6	23098.19	14121.64	1339.701	58331.92	60079.12	-1389.754	12496.53	2032.028	2690.036	10048.26	43320.92	493.9502	-5.338078	1282.918	1.36471e+08	3.885793e+08	1068.327	3095.729	-6.049822	34216.95	11585.56	-4.626335	991.8149	-5.338078	1282.918	-4.626335	991.8149
47.89	22197.19	12220.64	2940.701	46506.92	62686.12	-1289.754	9695.526	1832.028	4991.036	11249.26	43420.92	393.9502	-5.338078	1382.918	1.320198e+08	3.68542e+08	968.3274	995.7296	193.9502	31713.95	14586.56	-4.626335	1191.815	-5.338078	1382.918	-4.626335	1191.815
48.17	26501.19	11019.64	2639.701	42198.92	63588.12	611.2456	7494.527	3232.028	2190.036	10448.26	38712.92	93.95018	-5.338078	282.9182	1.247253e+08	3.605274e+08	568.3274	2195.729	93.95018	25606.95	13085.56	-4.626335	891.8149	-5.338078	282.9182	-4.626335	891.8149
48.46	25000.19	47671.64	3340.701	33986.92	68300.12	-1089.754	8494.526	3332.028	3090.036	8848.264	41216.92	-6.049822	-5.338078	582.9182	1.372769e+08	3.945906e+08	768.3274	1895.729	-6.049822	21402.95	12185.56	-4.626335	1391.815	-5.338078	582.9182	-4.626335	1391.815
48.74	24199.19	10719.64	2839.701	36089.92	68902.12	-889.7544	7494.527	932.0284	3190.036	7547.263	38211.92	193.9502	-5.338078	482.9182	1.273402e+08	3.46502e+08	968.3274	1895.729	193.9502	18300.95	9984.562	95.37366	591.8149	-5.338078	482.9182	95.37366	591.8149
49.03	24699.19	14522.64	2039.701	32984.92	68401.12	-2389.754	7994.527	1732.028	4391.036	7747.263	43019.92	193.9502	-5.338078	682.9182	1.257769e+08	3.224594e+08	868.3274	1595.729	293.9502	20702.95	12585.56	-4.626335	491.8149	-5.338078	682.9182	-4.626335	491.8149
49.32	20896.19	107472.6	2639.701	42699.92	66796.12	-1689.754	8794.526	2132.028	2790.036	11149.26	49431.92	393.9502	-5.338078	1082.918	1.414852e+08	4.046097e+08	1168.327	4095.729	193.9502	20301.95	14786.56	95.37366	791.8149	-5.338078	1082.918	95.37366	791.8149
49.6	23098.19	23331.64	1939.701	47909.92	59478.12	-889.7544	12496.53	2332.028	3991.036	15651.26	49431.92	593.9502	-5.338078	882.9182	1.407516e+08	4.066135e+08	868.3274	2195.729	-6.049822	24805.95	13486.56	-4.626335	1591.815	-5.338078	882.9182	-4.626335	1591.815
49.89	21396.19	30340.64	3740.701	58231.92	58776.12	-889.7544	12496.53	2732.028	4991.036	13149.26	52738.92	93.95018	-5.338078	882.9182	1.384348e+08	3.985982e+08	868.3274	2595.729	193.9502	27608.95	12685.56	295.3737	1191.815	-5.338078	882.9182	295.3737	1191.815
50.17	17593.19	23030.64	4340.701	62742.92	46751.12	-789.7544	15698.53	3132.028	4791.036	17752.26	57749.92	193.9502	-5.338078	882.9182	1.394464e+08	4.166328e+08	1568.327	2595.729	-6.049822	31313.95	11485.56	-4.626335	1691.815	-5.338078	882.9182	-4.626335	1691.815
50.46	14992.19	46369.64	2739.701	77384.92	42143.12	-388.7544	19701.53	2132.028	4891.036	17452.26	61057.92	193.9502	-5.338078	1382.918	1.42982e+08	3.645347e+08	1068.327	3195.729	193.9502	34417.95	11785.56	-4.626335	1591.815	-5.338078	1382.918	-4.626335	1591.815
50.74	14992.19	34246.64	3240.701	105789.9	38737.12	-1089.754	28210.53	1932.028	3491.036	23457.26	69980.92	393.9502	-5.338078	1082.918	1.372329e+08	3.805643e+08	2268.327	3395.729	193.9502	33816.95	11585.56	-4.626335	2091.815	-5.338078	1082.918	-4.626335	2091.815
51.03	9889.188	24933.64	3240.701	117341.9	29525.12	1211.246	31614.53	3432.028	4491.036	24258.26	71384.92	-6.049822	-5.338078	2082.918	1.42571e+08	3.605274e+08	3068.327	4795.729	193.9502	37721.95	12685.56	-4.626335	3791.815	-5.338078	2082.918	-4.626335	3791.815
51.32	9489.188	30140.64	3040.701	142975.9	20215.12	-288.7544	30213.53	3032.028	3290.036	27161.26	78405.92	93.95018	-5.338078	2082.918	1.423802e+08	3.565201e+08	2668.327	3795.729	-6.049822	35118.95	13886.56	-4.626335	2891.815	-5.338078	2082.918	-4.626335	2891.815
51.6	8588.188	52081.64	2439.701	146093.9	18914.12	-1389.754	33317.53	2132.028	2990.036	31165.26	78204.92	193.9502	-5.338078	1782.918	1.373794e+08	3.745531e+08	3568.327	2895.729	93.95018	41327.95	12485.56	-4.626335	4591.815	-5.338078	1782.918	-4.626335	4591.815
51.89	6588.188	29539.64	3040.701	158871.9	18114.12	-789.7544	35420.53	3932.028	3390.036	34670.26	83321.92	93.95018	-5.338078	1782.918	1.390798e+08	3.68542e+08	3168.327	2395.729	93.95018	38523.95	17488.56	-4.626335	4491.815	-5.338078	1782.918	-4.626335	4491.815
52.18	8989.188	26234.64	2940.701	152934.9	12310.12	-1489.754	35720.53	1832.028	3691.036	38275.26	87033.92	-6.049822	-5.338078	2682.918	1.333516e+08	3.62531e+08	4268.328	3895.729	93.95018	35218.95	13085.56	-4.626335	5392.815	-5.338078	2682.918	-4.626335	5392.815
52.46	4587.188	26635.64	2039.701	170246.9	8809.117	-588.7544	39526.53	2332.028	3691.036	40579.26	84224.92	-6.049822	94.66192	3482.918	1.277202e+08	4.106212e+08	2568.327	4295.729	93.95018	39624.95	14886.56	-4.626335	4991.815	94.66192	3482.918	-4.626335	4991.815
52.75	3487.189	102650.6	3040.701	190492.9	7308.118	-588.7544	42331.53	2032.028	3090.036	39678.26	89743.92	-6.049822	-5.338078	3082.918	1.346107e+08	3.184524e+08	4668.328	4195.729	193.9502	41628.95	16287.56	-4.626335	5992.815	-5.338078	3082.918	-4.626335	5992.815
53.04	3087.189	30140.64	4640.701	214284.9	5608.118	-1789.754	49044.53	2032.028	2590.036	43083.26	90546.92	93.95018	-5.338078	2982.918	1.350208e+08	3.945906e+08	4368.328	4595.729	193.9502	39023.95	15387.56	-4.626335	6392.815	-5.338078	2982.918	-4.626335	6392.815
53.32	2287.189	28738.64	2639.701	197043.9	4807.118	-1189.754	43734.53	1832.028	3491.036	44786.26	91148.92	-6.049822	-5.338078	3582.918	1.439949e+08	4.046097e+08	4468.328	4295.729	93.95018	39324.95	15387.56	-4.626335	6692.815	-5.338078	3582.918	-4.626335	6692.815
53.61	1987.189	29939.64	1239.701	208838.9	4607.118	-989.7544	51248.53	1932.028	1990.036	46289.26	83622.92	-6.049822	-5.338078	3982.918	1.369984e+08	3.485056e+08	5569.328	3995.729	193.9502	35919.95	14286.56	-4.626335	5292.815	-5.338078	3982.918	-4.626335	5292.815
53.89	2687.189	34647.64	4340.701	201982.9	3907.117	-288.7544	45236.53	2632.028	3090.036	44886.26	79508.92	93.95018	-5.338078	2482.918	1.317417e+08	3.46502e+08	4868.328	2995.729	93.95018	38222.95	13386.56	95.37366	5192.815	-5.338078	2482.918	95.37366	5192.815
54.18	1887.189	25934.64	5140.701	189787.9	3707.117	-1189.754	51649.53	2532.028	3791.036	40479.26	79408.92	93.95018	-5.338078	4282.918	1.357824e+08	3.545164e+08	3668.327	2695.729	-6.049822	37721.95	12685.56	-4.626335	5692.815	-5.338078	4282.918	-4.626335	5692.815
54.46	887.1886	24432.64	3540.701	194825.9	2807.117	-388.7544	44535.53	2632.028	2490.036	42582.26	80010.92	193.9502	-5.338078	4082.918	1.293575e+08	3.745531e+08	5569.328	3095.729	93.95018	43831.95	11185.56	-4.626335	6592.815	-5.338078	4082.918	-4.626335	6592.815
54.75	1087.189	26234.64	2839.701	208737.9	2307.117	11.24561	47541.53	2432.028	3491.036	49395.26	79609.92	193.9502	-5.338078	3982.918	1.363538e+08	3.364841e+08	5569.328	2795.729	193.9502	43230.95	12685.56	-4.626335	4591.815	-5.338078	3982.918	-4.626335	4591.815
55.04	1287.189	25133.64	1339.701	193213.9	2507.117	-288.7544	50246.53	2432.028	3591.036	39277.26	74794.92	-6.049822	-5.338078	4182.918	1.276325e+08	3.46502e+08	3868.327	2795.729	-6.049822	45234.95	12685.56	-4.626335	6092.815	-5.338078	4182.918	-4.626335	6092.815
55.32	1387.189	31642.64	4940.701	175381.9	2207.117	-1389.754	48342.53	1732.028	3190.036	39177.26	70582.92	-6.049822	-5.338078	4582.918	1.301472e+08	3.444984e+08	4068.327	2495.729	-6.049822	49041.95	11785.56	-4.626335	7092.815	-5.338078	4582.918	-4.626335	7092.815
55.61	487.1886	33946.64	2339.701	181525.9	2007.117	-989.7544	49044.53	2032.028	2490.036	40980.26	71785.92	-6.049822	-5.338078	2882.918	1.227836e+08	3.68542e+08	4268.328	2595.729	193.9502	54051.95	14286.56	-4.626335	5392.815	-5.338078	2882.918	-4.626335	5392.815
55.89	787.1886	28838.64	3740.701	182633.9	1207.117	-1589.754	46539.53	2532.028	2790.036	38876.26	72788.92	93.95018	-5.338078	3582.918	1.358557e+08	3.885793e+08	4768.328	1795.729	-6.049822	65679.95	12985.56	-4.626335	6692.815	-5.338078	3582.918	-4.626335	6692.815
56.18	787.1886	27436.64	4040.701	180216.9	1407.117	-1389.754	50347.53	2132.028	3691.036	41581.26	72487.92	93.95018	-5.338078	3882.918	1.346693e+08	3.344805e+08	5269.328	3395.729	93.95018	69991.95	11985.56	-4.626335	6492.815	-5.338078	3882.918	-4.626335	6492.815
56.47	987.1886	65917.64	2439.701	172360.9	1907.117	-1489.754	48342.53	3232.028	2790.036	39477.26	71986.92	-6.049822	-5.338078	2882.918	1.318734e+08	3.525128e+08	5169.328	2195.729	-6.049822	80924.95	15787.56	-4.626335	7592.815	-5.338078	2882.918	-4.626335	7592.815
56.75	387.1886	24232.64	2639.701	162595.9	707.1174	-488.7544	46940.53	3232.028	3891.036	39277.26	67573.92	-6.049822	-5.338078	4082.918	1.318442e+08	3.82568e+08	5369.328	2095.729	193.9502	92765.95	14886.56	-4.626335	6892.815	-5.338078	4082.918	-4.626335	6892.815
57.04	687.1886	24732.64	3440.701	161790.9	807.1174	-1789.754	48443.53	2532.028	3691.036	36373.26	69679.92	-6.049822	-5.338078	3382.918	1.352112e+08	3.745531e+08	5069.328	1495.729	93.95018	92564.95	12085.56	95.37366	5892.815	-5.338078	3382.918	95.37366	5892.815
57.33	687.1886	26234.64	3240.701	153739.9	607.1174	-1089.754	47541.53	1932.028	3891.036	34470.26	62360.92	93.95018	-5.338078	3682.918	1.330003e+08	3.645347e+08	5769.328	1895.729	-6.049822	97583.95	13986.56	-4.626335	6092.815	-5.338078	3682.918	-4.626335	6092.815
57.61	287.1886	28838.64	3240.701	145791.9	907.1174	-1289.754	47040.53	2432.028	3591.036	37574.26	65468.92	-6.049822	-5.338078	2982.918	1.318295e+08	3.364841e+08	4868.328	1995.729	-6.049822	96278.95	11385.56	-4.626335	6792.815	-5.338078	2982.918	-4.626335	6792.815
57.9	187.1886	23531.64	4540.701	135734.9	707.1174	-1789.754	44235.53	2332.028	4091.036	32467.26	63763.92	-6.049822	-5.338078	2182.918	1.322832e+08	4.00602e+08	5369.328	1295.729	193.9502	89754.95	12485.56	-4.626335	4491.815	-5.338078	2182.918	-4.626335	4491.815
58.18	487.1886	24132.64	2739.701	130808.9	707.1174	-288.7544	44235.53	2032.028	3891.036	27862.26	54040.92	293.9502	-5.338078	3382.918	1.274279e+08	3.264664e+08	5269.328	1895.729	93.95018	87847.95	12985.56	-4.626335	5392.815	-5.338078	3382.918	-4.626335	5392.815
58.47	187.1886	22930.64	2839.701	127491.9	707.1174	-1089.754	47841.53	3332.028	3290.036	35371.26	57749.92	93.95018	-5.338078	3782.918	1.317564e+08	3.545164e+08	6269.328	1895.729	-6.049822	91259.95	14286.56	-4.626335	7392.815	-5.338078	3782.918	-4.626335	7392.815
58.76	-12.81139	22730.64	2839.701	125882.9	507.1174	211.2456	44936.53	4433.028	2290.036	30565.26	54341.92	93.95018	-5.338078	2982.918	1.31098e+08	3.785605e+08	4768.328	2195.729	-6.049822	72197.95	10184.56	-4.626335	4691.815	-5.338078	2982.918	-4.626335	4691.815
59.04	387.1886	36450.64	3640.701	112820.9	7.117439	-588.7544	41930.53	2232.028	4191.036	26360.26	47928.92	93.95018	-5.338078	3982.918	1.314199e+08	3.304735e+08	4368.328	895.7296	-6.049822	76309.95	11985.56	-4.626335	3491.815	-5.338078	3982.918	-4.626335	3491.815
59.33	387.1886	23231.64	1539.701	111614.9	707.1174	-1089.754	40227.53	2332.028	2690.036	25659.26	49230.92	93.95018	-5.338078	2182.918	1.310249e+08	3.46502e+08	4568.328	1395.729	-6.049822	61168.95	14386.56	-4.626335	3091.815	-5.338078	2182.918	-4.626335	3091.815
59.61	387.1886	26935.64	3140.701	101973.9	407.1174	-1989.754	39326.53	2932.028	3891.036	25859.26	52637.92	93.95018	-5.338078	1882.918	1.382002e+08	3.805643e+08	4168.328	1295.729	93.95018	57058.95	16087.56	-4.626335	4791.815	-5.338078	1882.918	-4.626335	4791.815
59.9	187.1886	27236.64	2940.701	98760.92	2007.117	-889.7544	37523.53	2732.028	3090.036	21255.26	46826.92	393.9502	-5.338078	2182.918	1.44729e+08	4.386759e+08	3968.327	1795.729	193.9502	51346.95	13586.56	-4.626335	3391.815	-5.338078	2182.918	-4.626335	3391.815
60.19	687.1886	34546.64	1939.701	95949.92	2807.117	-88.75439	34118.53	1132.028	2990.036	22456.26	44722.92	-6.049822	-5.338078	1682.918	1.485638e+08	3.565201e+08	4068.327	1395.729	-6.049822	44633.95	16187.56	-4.626335	2191.815	-5.338078	1682.918	-4.626335	2191.815
60.47	1487.189	98834.64	2940.701	81296.92	3807.117	811.2456	43333.53	2032.028	3090.036	17952.26	40114.92	93.95018	-5.338078	1582.918	1.324588e+08	3.204559e+08	3568.327	995.7296	293.9502	41027.95	14286.56	95.37366	2991.815	-5.338078	1582.918	95.37366	2991.815
60.76	1887.189	377335.6	2039.701	71466.92	5608.118	9415.246	84742.52	2832.028	3090.036	15351.26	40715.92	293.9502	-5.338078	1282.918	1.191803e+08	3.104385e+08	2268.327	1195.729	93.95018	59063.95	10384.56	-4.626335	3391.815	-5.338078	1282.918	-4.626335	3391.815
61.04	2587.189	923179.6	2039.701	62040.92	6508.118	14618.25	131648.5	2432.028	2990.036	15951.26	39814.92	693.9502	-5.338078	1282.918	1.159157e+08	3.104385e+08	2068.327	1295.729	193.9502	62070.95	10784.56	95.37366	2091.815	-5.338078	1282.918	95.37366	2091.815
61.33	3087.189	1413418	2139.701	74876.92	9209.117	17621.25	182772.5	2032.028	2890.036	15051.26	46625.92	593.9502	94.66192	1982.918	1.214411e+08	3.505092e+08	3168.327	895.7296	-6.049822	56256.95	12885.56	95.37366	2791.815	94.66192	1982.918	95.37366	2791.815
61.61	1387.189	1240450	939.7012	105688.9	5908.118	16019.25	142608.5	2032.028	3290.036	14350.26	62159.92	393.9502	-5.338078	2082.918	1.263028e+08	3.645347e+08	1868.327	1495.729	-6.049822	56757.95	13286.56	195.3737	2891.815	-5.338078	2082.918	195.3737	2891.815
61.9	1787.189	1006630	4640.701	134829.9	6108.118	12817.25	123405.5	2132.028	3491.036	13250.26	63663.92	93.95018	-5.338078	1682.918	1.272964e+08	3.62531e+08	1568.327	2095.729	493.9502	43831.95	12985.56	95.37366	2191.815	-5.338078	1682.918	95.37366	2191.815
62.19	1487.189	729383.6	2539.701	174072.9	3407.117	7513.246	91566.52	1932.028	4191.036	12349.26	69679.92	393.9502	94.66192	2782.918	1.29109e+08	3.605274e+08	2368.327	2095.729	293.9502	49442.95	13686.56	-4.626335	2691.815	94.66192	2782.918	-4.626335	2691.815
62.47	1087.189	546663.6	4340.701	231639.9	4207.118	7513.246	66786.52	2532.028	2290.036	11449.26	76098.92	93.95018	-5.338078	2382.918	1.357092e+08	3.785605e+08	1768.327	4595.729	193.9502	46737.95	15087.56	-4.626335	1991.815	-5.338078	2382.918	-4.626335	1991.815
62.76	687.1886	573153.6	1339.701	247086.9	2607.117	5613.246	54155.53	2032.028	4491.036	10348.26	75195.92	193.9502	-5.338078	2582.918	1.302789e+08	3.745531e+08	2068.327	2495.729	193.9502	42429.95	12285.56	-4.626335	2391.815	-5.338078	2582.918	-4.626335	2391.815
63.05	587.1886	378249.6	2739.701	291968.9	2307.117	4612.246	49645.53	2232.028	2690.036	8848.264	81314.92	93.95018	-5.338078	3282.918	1.325905e+08	3.745531e+08	2268.327	3195.729	-6.049822	44332.95	12085.56	-4.626335	1691.815	-5.338078	3282.918	-4.626335	1691.815
63.33	1587.189	270134.6	1539.701	329127.9	3507.117	3512.246	38625.53	3332.028	3691.036	11949.26	89040.92	193.9502	-5.338078	3682.918	1.420868e+08	3.665384e+08	2468.327	3095.729	93.95018	53651.95	14086.56	-4.626335	1591.815	-5.338078	3682.918	-4.626335	1591.815
63.62	987.1886	229319.6	2940.701	368776.9	3507.117	1711.246	33717.53	1332.028	3591.036	9248.264	85227.92	793.9502	-5.338078	3782.918	1.336883e+08	3.585237e+08	2268.327	3495.729	-6.049822	56757.95	14586.56	95.37366	1391.815	-5.338078	3782.918	95.37366	1391.815
63.9	1687.189	197945.6	3440.701	353457.9	4807.118	11.24561	27309.53	2932.028	4391.036	8547.264	83521.92	393.9502	-5.338078	4782.918	1.39593e+08	3.68542e+08	2268.327	4095.729	393.9502	56256.95	13486.56	95.37366	1791.815	-5.338078	4782.918	95.37366	1791.815
64.19	2087.189	172954.6	2639.701	377911.9	5608.118	411.2456	26408.53	2232.028	3491.036	8948.264	89642.92	1093.95	-5.338078	4082.918	1.303959e+08	3.745531e+08	1868.327	4595.729	293.9502	53450.95	15987.56	-4.626335	2691.815	-5.338078	4082.918	-4.626335	2691.815
64.47	2987.189	116715.6	2539.701	337234.9	8408.117	2111.246	25607.53	2732.028	4491.036	8247.264	85929.92	1093.95	-5.338078	3882.918	1.390652e+08	3.424948e+08	2068.327	4395.729	-6.049822	49041.95	13886.56	-4.626335	1991.815	-5.338078	3882.918	-4.626335	1991.815
64.76	4987.188	103253.6	3340.701	253955.9	11510.12	1211.246	22204.53	3132.028	2990.036	8347.264	80812.92	1493.95	-5.338078	1682.918	1.356213e+08	3.585237e+08	1768.327	4095.729	93.95018	43831.95	12185.56	-4.626335	991.8149	-5.338078	1682.918	-4.626335	991.8149
65.05	4887.188	85883.64	1439.701	210149.9	10709.12	111.2456	21103.53	3432.028	3290.036	6947.263	73791.92	1493.95	-5.338078	2082.918	1.346107e+08	3.705457e+08	868.3274	3895.729	193.9502	48941.95	12085.56	-4.626335	1291.815	-5.338078	2082.918	-4.626335	1291.815
65.33	4587.188	70030.64	3740.701	162091.9	11110.12	1111.246	19101.53	2232.028	2290.036	8347.264	68676.92	993.9502	-5.338078	1682.918	1.280418e+08	3.525128e+08	2168.327	3195.729	393.9502	53651.95	11084.56	-4.626335	1391.815	-5.338078	1682.918	-4.626335	1391.815
65.62	6188.188	64814.64	2039.701	137846.9	12410.12	-989.7544	17199.53	2732.028	1690.036	11249.26	77000.92	1393.95	-5.338078	1382.918	1.31098e+08	3.505092e+08	1668.327	3595.729	-6.049822	61368.95	11785.56	-4.626335	1591.815	-5.338078	1382.918	-4.626335	1591.815
65.91	6488.188	57695.64	2539.701	123872.9	11009.12	11.24561	17500.53	2632.028	3691.036	12649.26	69378.92	793.9502	-5.338078	1682.918	1.347865e+08	3.404912e+08	2268.327	4395.729	293.9502	64977.95	11084.56	-4.626335	1491.815	-5.338078	1682.918	-4.626335	1491.815
66.19	5988.188	42661.64	2239.701	106592.9	11610.12	-689.7544	19001.53	2832.028	3390.036	13149.26	72387.92	1093.95	-5.338078	2382.918	1.320783e+08	4.186367e+08	2368.327	4595.729	93.95018	63975.95	10284.56	95.37366	2091.815	-5.338078	2382.918	95.37366	2091.815
66.48	5788.188	34246.64	2339.701	105487.9	15212.12	811.2456	18600.53	1532.028	2690.036	15651.26	70281.92	593.9502	-5.338078	482.9182	1.343325e+08	3.885793e+08	1268.327	4195.729	93.95018	59163.95	13586.56	-4.626335	1791.815	-5.338078	482.9182	-4.626335	1791.815
66.76	8989.188	33845.64	2739.701	104383.9	21717.12	-388.7544	17700.53	1732.028	3591.036	14450.26	60455.92	793.9502	94.66192	1382.918	1.414705e+08	3.545164e+08	1268.327	2895.729	193.9502	51045.95	12085.56	-4.626335	1391.815	94.66192	1382.918	-4.626335	1391.815
67.05	9989.188	28638.64	2739.701	89424.92	24519.12	-88.75439	15698.53	1432.028	3691.036	13650.26	57548.92	793.9502	-5.338078	782.9182	1.31932e+08	3.845718e+08	1468.327	2595.729	93.95018	35318.95	9984.562	95.37366	691.8149	-5.338078	782.9182	95.37366	691.8149
67.33	16693.19	26034.64	2839.701	62943.92	41141.12	-789.7544	14297.53	2232.028	3491.036	11549.26	51635.92	93.95018	-5.338078	882.9182	1.377605e+08	3.444984e+08	668.3274	2195.729	-6.049822	31913.95	11885.56	-4.626335	791.8149	-5.338078	882.9182	-4.626335	791.8149
67.62	19495.19	19226.64	2940.701	53921.92	53063.12	-588.7544	12496.53	2832.028	2390.036	9048.264	49631.92	593.9502	-5.338078	1182.918	1.345229e+08	3.745531e+08	668.3274	2395.729	-6.049822	29911.95	12485.56	-4.626335	1591.815	-5.338078	1182.918	-4.626335	1591.815
67.91	22497.19	19126.64	2839.701	53721.92	58476.12	-1689.754	12596.53	1932.028	3591.036	10048.26	47828.92	393.9502	94.66192	1282.918	1.353723e+08	3.82568e+08	1068.327	1095.729	93.95018	37221.95	11885.56	-4.626335	1191.815	94.66192	1282.918	-4.626335	1191.815
68.19	21997.19	14922.64	3240.701	54122.92	51159.12	-2089.754	10695.53	2532.028	2990.036	8948.264	44421.92	493.9502	-5.338078	482.9182	1.286411e+08	3.68542e+08	1368.327	2095.729	93.95018	42529.95	13886.56	-4.626335	1291.815	-5.338078	482.9182	-4.626335	1291.815
68.48	21196.19	16824.64	4440.701	52017.92	49256.12	-1389.754	14397.53	2432.028	2890.036	12949.26	40915.92	293.9502	-5.338078	682.9182	1.37482e+08	3.705457e+08	1568.327	2095.729	-6.049822	50644.95	14086.56	-4.626335	1091.815	-5.338078	682.9182	-4.626335	1091.815
68.76	17793.19	14922.64	2839.701	62642.92	41141.12	-488.7544	14998.53	2332.028	3090.036	16351.26	41717.92	193.9502	-5.338078	2082.918	1.33498e+08	3.645347e+08	1968.327	1995.729	93.95018	58060.95	12885.56	-4.626335	1891.815	-5.338078	2082.918	-4.626335	1891.815
69.05	14992.19	14322.64	2239.701	66051.92	34030.12	-1189.754	19401.53	2732.028	2390.036	21655.26	46425.92	93.95018	-5.338078	1482.918	1.405903e+08	3.965944e+08	1768.327	1895.729	93.95018	77714.95	11985.56	-4.626335	2291.815	-5.338078	1482.918	-4.626335	2291.815
69.34	13491.19	16323.64	2439.701	61138.92	26821.12	-889.7544	20402.53	4032.028	3591.036	24658.26	47026.92	193.9502	94.66192	1582.918	1.29416e+08	3.725494e+08	1968.327	595.7296	-6.049822	74905.95	10684.56	-4.626335	2691.815	94.66192	1582.918	-4.626335	2691.815
69.62	9389.188	14121.64	4140.701	64848.92	17513.12	-1489.754	25507.53	2432.028	3090.036	26860.26	43420.92	93.95018	-5.338078	2282.918	1.270041e+08	3.545164e+08	3068.327	1395.729	93.95018	86743.95	11785.56	95.37366	2991.815	-5.338078	2282.918	95.37366	2991.815
69.91	7088.188	14422.64	3240.701	58031.92	13911.12	-789.7544	26508.53	2832.028	3491.036	28162.26	47327.92	193.9502	-5.338078	1982.918	1.33498e+08	3.605274e+08	2668.327	2195.729	-6.049822	101500	10384.56	-4.626335	3891.815	-5.338078	1982.918	-4.626335	3891.815
70.2	6188.188	19526.64	2739.701	50514.92	10909.12	-1789.754	26608.53	1932.028	3791.036	32167.26	48028.92	-6.049822	-5.338078	2482.918	1.312589e+08	3.32477e+08	3468.327	1695.729	293.9502	135359	11885.56	-4.626335	3091.815	-5.338078	2482.918	-4.626335	3091.815
70.48	5388.188	20127.64	3240.701	52318.92	7008.118	-588.7544	37122.53	2832.028	4891.036	42182.26	51435.92	-6.049822	-5.338078	3282.918	1.416906e+08	3.485056e+08	4568.328	1995.729	-6.049822	159904	12585.56	-4.626335	3591.815	-5.338078	3282.918	-4.626335	3591.815
70.77	4587.188	22329.64	1739.701	44703.92	7908.118	111.2456	35119.53	2532.028	2290.036	37975.26	53539.92	193.9502	-5.338078	2782.918	1.34684e+08	3.845718e+08	2668.327	2395.729	-6.049822	193843	12085.56	-4.626335	4891.815	-5.338078	2782.918	-4.626335	4891.815
71.05	3887.189	28838.64	1339.701	41497.92	6808.118	-2289.754	34418.53	2332.028	2890.036	39477.26	48729.92	193.9502	-5.338078	3182.918	1.296061e+08	3.62531e+08	3168.327	1895.729	-6.049822	222782	12485.56	-4.626335	3591.815	-5.338078	3182.918	-4.626335	3591.815
71.34	5088.188	31041.64	1039.701	40495.92	4907.118	-989.7544	38224.53	2032.028	3390.036	45387.26	55443.92	-6.049822	-5.338078	3282.918	1.354455e+08	3.62531e+08	4168.328	2595.729	193.9502	261353	13886.56	-4.626335	5192.815	-5.338078	3282.918	-4.626335	5192.815
71.63	6188.188	31542.64	1639.701	44703.92	2807.117	-488.7544	43433.53	3232.028	3290.036	42883.26	56546.92	293.9502	-5.338078	3882.918	1.423215e+08	4.186367e+08	4668.328	2795.729	293.9502	316990.9	11985.56	-4.626335	5292.815	-5.338078	3882.918	-4.626335	5292.815
71.91	7288.188	29639.64	2839.701	44803.92	3507.117	-1189.754	41830.53	1732.028	3390.036	44686.26	55844.92	493.9502	-5.338078	3282.918	1.34684e+08	3.525128e+08	3968.327	2195.729	793.9502	343132.9	11084.56	-4.626335	5892.815	-5.338078	3282.918	-4.626335	5892.815
72.2	9789.188	35248.64	3740.701	56427.92	3107.117	-889.7544	44535.53	2932.028	3891.036	49194.26	57147.92	493.9502	-5.338078	4082.918	1.25514e+08	3.585237e+08	3768.327	2495.729	1793.95	380568.9	11084.56	-4.626335	4991.815	-5.338078	4082.918	-4.626335	4991.815
72.48	15592.19	32543.64	3740.701	60236.92	3007.117	511.2456	42932.53	3232.028	2590.036	50297.26	55644.92	893.9502	-5.338078	2782.918	1.289774e+08	3.104385e+08	4268.328	2495.729	493.9502	430366.9	10184.56	-4.626335	6692.815	-5.338078	2782.918	-4.626335	6692.815
72.77	18194.19	42260.64	3540.701	64346.92	3907.117	-989.7544	41029.53	2332.028	3991.036	46389.26	60154.92	1493.95	-5.338078	3382.918	1.269165e+08	3.46502e+08	3968.327	2095.729	393.9502	502391.9	9584.562	-4.626335	5492.815	-5.338078	3382.918	-4.626335	5492.815
73.05	24199.19	32443.64	2139.701	59033.92	5008.118	511.2456	42031.53	2432.028	3190.036	41280.26	56446.92	2893.95	-5.338078	3182.918	1.362952e+08	3.344805e+08	2668.327	2895.729	593.9502	477918.9	9384.562	-4.626335	5292.815	-5.338078	3182.918	-4.626335	5292.815
73.34	24199.19	32944.64	3040.701	57930.92	5808.118	-1289.754	34218.53	2032.028	2990.036	30965.26	46926.92	2193.95	-5.338078	3682.918	1.197053e+08	3.585237e+08	2968.327	2195.729	393.9502	427518.9	11084.56	-4.626335	3391.815	-5.338078	3682.918	-4.626335	3391.815
73.63	23898.19	31341.64	3340.701	48710.92	4007.117	-288.7544	27810.53	1432.028	2490.036	28262.26	41116.92	2193.95	-5.338078	1782.918	8.650863e+07	2.924078e+08	1868.327	2195.729	93.95018	321548.9	6683.562	-4.626335	3291.815	-5.338078	1782.918	-4.626335	3291.815
73.91	16292.19	28938.64	1639.701	39294.92	2607.117	-1289.754	20902.53	932.0284	1890.036	20154.26	28198.92	1393.95	-5.338078	1082.918	6.744478e+07	1.942518e+08	1368.327	1595.729	-6.049822	227323	4182.562	-4.626335	1991.815	-5.338078	1082.918	-4.626335	1991.815
74.2	11089.19	16223.64	739.7012	24975.92	2507.117	-1289.754	13497.53	1632.028	1790.036	11249.26	22292.92	1093.95	-5.338078	1082.918	5.318854e+07	1.061281e+08	668.3274	895.7296	193.9502	153564	4182.562	-4.626335	2291.815	-5.338078	1082.918	-4.626335	2291.815
74.48	8188.188	14221.64	1839.701	19569.92	2007.117	-889.7544	11496.53	632.0284	1090.036	11149.26	15687.92	593.9502	-5.338078	882.9182	3.649532e+07	1.039894e+08	768.3274	995.7296	93.95018	130433	2982.562	-4.626335	1091.815	-5.338078	882.9182	-4.626335	1091.815
74.77	5388.188	12320.64	339.7012	14866.92	1407.117	-1789.754	9695.526	432.0284	290.0356	9548.264	14386.92	393.9502	-5.338078	1182.918	2.784411e+07	8.462886e+07	1068.327	795.7296	93.95018	94170.95	2282.562	-4.626335	1791.815	-5.338078	1182.918	-4.626335	1791.815
75.06	5388.188	8918.641	39.70117	12765.92	1207.117	-789.7544	7594.527	432.0284	790.0356	6647.263	10284.92	93.95018	-5.338078	582.9182	2.332771e+07	6.567516e+07	268.3274	795.7296	493.9502	77914.95	1582.562	-4.626335	391.8149	-5.338078	582.9182	-4.626335	391.8149
75.34	5288.188	5516.641	139.7012	11164.92	607.1174	-1589.754	5393.527	632.0284	-209.9644	5947.263	8984.918	193.9502	-5.338078	682.9182	1.999381e+07	5.736498e+07	268.3274	695.7296	93.95018	63774.95	1182.562	-4.626335	491.8149	-5.338078	682.9182	-4.626335	491.8149
75.63	4187.188	6917.641	-460.2988	8963.922	907.1174	-989.7544	4593.527	-367.9716	890.0356	5147.263	7083.918	193.9502	-5.338078	582.9182	1.574234e+07	4.693627e+07	568.3274	295.7295	-6.049822	54152.95	1282.562	-4.626335	791.8149	-5.338078	582.9182	-4.626335	791.8149
75.91	2787.189	3315.641	339.7012	7763.922	407.1174	-388.7544	4693.527	732.0284	290.0356	3846.263	4682.918	293.9502	94.66192	282.9182	1.303824e+07	3.768232e+07	68.3274	95.72954	93.95018	37822.95	782.5623	-4.626335	91.81495	94.66192	282.9182	-4.626335	91.81495
76.2	2487.189	3915.641	-1561.299	5362.922	707.1174	-689.7544	2492.527	-267.9716	390.0356	4246.263	3382.918	493.9502	-5.338078	382.9182	1.095848e+07	2.732529e+07	168.3274	-4.270463	93.95018	39925.95	582.5623	-4.626335	491.8149	-5.338078	382.9182	-4.626335	491.8149
76.48	887.1886	2815.641	-961.2988	5062.922	307.1174	-2489.754	1792.527	32.02844	-9.964355	3446.263	4282.918	293.9502	-5.338078	82.91815	8851669	2.371814e+07	268.3274	195.7295	93.95018	26407.95	782.5623	-4.626335	191.8149	-5.338078	82.91815	-4.626335	191.8149
76.77	887.1886	3715.641	-1661.299	2661.922	707.1174	-1989.754	592.5267	32.02844	490.0356	2546.263	2582.918	193.9502	-5.338078	282.9182	8144970	2.112553e+07	68.3274	-4.270463	-6.049822	23004.95	1082.562	-4.626335	291.8149	-5.338078	282.9182	-4.626335	291.8149
77.06	887.1886	1714.641	339.7012	2361.922	407.1174	-1489.754	892.5267	832.0284	90.03564	1946.263	2082.918	-6.049822	-5.338078	82.91815	6265834	1.773806e+07	168.3274	-4.270463	-6.049822	19701.95	182.5623	-4.626335	91.81495	-5.338078	82.91815	-4.626335	91.81495
77.34	1287.189	814.6406	-60.29883	1961.922	307.1174	-2389.754	1892.527	132.0284	490.0356	1846.263	3782.918	-6.049822	-5.338078	282.9182	5347824	1.2876e+07	68.3274	-4.270463	93.95018	15298.95	282.5623	-4.626335	91.81495	-5.338078	282.9182	-4.626335	91.81495
77.63	887.1886	1014.641	-660.2988	2261.922	307.1174	-1389.754	192.5267	232.0284	-309.9644	1046.263	1682.918	93.95018	-5.338078	82.91815	3823042	1.13988e+07	-31.6726	-4.270463	-6.049822	11095.95	182.5623	-4.626335	91.81495	-5.338078	82.91815	-4.626335	91.81495
77.91	1087.189	14.64062	-1161.299	1861.922	307.1174	-789.7544	1492.527	32.02844	990.0356	546.2634	882.9182	-6.049822	-5.338078	-17.08185	3568976	9368652	-31.6726	95.72954	-6.049822	12196.95	182.5623	-4.626335	91.81495	-5.338078	-17.08185	-4.626335	91.81495
78.2	987.1886	914.6406	-761.2988	1061.922	107.1174	11.24561	1192.527	232.0284	490.0356	746.2634	982.9182	-6.049822	-5.338078	82.91815	2820998	8843559	-31.6726	-4.270463	-6.049822	9195.95	282.5623	-4.626335	-8.185054	-5.338078	82.91815	-4.626335	-8.185054
78.49	587.1886	914.6406	439.7012	561.9218	-92.88256	-2089.754	192.5267	132.0284	-109.9644	546.2634	882.9182	-6.049822	-5.338078	-17.08185	2171938	6148361	68.3274	95.72954	-6.049822	8795.95	282.5623	-4.626335	391.8149	-5.338078	-17.08185	-4.626335	391.8149
78.78	187.1886	1314.641	-861.2988	1261.922	107.1174	-1289.754	592.5267	32.02844	190.0356	646.2634	782.9182	-6.049822	-5.338078	182.9182	2073179	5212614	-31.6726	-4.270463	-6.049822	8494.95	282.5623	-4.626335	91.81495	-5.338078	182.9182	-4.626335	91.81495
79.06	287.1886	1314.641	-2961.299	961.9218	107.1174	-1489.754	92.52673	-167.9716	590.0356	546.2634	782.9182	-6.049822	-5.338078	-17.08185	1480680	4844054	68.3274	-4.270463	93.95018	4693.95	82.56228	-4.626335	91.81495	-5.338078	-17.08185	-4.626335	91.81495
79.35	287.1886	814.6406	-961.2988	661.9218	307.1174	-1489.754	-407.4733	-167.9716	690.0356	646.2634	482.9182	-6.049822	-5.338078	-17.08185	1099841	4461360	-31.6726	-4.270463	93.95018	3993.95	82.56228	-4.626335	-8.185054	-5.338078	-17.08185	-4.626335	-8.185054
79.64	587.1886	-85.35938	339.7012	261.9218	7.117439	-2189.754	592.5267	32.02844	-309.9644	246.2633	782.9182	-6.049822	-5.338078	-17.08185	1198573	2803494	68.3274	-4.270463	-6.049822	3293.95	82.56228	-4.626335	91.81495	-5.338078	-17.08185	-4.626335	91.81495
79.93	87.18861	-485.3594	-1861.299	361.9218	-92.88256	-1289.754	992.5267	-167.9716	490.0356	146.2633	482.9182	-6.049822	-5.338078	-17.08185	817764.4	2661833	-31.6726	-4.270463	-6.049822	3293.95	-17.43772	-4.626335	91.81495	-5.338078	-17.08185	-4.626335	91.81495
80.22	587.1886	414.6406	-1461.299	461.9218	-92.88256	-1689.754	-107.4733	-167.9716	90.03564	346.2633	282.9182	-6.049822	-5.338078	-17.08185	1170363	2081078	-31.6726	-4.270463	-6.049822	1593.95	-17.43772	-4.626335	191.8149	-5.338078	-17.08185	-4.626335	191.8149
80.51	487.1886	414.6406	-761.2988	61.92175	7.117439	-1389.754	892.5267	332.0284	-9.964355	246.2633	182.9182	-6.049822	-5.338078	-17.08185	803661.4	1585388	-31.6726	-4.270463	93.95018	1193.95	182.5623	-4.626335	-8.185054	-5.338078	-17.08185	-4.626335	-8.185054
80.8	87.18861	-785.3594	-1061.299	61.92175	-92.88256	-1589.754	-307.4733	-467.9716	490.0356	46.26334	382.9182	-6.049822	-5.338078	-17.08185	384708.4	1514580	-31.6726	-4.270463	-6.049822	1793.95	-17.43772	95.37366	-8.185054	-5.338078	-17.08185	95.37366	-8.185054
81.09	187.1886	-185.3594	-1261.299	561.9218	107.1174	-2389.754	-607.4733	-67.97156	-609.9644	546.2634	82.91815	-6.049822	94.66192	-17.08185	436996.4	2194389	-31.6726	-4.270463	-6.049822	1193.95	-17.43772	-4.626335	-8.185054	94.66192	-17.08185	-4.626335	-8.185054
81.38	87.18861	514.6406	-1261.299	561.9218	307.1174	-388.7544	-207.4733	-267.9716	-609.9644	46.26334	-17.08185	-6.049822	-5.338078	-17.08185	449272.4	1146405	-31.6726	-4.270463	-6.049822	1293.95	82.56228	-4.626335	-8.185054	-5.338078	-17.08185	-4.626335	-8.185054
81.67	-12.81139	-85.35938	-1061.299	61.92175	7.117439	-288.7544	-507.4733	432.0284	-109.9644	246.2633	82.91815	-6.049822	-5.338078	-17.08185	490945.4	1642034	68.3274	-4.270463	-6.049822	1993.95	382.5623	-4.626335	-8.185054	-5.338078	-17.08185	-4.626335	-8.185054
81.96	-12.81139	1414.641	839.7012	661.9218	7.117439	-1789.754	-207.4733	32.02844	-209.9644	46.26334	182.9182	-6.049822	-5.338078	-17.08185	394691.4	1273846	-31.6726	-4.270463	-6.049822	293.9502	-17.43772	-4.626335	-8.185054	-5.338078	-17.08185	-4.626335	-8.185054
82.26	87.18861	814.6406	-1461.299	-338.0782	7.117439	-1189.754	92.52673	232.0284	-509.9644	246.2633	82.91815	-6.049822	-5.338078	-17.08185	310083.4	792426.8	-31.6726	-4.270463	-6.049822	393.9502	-17.43772	-4.626335	-8.185054	-5.338078	-17.08185	-4.626335	-8.185054
82.54	-12.81139	714.6406	-1261.299	161.9218	-92.88256	-1289.754	492.5267	-67.97156	-909.9644	-53.73666	582.9182	-6.049822	-5.338078	-17.08185	202386.4	891536.8	-31.6726	-4.270463	-6.049822	693.9502	-17.43772	-4.626335	-8.185054	-5.338078	-17.08185	-4.626335	-8.185054
82.83	187.1886	-385.3594	-1661.299	61.92175	7.117439	-1489.754	-707.4733	-167.9716	90.03564	-53.73666	-17.08185	-6.049822	-5.338078	-17.08185	187773.4	594214.8	-31.6726	-4.270463	-6.049822	393.9502	-17.43772	-4.626335	-8.185054	-5.338078	-17.08185	-4.626335	-8.185054
83.12	-12.81139	-185.3594	-1161.299	-38.07825	7.117439	-1389.754	-807.4733	-167.9716	-9.964355	46.26334	-17.08185	-6.049822	-5.338078	-17.08185	358726.4	934013.8	-31.6726	-4.270463	-6.049822	193.9502	-17.43772	-4.626335	91.81495	-5.338078	-17.08185	-4.626335	91.81495
83.41	87.18861	414.6406	-761.2988	361.9218	7.117439	-889.7544	-7.473267	-367.9716	-409.9644	-53.73666	82.91815	-6.049822	-5.338078	-17.08185	97660.4	495112.8	-31.6726	-4.270463	-6.049822	493.9502	182.5623	-4.626335	-8.185054	-5.338078	-17.08185	-4.626335	-8.185054
83.69	87.18861	814.6406	-1861.299	-138.0782	-92.88256	-689.7544	-707.4733	-167.9716	-309.9644	146.2633	-17.08185	-6.049822	-5.338078	-17.08185	137346.4	150497.8	-31.6726	-4.270463	-6.049822	793.9502	82.56228	-4.626335	-8.185054	-5.338078	-17.08185	-4.626335	-8.185054
83.98	-12.81139	214.6406	-961.2988	-338.0782	-92.88256	-1989.754	92.52673	-367.9716	490.0356	46.26334	182.9182	-6.049822	-5.338078	-17.08185	148610.4	282759.8	-31.6726	-4.270463	-6.049822	193.9502	82.56228	-4.626335	-8.185054	-5.338078	-17.08185	-4.626335	-8.185054
84.27	-12.81139	1614.641	-460.2988	-238.0782	7.117439	-1189.754	792.5267	-67.97156	290.0356	146.2633	-17.08185	-6.049822	-5.338078	82.91815	112671.4	165391.8	-31.6726	-4.270463	-6.049822	593.9502	82.56228	-4.626335	-8.185054	-5.338078	82.91815	-4.626335	-8.185054
84.56	-12.81139	1314.641	-560.2988	-238.0782	-92.88256	-1289.754	-7.473267	32.02844	-509.9644	-53.73666	182.9182	-6.049822	-5.338078	-17.08185	219631.4	141198.8	-31.6726	-4.270463	-6.049822	393.9502	-17.43772	-4.626335	-8.185054	-5.338078	-17.08185	-4.626335	-8.185054
84.84	-12.81139	714.6406	-460.2988	261.9218	7.117439	-1589.754	-107.4733	-167.9716	-609.9644	-53.73666	282.9182	-6.049822	-5.338078	-17.08185	158772.4	197822.8	-31.6726	-4.270463	-6.049822	393.9502	82.56228	-4.626335	-8.185054	-5.338078	-17.08185	-4.626335	-8.185054
85.13	-12.81139	214.6406	-160.2988	61.92175	107.1174	-789.7544	-107.4733	32.02844	-309.9644	46.26334	-17.08185	-6.049822	-5.338078	-17.08185	48817.39	74756.77	68.3274	-4.270463	-6.049822	193.9502	-17.43772	-4.626335	-8.185054	-5.338078	-17.08185	-4.626335	-8.185054
85.42	-12.81139	614.6406	-1961.299	-138.0782	7.117439	-1589.754	-107.4733	232.0284	390.0356	-53.73666	-17.08185	-6.049822	-5.338078	-17.08185	49719.39	424326.8	68.3274	-4.270463	-6.049822	293.9502	-17.43772	-4.626335	-8.185054	-5.338078	-17.08185	-4.626335	-8.185054
85.7	-12.81139	714.6406	-1161.299	-138.0782	7.117439	-2089.754	-807.4733	-167.9716	-109.9644	46.26334	-17.08185	-6.049822	-5.338078	-17.08185	36095.39	189763.8	68.3274	-4.270463	-6.049822	393.9502	-17.43772	-4.626335	-8.185054	-5.338078	-17.08185	-4.626335	-8.185054
85.99	-12.81139	-585.3594	-1261.299	261.9218	-92.88256	211.2456	-7.473267	-67.97156	-209.9644	-53.73666	-17.08185	-6.049822	-5.338078	-17.08185	117746.4	127043.8	-31.6726	-4.270463	-6.049822	593.9502	-17.43772	-4.626335	-8.185054	-5.338078	-17.08185	-4.626335	-8.185054
86.28	-12.81139	114.6406	-1361.299	161.9218	107.1174	-1989.754	592.5267	432.0284	-309.9644	-53.73666	-17.08185	-6.049822	-5.338078	-17.08185	41904.39	24756.77	-31.6726	-4.270463	-6.049822	-6.049822	82.56228	-4.626335	-8.185054	-5.338078	-17.08185	-4.626335	-8.185054
86.57	-12.81139	1114.641	-160.2988	-138.0782	107.1174	-1789.754	-7.473267	132.0284	-709.9644	-53.73666	-17.08185	-6.049822	-5.338078	-17.08185	56232.39	211978.8	-31.6726	-4.270463	-6.049822	93.95018	-17.43772	-4.626335	-8.185054	-5.338078	-17.08185	-4.626335	-8.185054
86.85	-12.81139	414.6406	-1161.299	761.9218	107.1174	-1889.754	92.52673	-267.9716	590.0356	146.2633	-17.08185	-6.049822	-5.338078	-17.08185	80699.4	94924.77	-31.6726	-4.270463	-6.049822	93.95018	-17.43772	-4.626335	-8.185054	-5.338078	-17.08185	-4.626335	-8.185054
87.14	-12.81139	114.6406	-260.2988	761.9218	-92.88256	-1489.754	-107.4733	532.0284	-109.9644	146.2633	-17.08185	-6.049822	-5.338078	-17.08185	44108.39	63123.77	-31.6726	-4.270463	-6.049822	-6.049822	-17.43772	-4.626335	-8.185054	-5.338078	-17.08185	-4.626335	-8.185054
87.43	-12.81139	-785.3594	-1061.299	-138.0782	7.117439	-1189.754	-507.4733	32.02844	-209.9644	46.26334	-17.08185	-6.049822	-5.338078	-17.08185	21378.39	211978.8	-31.6726	-4.270463	-6.049822	-6.049822	-17.43772	-4.626335	-8.185054	-5.338078	-17.08185	-4.626335	-8.185054
87.71	-12.81139	1614.641	-560.2988	-38.07825	-92.88256	-1389.754	-707.4733	-167.9716	-509.9644	46.26334	-17.08185	-6.049822	-5.338078	-17.08185	3369.395	58412.77	-31.6726	95.72954	-6.049822	-6.049822	-17.43772	-4.626335	-8.185054	-5.338078	-17.08185	-4.626335	-8.185054
88	-12.81139	814.6406	-1361.299	-438.0782	7.117439	-1689.754	-607.4733	-167.9716	-409.9644	-53.73666	-17.08185	-6.049822	-5.338078	-17.08185	17175.39	164183.8	-31.6726	-4.270463	-6.049822	493.9502	82.56228	-4.626335	-8.185054	-5.338078	-17.08185	-4.626335	-8.185054
88.29	87.18861	914.6406	839.7012	361.9218	207.1174	-1889.754	-107.4733	-267.9716	390.0356	46.26334	-17.08185	-6.049822	-5.338078	-17.08185	-130.605	9245.772	-31.6726	95.72954	-6.049822	-6.049822	-17.43772	-4.626335	-8.185054	-5.338078	-17.08185	-4.626335	-8.185054
88.57	-12.81139	914.6406	339.7012	-138.0782	-92.88256	-989.7544	292.5267	-67.97156	-109.9644	-53.73666	-17.08185	-6.049822	-5.338078	-17.08185	20377.39	80674.77	68.3274	-4.270463	-6.049822	-6.049822	82.56228	-4.626335	-8.185054	-5.338078	-17.08185	-4.626335	-8.185054
88.86	-12.81139	914.6406	-2361.299	-338.0782	7.117439	-789.7544	292.5267	-667.9716	-109.9644	46.26334	82.91815	-6.049822	-5.338078	-17.08185	83609.4	206596.8	-31.6726	-4.270463	93.95018	-6.049822	-17.43772	-4.626335	-8.185054	-5.338078	-17.08185	-4.626335	-8.185054
89.14	-12.81139	1214.641	-560.2988	761.9218	307.1174	-1689.754	192.5267	432.0284	90.03564	-53.73666	-17.08185	-6.049822	-5.338078	-17.08185	54128.39	13647.77	68.3274	-4.270463	-6.049822	-6.049822	-17.43772	-4.626335	-8.185054	-5.338078	-17.08185	-4.626335	-8.185054
89.43	-12.81139	-285.3594	139.7012	261.9218	207.1174	-1489.754	-907.4733	-367.9716	-209.9644	46.26334	182.9182	-6.049822	-5.338078	-17.08185	28585.39	410169.8	-31.6726	-4.270463	-6.049822	-6.049822	-17.43772	-4.626335	-8.185054	-5.338078	-17.08185	-4.626335	-8.185054
89.72	-12.81139	-1886.359	-560.2988	-338.0782	-92.88256	-1989.754	-7.473267	32.02844	-9.964355	-53.73666	282.9182	-6.049822	-5.338078	-17.08185	40202.39	124856.8	68.3274	-4.270463	-6.049822	-6.049822	82.56228	-4.626335	-8.185054	-5.338078	-17.08185	-4.626335	-8.185054
90	87.18861	-885.3594	-761.2988	-338.0782	7.117439	-889.7544	-407.4733	32.02844	390.0356	-53.73666	-17.08185	-6.049822	94.66192	-17.08185	24681.39	115009.8	-31.6726	-4.270463	-6.049822	93.95018	-17.43772	-4.626335	-8.185054	94.66192	-17.08185	-4.626335	-8.185054
