ElapsedTime_s	Ti49_CPS	Al27_CPS	S33_CPS	Sc45_CPS	V51_CPS	Mn55_CPS	Fe57_CPS	Co59_CPS	Ni60_CPS	Ga71_CPS	Zr90_CPS	Nb93_CPS	Mo97_CPS	In113_CPS	Sn119_CPS	Sn118_CPS	Sb121_CPS	Hf177_CPS	Ta181_CPS	W183_CPS	Pb206_CPS	Th232_CPS	U238_CPS	Tc97_CPS	Cd113_CPS	U232_CPS	Pu238_CPS
0	-12.81139	-685.3594	739.7012	-238.0782	-92.88256	111.2456	-507.4733	-267.9716	-109.9644	-53.73666	-17.08185	-6.049822	-5.338078	-17.08185	169.395	-256.2278	68.3274	-4.270463	93.95018	-6.049822	-17.43772	-4.626335	-8.185054	-5.338078	-17.08185	-4.626335	-8.185054
																											
10.13	-12.81139	414.6406	-1661.299	-338.0782	107.1174	-1889.754	792.5267	32.02844	290.0356	-53.73666	-17.08185	-6.049822	-5.338078	-17.08185	-130.605	5344.772	-31.6726	-4.270463	-6.049822	-6.049822	-17.43772	-4.626335	-8.185054	-5.338078	-17.08185	-4.626335	-8.185054
10.42	87.18861	1014.641	-360.2988	261.9218	7.117439	-88.75439	-207.4733	-167.9716	-9.964355	46.26334	-17.08185	-6.049822	-5.338078	-17.08185	169.395	243.7722	68.3274	-4.270463	-6.049822	-6.049822	-17.43772	95.37366	-8.185054	-5.338078	-17.08185	95.37366	-8.185054
10.7	-12.81139	-885.3594	-761.2988	-238.0782	7.117439	811.2456	-507.4733	-267.9716	90.03564	-53.73666	-17.08185	-6.049822	-5.338078	-17.08185	-130.605	43.77225	-31.6726	-4.270463	-6.049822	-6.049822	-17.43772	-4.626335	-8.185054	-5.338078	-17.08185	-4.626335	-8.185054
10.99	-12.81139	714.6406	-460.2988	161.9218	7.117439	-789.7544	-207.4733	132.0284	-309.9644	146.2633	82.91815	-6.049822	-5.338078	-17.08185	69.39502	143.7722	-31.6726	-4.270463	93.95018	-6.049822	-17.43772	-4.626335	-8.185054	-5.338078	-17.08185	-4.626335	-8.185054
11.27	-12.81139	-285.3594	39.70117	-438.0782	-92.88256	-1389.754	-907.4733	-167.9716	190.0356	-53.73666	-17.08185	-6.049822	-5.338078	-17.08185	8571.395	-56.22775	-31.6726	-4.270463	-6.049822	293.9502	-17.43772	-4.626335	-8.185054	-5.338078	-17.08185	-4.626335	-8.185054
11.56	87.18861	614.6406	39.70117	-38.07825	7.117439	-2189.754	-707.4733	32.02844	90.03564	-53.73666	82.91815	-6.049822	-5.338078	-17.08185	-30.60498	-156.2278	68.3274	-4.270463	-6.049822	-6.049822	-17.43772	-4.626335	-8.185054	-5.338078	-17.08185	-4.626335	-8.185054
11.84	-12.81139	-485.3594	-1361.299	-238.0782	7.117439	-1589.754	-507.4733	-67.97156	190.0356	46.26334	-17.08185	-6.049822	-5.338078	-17.08185	169.395	-156.2278	-31.6726	-4.270463	-6.049822	-6.049822	-17.43772	-4.626335	-8.185054	-5.338078	-17.08185	-4.626335	-8.185054
12.13	-12.81139	-185.3594	-1061.299	-438.0782	7.117439	-1489.754	392.5267	-167.9716	190.0356	146.2633	-17.08185	-6.049822	-5.338078	-17.08185	-130.605	14547.77	-31.6726	-4.270463	-6.049822	-6.049822	-17.43772	-4.626335	-8.185054	-5.338078	-17.08185	-4.626335	-8.185054
12.41	-12.81139	1014.641	-961.2988	-138.0782	-92.88256	-588.7544	792.5267	-167.9716	90.03564	-53.73666	-17.08185	-6.049822	-5.338078	-17.08185	-130.605	443.7722	-31.6726	-4.270463	-6.049822	-6.049822	-17.43772	-4.626335	-8.185054	-5.338078	-17.08185	-4.626335	-8.185054
12.7	-12.81139	114.6406	-260.2988	161.9218	7.117439	-889.7544	192.5267	-67.97156	-409.9644	-53.73666	-17.08185	-6.049822	-5.338078	-17.08185	-30.60498	-156.2278	68.3274	-4.270463	-6.049822	-6.049822	-17.43772	-4.626335	-8.185054	-5.338078	-17.08185	-4.626335	-8.185054
12.98	-12.81139	-85.35938	-1261.299	561.9218	107.1174	-1389.754	-707.4733	232.0284	390.0356	-53.73666	-17.08185	-6.049822	-5.338078	-17.08185	-130.605	-56.22775	-31.6726	-4.270463	-6.049822	-6.049822	-17.43772	-4.626335	-8.185054	-5.338078	-17.08185	-4.626335	-8.185054
13.27	-12.81139	414.6406	-1161.299	361.9218	-92.88256	11.24561	392.5267	-167.9716	990.0356	-53.73666	-17.08185	-6.049822	-5.338078	-17.08185	69.39502	-256.2278	-31.6726	-4.270463	-6.049822	-6.049822	-17.43772	-4.626335	-8.185054	-5.338078	-17.08185	-4.626335	-8.185054
13.55	-12.81139	414.6406	-660.2988	161.9218	107.1174	-989.7544	-507.4733	-67.97156	490.0356	46.26334	-17.08185	-6.049822	-5.338078	-17.08185	269.395	143.7722	-31.6726	-4.270463	-6.049822	-6.049822	-17.43772	-4.626335	-8.185054	-5.338078	-17.08185	-4.626335	-8.185054
13.84	-12.81139	214.6406	-1561.299	-338.0782	-92.88256	-1589.754	-407.4733	-167.9716	90.03564	-53.73666	-17.08185	-6.049822	-5.338078	-17.08185	-130.605	98337.77	-31.6726	-4.270463	-6.049822	-6.049822	-17.43772	-4.626335	-8.185054	-5.338078	-17.08185	-4.626335	-8.185054
14.12	87.18861	114.6406	-60.29883	-38.07825	-92.88256	-1489.754	-107.4733	132.0284	-609.9644	-53.73666	-17.08185	-6.049822	94.66192	-17.08185	69.39502	343.7722	-31.6726	-4.270463	-6.049822	93.95018	-17.43772	-4.626335	-8.185054	94.66192	-17.08185	-4.626335	-8.185054
14.41	-12.81139	-85.35938	39.70117	261.9218	107.1174	-889.7544	-407.4733	-167.9716	-609.9644	-53.73666	-17.08185	-6.049822	-5.338078	-17.08185	169.395	143.7722	68.3274	-4.270463	-6.049822	-6.049822	-17.43772	-4.626335	-8.185054	-5.338078	-17.08185	-4.626335	-8.185054
14.69	-12.81139	14.64062	439.7012	161.9218	7.117439	-1089.754	292.5267	-467.9716	690.0356	46.26334	-17.08185	-6.049822	-5.338078	-17.08185	69.39502	43.77225	-31.6726	195.7295	-6.049822	-6.049822	-17.43772	-4.626335	-8.185054	-5.338078	-17.08185	-4.626335	-8.185054
14.98	-12.81139	-185.3594	539.7012	361.9218	7.117439	-989.7544	192.5267	-367.9716	90.03564	46.26334	-17.08185	93.95018	-5.338078	-17.08185	69.39502	43.77225	-31.6726	-4.270463	-6.049822	-6.049822	82.56228	-4.626335	-8.185054	-5.338078	-17.08185	-4.626335	-8.185054
15.26	-12.81139	-785.3594	139.7012	-438.0782	107.1174	-1489.754	-107.4733	32.02844	-209.9644	-53.73666	-17.08185	-6.049822	-5.338078	-17.08185	-130.605	-56.22775	-31.6726	-4.270463	-6.049822	-6.049822	-17.43772	-4.626335	91.81495	-5.338078	-17.08185	-4.626335	91.81495
15.55	-12.81139	414.6406	539.7012	261.9218	7.117439	-88.75439	292.5267	132.0284	-309.9644	46.26334	-17.08185	-6.049822	-5.338078	-17.08185	-130.605	143.7722	68.3274	-4.270463	-6.049822	93.95018	-17.43772	-4.626335	-8.185054	-5.338078	-17.08185	-4.626335	-8.185054
15.84	-12.81139	-685.3594	-1261.299	-138.0782	7.117439	-1289.754	192.5267	-367.9716	-209.9644	46.26334	-17.08185	-6.049822	-5.338078	82.91815	69.39502	143.7722	-31.6726	-4.270463	-6.049822	-6.049822	-17.43772	-4.626335	-8.185054	-5.338078	82.91815	-4.626335	-8.185054
16.12	-12.81139	814.6406	-1061.299	-138.0782	7.117439	-488.7544	-607.4733	-67.97156	290.0356	46.26334	82.91815	-6.049822	-5.338078	-17.08185	-30.60498	443.7722	-31.6726	-4.270463	-6.049822	-6.049822	-17.43772	-4.626335	-8.185054	-5.338078	-17.08185	-4.626335	-8.185054
16.41	-12.81139	1814.641	-160.2988	461.9218	7.117439	-1589.754	-807.4733	-167.9716	-309.9644	-53.73666	-17.08185	-6.049822	-5.338078	-17.08185	-130.605	143.7722	-31.6726	-4.270463	93.95018	-6.049822	-17.43772	-4.626335	-8.185054	-5.338078	-17.08185	-4.626335	-8.185054
16.69	-12.81139	-585.3594	-560.2988	-38.07825	107.1174	-1289.754	-707.4733	332.0284	-209.9644	46.26334	-17.08185	-6.049822	-5.338078	82.91815	-130.605	43.77225	-31.6726	-4.270463	-6.049822	393.9502	-17.43772	-4.626335	-8.185054	-5.338078	82.91815	-4.626335	-8.185054
16.98	-12.81139	14.64062	639.7012	61.92175	-92.88256	-989.7544	-407.4733	132.0284	390.0356	146.2633	-17.08185	-6.049822	-5.338078	-17.08185	-30.60498	-156.2278	-31.6726	-4.270463	-6.049822	-6.049822	-17.43772	-4.626335	-8.185054	-5.338078	-17.08185	-4.626335	-8.185054
17.26	-12.81139	-85.35938	439.7012	-138.0782	-92.88256	-789.7544	-1207.473	132.0284	90.03564	-53.73666	-17.08185	-6.049822	-5.338078	-17.08185	169.395	143.7722	-31.6726	-4.270463	-6.049822	-6.049822	82.56228	-4.626335	-8.185054	-5.338078	-17.08185	-4.626335	-8.185054
17.55	87.18861	314.6406	1539.701	-238.0782	7.117439	-388.7544	-707.4733	-267.9716	-609.9644	-53.73666	82.91815	-6.049822	-5.338078	-17.08185	-30.60498	-56.22775	-31.6726	-4.270463	-6.049822	93.95018	-17.43772	-4.626335	-8.185054	-5.338078	-17.08185	-4.626335	-8.185054
17.83	87.18861	-585.3594	739.7012	-38.07825	7.117439	111.2456	-507.4733	-267.9716	-609.9644	-53.73666	-17.08185	-6.049822	-5.338078	82.91815	-130.605	43.77225	-31.6726	-4.270463	-6.049822	-6.049822	-17.43772	-4.626335	-8.185054	-5.338078	82.91815	-4.626335	-8.185054
18.12	-12.81139	-385.3594	139.7012	-138.0782	7.117439	-88.75439	-7.473267	-267.9716	490.0356	-53.73666	-17.08185	-6.049822	-5.338078	-17.08185	69.39502	43.77225	-31.6726	-4.270463	-6.049822	-6.049822	-17.43772	-4.626335	-8.185054	-5.338078	-17.08185	-4.626335	-8.185054
18.4	-12.81139	714.6406	-660.2988	761.9218	7.117439	-789.7544	-307.4733	132.0284	490.0356	-53.73666	-17.08185	-6.049822	-5.338078	-17.08185	69.39502	21453.77	-31.6726	-4.270463	-6.049822	-6.049822	-17.43772	-4.626335	-8.185054	-5.338078	-17.08185	-4.626335	-8.185054
18.69	-12.81139	2214.641	-761.2988	361.9218	7.117439	-1989.754	-407.4733	-367.9716	-309.9644	-53.73666	-17.08185	-6.049822	-5.338078	-17.08185	-130.605	-156.2278	-31.6726	-4.270463	-6.049822	-6.049822	-17.43772	-4.626335	-8.185054	-5.338078	-17.08185	-4.626335	-8.185054
18.97	-12.81139	-485.3594	1039.701	-338.0782	7.117439	-689.7544	192.5267	-67.97156	190.0356	-53.73666	82.91815	-6.049822	-5.338078	-17.08185	-130.605	-256.2278	-31.6726	-4.270463	-6.049822	-6.049822	-17.43772	-4.626335	-8.185054	-5.338078	-17.08185	-4.626335	-8.185054
19.26	-12.81139	-885.3594	-660.2988	461.9218	7.117439	-488.7544	-307.4733	-167.9716	290.0356	46.26334	82.91815	-6.049822	-5.338078	-17.08185	-30.60498	143.7722	68.3274	-4.270463	-6.049822	-6.049822	-17.43772	-4.626335	-8.185054	-5.338078	-17.08185	-4.626335	-8.185054
19.54	-12.81139	1414.641	-1161.299	-338.0782	307.1174	-488.7544	-507.4733	332.0284	490.0356	-53.73666	82.91815	-6.049822	-5.338078	-17.08185	169.395	-156.2278	-31.6726	-4.270463	93.95018	-6.049822	-17.43772	-4.626335	-8.185054	-5.338078	-17.08185	-4.626335	-8.185054
19.83	-12.81139	14.64062	-1461.299	-638.0782	107.1174	311.2456	-7.473267	132.0284	-509.9644	146.2633	-17.08185	-6.049822	-5.338078	-17.08185	69.39502	-56.22775	68.3274	-4.270463	-6.049822	-6.049822	-17.43772	95.37366	-8.185054	-5.338078	-17.08185	95.37366	-8.185054
20.11	-12.81139	-285.3594	239.7012	61.92175	7.117439	-1189.754	-307.4733	132.0284	-509.9644	-53.73666	-17.08185	-6.049822	-5.338078	-17.08185	-130.605	-156.2278	68.3274	-4.270463	-6.049822	-6.049822	-17.43772	-4.626335	-8.185054	-5.338078	-17.08185	-4.626335	-8.185054
20.4	-12.81139	714.6406	639.7012	261.9218	-92.88256	-1789.754	-307.4733	32.02844	490.0356	46.26334	-17.08185	-6.049822	-5.338078	-17.08185	169.395	43.77225	-31.6726	-4.270463	-6.049822	-6.049822	-17.43772	-4.626335	-8.185054	-5.338078	-17.08185	-4.626335	-8.185054
20.68	-12.81139	314.6406	-1061.299	161.9218	-92.88256	-989.7544	192.5267	-267.9716	-609.9644	46.26334	-17.08185	-6.049822	-5.338078	-17.08185	69.39502	-56.22775	-31.6726	-4.270463	-6.049822	-6.049822	-17.43772	-4.626335	91.81495	-5.338078	-17.08185	-4.626335	91.81495
20.97	-12.81139	-585.3594	-460.2988	-38.07825	7.117439	-1989.754	392.5267	32.02844	-409.9644	-53.73666	-17.08185	-6.049822	-5.338078	-17.08185	-30.60498	443.7722	-31.6726	-4.270463	-6.049822	-6.049822	-17.43772	-4.626335	-8.185054	-5.338078	-17.08185	-4.626335	-8.185054
21.25	-12.81139	114.6406	-160.2988	-438.0782	7.117439	-488.7544	-807.4733	532.0284	290.0356	-53.73666	-17.08185	-6.049822	194.6619	-17.08185	-130.605	-56.22775	168.3274	-4.270463	-6.049822	-6.049822	-17.43772	-4.626335	-8.185054	194.6619	-17.08185	-4.626335	-8.185054
21.54	-12.81139	914.6406	339.7012	361.9218	-92.88256	-588.7544	-107.4733	132.0284	-209.9644	-53.73666	-17.08185	-6.049822	-5.338078	-17.08185	169.395	43.77225	-31.6726	-4.270463	-6.049822	-6.049822	-17.43772	-4.626335	-8.185054	-5.338078	-17.08185	-4.626335	-8.185054
21.82	-12.81139	-385.3594	-460.2988	-38.07825	7.117439	-388.7544	492.5267	32.02844	-309.9644	-53.73666	-17.08185	-6.049822	-5.338078	-17.08185	-30.60498	343.7722	-31.6726	-4.270463	-6.049822	-6.049822	-17.43772	-4.626335	-8.185054	-5.338078	-17.08185	-4.626335	-8.185054
22.11	-12.81139	-685.3594	-1861.299	161.9218	107.1174	-88.75439	-807.4733	-267.9716	90.03564	146.2633	-17.08185	-6.049822	-5.338078	-17.08185	69.39502	24656.77	-31.6726	-4.270463	-6.049822	-6.049822	-17.43772	-4.626335	91.81495	-5.338078	-17.08185	-4.626335	91.81495
22.39	-12.81139	814.6406	339.7012	461.9218	7.117439	-188.7544	-7.473267	-67.97156	390.0356	146.2633	82.91815	-6.049822	-5.338078	-17.08185	169.395	-56.22775	-31.6726	-4.270463	-6.049822	-6.049822	-17.43772	-4.626335	-8.185054	-5.338078	-17.08185	-4.626335	-8.185054
22.68	87.18861	1214.641	-1261.299	-438.0782	107.1174	-588.7544	-307.4733	-167.9716	390.0356	-53.73666	-17.08185	-6.049822	94.66192	-17.08185	-30.60498	43.77225	-31.6726	-4.270463	-6.049822	-6.049822	-17.43772	95.37366	-8.185054	94.66192	-17.08185	95.37366	-8.185054
22.96	-12.81139	-285.3594	-560.2988	261.9218	7.117439	-1489.754	-7.473267	-367.9716	190.0356	-53.73666	-17.08185	-6.049822	-5.338078	-17.08185	-130.605	43.77225	-31.6726	-4.270463	-6.049822	-6.049822	-17.43772	-4.626335	-8.185054	-5.338078	-17.08185	-4.626335	-8.185054
23.25	-12.81139	714.6406	-1861.299	261.9218	107.1174	-288.7544	-807.4733	-167.9716	290.0356	-53.73666	-17.08185	-6.049822	-5.338078	-17.08185	369.395	-56.22775	-31.6726	-4.270463	-6.049822	-6.049822	-17.43772	-4.626335	-8.185054	-5.338078	-17.08185	-4.626335	-8.185054
23.53	-12.81139	-385.3594	-1061.299	-238.0782	-92.88256	-2289.754	-7.473267	132.0284	-209.9644	246.2633	-17.08185	-6.049822	-5.338078	-17.08185	-30.60498	29961.77	-31.6726	-4.270463	-6.049822	-6.049822	-17.43772	-4.626335	-8.185054	-5.338078	-17.08185	-4.626335	-8.185054
23.82	-12.81139	1614.641	-1561.299	361.9218	7.117439	-1689.754	492.5267	-367.9716	-609.9644	-53.73666	-17.08185	-6.049822	-5.338078	-17.08185	-30.60498	-156.2278	68.3274	-4.270463	-6.049822	-6.049822	-17.43772	-4.626335	-8.185054	-5.338078	-17.08185	-4.626335	-8.185054
24.1	-12.81139	-685.3594	-460.2988	-38.07825	-92.88256	-1189.754	192.5267	432.0284	-209.9644	46.26334	-17.08185	-6.049822	-5.338078	-17.08185	-30.60498	43.77225	-31.6726	-4.270463	-6.049822	-6.049822	-17.43772	-4.626335	-8.185054	-5.338078	-17.08185	-4.626335	-8.185054
24.39	-12.81139	1214.641	-961.2988	-138.0782	7.117439	311.2456	-707.4733	-67.97156	-809.9644	46.26334	-17.08185	-6.049822	-5.338078	-17.08185	-30.60498	-56.22775	-31.6726	-4.270463	-6.049822	-6.049822	-17.43772	195.3737	-8.185054	-5.338078	-17.08185	195.3737	-8.185054
24.67	-12.81139	514.6406	-1061.299	-238.0782	-92.88256	-588.7544	-307.4733	432.0284	-309.9644	46.26334	-17.08185	-6.049822	-5.338078	-17.08185	-30.60498	143.7722	-31.6726	-4.270463	-6.049822	-6.049822	82.56228	-4.626335	-8.185054	-5.338078	-17.08185	-4.626335	-8.185054
24.96	-12.81139	-485.3594	-460.2988	261.9218	107.1174	-1789.754	-707.4733	-367.9716	390.0356	46.26334	-17.08185	-6.049822	-5.338078	-17.08185	-30.60498	43.77225	68.3274	-4.270463	-6.049822	-6.049822	-17.43772	-4.626335	-8.185054	-5.338078	-17.08185	-4.626335	-8.185054
25.24	-12.81139	214.6406	-961.2988	-238.0782	-92.88256	811.2456	-207.4733	-367.9716	-509.9644	46.26334	82.91815	-6.049822	-5.338078	-17.08185	269.395	143.7722	-31.6726	-4.270463	-6.049822	-6.049822	-17.43772	-4.626335	91.81495	-5.338078	-17.08185	-4.626335	91.81495
25.53	-12.81139	214.6406	-160.2988	-238.0782	-92.88256	-2489.754	-607.4733	32.02844	-9.964355	-53.73666	-17.08185	-6.049822	-5.338078	-17.08185	-130.605	243.7722	-31.6726	-4.270463	93.95018	-6.049822	-17.43772	-4.626335	-8.185054	-5.338078	-17.08185	-4.626335	-8.185054
25.81	-12.81139	1614.641	-160.2988	261.9218	-92.88256	-689.7544	-407.4733	-67.97156	-609.9644	-53.73666	-17.08185	-6.049822	-5.338078	-17.08185	69.39502	-56.22775	-31.6726	-4.270463	-6.049822	-6.049822	-17.43772	-4.626335	-8.185054	-5.338078	-17.08185	-4.626335	-8.185054
26.1	87.18861	414.6406	-560.2988	261.9218	7.117439	111.2456	192.5267	-67.97156	-109.9644	-53.73666	-17.08185	-6.049822	-5.338078	-17.08185	69.39502	-256.2278	-31.6726	-4.270463	-6.049822	-6.049822	-17.43772	95.37366	-8.185054	-5.338078	-17.08185	95.37366	-8.185054
26.38	-12.81139	814.6406	739.7012	161.9218	7.117439	-588.7544	292.5267	32.02844	190.0356	46.26334	-17.08185	-6.049822	-5.338078	-17.08185	269.395	-356.2278	-31.6726	-4.270463	-6.049822	-6.049822	-17.43772	-4.626335	-8.185054	-5.338078	-17.08185	-4.626335	-8.185054
26.67	87.18861	-885.3594	-1161.299	461.9218	-92.88256	-889.7544	-807.4733	-67.97156	-609.9644	-53.73666	-17.08185	-6.049822	-5.338078	-17.08185	2969.395	27058.77	68.3274	-4.270463	-6.049822	-6.049822	-17.43772	-4.626335	-8.185054	-5.338078	-17.08185	-4.626335	-8.185054
26.95	-12.81139	214.6406	-560.2988	-438.0782	107.1174	911.2456	-7.473267	132.0284	-9.964355	46.26334	-17.08185	-6.049822	-5.338078	-17.08185	69.39502	43.77225	-31.6726	-4.270463	-6.049822	-6.049822	-17.43772	-4.626335	-8.185054	-5.338078	-17.08185	-4.626335	-8.185054
27.24	-12.81139	-485.3594	839.7012	-238.0782	-92.88256	411.2456	-507.4733	-67.97156	190.0356	46.26334	-17.08185	-6.049822	-5.338078	-17.08185	69.39502	-56.22775	-31.6726	-4.270463	-6.049822	-6.049822	-17.43772	-4.626335	-8.185054	-5.338078	-17.08185	-4.626335	-8.185054
27.52	-12.81139	-85.35938	-60.29883	-38.07825	107.1174	-1189.754	92.52673	432.0284	-409.9644	-53.73666	-17.08185	-6.049822	-5.338078	-17.08185	69.39502	643.7722	-31.6726	-4.270463	93.95018	-6.049822	-17.43772	-4.626335	-8.185054	-5.338078	-17.08185	-4.626335	-8.185054
27.81	187.1886	614.6406	-660.2988	261.9218	-92.88256	211.2456	-607.4733	-67.97156	590.0356	-53.73666	82.91815	-6.049822	-5.338078	-17.08185	-130.605	-156.2278	-31.6726	-4.270463	-6.049822	-6.049822	-17.43772	-4.626335	-8.185054	-5.338078	-17.08185	-4.626335	-8.185054
28.09	187.1886	-785.3594	-160.2988	-338.0782	107.1174	-1289.754	-707.4733	-167.9716	1090.036	-53.73666	-17.08185	-6.049822	-5.338078	-17.08185	-130.605	-56.22775	-31.6726	-4.270463	-6.049822	-6.049822	-17.43772	-4.626335	-8.185054	-5.338078	-17.08185	-4.626335	-8.185054
28.38	-12.81139	14.64062	-60.29883	361.9218	7.117439	-1689.754	-307.4733	-167.9716	90.03564	46.26334	-17.08185	-6.049822	-5.338078	-17.08185	269.395	143.7722	-31.6726	-4.270463	-6.049822	-6.049822	-17.43772	-4.626335	-8.185054	-5.338078	-17.08185	-4.626335	-8.185054
28.66	-12.81139	-85.35938	-1661.299	61.92175	7.117439	-2289.754	-407.4733	-67.97156	-409.9644	-53.73666	-17.08185	-6.049822	-5.338078	-17.08185	-30.60498	-156.2278	-31.6726	-4.270463	-6.049822	-6.049822	-17.43772	-4.626335	-8.185054	-5.338078	-17.08185	-4.626335	-8.185054
28.95	-12.81139	1114.641	339.7012	-238.0782	207.1174	-2189.754	-507.4733	-67.97156	90.03564	-53.73666	-17.08185	-6.049822	-5.338078	-17.08185	-30.60498	-56.22775	-31.6726	-4.270463	-6.049822	-6.049822	-17.43772	-4.626335	-8.185054	-5.338078	-17.08185	-4.626335	-8.185054
29.23	-12.81139	-285.3594	-160.2988	-538.0782	-92.88256	-588.7544	-307.4733	-267.9716	-309.9644	-53.73666	-17.08185	-6.049822	-5.338078	82.91815	-30.60498	43.77225	-31.6726	-4.270463	-6.049822	-6.049822	-17.43772	-4.626335	-8.185054	-5.338078	82.91815	-4.626335	-8.185054
29.52	-12.81139	14.64062	-1661.299	461.9218	7.117439	-1389.754	-307.4733	532.0284	190.0356	-53.73666	-17.08185	-6.049822	-5.338078	-17.08185	-30.60498	56006.77	-31.6726	-4.270463	-6.049822	-6.049822	-17.43772	-4.626335	-8.185054	-5.338078	-17.08185	-4.626335	-8.185054
29.8	-12.81139	2014.641	239.7012	-138.0782	107.1174	-1389.754	-707.4733	32.02844	-9.964355	-53.73666	82.91815	-6.049822	-5.338078	-17.08185	69.39502	143.7722	-31.6726	-4.270463	-6.049822	-6.049822	-17.43772	-4.626335	-8.185054	-5.338078	-17.08185	-4.626335	-8.185054
30.09	-12.81139	-685.3594	1239.701	-338.0782	-92.88256	-789.7544	392.5267	132.0284	190.0356	-53.73666	-17.08185	-6.049822	-5.338078	-17.08185	-130.605	-156.2278	-31.6726	-4.270463	-6.049822	-6.049822	82.56228	-4.626335	-8.185054	-5.338078	-17.08185	-4.626335	-8.185054
30.37	87.18861	214.6406	-861.2988	-538.0782	-92.88256	-1589.754	192.5267	-267.9716	-709.9644	-53.73666	-17.08185	-6.049822	-5.338078	-17.08185	-130.605	243.7722	-31.6726	-4.270463	-6.049822	-6.049822	-17.43772	-4.626335	-8.185054	-5.338078	-17.08185	-4.626335	-8.185054
30.66	87.18861	-285.3594	539.7012	-38.07825	407.1174	411.2456	-507.4733	-67.97156	-609.9644	46.26334	-17.08185	-6.049822	-5.338078	82.91815	69.39502	-156.2278	-31.6726	-4.270463	-6.049822	-6.049822	-17.43772	-4.626335	-8.185054	-5.338078	82.91815	-4.626335	-8.185054
30.94	87.18861	-885.3594	139.7012	-438.0782	-92.88256	-2689.754	-507.4733	-267.9716	-209.9644	146.2633	-17.08185	-6.049822	-5.338078	-17.08185	69.39502	243.7722	-31.6726	-4.270463	-6.049822	-6.049822	-17.43772	-4.626335	-8.185054	-5.338078	-17.08185	-4.626335	-8.185054
31.23	-12.81139	-785.3594	-260.2988	61.92175	107.1174	111.2456	92.52673	-167.9716	290.0356	46.26334	-17.08185	-6.049822	-5.338078	-17.08185	-30.60498	-56.22775	-31.6726	-4.270463	-6.049822	-6.049822	-17.43772	-4.626335	-8.185054	-5.338078	-17.08185	-4.626335	-8.185054
31.51	-12.81139	514.6406	-160.2988	-338.0782	-92.88256	-188.7544	792.5267	-267.9716	-609.9644	-53.73666	-17.08185	-6.049822	-5.338078	-17.08185	-130.605	-156.2278	68.3274	-4.270463	-6.049822	-6.049822	-17.43772	-4.626335	-8.185054	-5.338078	-17.08185	-4.626335	-8.185054
31.8	-12.81139	35448.64	539.7012	261.9218	107.1174	211.2456	5793.527	-167.9716	890.0356	-53.73666	82.91815	93.95018	94.66192	-17.08185	27584.39	42279.77	-31.6726	-4.270463	-6.049822	193.9502	182.5623	195.3737	-8.185054	94.66192	-17.08185	195.3737	-8.185054
32.09	-12.81139	1479178	239.7012	461.9218	407.1174	19523.25	153071.5	-67.97156	490.0356	946.2634	1482.918	293.9502	-5.338078	-17.08185	53927.39	183666.8	-31.6726	-4.270463	493.9502	393.9502	1382.562	-4.626335	91.81495	-5.338078	-17.08185	-4.626335	91.81495
32.37	487.1886	4623376	39.70117	-138.0782	507.1174	52678.25	324408.5	132.0284	-409.9644	2846.263	1882.918	493.9502	-5.338078	82.91815	57235.39	153918.8	68.3274	95.72954	593.9502	-6.049822	1882.562	-4.626335	491.8149	-5.338078	82.91815	-4.626335	491.8149
32.66	287.1886		2439.701	761.9218	407.1174	71128.24	476425.5	-67.97156	-209.9644	4446.263	4182.918	1093.95	-5.338078	82.91815	95753.4	183315.8	68.3274	95.72954	293.9502	1093.95	982.5623	-4.626335	291.8149	-5.338078	82.91815	-4.626335	291.8149
32.95	187.1886		2139.701	261.9218	407.1174	89792.24	566881.5	-467.9716	-109.9644	3646.263	3182.918	993.9502	-5.338078	-17.08185	101776.4	250293.8	-31.6726	95.72954	293.9502	93.95018	1682.562	-4.626335	691.8149	-5.338078	-17.08185	-4.626335	691.8149
33.24	387.1886		739.7012	2161.922	1007.117	100334.2	652753.5	-267.9716	-209.9644	4846.263	4182.918	693.9502	-5.338078	-17.08185	80800.4	182610.8	68.3274	95.72954	393.9502	93.95018	1582.562	95.37366	691.8149	-5.338078	-17.08185	95.37366	691.8149
33.52	187.1886		1739.701	561.9218	907.1174	102544.2	670412.5	32.02844	-509.9644	3646.263	5083.918	993.9502	-5.338078	82.91815	95652.4	202664.8	68.3274	195.7295	93.95018	393.9502	1382.562	195.3737	591.8149	-5.338078	82.91815	195.3737	591.8149
33.81	187.1886		-60.29883	1261.922	607.1174	104452.2	647827.5	-267.9716	490.0356	4646.263	4982.918	1293.95	-5.338078	-17.08185	71672.4	268603.8	68.3274	195.7295	393.9502	93.95018	1782.562	95.37366	591.8149	-5.338078	-17.08185	95.37366	591.8149
34.1	87.18861		1639.701	1361.922	807.1174	137821.2	672158.5	132.0284	590.0356	4946.263	6283.918	993.9502	-5.338078	82.91815	176491.4	197822.8	168.3274	-4.270463	293.9502	93.95018	1482.562	95.37366	591.8149	-5.338078	82.91815	95.37366	591.8149
34.38	287.1886		939.7012	961.9218	1007.117	103548.2	617778.5	32.02844	-309.9644	5147.263	6083.918	893.9502	94.66192	-17.08185	88727.4	236661.8	-31.6726	195.7295	293.9502	293.9502	1782.562	295.3737	591.8149	94.66192	-17.08185	295.3737	591.8149
34.68	487.1886		1639.701	1561.922	607.1174	109374.2	839465.5	32.02844	490.0356	5047.263	7583.918	1393.95	-5.338078	182.9182	103684.4	313298.8	68.3274	295.7295	393.9502	-6.049822	882.5623	-4.626335	591.8149	-5.338078	182.9182	-4.626335	591.8149
34.96	287.1886		1839.701	1561.922	907.1174	115503.2	633875.5	832.0284	290.0356	4646.263	6983.918	993.9502	-5.338078	-17.08185	107902.4	315526.8	-31.6726	95.72954	93.95018	1593.95	1082.562	95.37366	691.8149	-5.338078	-17.08185	95.37366	691.8149
35.25	387.1886		2139.701	1461.922	1107.117	111986.2	605687.5	332.0284	190.0356	5447.263	8083.918	1193.95	-5.338078	-17.08185	219126.4	311072.8	-31.6726	-4.270463	493.9502	393.9502	882.5623	95.37366	591.8149	-5.338078	-17.08185	95.37366	591.8149
35.56	587.1886		1239.701	1461.922	1107.117	114398.2	686645.5	332.0284	-509.9644	5147.263	6383.918	1293.95	194.6619	-17.08185	352387.4	764109.8	-31.6726	195.7295	793.9502	2393.95	1382.562	95.37366	691.8149	194.6619	-17.08185	95.37366	691.8149
35.84	387.1886		1139.701	1461.922	1507.117	117312.2	600770.5	-167.9716	190.0356	5047.263	7483.918	1293.95	-5.338078	-17.08185	261127.4	803255.8	-31.6726	395.7295	593.9502	493.9502	1682.562	495.3737	491.8149	-5.338078	-17.08185	495.3737	491.8149
36.13	287.1886		2039.701	1161.922	907.1174	113493.2	545929.5	32.02844	-809.9644	3746.263	6383.918	1393.95	-5.338078	82.91815	354669.4	959419.8	68.3274	295.7295	593.9502	493.9502	582.5623	-4.626335	591.8149	-5.338078	82.91815	-4.626335	591.8149
36.42	587.1886		2439.701	2161.922	807.1174	105457.2	514777.5	-167.9716	-9.964355	5447.263	8183.918	1293.95	94.66192	-17.08185	539225.4	1882794	168.3274	195.7295	493.9502	293.9502	2782.562	-4.626335	691.8149	94.66192	-17.08185	-4.626335	691.8149
36.71	287.1886		3040.701	2361.922	807.1174	95816.24	471431.5	-67.97156	690.0356	5647.263	7783.918	1693.95	-5.338078	-17.08185	820314.4	2188224	-31.6726	295.7295	393.9502	1493.95	1482.562	95.37366	791.8149	-5.338078	-17.08185	95.37366	791.8149
36.99	287.1886		2739.701	1761.922	1007.117	103950.2	474386.5	-67.97156	-509.9644	4446.263	7583.918	1093.95	-5.338078	82.91815	1466574	3271019	-31.6726	295.7295	693.9502	2193.95	2882.562	295.3737	791.8149	-5.338078	82.91815	295.3737	791.8149
37.28	387.1886		3240.701	2161.922	2107.117	103849.2	496817.5	132.0284	290.0356	6147.263	10184.92	2093.95	-5.338078	82.91815	8258032	2.159548e+07	-31.6726	595.7296	793.9502	3393.95	2982.562	195.3737	1091.815	-5.338078	82.91815	195.3737	1091.815
37.57	1287.189		1739.701	10464.92	2107.117	108771.2	513858.5	-267.9716	690.0356	5847.263	17288.92	1793.95	-5.338078	382.9182	2.836998e+07	7.623116e+07	368.3274	1195.729	893.9502	11796.95	8283.562	295.3737	1391.815	-5.338078	382.9182	295.3737	1391.815
37.85	1687.189		1439.701	30481.92	4107.118	110781.2	446477.5	432.0284	690.0356	6447.263	24194.92	1993.95	-5.338078	682.9182	4.355429e+07	1.021228e+08	868.3274	495.7295	393.9502	16599.95	6683.562	95.37366	1291.815	-5.338078	682.9182	95.37366	1291.815
38.14	787.1886		4140.701	57630.92	4907.118	75341.24	353573.5	432.0284	1090.036	7347.263	23693.92	2393.95	-5.338078	682.9182	5.53792e+07	1.381712e+08	868.3274	395.7295	893.9502	25006.95	8583.562	295.3737	2091.815	-5.338078	682.9182	295.3737	2091.815
38.42	1487.189		4240.701	66552.92	3707.117	65812.24	379073.5	1632.028	1990.036	9148.264	27397.92	993.9502	-5.338078	1582.918	7.410481e+07	1.842369e+08	1468.327	1095.729	1193.95	59965.95	9684.562	395.3737	1891.815	-5.338078	1582.918	395.3737	1891.815
38.71	1287.189		4240.701	100868.9	2307.117	53981.25	265110.5	1232.028	1290.036	13350.26	39814.92	793.9502	-5.338078	2682.918	8.749125e+07	2.3231e+08	1768.327	1595.729	893.9502	106018	9284.562	95.37366	1891.815	-5.338078	2682.918	95.37366	1891.815
39	1087.189	4669734	3840.701	135533.9	1607.117	41054.25	197585.5	1732.028	2290.036	16752.26	44421.92	693.9502	-5.338078	2282.918	8.971756e+07	2.042668e+08	2868.327	1395.729	293.9502	137974	9884.562	195.3737	2391.815	-5.338078	2282.918	195.3737	2391.815
39.28	587.1886	3501025	4440.701	180921.9	2207.117	30436.25	182268.5	2232.028	1890.036	20154.26	57849.92	193.9502	-5.338078	3282.918	1.076364e+08	3.304735e+08	4468.328	2195.729	593.9502	161715	10284.56	95.37366	3591.815	-5.338078	3282.918	95.37366	3591.815
39.57	487.1886	2857125	4840.701	239311.9	1007.117	30036.25	173102.5	2132.028	3591.036	18553.26	64966.92	893.9502	-5.338078	4382.918	1.198803e+08	3.044282e+08	3868.327	1895.729	293.9502	232066	10784.56	-4.626335	3091.815	-5.338078	4382.918	-4.626335	3091.815
39.85	487.1886	2328153	4540.701	256481.9	1207.117	22025.25	116271.5	2332.028	4391.036	18053.26	63864.92	493.9502	-5.338078	3882.918	1.197344e+08	3.144455e+08	2168.327	1395.729	693.9502	338368.9	10584.56	95.37366	4691.815	-5.338078	3882.918	95.37366	4691.815
40.14	487.1886	1972880	3540.701	272651.9	1007.117	21124.25	106326.5	2532.028	2490.036	15951.26	72788.92	593.9502	-5.338078	3282.918	1.245501e+08	3.044282e+08	4468.328	2995.729	393.9502	501065.9	10384.56	95.37366	4191.815	-5.338078	3282.918	95.37366	4191.815
40.43	387.1886	1753877	3640.701	295914.9	707.1174	17220.25	93775.52	2532.028	3591.036	18053.26	85729.92	93.95018	-5.338078	3082.918	1.271649e+08	3.965944e+08	2068.327	2995.729	193.9502	768012.9	10684.56	-4.626335	4791.815	-5.338078	3082.918	-4.626335	4791.815
40.71	287.1886	1304399	3140.701	297331.9	1007.117	15119.25	69895.52	3232.028	5591.036	16552.26	90144.92	393.9502	-5.338078	4682.918	1.358996e+08	3.364841e+08	2468.327	3295.729	-6.049822	974732.9	10884.56	-4.626335	4391.815	-5.338078	4682.918	-4.626335	4391.815
41	287.1886	983323.6	2539.701	275179.9	907.1174	12116.25	65583.52	3032.028	4491.036	16051.26	89944.92	193.9502	-5.338078	2182.918	1.325759e+08	3.705457e+08	2468.327	4295.729	-6.049822	1066466	12285.56	-4.626335	3991.815	-5.338078	2182.918	-4.626335	3991.815
41.28	287.1886	835762.6	3740.701	275179.9	607.1174	11616.25	61572.53	2032.028	3491.036	12949.26	85729.92	293.9502	-5.338078	3282.918	1.370717e+08	3.945906e+08	3168.327	4495.729	93.95018	1364122	14586.56	-4.626335	4291.815	-5.338078	3282.918	-4.626335	4291.815
41.57	887.1886	669528.6	4340.701	278718.9	2007.117	11316.25	41530.53	2232.028	3691.036	13550.26	91650.92	793.9502	-5.338078	3182.918	1.342447e+08	3.2847e+08	1368.327	4695.729	393.9502	1562652	12585.56	-4.626335	4391.815	-5.338078	3182.918	-4.626335	4391.815
41.86	1687.189	546970.6	3540.701	291462.9	3707.117	9315.246	42832.53	3232.028	2590.036	10048.26	95765.92	993.9502	-5.338078	1982.918	1.306445e+08	3.525128e+08	1368.327	4795.729	293.9502	1526306	12385.56	-4.626335	3291.815	-5.338078	1982.918	-4.626335	3291.815
42.14	1787.189	357543.6	1839.701	247894.9	4907.118	9114.246	33016.53	3032.028	3090.036	9948.264	96468.92	1193.95	-5.338078	2682.918	1.355188e+08	3.224594e+08	1768.327	5396.729	93.95018	1421807	13286.56	-4.626335	2391.815	-5.338078	2682.918	-4.626335	2391.815
42.43	4087.189	376117.6	4340.701	226794.9	8308.117	10415.25	33617.53	3032.028	3390.036	8247.264	87635.92	2693.95	-5.338078	1782.918	1.531072e+08	3.344805e+08	1268.327	4795.729	293.9502	1338597	10884.56	-4.626335	2191.815	-5.338078	1782.918	-4.626335	2191.815
42.72	5088.188	304028.6	2839.701	187469.9	12610.12	3212.246	19201.53	2632.028	2890.036	7747.263	73390.92	2893.95	-5.338078	882.9182	1.531072e+08	3.785605e+08	1468.327	3195.729	93.95018	1326476	13786.56	-4.626335	1591.815	-5.338078	882.9182	-4.626335	1591.815
43	6988.188	231540.6	1939.701	144483.9	18514.12	6013.246	23705.53	1832.028	3591.036	6347.263	68777.92	3493.95	-5.338078	1182.918	1.387573e+08	3.32477e+08	1368.327	3495.729	393.9502	1468917	12785.56	-4.626335	2191.815	-5.338078	1182.918	-4.626335	2191.815
43.29	6388.188	237598.6	4240.701	115532.9	14411.12	3712.246	17199.53	3632.028	2590.036	7347.263	64265.92	2893.95	-5.338078	882.9182	1.315662e+08	4.406799e+08	868.3274	3795.729	193.9502	1685671	12385.56	95.37366	1991.815	-5.338078	882.9182	95.37366	1991.815
43.57	6088.188	189780.6	3640.701	91833.92	10509.12	4112.246	19301.53	2332.028	4091.036	5047.263	60455.92	2893.95	-5.338078	882.9182	1.385227e+08	3.46502e+08	1168.327	3095.729	93.95018	2016140	12385.56	-4.626335	1891.815	-5.338078	882.9182	-4.626335	1891.815
43.86	4387.188	140041.6	639.7012	81898.92	9409.117	3612.246	16699.53	2632.028	5191.036	6947.263	57849.92	1393.95	-5.338078	782.9182	1.320637e+08	3.82568e+08	568.3274	2695.729	-6.049822	2427602	12285.56	-4.626335	3791.815	-5.338078	782.9182	-4.626335	3791.815
44.14	2987.189	158153.6	3840.701	66552.92	7808.118	6013.246	17399.53	2132.028	3491.036	6147.263	64365.92	793.9502	-5.338078	1182.918	1.31376e+08	3.785605e+08	1468.327	3095.729	-6.049822	2533915	10984.56	-4.626335	3791.815	-5.338078	1182.918	-4.626335	3791.815
44.43	3487.189	167616.6	4440.701	55826.92	5108.118	6413.246	20902.53	1932.028	4491.036	8147.263	57147.92	1293.95	-5.338078	1482.918	1.304983e+08	3.344805e+08	768.3274	2295.729	93.95018	2464350	8984.562	-4.626335	3191.815	-5.338078	1482.918	-4.626335	3191.815
44.72	4087.189	82772.64	3940.701	67555.92	3607.117	5613.246	17800.53	1732.028	2990.036	11048.26	59352.92	1093.95	-5.338078	2182.918	1.333077e+08	3.404912e+08	868.3274	3195.729	193.9502	2285060	13386.56	-4.626335	3591.815	-5.338078	2182.918	-4.626335	3591.815
45	5488.188	127571.6	4240.701	92134.92	2907.117	4112.246	24005.53	2132.028	2590.036	9248.264	61858.92	1793.95	-5.338078	2882.918	1.264197e+08	3.304735e+08	1268.327	2595.729	-6.049822	1819587	11785.56	-4.626335	4491.815	-5.338078	2882.918	-4.626335	4491.815
45.29	10689.19	89195.64	1639.701	134326.9	2607.117	1711.246	17600.53	1432.028	3390.036	14350.26	81013.92	1893.95	-5.338078	3282.918	1.531072e+08	3.705457e+08	1268.327	4395.729	293.9502	1503272	11084.56	-4.626335	4291.815	-5.338078	3282.918	-4.626335	4291.815
45.58	22097.19	63410.64	4640.701	188980.9	6108.118	3912.246	15398.53	1932.028	2890.036	13350.26	81013.92	2993.95	-5.338078	3382.918	1.356359e+08	3.46502e+08	1068.327	4895.729	193.9502	1200020	11785.56	-4.626335	5592.815	-5.338078	3382.918	-4.626335	5592.815
45.86	29705.19	46870.64	4340.701	221144.9	7108.118	2211.246	14798.53	3532.028	3591.036	14750.26	87836.92	4393.95	-5.338078	4482.918	1.449053e+08	3.885793e+08	1668.327	3095.729	93.95018	941494.9	10684.56	95.37366	4691.815	-5.338078	4482.918	95.37366	4691.815
46.15	36414.19	44665.64	3840.701	213074.9	10509.12	2111.246	14197.53	1732.028	3691.036	11649.26	92955.92	4693.95	-5.338078	5283.918	1.36178e+08	3.62531e+08	1068.327	4095.729	93.95018	799372.9	12485.56	-4.626335	3591.815	-5.338078	5283.918	-4.626335	3591.815
46.43	38617.19	39054.64	4940.701	177798.9	16412.12	1411.246	13797.53	2632.028	3390.036	9448.264	88840.92	3093.95	-5.338078	2882.918	1.40429e+08	3.765569e+08	768.3274	3495.729	193.9502	603695.9	12285.56	-4.626335	4591.815	-5.338078	2882.918	-4.626335	4591.815
46.72	36113.19	47070.64	4240.701	145690.9	17713.12	11.24561	13897.53	1932.028	3591.036	12949.26	78104.92	3693.95	-5.338078	2782.918	1.349183e+08	3.765569e+08	1268.327	3195.729	93.95018	515147.9	11485.56	-4.626335	4291.815	-5.338078	2782.918	-4.626335	4291.815
47	31607.19	49676.64	3540.701	120154.9	17513.12	11.24561	19902.53	3332.028	3991.036	13049.26	79308.92	3493.95	-5.338078	2182.918	1.438921e+08	3.945906e+08	2668.327	3295.729	93.95018	507798.9	11285.56	-4.626335	4491.815	-5.338078	2182.918	-4.626335	4491.815
47.29	25500.19	29339.64	2739.701	106190.9	12010.12	11.24561	23505.53	1832.028	4191.036	14050.26	72888.92	2793.95	-5.338078	3582.918	1.408983e+08	3.725494e+08	1368.327	2695.729	93.95018	563166.9	11084.56	-4.626335	3591.815	-5.338078	3582.918	-4.626335	3591.815
47.58	27102.19	28237.64	4940.701	98760.92	11110.12	1311.246	26008.53	1632.028	3290.036	15751.26	72888.92	3393.95	-5.338078	3682.918	1.47141e+08	3.805643e+08	2068.327	1895.729	393.9502	692966.9	10184.56	-4.626335	4591.815	-5.338078	3682.918	-4.626335	4591.815
47.86	24799.19	50979.64	1839.701	82701.92	12510.12	1311.246	22604.53	2532.028	3390.036	16552.26	74894.92	2893.95	-5.338078	3282.918	1.3864e+08	4.386759e+08	2068.327	2695.729	293.9502	845555.9	10784.56	-4.626335	3091.815	-5.338078	3282.918	-4.626335	3091.815
48.15	33209.19	24031.64	4840.701	66151.92	16312.12	1811.246	26508.53	2832.028	4091.036	18053.26	73991.92	6394.95	-5.338078	2982.918	1.570846e+08	4.206406e+08	2868.327	2295.729	193.9502	1362540	13486.56	-4.626335	5392.815	-5.338078	2982.918	-4.626335	5392.815
48.43	31707.19	40757.64	4140.701	63444.92	17013.12	2411.246	25507.53	2732.028	3390.036	14750.26	74092.92	6694.95	-5.338078	2582.918	1.465357e+08	4.046097e+08	2568.327	2695.729	293.9502	1366444	13986.56	-4.626335	5392.815	-5.338078	2582.918	-4.626335	5392.815
48.72	27802.19	89497.64	2639.701	46206.92	16112.12	8814.246	30613.53	2632.028	5091.036	14850.26	75295.92	8394.95	-5.338078	1982.918	1.46477e+08	3.745531e+08	3068.327	2795.729	93.95018	1284570	11985.56	-4.626335	5592.815	-5.338078	1982.918	-4.626335	5592.815
49.01	24499.19	44064.64	3640.701	40996.92	13110.12	5913.246	27409.53	1432.028	3591.036	19153.26	68275.92	5194.95	-5.338078	1982.918	1.355627e+08	3.645347e+08	2268.327	2895.729	293.9502	1143041	10084.56	-4.626335	4391.815	-5.338078	1982.918	-4.626335	4391.815
49.29	25300.19	68525.64	4040.701	48310.92	14111.12	3212.246	31514.53	3232.028	2690.036	20454.26	69278.92	6394.95	-5.338078	1982.918	1.415438e+08	4.086173e+08	2168.327	2495.729	-6.049822	964756.9	11084.56	-4.626335	4991.815	-5.338078	1982.918	-4.626335	4991.815
49.58	19695.19	52582.64	3140.701	47708.92	9909.117	4412.246	35820.53	3032.028	5091.036	26961.26	75997.92	6894.95	-5.338078	3882.918	9.146089e+07	3.82568e+08	2668.327	2995.729	193.9502	793695.9	10484.56	-4.626335	5392.815	-5.338078	3882.918	-4.626335	5392.815
49.86	20295.19	39154.64	3140.701	55826.92	12010.12	2011.246	32716.53	3032.028	2990.036	28462.26	73891.92	5194.95	-5.338078	2382.918	1.352112e+08	3.705457e+08	1868.327	1995.729	93.95018	599701.9	9884.562	-4.626335	4691.815	-5.338078	2382.918	-4.626335	4691.815
50.15	19595.19	46168.64	3840.701	46707.92	12910.12	3912.246	30413.53	2032.028	2590.036	26160.26	67272.92	5194.95	-5.338078	2582.918	1.25266e+08	3.705457e+08	1668.327	2595.729	293.9502	446546.9	9984.562	-4.626335	3291.815	-5.338078	2582.918	-4.626335	3291.815
50.44	24499.19	42160.64	1539.701	54823.92	12810.12	2111.246	34118.53	1232.028	2990.036	28162.26	62259.92	4293.95	-5.338078	3182.918	1.30118e+08	3.244629e+08	2268.327	2395.729	-6.049822	377015.9	10984.56	195.3737	4291.815	-5.338078	3182.918	195.3737	4291.815
50.72	29004.19	36049.64	3140.701	56026.92	11210.12	711.2456	30813.53	3232.028	3090.036	26460.26	63462.92	5094.95	-5.338078	2382.918	1.366907e+08	4.046097e+08	2268.327	1795.729	-6.049822	309598.9	9084.562	-4.626335	3991.815	-5.338078	2382.918	-4.626335	3991.815
51.01	28403.19	37552.64	3040.701	51416.92	12310.12	1911.246	33918.53	3432.028	2290.036	24959.26	63162.92	3093.95	-5.338078	3082.918	1.193002e+08	3.545164e+08	2568.327	1895.729	193.9502	254786	9384.562	-4.626335	3091.815	-5.338078	3082.918	-4.626335	3091.815
51.3	24399.19	29339.64	2339.701	46306.92	11810.12	311.2456	32215.53	2432.028	2490.036	22256.26	52537.92	2093.95	-5.338078	4282.918	1.312318e+08	3.645347e+08	3268.327	1995.729	-6.049822	198479	11084.56	-4.626335	3891.815	-5.338078	4282.918	-4.626335	3891.815
51.58	25500.19	22830.64	4840.701	47508.92	14912.12	111.2456	38625.53	2732.028	3190.036	25759.26	49130.92	2593.95	94.66192	3282.918	1.491297e+08	4.126251e+08	3068.327	1095.729	-6.049822	184371	13586.56	-4.626335	4791.815	94.66192	3282.918	-4.626335	4791.815
51.87	22597.19	27636.64	3040.701	48009.92	20816.12	711.2456	37723.53	3532.028	4691.036	28062.26	59152.92	1793.95	-5.338078	3182.918	1.334394e+08	3.505092e+08	3168.327	2295.729	93.95018	162219	10784.56	-4.626335	3991.815	-5.338078	3182.918	-4.626335	3991.815
52.16	30305.19	36149.64	3240.701	53220.92	31627.12	-989.7544	41329.53	3632.028	3290.036	28662.26	56446.92	1693.95	-5.338078	2682.918	1.379657e+08	3.565201e+08	3668.327	1095.729	-6.049822	130936	7483.562	-4.626335	4691.815	-5.338078	2682.918	-4.626335	4691.815
52.44	34611.19	34046.64	2639.701	55425.92	49356.12	111.2456	36221.53	1432.028	2490.036	26360.26	60756.92	1193.95	-5.338078	3682.918	1.414852e+08	3.304735e+08	4068.327	1895.729	-6.049822	139784	10984.56	-4.626335	2691.815	-5.338078	3682.918	-4.626335	2691.815
52.73	44527.19	24232.64	1639.701	70363.92	111857.1	1011.246	37022.53	2732.028	3691.036	29864.26	68476.92	2793.95	-5.338078	2182.918	1.470206e+08	3.545164e+08	4368.328	2195.729	293.9502	187394	8784.562	-4.626335	2591.815	-5.338078	2182.918	-4.626335	2591.815
53.02	55148.19	20127.64	3540.701	60637.92	133563.1	511.2456	36722.53	2332.028	2690.036	26460.26	67373.92	1993.95	-5.338078	2782.918	1.347425e+08	3.144455e+08	2168.327	1995.729	93.95018	286222.9	8183.562	-4.626335	3591.815	-5.338078	2782.918	-4.626335	3591.815
53.3	56451.19	20327.64	3540.701	58131.92	129442.1	-689.7544	31114.53	1932.028	2690.036	19153.26	71083.92	7894.95	-5.338078	2482.918	1.309225e+08	3.805643e+08	2768.327	2395.729	293.9502	589564.9	7383.562	-4.626335	3591.815	-5.338078	2482.918	-4.626335	3591.815
53.59	60560.19	14322.64	1939.701	54422.92	127130.1	1411.246	30613.53	2832.028	2890.036	16251.26	99982.92	11596.95	-5.338078	1082.918	1.352091e+08	3.144455e+08	2368.327	2895.729	693.9502	723102.9	7883.562	-4.626335	5392.815	-5.338078	1082.918	-4.626335	5392.815
53.88	62365.19	20728.64	2739.701	46807.92	108241.1	8314.246	24906.53	2632.028	3791.036	13450.26	77703.92	19901.95	-5.338078	1582.918	1.2965e+08	3.344805e+08	2968.327	3095.729	1493.95	1127561	5183.562	-4.626335	5592.815	-5.338078	1582.918	-4.626335	5592.815
54.17	72291.19	16123.64	3840.701	47107.92	114569.1	411.2456	22804.53	2332.028	3991.036	15051.26	79910.92	18600.95	-5.338078	1782.918	1.267265e+08	3.605274e+08	2168.327	2495.729	993.9502	912031.9	4682.562	-4.626335	4691.815	-5.338078	1782.918	-4.626335	4691.815
54.45	64871.19	15923.64	3840.701	50715.92	131653.1	2311.246	25507.53	1232.028	2890.036	12449.26	66671.92	13597.95	-5.338078	1382.918	1.135857e+08	3.12442e+08	2168.327	2195.729	293.9502	635776.9	3682.562	-4.626335	3191.815	-5.338078	1382.918	-4.626335	3191.815
54.74	53244.19	45667.64	3140.701	40796.92	124919.1	911.2456	19501.53	1832.028	2090.036	19554.26	57949.92	11596.95	-5.338078	982.9182	9.424678e+07	2.242975e+08	1668.327	1795.729	693.9502	487806.9	3982.562	-4.626335	2191.815	-5.338078	982.9182	-4.626335	2191.815
55.02	40920.19	13421.64	3540.701	31783.92	115875.1	1511.246	18100.53	1032.028	1690.036	10048.26	43520.92	8394.95	-5.338078	1082.918	7.602026e+07	2.082729e+08	868.3274	2195.729	293.9502	355706.9	2182.562	-4.626335	2691.815	-5.338078	1082.918	-4.626335	2691.815
55.31	31807.19	22730.64	3040.701	27577.92	91775.12	1211.246	12796.53	232.0284	1590.036	8748.264	34105.92	5294.95	-5.338078	482.9182	5.893292e+07	1.842369e+08	768.3274	1595.729	93.95018	276312.9	1182.562	95.37366	1891.815	-5.338078	482.9182	95.37366	1891.815
55.6	24499.19	8618.641	139.7012	19970.92	75922.12	611.2456	11996.53	1532.028	1290.036	5947.263	28698.92	4293.95	-5.338078	682.9182	4.46679e+07	1.294532e+08	668.3274	495.7295	393.9502	217032	1382.562	-4.626335	1591.815	-5.338078	682.9182	-4.626335	1591.815
55.88	21596.19	6316.641	1039.701	17268.92	54266.12	111.2456	9895.526	932.0284	690.0356	4646.263	21591.92	4993.95	-5.338078	382.9182	4.216991e+07	1.060013e+08	868.3274	995.7296	-6.049822	220159	2282.562	-4.626335	1291.815	-5.338078	382.9182	-4.626335	1291.815
56.17	18294.19	6716.641	1839.701	13065.92	44346.12	1411.246	6794.527	932.0284	1390.036	4346.263	20190.92	5494.95	-5.338078	282.9182	3.90891e+07	1.098239e+08	868.3274	595.7296	193.9502	228534	2982.562	-4.626335	1491.815	-5.338078	282.9182	-4.626335	1491.815
56.45	20996.19	6416.641	2039.701	10964.92	38537.12	4912.246	5993.527	432.0284	1790.036	3046.263	21191.92	8795.95	-5.338078	482.9182	4.249812e+07	1.134606e+08	768.3274	395.7295	93.95018	381583.9	2682.562	-4.626335	1691.815	-5.338078	482.9182	-4.626335	1691.815
56.74	21696.19	7517.641	1739.701	9963.922	48654.12	5613.246	4693.527	332.0284	890.0356	3546.263	21691.92	9695.95	-5.338078	182.9182	4.779643e+07	1.341657e+08	268.3274	1495.729	293.9502	510758.9	4782.562	-4.626335	1791.815	-5.338078	182.9182	-4.626335	1791.815
57.02	23598.19	40056.64	1039.701	7562.922	28824.12	5212.246	6693.527	732.0284	590.0356	1946.263	28799.92	10895.95	-5.338078	-17.08185	5.460587e+07	1.381712e+08	568.3274	895.7296	393.9502	651370.9	5883.562	-4.626335	1591.815	-5.338078	-17.08185	-4.626335	1591.815
57.31	25200.19	4415.641	839.7012	7963.922	33329.12	3512.246	3693.527	1132.028	1190.036	3546.263	27797.92	11596.95	-5.338078	82.91815	5.598078e+07	1.481852e+08	568.3274	1095.729	393.9502	773476.9	5683.562	-4.626335	1591.815	-5.338078	82.91815	-4.626335	1591.815
57.6	25600.19	5016.641	139.7012	8163.922	26221.12	4112.246	8794.526	632.0284	2290.036	2946.263	29800.92	12396.95	94.66192	282.9182	6.708552e+07	1.521908e+08	868.3274	2195.729	593.9502	1072204	9084.562	-4.626335	4091.815	94.66192	282.9182	-4.626335	4091.815
57.88	29605.19	34647.64	1539.701	7562.922	25720.12	5212.246	7794.527	2532.028	1290.036	2546.263	41316.92	13397.95	-5.338078	182.9182	8.284069e+07	2.082729e+08	868.3274	2295.729	593.9502	1402776	8583.562	-4.626335	5292.815	-5.338078	182.9182	-4.626335	5292.815
58.17	36514.19	13921.64	2739.701	7963.922	33229.12	4012.246	8794.526	632.0284	990.0356	2846.263	47828.92	16799.95	-5.338078	182.9182	8.67976e+07	1.942518e+08	868.3274	2195.729	-6.049822	1445087	6983.562	-4.626335	5092.815	-5.338078	182.9182	-4.626335	5092.815
58.45	36013.19	21529.64	3140.701	8763.922	29525.12	4312.246	9495.526	1432.028	2790.036	2146.263	54942.92	16198.95	-5.338078	282.9182	9.113504e+07	2.44329e+08	1168.327	3195.729	193.9502	1516220	5583.562	-4.626335	4691.815	-5.338078	282.9182	-4.626335	4691.815
58.74	36714.19	47271.64	2239.701	10564.92	32628.12	4012.246	10395.53	3032.028	2690.036	2146.263	51234.92	17599.95	-5.338078	82.91815	1.035112e+08	2.924078e+08	1568.327	2395.729	393.9502	1724703	5383.562	-4.626335	5092.815	-5.338078	82.91815	-4.626335	5092.815
59.03	45328.19	20527.64	1839.701	10063.92	36934.12	5713.246	15398.53	1832.028	1390.036	3246.263	58551.92	20101.95	-5.338078	182.9182	1.110389e+08	3.304735e+08	868.3274	2395.729	493.9502	1795002	6383.562	-4.626335	4691.815	-5.338078	182.9182	-4.626335	4691.815
59.31	44927.19	20628.64	2339.701	10164.92	38437.12	8914.246	10595.53	1232.028	3190.036	2246.263	61057.92	21002.95	-5.338078	182.9182	1.144738e+08	3.32477e+08	868.3274	2995.729	93.95018	2069984	3782.562	95.37366	6392.815	-5.338078	182.9182	95.37366	6392.815
59.6	49035.19	20828.64	3340.701	10564.92	43545.12	9415.246	17199.53	2132.028	2490.036	2746.263	65668.92	23404.95	-5.338078	82.91815	1.209013e+08	2.884011e+08	1368.327	2795.729	493.9502	1879592	4282.562	-4.626335	5492.815	-5.338078	82.91815	-4.626335	5492.815
59.89	41421.19	59099.64	2539.701	9663.922	62184.12	6213.246	14798.53	2032.028	2090.036	3646.263	60255.92	21102.95	-5.338078	282.9182	1.149835e+08	2.743777e+08	1468.327	2395.729	93.95018	1627073	4082.562	-4.626335	5792.815	-5.338078	282.9182	-4.626335	5792.815
60.17	37415.19	58196.64	339.7012	15166.92	73315.12	6813.246	14698.53	1532.028	1390.036	5647.263	55544.92	19601.95	-5.338078	682.9182	9.91587e+07	2.663645e+08	1568.327	2395.729	293.9502	1317731	2582.562	-4.626335	3191.815	-5.338078	682.9182	-4.626335	3191.815
60.46	38116.19	33345.64	3940.701	12465.92	70807.12	8814.246	15498.53	2032.028	1490.036	4446.263	51836.92	16098.95	-5.338078	182.9182	8.385116e+07	2.603547e+08	668.3274	2095.729	393.9502	1098928	1882.562	-4.626335	3291.815	-5.338078	182.9182	-4.626335	3291.815
60.74	29104.19	27736.64	1339.701	11464.92	60380.12	13718.25	10895.53	2632.028	1890.036	4346.263	36409.92	13797.95	94.66192	82.91815	6.755975e+07	1.942518e+08	868.3274	1495.729	193.9502	841625.9	2282.562	-4.626335	2391.815	94.66192	82.91815	-4.626335	2391.815
61.03	20696.19	39054.64	2539.701	8463.922	44948.12	9515.246	9995.526	1532.028	890.0356	3246.263	33605.92	11095.95	-5.338078	82.91815	5.164302e+07	1.38153e+08	268.3274	1395.729	-6.049822	677347.9	1282.562	-4.626335	1591.815	-5.338078	82.91815	-4.626335	1591.815
61.32	17093.19	24732.64	1239.701	7562.922	35733.12	4412.246	7794.527	1032.028	1290.036	3246.263	20891.92	7094.95	-5.338078	-17.08185	3.660929e+07	1.033045e+08	368.3274	895.7296	93.95018	474249.9	1082.562	-4.626335	691.8149	-5.338078	-17.08185	-4.626335	691.8149
61.6	13090.19	53585.64	-360.2988	6362.922	28123.12	3012.246	4993.527	332.0284	890.0356	1446.263	16988.92	6294.95	-5.338078	82.91815	3.024669e+07	8.629626e+07	168.3274	95.72954	93.95018	379959.9	882.5623	-4.626335	1191.815	-5.338078	82.91815	-4.626335	1191.815
61.89	11390.19	18926.64	2139.701	3661.922	23018.12	2811.246	4393.527	232.0284	390.0356	1346.263	14786.92	8294.95	-5.338078	-17.08185	2.800044e+07	8.544071e+07	168.3274	495.7295	93.95018	374984.9	482.5623	95.37366	1091.815	-5.338078	-17.08185	95.37366	1091.815
62.17	18994.19	23030.64	839.7012	6162.922	50057.12	1211.246	6593.527	532.0284	590.0356	1946.263	25495.92	19701.95	-5.338078	-17.08185	3.990184e+07	1.07416e+08	468.3274	1195.729	793.9502	370011.9	782.5623	-4.626335	2091.815	-5.338078	-17.08185	-4.626335	2091.815
62.46	45028.19	21428.64	1139.701	10964.92	180759.1	4012.246	8094.527	732.0284	2190.036	3946.263	33705.92	28009.95	-5.338078	82.91815	6.629528e+07	1.682136e+08	468.3274	1595.729	793.9502	404845.9	982.5623	-4.626335	2691.815	-5.338078	82.91815	-4.626335	2691.815
62.75	75601.19	20928.64	739.7012	19469.92	387691.1	3312.246	10195.53	1732.028	1090.036	7547.263	58851.92	33515.95	-5.338078	82.91815	9.072998e+07	1.942518e+08	1268.327	2495.729	793.9502	393770.9	682.5623	-4.626335	2991.815	-5.338078	82.91815	-4.626335	2991.815
63.03	102898.2	32043.64	2039.701	25875.92	568091.1	711.2456	16999.53	1932.028	2490.036	8247.264	65768.92	28309.95	-5.338078	782.9182	9.843381e+07	2.583515e+08	768.3274	1695.729	293.9502	352562.9	982.5623	-4.626335	4091.815	-5.338078	782.9182	-4.626335	4091.815
63.32	110430.2	196231.6	3240.701	30681.92	621131.1	1211.246	8394.526	1532.028	1890.036	8948.264	68676.92	20902.95	-5.338078	982.9182	1.0235e+08	2.803876e+08	1268.327	2495.729	493.9502	287031.9	2682.562	-4.626335	5492.815	-5.338078	982.9182	-4.626335	5492.815
63.6	119170.2	33645.64	1939.701	34687.92	700693.1	511.2456	11396.53	2232.028	1990.036	13750.26	68375.92	15398.95	-5.338078	882.9182	1.136439e+08	2.924078e+08	1668.327	3695.729	593.9502	273481.9	5583.562	-4.626335	3091.815	-5.338078	882.9182	-4.626335	3091.815
63.89	118065.2	45166.64	1839.701	40295.92	682706.1	2111.246	12596.53	1932.028	3290.036	20354.26	68977.92	11796.95	-5.338078	1282.918	1.141389e+08	3.004214e+08	1768.327	3595.729	193.9502	222681	5083.562	-4.626335	4291.815	-5.338078	1282.918	-4.626335	4291.815
64.18	96172.19	18525.64	2239.701	44302.92	577810.1	-588.7544	18500.53	2332.028	2890.036	27361.26	68476.92	11696.95	-5.338078	1082.918	1.10588e+08	2.843943e+08	2168.327	2695.729	293.9502	225204	7483.562	-4.626335	4391.815	-5.338078	1082.918	-4.626335	4391.815
64.46	101091.2	21929.64	2239.701	60036.92	529865.1	1411.246	24206.53	1932.028	1890.036	40279.26	71484.92	9195.95	-5.338078	1282.918	1.307615e+08	3.244629e+08	4268.328	2295.729	393.9502	240344	6283.562	-4.626335	5592.815	-5.338078	1282.918	-4.626335	5592.815
64.75	92357.19	39355.64	939.7012	67154.92	422753.1	11.24561	26208.53	3032.028	3090.036	36773.26	66370.92	7094.95	-5.338078	1982.918	1.248859e+08	3.224594e+08	2168.327	3195.729	-6.049822	245695	8083.562	-4.626335	5992.815	-5.338078	1982.918	-4.626335	5992.815
65.03	97376.19	35748.64	2940.701	67555.92	401304.1	1611.246	22504.53	1732.028	3390.036	41080.26	75897.92	6094.95	-5.338078	2582.918	1.337908e+08	3.565201e+08	1968.327	2495.729	293.9502	218646	7883.562	-4.626335	5092.815	-5.338078	2582.918	-4.626335	5092.815
65.32	109727.2	19126.64	2639.701	66653.92	391652.1	211.2456	28110.53	1332.028	4491.036	41480.26	85026.92	6794.95	-5.338078	1782.918	1.271649e+08	3.485056e+08	1968.327	2295.729	193.9502	212695	9184.562	-4.626335	5192.815	-5.338078	1782.918	-4.626335	5192.815
65.61	108422.2	43262.64	2940.701	63645.92	431704.1	1911.246	25707.53	2432.028	3491.036	34870.26	84123.92	7694.95	-5.338078	2282.918	1.29767e+08	3.565201e+08	1468.327	3195.729	93.95018	227827	8283.562	-4.626335	5892.815	-5.338078	2282.918	-4.626335	5892.815
65.89	115654.2	15923.64	3740.701	57229.92	351056.1	211.2456	21203.53	2332.028	3591.036	28662.26	72387.92	8394.95	-5.338078	1882.918	1.26522e+08	3.705457e+08	2568.327	2295.729	993.9502	451127.9	11285.56	95.37366	7392.815	-5.338078	1882.918	95.37366	7392.815
66.18	124597.2	25033.64	4340.701	47909.92	335241.1	1011.246	25407.53	1732.028	2890.036	23257.26	97271.92	22903.95	-5.338078	2482.918	1.365442e+08	3.705457e+08	2768.327	2395.729	1493.95	709829.9	11185.56	-4.626335	6492.815	-5.338078	2482.918	-4.626335	6492.815
66.46	127310.2	13521.64	3940.701	37991.92	283102.1	2411.246	21002.53	2932.028	3491.036	21956.26	94561.92	46536.95	-5.338078	582.9182	1.403996e+08	3.82568e+08	1168.327	4095.729	4993.95	1145552	9284.562	-4.626335	10593.82	-5.338078	582.9182	-4.626335	10593.82
66.75	116960.2	18425.64	3740.701	32684.92	230667.1	3212.246	21303.53	1432.028	3190.036	14550.26	89141.92	71194.95	-5.338078	1082.918	1.379804e+08	3.765569e+08	1568.327	4395.729	5794.95	1532042	11885.56	-4.626335	10493.82	-5.338078	1082.918	-4.626335	10493.82
67.04	119673.2	15022.64	3240.701	31883.92	186904.1	1811.246	17500.53	2232.028	2790.036	14050.26	87134.92	98888.95	-5.338078	882.9182	1.328393e+08	3.605274e+08	1868.327	2795.729	11496.95	1693900	10884.56	-4.626335	10193.82	-5.338078	882.9182	-4.626335	10193.82
67.32	113042.2	19827.64	2940.701	26676.92	164245.1	4212.246	18000.53	1432.028	3390.036	13650.26	90245.92	118072	-5.338078	882.9182	1.317856e+08	3.444984e+08	1768.327	4095.729	11896.95	1842583	11084.56	-4.626335	9993.815	-5.338078	882.9182	-4.626335	9993.815
67.61	110330.2	15623.64	3540.701	23873.92	145128.1	3412.246	16699.53	2332.028	3390.036	10748.26	87535.92	110638	-5.338078	382.9182	1.384348e+08	3.765569e+08	1768.327	3295.729	11696.95	2176593	14086.56	-4.626335	13395.82	-5.338078	382.9182	-4.626335	13395.82
67.89	112841.2	13421.64	3340.701	23873.92	135172.1	5513.246	17500.53	2432.028	4391.036	10848.26	85628.92	109835	-5.338078	382.9182	1.531072e+08	3.785605e+08	2668.327	3195.729	11196.95	2308581	12085.56	95.37366	13795.82	-5.338078	382.9182	95.37366	13795.82
68.18	109326.2	13921.64	2639.701	19569.92	109547.1	6613.246	18200.53	2832.028	2990.036	9748.264	86331.92	103307	-5.338078	682.9182	1.315369e+08	3.585237e+08	1068.327	3695.729	7994.95	2326865	10384.56	-4.626335	16496.81	-5.338078	682.9182	-4.626335	16496.81
68.47	109727.2	11219.64	2039.701	18469.92	97397.12	5913.246	15398.53	1132.028	3591.036	8047.263	77703.92	83532.95	-5.338078	682.9182	1.246669e+08	3.304735e+08	1868.327	2795.729	5794.95	2249874	10884.56	-4.626335	12394.82	-5.338078	682.9182	-4.626335	12394.82
68.75	96071.19	16523.64	3040.701	19870.92	84650.12	7914.246	17199.53	2732.028	2290.036	9748.264	79207.92	70191.95	-5.338078	982.9182	1.234842e+08	2.843943e+08	1468.327	2595.729	5494.95	2039744	10884.56	95.37366	11994.82	-5.338078	982.9182	95.37366	11994.82
69.04	89146.19	18525.64	2339.701	36489.92	83848.12	5513.246	31715.53	2832.028	4391.036	18253.26	91750.92	51045.95	-5.338078	3482.918	1.42615e+08	3.765569e+08	3568.327	3195.729	4693.95	1827537	13386.56	95.37366	11994.82	-5.338078	3482.918	95.37366	11994.82
69.32	90350.19	34647.64	2039.701	56527.92	84951.12	2511.246	42231.53	2432.028	3290.036	21856.26	81013.92	38423.95	-5.338078	3882.918	1.325027e+08	3.745531e+08	4368.328	2195.729	3293.95	1378162	12185.56	-4.626335	9693.815	-5.338078	3882.918	-4.626335	9693.815
69.61	78510.19	31141.64	4340.701	74274.92	89066.12	4812.246	39927.53	2732.028	5091.036	19454.26	80411.92	31613.95	-5.338078	2882.918	1.265366e+08	3.264664e+08	3568.327	2695.729	1593.95	1194568	11585.56	-4.626335	10393.82	-5.338078	2882.918	-4.626335	10393.82
69.9	70286.19	30040.64	1839.701	82902.92	91976.12	2511.246	40127.53	1932.028	2590.036	20154.26	79609.92	26707.95	94.66192	3182.918	1.253533e+08	3.545164e+08	3168.327	2195.729	1793.95	1223729	8183.562	-4.626335	9693.815	94.66192	3182.918	-4.626335	9693.815
70.18	69183.19	36349.64	4140.701	82400.92	84650.12	4212.246	38124.53	2132.028	4091.036	21655.26	82016.92	21202.95	-5.338078	3282.918	1.275156e+08	3.204559e+08	3968.327	1895.729	1693.95	1090678	10784.56	95.37366	9893.815	-5.338078	3282.918	95.37366	9893.815
70.47	74398.19	43362.64	439.7012	87518.92	82744.12	4112.246	32015.53	2532.028	4291.036	17852.26	83120.92	19801.95	-5.338078	4182.918	1.326051e+08	3.62531e+08	3768.327	1795.729	3193.95	1148482	9084.562	95.37366	8392.815	-5.338078	4182.918	95.37366	8392.815
70.75	86637.19	39455.64	1739.701	76280.92	99003.12	2011.246	38925.53	1932.028	2190.036	13750.26	76499.92	16098.95	-5.338078	3482.918	1.27311e+08	3.244629e+08	3568.327	2595.729	2893.95	910891.9	8684.562	-4.626335	9493.815	-5.338078	3482.918	-4.626335	9493.815
71.04	89647.19	44364.64	2439.701	61138.92	139395.1	1711.246	30914.53	2432.028	2390.036	13149.26	75997.92	12796.95	-5.338078	1982.918	1.144447e+08	2.683678e+08	2568.327	1695.729	1193.95	617629.9	4682.562	95.37366	9393.815	-5.338078	1982.918	95.37366	9393.815
71.33	69684.19	131693.6	1839.701	48310.92	159213.1	2111.246	27409.53	1432.028	1890.036	12549.26	67373.92	14998.95	-5.338078	1482.918	1.032354e+08	2.743777e+08	1868.327	2495.729	893.9502	533833.9	5583.562	-4.626335	5692.815	-5.338078	1482.918	-4.626335	5692.815
71.61	59658.19	701701.6	3340.701	36489.92	147642.1	611.2456	18600.53	832.0284	2090.036	8447.264	53239.92	12096.95	-5.338078	1382.918	7.896023e+07	2.3231e+08	1768.327	1295.729	1293.95	424365.9	4182.562	-4.626335	4791.815	-5.338078	1382.918	-4.626335	4791.815
71.9	45528.19	995494.6	2739.701	27377.92	108141.1	1911.246	12896.53	2032.028	1990.036	5447.263	38512.92	8995.95	-5.338078	1782.918	5.781483e+07	1.461824e+08	968.3274	1595.729	1093.95	328740.9	3182.562	-4.626335	3191.815	-5.338078	1782.918	-4.626335	3191.815
72.18	31907.19	1765239	2039.701	20670.92	78029.12	711.2456	11295.53	532.0284	1190.036	5347.263	31602.92	7294.95	-5.338078	682.9182	4.445372e+07	1.205109e+08	768.3274	695.7296	593.9502	262868.9	2282.562	-4.626335	3091.815	-5.338078	682.9182	-4.626335	3091.815
72.47	27202.19	1938644	1239.701	16867.92	56471.12	611.2456	8494.526	32.02844	1190.036	7347.263	24894.92	6494.95	-5.338078	282.9182	3.448715e+07	9.791712e+07	968.3274	595.7296	493.9502	220462	2582.562	-4.626335	2191.815	-5.338078	282.9182	-4.626335	2191.815
72.76	21396.19	2197996	1539.701	14066.92	35032.12	-488.7544	5893.527	432.0284	390.0356	4446.263	16888.92	4193.95	-5.338078	582.9182	2.825627e+07	7.882075e+07	568.3274	195.7295	493.9502	166849	2282.562	-4.626335	1691.815	-5.338078	582.9182	-4.626335	1691.815
73.04	15092.19	1799462	639.7012	10063.92	31527.12	-689.7544	5193.527	332.0284	-9.964355	3346.263	12685.92	3693.95	-5.338078	82.91815	2.324255e+07	5.756638e+07	68.3274	-4.270463	293.9502	140387	1482.562	-4.626335	1591.815	-5.338078	82.91815	-4.626335	1591.815
73.33	13190.19	1806226	1239.701	8563.922	29024.12	611.2456	5293.527	-267.9716	890.0356	3146.263	13786.92	3793.95	-5.338078	82.91815	2.054688e+07	4.789742e+07	368.3274	295.7295	93.95018	102905	1082.562	95.37366	1391.815	-5.338078	82.91815	95.37366	1391.815
73.61	9589.188	2111801	1739.701	7663.922	23018.12	611.2456	4593.527	232.0284	390.0356	2246.263	8283.918	1593.95	-5.338078	782.9182	1.400072e+07	3.742482e+07	268.3274	195.7295	93.95018	88851.95	1082.562	-4.626335	791.8149	-5.338078	782.9182	-4.626335	791.8149
73.9	7188.188	1923861	-1861.299	4462.922	16913.12	-188.7544	3693.527	-267.9716	-209.9644	2346.263	9484.918	2393.95	-5.338078	182.9182	1.167989e+07	3.56514e+07	468.3274	195.7295	93.95018	76510.95	882.5623	95.37366	491.8149	-5.338078	182.9182	95.37366	491.8149
74.18	7788.188	1411831	639.7012	5062.922	16613.12	-789.7544	1292.527	32.02844	1390.036	1946.263	6283.918	1793.95	-5.338078	82.91815	1.059076e+07	2.828116e+07	168.3274	295.7295	293.9502	51847.95	482.5623	-4.626335	291.8149	-5.338078	82.91815	-4.626335	291.8149
74.47	5188.188	1360486	739.7012	3161.922	13911.12	711.2456	1692.527	-67.97156	390.0356	1146.263	5683.918	2393.95	-5.338078	182.9182	7381892	2.290596e+07	-31.6726	-4.270463	293.9502	58060.95	482.5623	95.37366	291.8149	-5.338078	182.9182	95.37366	291.8149
74.76	4587.188	976460.6	-260.2988	3261.922	10009.12	-989.7544	692.5267	-167.9716	-209.9644	846.2634	5383.918	1293.95	-5.338078	182.9182	6873264	1.796569e+07	68.3274	295.7295	393.9502	51346.95	282.5623	-4.626335	391.8149	-5.338078	182.9182	-4.626335	391.8149
75.04	3887.189	919133.6	-560.2988	2761.922	9009.117	-689.7544	1192.527	32.02844	-209.9644	846.2634	4082.918	793.9502	-5.338078	82.91815	6110462	1.543414e+07	268.3274	195.7295	-6.049822	51747.95	482.5623	95.37366	491.8149	-5.338078	82.91815	95.37366	491.8149
75.33	3787.189	646324.6	-160.2988	2561.922	6608.118	1111.246	1592.527	132.0284	-709.9644	246.2633	2582.918	1393.95	-5.338078	82.91815	5206612	1.274814e+07	168.3274	395.7295	93.95018	28910.95	382.5623	-4.626335	291.8149	-5.338078	82.91815	-4.626335	291.8149
75.61	2887.189	574995.6	239.7012	1961.922	7808.118	-288.7544	592.5267	-67.97156	690.0356	746.2634	2282.918	293.9502	-5.338078	82.91815	4020662	1.127099e+07	-31.6726	-4.270463	93.95018	33515.95	82.56228	-4.626335	191.8149	-5.338078	82.91815	-4.626335	191.8149
75.9	1987.189	470926.6	39.70117	1061.922	4107.118	111.2456	392.5267	232.0284	-309.9644	246.2633	2282.918	693.9502	-5.338078	-17.08185	2835110	9680906	68.3274	95.72954	93.95018	22103.95	282.5623	195.3737	-8.185054	-5.338078	-17.08185	195.3737	-8.185054
76.19	1987.189	382413.6	39.70117	1161.922	3307.117	-689.7544	392.5267	-367.9716	-9.964355	446.2633	2182.918	193.9502	-5.338078	-17.08185	2186048	7524074	68.3274	195.7295	-6.049822	20101.95	182.5623	-4.626335	391.8149	-5.338078	-17.08185	-4.626335	391.8149
76.47	1187.189	320942.6	-460.2988	961.9218	3207.117	-288.7544	892.5267	32.02844	-209.9644	346.2633	1982.918	493.9502	-5.338078	-17.08185	1889775	5212614	168.3274	195.7295	-6.049822	14697.95	82.56228	-4.626335	191.8149	-5.338078	-17.08185	-4.626335	191.8149
76.76	1887.189	253760.6	-660.2988	861.9218	3507.117	-588.7544	-507.4733	-67.97156	-509.9644	346.2633	1282.918	493.9502	-5.338078	-17.08185	1353729	4886578	-31.6726	-4.270463	-6.049822	17599.95	82.56228	-4.626335	-8.185054	-5.338078	-17.08185	-4.626335	-8.185054
77.05	887.1886	225786.6	-961.2988	461.9218	2807.117	111.2456	492.5267	332.0284	190.0356	246.2633	1082.918	393.9502	-5.338078	-17.08185	1791024	5014154	-31.6726	-4.270463	-6.049822	12496.95	82.56228	-4.626335	291.8149	-5.338078	-17.08185	-4.626335	291.8149
77.34	1187.189	144366.6	-460.2988	361.9218	2207.117	11.24561	892.5267	-167.9716	190.0356	46.26334	982.9182	-6.049822	-5.338078	82.91815	1157254	3965336	-31.6726	95.72954	-6.049822	7694.95	182.5623	-4.626335	-8.185054	-5.338078	82.91815	-4.626335	-8.185054
77.63	687.1886	220034.6	-1261.299	761.9218	3107.117	-1389.754	592.5267	32.02844	-209.9644	146.2633	782.9182	393.9502	-5.338078	82.91815	1057528	3469382	-31.6726	-4.270463	-6.049822	6394.95	-17.43772	-4.626335	91.81495	-5.338078	82.91815	-4.626335	91.81495
77.92	687.1886	85983.64	-360.2988	561.9218	807.1174	-1189.754	192.5267	132.0284	190.0356	146.2633	582.9182	-6.049822	-5.338078	-17.08185	563914.4	2307703	68.3274	-4.270463	-6.049822	7494.95	-17.43772	-4.626335	91.81495	-5.338078	-17.08185	-4.626335	91.81495
78.2	-12.81139	54788.64	339.7012	561.9218	1707.117	-88.75439	392.5267	-267.9716	-309.9644	346.2633	582.9182	-6.049822	-5.338078	-17.08185	705591.4	2562673	-31.6726	-4.270463	-6.049822	8594.95	82.56228	-4.626335	91.81495	-5.338078	-17.08185	-4.626335	91.81495
78.5	687.1886	113098.6	539.7012	-38.07825	607.1174	11.24561	-107.4733	32.02844	-309.9644	146.2633	482.9182	193.9502	-5.338078	-17.08185	930592.4	1783656	-31.6726	-4.270463	-6.049822	6394.95	82.56228	-4.626335	-8.185054	-5.338078	-17.08185	-4.626335	-8.185054
78.79	187.1886	42461.64	-1161.299	261.9218	1407.117	-1289.754	-507.4733	132.0284	-409.9644	346.2633	182.9182	-6.049822	94.66192	282.9182	803661.4	1698682	68.3274	95.72954	-6.049822	2093.95	-17.43772	-4.626335	-8.185054	94.66192	282.9182	-4.626335	-8.185054
79.08	187.1886	50879.64	139.7012	161.9218	707.1174	-288.7544	492.5267	-267.9716	190.0356	-53.73666	82.91815	293.9502	-5.338078	-17.08185	386333.4	1811980	-31.6726	-4.270463	-6.049822	14397.95	-17.43772	-4.626335	-8.185054	-5.338078	-17.08185	-4.626335	-8.185054
79.36	387.1886	51680.64	-861.2988	-638.0782	507.1174	-388.7544	-507.4733	132.0284	-109.9644	46.26334	482.9182	-6.049822	94.66192	-17.08185	274064.4	976490.8	-31.6726	-4.270463	-6.049822	2593.95	82.56228	-4.626335	-8.185054	94.66192	-17.08185	-4.626335	-8.185054
79.66	487.1886	41960.64	-560.2988	-238.0782	807.1174	-1589.754	-307.4733	232.0284	490.0356	46.26334	282.9182	193.9502	-5.338078	-17.08185	304311.4	438483.8	68.3274	-4.270463	93.95018	1693.95	-17.43772	-4.626335	191.8149	-5.338078	-17.08185	-4.626335	191.8149
79.95	287.1886	26835.64	-260.2988	-38.07825	407.1174	-488.7544	-107.4733	-367.9716	-109.9644	-53.73666	182.9182	-6.049822	-5.338078	-17.08185	366488.4	323325.8	-31.6726	-4.270463	-6.049822	5994.95	-17.43772	-4.626335	-8.185054	-5.338078	-17.08185	-4.626335	-8.185054
80.24	187.1886	36550.64	39.70117	-138.0782	1007.117	-789.7544	-707.4733	-67.97156	190.0356	46.26334	-17.08185	293.9502	-5.338078	-17.08185	324184.4	608371.8	-31.6726	-4.270463	-6.049822	593.9502	-17.43772	-4.626335	-8.185054	-5.338078	-17.08185	-4.626335	-8.185054
80.53	187.1886	15222.64	-160.2988	261.9218	507.1174	-1089.754	-107.4733	132.0284	-209.9644	46.26334	282.9182	-6.049822	-5.338078	-17.08185	252741.4	523426.8	-31.6726	-4.270463	-6.049822	993.9502	-17.43772	-4.626335	91.81495	-5.338078	-17.08185	-4.626335	91.81495
80.81	287.1886	12020.64	-260.2988	361.9218	307.1174	-1189.754	-307.4733	32.02844	-309.9644	-53.73666	282.9182	-6.049822	-5.338078	-17.08185	232648.4	282759.8	-31.6726	-4.270463	-6.049822	2693.95	82.56228	-4.626335	-8.185054	-5.338078	-17.08185	-4.626335	-8.185054
81.11	-12.81139	2615.641	-660.2988	361.9218	607.1174	-388.7544	-307.4733	-67.97156	-109.9644	46.26334	-17.08185	-6.049822	-5.338078	-17.08185	215797.4	749951.8	68.3274	-4.270463	-6.049822	1793.95	-17.43772	-4.626335	-8.185054	-5.338078	-17.08185	-4.626335	-8.185054
81.39	87.18861	10118.64	-1361.299	-438.0782	107.1174	-488.7544	492.5267	332.0284	90.03564	146.2633	82.91815	93.95018	-5.338078	-17.08185	62748.39	568339.8	68.3274	-4.270463	-6.049822	1893.95	-17.43772	-4.626335	-8.185054	-5.338078	-17.08185	-4.626335	-8.185054
81.68	287.1886	17625.64	-861.2988	261.9218	207.1174	-1589.754	-307.4733	232.0284	-109.9644	-53.73666	82.91815	-6.049822	-5.338078	-17.08185	136441.4	245344.8	-31.6726	-4.270463	-6.049822	793.9502	-17.43772	-4.626335	-8.185054	-5.338078	-17.08185	-4.626335	-8.185054
81.97	87.18861	2214.641	739.7012	61.92175	107.1174	-1489.754	-907.4733	532.0284	190.0356	46.26334	-17.08185	-6.049822	-5.338078	-17.08185	253678.4	381855.8	-31.6726	-4.270463	-6.049822	1493.95	-17.43772	-4.626335	91.81495	-5.338078	-17.08185	-4.626335	91.81495
82.26	87.18861	10219.64	-60.29883	261.9218	107.1174	-2589.754	492.5267	-67.97156	-709.9644	46.26334	182.9182	-6.049822	-5.338078	-17.08185	60743.39	268603.8	168.3274	-4.270463	-6.049822	1993.95	-17.43772	-4.626335	-8.185054	-5.338078	-17.08185	-4.626335	-8.185054
82.56	-12.81139	4515.641	-761.2988	-138.0782	7.117439	-1289.754	192.5267	232.0284	690.0356	-53.73666	282.9182	93.95018	-5.338078	-17.08185	56269.39	226134.8	68.3274	-4.270463	-6.049822	93.95018	-17.43772	-4.626335	-8.185054	-5.338078	-17.08185	-4.626335	-8.185054
82.84	-12.81139	-285.3594	-1161.299	761.9218	-92.88256	-1689.754	-807.4733	-167.9716	190.0356	-53.73666	-17.08185	-6.049822	-5.338078	-17.08185	116742.4	76962.77	-31.6726	-4.270463	-6.049822	93.95018	-17.43772	-4.626335	-8.185054	-5.338078	-17.08185	-4.626335	-8.185054
83.13	-12.81139	3115.641	-460.2988	-38.07825	307.1174	-588.7544	-407.4733	-67.97156	-409.9644	-53.73666	-17.08185	-6.049822	94.66192	-17.08185	140872.4	98731.77	-31.6726	-4.270463	-6.049822	-6.049822	-17.43772	-4.626335	-8.185054	94.66192	-17.08185	-4.626335	-8.185054
83.42	87.18861	-785.3594	439.7012	-38.07825	307.1174	-1089.754	292.5267	-267.9716	-509.9644	46.26334	-17.08185	-6.049822	-5.338078	-17.08185	51222.39	132897.8	-31.6726	-4.270463	93.95018	93.95018	-17.43772	-4.626335	-8.185054	-5.338078	-17.08185	-4.626335	-8.185054
83.7	187.1886	9618.641	-660.2988	-38.07825	407.1174	211.2456	-207.4733	132.0284	-809.9644	146.2633	-17.08185	93.95018	-5.338078	-17.08185	74280.4	182812.8	-31.6726	-4.270463	-6.049822	193.9502	-17.43772	-4.626335	-8.185054	-5.338078	-17.08185	-4.626335	-8.185054
83.99	-12.81139	2214.641	-961.2988	561.9218	207.1174	-689.7544	-7.473267	-67.97156	590.0356	-53.73666	-17.08185	-6.049822	-5.338078	-17.08185	27985.39	296916.8	68.3274	-4.270463	-6.049822	693.9502	-17.43772	-4.626335	-8.185054	-5.338078	-17.08185	-4.626335	-8.185054
84.28	-12.81139	-685.3594	-861.2988	-138.0782	607.1174	211.2456	-707.4733	32.02844	-9.964355	-53.73666	82.91815	93.95018	-5.338078	-17.08185	41403.39	226134.8	-31.6726	-4.270463	-6.049822	493.9502	-17.43772	-4.626335	-8.185054	-5.338078	-17.08185	-4.626335	-8.185054
84.57	-12.81139	914.6406	-1061.299	-38.07825	7.117439	-1589.754	-107.4733	32.02844	-409.9644	-53.73666	-17.08185	93.95018	-5.338078	-17.08185	23180.39	87096.77	68.3274	95.72954	-6.049822	93.95018	-17.43772	-4.626335	-8.185054	-5.338078	-17.08185	-4.626335	-8.185054
84.85	-12.81139	2515.641	-2161.299	-238.0782	107.1174	111.2456	-107.4733	132.0284	690.0356	46.26334	-17.08185	-6.049822	-5.338078	-17.08185	33391.39	208008.8	-31.6726	-4.270463	-6.049822	1093.95	182.5623	-4.626335	-8.185054	-5.338078	-17.08185	-4.626335	-8.185054
85.14	-12.81139	-85.35938	-861.2988	-38.07825	7.117439	-889.7544	-207.4733	-467.9716	-9.964355	146.2633	-17.08185	-6.049822	-5.338078	-17.08185	108505.4	63123.77	-31.6726	-4.270463	-6.049822	193.9502	-17.43772	-4.626335	-8.185054	-5.338078	-17.08185	-4.626335	-8.185054
85.42	87.18861	-1185.359	-560.2988	-238.0782	207.1174	-989.7544	-207.4733	32.02844	-809.9644	46.26334	-17.08185	-6.049822	-5.338078	-17.08185	10271.39	53501.77	-31.6726	-4.270463	-6.049822	93.95018	-17.43772	-4.626335	-8.185054	-5.338078	-17.08185	-4.626335	-8.185054
85.71	87.18861	-1486.359	-1961.299	-138.0782	107.1174	-1989.754	-107.4733	-167.9716	-409.9644	46.26334	-17.08185	-6.049822	-5.338078	-17.08185	36896.39	70420.77	-31.6726	-4.270463	-6.049822	293.9502	-17.43772	-4.626335	91.81495	-5.338078	-17.08185	-4.626335	91.81495
85.99	87.18861	5116.641	1639.701	461.9218	-92.88256	511.2456	92.52673	-267.9716	490.0356	-53.73666	-17.08185	-6.049822	-5.338078	-17.08185	6670.395	132294.8	-31.6726	-4.270463	-6.049822	93.95018	-17.43772	-4.626335	-8.185054	-5.338078	-17.08185	-4.626335	-8.185054
86.28	87.18861	1314.641	-761.2988	-238.0782	7.117439	711.2456	-1207.473	-367.9716	-9.964355	-53.73666	82.91815	-6.049822	-5.338078	-17.08185	9871.395	29961.77	-31.6726	-4.270463	-6.049822	93.95018	182.5623	-4.626335	-8.185054	-5.338078	-17.08185	-4.626335	-8.185054
86.56	87.18861	6416.641	-1261.299	-338.0782	7.117439	-1689.754	-7.473267	32.02844	-9.964355	46.26334	-17.08185	-6.049822	-5.338078	-17.08185	24681.39	-356.2278	-31.6726	-4.270463	-6.049822	93.95018	-17.43772	-4.626335	-8.185054	-5.338078	-17.08185	-4.626335	-8.185054
86.85	87.18861	-1185.359	-2561.299	-238.0782	307.1174	-588.7544	292.5267	-267.9716	-309.9644	146.2633	82.91815	-6.049822	-5.338078	-17.08185	55330.39	100446.8	-31.6726	-4.270463	-6.049822	-6.049822	-17.43772	-4.626335	-8.185054	-5.338078	-17.08185	-4.626335	-8.185054
87.14	-12.81139	-385.3594	-861.2988	61.92175	7.117439	311.2456	92.52673	132.0284	190.0356	146.2633	182.9182	-6.049822	94.66192	-17.08185	9971.395	7244.772	-31.6726	-4.270463	-6.049822	-6.049822	82.56228	-4.626335	-8.185054	94.66192	-17.08185	-4.626335	-8.185054
87.42	87.18861	-585.3594	-1161.299	-138.0782	-92.88256	-1089.754	-207.4733	-167.9716	-9.964355	46.26334	-17.08185	-6.049822	-5.338078	-17.08185	46212.39	15848.77	-31.6726	-4.270463	-6.049822	393.9502	-17.43772	-4.626335	-8.185054	-5.338078	-17.08185	-4.626335	-8.185054
87.71	187.1886	-485.3594	-1361.299	-338.0782	207.1174	-588.7544	-107.4733	-567.9716	-109.9644	46.26334	-17.08185	-6.049822	-5.338078	-17.08185	56333.39	343.7722	-31.6726	-4.270463	-6.049822	293.9502	-17.43772	-4.626335	-8.185054	-5.338078	-17.08185	-4.626335	-8.185054
87.99	-12.81139	1914.641	-1161.299	361.9218	207.1174	-188.7544	192.5267	-367.9716	-209.9644	246.2633	-17.08185	-6.049822	-5.338078	-17.08185	4869.395	141198.8	-31.6726	-4.270463	-6.049822	93.95018	-17.43772	-4.626335	-8.185054	-5.338078	-17.08185	-4.626335	-8.185054
88.28	-12.81139	-385.3594	39.70117	-238.0782	207.1174	11.24561	392.5267	-167.9716	-509.9644	-53.73666	-17.08185	-6.049822	-5.338078	-17.08185	16675.39	43.77225	68.3274	-4.270463	-6.049822	2593.95	-17.43772	-4.626335	-8.185054	-5.338078	-17.08185	-4.626335	-8.185054
88.56	87.18861	-885.3594	-660.2988	-438.0782	7.117439	-1289.754	-307.4733	-67.97156	-409.9644	46.26334	-17.08185	193.9502	-5.338078	-17.08185	32991.39	44784.77	-31.6726	-4.270463	-6.049822	-6.049822	-17.43772	-4.626335	-8.185054	-5.338078	-17.08185	-4.626335	-8.185054
88.85	-12.81139	114.6406	839.7012	161.9218	207.1174	-1689.754	392.5267	232.0284	90.03564	46.26334	82.91815	-6.049822	-5.338078	82.91815	169.395	43.77225	-31.6726	-4.270463	-6.049822	-6.049822	-17.43772	-4.626335	91.81495	-5.338078	82.91815	-4.626335	91.81495
89.15	87.18861	-385.3594	-560.2988	661.9218	7.117439	-1289.754	-607.4733	232.0284	-209.9644	-53.73666	-17.08185	-6.049822	-5.338078	-17.08185	28069.39	27954.77	68.3274	-4.270463	-6.049822	-6.049822	-17.43772	-4.626335	-8.185054	-5.338078	-17.08185	-4.626335	-8.185054
89.43	287.1886	414.6406	-1061.299	-38.07825	7.117439	-388.7544	392.5267	32.02844	190.0356	-53.73666	-17.08185	-6.049822	-5.338078	-17.08185	28585.39	20352.77	68.3274	-4.270463	-6.049822	-6.049822	-17.43772	-4.626335	-8.185054	-5.338078	-17.08185	-4.626335	-8.185054
89.72	-12.81139	514.6406	-60.29883	61.92175	-92.88256	-689.7544	492.5267	-467.9716	-209.9644	-53.73666	-17.08185	-6.049822	-5.338078	-17.08185	-130.605	15148.77	-31.6726	-4.270463	-6.049822	-6.049822	-17.43772	-4.626335	91.81495	-5.338078	-17.08185	-4.626335	91.81495
90	87.18861	2415.641	-260.2988	-238.0782	-92.88256	-1189.754	-1007.473	332.0284	-209.9644	146.2633	-17.08185	-6.049822	-5.338078	-17.08185	-30.60498	1543.772	-31.6726	-4.270463	-6.049822	-6.049822	-17.43772	95.37366	-8.185054	-5.338078	-17.08185	95.37366	-8.185054
