ElapsedTime_s	Ti49_CPS	Al27_CPS	S33_CPS	Sc45_CPS	V51_CPS	Mn55_CPS	Fe57_CPS	Co59_CPS	Ni60_CPS	Ga71_CPS	Zr90_CPS	Nb93_CPS	Mo97_CPS	In113_CPS	Sn119_CPS	Sn118_CPS	Sb121_CPS	Hf177_CPS	Ta181_CPS	W183_CPS	Pb206_CPS	Th232_CPS	U238_CPS	Tc97_CPS	Cd113_CPS	U232_CPS	Pu238_CPS
0	-12.81139	514.6406	-1361.299	-138.0782	7.117439	-889.7544	792.5267	-267.9716	-209.9644	-53.73666	-17.08185	-6.049822	-5.338078	-17.08185	869.395	52599.77	-31.6726	-4.270463	-6.049822	93.95018	82.56228	-4.626335	-8.185054	-5.338078	-17.08185	-4.626335	-8.185054
																											
16.16	-12.81139	714.6406	-160.2988	-738.0782	7.117439	-388.7544	-207.4733	32.02844	-209.9644	-53.73666	82.91815	-6.049822	-5.338078	82.91815	-30.60498	143.7722	68.3274	-4.270463	-6.049822	-6.049822	-17.43772	-4.626335	-8.185054	-5.338078	82.91815	-4.626335	-8.185054
16.45	-12.81139	1014.641	539.7012	261.9218	-92.88256	-2289.754	392.5267	-67.97156	190.0356	46.26334	-17.08185	-6.049822	-5.338078	-17.08185	-30.60498	243.7722	268.3274	95.72954	-6.049822	-6.049822	-17.43772	-4.626335	-8.185054	-5.338078	-17.08185	-4.626335	-8.185054
16.73	87.18861	-985.3594	1039.701	-138.0782	7.117439	-1089.754	392.5267	432.0284	-209.9644	46.26334	-17.08185	-6.049822	-5.338078	-17.08185	69.39502	643.7722	-31.6726	-4.270463	-6.049822	-6.049822	-17.43772	95.37366	-8.185054	-5.338078	-17.08185	95.37366	-8.185054
17.02	187.1886	1914.641	539.7012	-238.0782	7.117439	-1889.754	492.5267	-67.97156	-109.9644	-53.73666	-17.08185	-6.049822	-5.338078	-17.08185	2669.395	43.77225	-31.6726	-4.270463	-6.049822	-6.049822	-17.43772	-4.626335	-8.185054	-5.338078	-17.08185	-4.626335	-8.185054
17.3	-12.81139	-485.3594	-1461.299	-138.0782	107.1174	-488.7544	192.5267	-67.97156	-9.964355	-53.73666	182.9182	-6.049822	-5.338078	-17.08185	69.39502	43.77225	-31.6726	-4.270463	-6.049822	-6.049822	-17.43772	-4.626335	-8.185054	-5.338078	-17.08185	-4.626335	-8.185054
17.59	-12.81139	-385.3594	-460.2988	161.9218	-92.88256	-1189.754	-1207.473	-67.97156	-509.9644	46.26334	-17.08185	-6.049822	-5.338078	-17.08185	-30.60498	-256.2278	-31.6726	-4.270463	-6.049822	-6.049822	-17.43772	-4.626335	-8.185054	-5.338078	-17.08185	-4.626335	-8.185054
17.88	-12.81139	-85.35938	-160.2988	-38.07825	-92.88256	-889.7544	-207.4733	132.0284	1190.036	46.26334	-17.08185	-6.049822	-5.338078	-17.08185	-130.605	-156.2278	168.3274	-4.270463	-6.049822	-6.049822	-17.43772	-4.626335	-8.185054	-5.338078	-17.08185	-4.626335	-8.185054
18.16	-12.81139	1314.641	-560.2988	161.9218	107.1174	411.2456	-307.4733	-567.9716	-509.9644	46.26334	-17.08185	-6.049822	-5.338078	-17.08185	-130.605	143.7722	-31.6726	-4.270463	-6.049822	93.95018	-17.43772	-4.626335	-8.185054	-5.338078	-17.08185	-4.626335	-8.185054
18.45	-12.81139	-1285.359	139.7012	161.9218	-92.88256	-488.7544	-307.4733	-267.9716	190.0356	46.26334	-17.08185	-6.049822	-5.338078	-17.08185	-130.605	-56.22775	-31.6726	-4.270463	-6.049822	-6.049822	-17.43772	-4.626335	-8.185054	-5.338078	-17.08185	-4.626335	-8.185054
18.73	87.18861	214.6406	239.7012	261.9218	-92.88256	-1489.754	-607.4733	432.0284	-109.9644	-53.73666	-17.08185	-6.049822	-5.338078	-17.08185	169.395	-156.2278	-31.6726	95.72954	-6.049822	-6.049822	-17.43772	-4.626335	-8.185054	-5.338078	-17.08185	-4.626335	-8.185054
19.01	-12.81139	-685.3594	-1061.299	-238.0782	-92.88256	-1789.754	-207.4733	-167.9716	-409.9644	-53.73666	82.91815	-6.049822	-5.338078	-17.08185	69.39502	-56.22775	-31.6726	-4.270463	-6.049822	-6.049822	-17.43772	-4.626335	-8.185054	-5.338078	-17.08185	-4.626335	-8.185054
19.3	-12.81139	-285.3594	939.7012	-338.0782	7.117439	-889.7544	-907.4733	-267.9716	-409.9644	-53.73666	-17.08185	-6.049822	-5.338078	-17.08185	-30.60498	23755.77	-31.6726	-4.270463	-6.049822	-6.049822	82.56228	-4.626335	-8.185054	-5.338078	-17.08185	-4.626335	-8.185054
19.58	-12.81139	-185.3594	539.7012	-138.0782	7.117439	-588.7544	-207.4733	-67.97156	-1209.964	46.26334	-17.08185	-6.049822	-5.338078	-17.08185	269.395	-56.22775	-31.6726	-4.270463	-6.049822	-6.049822	-17.43772	-4.626335	-8.185054	-5.338078	-17.08185	-4.626335	-8.185054
19.87	-12.81139	614.6406	-260.2988	61.92175	107.1174	-288.7544	-407.4733	-267.9716	90.03564	-53.73666	-17.08185	-6.049822	294.6619	-17.08185	-130.605	243.7722	68.3274	-4.270463	-6.049822	-6.049822	-17.43772	-4.626335	-8.185054	294.6619	-17.08185	-4.626335	-8.185054
20.16	-12.81139	-385.3594	-1661.299	61.92175	107.1174	-1389.754	-407.4733	132.0284	-109.9644	246.2633	-17.08185	-6.049822	-5.338078	-17.08185	-30.60498	43.77225	68.3274	-4.270463	93.95018	-6.049822	-17.43772	-4.626335	-8.185054	-5.338078	-17.08185	-4.626335	-8.185054
20.44	-12.81139	1414.641	-1461.299	-38.07825	-92.88256	-1889.754	-7.473267	132.0284	90.03564	46.26334	82.91815	-6.049822	-5.338078	-17.08185	40302.39	43.77225	-31.6726	-4.270463	-6.049822	-6.049822	-17.43772	95.37366	-8.185054	-5.338078	-17.08185	95.37366	-8.185054
20.72	-12.81139	614.6406	-460.2988	-238.0782	107.1174	-889.7544	-607.4733	32.02844	-309.9644	46.26334	-17.08185	-6.049822	-5.338078	-17.08185	-130.605	143.7722	-31.6726	-4.270463	-6.049822	-6.049822	-17.43772	-4.626335	-8.185054	-5.338078	-17.08185	-4.626335	-8.185054
21.01	87.18861	1614.641	-1061.299	-138.0782	7.117439	411.2456	-207.4733	332.0284	-509.9644	46.26334	-17.08185	93.95018	-5.338078	-17.08185	-30.60498	243.7722	-31.6726	-4.270463	-6.049822	93.95018	-17.43772	-4.626335	-8.185054	-5.338078	-17.08185	-4.626335	-8.185054
21.3	-12.81139	-385.3594	-1161.299	-138.0782	7.117439	-989.7544	292.5267	-167.9716	-109.9644	46.26334	-17.08185	-6.049822	-5.338078	-17.08185	-30.60498	-156.2278	-31.6726	-4.270463	-6.049822	-6.049822	-17.43772	-4.626335	-8.185054	-5.338078	-17.08185	-4.626335	-8.185054
21.58	-12.81139	614.6406	-861.2988	-338.0782	-92.88256	-588.7544	-407.4733	-167.9716	-209.9644	146.2633	-17.08185	-6.049822	-5.338078	-17.08185	69.39502	43.77225	-31.6726	-4.270463	-6.049822	-6.049822	-17.43772	-4.626335	-8.185054	-5.338078	-17.08185	-4.626335	-8.185054
21.87	-12.81139	914.6406	-2061.299	161.9218	7.117439	-889.7544	292.5267	132.0284	-309.9644	46.26334	-17.08185	-6.049822	-5.338078	-17.08185	269.395	243.7722	-31.6726	-4.270463	-6.049822	-6.049822	-17.43772	-4.626335	-8.185054	-5.338078	-17.08185	-4.626335	-8.185054
22.15	-12.81139	-185.3594	-1861.299	61.92175	7.117439	111.2456	-107.4733	132.0284	-209.9644	-53.73666	82.91815	-6.049822	-5.338078	-17.08185	269.395	-56.22775	-31.6726	-4.270463	-6.049822	-6.049822	-17.43772	-4.626335	-8.185054	-5.338078	-17.08185	-4.626335	-8.185054
22.44	-12.81139	1014.641	-1161.299	61.92175	207.1174	-588.7544	192.5267	-67.97156	390.0356	-53.73666	-17.08185	-6.049822	94.66192	-17.08185	-130.605	43.77225	-31.6726	-4.270463	-6.049822	-6.049822	-17.43772	-4.626335	-8.185054	94.66192	-17.08185	-4.626335	-8.185054
22.72	-12.81139	514.6406	-160.2988	61.92175	-92.88256	-1889.754	-7.473267	32.02844	-9.964355	-53.73666	82.91815	-6.049822	-5.338078	-17.08185	269.395	-256.2278	-31.6726	-4.270463	-6.049822	-6.049822	-17.43772	-4.626335	-8.185054	-5.338078	-17.08185	-4.626335	-8.185054
23.01	-12.81139	-85.35938	-260.2988	-38.07825	-92.88256	-1189.754	-707.4733	232.0284	290.0356	-53.73666	-17.08185	-6.049822	-5.338078	-17.08185	69.39502	143.7722	68.3274	-4.270463	-6.049822	-6.049822	-17.43772	-4.626335	-8.185054	-5.338078	-17.08185	-4.626335	-8.185054
23.29	87.18861	714.6406	439.7012	361.9218	107.1174	411.2456	-507.4733	632.0284	-109.9644	46.26334	-17.08185	-6.049822	-5.338078	-17.08185	69.39502	-256.2278	-31.6726	-4.270463	-6.049822	-6.049822	-17.43772	-4.626335	-8.185054	-5.338078	-17.08185	-4.626335	-8.185054
23.58	-12.81139	-1085.359	-1261.299	361.9218	7.117439	-388.7544	-407.4733	432.0284	-209.9644	-53.73666	-17.08185	-6.049822	-5.338078	-17.08185	169.395	-56.22775	-31.6726	-4.270463	-6.049822	-6.049822	-17.43772	95.37366	-8.185054	-5.338078	-17.08185	95.37366	-8.185054
23.86	-12.81139	-985.3594	-1761.299	161.9218	-92.88256	-889.7544	-7.473267	-267.9716	-109.9644	46.26334	-17.08185	-6.049822	-5.338078	82.91815	169.395	-256.2278	-31.6726	-4.270463	-6.049822	-6.049822	-17.43772	95.37366	-8.185054	-5.338078	82.91815	95.37366	-8.185054
24.15	-12.81139	-185.3594	-1661.299	161.9218	-92.88256	611.2456	-307.4733	-267.9716	-809.9644	46.26334	-17.08185	-6.049822	-5.338078	-17.08185	-30.60498	43.77225	-31.6726	-4.270463	-6.049822	-6.049822	82.56228	-4.626335	-8.185054	-5.338078	-17.08185	-4.626335	-8.185054
24.43	-12.81139	1414.641	-861.2988	-338.0782	7.117439	311.2456	-607.4733	32.02844	-209.9644	46.26334	-17.08185	-6.049822	-5.338078	-17.08185	-30.60498	243.7722	-31.6726	-4.270463	-6.049822	-6.049822	-17.43772	-4.626335	-8.185054	-5.338078	-17.08185	-4.626335	-8.185054
24.72	87.18861	-285.3594	-60.29883	-138.0782	7.117439	-488.7544	-707.4733	132.0284	-109.9644	146.2633	-17.08185	-6.049822	-5.338078	-17.08185	-130.605	-156.2278	68.3274	-4.270463	-6.049822	-6.049822	-17.43772	-4.626335	-8.185054	-5.338078	-17.08185	-4.626335	-8.185054
25	-12.81139	-1986.359	139.7012	-238.0782	7.117439	611.2456	292.5267	32.02844	-1009.964	46.26334	82.91815	-6.049822	-5.338078	-17.08185	-30.60498	243.7722	-31.6726	-4.270463	-6.049822	-6.049822	-17.43772	-4.626335	91.81495	-5.338078	-17.08185	-4.626335	91.81495
25.29	-12.81139	-85.35938	-1061.299	361.9218	-92.88256	-889.7544	-407.4733	-267.9716	-209.9644	-53.73666	-17.08185	-6.049822	-5.338078	-17.08185	-30.60498	-356.2278	-31.6726	-4.270463	-6.049822	-6.049822	-17.43772	-4.626335	-8.185054	-5.338078	-17.08185	-4.626335	-8.185054
25.57	-12.81139	-285.3594	-560.2988	61.92175	-92.88256	-789.7544	-407.4733	332.0284	-209.9644	46.26334	-17.08185	-6.049822	-5.338078	-17.08185	-30.60498	-156.2278	-31.6726	-4.270463	-6.049822	-6.049822	82.56228	-4.626335	-8.185054	-5.338078	-17.08185	-4.626335	-8.185054
25.86	-12.81139	-185.3594	839.7012	-738.0782	-92.88256	-1489.754	492.5267	-367.9716	-609.9644	-53.73666	-17.08185	-6.049822	94.66192	-17.08185	-30.60498	-156.2278	68.3274	-4.270463	-6.049822	-6.049822	-17.43772	-4.626335	-8.185054	94.66192	-17.08185	-4.626335	-8.185054
26.14	-12.81139	214.6406	-560.2988	661.9218	-92.88256	-2089.754	-107.4733	32.02844	-209.9644	-53.73666	-17.08185	-6.049822	-5.338078	-17.08185	-130.605	-156.2278	-31.6726	195.7295	-6.049822	-6.049822	-17.43772	-4.626335	-8.185054	-5.338078	-17.08185	-4.626335	-8.185054
26.43	-12.81139	114.6406	-861.2988	-338.0782	-92.88256	-88.75439	92.52673	632.0284	90.03564	-53.73666	-17.08185	-6.049822	-5.338078	-17.08185	-30.60498	-56.22775	-31.6726	-4.270463	-6.049822	-6.049822	-17.43772	195.3737	-8.185054	-5.338078	-17.08185	195.3737	-8.185054
26.71	-12.81139	-285.3594	-1661.299	-538.0782	-92.88256	-789.7544	-107.4733	-367.9716	190.0356	46.26334	-17.08185	-6.049822	-5.338078	-17.08185	69.39502	143.7722	168.3274	-4.270463	-6.049822	-6.049822	-17.43772	-4.626335	-8.185054	-5.338078	-17.08185	-4.626335	-8.185054
27	-12.81139	1914.641	-961.2988	-38.07825	107.1174	-288.7544	-407.4733	-167.9716	-609.9644	146.2633	-17.08185	-6.049822	-5.338078	-17.08185	-30.60498	-256.2278	68.3274	-4.270463	-6.049822	-6.049822	-17.43772	-4.626335	-8.185054	-5.338078	-17.08185	-4.626335	-8.185054
27.28	-12.81139	-685.3594	-1361.299	-338.0782	-92.88256	-889.7544	192.5267	-267.9716	-9.964355	146.2633	182.9182	-6.049822	-5.338078	-17.08185	-30.60498	43.77225	-31.6726	-4.270463	-6.049822	-6.049822	-17.43772	-4.626335	-8.185054	-5.338078	-17.08185	-4.626335	-8.185054
27.57	87.18861	-85.35938	139.7012	-138.0782	107.1174	-1289.754	392.5267	-367.9716	-309.9644	-53.73666	-17.08185	-6.049822	-5.338078	-17.08185	-130.605	43.77225	-31.6726	-4.270463	-6.049822	-6.049822	-17.43772	-4.626335	-8.185054	-5.338078	-17.08185	-4.626335	-8.185054
27.85	-12.81139	-1285.359	-560.2988	61.92175	7.117439	811.2456	-607.4733	-367.9716	-209.9644	46.26334	-17.08185	-6.049822	-5.338078	-17.08185	69.39502	343.7722	-31.6726	-4.270463	-6.049822	-6.049822	-17.43772	-4.626335	-8.185054	-5.338078	-17.08185	-4.626335	-8.185054
28.14	-12.81139	14.64062	-761.2988	-138.0782	7.117439	11.24561	-107.4733	132.0284	290.0356	-53.73666	282.9182	-6.049822	-5.338078	-17.08185	-30.60498	143.7722	-31.6726	-4.270463	93.95018	-6.049822	-17.43772	-4.626335	-8.185054	-5.338078	-17.08185	-4.626335	-8.185054
28.42	87.18861	-685.3594	39.70117	-138.0782	-92.88256	411.2456	-207.4733	132.0284	-609.9644	-53.73666	82.91815	-6.049822	-5.338078	-17.08185	-30.60498	43.77225	-31.6726	-4.270463	-6.049822	-6.049822	-17.43772	-4.626335	-8.185054	-5.338078	-17.08185	-4.626335	-8.185054
28.7	-12.81139	1014.641	739.7012	-138.0782	7.117439	-288.7544	-7.473267	32.02844	-9.964355	-53.73666	82.91815	-6.049822	-5.338078	-17.08185	269.395	43.77225	-31.6726	-4.270463	-6.049822	-6.049822	-17.43772	-4.626335	-8.185054	-5.338078	-17.08185	-4.626335	-8.185054
28.99	-12.81139	-185.3594	-861.2988	161.9218	-92.88256	-889.7544	-507.4733	-367.9716	590.0356	46.26334	-17.08185	-6.049822	-5.338078	-17.08185	-130.605	-156.2278	-31.6726	-4.270463	-6.049822	-6.049822	-17.43772	-4.626335	-8.185054	-5.338078	-17.08185	-4.626335	-8.185054
29.28	187.1886	-385.3594	-961.2988	-238.0782	7.117439	-1589.754	-507.4733	-67.97156	190.0356	-53.73666	-17.08185	-6.049822	94.66192	-17.08185	-130.605	43.77225	-31.6726	-4.270463	93.95018	-6.049822	-17.43772	-4.626335	-8.185054	94.66192	-17.08185	-4.626335	-8.185054
29.56	-12.81139	1014.641	-1161.299	-138.0782	-92.88256	-1189.754	192.5267	-267.9716	190.0356	-53.73666	-17.08185	-6.049822	-5.338078	-17.08185	69.39502	43.77225	-31.6726	-4.270463	-6.049822	-6.049822	-17.43772	-4.626335	-8.185054	-5.338078	-17.08185	-4.626335	-8.185054
29.85	-12.81139	314.6406	39.70117	161.9218	-92.88256	-488.7544	-107.4733	32.02844	-9.964355	-53.73666	-17.08185	-6.049822	-5.338078	-17.08185	269.395	-156.2278	-31.6726	-4.270463	-6.049822	-6.049822	-17.43772	-4.626335	-8.185054	-5.338078	-17.08185	-4.626335	-8.185054
30.13	-12.81139	1814.641	139.7012	161.9218	207.1174	-689.7544	-7.473267	-367.9716	-409.9644	46.26334	-17.08185	-6.049822	-5.338078	-17.08185	169.395	-56.22775	68.3274	-4.270463	-6.049822	-6.049822	-17.43772	-4.626335	-8.185054	-5.338078	-17.08185	-4.626335	-8.185054
30.41	-12.81139	-485.3594	939.7012	-138.0782	207.1174	-488.7544	-107.4733	-167.9716	190.0356	-53.73666	-17.08185	-6.049822	-5.338078	-17.08185	-30.60498	-156.2278	-31.6726	-4.270463	-6.049822	-6.049822	-17.43772	-4.626335	-8.185054	-5.338078	-17.08185	-4.626335	-8.185054
30.7	87.18861	1514.641	1339.701	-238.0782	7.117439	-989.7544	92.52673	232.0284	-109.9644	-53.73666	-17.08185	93.95018	-5.338078	-17.08185	69.39502	143.7722	-31.6726	-4.270463	-6.049822	-6.049822	-17.43772	-4.626335	-8.185054	-5.338078	-17.08185	-4.626335	-8.185054
30.98	-12.81139	-685.3594	-660.2988	761.9218	-92.88256	-188.7544	-607.4733	-67.97156	-109.9644	146.2633	-17.08185	-6.049822	94.66192	82.91815	69.39502	-56.22775	-31.6726	-4.270463	-6.049822	-6.049822	-17.43772	-4.626335	-8.185054	94.66192	82.91815	-4.626335	-8.185054
31.27	-12.81139	-185.3594	-460.2988	-338.0782	-92.88256	-1289.754	-107.4733	-267.9716	-109.9644	46.26334	-17.08185	-6.049822	-5.338078	-17.08185	-30.60498	143.7722	-31.6726	-4.270463	-6.049822	-6.049822	82.56228	-4.626335	-8.185054	-5.338078	-17.08185	-4.626335	-8.185054
31.55	87.18861	614.6406	-260.2988	161.9218	7.117439	-2189.754	-107.4733	-267.9716	590.0356	46.26334	-17.08185	-6.049822	-5.338078	-17.08185	-30.60498	-56.22775	168.3274	-4.270463	-6.049822	-6.049822	82.56228	-4.626335	-8.185054	-5.338078	-17.08185	-4.626335	-8.185054
31.84	-12.81139	-1085.359	-1161.299	-238.0782	7.117439	-1589.754	-207.4733	132.0284	-409.9644	246.2633	-17.08185	-6.049822	-5.338078	-17.08185	-130.605	143.7722	-31.6726	-4.270463	-6.049822	93.95018	-17.43772	-4.626335	-8.185054	-5.338078	-17.08185	-4.626335	-8.185054
32.13	-12.81139	-785.3594	-360.2988	-338.0782	107.1174	-889.7544	-207.4733	232.0284	-209.9644	-53.73666	-17.08185	-6.049822	-5.338078	-17.08185	-130.605	-256.2278	-31.6726	-4.270463	-6.049822	-6.049822	-17.43772	-4.626335	-8.185054	-5.338078	-17.08185	-4.626335	-8.185054
32.41	-12.81139	414.6406	-961.2988	61.92175	-92.88256	-1789.754	-307.4733	232.0284	-509.9644	146.2633	-17.08185	-6.049822	-5.338078	-17.08185	-130.605	-156.2278	-31.6726	-4.270463	-6.049822	-6.049822	-17.43772	-4.626335	-8.185054	-5.338078	-17.08185	-4.626335	-8.185054
32.7	-12.81139	1014.641	-160.2988	-238.0782	7.117439	-1189.754	-607.4733	32.02844	-209.9644	146.2633	-17.08185	-6.049822	-5.338078	-17.08185	69.39502	-56.22775	-31.6726	-4.270463	-6.049822	-6.049822	-17.43772	-4.626335	-8.185054	-5.338078	-17.08185	-4.626335	-8.185054
32.98	-12.81139	1114.641	-861.2988	-38.07825	7.117439	-1489.754	-807.4733	-367.9716	290.0356	46.26334	-17.08185	-6.049822	-5.338078	82.91815	169.395	-156.2278	-31.6726	-4.270463	-6.049822	-6.049822	-17.43772	-4.626335	-8.185054	-5.338078	82.91815	-4.626335	-8.185054
33.27	-12.81139	-85.35938	-560.2988	-38.07825	-92.88256	-989.7544	-307.4733	-267.9716	-9.964355	-53.73666	-17.08185	-6.049822	-5.338078	-17.08185	269.395	43.77225	-31.6726	-4.270463	-6.049822	93.95018	-17.43772	-4.626335	-8.185054	-5.338078	-17.08185	-4.626335	-8.185054
33.55	-12.81139	114.6406	-560.2988	-38.07825	-92.88256	-88.75439	-107.4733	332.0284	-309.9644	246.2633	-17.08185	-6.049822	-5.338078	-17.08185	-30.60498	143.7722	-31.6726	-4.270463	-6.049822	-6.049822	82.56228	-4.626335	-8.185054	-5.338078	-17.08185	-4.626335	-8.185054
33.84	-12.81139	-885.3594	739.7012	461.9218	107.1174	-1589.754	-407.4733	-467.9716	-309.9644	-53.73666	-17.08185	-6.049822	-5.338078	-17.08185	-30.60498	43.77225	-31.6726	-4.270463	193.9502	-6.049822	-17.43772	-4.626335	-8.185054	-5.338078	-17.08185	-4.626335	-8.185054
34.12	-12.81139	14.64062	-1361.299	-38.07825	7.117439	-2289.754	92.52673	-167.9716	-809.9644	46.26334	-17.08185	-6.049822	-5.338078	-17.08185	-130.605	-156.2278	-31.6726	-4.270463	-6.049822	-6.049822	-17.43772	-4.626335	-8.185054	-5.338078	-17.08185	-4.626335	-8.185054
34.4	-12.81139	1214.641	-360.2988	61.92175	7.117439	-588.7544	892.5267	332.0284	190.0356	-53.73666	-17.08185	-6.049822	-5.338078	-17.08185	-30.60498	-256.2278	-31.6726	-4.270463	-6.049822	-6.049822	-17.43772	-4.626335	-8.185054	-5.338078	-17.08185	-4.626335	-8.185054
34.69	-12.81139	314.6406	839.7012	-238.0782	7.117439	-1489.754	-607.4733	432.0284	-9.964355	-53.73666	-17.08185	-6.049822	-5.338078	-17.08185	369.395	-56.22775	-31.6726	-4.270463	-6.049822	-6.049822	-17.43772	-4.626335	-8.185054	-5.338078	-17.08185	-4.626335	-8.185054
34.97	-12.81139	-385.3594	-560.2988	-238.0782	7.117439	-989.7544	-807.4733	-367.9716	390.0356	-53.73666	-17.08185	-6.049822	-5.338078	-17.08185	-130.605	143.7722	68.3274	-4.270463	-6.049822	-6.049822	-17.43772	-4.626335	-8.185054	-5.338078	-17.08185	-4.626335	-8.185054
35.26	-12.81139	314.6406	339.7012	261.9218	7.117439	-88.75439	292.5267	-267.9716	-609.9644	46.26334	-17.08185	-6.049822	-5.338078	82.91815	-130.605	43.77225	-31.6726	-4.270463	-6.049822	-6.049822	-17.43772	-4.626335	-8.185054	-5.338078	82.91815	-4.626335	-8.185054
35.54	-12.81139	214.6406	-360.2988	161.9218	-92.88256	-989.7544	92.52673	-67.97156	1090.036	146.2633	-17.08185	-6.049822	-5.338078	-17.08185	-130.605	143.7722	-31.6726	-4.270463	-6.049822	-6.049822	-17.43772	95.37366	-8.185054	-5.338078	-17.08185	95.37366	-8.185054
35.83	-12.81139	714.6406	-1561.299	-538.0782	-92.88256	-1989.754	-207.4733	-367.9716	590.0356	-53.73666	-17.08185	-6.049822	-5.338078	-17.08185	-30.60498	143.7722	68.3274	-4.270463	-6.049822	-6.049822	82.56228	-4.626335	-8.185054	-5.338078	-17.08185	-4.626335	-8.185054
36.11	-12.81139	1614.641	-1761.299	661.9218	7.117439	-2189.754	-607.4733	-467.9716	-309.9644	146.2633	182.9182	-6.049822	-5.338078	82.91815	69.39502	-56.22775	68.3274	-4.270463	-6.049822	-6.049822	-17.43772	-4.626335	91.81495	-5.338078	82.91815	-4.626335	91.81495
36.4	-12.81139	514.6406	-961.2988	-538.0782	7.117439	-789.7544	-107.4733	-267.9716	490.0356	-53.73666	-17.08185	-6.049822	-5.338078	-17.08185	-30.60498	4844.772	-31.6726	-4.270463	-6.049822	-6.049822	-17.43772	-4.626335	-8.185054	-5.338078	-17.08185	-4.626335	-8.185054
36.68	87.18861	2114.641	-1661.299	-138.0782	7.117439	-989.7544	-507.4733	-167.9716	-9.964355	46.26334	-17.08185	-6.049822	-5.338078	-17.08185	-130.605	-56.22775	68.3274	-4.270463	-6.049822	-6.049822	-17.43772	-4.626335	-8.185054	-5.338078	-17.08185	-4.626335	-8.185054
36.97	-12.81139	514.6406	339.7012	261.9218	-92.88256	-1289.754	-307.4733	332.0284	-109.9644	-53.73666	-17.08185	-6.049822	-5.338078	-17.08185	-130.605	-156.2278	-31.6726	-4.270463	-6.049822	-6.049822	-17.43772	-4.626335	-8.185054	-5.338078	-17.08185	-4.626335	-8.185054
37.25	-12.81139	-685.3594	-861.2988	-138.0782	-92.88256	-1189.754	292.5267	32.02844	-109.9644	-53.73666	-17.08185	-6.049822	-5.338078	-17.08185	-130.605	-156.2278	68.3274	-4.270463	-6.049822	-6.049822	-17.43772	-4.626335	-8.185054	-5.338078	-17.08185	-4.626335	-8.185054
37.54	-12.81139	9618.641	-861.2988	361.9218	107.1174	1311.246	11496.53	232.0284	190.0356	46.26334	-17.08185	193.9502	-5.338078	-17.08185	10671.39	29961.77	-31.6726	-4.270463	693.9502	93.95018	482.5623	-4.626335	191.8149	-5.338078	-17.08185	-4.626335	191.8149
37.82	387.1886	1806763	-660.2988	-138.0782	407.1174	37547.25	109439.5	32.02844	-209.9644	1546.263	1982.918	693.9502	-5.338078	82.91815	25282.39	62121.77	-31.6726	195.7295	93.95018	193.9502	1182.562	95.37366	391.8149	-5.338078	82.91815	95.37366	391.8149
38.11	-12.81139	4770846	439.7012	261.9218	407.1174	59896.25	227843.5	132.0284	-409.9644	1946.263	3782.918	593.9502	-5.338078	-17.08185	34193.39	117118.8	68.3274	495.7295	493.9502	93.95018	882.5623	295.3737	591.8149	-5.338078	-17.08185	295.3737	591.8149
38.39	87.18861		2039.701	761.9218	307.1174	64709.25	281995.5	-267.9716	490.0356	4246.263	4782.918	393.9502	94.66192	-17.08185	47514.39	84085.77	168.3274	195.7295	193.9502	93.95018	1382.562	95.37366	491.8149	94.66192	-17.08185	95.37366	491.8149
38.68	287.1886		1839.701	1161.922	507.1174	69122.24	400810.5	32.02844	-209.9644	3346.263	5183.918	793.9502	-5.338078	82.91815	38098.39	96530.77	-31.6726	295.7295	493.9502	193.9502	682.5623	395.3737	891.8149	-5.338078	82.91815	395.3737	891.8149
38.96	87.18861		-460.2988	861.9218	1407.117	87684.24	375824.5	-67.97156	-609.9644	4146.263	5283.918	893.9502	-5.338078	-17.08185	77489.4	117822.8	-31.6726	95.72954	393.9502	493.9502	1582.562	95.37366	391.8149	-5.338078	-17.08185	95.37366	391.8149
39.25	287.1886		1839.701	861.9218	1107.117	96519.24	405586.5	32.02844	-309.9644	5447.263	5383.918	993.9502	-5.338078	-17.08185	42706.39	175560.8	68.3274	95.72954	293.9502	193.9502	1682.562	95.37366	791.8149	-5.338078	-17.08185	95.37366	791.8149
39.54	287.1886		139.7012	961.9218	307.1174	117915.2	490188.5	532.0284	-9.964355	5547.263	8483.918	693.9502	94.66192	-17.08185	90533.4	98731.77	-31.6726	495.7295	593.9502	293.9502	2582.562	95.37366	491.8149	94.66192	-17.08185	95.37366	491.8149
39.82	487.1886		1239.701	1761.922	507.1174	108771.2	535405.5	132.0284	390.0356	4846.263	6483.918	493.9502	-5.338078	82.91815	86017.4	179387.8	-31.6726	95.72954	193.9502	293.9502	1582.562	195.3737	891.8149	-5.338078	82.91815	195.3737	891.8149
40.11	-12.81139		2039.701	1761.922	907.1174	119523.2	574051.5	-267.9716	90.03564	4546.263	6183.918	1393.95	-5.338078	182.9182	73377.4	250394.8	68.3274	295.7295	293.9502	93.95018	1082.562	195.3737	391.8149	-5.338078	182.9182	195.3737	391.8149
40.39	287.1886		1239.701	561.9218	607.1174	119322.2	594216.5	-167.9716	90.03564	5447.263	6283.918	1093.95	-5.338078	82.91815	68664.4	175056.8	-31.6726	95.72954	893.9502	493.9502	1682.562	-4.626335	491.8149	-5.338078	82.91815	-4.626335	491.8149
40.69	487.1886		2639.701	1761.922	607.1174	116005.2	601897.5	532.0284	90.03564	4346.263	5383.918	1193.95	94.66192	282.9182	126087.4	155354.8	68.3274	-4.270463	393.9502	93.95018	882.5623	295.3737	491.8149	94.66192	282.9182	295.3737	491.8149
40.97	887.1886		3440.701	861.9218	707.1174	107968.2	592987.5	132.0284	-909.9644	4746.263	5083.918	1293.95	-5.338078	-17.08185	118952.4	349981.8	-31.6726	395.7295	493.9502	-6.049822	1082.562	95.37366	591.8149	-5.338078	-17.08185	95.37366	591.8149
41.26	687.1886		1739.701	1661.922	607.1174	115101.2	629465.5	32.02844	90.03564	4346.263	8483.918	793.9502	-5.338078	282.9182	226189.4	509269.8	-31.6726	195.7295	-6.049822	293.9502	1882.562	-4.626335	291.8149	-5.338078	282.9182	-4.626335	291.8149
41.55	887.1886		1139.701	761.9218	707.1174	107064.2	534690.5	332.0284	290.0356	3746.263	6183.918	993.9502	-5.338078	82.91815	269819.4	934013.8	-31.6726	295.7295	293.9502	93.95018	1482.562	95.37366	591.8149	-5.338078	82.91815	95.37366	591.8149
41.84	187.1886		2339.701	961.9218	1507.117	116307.2	583875.5	32.02844	1090.036	4946.263	6183.918	993.9502	-5.338078	-17.08185	477998.4	1199880	-31.6726	395.7295	293.9502	693.9502	982.5623	95.37366	491.8149	-5.338078	-17.08185	95.37366	491.8149
42.12	287.1886		2239.701	1361.922	307.1174	136010.2	557072.5	-167.9716	-109.9644	5547.263	6683.918	1893.95	-5.338078	82.91815	861464.4	2137733	-31.6726	-4.270463	493.9502	1693.95	1782.562	95.37366	591.8149	-5.338078	82.91815	95.37366	591.8149
42.41	787.1886		539.7012	1661.922	1707.117	132591.2	585616.5	-167.9716	490.0356	5247.263	6383.918	1493.95	-5.338078	-17.08185	4373582	9283496	-31.6726	395.7295	293.9502	15198.95	1382.562	95.37366	391.8149	-5.338078	-17.08185	95.37366	391.8149
42.7	1687.189		1639.701	1661.922	2407.117	123041.2	550427.5	232.0284	490.0356	3546.263	8684.918	2493.95	-5.338078	82.91815	1.739981e+07	4.837092e+07	68.3274	295.7295	693.9502	45534.95	3782.562	95.37366	1091.815	-5.338078	82.91815	95.37366	1091.815
42.98	2587.189		3540.701	6162.922	4007.117	126961.2	545112.5	832.0284	1290.036	5447.263	17588.92	1893.95	-5.338078	282.9182	3.67945e+07	1.019933e+08	368.3274	495.7295	893.9502	66582.95	4882.562	-4.626335	1191.815	-5.338078	282.9182	-4.626335	1191.815
43.27	2687.189		2439.701	9363.922	3007.117	108972.2	452790.5	1732.028	190.0356	5747.263	20590.92	2393.95	94.66192	482.9182	4.563902e+07	1.181836e+08	368.3274	795.7296	393.9502	86242.95	6783.562	-4.626335	1891.815	94.66192	482.9182	-4.626335	1891.815
43.55	2187.189		4340.701	19269.92	3107.117	95514.24	408432.5	1232.028	1090.036	9248.264	24694.92	1393.95	-5.338078	782.9182	6.371026e+07	1.561964e+08	568.3274	795.7296	993.9502	117670	7483.562	95.37366	1191.815	-5.338078	782.9182	95.37366	1191.815
43.84	1187.189		3640.701	26376.92	2507.117	88889.24	323293.5	1332.028	2390.036	11749.26	32103.92	2293.95	-5.338078	482.9182	7.917651e+07	2.222944e+08	1268.327	1095.729	693.9502	144410	7083.562	95.37366	2191.815	-5.338078	482.9182	95.37366	2191.815
44.12	1687.189		2539.701	52919.92	1107.117	54382.25	293629.5	1832.028	3090.036	14450.26	35607.92	793.9502	-5.338078	1482.918	9.226364e+07	2.363163e+08	1668.327	1295.729	693.9502	119378	9384.562	95.37366	3091.815	-5.338078	1482.918	95.37366	3091.815
44.41	987.1886	3924996	3740.701	72369.92	1007.117	47166.25	231375.5	2432.028	3190.036	18653.26	44722.92	893.9502	-5.338078	2482.918	1.075492e+08	2.743777e+08	3968.327	695.7296	593.9502	117570	11985.56	195.3737	3391.815	-5.338078	2482.918	195.3737	3391.815
44.7	587.1886	3135015	1639.701	85410.92	1307.117	32840.25	214928.5	2032.028	2590.036	24758.26	45123.92	993.9502	-5.338078	2582.918	1.126541e+08	3.184524e+08	3768.327	1295.729	393.9502	106621	10784.56	-4.626335	3991.815	-5.338078	2582.918	-4.626335	3991.815
44.98	787.1886	2479668	3340.701	108500.9	707.1174	26030.25	164041.5	3232.028	3691.036	29664.26	48529.92	293.9502	-5.338078	2482.918	1.200115e+08	2.663645e+08	5169.328	1695.729	193.9502	124503	11084.56	-4.626335	5892.815	-5.338078	2482.918	-4.626335	5892.815
45.27	687.1886	2343166	4340.701	116637.9	707.1174	27031.25	134664.5	2432.028	2890.036	27862.26	51234.92	593.9502	-5.338078	2182.918	1.146049e+08	2.98418e+08	4168.328	1095.729	293.9502	109734	9584.562	-4.626335	5292.815	-5.338078	2182.918	-4.626335	5292.815
45.56	487.1886	1863955	4140.701	135030.9	1007.117	20223.25	140396.5	1132.028	2690.036	33969.26	64064.92	593.9502	-5.338078	3082.918	1.3281e+08	3.565201e+08	4568.328	1595.729	93.95018	112145	10484.56	-4.626335	4491.815	-5.338078	3082.918	-4.626335	4491.815
45.84	687.1886	1602042	2940.701	154644.9	807.1174	18221.25	118280.5	2132.028	4291.036	32367.26	67573.92	193.9502	-5.338078	2482.918	1.287142e+08	3.044282e+08	4668.328	2195.729	193.9502	103207	11084.56	-4.626335	6792.815	-5.338078	2482.918	-4.626335	6792.815
46.13	1187.189	1393965	3740.701	149915.9	-92.88256	15619.25	109540.5	1832.028	3390.036	32167.26	69378.92	93.95018	-5.338078	2582.918	1.270334e+08	3.024248e+08	4968.328	3195.729	193.9502	95575.95	12485.56	-4.626335	6092.815	-5.338078	2582.918	-4.626335	6092.815
46.41	1087.189	1129966	4940.701	166521.9	507.1174	11416.25	99296.52	2232.028	3190.036	40479.26	72086.92	293.9502	-5.338078	3382.918	1.310249e+08	3.885793e+08	4368.328	3695.729	193.9502	115360	12785.56	-4.626335	5492.815	-5.338078	3382.918	-4.626335	5492.815
46.7	2287.189	904925.6	3740.701	183842.9	307.1174	17421.25	97991.52	2032.028	3390.036	44085.26	83722.92	493.9502	-5.338078	2482.918	1.359728e+08	3.645347e+08	3968.327	3995.729	193.9502	107926	13486.56	-4.626335	5692.815	-5.338078	2482.918	-4.626335	5692.815
46.99	2887.189	911665.6	3640.701	177295.9	807.1174	10215.25	104317.5	3132.028	3390.036	38376.26	88940.92	93.95018	-5.338078	2782.918	1.368372e+08	3.62531e+08	5069.328	3695.729	93.95018	110940	7883.562	-4.626335	4291.815	-5.338078	2782.918	-4.626335	4291.815
47.27	2687.189	574688.6	3040.701	176791.9	1307.117	4112.246	71399.52	2332.028	4391.036	40779.26	93055.92	193.9502	-5.338078	3682.918	1.394024e+08	4.126251e+08	5469.328	4295.729	-6.049822	97282.95	10184.56	-4.626335	4091.815	-5.338078	3682.918	-4.626335	4091.815
47.56	3887.189	372563.6	3440.701	162595.9	3907.117	6313.246	61673.53	2532.028	3991.036	37875.26	83120.92	193.9502	-5.338078	2382.918	1.281733e+08	3.46502e+08	4868.328	3695.729	393.9502	84335.95	11185.56	-4.626335	3591.815	-5.338078	2382.918	-4.626335	3591.815
47.85	6688.188	430497.6	3640.701	145590.9	9009.117	8114.246	55257.53	2732.028	3591.036	31766.26	83722.92	193.9502	-5.338078	2482.918	1.315515e+08	3.845718e+08	3268.327	4095.729	193.9502	67785.95	10084.56	-4.626335	3691.815	-5.338078	2482.918	-4.626335	3691.815
48.13	7588.188	282472.6	3840.701	122968.9	13010.12	2811.246	43934.53	3632.028	3290.036	26260.26	73590.92	493.9502	-5.338078	1682.918	1.433343e+08	3.68542e+08	2068.327	3795.729	193.9502	57459.95	11885.56	-4.626335	1891.815	-5.338078	1682.918	-4.626335	1891.815
48.42	11590.19	287834.6	4440.701	105990.9	16012.12	3212.246	47541.53	2832.028	5391.036	26460.26	72988.92	93.95018	94.66192	2382.918	1.391864e+08	3.32477e+08	2368.327	2395.729	93.95018	52749.95	9984.562	-4.626335	3191.815	94.66192	2382.918	-4.626335	3191.815
48.7	9789.188	327123.6	2639.701	94543.92	16012.12	3312.246	37022.53	2832.028	4791.036	26560.26	62159.92	-6.049822	-5.338078	1682.918	1.334687e+08	3.485056e+08	2568.327	1895.729	193.9502	56657.95	9884.562	-4.626335	1491.815	-5.338078	1682.918	-4.626335	1491.815
48.99	10989.19	387085.6	3340.701	90528.92	16412.12	511.2456	36922.53	1732.028	4291.036	32968.26	60856.92	293.9502	-5.338078	2382.918	1.309078e+08	3.90583e+08	1968.327	1895.729	-6.049822	57158.95	11585.56	-4.626335	2691.815	-5.338078	2382.918	-4.626335	2691.815
49.27	6088.188	211559.6	2839.701	81196.92	12910.12	1711.246	38725.53	2232.028	3290.036	31065.26	62159.92	293.9502	-5.338078	2182.918	1.416025e+08	3.785605e+08	1668.327	3595.729	-6.049822	68086.95	9384.562	-4.626335	2891.815	-5.338078	2182.918	-4.626335	2891.815
49.56	8088.188	223868.6	5340.701	72870.92	13411.12	-288.7544	41229.53	1532.028	3991.036	34169.26	57147.92	193.9502	94.66192	2282.918	1.391531e+08	3.925868e+08	2668.327	1295.729	93.95018	82529.95	11084.56	-4.626335	4491.815	94.66192	2282.918	-4.626335	4491.815
49.85	7288.188	251234.6	2839.701	74475.92	7608.118	1111.246	37723.53	1732.028	3290.036	39277.26	57248.92	293.9502	-5.338078	2482.918	1.407076e+08	3.705457e+08	2668.327	2395.729	-6.049822	96680.95	12385.56	-4.626335	2591.815	-5.338078	2482.918	-4.626335	2591.815
50.13	3887.189	119429.6	4640.701	66352.92	9709.117	2611.246	43834.53	2232.028	3090.036	43985.26	60555.92	93.95018	-5.338078	3982.918	1.25266e+08	3.785605e+08	3268.327	1295.729	-6.049822	115962	8483.562	95.37366	3291.815	-5.338078	3982.918	95.37366	3291.815
50.42	3387.189	112997.6	3340.701	57830.92	5308.118	2011.246	45938.53	2132.028	3190.036	42983.26	56045.92	-6.049822	-5.338078	3182.918	1.298255e+08	3.765569e+08	3468.327	1495.729	93.95018	115058	8583.562	-4.626335	3291.815	-5.338078	3182.918	-4.626335	3291.815
50.7	5588.188	92307.64	6141.701	49913.92	5608.118	811.2456	41430.53	1632.028	3290.036	37574.26	57348.92	-6.049822	-5.338078	2682.918	1.341422e+08	3.424948e+08	3168.327	1995.729	93.95018	134555	10984.56	-4.626335	4291.815	-5.338078	2682.918	-4.626335	4291.815
50.99	4587.188	150101.6	2739.701	46506.92	5208.118	411.2456	46839.53	2432.028	3190.036	38676.26	53439.92	193.9502	94.66192	2982.918	1.37145e+08	3.505092e+08	2368.327	1795.729	93.95018	177220	12085.56	-4.626335	3991.815	94.66192	2982.918	-4.626335	3991.815
51.27	4487.188	138934.6	2339.701	47508.92	4407.118	511.2456	44235.53	2032.028	2590.036	44385.26	52738.92	93.95018	-5.338078	3282.918	1.38596e+08	3.46502e+08	3268.327	1495.729	93.95018	215317	9784.562	-4.626335	6192.815	-5.338078	3282.918	-4.626335	6192.815
51.56	4987.188	61305.64	1739.701	49512.92	4607.118	-588.7544	43133.53	2832.028	4191.036	45087.26	54241.92	493.9502	-5.338078	3182.918	1.28992e+08	3.645347e+08	4668.328	2095.729	93.95018	216023	11285.56	-4.626335	4991.815	-5.338078	3182.918	-4.626335	4991.815
51.85	5688.188	74343.64	4240.701	45204.92	3007.117	11.24561	46439.53	2332.028	3691.036	45788.26	58450.92	393.9502	-5.338078	4582.918	1.347865e+08	4.026059e+08	4568.328	2695.729	93.95018	268325.9	12385.56	-4.626335	6092.815	-5.338078	4582.918	-4.626335	6092.815
52.13	6388.188	55189.64	3940.701	54623.92	2607.117	-388.7544	47942.53	1932.028	4291.036	46890.26	57548.92	393.9502	-5.338078	3482.918	1.372036e+08	4.406799e+08	4168.328	1795.729	93.95018	275402.9	10884.56	-4.626335	5292.815	-5.338078	3482.918	-4.626335	5292.815
52.42	8689.188	51079.64	3840.701	57028.92	3307.117	-288.7544	51549.53	3032.028	2290.036	48092.26	59152.92	193.9502	94.66192	3682.918	1.375993e+08	3.885793e+08	3368.327	2195.729	93.95018	306865.9	12385.56	-4.626335	5792.815	94.66192	3682.918	-4.626335	5792.815
52.71	15392.19	42861.64	2239.701	64046.92	3907.117	411.2456	49946.53	2632.028	5091.036	53704.26	61257.92	1093.95	-5.338078	3182.918	1.463007e+08	3.90583e+08	4468.328	2495.729	93.95018	357937.9	13586.56	-4.626335	5492.815	-5.338078	3182.918	-4.626335	5492.815
52.99	19595.19	46369.64	4440.701	73572.92	4907.118	2211.246	50848.53	2532.028	3791.036	51098.26	58551.92	1893.95	-5.338078	2582.918	1.392997e+08	3.785605e+08	4568.328	2395.729	93.95018	315775.9	12185.56	-4.626335	4591.815	-5.338078	2582.918	-4.626335	4591.815
53.28	22697.19	51580.64	2639.701	76682.92	9509.117	111.2456	51349.53	2732.028	2890.036	50798.26	65067.92	2193.95	-5.338078	2982.918	1.312318e+08	3.965944e+08	2368.327	3395.729	1393.95	336543.9	10984.56	95.37366	4291.815	-5.338078	2982.918	95.37366	4291.815
53.56	29204.19	60703.64	2839.701	64246.92	12610.12	1911.246	46138.53	2532.028	4891.036	45087.26	65768.92	2093.95	-5.338078	3682.918	1.232774e+08	3.665384e+08	3168.327	2495.729	1393.95	300083.9	13286.56	195.3737	4291.815	-5.338078	3682.918	195.3737	4291.815
53.85	31006.19	60402.64	4440.701	61339.92	12910.12	1811.246	41930.53	2632.028	4291.036	41581.26	63864.92	2593.95	-5.338078	2982.918	1.366761e+08	3.945906e+08	2568.327	2595.729	1593.95	266910.9	11485.56	95.37366	3891.815	-5.338078	2982.918	95.37366	3891.815
54.13	32108.19	44364.64	4340.701	49211.92	13611.12	1211.246	39226.53	3332.028	4991.036	34570.26	62159.92	3893.95	-5.338078	2582.918	1.401209e+08	3.785605e+08	2268.327	2195.729	2093.95	243373	10684.56	295.3737	4191.815	-5.338078	2582.918	295.3737	4191.815
54.42	30305.19	59901.64	2239.701	47107.92	14211.12	1811.246	42231.53	2232.028	2390.036	30064.26	58450.92	2793.95	94.66192	2482.918	1.376579e+08	3.344805e+08	3568.327	2095.729	4193.95	197874	11585.56	95.37366	4691.815	94.66192	2482.918	95.37366	4691.815
54.71	27102.19	53685.64	2439.701	38993.92	12910.12	2611.246	45236.53	2532.028	3591.036	28462.26	58751.92	3993.95	-5.338078	2482.918	1.365882e+08	3.444984e+08	2768.327	1495.729	2993.95	166144	9084.562	95.37366	2991.815	-5.338078	2482.918	95.37366	2991.815
54.99	26201.19	42260.64	2139.701	39494.92	12610.12	1511.246	36021.53	2432.028	2390.036	22856.26	48028.92	3293.95	-5.338078	2482.918	1.365442e+08	3.364841e+08	2268.327	2295.729	1693.95	149942	10784.56	95.37366	5092.815	-5.338078	2482.918	95.37366	5092.815
55.28	21696.19	37451.64	4040.701	39394.92	14711.12	-689.7544	36822.53	2432.028	3491.036	25559.26	52537.92	3093.95	94.66192	2382.918	1.289189e+08	3.46502e+08	4268.328	1795.729	1593.95	143404	10184.56	95.37366	2891.815	94.66192	2382.918	95.37366	2891.815
55.57	26101.19	33445.64	2139.701	37190.92	19915.12	1711.246	42531.53	2132.028	3891.036	24558.26	51134.92	2393.95	-5.338078	3082.918	1.306006e+08	3.68542e+08	4268.328	1095.729	893.9502	129830	11084.56	-4.626335	3191.815	-5.338078	3082.918	-4.626335	3191.815
55.85	29905.19	23331.64	2839.701	43200.92	43946.12	-388.7544	37824.53	2732.028	2890.036	26260.26	60255.92	4393.95	-5.338078	2682.918	1.366907e+08	3.204559e+08	3468.327	1495.729	893.9502	131740	11585.56	95.37366	2991.815	-5.338078	2682.918	95.37366	2991.815
56.14	35212.19	26334.64	3840.701	45604.92	56471.12	1011.246	36822.53	2932.028	3791.036	20955.26	59152.92	4693.95	-5.338078	3082.918	1.331613e+08	3.925868e+08	3368.327	1995.729	893.9502	172286	9784.562	-4.626335	2291.815	-5.338078	3082.918	-4.626335	2291.815
56.42	38617.19	25533.64	4940.701	46707.92	89266.12	311.2456	33617.53	2932.028	5891.036	25159.26	63563.92	5694.95	-5.338078	3082.918	1.429966e+08	4.206406e+08	2268.327	1895.729	993.9502	307877.9	10484.56	-4.626335	4591.815	-5.338078	3082.918	-4.626335	4591.815
56.71	45528.19	20227.64	3740.701	45905.92	89367.12	611.2456	33918.53	2732.028	3891.036	17052.26	70080.92	6694.95	-5.338078	2982.918	1.25266e+08	3.945906e+08	3468.327	2095.729	993.9502	411960.9	10884.56	-4.626335	4191.815	-5.338078	2982.918	-4.626335	4191.815
56.99	47733.19	27736.64	2139.701	46105.92	91675.12	111.2456	37523.53	4032.028	6091.036	17852.26	67674.92	10295.95	-5.338078	2582.918	1.352091e+08	3.46502e+08	3268.327	2295.729	1193.95	455505.9	11885.56	-4.626335	4691.815	-5.338078	2582.918	-4.626335	4691.815
57.28	49436.19	21028.64	3340.701	43400.92	96092.12	511.2456	33016.53	2632.028	2990.036	21155.26	72286.92	13196.95	-5.338078	2182.918	1.418226e+08	4.146289e+08	2968.327	3095.729	1693.95	485971.9	11885.56	-4.626335	4191.815	-5.338078	2182.918	-4.626335	4191.815
57.57	56451.19	25533.64	3240.701	51817.92	138289.1	2611.246	44034.53	2432.028	3991.036	21255.26	75396.92	9795.95	-5.338078	1382.918	1.349329e+08	3.645347e+08	3668.327	2895.729	293.9502	396716.9	10684.56	-4.626335	2891.815	-5.338078	1382.918	-4.626335	2891.815
57.85	52943.19	26935.64	4340.701	48310.92	131653.1	3512.246	35320.53	2432.028	3891.036	20755.26	64064.92	8895.95	-5.338078	1282.918	1.379364e+08	3.585237e+08	1968.327	3595.729	493.9502	307574.9	11084.56	-4.626335	3191.815	-5.338078	1282.918	-4.626335	3191.815
58.14	54847.19	23231.64	2739.701	55425.92	180457.1	1511.246	33217.53	2332.028	2290.036	23457.26	75696.92	6694.95	-5.338078	1082.918	1.330881e+08	3.264664e+08	2668.327	2195.729	493.9502	240950	11185.56	-4.626335	3291.815	-5.338078	1082.918	-4.626335	3291.815
58.42	62264.19	45767.64	2139.701	60036.92	225621.1	1111.246	36722.53	2932.028	3190.036	24959.26	75696.92	6794.95	-5.338078	1682.918	1.452284e+08	3.885793e+08	2668.327	2495.729	193.9502	237416	14086.56	-4.626335	3591.815	-5.338078	1682.918	-4.626335	3591.815
58.71	72492.19	105664.6	2139.701	71767.92	247022.1	711.2456	46539.53	3332.028	4691.036	24959.26	80110.92	7994.95	-5.338078	1982.918	1.427031e+08	4.166328e+08	3368.327	3195.729	193.9502	251856	11485.56	-4.626335	2891.815	-5.338078	1982.918	-4.626335	2891.815
59	70185.19	162582.6	2039.701	72669.92	250355.1	2811.246	36221.53	3232.028	3991.036	22656.26	76499.92	10795.95	-5.338078	2482.918	1.420721e+08	3.725494e+08	2268.327	3195.729	993.9502	262767.9	12585.56	-4.626335	3191.815	-5.338078	2482.918	-4.626335	3191.815
59.28	74999.19	150101.6	4140.701	63845.92	238944.1	1211.246	28410.53	2332.028	2990.036	18653.26	80812.92	12996.95	-5.338078	1682.918	1.382295e+08	4.146289e+08	1968.327	3495.729	1293.95	306460.9	10284.56	-4.626335	3491.815	-5.338078	1682.918	-4.626335	3491.815
59.57	82423.19	89095.64	5140.701	64848.92	284417.1	1811.246	26808.53	2332.028	5191.036	18053.26	77703.92	13797.95	-5.338078	1282.918	1.372915e+08	3.444984e+08	1868.327	3495.729	793.9502	301298.9	12085.56	95.37366	5492.815	-5.338078	1282.918	95.37366	5492.815
59.85	87339.19	48072.64	2139.701	56026.92	387184.1	1411.246	22904.53	4232.028	4191.036	22856.26	89743.92	12596.95	-5.338078	1382.918	1.390212e+08	4.186367e+08	2968.327	2195.729	893.9502	278536.9	11985.56	-4.626335	4591.815	-5.338078	1382.918	-4.626335	4591.815
60.14	97577.19	61305.64	3340.701	64647.92	467031.1	1611.246	24306.53	2632.028	3691.036	25059.26	82518.92	12096.95	94.66192	1182.918	1.392118e+08	3.865756e+08	1968.327	3595.729	1193.95	286323.9	12385.56	95.37366	3991.815	94.66192	1182.918	95.37366	3991.815
60.43	105811.2	56191.64	5040.701	68859.92	492003.1	2411.246	27309.53	1832.028	4791.036	28162.26	84625.92	8094.95	-5.338078	1682.918	1.349183e+08	3.344805e+08	3568.327	3395.729	1193.95	366459.9	14886.56	95.37366	5392.815	-5.338078	1682.918	95.37366	5392.815
60.71	99585.19	38153.64	2439.701	64547.92	419092.1	3812.246	30713.53	2332.028	3891.036	29363.26	78706.92	8194.95	94.66192	1282.918	1.314638e+08	3.605274e+08	2168.327	2895.729	1193.95	418568.9	13686.56	-4.626335	3791.815	94.66192	1282.918	-4.626335	3791.815
61	90651.19	47872.64	4540.701	70463.92	383731.1	4912.246	28611.53	2332.028	4191.036	31966.26	79207.92	10195.95	-5.338078	2482.918	1.356799e+08	3.82568e+08	2868.327	2895.729	893.9502	750491.9	11485.56	-4.626335	6092.815	-5.338078	2482.918	-4.626335	6092.815
61.29	94967.19	46970.64	2839.701	85109.92	387996.1	4612.246	40528.53	2432.028	3891.036	44385.26	90445.92	7094.95	-5.338078	1582.918	1.391864e+08	4.066135e+08	2268.327	3595.729	1193.95	1029983	12385.56	-4.626335	7092.815	-5.338078	1582.918	-4.626335	7092.815
61.57	80216.19	68024.64	2739.701	75879.92	286844.1	3512.246	37323.53	2732.028	2990.036	39177.26	80010.92	7494.95	-5.338078	1982.918	1.309225e+08	3.164489e+08	2168.327	2895.729	793.9502	908921.9	12585.56	-4.626335	5992.815	-5.338078	1982.918	-4.626335	5992.815
61.86	69283.19	46769.64	2039.701	80092.92	247022.1	4412.246	35921.53	2932.028	5291.036	49695.26	82317.92	6494.95	-5.338078	2282.918	1.376726e+08	3.364841e+08	2568.327	2495.729	1093.95	918460.9	11885.56	95.37366	4991.815	-5.338078	2282.918	95.37366	4991.815
62.14	72893.19	45467.64	3540.701	83203.92	253992.1	611.2456	37122.53	2132.028	2590.036	53904.26	75596.92	5294.95	-5.338078	2082.918	1.304397e+08	3.2847e+08	1668.327	2595.729	1593.95	691527.9	9784.562	195.3737	6192.815	-5.338078	2082.918	195.3737	6192.815
62.43	81118.19	38553.64	2940.701	90328.92	281888.1	1911.246	35921.53	2932.028	3691.036	50597.26	77703.92	5094.95	-5.338078	3282.918	1.327368e+08	3.785605e+08	1768.327	1995.729	493.9502	523314.9	10484.56	95.37366	5092.815	-5.338078	3282.918	95.37366	5092.815
62.72	84429.19	32143.64	1939.701	92636.92	334532.1	1111.246	33217.53	3132.028	3691.036	49595.26	79910.92	3493.95	-5.338078	1182.918	1.30001e+08	3.424948e+08	3568.327	1595.729	493.9502	395700.9	10984.56	195.3737	4191.815	-5.338078	1182.918	195.3737	4191.815
63	99685.19	22530.64	3340.701	94543.92	436079.1	1411.246	31514.53	2132.028	4391.036	48193.26	84424.92	3393.95	194.6619	2582.918	1.445822e+08	4.00602e+08	2768.327	2395.729	93.95018	330564.9	12385.56	195.3737	4491.815	194.6619	2582.918	195.3737	4491.815
63.29	102497.2	19126.64	3340.701	81698.92	417262.1	511.2456	33517.53	2732.028	2890.036	39678.26	74593.92	3493.95	-5.338078	2582.918	1.411917e+08	3.805643e+08	1568.327	3495.729	593.9502	285008.9	10784.56	-4.626335	4591.815	-5.338078	2582.918	-4.626335	4591.815
63.57	101894.2	21228.64	2739.701	90127.92	449208.1	11.24561	38625.53	3432.028	4491.036	50196.26	86331.92	3893.95	-5.338078	2382.918	1.555386e+08	3.865756e+08	2268.327	2595.729	293.9502	246604	11385.56	-4.626335	5792.815	-5.338078	2382.918	-4.626335	5792.815
63.86	104405.2	36349.64	3540.701	94644.92	440048.1	211.2456	32416.53	2532.028	3991.036	48994.26	84424.92	4493.95	-5.338078	2982.918	1.373648e+08	3.605274e+08	1668.327	3795.729	93.95018	226011	11885.56	-4.626335	4291.815	-5.338078	2982.918	-4.626335	4291.815
64.15	106313.2	70230.64	2239.701	90428.92	497306.1	411.2456	27810.53	3032.028	3090.036	47191.26	87635.92	5894.95	-5.338078	2182.918	1.340836e+08	3.344805e+08	2268.327	3495.729	-6.049822	174904	13185.56	-4.626335	5492.815	-5.338078	2182.918	-4.626335	5492.815
64.43	106212.2	24432.64	2339.701	87116.92	490983.1	-889.7544	26008.53	1932.028	2390.036	43484.26	76298.92	3793.95	-5.338078	1782.918	1.287727e+08	3.585237e+08	1568.327	3195.729	93.95018	139080	12185.56	-4.626335	4391.815	-5.338078	1782.918	-4.626335	4391.815
64.72	119271.2	25333.64	2039.701	87819.92	611907.1	1911.246	27910.53	1232.028	2490.036	40679.26	87736.92	3493.95	-5.338078	2582.918	1.337469e+08	2.76381e+08	2168.327	2895.729	-6.049822	111241	10284.56	-4.626335	4991.815	-5.338078	2582.918	-4.626335	4991.815
65	124496.2	59600.64	3240.701	81597.92	699254.1	-1489.754	24506.53	1532.028	3891.036	42783.26	87936.92	4193.95	-5.338078	1882.918	1.308786e+08	3.90583e+08	1268.327	2995.729	93.95018	90155.95	12785.56	-4.626335	6192.815	-5.338078	1882.918	-4.626335	6192.815
65.29	136559.2	34246.64	2639.701	84708.92	736604.1	-789.7544	23004.53	3632.028	4391.036	41280.26	89442.92	3693.95	-5.338078	2382.918	1.365149e+08	3.304735e+08	1768.327	2595.729	293.9502	77613.95	11485.56	-4.626335	6392.815	-5.338078	2382.918	-4.626335	6392.815
65.57	140380.2	21729.64	2739.701	78788.92	761328.1	1411.246	27509.53	2132.028	3390.036	39878.26	93055.92	3893.95	-5.338078	1882.918	1.373501e+08	3.585237e+08	1968.327	2595.729	193.9502	74704.95	11485.56	-4.626335	4291.815	-5.338078	1882.918	-4.626335	4291.815
65.86	151243.2	40357.64	2940.701	80594.92	839058.1	-689.7544	29812.53	2832.028	2890.036	41480.26	102693.9	4393.95	-5.338078	1582.918	1.418813e+08	3.845718e+08	1168.327	3795.729	93.95018	64476.95	10084.56	-4.626335	5292.815	-5.338078	1582.918	-4.626335	5292.815
66.15	156173.2	15322.64	1539.701	84607.92	881688.1	-588.7544	22804.53	2732.028	4091.036	37474.26	97171.92	4193.95	-5.338078	1482.918	1.341861e+08	3.925868e+08	2168.327	3595.729	-6.049822	50945.95	9884.562	95.37366	5792.815	-5.338078	1482.918	95.37366	5792.815
66.43	156073.2	20728.64	3640.701	81296.92	857053.1	-1789.754	24106.53	2632.028	3491.036	35071.26	101287.9	3693.95	94.66192	1682.918	1.325466e+08	3.605274e+08	2268.327	5096.729	93.95018	48039.95	12185.56	-4.626335	4691.815	94.66192	1682.918	-4.626335	4691.815
66.72	157079.2	29839.64	2639.701	79892.92	854053.1	-689.7544	21403.53	2332.028	4391.036	30465.26	92553.92	4793.95	-5.338078	1182.918	1.321661e+08	3.785605e+08	2168.327	4195.729	-6.049822	51646.95	12085.56	-4.626335	5992.815	-5.338078	1182.918	-4.626335	5992.815
67.01	153356.2	14622.64	2339.701	75077.92	849399.1	11.24561	20502.53	2332.028	3891.036	29263.26	109220.9	4693.95	-5.338078	1082.918	1.396223e+08	3.585237e+08	1668.327	3095.729	93.95018	46937.95	10484.56	-4.626335	5792.815	-5.338078	1082.918	-4.626335	5792.815
67.29	151746.2	57194.64	2139.701	68257.92	814361.1	2011.246	18400.53	2432.028	2190.036	21455.26	102191.9	6094.95	-5.338078	482.9182	1.3423e+08	3.565201e+08	1368.327	4895.729	293.9502	46937.95	11084.56	-4.626335	8092.815	-5.338078	482.9182	-4.626335	8092.815
67.58	139073.2	61806.64	2940.701	72369.92	722913.1	-1689.754	18901.53	2632.028	4091.036	19954.26	101588.9	5494.95	-5.338078	1382.918	1.451524e+08	4.00602e+08	1368.327	5096.729	-6.049822	39324.95	11185.56	-4.626335	5492.815	-5.338078	1382.918	-4.626335	5492.815
67.86	133040.2	22930.64	2239.701	79691.92	615186.1	111.2456	17700.53	832.0284	4391.036	15951.26	96267.92	7594.95	-5.338078	1782.918	1.301765e+08	3.785605e+08	1868.327	3595.729	93.95018	52448.95	11385.56	-4.626335	5192.815	-5.338078	1782.918	-4.626335	5192.815
68.15	114047.2	26935.64	2139.701	84206.92	512713.1	-889.7544	21403.53	2332.028	3591.036	16251.26	94962.92	7494.95	-5.338078	882.9182	1.334687e+08	3.404912e+08	1368.327	3395.729	-6.049822	52448.95	11685.56	-4.626335	5892.815	-5.338078	882.9182	-4.626335	5892.815
68.44	110531.2	43062.64	3040.701	82199.92	448496.1	-1189.754	19301.53	2532.028	4691.036	18053.26	103295.9	4393.95	-5.338078	1282.918	1.358996e+08	3.2847e+08	1868.327	4595.729	93.95018	55354.95	9884.562	95.37366	4191.815	-5.338078	1282.918	95.37366	4191.815
68.72	102296.2	12120.64	3640.701	82701.92	425092.1	211.2456	20902.53	3032.028	3691.036	15751.26	99680.92	6094.95	-5.338078	1282.918	1.340104e+08	3.62531e+08	2568.327	2395.729	93.95018	67484.95	11185.56	-4.626335	4291.815	-5.338078	1282.918	-4.626335	4291.815
69.01	92458.19	21128.64	1839.701	86514.92	399170.1	1311.246	23105.53	1832.028	4191.036	17252.26	98576.92	5294.95	-5.338078	2082.918	1.320051e+08	3.805643e+08	2168.327	2995.729	193.9502	85840.95	10284.56	-4.626335	4491.815	-5.338078	2082.918	-4.626335	4491.815
69.3	78610.19	20928.64	4440.701	75478.92	314069.1	-88.75439	26608.53	2332.028	2890.036	16151.26	83923.92	3993.95	-5.338078	1082.918	1.451524e+08	3.565201e+08	2368.327	3295.729	293.9502	315167.9	9984.562	95.37366	4391.815	-5.338078	1082.918	95.37366	4391.815
69.58	66776.19	18425.64	-160.2988	65650.92	243892.1	611.2456	25107.53	3032.028	4191.036	17352.26	79007.92	4693.95	-5.338078	1582.918	1.328979e+08	3.585237e+08	2368.327	2595.729	393.9502	581580.9	12185.56	-4.626335	4291.815	-5.338078	1582.918	-4.626335	4291.815
69.87	58556.19	27836.64	3140.701	47909.92	203835.1	1711.246	26909.53	1732.028	3891.036	15851.26	70281.92	6494.95	-5.338078	2982.918	1.348011e+08	3.104385e+08	2168.327	2695.729	193.9502	914520.9	11185.56	-4.626335	4291.815	-5.338078	2982.918	-4.626335	4291.815
70.15	43024.19	15623.64	4140.701	40996.92	154282.1	2711.246	22304.53	1832.028	2390.036	10448.26	67874.92	10095.95	-5.338078	1482.918	1.315954e+08	3.244629e+08	1468.327	2395.729	193.9502	1276050	12985.56	-4.626335	4191.815	-5.338078	1482.918	-4.626335	4191.815
70.44	44126.19	214989.6	2439.701	33485.92	127431.1	3812.246	18000.53	2032.028	5291.036	9548.264	59653.92	11196.95	-5.338078	982.9182	1.352112e+08	3.024248e+08	1368.327	2295.729	93.95018	1599688	11885.56	295.3737	4691.815	-5.338078	982.9182	295.3737	4691.815
70.72	33509.19	24232.64	4540.701	27978.92	96895.12	2911.246	21903.53	1932.028	2890.036	9748.264	57147.92	10795.95	-5.338078	582.9182	1.269749e+08	3.605274e+08	1368.327	2195.729	193.9502	1843766	11185.56	-4.626335	4491.815	-5.338078	582.9182	-4.626335	4491.815
71.01	38617.19	10319.64	3640.701	23473.92	80537.12	2511.246	18600.53	2832.028	3290.036	9048.264	55343.92	13397.95	94.66192	582.9182	1.28875e+08	3.845718e+08	1668.327	1995.729	393.9502	2098414	10684.56	-4.626335	4591.815	94.66192	582.9182	-4.626335	4591.815
71.3	33910.19	32343.64	3140.701	22372.92	64190.12	4112.246	16299.53	2432.028	4491.036	8447.264	56646.92	12996.95	-5.338078	982.9182	1.313906e+08	3.865756e+08	1568.327	2495.729	93.95018	2392882	11885.56	95.37366	6192.815	-5.338078	982.9182	95.37366	6192.815
71.58	30005.19	9318.641	2940.701	18369.92	53264.12	4912.246	17600.53	2432.028	3190.036	6547.263	51435.92	12496.95	-5.338078	1182.918	1.345522e+08	3.485056e+08	1268.327	2295.729	193.9502	2560644	10684.56	-4.626335	5192.815	-5.338078	1182.918	-4.626335	5192.815
71.87	26901.19	61104.64	2739.701	16567.92	42443.12	4312.246	14898.53	2232.028	2390.036	5547.263	58150.92	13897.95	-5.338078	682.9182	1.378924e+08	3.925868e+08	968.3274	2095.729	193.9502	2694140	12185.56	-4.626335	5192.815	-5.338078	682.9182	-4.626335	5192.815
72.16	23698.19	18926.64	1739.701	19670.92	38637.12	4512.246	14698.53	2732.028	4091.036	4346.263	59653.92	11396.95	-5.338078	482.9182	1.377458e+08	3.865756e+08	568.3274	2195.729	193.9502	1513508	13386.56	-4.626335	4691.815	-5.338078	482.9182	-4.626335	4691.815
72.44	24099.19	97428.64	1539.701	15466.92	29725.12	4912.246	18801.53	2532.028	5691.036	4646.263	55844.92	15298.95	-5.338078	382.9182	1.318442e+08	3.68542e+08	768.3274	2495.729	493.9502	1629290	10984.56	-4.626335	4591.815	-5.338078	382.9182	-4.626335	4591.815
72.73	23598.19	6216.641	2439.701	13765.92	24519.12	5312.246	16799.53	2732.028	3891.036	6247.263	52337.92	17199.95	-5.338078	1382.918	1.399303e+08	3.2847e+08	968.3274	2195.729	93.95018	3034299	12585.56	-4.626335	4691.815	-5.338078	1382.918	-4.626335	4691.815
73.01	19194.19	10619.64	2639.701	11764.92	19114.12	5913.246	14397.53	2632.028	2490.036	5247.263	52738.92	17899.95	-5.338078	282.9182	1.284511e+08	3.485056e+08	768.3274	2295.729	193.9502	2030120	9984.562	-4.626335	5992.815	-5.338078	282.9182	-4.626335	5992.815
73.3	22497.19	21228.64	2639.701	14166.92	17913.12	7013.246	17900.53	1432.028	2490.036	6247.263	59252.92	18600.95	-5.338078	482.9182	1.329125e+08	3.725494e+08	968.3274	2795.729	393.9502	3046902	10384.56	-4.626335	3691.815	-5.338078	482.9182	-4.626335	3691.815
73.59	18994.19	67723.64	2539.701	11964.92	21116.12	8114.246	19601.53	2832.028	2090.036	4946.263	54341.92	20101.95	-5.338078	582.9182	1.288019e+08	3.665384e+08	1768.327	2495.729	493.9502	2946914	10284.56	-4.626335	4891.815	-5.338078	582.9182	-4.626335	4891.815
73.87	18594.19	211660.6	2139.701	11564.92	22918.12	13918.25	23605.53	2732.028	2490.036	4646.263	54742.92	24305.95	-5.338078	482.9182	1.241704e+08	3.144455e+08	1868.327	1695.729	293.9502	2589833	9484.562	-4.626335	6692.815	-5.338078	482.9182	-4.626335	6692.815
74.16	19395.19	332494.6	3040.701	9663.922	23518.12	18422.25	35921.53	1432.028	3190.036	3546.263	50533.92	25106.95	94.66192	482.9182	1.275302e+08	2.863977e+08	1368.327	3195.729	493.9502	2624482	12085.56	-4.626335	4591.815	94.66192	482.9182	-4.626335	4591.815
74.44	25300.19	486729.6	1939.701	9963.922	23618.12	22025.25	40027.53	2632.028	3991.036	5547.263	54742.92	19501.95	-5.338078	182.9182	1.35885e+08	3.645347e+08	2168.327	2995.729	93.95018	2682925	12885.56	95.37366	5792.815	-5.338078	182.9182	95.37366	5792.815
74.73	28603.19	347500.6	2639.701	12064.92	26621.12	18322.25	30914.53	2832.028	3290.036	2946.263	59854.92	19000.95	94.66192	382.9182	1.33498e+08	3.565201e+08	2468.327	2995.729	193.9502	2605990	9284.562	-4.626335	5792.815	94.66192	382.9182	-4.626335	5792.815
75.02	34311.19	248607.6	2940.701	18869.92	53665.12	11816.25	31915.53	1732.028	3290.036	3646.263	68777.92	20401.95	-5.338078	282.9182	1.335419e+08	3.144455e+08	1668.327	3295.729	593.9502	2320295	11084.56	-4.626335	6092.815	-5.338078	282.9182	-4.626335	6092.815
75.3	42523.19	197945.6	2839.701	35488.92	122507.1	10015.25	27109.53	1932.028	2690.036	5247.263	77502.92	18500.95	-5.338078	382.9182	1.294599e+08	3.244629e+08	1368.327	3195.729	193.9502	1835704	10984.56	-4.626335	5192.815	-5.338078	382.9182	-4.626335	5192.815
75.59	46530.19	149900.6	5040.701	54022.92	161226.1	8914.246	27710.53	2132.028	4391.036	5447.263	75295.92	15698.95	-5.338078	1182.918	1.345229e+08	3.585237e+08	1368.327	3695.729	493.9502	1489164	9484.562	-4.626335	4291.815	-5.338078	1182.918	-4.626335	4291.815
75.87	48835.19	179099.6	4240.701	62141.92	158509.1	5613.246	21103.53	1732.028	2590.036	10048.26	76499.92	10095.95	-5.338078	1382.918	1.328393e+08	3.304735e+08	1368.327	2395.729	293.9502	1113658	10384.56	-4.626335	3391.815	-5.338078	1382.918	-4.626335	3391.815
76.16	46931.19	93914.64	3140.701	73171.92	162232.1	3912.246	23105.53	2132.028	3891.036	13950.26	79107.92	8394.95	-5.338078	1682.918	1.369838e+08	3.505092e+08	1668.327	4195.729	293.9502	849278.9	10884.56	-4.626335	3791.815	-5.338078	1682.918	-4.626335	3791.815
76.45	52843.19	84076.64	2439.701	75277.92	126125.1	1711.246	29311.53	2632.028	4391.036	18453.26	77502.92	7294.95	-5.338078	2182.918	1.269457e+08	3.164489e+08	2168.327	2595.729	93.95018	667897.9	11785.56	-4.626335	4691.815	-5.338078	2182.918	-4.626335	4691.815
76.73	48634.19	72638.64	1739.701	76581.92	99907.12	1311.246	29412.53	2132.028	2990.036	26160.26	73690.92	5894.95	-5.338078	2582.918	1.367347e+08	3.525128e+08	1968.327	3295.729	93.95018	509533.9	11685.56	-4.626335	4291.815	-5.338078	2582.918	-4.626335	4291.815
77.02	50939.19	80865.64	2539.701	83604.92	78631.12	1811.246	35620.53	3532.028	3190.036	32667.26	73791.92	4193.95	-5.338078	2982.918	1.253971e+08	3.485056e+08	2168.327	2995.729	93.95018	418161.9	12385.56	-4.626335	4291.815	-5.338078	2982.918	-4.626335	4291.815
77.31	45328.19	58497.64	1939.701	72168.92	64891.12	3212.246	31014.53	2632.028	2490.036	32267.26	66470.92	2993.95	-5.338078	2282.918	1.212952e+08	3.705457e+08	1968.327	2095.729	193.9502	396919.9	11185.56	-4.626335	3891.815	-5.338078	2282.918	-4.626335	3891.815
77.59	40019.19	63109.64	2639.701	82500.92	45448.12	1111.246	38925.53	3332.028	2690.036	40279.26	69980.92	3693.95	-5.338078	3282.918	1.309663e+08	3.264664e+08	2368.327	3595.729	-6.049822	354184.9	9284.562	-4.626335	3091.815	-5.338078	3282.918	-4.626335	3091.815
77.88	34311.19	72838.64	2039.701	84106.92	35532.12	2911.246	43133.53	2532.028	3190.036	41881.26	70281.92	3393.95	-5.338078	3082.918	1.295476e+08	3.364841e+08	1968.327	2395.729	1793.95	321548.9	8283.562	95.37366	3991.815	-5.338078	3082.918	95.37366	3991.815
78.16	33109.19	76450.64	2739.701	80193.92	28523.12	5112.246	50547.53	2032.028	2890.036	36373.26	67974.92	3993.95	-5.338078	4582.918	1.277933e+08	3.46502e+08	2968.327	2195.729	3593.95	322155.9	8884.562	-4.626335	3891.815	-5.338078	4582.918	-4.626335	3891.815
78.45	25800.19	85682.64	2739.701	71366.92	23218.12	5513.246	49745.53	2132.028	4191.036	36473.26	64766.92	5494.95	-5.338078	3082.918	1.22302e+08	3.344805e+08	3668.327	1995.729	8194.95	293506.9	5583.562	-4.626335	3091.815	-5.338078	3082.918	-4.626335	3091.815
78.74	20395.19	53886.64	339.7012	65650.92	23919.12	4312.246	40728.53	2532.028	2990.036	31766.26	55043.92	4493.95	-5.338078	2782.918	1.085376e+08	3.645347e+08	1768.327	2095.729	3893.95	235801	6183.562	195.3737	3691.815	-5.338078	2782.918	195.3737	3691.815
79.02	16893.19	40657.64	3340.701	50414.92	20515.12	13818.25	32916.53	1132.028	2890.036	26160.26	49631.92	3293.95	-5.338078	2182.918	9.995626e+07	2.82391e+08	1868.327	1695.729	2293.95	202612	2582.562	-4.626335	2291.815	-5.338078	2182.918	-4.626335	2291.815
79.31	15292.19	35248.64	2239.701	46406.92	19214.12	3312.246	30513.53	2232.028	1790.036	21655.26	41316.92	2793.95	-5.338078	1982.918	8.349025e+07	2.12279e+08	2768.327	1895.729	2193.95	152457	2882.562	95.37366	1591.815	-5.338078	1982.918	95.37366	1591.815
79.6	9389.188	36249.64	1339.701	41497.92	14311.12	2811.246	21603.53	1032.028	2490.036	15951.26	30400.92	2193.95	-5.338078	1582.918	6.299253e+07	1.62205e+08	768.3274	1495.729	2093.95	126212	2782.562	-4.626335	1191.815	-5.338078	1582.918	-4.626335	1191.815
79.88	8488.188	23030.64	3140.701	30281.92	11210.12	1811.246	12696.53	1732.028	390.0356	13550.26	23093.92	1593.95	-5.338078	982.9182	4.712478e+07	1.430706e+08	668.3274	895.7296	1593.95	102604	1082.562	95.37366	1091.815	-5.338078	982.9182	95.37366	1091.815
80.17	6288.188	22129.64	739.7012	23873.92	9009.117	-88.75439	12296.53	1632.028	1090.036	9748.264	19490.92	1193.95	-5.338078	582.9182	3.678026e+07	1.049223e+08	568.3274	195.7295	693.9502	86743.95	1182.562	-4.626335	991.8149	-5.338078	582.9182	-4.626335	991.8149
80.45	6088.188	11820.64	439.7012	17168.92	5708.118	611.2456	8694.526	632.0284	390.0356	7747.263	16187.92	1893.95	-5.338078	582.9182	3.129921e+07	8.615124e+07	368.3274	295.7295	1193.95	77112.95	1882.562	-4.626335	291.8149	-5.338078	582.9182	-4.626335	291.8149
80.74	3687.189	42661.64	739.7012	12465.92	4407.118	-588.7544	7994.527	32.02844	-9.964355	5347.263	12385.92	593.9502	-5.338078	382.9182	2.290193e+07	6.636735e+07	368.3274	395.7295	993.9502	41127.95	882.5623	-4.626335	691.8149	-5.338078	382.9182	-4.626335	691.8149
81.02	3687.189	14922.64	339.7012	14366.92	5908.118	11.24561	6493.527	732.0284	690.0356	4146.263	9984.918	193.9502	94.66192	482.9182	1.918564e+07	5.226173e+07	268.3274	795.7296	193.9502	49542.95	782.5623	-4.626335	291.8149	94.66192	482.9182	-4.626335	291.8149
81.31	3287.189	10018.64	-260.2988	9163.922	3807.117	-689.7544	5493.527	32.02844	990.0356	4346.263	6483.918	493.9502	-5.338078	282.9182	1.432632e+07	4.189089e+07	168.3274	95.72954	1493.95	39224.95	482.5623	-4.626335	391.8149	-5.338078	282.9182	-4.626335	391.8149
81.59	2487.189	10018.64	-1061.299	6562.922	3307.117	-1489.754	4893.527	232.0284	990.0356	3546.263	5683.918	393.9502	-5.338078	82.91815	1.101505e+07	3.625197e+07	168.3274	295.7295	-6.049822	34317.95	682.5623	95.37366	491.8149	-5.338078	82.91815	95.37366	491.8149
81.88	2287.189	2415.641	1339.701	7062.922	2307.117	-588.7544	4293.527	132.0284	590.0356	2446.263	4982.918	493.9502	-5.338078	482.9182	1.074632e+07	3.143592e+07	168.3274	-4.270463	193.9502	29711.95	482.5623	-4.626335	191.8149	-5.338078	482.9182	-4.626335	191.8149
82.17	2287.189	2014.641	439.7012	5862.922	1307.117	-1089.754	1492.527	332.0284	190.0356	2546.263	4582.918	393.9502	94.66192	-17.08185	7692754	2.585632e+07	-31.6726	-4.270463	193.9502	24805.95	382.5623	-4.626335	491.8149	94.66192	-17.08185	-4.626335	491.8149
82.45	687.1886	1914.641	439.7012	3661.922	1507.117	11.24561	1992.527	432.0284	90.03564	2246.263	3482.918	93.95018	-5.338078	182.9182	7240598	1.805105e+07	68.3274	295.7295	-6.049822	16999.95	82.56228	-4.626335	91.81495	-5.338078	182.9182	-4.626335	91.81495
82.74	987.1886	2715.641	-1261.299	4362.922	1307.117	-789.7544	1892.527	132.0284	290.0356	1646.263	3782.918	693.9502	-5.338078	82.91815	6096336	1.647214e+07	168.3274	-4.270463	193.9502	17599.95	82.56228	-4.626335	-8.185054	-5.338078	82.91815	-4.626335	-8.185054
83.02	1087.189	3715.641	39.70117	3561.922	907.1174	1011.246	1992.527	-167.9716	-309.9644	1346.263	2782.918	93.95018	-5.338078	82.91815	4825370	1.279076e+07	168.3274	195.7295	93.95018	13997.95	82.56228	-4.626335	91.81495	-5.338078	82.91815	-4.626335	91.81495
83.31	587.1886	1514.641	-160.2988	2761.922	1207.117	-889.7544	1392.527	132.0284	-9.964355	1046.263	2082.918	93.95018	-5.338078	-17.08185	4373582	1.321698e+07	68.3274	-4.270463	93.95018	15498.95	-17.43772	-4.626335	-8.185054	-5.338078	-17.08185	-4.626335	-8.185054
83.6	287.1886	2715.641	-360.2988	2561.922	607.1174	-889.7544	1892.527	632.0284	-509.9644	346.2633	1082.918	93.95018	-5.338078	-17.08185	3837158	8843559	-31.6726	-4.270463	-6.049822	8394.95	182.5623	-4.626335	91.81495	-5.338078	-17.08185	-4.626335	91.81495
83.88	587.1886	1814.641	-1361.299	1561.922	1407.117	-2289.754	-207.4733	-167.9716	-309.9644	746.2634	982.9182	193.9502	94.66192	-17.08185	2693998	7524074	-31.6726	-4.270463	-6.049822	7694.95	-17.43772	-4.626335	91.81495	94.66192	-17.08185	-4.626335	91.81495
84.17	487.1886	1514.641	-961.2988	2161.922	1307.117	-1689.754	692.5267	232.0284	-109.9644	546.2634	1382.918	93.95018	-5.338078	-17.08185	2948002	6105822	-31.6726	195.7295	-6.049822	5894.95	82.56228	-4.626335	91.81495	-5.338078	-17.08185	-4.626335	91.81495
84.46	287.1886	1714.641	-761.2988	961.9218	507.1174	-1489.754	-7.473267	-267.9716	290.0356	246.2633	1382.918	-6.049822	-5.338078	-17.08185	1494786	6304343	168.3274	-4.270463	-6.049822	3993.95	-17.43772	-4.626335	-8.185054	-5.338078	-17.08185	-4.626335	-8.185054
84.74	587.1886	314.6406	-761.2988	861.9218	407.1174	-488.7544	692.5267	-367.9716	-9.964355	946.2634	682.9182	93.95018	-5.338078	82.91815	1847453	4787356	-31.6726	-4.270463	-6.049822	6294.95	-17.43772	-4.626335	-8.185054	-5.338078	82.91815	-4.626335	-8.185054
85.04	87.18861	914.6406	439.7012	261.9218	507.1174	-889.7544	-407.4733	32.02844	190.0356	146.2633	682.9182	-6.049822	-5.338078	182.9182	1917991	4121222	-31.6726	-4.270463	-6.049822	6194.95	82.56228	-4.626335	191.8149	-5.338078	182.9182	-4.626335	191.8149
85.32	287.1886	-1486.359	-761.2988	361.9218	107.1174	-2489.754	592.5267	-267.9716	190.0356	-53.73666	682.9182	-6.049822	-5.338078	182.9182	796564.4	3837798	-31.6726	195.7295	-6.049822	1593.95	82.56228	-4.626335	-8.185054	-5.338078	182.9182	-4.626335	-8.185054
85.62	187.1886	814.6406	339.7012	861.9218	407.1174	-889.7544	392.5267	-167.9716	-209.9644	346.2633	382.9182	93.95018	-5.338078	82.91815	789557.4	2166061	68.3274	-4.270463	-6.049822	2293.95	182.5623	-4.626335	-8.185054	-5.338078	82.91815	-4.626335	-8.185054
85.9	87.18861	-1085.359	-1061.299	-38.07825	507.1174	-388.7544	92.52673	-267.9716	490.0356	246.2633	682.9182	-6.049822	-5.338078	-17.08185	831867.4	2491846	-31.6726	-4.270463	-6.049822	5094.95	-17.43772	-4.626335	-8.185054	-5.338078	-17.08185	-4.626335	-8.185054
86.19	87.18861	714.6406	-861.2988	1061.922	207.1174	-1289.754	-107.4733	-367.9716	-109.9644	146.2633	682.9182	-6.049822	-5.338078	-17.08185	563914.4	2350196	-31.6726	95.72954	-6.049822	4593.95	-17.43772	-4.626335	91.81495	-5.338078	-17.08185	-4.626335	91.81495
86.48	487.1886	614.6406	-1161.299	1161.922	107.1174	-2389.754	-7.473267	32.02844	190.0356	446.2633	582.9182	-6.049822	-5.338078	-17.08185	225476.4	1925282	-31.6726	-4.270463	-6.049822	1093.95	182.5623	-4.626335	-8.185054	-5.338078	-17.08185	-4.626335	-8.185054
86.77	187.1886	-785.3594	-2261.299	-138.0782	7.117439	-388.7544	-207.4733	-367.9716	790.0356	146.2633	382.9182	193.9502	-5.338078	-17.08185	609820.4	1443774	-31.6726	-4.270463	-6.049822	5594.95	82.56228	-4.626335	-8.185054	-5.338078	-17.08185	-4.626335	-8.185054
87.06	87.18861	1914.641	-660.2988	-138.0782	-92.88256	-2489.754	-507.4733	132.0284	-109.9644	146.2633	-17.08185	-6.049822	-5.338078	-17.08185	271032.4	905695.8	68.3274	-4.270463	-6.049822	2193.95	-17.43772	-4.626335	-8.185054	-5.338078	-17.08185	-4.626335	-8.185054
87.34	-12.81139	514.6406	-961.2988	461.9218	107.1174	-1789.754	-107.4733	-267.9716	-209.9644	46.26334	-17.08185	-6.049822	-5.338078	-17.08185	405229.4	976490.8	-31.6726	-4.270463	93.95018	893.9502	-17.43772	-4.626335	-8.185054	-5.338078	-17.08185	-4.626335	-8.185054
87.63	87.18861	-85.35938	39.70117	461.9218	-92.88256	-1689.754	-307.4733	132.0284	490.0356	146.2633	-17.08185	-6.049822	-5.338078	82.91815	338285.4	976490.8	-31.6726	-4.270463	-6.049822	1593.95	-17.43772	-4.626335	-8.185054	-5.338078	82.91815	-4.626335	-8.185054
87.93	-12.81139	-785.3594	439.7012	161.9218	307.1174	-1089.754	92.52673	32.02844	-109.9644	146.2633	282.9182	-6.049822	-5.338078	-17.08185	281880.4	820743.8	-31.6726	-4.270463	-6.049822	993.9502	-17.43772	-4.626335	-8.185054	-5.338078	-17.08185	-4.626335	-8.185054
88.22	87.18861	514.6406	-1961.299	-638.0782	-92.88256	211.2456	-107.4733	332.0284	90.03564	46.26334	82.91815	-6.049822	-5.338078	-17.08185	240926.4	962331.8	-31.6726	-4.270463	-6.049822	2393.95	-17.43772	-4.626335	-8.185054	-5.338078	-17.08185	-4.626335	-8.185054
88.52	287.1886	114.6406	-360.2988	361.9218	107.1174	-1389.754	492.5267	-167.9716	-209.9644	-53.73666	282.9182	-6.049822	-5.338078	-17.08185	197275.4	863219.8	68.3274	-4.270463	-6.049822	1493.95	-17.43772	-4.626335	-8.185054	-5.338078	-17.08185	-4.626335	-8.185054
88.81	87.18861	-785.3594	-861.2988	-138.0782	-92.88256	-789.7544	-507.4733	32.02844	490.0356	-53.73666	-17.08185	-6.049822	-5.338078	-17.08185	248600.4	863219.8	-31.6726	-4.270463	-6.049822	1293.95	-17.43772	-4.626335	91.81495	-5.338078	-17.08185	-4.626335	91.81495
89.09	-12.81139	914.6406	139.7012	-338.0782	-92.88256	-1089.754	-507.4733	-167.9716	590.0356	246.2633	182.9182	-6.049822	-5.338078	-17.08185	158571.4	608371.8	-31.6726	-4.270463	-6.049822	4293.95	-17.43772	-4.626335	-8.185054	-5.338078	-17.08185	-4.626335	-8.185054
89.39	287.1886	-1085.359	-360.2988	-638.0782	7.117439	-1689.754	92.52673	232.0284	-9.964355	-53.73666	-17.08185	-6.049822	94.66192	-17.08185	84470.4	339385.8	-31.6726	-4.270463	-6.049822	393.9502	-17.43772	95.37366	-8.185054	94.66192	-17.08185	95.37366	-8.185054
89.68	87.18861	-185.3594	239.7012	61.92175	7.117439	-1089.754	-507.4733	-67.97156	-309.9644	-53.73666	-17.08185	-6.049822	-5.338078	-17.08185	187773.4	339385.8	-31.6726	95.72954	-6.049822	93.95018	-17.43772	-4.626335	-8.185054	-5.338078	-17.08185	-4.626335	-8.185054
89.97	-12.81139	14.64062	-1361.299	-138.0782	607.1174	-889.7544	-307.4733	-167.9716	-109.9644	46.26334	-17.08185	-6.049822	-5.338078	-17.08185	147705.4	367699.8	168.3274	-4.270463	-6.049822	693.9502	-17.43772	-4.626335	-8.185054	-5.338078	-17.08185	-4.626335	-8.185054
90.26	-12.81139	-385.3594	-961.2988	461.9218	7.117439	-588.7544	-7.473267	-67.97156	190.0356	-53.73666	-17.08185	-6.049822	-5.338078	82.91815	92942.4	268603.8	-31.6726	-4.270463	-6.049822	93.95018	-17.43772	-4.626335	-8.185054	-5.338078	82.91815	-4.626335	-8.185054
90.55	-12.81139	14.64062	-560.2988	-138.0782	7.117439	-989.7544	-7.473267	-267.9716	-9.964355	46.26334	82.91815	-6.049822	-5.338078	82.91815	183174.4	181905.8	-31.6726	-4.270463	-6.049822	493.9502	-17.43772	-4.626335	-8.185054	-5.338078	82.91815	-4.626335	-8.185054
90.84	-12.81139	-485.3594	139.7012	-438.0782	107.1174	-689.7544	692.5267	332.0284	390.0356	146.2633	182.9182	-6.049822	-5.338078	-17.08185	12072.39	134807.8	-31.6726	-4.270463	-6.049822	93.95018	-17.43772	-4.626335	-8.185054	-5.338078	-17.08185	-4.626335	-8.185054
91.12	-12.81139	1814.641	-1061.299	-38.07825	-92.88256	-1489.754	-807.4733	-167.9716	-609.9644	46.26334	-17.08185	-6.049822	-5.338078	-17.08185	76887.4	43582.77	68.3274	95.72954	-6.049822	93.95018	-17.43772	-4.626335	91.81495	-5.338078	-17.08185	-4.626335	91.81495
91.41	87.18861	314.6406	-460.2988	-38.07825	-92.88256	811.2456	-907.4733	32.02844	-209.9644	46.26334	82.91815	-6.049822	-5.338078	-17.08185	35795.39	213958.8	68.3274	-4.270463	-6.049822	-6.049822	-17.43772	-4.626335	-8.185054	-5.338078	-17.08185	-4.626335	-8.185054
91.69	-12.81139	714.6406	-260.2988	361.9218	407.1174	-689.7544	-507.4733	-267.9716	90.03564	-53.73666	-17.08185	-6.049822	-5.338078	-17.08185	17575.39	254447.8	68.3274	-4.270463	-6.049822	-6.049822	-17.43772	-4.626335	-8.185054	-5.338078	-17.08185	-4.626335	-8.185054
91.99	-12.81139	-385.3594	-560.2988	761.9218	7.117439	-588.7544	-507.4733	-267.9716	490.0356	-53.73666	-17.08185	-6.049822	-5.338078	-17.08185	36596.39	84576.77	-31.6726	-4.270463	-6.049822	-6.049822	-17.43772	-4.626335	-8.185054	-5.338078	-17.08185	-4.626335	-8.185054
92.27	-12.81139	1314.641	-60.29883	-338.0782	7.117439	411.2456	-407.4733	132.0284	90.03564	246.2633	-17.08185	-6.049822	-5.338078	-17.08185	26083.39	23655.77	-31.6726	-4.270463	-6.049822	-6.049822	-17.43772	-4.626335	-8.185054	-5.338078	-17.08185	-4.626335	-8.185054
92.56	-12.81139	1414.641	-1361.299	-338.0782	107.1174	-1289.754	-307.4733	-367.9716	90.03564	-53.73666	-17.08185	-6.049822	-5.338078	-17.08185	84612.4	-356.2278	-31.6726	-4.270463	-6.049822	293.9502	-17.43772	-4.626335	91.81495	-5.338078	-17.08185	-4.626335	91.81495
92.85	-12.81139	514.6406	-1761.299	161.9218	-92.88256	-1289.754	-307.4733	-467.9716	890.0356	146.2633	82.91815	-6.049822	-5.338078	-17.08185	96054.4	169510.8	-31.6726	-4.270463	-6.049822	693.9502	-17.43772	-4.626335	-8.185054	-5.338078	-17.08185	-4.626335	-8.185054
93.13	-12.81139	-85.35938	-260.2988	-138.0782	-92.88256	11.24561	-307.4733	-167.9716	-209.9644	46.26334	182.9182	-6.049822	-5.338078	-17.08185	51222.39	141198.8	-31.6726	-4.270463	-6.049822	593.9502	82.56228	-4.626335	-8.185054	-5.338078	-17.08185	-4.626335	-8.185054
93.42	-12.81139	-1085.359	-260.2988	161.9218	-92.88256	-2289.754	92.52673	32.02844	290.0356	46.26334	82.91815	-6.049822	-5.338078	-17.08185	25983.39	22353.77	-31.6726	-4.270463	-6.049822	293.9502	-17.43772	-4.626335	-8.185054	-5.338078	-17.08185	-4.626335	-8.185054
93.7	87.18861	-885.3594	-260.2988	61.92175	7.117439	-488.7544	-1207.473	32.02844	490.0356	-53.73666	-17.08185	-6.049822	-5.338078	-17.08185	25582.39	87296.77	68.3274	-4.270463	-6.049822	-6.049822	-17.43772	-4.626335	-8.185054	-5.338078	-17.08185	-4.626335	-8.185054
93.99	-12.81139	414.6406	-660.2988	-38.07825	107.1174	-1689.754	-507.4733	232.0284	-209.9644	-53.73666	182.9182	-6.049822	-5.338078	-17.08185	5870.395	-356.2278	-31.6726	195.7295	-6.049822	1793.95	-17.43772	-4.626335	-8.185054	-5.338078	-17.08185	-4.626335	-8.185054
94.28	87.18861	514.6406	-60.29883	61.92175	-92.88256	-1389.754	-7.473267	332.0284	-109.9644	-53.73666	-17.08185	-6.049822	-5.338078	-17.08185	2469.395	81075.77	-31.6726	-4.270463	-6.049822	-6.049822	-17.43772	-4.626335	-8.185054	-5.338078	-17.08185	-4.626335	-8.185054
94.56	-12.81139	1614.641	-761.2988	-438.0782	7.117439	-1889.754	92.52673	632.0284	-409.9644	46.26334	-17.08185	-6.049822	-5.338078	-17.08185	47013.39	15148.77	-31.6726	-4.270463	-6.049822	393.9502	-17.43772	-4.626335	-8.185054	-5.338078	-17.08185	-4.626335	-8.185054
94.86	87.18861	914.6406	-460.2988	-238.0782	7.117439	-789.7544	392.5267	-167.9716	-109.9644	46.26334	-17.08185	-6.049822	-5.338078	-17.08185	669.395	13798.77	-31.6726	-4.270463	-6.049822	-6.049822	-17.43772	-4.626335	-8.185054	-5.338078	-17.08185	-4.626335	-8.185054
95.14	-12.81139	114.6406	-1461.299	-138.0782	-92.88256	-488.7544	292.5267	332.0284	-109.9644	46.26334	-17.08185	-6.049822	-5.338078	82.91815	4469.395	-156.2278	-31.6726	-4.270463	-6.049822	-6.049822	82.56228	-4.626335	-8.185054	-5.338078	82.91815	-4.626335	-8.185054
95.43	-12.81139	514.6406	1039.701	-138.0782	-92.88256	-1489.754	92.52673	32.02844	-9.964355	46.26334	-17.08185	-6.049822	94.66192	-17.08185	8270.395	72048.77	-31.6726	-4.270463	-6.049822	593.9502	-17.43772	-4.626335	-8.185054	94.66192	-17.08185	-4.626335	-8.185054
95.72	-12.81139	1014.641	-1061.299	561.9218	107.1174	-2289.754	-707.4733	-167.9716	-509.9644	-53.73666	-17.08185	93.95018	-5.338078	-17.08185	8470.395	-356.2278	-31.6726	-4.270463	-6.049822	93.95018	-17.43772	-4.626335	-8.185054	-5.338078	-17.08185	-4.626335	-8.185054
96	-12.81139	1014.641	-260.2988	661.9218	7.117439	-2089.754	-307.4733	332.0284	590.0356	146.2633	-17.08185	-6.049822	-5.338078	-17.08185	5470.395	83383.77	-31.6726	-4.270463	-6.049822	293.9502	-17.43772	-4.626335	-8.185054	-5.338078	-17.08185	-4.626335	-8.185054
