ElapsedTime_s	Ti49_CPS	Al27_CPS	S33_CPS	Sc45_CPS	V51_CPS	Mn55_CPS	Fe57_CPS	Co59_CPS	Ni60_CPS	Ga71_CPS	Zr90_CPS	Nb93_CPS	Mo97_CPS	In113_CPS	Sn119_CPS	Sn118_CPS	Sb121_CPS	Hf177_CPS	Ta181_CPS	W183_CPS	Pb206_CPS	Th232_CPS	U238_CPS	Tc97_CPS	Cd113_CPS	U232_CPS	Pu238_CPS
0	87.18861	14.64062	-60.29883	-338.0782	307.1174	-1189.754	-107.4733	32.02844	-509.9644	146.2633	-17.08185	-6.049822	-5.338078	-17.08185	6170.395	9845.772	-31.6726	-4.270463	-6.049822	-6.049822	-17.43772	-4.626335	-8.185054	-5.338078	-17.08185	-4.626335	-8.185054
																											
9.14	-12.81139	414.6406	-1361.299	-138.0782	7.117439	-689.7544	-207.4733	532.0284	590.0356	-53.73666	-17.08185	-6.049822	-5.338078	-17.08185	-30.60498	11546.77	-31.6726	-4.270463	-6.049822	-6.049822	-17.43772	-4.626335	-8.185054	-5.338078	-17.08185	-4.626335	-8.185054
9.43	-12.81139	214.6406	-160.2988	661.9218	-92.88256	-1989.754	-407.4733	132.0284	490.0356	-53.73666	82.91815	-6.049822	-5.338078	-17.08185	69.39502	-56.22775	-31.6726	-4.270463	-6.049822	-6.049822	-17.43772	95.37366	-8.185054	-5.338078	-17.08185	95.37366	-8.185054
9.71	87.18861	214.6406	-1861.299	361.9218	7.117439	-1089.754	192.5267	-167.9716	-609.9644	46.26334	-17.08185	-6.049822	-5.338078	-17.08185	13773.39	343.7722	68.3274	-4.270463	-6.049822	-6.049822	82.56228	-4.626335	-8.185054	-5.338078	-17.08185	-4.626335	-8.185054
10	-12.81139	14.64062	-1061.299	561.9218	107.1174	11.24561	-7.473267	632.0284	-309.9644	-53.73666	-17.08185	-6.049822	-5.338078	-17.08185	169.395	1043.772	-31.6726	-4.270463	-6.049822	-6.049822	-17.43772	-4.626335	-8.185054	-5.338078	-17.08185	-4.626335	-8.185054
10.28	-12.81139	514.6406	-1861.299	-438.0782	-92.88256	711.2456	92.52673	32.02844	-109.9644	-53.73666	-17.08185	-6.049822	-5.338078	-17.08185	-30.60498	143.7722	-31.6726	-4.270463	-6.049822	993.9502	-17.43772	-4.626335	-8.185054	-5.338078	-17.08185	-4.626335	-8.185054
10.57	-12.81139	414.6406	-1361.299	-238.0782	7.117439	-188.7544	592.5267	132.0284	-409.9644	46.26334	-17.08185	-6.049822	-5.338078	-17.08185	169.395	-56.22775	-31.6726	-4.270463	-6.049822	893.9502	-17.43772	-4.626335	-8.185054	-5.338078	-17.08185	-4.626335	-8.185054
10.85	-12.81139	-485.3594	-1561.299	361.9218	7.117439	11.24561	-207.4733	-67.97156	590.0356	-53.73666	-17.08185	-6.049822	-5.338078	-17.08185	2069.395	143.7722	-31.6726	-4.270463	-6.049822	-6.049822	-17.43772	-4.626335	91.81495	-5.338078	-17.08185	-4.626335	91.81495
11.14	-12.81139	-585.3594	-761.2988	-238.0782	-92.88256	-1289.754	-807.4733	-467.9716	-209.9644	-53.73666	-17.08185	-6.049822	-5.338078	-17.08185	-30.60498	-56.22775	-31.6726	-4.270463	-6.049822	93.95018	-17.43772	-4.626335	-8.185054	-5.338078	-17.08185	-4.626335	-8.185054
11.42	-12.81139	-485.3594	-861.2988	-338.0782	-92.88256	-1489.754	-7.473267	32.02844	190.0356	-53.73666	-17.08185	-6.049822	-5.338078	-17.08185	-130.605	143.7722	68.3274	-4.270463	-6.049822	-6.049822	-17.43772	-4.626335	-8.185054	-5.338078	-17.08185	-4.626335	-8.185054
11.71	-12.81139	-85.35938	739.7012	-238.0782	107.1174	-1889.754	-207.4733	532.0284	490.0356	-53.73666	-17.08185	-6.049822	-5.338078	-17.08185	-30.60498	-156.2278	-31.6726	-4.270463	-6.049822	-6.049822	-17.43772	-4.626335	-8.185054	-5.338078	-17.08185	-4.626335	-8.185054
11.99	-12.81139	1014.641	139.7012	-238.0782	7.117439	-488.7544	-507.4733	632.0284	-109.9644	-53.73666	-17.08185	-6.049822	94.66192	-17.08185	-30.60498	343.7722	-31.6726	-4.270463	-6.049822	-6.049822	-17.43772	-4.626335	-8.185054	94.66192	-17.08185	-4.626335	-8.185054
12.28	-12.81139	514.6406	-460.2988	661.9218	7.117439	-1589.754	-207.4733	232.0284	-509.9644	46.26334	-17.08185	-6.049822	-5.338078	-17.08185	69.39502	143.7722	-31.6726	-4.270463	-6.049822	-6.049822	82.56228	-4.626335	-8.185054	-5.338078	-17.08185	-4.626335	-8.185054
12.56	-12.81139	414.6406	-1261.299	-138.0782	-92.88256	-2089.754	-307.4733	32.02844	190.0356	146.2633	82.91815	-6.049822	-5.338078	-17.08185	-30.60498	-156.2278	-31.6726	-4.270463	-6.049822	-6.049822	-17.43772	-4.626335	-8.185054	-5.338078	-17.08185	-4.626335	-8.185054
12.85	-12.81139	214.6406	439.7012	-38.07825	7.117439	-1089.754	-407.4733	-367.9716	-9.964355	-53.73666	-17.08185	-6.049822	-5.338078	-17.08185	69.39502	-56.22775	68.3274	-4.270463	-6.049822	393.9502	-17.43772	-4.626335	-8.185054	-5.338078	-17.08185	-4.626335	-8.185054
13.13	-12.81139	714.6406	-360.2988	261.9218	107.1174	-689.7544	-1007.473	232.0284	-409.9644	146.2633	82.91815	-6.049822	-5.338078	-17.08185	-30.60498	-56.22775	68.3274	-4.270463	-6.049822	-6.049822	-17.43772	-4.626335	-8.185054	-5.338078	-17.08185	-4.626335	-8.185054
13.42	-12.81139	214.6406	-861.2988	61.92175	207.1174	-2389.754	-7.473267	532.0284	90.03564	46.26334	-17.08185	-6.049822	-5.338078	-17.08185	69.39502	-256.2278	-31.6726	-4.270463	-6.049822	-6.049822	182.5623	-4.626335	-8.185054	-5.338078	-17.08185	-4.626335	-8.185054
13.7	87.18861	-85.35938	239.7012	-538.0782	7.117439	-1789.754	192.5267	-167.9716	-109.9644	46.26334	82.91815	-6.049822	-5.338078	-17.08185	169.395	243.7722	-31.6726	-4.270463	-6.049822	-6.049822	-17.43772	-4.626335	-8.185054	-5.338078	-17.08185	-4.626335	-8.185054
13.99	-12.81139	14.64062	-861.2988	-238.0782	7.117439	-1089.754	-107.4733	-67.97156	-109.9644	-53.73666	-17.08185	-6.049822	-5.338078	-17.08185	-130.605	43.77225	-31.6726	-4.270463	-6.049822	-6.049822	-17.43772	-4.626335	-8.185054	-5.338078	-17.08185	-4.626335	-8.185054
14.27	-12.81139	914.6406	-460.2988	-138.0782	-92.88256	-1689.754	-507.4733	-467.9716	190.0356	-53.73666	-17.08185	93.95018	-5.338078	-17.08185	69.39502	12246.77	68.3274	-4.270463	-6.049822	-6.049822	-17.43772	-4.626335	-8.185054	-5.338078	-17.08185	-4.626335	-8.185054
14.56	-12.81139	1314.641	-560.2988	-838.0782	107.1174	-1289.754	-7.473267	-267.9716	-9.964355	-53.73666	-17.08185	-6.049822	-5.338078	-17.08185	-30.60498	-56.22775	-31.6726	-4.270463	-6.049822	-6.049822	-17.43772	-4.626335	-8.185054	-5.338078	-17.08185	-4.626335	-8.185054
14.85	-12.81139	1114.641	-1561.299	-138.0782	-92.88256	-989.7544	-107.4733	432.0284	190.0356	-53.73666	-17.08185	-6.049822	-5.338078	-17.08185	-30.60498	-56.22775	-31.6726	95.72954	-6.049822	-6.049822	-17.43772	-4.626335	-8.185054	-5.338078	-17.08185	-4.626335	-8.185054
15.14	87.18861	-185.3594	-460.2988	161.9218	-92.88256	-1689.754	-307.4733	432.0284	190.0356	-53.73666	82.91815	-6.049822	-5.338078	-17.08185	-130.605	-56.22775	-31.6726	-4.270463	-6.049822	-6.049822	-17.43772	-4.626335	-8.185054	-5.338078	-17.08185	-4.626335	-8.185054
15.42	-12.81139	-185.3594	1139.701	-138.0782	7.117439	111.2456	492.5267	232.0284	190.0356	-53.73666	82.91815	-6.049822	-5.338078	-17.08185	-130.605	43.77225	68.3274	-4.270463	-6.049822	-6.049822	-17.43772	-4.626335	-8.185054	-5.338078	-17.08185	-4.626335	-8.185054
15.71	-12.81139	814.6406	-1361.299	-138.0782	7.117439	-789.7544	-307.4733	232.0284	-509.9644	46.26334	-17.08185	-6.049822	-5.338078	-17.08185	169.395	243.7722	-31.6726	-4.270463	-6.049822	-6.049822	-17.43772	-4.626335	-8.185054	-5.338078	-17.08185	-4.626335	-8.185054
15.99	-12.81139	714.6406	639.7012	-638.0782	107.1174	-388.7544	492.5267	-67.97156	90.03564	46.26334	-17.08185	93.95018	-5.338078	-17.08185	7170.395	243.7722	68.3274	-4.270463	-6.049822	-6.049822	82.56228	-4.626335	91.81495	-5.338078	-17.08185	-4.626335	91.81495
16.28	-12.81139	714.6406	-660.2988	-38.07825	7.117439	-488.7544	-807.4733	-467.9716	90.03564	-53.73666	82.91815	-6.049822	-5.338078	-17.08185	-30.60498	243.7722	-31.6726	-4.270463	-6.049822	-6.049822	-17.43772	-4.626335	-8.185054	-5.338078	-17.08185	-4.626335	-8.185054
16.56	-12.81139	-1185.359	-761.2988	-138.0782	107.1174	-1289.754	-107.4733	-67.97156	90.03564	-53.73666	-17.08185	-6.049822	-5.338078	-17.08185	-30.60498	-56.22775	-31.6726	-4.270463	-6.049822	-6.049822	-17.43772	-4.626335	-8.185054	-5.338078	-17.08185	-4.626335	-8.185054
16.85	-12.81139	314.6406	-460.2988	-638.0782	7.117439	-1089.754	-207.4733	-267.9716	290.0356	46.26334	82.91815	-6.049822	-5.338078	-17.08185	-130.605	-156.2278	168.3274	-4.270463	-6.049822	-6.049822	-17.43772	-4.626335	-8.185054	-5.338078	-17.08185	-4.626335	-8.185054
17.13	-12.81139	114.6406	-460.2988	261.9218	7.117439	-1589.754	-207.4733	32.02844	390.0356	46.26334	-17.08185	-6.049822	-5.338078	-17.08185	-130.605	143.7722	-31.6726	-4.270463	-6.049822	93.95018	-17.43772	-4.626335	-8.185054	-5.338078	-17.08185	-4.626335	-8.185054
17.42	-12.81139	114.6406	-961.2988	161.9218	-92.88256	-88.75439	-607.4733	132.0284	-309.9644	146.2633	82.91815	-6.049822	-5.338078	-17.08185	-130.605	-156.2278	-31.6726	-4.270463	-6.049822	-6.049822	-17.43772	-4.626335	-8.185054	-5.338078	-17.08185	-4.626335	-8.185054
17.7	-12.81139	1214.641	-1461.299	61.92175	7.117439	-1789.754	-907.4733	-267.9716	-409.9644	46.26334	-17.08185	-6.049822	-5.338078	-17.08185	-130.605	-256.2278	-31.6726	-4.270463	-6.049822	-6.049822	-17.43772	-4.626335	-8.185054	-5.338078	-17.08185	-4.626335	-8.185054
17.99	-12.81139	-85.35938	-1161.299	-38.07825	7.117439	-1389.754	-107.4733	-67.97156	190.0356	46.26334	-17.08185	93.95018	-5.338078	-17.08185	17175.39	43.77225	-31.6726	-4.270463	-6.049822	-6.049822	-17.43772	-4.626335	-8.185054	-5.338078	-17.08185	-4.626335	-8.185054
18.27	-12.81139	214.6406	-1061.299	161.9218	-92.88256	-989.7544	-507.4733	232.0284	790.0356	46.26334	-17.08185	-6.049822	-5.338078	-17.08185	-30.60498	35168.77	-31.6726	195.7295	93.95018	93.95018	-17.43772	-4.626335	-8.185054	-5.338078	-17.08185	-4.626335	-8.185054
18.56	-12.81139	1814.641	-260.2988	261.9218	-92.88256	-88.75439	-207.4733	32.02844	-9.964355	-53.73666	-17.08185	-6.049822	-5.338078	-17.08185	169.395	43.77225	-31.6726	-4.270463	-6.049822	-6.049822	-17.43772	-4.626335	-8.185054	-5.338078	-17.08185	-4.626335	-8.185054
18.84	-12.81139	-185.3594	339.7012	-138.0782	207.1174	-1389.754	-7.473267	-367.9716	190.0356	-53.73666	-17.08185	-6.049822	-5.338078	-17.08185	-30.60498	-56.22775	-31.6726	-4.270463	-6.049822	-6.049822	-17.43772	-4.626335	-8.185054	-5.338078	-17.08185	-4.626335	-8.185054
19.13	-12.81139	414.6406	539.7012	-38.07825	107.1174	-488.7544	-207.4733	-167.9716	90.03564	-53.73666	-17.08185	-6.049822	-5.338078	-17.08185	69.39502	70443.77	-31.6726	-4.270463	-6.049822	-6.049822	-17.43772	-4.626335	-8.185054	-5.338078	-17.08185	-4.626335	-8.185054
19.41	-12.81139	-485.3594	139.7012	61.92175	7.117439	-1989.754	-307.4733	332.0284	-409.9644	46.26334	-17.08185	-6.049822	-5.338078	-17.08185	-30.60498	443.7722	-31.6726	-4.270463	-6.049822	-6.049822	-17.43772	-4.626335	-8.185054	-5.338078	-17.08185	-4.626335	-8.185054
19.7	-12.81139	714.6406	-560.2988	361.9218	-92.88256	-789.7544	-107.4733	232.0284	90.03564	-53.73666	-17.08185	-6.049822	94.66192	-17.08185	-30.60498	-56.22775	-31.6726	-4.270463	-6.049822	93.95018	-17.43772	-4.626335	-8.185054	94.66192	-17.08185	-4.626335	-8.185054
19.98	-12.81139	-685.3594	-1561.299	561.9218	107.1174	-989.7544	92.52673	-167.9716	290.0356	-53.73666	-17.08185	-6.049822	-5.338078	82.91815	-130.605	443.7722	-31.6726	-4.270463	-6.049822	-6.049822	-17.43772	95.37366	-8.185054	-5.338078	82.91815	95.37366	-8.185054
20.27	-12.81139	1014.641	139.7012	-38.07825	207.1174	-989.7544	192.5267	-167.9716	-109.9644	-53.73666	-17.08185	-6.049822	-5.338078	-17.08185	-130.605	-356.2278	-31.6726	-4.270463	-6.049822	-6.049822	-17.43772	-4.626335	-8.185054	-5.338078	-17.08185	-4.626335	-8.185054
20.55	-12.81139	-385.3594	-60.29883	-38.07825	307.1174	-1089.754	692.5267	-67.97156	-9.964355	-53.73666	-17.08185	-6.049822	-5.338078	-17.08185	-130.605	-56.22775	68.3274	-4.270463	-6.049822	-6.049822	-17.43772	-4.626335	-8.185054	-5.338078	-17.08185	-4.626335	-8.185054
20.84	87.18861	414.6406	-1161.299	461.9218	-92.88256	-2189.754	-507.4733	-67.97156	-209.9644	-53.73666	-17.08185	-6.049822	-5.338078	-17.08185	-30.60498	43.77225	-31.6726	-4.270463	-6.049822	-6.049822	-17.43772	-4.626335	-8.185054	-5.338078	-17.08185	-4.626335	-8.185054
21.12	-12.81139	-85.35938	-1061.299	861.9218	7.117439	-889.7544	92.52673	-267.9716	90.03564	-53.73666	-17.08185	-6.049822	-5.338078	-17.08185	69.39502	-156.2278	-31.6726	-4.270463	-6.049822	-6.049822	-17.43772	-4.626335	-8.185054	-5.338078	-17.08185	-4.626335	-8.185054
21.41	-12.81139	-785.3594	439.7012	461.9218	7.117439	-588.7544	392.5267	32.02844	190.0356	46.26334	-17.08185	-6.049822	-5.338078	82.91815	-130.605	243.7722	-31.6726	-4.270463	-6.049822	-6.049822	-17.43772	-4.626335	-8.185054	-5.338078	82.91815	-4.626335	-8.185054
21.69	-12.81139	-885.3594	-1861.299	361.9218	-92.88256	-1289.754	-107.4733	432.0284	490.0356	46.26334	-17.08185	-6.049822	-5.338078	-17.08185	269.395	43.77225	-31.6726	-4.270463	-6.049822	-6.049822	-17.43772	-4.626335	-8.185054	-5.338078	-17.08185	-4.626335	-8.185054
21.98	-12.81139	-685.3594	539.7012	561.9218	7.117439	-1689.754	-507.4733	-167.9716	90.03564	-53.73666	-17.08185	-6.049822	-5.338078	-17.08185	-30.60498	-256.2278	-31.6726	-4.270463	-6.049822	-6.049822	-17.43772	-4.626335	-8.185054	-5.338078	-17.08185	-4.626335	-8.185054
22.26	-12.81139	-85.35938	-861.2988	61.92175	7.117439	-488.7544	-407.4733	-67.97156	790.0356	146.2633	-17.08185	-6.049822	-5.338078	-17.08185	-30.60498	-156.2278	-31.6726	-4.270463	-6.049822	-6.049822	-17.43772	-4.626335	-8.185054	-5.338078	-17.08185	-4.626335	-8.185054
22.55	-12.81139	-385.3594	-360.2988	-138.0782	-92.88256	-1089.754	-707.4733	32.02844	-209.9644	46.26334	82.91815	-6.049822	-5.338078	-17.08185	-30.60498	-256.2278	68.3274	-4.270463	-6.049822	-6.049822	-17.43772	-4.626335	91.81495	-5.338078	-17.08185	-4.626335	91.81495
22.83	87.18861	414.6406	639.7012	-338.0782	-92.88256	-2289.754	392.5267	-367.9716	190.0356	-53.73666	-17.08185	-6.049822	-5.338078	-17.08185	69.39502	43.77225	-31.6726	-4.270463	-6.049822	-6.049822	-17.43772	-4.626335	-8.185054	-5.338078	-17.08185	-4.626335	-8.185054
23.12	-12.81139	-485.3594	-961.2988	361.9218	107.1174	-1589.754	-707.4733	332.0284	190.0356	46.26334	82.91815	-6.049822	-5.338078	-17.08185	-30.60498	43.77225	-31.6726	-4.270463	-6.049822	-6.049822	-17.43772	-4.626335	-8.185054	-5.338078	-17.08185	-4.626335	-8.185054
23.4	-12.81139	-785.3594	-1861.299	-338.0782	-92.88256	-1489.754	392.5267	-467.9716	390.0356	46.26334	-17.08185	-6.049822	-5.338078	-17.08185	-30.60498	43.77225	-31.6726	-4.270463	-6.049822	-6.049822	-17.43772	-4.626335	-8.185054	-5.338078	-17.08185	-4.626335	-8.185054
23.69	-12.81139	-685.3594	39.70117	-138.0782	-92.88256	-188.7544	-207.4733	-267.9716	590.0356	-53.73666	-17.08185	-6.049822	-5.338078	-17.08185	-130.605	343.7722	-31.6726	-4.270463	-6.049822	-6.049822	-17.43772	-4.626335	-8.185054	-5.338078	-17.08185	-4.626335	-8.185054
23.98	-12.81139	614.6406	-861.2988	-238.0782	-92.88256	-889.7544	-907.4733	-67.97156	-809.9644	46.26334	-17.08185	-6.049822	-5.338078	-17.08185	-30.60498	-356.2278	-31.6726	-4.270463	-6.049822	-6.049822	-17.43772	-4.626335	-8.185054	-5.338078	-17.08185	-4.626335	-8.185054
24.27	87.18861	2915.641	-660.2988	161.9218	7.117439	-989.7544	-607.4733	-267.9716	-409.9644	-53.73666	-17.08185	-6.049822	-5.338078	-17.08185	-30.60498	-156.2278	-31.6726	-4.270463	-6.049822	-6.049822	-17.43772	-4.626335	-8.185054	-5.338078	-17.08185	-4.626335	-8.185054
24.55	-12.81139	114.6406	-260.2988	61.92175	7.117439	-1689.754	292.5267	432.0284	-609.9644	-53.73666	-17.08185	-6.049822	-5.338078	-17.08185	69.39502	-156.2278	-31.6726	-4.270463	-6.049822	-6.049822	-17.43772	-4.626335	-8.185054	-5.338078	-17.08185	-4.626335	-8.185054
24.84	-12.81139	-485.3594	539.7012	61.92175	7.117439	-2189.754	-7.473267	-367.9716	190.0356	-53.73666	-17.08185	-6.049822	-5.338078	-17.08185	-130.605	-56.22775	-31.6726	-4.270463	-6.049822	-6.049822	-17.43772	-4.626335	-8.185054	-5.338078	-17.08185	-4.626335	-8.185054
25.12	-12.81139	-1085.359	-1461.299	161.9218	-92.88256	-1089.754	-207.4733	32.02844	90.03564	-53.73666	-17.08185	-6.049822	-5.338078	-17.08185	169.395	43.77225	-31.6726	-4.270463	-6.049822	-6.049822	82.56228	-4.626335	-8.185054	-5.338078	-17.08185	-4.626335	-8.185054
25.41	-12.81139	-385.3594	-1661.299	161.9218	7.117439	-1189.754	192.5267	-267.9716	190.0356	46.26334	182.9182	-6.049822	-5.338078	82.91815	-30.60498	343.7722	-31.6726	-4.270463	-6.049822	-6.049822	-17.43772	-4.626335	-8.185054	-5.338078	82.91815	-4.626335	-8.185054
25.69	-12.81139	514.6406	39.70117	-38.07825	-92.88256	-1289.754	-507.4733	-67.97156	190.0356	46.26334	-17.08185	-6.049822	94.66192	-17.08185	-30.60498	-256.2278	-31.6726	-4.270463	-6.049822	-6.049822	-17.43772	-4.626335	-8.185054	94.66192	-17.08185	-4.626335	-8.185054
25.98	-12.81139	14.64062	-961.2988	161.9218	7.117439	-88.75439	-507.4733	-167.9716	290.0356	46.26334	-17.08185	-6.049822	-5.338078	-17.08185	-30.60498	443.7722	-31.6726	-4.270463	-6.049822	-6.049822	-17.43772	-4.626335	-8.185054	-5.338078	-17.08185	-4.626335	-8.185054
26.26	-12.81139	-285.3594	-1261.299	61.92175	-92.88256	-88.75439	-207.4733	232.0284	-509.9644	-53.73666	-17.08185	-6.049822	-5.338078	-17.08185	169.395	243.7722	68.3274	-4.270463	-6.049822	-6.049822	-17.43772	-4.626335	-8.185054	-5.338078	-17.08185	-4.626335	-8.185054
26.55	-12.81139	314.6406	-60.29883	361.9218	7.117439	-789.7544	-7.473267	-267.9716	490.0356	-53.73666	-17.08185	-6.049822	-5.338078	-17.08185	69.39502	43.77225	-31.6726	-4.270463	-6.049822	-6.049822	82.56228	-4.626335	-8.185054	-5.338078	-17.08185	-4.626335	-8.185054
26.83	-12.81139	1314.641	-360.2988	-238.0782	7.117439	-689.7544	-7.473267	-167.9716	390.0356	146.2633	-17.08185	-6.049822	-5.338078	-17.08185	-130.605	-256.2278	-31.6726	-4.270463	-6.049822	-6.049822	-17.43772	-4.626335	-8.185054	-5.338078	-17.08185	-4.626335	-8.185054
27.12	-12.81139	2315.641	-360.2988	-138.0782	-92.88256	-1789.754	-607.4733	132.0284	490.0356	-53.73666	-17.08185	-6.049822	-5.338078	-17.08185	69.39502	43.77225	-31.6726	-4.270463	-6.049822	-6.049822	82.56228	95.37366	-8.185054	-5.338078	-17.08185	95.37366	-8.185054
27.4	-12.81139	514.6406	-761.2988	461.9218	107.1174	-1689.754	-107.4733	332.0284	590.0356	-53.73666	-17.08185	-6.049822	-5.338078	-17.08185	-30.60498	-56.22775	-31.6726	-4.270463	-6.049822	-6.049822	-17.43772	-4.626335	-8.185054	-5.338078	-17.08185	-4.626335	-8.185054
27.69	87.18861	1214.641	-1761.299	-338.0782	7.117439	-488.7544	-507.4733	32.02844	90.03564	246.2633	-17.08185	-6.049822	-5.338078	-17.08185	-30.60498	-56.22775	68.3274	-4.270463	-6.049822	-6.049822	-17.43772	-4.626335	-8.185054	-5.338078	-17.08185	-4.626335	-8.185054
27.97	-12.81139	14.64062	239.7012	261.9218	7.117439	211.2456	192.5267	32.02844	-109.9644	46.26334	-17.08185	-6.049822	-5.338078	-17.08185	-130.605	143.7722	-31.6726	-4.270463	-6.049822	-6.049822	-17.43772	-4.626335	-8.185054	-5.338078	-17.08185	-4.626335	-8.185054
28.26	-12.81139	914.6406	1039.701	-538.0782	-92.88256	-1089.754	-207.4733	-267.9716	-109.9644	46.26334	82.91815	-6.049822	-5.338078	-17.08185	-30.60498	543.7722	-31.6726	-4.270463	-6.049822	-6.049822	-17.43772	-4.626335	-8.185054	-5.338078	-17.08185	-4.626335	-8.185054
28.54	87.18861	714.6406	539.7012	-38.07825	207.1174	-1489.754	192.5267	-267.9716	390.0356	46.26334	-17.08185	-6.049822	-5.338078	-17.08185	69.39502	143.7722	-31.6726	-4.270463	-6.049822	-6.049822	82.56228	-4.626335	-8.185054	-5.338078	-17.08185	-4.626335	-8.185054
28.83	-12.81139	114.6406	739.7012	-238.0782	7.117439	-3189.754	-407.4733	132.0284	-409.9644	-53.73666	-17.08185	-6.049822	-5.338078	-17.08185	69.39502	43.77225	-31.6726	-4.270463	-6.049822	-6.049822	-17.43772	-4.626335	-8.185054	-5.338078	-17.08185	-4.626335	-8.185054
29.11	-12.81139	14.64062	-1561.299	-738.0782	-92.88256	111.2456	-7.473267	-267.9716	1190.036	46.26334	-17.08185	-6.049822	94.66192	-17.08185	-130.605	-56.22775	-31.6726	-4.270463	-6.049822	-6.049822	-17.43772	-4.626335	-8.185054	94.66192	-17.08185	-4.626335	-8.185054
29.4	87.18861	-85.35938	139.7012	-38.07825	-92.88256	-689.7544	-107.4733	-67.97156	190.0356	46.26334	-17.08185	-6.049822	-5.338078	-17.08185	-30.60498	243.7722	-31.6726	-4.270463	-6.049822	-6.049822	-17.43772	-4.626335	91.81495	-5.338078	-17.08185	-4.626335	91.81495
29.68	-12.81139	2114.641	-1261.299	-138.0782	7.117439	-88.75439	-207.4733	-367.9716	-509.9644	146.2633	-17.08185	-6.049822	-5.338078	-17.08185	-130.605	43.77225	-31.6726	-4.270463	-6.049822	-6.049822	-17.43772	95.37366	-8.185054	-5.338078	-17.08185	95.37366	-8.185054
29.97	-12.81139	-85.35938	-560.2988	-38.07825	-92.88256	-2189.754	692.5267	-167.9716	-109.9644	-53.73666	-17.08185	93.95018	-5.338078	-17.08185	30187.39	5944.772	68.3274	-4.270463	-6.049822	393.9502	-17.43772	-4.626335	-8.185054	-5.338078	-17.08185	-4.626335	-8.185054
30.26	287.1886	19827.64	139.7012	4562.922	107.1174	-689.7544	3993.527	532.0284	390.0356	3046.263	6083.918	293.9502	-5.338078	82.91815	1.771156e+07	4.617614e+07	268.3274	295.7295	93.95018	247513	7383.562	-4.626335	1791.815	-5.338078	82.91815	-4.626335	1791.815
30.54	987.1886	112395.6	839.7012	33385.92	1507.117	5112.246	31815.53	532.0284	1590.036	7447.263	19790.92	1093.95	-5.338078	782.9182	5.095633e+07	1.461824e+08	1268.327	1295.729	693.9502	802366.9	5583.562	-4.626335	2691.815	-5.338078	782.9182	-4.626335	2691.815
30.83	3487.189	214383.6	639.7012	55625.92	5808.118	6013.246	56159.53	632.0284	2090.036	12949.26	31702.92	2293.95	94.66192	982.9182	7.42488e+07	1.602021e+08	1668.327	1295.729	293.9502	1230447	5783.562	-4.626335	3191.815	94.66192	982.9182	-4.626335	3191.815
31.11	3387.189	314256.6	1639.701	58532.92	5508.118	13818.25	76615.52	1532.028	1490.036	11249.26	42418.92	3593.95	-5.338078	782.9182	8.640749e+07	2.263006e+08	1168.327	1595.729	1593.95	1710794	7283.562	195.3737	3791.815	-5.338078	782.9182	195.3737	3791.815
31.4	4987.188	399888.6	1139.701	56327.92	9309.117	12817.25	71600.52	732.0284	2090.036	8447.264	45523.92	2893.95	-5.338078	782.9182	1.020888e+08	2.503386e+08	1268.327	1195.729	393.9502	2045919	8784.562	-4.626335	5192.815	-5.338078	782.9182	-4.626335	5192.815
31.68	4987.188	490196.6	1339.701	47208.92	9509.117	14718.25	76916.52	2632.028	4191.036	9848.264	47828.92	3593.95	-5.338078	782.9182	1.106171e+08	3.62531e+08	1168.327	1195.729	593.9502	2266696	13185.56	-4.626335	4791.815	-5.338078	782.9182	-4.626335	4791.815
31.97	4587.188	453403.6	2639.701	50213.92	10909.12	12316.25	69093.52	2932.028	3290.036	7147.263	42919.92	2693.95	-5.338078	282.9182	1.181307e+08	3.12442e+08	1468.327	2295.729	293.9502	2289107	9184.562	-4.626335	4791.815	-5.338078	282.9182	-4.626335	4791.815
32.26	3487.189	314357.6	2940.701	42499.92	8308.117	11116.25	52852.53	2532.028	2690.036	6247.263	41917.92	1993.95	-5.338078	982.9182	1.217037e+08	3.645347e+08	1368.327	1395.729	93.95018	2233062	9384.562	-4.626335	3691.815	-5.338078	982.9182	-4.626335	3691.815
32.54	2387.189	229925.6	3540.701	36790.92	5108.118	6113.246	42131.53	1132.028	3190.036	5547.263	41116.92	1193.95	-5.338078	882.9182	1.250028e+08	3.444984e+08	668.3274	2095.729	393.9502	2132092	11285.56	-4.626335	3191.815	-5.338078	882.9182	-4.626335	3191.815
32.83	1687.189	210550.6	2239.701	31282.92	5208.118	9315.246	39827.53	2132.028	3891.036	4846.263	36509.92	1893.95	-5.338078	382.9182	1.243456e+08	3.104385e+08	668.3274	1695.729	93.95018	2004454	9884.562	-4.626335	1791.815	-5.338078	382.9182	-4.626335	1791.815
33.11	2587.189	132498.6	2539.701	25375.92	5408.118	4512.246	26208.53	1832.028	3591.036	4746.263	34506.92	2893.95	-5.338078	282.9182	1.254409e+08	3.32477e+08	968.3274	1395.729	-6.049822	1822058	10284.56	-4.626335	1891.815	-5.338078	282.9182	-4.626335	1891.815
33.4	4087.189	147485.6	2239.701	24774.92	6908.118	6413.246	30313.53	2432.028	3390.036	3346.263	41617.92	3593.95	-5.338078	382.9182	1.320198e+08	4.266523e+08	968.3274	2995.729	193.9502	1556378	10884.56	-4.626335	2091.815	-5.338078	382.9182	-4.626335	2091.815
33.69	6488.188	133704.6	3340.701	17568.92	7308.118	6313.246	41730.53	3332.028	3891.036	3046.263	42318.92	3793.95	-5.338078	82.91815	1.258499e+08	3.32477e+08	968.3274	2295.729	193.9502	1302672	8984.562	-4.626335	1691.815	-5.338078	82.91815	-4.626335	1691.815
33.97	8889.188	158757.6	1939.701	17168.92	13211.12	9415.246	53052.53	1732.028	2690.036	5247.263	40615.92	4993.95	-5.338078	682.9182	1.356213e+08	3.725494e+08	868.3274	3395.729	-6.049822	1056454	10784.56	-4.626335	1191.815	-5.338078	682.9182	-4.626335	1191.815
34.26	9189.188	190888.6	2940.701	20771.92	14111.12	10015.25	69995.52	2032.028	4691.036	5547.263	43420.92	5394.95	-5.338078	982.9182	1.428205e+08	3.645347e+08	1168.327	2295.729	293.9502	792560.9	12585.56	-4.626335	1391.815	-5.338078	982.9182	-4.626335	1391.815
34.55	8288.188	171947.6	3840.701	29079.92	14311.12	7113.246	65583.52	3632.028	4991.036	6547.263	42117.92	2893.95	-5.338078	582.9182	1.329418e+08	3.785605e+08	1568.327	1195.729	293.9502	630751.9	11785.56	-4.626335	691.8149	-5.338078	582.9182	-4.626335	691.8149
34.83	6488.188	116615.6	2639.701	43100.92	10409.12	5913.246	47140.53	2532.028	2190.036	10048.26	43620.92	2693.95	-5.338078	1582.918	1.28992e+08	3.444984e+08	1868.327	1795.729	293.9502	488112.9	10384.56	-4.626335	2091.815	-5.338078	1582.918	-4.626335	2091.815
35.12	3687.189	86284.64	3740.701	65650.92	7408.118	4712.246	49946.53	3332.028	3591.036	16952.26	44722.92	1793.95	-5.338078	2182.918	1.383908e+08	3.785605e+08	3168.327	2195.729	-6.049822	387981.9	11285.56	-4.626335	4491.815	-5.338078	2182.918	-4.626335	4491.815
35.4	3487.189	92809.64	1539.701	92435.92	5908.118	1511.246	45136.53	1932.028	3791.036	19954.26	43520.92	1193.95	-5.338078	2882.918	1.383468e+08	3.805643e+08	2768.327	1995.729	293.9502	310915.9	8784.562	-4.626335	4591.815	-5.338078	2882.918	-4.626335	4591.815
35.69	2487.189	56592.64	3140.701	109003.9	4407.118	2911.246	44335.53	3632.028	3390.036	25059.26	50934.92	793.9502	-5.338078	3282.918	1.394024e+08	3.645347e+08	4568.328	1195.729	-6.049822	273481.9	11385.56	95.37366	4191.815	-5.338078	3282.918	95.37366	4191.815
35.98	1587.189	63310.64	2439.701	128898.9	3507.117	2911.246	51549.53	3132.028	3190.036	26860.26	56345.92	1393.95	-5.338078	2982.918	1.381123e+08	3.605274e+08	5469.328	2195.729	193.9502	249735	12185.56	-4.626335	6792.815	-5.338078	2982.918	-4.626335	6792.815
36.26	1387.189	57294.64	3640.701	163601.9	4307.118	1711.246	55157.53	1732.028	2890.036	32768.26	54441.92	593.9502	-5.338078	3082.918	1.378338e+08	3.184524e+08	4468.328	3195.729	193.9502	178831	12985.56	-4.626335	4891.815	-5.338078	3082.918	-4.626335	4891.815
36.55	1287.189	42360.64	3540.701	160582.9	1807.117	1211.246	52451.53	1932.028	3190.036	36072.26	56446.92	593.9502	-5.338078	2582.918	1.416172e+08	3.925868e+08	4868.328	2595.729	-6.049822	169769	11785.56	-4.626335	5992.815	-5.338078	2582.918	-4.626335	5992.815
36.84	1487.189	46369.64	4140.701	181928.9	1807.117	611.2456	57763.53	2532.028	4091.036	38376.26	64064.92	393.9502	-5.338078	4482.918	1.383468e+08	3.32477e+08	3268.327	1995.729	93.95018	143102	10484.56	-4.626335	7192.815	-5.338078	4482.918	-4.626335	7192.815
37.12	987.1886	53785.64	3540.701	194523.9	1707.117	-88.75439	48843.53	2532.028	3290.036	38376.26	61758.92	493.9502	-5.338078	4282.918	1.33337e+08	3.765569e+08	4868.328	2995.729	-6.049822	123699	11585.56	-4.626335	6592.815	-5.338078	4282.918	-4.626335	6592.815
37.41	2087.189	31141.64	1839.701	203595.9	1707.117	11.24561	50848.53	2832.028	4891.036	37074.26	73991.92	393.9502	-5.338078	3482.918	1.317271e+08	3.46502e+08	3868.327	2995.729	-6.049822	115058	12385.56	-4.626335	6192.815	-5.338078	3482.918	-4.626335	6192.815
37.69	2587.189	39355.64	3140.701	218924.9	1207.117	-1489.754	55257.53	2132.028	2190.036	43384.26	85528.92	193.9502	-5.338078	3982.918	1.366907e+08	3.68542e+08	4268.328	2995.729	193.9502	89553.95	10384.56	-4.626335	5392.815	-5.338078	3982.918	-4.626335	5392.815
37.98	2187.189	29939.64	3140.701	205813.9	1807.117	1911.246	42231.53	2532.028	3090.036	41881.26	87435.92	-6.049822	-5.338078	3082.918	1.411917e+08	3.2847e+08	3768.327	4895.729	-6.049822	82128.95	11885.56	-4.626335	4491.815	-5.338078	3082.918	-4.626335	4491.815
38.27	3387.189	29138.64	2239.701	194422.9	8208.117	311.2456	36421.53	3732.028	4091.036	33769.26	78204.92	393.9502	94.66192	2582.918	1.292432e+08	4.026059e+08	2668.327	3495.729	-6.049822	61168.95	12585.56	-4.626335	4391.815	94.66192	2582.918	-4.626335	4391.815
38.55	6388.188	23331.64	939.7012	151525.9	14912.12	-1189.754	30613.53	4232.028	5191.036	27361.26	70582.92	293.9502	-5.338078	2182.918	1.411771e+08	3.505092e+08	2568.327	2295.729	-6.049822	55454.95	9084.562	-4.626335	2491.815	-5.338078	2182.918	-4.626335	2491.815
38.84	8789.188	17224.64	3440.701	109806.9	24419.12	-288.7544	25006.53	1432.028	4691.036	23157.26	66370.92	193.9502	-5.338078	1782.918	1.359582e+08	3.565201e+08	2068.327	2595.729	93.95018	32314.95	10284.56	-4.626335	2291.815	-5.338078	1782.918	-4.626335	2291.815
39.12	11190.19	44565.64	4440.701	97655.92	33229.12	-388.7544	19101.53	4132.028	3190.036	18853.26	64365.92	293.9502	-5.338078	1782.918	1.34684e+08	3.645347e+08	1968.327	2595.729	193.9502	29310.95	9484.562	-4.626335	891.8149	-5.338078	1782.918	-4.626335	891.8149
39.41	15792.19	16924.64	3640.701	77584.92	41241.12	-188.7544	19001.53	1532.028	3290.036	17252.26	59252.92	393.9502	-5.338078	582.9182	1.312736e+08	4.126251e+08	1868.327	2195.729	193.9502	22503.95	10984.56	-4.626335	1591.815	-5.338078	582.9182	-4.626335	1591.815
39.7	19395.19	11619.64	2239.701	71767.92	47252.12	311.2456	17199.53	3432.028	3691.036	13550.26	53339.92	493.9502	-5.338078	1082.918	1.341275e+08	3.505092e+08	1768.327	2195.729	-6.049822	25206.95	10584.56	-4.626335	1591.815	-5.338078	1082.918	-4.626335	1591.815
39.98	20195.19	10819.64	3340.701	77584.92	44447.12	-889.7544	21403.53	3132.028	4391.036	17152.26	52437.92	393.9502	-5.338078	1982.918	1.413531e+08	3.184524e+08	1568.327	1795.729	-6.049822	27408.95	11785.56	-4.626335	1591.815	-5.338078	1982.918	-4.626335	1591.815
40.27	13591.19	11019.64	3140.701	90930.92	33429.12	-1189.754	23805.53	2832.028	3691.036	25059.26	50733.92	193.9502	-5.338078	1582.918	1.550959e+08	4.00602e+08	1668.327	2495.729	-6.049822	26507.95	12885.56	-4.626335	1691.815	-5.338078	1582.918	-4.626335	1691.815
40.56	10089.19	423172.6	3340.701	94845.92	26521.12	511.2456	26508.53	1332.028	3891.036	29363.26	52437.92	93.95018	-5.338078	2282.918	1.435398e+08	3.805643e+08	2268.327	1795.729	-6.049822	23404.95	11585.56	-4.626335	2691.815	-5.338078	2282.918	-4.626335	2691.815
40.84	8889.188	14221.64	3840.701	88421.92	21316.12	-488.7544	31114.53	3032.028	3390.036	25759.26	58150.92	393.9502	-5.338078	2682.918	1.445528e+08	4.34668e+08	1768.327	1495.729	-6.049822	29210.95	11685.56	-4.626335	2491.815	-5.338078	2682.918	-4.626335	2491.815
41.13	8188.188	17925.64	2539.701	84708.92	14211.12	-388.7544	30914.53	2932.028	2590.036	33769.26	58751.92	-6.049822	-5.338078	2682.918	1.272964e+08	3.545164e+08	2868.327	1995.729	93.95018	27408.95	9184.562	-4.626335	3591.815	-5.338078	2682.918	-4.626335	3591.815
41.41	7088.188	21929.64	1539.701	73472.92	11710.12	-989.7544	38725.53	2532.028	2890.036	36072.26	57248.92	293.9502	-5.338078	3582.918	1.3281e+08	3.224594e+08	1668.327	1795.729	93.95018	38723.95	10684.56	-4.626335	3191.815	-5.338078	3582.918	-4.626335	3191.815
41.7	5688.188	26034.64	3140.701	74776.92	10709.12	-989.7544	43633.53	2932.028	2790.036	41981.26	59352.92	-6.049822	-5.338078	3182.918	1.34889e+08	3.364841e+08	1968.327	1995.729	-6.049822	43130.95	10884.56	-4.626335	5292.815	-5.338078	3182.918	-4.626335	5292.815
41.99	6688.188	25133.64	5240.701	68157.92	8508.117	-789.7544	44836.53	3132.028	4291.036	47491.26	57047.92	93.95018	-5.338078	3882.918	1.353576e+08	3.384877e+08	3168.327	2095.729	-6.049822	56156.95	9184.562	-4.626335	5292.815	-5.338078	3882.918	-4.626335	5292.815
42.27	5588.188	29439.64	2639.701	63845.92	6808.118	111.2456	44635.53	3632.028	2990.036	47792.26	56847.92	193.9502	-5.338078	5683.918	1.439362e+08	3.68542e+08	2468.327	2195.729	-6.049822	76711.95	11084.56	-4.626335	5292.815	-5.338078	5683.918	-4.626335	5292.815
42.56	4787.188	33244.64	4040.701	73672.92	5708.118	-1089.754	49745.53	1932.028	3591.036	51198.26	58350.92	193.9502	-5.338078	5583.918	1.344643e+08	4.106212e+08	3168.327	3095.729	-6.049822	87044.95	9984.562	-4.626335	5692.815	-5.338078	5583.918	-4.626335	5692.815
42.85	6388.188	33545.64	4140.701	75879.92	3507.117	911.2456	49645.53	2832.028	2990.036	50798.26	59152.92	93.95018	-5.338078	4682.918	1.343618e+08	3.705457e+08	1968.327	2195.729	93.95018	94270.95	11685.56	-4.626335	5492.815	-5.338078	4682.918	-4.626335	5492.815
43.13	13090.19	34947.64	4040.701	81798.92	6008.118	-1189.754	45136.53	2532.028	3991.036	53002.26	62861.92	93.95018	-5.338078	6283.918	1.375993e+08	3.224594e+08	3168.327	2395.729	93.95018	91059.95	12185.56	-4.626335	6092.815	-5.338078	6283.918	-4.626335	6092.815
43.42	21196.19	38453.64	3240.701	88120.92	6708.118	-588.7544	46639.53	3532.028	3991.036	52100.26	62660.92	393.9502	-5.338078	3882.918	1.318881e+08	3.68542e+08	2868.327	2495.729	193.9502	77312.95	11285.56	-4.626335	4291.815	-5.338078	3882.918	-4.626335	4291.815
43.7	26201.19	34146.64	3640.701	75478.92	8508.117	-88.75439	47841.53	2732.028	4491.036	42081.26	60255.92	693.9502	-5.338078	3882.918	1.35548e+08	3.705457e+08	4068.327	2395.729	-6.049822	74103.95	12285.56	-4.626335	4591.815	-5.338078	3882.918	-4.626335	4591.815
43.99	27002.19	38453.64	4140.701	71867.92	9909.117	-889.7544	43633.53	2032.028	3390.036	40479.26	59653.92	493.9502	-5.338078	3982.918	1.313906e+08	3.525128e+08	2768.327	2395.729	-6.049822	57158.95	11585.56	-4.626335	5392.815	-5.338078	3982.918	-4.626335	5392.815
44.28	24599.19	32143.64	3940.701	56026.92	9109.117	-188.7544	42431.53	3032.028	3390.036	36072.26	53239.92	993.9502	-5.338078	4282.918	1.330442e+08	3.545164e+08	3168.327	1695.729	-6.049822	52047.95	10984.56	-4.626335	4391.815	-5.338078	4282.918	-4.626335	4391.815
44.56	23798.19	34546.64	2539.701	59835.92	10709.12	-1389.754	46940.53	2432.028	3190.036	34670.26	51535.92	1093.95	-5.338078	4082.918	1.304544e+08	3.505092e+08	2568.327	1695.729	93.95018	45635.95	8784.562	-4.626335	4991.815	-5.338078	4082.918	-4.626335	4991.815
44.85	24399.19	35047.64	2539.701	53921.92	13511.12	-689.7544	47441.53	1532.028	3190.036	29163.26	47828.92	593.9502	-5.338078	4382.918	1.318588e+08	3.304735e+08	2368.327	1795.729	293.9502	37721.95	10584.56	-4.626335	4791.815	-5.338078	4382.918	-4.626335	4791.815
45.13	32809.19	41158.64	2940.701	55324.92	33229.12	611.2456	50647.53	1932.028	2690.036	31466.26	59352.92	1093.95	-5.338078	3482.918	1.312443e+08	3.605274e+08	3368.327	2395.729	93.95018	40926.95	11885.56	-4.626335	4191.815	-5.338078	3482.918	-4.626335	4191.815
45.42	36914.19	46268.64	3140.701	60036.92	76324.12	211.2456	45337.53	2532.028	3791.036	34069.26	56947.92	593.9502	-5.338078	3882.918	1.338054e+08	3.765569e+08	2868.327	1695.729	193.9502	36520.95	10784.56	95.37366	3391.815	-5.338078	3882.918	95.37366	3391.815
45.71	36414.19	37151.64	4840.701	57329.92	100911.1	-1689.754	43533.53	2332.028	2490.036	28062.26	62159.92	1593.95	-5.338078	3382.918	1.354748e+08	3.545164e+08	2968.327	2395.729	93.95018	32514.95	10584.56	-4.626335	3891.815	-5.338078	3382.918	-4.626335	3891.815
45.99	55749.19	50778.64	1639.701	70162.92	144323.1	211.2456	41029.53	2132.028	2690.036	25159.26	69779.92	1493.95	-5.338078	3382.918	1.347132e+08	3.404912e+08	3068.327	2195.729	-6.049822	30612.95	10784.56	-4.626335	3591.815	-5.338078	3382.918	-4.626335	3591.815
46.28	64069.19	112294.6	3440.701	71065.92	183579.1	511.2456	51750.53	2232.028	3290.036	27862.26	69278.92	1793.95	-5.338078	1882.918	1.464623e+08	3.585237e+08	2368.327	2995.729	193.9502	34517.95	11285.56	-4.626335	3091.815	-5.338078	1882.918	-4.626335	3091.815
46.56	85734.19	143058.6	2139.701	74475.92	264197.1	4512.246	59968.53	2732.028	3991.036	23757.26	77703.92	2693.95	-5.338078	1882.918	1.47141e+08	3.505092e+08	2068.327	4295.729	93.95018	36420.95	10584.56	95.37366	3991.815	-5.338078	1882.918	95.37366	3991.815
46.85	103501.2	232650.6	5240.701	69561.92	372665.1	5613.246	60670.53	4032.028	4491.036	20755.26	79007.92	3393.95	-5.338078	1582.918	1.447584e+08	4.286562e+08	2268.327	2995.729	-6.049822	38322.95	11084.56	-4.626335	4291.815	-5.338078	1582.918	-4.626335	4291.815
47.14	109225.2	236992.6	4840.701	61940.92	443508.1	7013.246	54455.53	1632.028	4191.036	21655.26	77803.92	3693.95	-5.338078	1882.918	1.295476e+08	3.565201e+08	2568.327	2995.729	193.9502	41027.95	10984.56	-4.626335	3791.815	-5.338078	1882.918	-4.626335	3791.815
47.42	106714.2	214484.6	2839.701	62141.92	533951.1	4212.246	52150.53	2232.028	3090.036	23057.26	76700.92	4993.95	-5.338078	1882.918	1.304251e+08	3.344805e+08	2268.327	4495.729	193.9502	59664.95	13786.56	-4.626335	4391.815	-5.338078	1882.918	-4.626335	4391.815
47.71	113645.2	631037.6	1739.701	69360.92	640511.1	5312.246	48042.53	3432.028	2890.036	27061.26	82518.92	4793.95	-5.338078	1982.918	1.26332e+08	3.745531e+08	2368.327	3895.729	193.9502	132947	10584.56	-4.626335	5892.815	-5.338078	1982.918	-4.626335	5892.815
47.99	125702.2	266797.6	2139.701	77183.92	628614.1	4812.246	54355.53	1532.028	3791.036	36072.26	80411.92	7394.95	-5.338078	1882.918	1.408397e+08	3.785605e+08	1568.327	2895.729	293.9502	358242.9	11185.56	-4.626335	6092.815	-5.338078	1882.918	-4.626335	6092.815
48.28	118869.2	337563.6	1839.701	83704.92	529763.1	9615.246	62475.53	3332.028	2990.036	36573.26	90947.92	11996.95	-5.338078	1282.918	1.351526e+08	3.665384e+08	1768.327	3495.729	293.9502	722381.9	11585.56	-4.626335	7292.815	-5.338078	1282.918	-4.626335	7292.815
48.57	105208.2	659566.6	1639.701	77283.92	442490.1	13718.25	84341.52	1732.028	4391.036	35672.26	83321.92	13196.95	-5.338078	1882.918	1.424243e+08	3.344805e+08	2068.327	2195.729	1093.95	917320.9	8884.562	-4.626335	5092.815	-5.338078	1882.918	-4.626335	5092.815
48.85	94465.19	879848.6	3340.701	61539.92	338180.1	17421.25	80126.52	2832.028	2990.036	32667.26	73891.92	14297.95	-5.338078	1682.918	1.30352e+08	3.505092e+08	1668.327	3095.729	693.9502	1111568	8483.562	-4.626335	7392.815	-5.338078	1682.918	-4.626335	7392.815
49.14	86938.19	1594692	1839.701	56427.92	289272.1	17721.25	90763.52	2632.028	3190.036	25559.26	72688.92	12696.95	-5.338078	1182.918	1.266827e+08	3.525128e+08	2368.327	3595.729	1593.95	1193310	12385.56	-4.626335	6892.815	-5.338078	1182.918	-4.626335	6892.815
49.43	99384.19	2078575	1339.701	52719.92	263489.1	13918.25	78120.52	2632.028	2790.036	30264.26	79207.92	17799.95	94.66192	1182.918	1.267411e+08	3.505092e+08	2368.327	2495.729	1893.95	1067196	9484.562	95.37366	7392.815	94.66192	1182.918	95.37366	7392.815
49.71	104907.2	2511754	4740.701	52819.92	263590.1	15219.25	57563.53	2732.028	4491.036	23557.26	73490.92	15998.95	94.66192	982.9182	1.176205e+08	3.264664e+08	3268.327	3095.729	1393.95	911617.9	8383.562	-4.626335	7292.815	94.66192	982.9182	-4.626335	7292.815
50	94064.19	2046583	2039.701	45304.92	231071.1	13818.25	48543.53	1832.028	3290.036	20955.26	72487.92	14797.95	-5.338078	2082.918	1.124649e+08	2.924078e+08	1868.327	3695.729	1193.95	736175.9	8583.562	195.3737	5992.815	-5.338078	2082.918	195.3737	5992.815
50.28	107317.2	1576486	3740.701	53621.92	243690.1	9214.246	51850.53	2732.028	1290.036	21756.26	80010.92	16298.95	-5.338078	1482.918	1.195303e+08	3.044282e+08	3968.327	1895.729	993.9502	690910.9	10084.56	-4.626335	8793.815	-5.338078	1482.918	-4.626335	8793.815
50.57	101995.2	1339281	2539.701	45104.92	238137.1	6813.246	38625.53	2532.028	2790.036	22056.26	77703.92	14897.95	-5.338078	2482.918	1.1427e+08	3.224594e+08	2768.327	2895.729	1293.95	711167.9	9584.562	-4.626335	7792.815	-5.338078	2482.918	-4.626335	7792.815
50.86	94064.19	939993.6	2039.701	49712.92	186501.1	5513.246	48142.53	2532.028	2490.036	21455.26	80712.92	16298.95	-5.338078	2282.918	1.282464e+08	3.164489e+08	3268.327	3095.729	493.9502	1062190	8984.562	-4.626335	9393.815	-5.338078	2282.918	-4.626335	9393.815
51.14	94264.19	790721.6	2139.701	47809.92	153477.1	7013.246	45437.53	2632.028	3090.036	22856.26	79007.92	17699.95	-5.338078	1882.918	1.258645e+08	3.184524e+08	3368.327	2495.729	993.9502	1557548	8283.562	-4.626335	10393.82	-5.338078	1882.918	-4.626335	10393.82
51.43	92658.19	560058.6	3340.701	42799.92	122306.1	7914.246	44134.53	3032.028	5091.036	16552.26	83120.92	28209.95	-5.338078	2282.918	1.352844e+08	2.964146e+08	3968.327	2295.729	1893.95	1842583	11685.56	95.37366	8693.815	-5.338078	2282.918	95.37366	8693.815
51.72	105208.2	493767.6	5140.701	28879.92	96594.12	9315.246	37723.53	832.0284	4891.036	15151.26	95263.92	46436.95	-5.338078	1682.918	1.377165e+08	3.264664e+08	4068.327	3895.729	1693.95	2031838	12085.56	-4.626335	14195.82	-5.338078	1682.918	-4.626335	14195.82
52	112841.2	412188.6	2639.701	25875.92	84650.12	6313.246	34018.53	3132.028	2390.036	9048.264	97472.92	51646.95	-5.338078	1482.918	1.324149e+08	4.106212e+08	2668.327	3795.729	1893.95	2134050	11585.56	195.3737	14495.82	-5.338078	1482.918	195.3737	14495.82
52.29	129321.2	389625.6	3140.701	24274.92	84048.12	7513.246	27710.53	2532.028	2290.036	8447.264	102391.9	61268.95	-5.338078	1282.918	1.343325e+08	3.925868e+08	2968.327	3495.729	3093.95	1902964	8784.562	-4.626335	13895.82	-5.338078	1282.918	-4.626335	13895.82
52.57	145107.2	341517.6	3340.701	18569.92	74418.12	7113.246	27309.53	2732.028	3891.036	7747.263	103998.9	66582.95	-5.338078	1082.918	1.317271e+08	3.344805e+08	3468.327	4295.729	2993.95	1850432	11785.56	295.3737	15896.82	-5.338078	1082.918	295.3737	15896.82
52.86	133844.2	377843.6	2039.701	15567.92	70306.12	8214.246	26909.53	3432.028	2290.036	6347.263	91850.92	65178.95	-5.338078	582.9182	1.192387e+08	3.525128e+08	3368.327	3995.729	3893.95	1772691	10084.56	95.37366	15296.82	-5.338078	582.9182	95.37366	15296.82
53.15	127210.2	442813.6	2139.701	18168.92	84149.12	7714.246	29412.53	3032.028	2990.036	6947.263	94360.92	62571.95	-5.338078	882.9182	1.15323e+08	3.424948e+08	3368.327	2795.729	8795.95	1648938	11985.56	-4.626335	15496.82	-5.338078	882.9182	-4.626335	15496.82
53.43	133442.2	346385.6	2539.701	22672.92	101814.1	7614.246	36922.53	2232.028	3991.036	10048.26	92453.92	68888.95	-5.338078	1682.918	1.39901e+08	3.765569e+08	4168.328	3495.729	3193.95	1468175	11185.56	95.37366	13495.82	-5.338078	1682.918	95.37366	13495.82
53.72	127310.2	248102.6	1939.701	26476.92	109848.1	8314.246	34118.53	3232.028	3691.036	9948.264	92352.92	59764.95	94.66192	1682.918	1.41175e+08	4.106212e+08	2968.327	3995.729	4293.95	1313728	10784.56	795.3737	10893.82	94.66192	1682.918	795.3737	10893.82
54	105108.2	177285.6	2439.701	27277.92	92880.12	7113.246	26108.53	2232.028	2990.036	9848.264	79709.92	46336.95	94.66192	1582.918	1.246523e+08	3.525128e+08	3368.327	2895.729	1693.95	1267743	8684.562	95.37366	9193.815	94.66192	1582.918	95.37366	9193.815
54.29	100489.2	277718.6	4540.701	44302.92	86156.12	8814.246	35720.53	1632.028	2690.036	12949.26	84123.92	38623.95	-5.338078	1582.918	1.282903e+08	3.384877e+08	5369.328	2395.729	2193.95	1256286	8283.562	195.3737	11394.82	-5.338078	1582.918	195.3737	11394.82
54.58	94164.19	710033.6	3240.701	50314.92	78330.12	11016.25	62675.53	2632.028	3491.036	13650.26	80913.92	33515.95	-5.338078	2782.918	1.278664e+08	2.743777e+08	3668.327	1595.729	2493.95	1284570	7583.562	-4.626335	9893.815	-5.338078	2782.918	-4.626335	9893.815
54.86	76504.19	1108219	2039.701	54022.92	77327.12	17220.25	100702.5	2332.028	3691.036	11749.26	72788.92	29310.95	-5.338078	2182.918	1.134547e+08	3.404912e+08	2468.327	2695.729	693.9502	1226563	7383.562	295.3737	7992.815	-5.338078	2182.918	295.3737	7992.815
55.15	72893.19	1749269	2339.701	53721.92	67799.12	20023.25	136776.5	1632.028	4891.036	11949.26	76298.92	23804.95	-5.338078	3082.918	1.12203e+08	3.184524e+08	3868.327	3195.729	1493.95	1285727	10184.56	95.37366	7192.815	-5.338078	3082.918	95.37366	7192.815
55.44	66375.19	2182521	2739.701	51516.92	72111.12	24428.25	156090.5	3032.028	6391.036	13850.26	84926.92	26807.95	-5.338078	2882.918	1.180869e+08	3.104385e+08	3268.327	2695.729	1193.95	1281730	12585.56	95.37366	7092.815	-5.338078	2882.918	95.37366	7092.815
55.72	66576.19	1814818	1439.701	59033.92	70005.12	21024.25	121395.5	2232.028	1890.036	15251.26	70682.92	21502.95	-5.338078	3582.918	1.21514e+08	3.2847e+08	4368.328	2795.729	1393.95	1215229	13085.56	-4.626335	9393.815	-5.338078	3582.918	-4.626335	9393.815
56.01	56551.19	1561696	1839.701	68457.92	73816.12	15419.25	118783.5	2932.028	4891.036	17952.26	76098.92	15298.95	-5.338078	3482.918	1.200699e+08	3.204559e+08	4068.327	2795.729	993.9502	1086919	18589.56	95.37366	9093.815	-5.338078	3482.918	95.37366	9093.815
56.29	57954.19	1102994	2439.701	93941.92	74518.12	11216.25	98393.52	2032.028	3290.036	20054.26	82117.92	13196.95	-5.338078	4882.918	1.294599e+08	3.264664e+08	5169.328	3195.729	993.9502	827878.9	13586.56	95.37366	9693.815	-5.338078	4882.918	95.37366	9693.815
56.58	57453.19	861314.6	6041.701	93138.92	81139.12	8014.246	81832.52	2632.028	4291.036	27361.26	80913.92	11896.95	-5.338078	5983.918	1.352405e+08	3.204559e+08	4768.328	1995.729	1193.95	754613.9	12485.56	-4.626335	9993.815	-5.338078	5983.918	-4.626335	9993.815
56.87	57854.19	680727.6	2339.701	91733.92	83045.12	4812.246	80628.52	2832.028	4191.036	26360.26	84725.92	11496.95	-5.338078	5083.918	1.345082e+08	4.026059e+08	5269.328	1495.729	1693.95	648394.9	10884.56	-4.626335	9093.815	-5.338078	5083.918	-4.626335	9093.815
57.15	53845.19	528678.6	3140.701	86213.92	80136.12	6713.246	70296.52	2832.028	3390.036	23257.26	81214.92	14097.95	-5.338078	3082.918	1.332784e+08	3.945906e+08	4868.328	1495.729	24105.95	612608.9	11185.56	95.37366	8592.815	-5.338078	3082.918	95.37366	8592.815
57.44	52342.19	473169.6	3040.701	65149.92	78530.12	8214.246	65784.52	2132.028	3190.036	24258.26	73490.92	17499.95	94.66192	2982.918	1.186555e+08	3.2847e+08	3368.327	2995.729	32114.95	617219.9	14086.56	95.37366	7892.815	94.66192	2982.918	95.37366	7892.815
57.72	56350.19	338577.6	3540.701	58833.92	77226.12	7013.246	62976.53	1332.028	4191.036	16051.26	67573.92	24705.95	-5.338078	2282.918	1.190345e+08	3.485056e+08	3768.327	2395.729	41227.95	630546.9	12785.56	795.3737	7692.815	-5.338078	2282.918	795.3737	7692.815
58.01	55950.19	244566.6	4840.701	50213.92	80236.12	4812.246	47240.53	2032.028	4091.036	14050.26	76098.92	24705.95	194.6619	1882.918	1.185534e+08	4.126251e+08	3368.327	2295.729	23904.95	687416.9	8483.562	95.37366	6292.815	194.6619	1882.918	95.37366	6292.815
58.3	54146.19	220538.6	3340.701	51516.92	76023.12	5513.246	41229.53	2232.028	3491.036	16051.26	72186.92	19901.95	194.6619	1882.918	1.069243e+08	3.024248e+08	2968.327	3295.729	27808.95	630648.9	5683.562	395.3737	7792.815	194.6619	1882.918	395.3737	7792.815
58.58	59859.19	218016.6	4640.701	51917.92	68601.12	7013.246	21789.53	1732.028	3090.036	15251.26	66972.92	20101.95	94.66192	2182.918	1.137313e+08	2.723744e+08	2168.327	2495.729	12196.95	680531.9	4682.562	195.3737	10593.82	94.66192	2182.918	195.3737	10593.82
58.87	54146.19	226795.6	2839.701	49612.92	71409.12	8514.246	41530.53	1832.028	2990.036	17152.26	75396.92	16098.95	94.66192	1282.918	1.086975e+08	2.98418e+08	3168.327	3295.729	10095.95	857760.9	6183.562	-4.626335	11294.82	94.66192	1282.918	-4.626335	11294.82
59.16	63869.19	248506.6	239.7012	60036.92	62184.12	10115.25	36822.53	1332.028	3190.036	23457.26	77803.92	18300.95	-5.338078	1582.918	1.11068e+08	2.863977e+08	3068.327	3195.729	8494.95	1011033	9284.562	-4.626335	10293.82	-5.338078	1582.918	-4.626335	10293.82
59.44	83125.19	299675.6	2039.701	62943.92	79935.12	11016.25	46539.53	2732.028	3290.036	32467.26	88137.92	15398.95	-5.338078	2182.918	1.204782e+08	4.066135e+08	2968.327	2895.729	3593.95	1061147	8684.562	95.37366	13695.82	-5.338078	2182.918	95.37366	13695.82
59.73	88945.19	297549.6	3040.701	77283.92	118588.1	7814.246	45437.53	2632.028	2490.036	35371.26	84826.92	10195.95	-5.338078	2582.918	1.291967e+08	3.785605e+08	2868.327	3595.729	4493.95	878046.9	9784.562	95.37366	13895.82	-5.338078	2582.918	95.37366	13895.82
60.01	90852.19	199457.6	3340.701	77083.92	140903.1	6913.246	47641.53	1332.028	3791.036	36473.26	82317.92	9395.95	94.66192	2182.918	1.303081e+08	3.785605e+08	3868.327	3195.729	3093.95	692349.9	11585.56	295.3737	11894.82	94.66192	2182.918	295.3737	11894.82
60.3	87440.19	137627.6	2940.701	79490.92	169883.1	5312.246	43032.53	2232.028	2490.036	39077.26	87435.92	13797.95	-5.338078	1582.918	1.304983e+08	3.264664e+08	3568.327	4195.729	1693.95	595809.9	8083.562	95.37366	10193.82	-5.338078	1582.918	95.37366	10193.82
60.59	79714.19	130688.6	2539.701	72970.92	181464.1	5813.246	41129.53	2332.028	1690.036	41881.26	73690.92	7394.95	-5.338078	2082.918	1.246815e+08	3.384877e+08	3268.327	2895.729	2293.95	534139.9	9784.562	95.37366	9893.815	-5.338078	2082.918	95.37366	9893.815
60.87	66676.19	110184.6	1139.701	83504.92	147642.1	4812.246	33638.53	2232.028	2390.036	46790.26	71083.92	5694.95	-5.338078	2282.918	1.252949e+08	3.2847e+08	4068.327	3195.729	1493.95	507594.9	8183.562	-4.626335	7992.815	-5.338078	2282.918	-4.626335	7992.815
61.16	64270.19	96725.64	1239.701	87317.92	129643.1	4212.246	38825.53	2032.028	2990.036	53704.26	71083.92	31313.95	94.66192	3282.918	1.224771e+08	3.104385e+08	4468.328	2995.729	793.9502	499126.9	9984.562	95.37366	9693.815	94.66192	3282.918	95.37366	9693.815
61.45	81520.19	72738.64	2339.701	80694.92	157905.1	6313.246	39827.53	1032.028	1890.036	46589.26	77903.92	21702.95	-5.338078	2482.918	1.269457e+08	3.004214e+08	3268.327	2595.729	1193.95	599496.9	11285.56	95.37366	9693.815	-5.338078	2482.918	95.37366	9693.815
61.73	84831.19	80062.64	1939.701	74074.92	182370.1	5513.246	34318.53	2132.028	2790.036	38676.26	77402.92	32414.95	-5.338078	2182.918	1.327368e+08	3.565201e+08	4168.328	2895.729	3893.95	695741.9	11685.56	-4.626335	10793.82	-5.338078	2182.918	-4.626335	10793.82
62.02	108120.2	82069.64	2339.701	64547.92	239651.1	6913.246	34318.53	2432.028	3991.036	33669.26	84725.92	60466.95	-5.338078	1582.918	1.334394e+08	3.32477e+08	3968.327	4695.729	3093.95	871317.9	9784.562	-4.626335	10693.82	-5.338078	1582.918	-4.626335	10693.82
62.3	113846.2	90400.64	1839.701	45204.92	248537.1	6613.246	29712.53	2332.028	3390.036	29664.26	85327.92	75908.95	-5.338078	1582.918	1.316393e+08	3.104385e+08	3168.327	3695.729	2693.95	992823.9	12385.56	195.3737	11494.82	-5.338078	1582.918	195.3737	11494.82
62.59	118467.2	61706.64	2639.701	42299.92	243892.1	2911.246	24106.53	1432.028	2690.036	17352.26	86431.92	85740.95	-5.338078	782.9182	1.283926e+08	3.485056e+08	1668.327	5396.729	3393.95	1210823	8684.562	195.3737	11093.82	-5.338078	782.9182	195.3737	11093.82
62.88	124195.2	40958.64	3240.701	43000.92	249648.1	12316.25	23305.53	3532.028	4291.036	16852.26	95866.92	94170.95	-5.338078	82.91815	1.33703e+08	3.144455e+08	2168.327	4995.729	3393.95	1731446	10684.56	95.37366	9593.815	-5.338078	82.91815	95.37366	9593.815
63.16	132940.2	61004.64	2239.701	35187.92	219669.1	64308.25	24106.53	3432.028	2890.036	14951.26	97371.92	81626.95	-5.338078	582.9182	1.395197e+08	3.505092e+08	2268.327	3795.729	3593.95	1504603	10984.56	-4.626335	10393.82	-5.338078	582.9182	-4.626335	10393.82
63.45	126707.2	39255.64	5641.701	40195.92	169581.1	149088.2	26008.53	1732.028	3991.036	10748.26	94259.92	81124.95	-5.338078	982.9182	1.34684e+08	3.90583e+08	1968.327	4995.729	2493.95	1923225	11084.56	195.3737	9893.815	-5.338078	982.9182	195.3737	9893.815
63.74	117161.2	59399.64	1739.701	37491.92	147542.1	166098.2	27109.53	2532.028	4591.036	13750.26	90044.92	63373.95	-5.338078	782.9182	1.360754e+08	3.044282e+08	1568.327	4395.729	1293.95	1771799	12785.56	-4.626335	9393.815	-5.338078	782.9182	-4.626335	9393.815
64.03	110631.2	27536.64	3140.701	34887.92	134770.1	122940.2	25107.53	3532.028	3190.036	11949.26	101086.9	53550.95	-5.338078	582.9182	1.404143e+08	3.364841e+08	18575.33	5396.729	1993.95	2518354	11885.56	-4.626335	8392.815	-5.338078	582.9182	-4.626335	8392.815
64.31	90350.19	31942.64	1839.701	41898.92	127331.1	91900.24	22204.53	1832.028	3190.036	11449.26	88438.92	37020.95	-5.338078	1082.918	1.330589e+08	4.266523e+08	22678.33	4495.729	2493.95	2201651	15787.56	195.3737	6392.815	-5.338078	1082.918	195.3737	6392.815
64.6	75300.19	27236.64	1839.701	53220.92	154685.1	57690.25	19101.53	1332.028	2690.036	9448.264	87535.92	32214.95	-5.338078	982.9182	1.240536e+08	3.184524e+08	19576.33	4495.729	2293.95	1722990	12285.56	-4.626335	5492.815	-5.338078	982.9182	-4.626335	5492.815
64.88	74398.19	30040.64	2940.701	63544.92	158207.1	55084.25	15798.53	2032.028	4391.036	9048.264	94059.92	25906.95	-5.338078	2282.918	1.32649e+08	3.645347e+08	22378.33	4195.729	1193.95	1350618	12785.56	95.37366	5792.815	-5.338078	2282.918	95.37366	5792.815
65.17	61663.19	33044.64	3140.701	83002.92	140803.1	34643.25	15598.53	2332.028	4191.036	8848.264	90646.92	17799.95	-5.338078	2782.918	1.315662e+08	3.344805e+08	10770.33	4295.729	1393.95	984192.9	12185.56	-4.626335	4491.815	-5.338078	2782.918	-4.626335	4491.815
65.46	53244.19	39355.64	2539.701	103881.9	110150.1	21325.25	17399.53	3032.028	3190.036	8347.264	85929.92	15898.95	194.6619	2182.918	1.293429e+08	3.925868e+08	8069.328	3095.729	993.9502	779561.9	11285.56	195.3737	4691.815	194.6619	2182.918	195.3737	4691.815
65.74	47532.19	28137.64	3240.701	89826.92	82142.12	25129.25	14698.53	2132.028	4391.036	8147.263	84725.92	11396.95	-5.338078	4082.918	1.241412e+08	3.344805e+08	6769.328	2895.729	893.9502	665022.9	6083.562	-4.626335	4891.815	-5.338078	4082.918	-4.626335	4891.815
66.03	39218.19	46469.64	2439.701	88421.92	68000.12	14918.25	16899.53	1732.028	4091.036	9148.264	80211.92	11996.95	-5.338078	2782.918	1.231631e+08	3.344805e+08	4668.328	2295.729	393.9502	514840.9	6783.562	95.37366	2691.815	-5.338078	2782.918	95.37366	2691.815
66.32	40820.19	240627.6	2739.701	90930.92	63588.12	17821.25	25107.53	2232.028	2890.036	13550.26	74693.92	10195.95	-5.338078	3582.918	1.16921e+08	2.643612e+08	3268.327	3995.729	693.9502	440439.9	6383.562	-4.626335	4091.815	-5.338078	3582.918	-4.626335	4091.815
66.6	37515.19	611967.6	1539.701	75378.92	48254.12	26731.25	72402.52	2632.028	3290.036	16652.26	57548.92	7694.95	-5.338078	1882.918	9.49853e+07	3.384877e+08	3368.327	2395.729	693.9502	398138.9	4282.562	-4.626335	3691.815	-5.338078	1882.918	-4.626335	3691.815
66.89	30005.19	1225117	2539.701	61539.92	40840.12	36646.25	128129.5	1932.028	1590.036	12149.26	52337.92	7194.95	-5.338078	2282.918	7.453678e+07	2.002608e+08	1968.327	1195.729	1193.95	367068.9	4982.562	-4.626335	2191.815	-5.338078	2282.918	-4.626335	2191.815
67.17	24399.19	1973529	2739.701	46707.92	27222.12	45663.25	166457.5	832.0284	1590.036	11149.26	40815.92	5094.95	-5.338078	1682.918	7.158606e+07	1.682136e+08	2768.327	2395.729	493.9502	511880.9	5083.562	-4.626335	2891.815	-5.338078	1682.918	-4.626335	2891.815
67.46	15692.19	2046041	2239.701	32784.92	27022.12	39751.25	194057.5	1732.028	3491.036	9248.264	41116.92	3893.95	-5.338078	1182.918	7.627957e+07	1.722194e+08	2768.327	2095.729	393.9502	886435.9	7683.562	-4.626335	3091.815	-5.338078	1182.918	-4.626335	3091.815
67.74	13691.19	1837063	2339.701	29880.92	18714.12	31938.25	177030.5	2232.028	2690.036	8447.264	55343.92	3693.95	-5.338078	1382.918	9.6912e+07	2.343131e+08	1668.327	1995.729	493.9502	1947614	8183.562	-4.626335	3391.815	-5.338078	1382.918	-4.626335	3391.815
68.03	13791.19	1323889	2739.701	24774.92	16212.12	25830.25	125114.5	2032.028	3190.036	6947.263	60856.92	3693.95	-5.338078	1582.918	1.120865e+08	2.904044e+08	1668.327	3195.729	293.9502	2384648	9084.562	-4.626335	5192.815	-5.338078	1582.918	-4.626335	5192.815
68.32	12390.19	1241185	3440.701	21371.92	14211.12	20824.25	106024.5	2532.028	2990.036	7747.263	68977.92	4893.95	-5.338078	682.9182	1.156681e+08	3.424948e+08	1768.327	1295.729	293.9502	2511846	10084.56	-4.626335	4391.815	-5.338078	682.9182	-4.626335	4391.815
68.6	16392.19	831627.6	3740.701	21271.92	8308.117	14618.25	77518.52	2732.028	2990.036	6347.263	67874.92	5294.95	-5.338078	482.9182	1.256016e+08	2.944112e+08	1268.327	2995.729	393.9502	2814255	10384.56	-4.626335	5292.815	-5.338078	482.9182	-4.626335	5292.815
68.89	16593.19	644990.6	2839.701	17768.92	8609.117	14618.25	63477.53	2332.028	3491.036	4846.263	64666.92	5394.95	-5.338078	982.9182	1.24112e+08	3.505092e+08	2568.327	2695.729	393.9502	2659178	11185.56	-4.626335	6392.815	-5.338078	982.9182	-4.626335	6392.815
69.17	19294.19	519588.6	3140.701	17368.92	10809.12	12917.25	52150.53	2032.028	3791.036	6447.263	59854.92	8394.95	-5.338078	382.9182	1.227836e+08	2.98418e+08	968.3274	2095.729	93.95018	2712028	11685.56	-4.626335	5492.815	-5.338078	382.9182	-4.626335	5492.815
69.46	25900.19	439555.6	4040.701	13565.92	16012.12	12216.25	52251.53	2232.028	2590.036	4446.263	60255.92	10895.95	-5.338078	582.9182	1.292432e+08	3.364841e+08	1968.327	2395.729	293.9502	2784036	10784.56	-4.626335	6492.815	-5.338078	582.9182	-4.626335	6492.815
69.75	36814.19	285608.6	2139.701	13665.92	20315.12	8614.246	44034.53	2132.028	3591.036	5047.263	73490.92	19501.95	-5.338078	682.9182	1.299425e+08	3.605274e+08	1568.327	2695.729	293.9502	2991694	14186.56	-4.626335	7392.815	-5.338078	682.9182	-4.626335	7392.815
70.03	43425.19	246182.6	2839.701	12865.92	27923.12	6613.246	28611.53	2132.028	3190.036	4646.263	66871.92	27208.95	-5.338078	882.9182	1.16717e+08	3.525128e+08	1268.327	2595.729	793.9502	2772448	10184.56	-4.626335	5692.815	-5.338078	882.9182	-4.626335	5692.815
70.32	63568.19	216401.6	1939.701	14466.92	60982.12	6813.246	31715.53	1132.028	2290.036	4046.263	73791.92	46837.95	-5.338078	82.91815	1.231923e+08	3.665384e+08	1468.327	3795.729	693.9502	2711695	12385.56	-4.626335	8893.815	-5.338078	82.91815	-4.626335	8893.815
70.61	90551.19	219327.6	739.7012	19269.92	121502.1	8714.246	25407.53	3132.028	3791.036	5947.263	82819.92	64877.95	-5.338078	582.9182	1.311858e+08	3.565201e+08	1768.327	3795.729	1093.95	2476023	9484.562	-4.626335	9193.815	-5.338078	582.9182	-4.626335	9193.815
70.89	96774.19	130084.6	1839.701	21871.92	150258.1	6013.246	25507.53	2532.028	2990.036	14850.26	86833.92	64376.95	94.66192	582.9182	1.324441e+08	4.046097e+08	1468.327	4095.729	593.9502	2143401	12585.56	95.37366	9693.815	94.66192	582.9182	95.37366	9693.815
71.18	102898.2	120936.6	2539.701	29880.92	185594.1	5012.246	23705.53	3832.028	3691.036	18153.26	89642.92	50344.95	94.66192	1082.918	1.301911e+08	3.645347e+08	1768.327	3995.729	893.9502	1750400	10984.56	-4.626335	7492.815	94.66192	1082.918	-4.626335	7492.815
71.46	104505.2	125259.6	2839.701	37891.92	193050.1	3912.246	22804.53	1932.028	3891.036	24458.26	90245.92	32714.95	-5.338078	582.9182	1.334102e+08	3.585237e+08	2268.327	3595.729	493.9502	1365494	11185.56	-4.626335	7492.815	-5.338078	582.9182	-4.626335	7492.815
71.75	102597.2	140543.6	2039.701	41096.92	207062.1	4012.246	26708.53	2832.028	4091.036	24158.26	95564.92	28109.95	-5.338078	1082.918	1.389479e+08	3.525128e+08	2068.327	4095.729	493.9502	1029046	12585.56	-4.626335	7892.815	-5.338078	1082.918	-4.626335	7892.815
72.04	120979.2	75447.64	1839.701	40696.92	202626.1	3312.246	27409.53	3832.028	3891.036	23057.26	93958.92	24705.95	-5.338078	1582.918	1.247107e+08	3.144455e+08	2268.327	2695.729	593.9502	856622.9	9784.562	-4.626335	6792.815	-5.338078	1582.918	-4.626335	6792.815
72.32	120678.2	72838.64	2139.701	38793.92	183076.1	1311.246	26708.53	3032.028	2890.036	18953.26	79308.92	15098.95	-5.338078	2082.918	1.2382e+08	3.645347e+08	1768.327	3695.729	593.9502	673649.9	8984.562	95.37366	7092.815	-5.338078	2082.918	95.37366	7092.815
72.61	114850.2	72136.64	2739.701	33585.92	173910.1	2211.246	25307.53	1232.028	2390.036	18153.26	86231.92	15198.95	-5.338078	1782.918	1.172125e+08	3.044282e+08	2768.327	2595.729	493.9502	512391.9	7583.562	-4.626335	5192.815	-5.338078	1782.918	-4.626335	5192.815
72.89	89848.19	58196.64	1839.701	26076.92	121502.1	1411.246	20502.53	1532.028	2390.036	12949.26	58651.92	10295.95	-5.338078	782.9182	8.197479e+07	2.403226e+08	1568.327	1895.729	193.9502	452756.9	4982.562	-4.626335	3691.815	-5.338078	782.9182	-4.626335	3691.815
73.18	60360.19	37351.64	1539.701	18869.92	90069.12	111.2456	13897.53	1332.028	1490.036	8547.264	38512.92	10395.95	-5.338078	782.9182	5.962116e+07	1.742223e+08	668.3274	1395.729	393.9502	319421.9	3582.562	-4.626335	3391.815	-5.338078	782.9182	-4.626335	3391.815
73.47	50137.19	25133.64	39.70117	13065.92	75020.12	111.2456	13397.53	1032.028	2390.036	6447.263	34606.92	7594.95	-5.338078	482.9182	4.465362e+07	1.250819e+08	1068.327	995.7296	293.9502	264182.9	2682.562	-4.626335	2391.815	-5.338078	482.9182	-4.626335	2391.815
73.75	33109.19	37351.64	1839.701	11464.92	56972.12	-188.7544	5993.527	532.0284	1390.036	4846.263	25095.92	5994.95	-5.338078	582.9182	3.776347e+07	9.816446e+07	668.3274	995.7296	-6.049822	213804	2782.562	-4.626335	1891.815	-5.338078	582.9182	-4.626335	1891.815
74.04	29705.19	22730.64	2039.701	9463.922	45849.12	411.2456	9194.526	232.0284	790.0356	3246.263	19189.92	4193.95	-5.338078	182.9182	2.854055e+07	8.063026e+07	568.3274	1295.729	193.9502	199991	1582.562	-4.626335	1491.815	-5.338078	182.9182	-4.626335	1491.815
74.32	23298.19	13221.64	139.7012	8563.922	33329.12	-889.7544	3893.527	732.0284	-9.964355	2546.263	15987.92	3293.95	-5.338078	82.91815	2.392388e+07	6.044484e+07	168.3274	695.7296	-6.049822	166245	1482.562	-4.626335	1191.815	-5.338078	82.91815	-4.626335	1191.815
74.61	17893.19	15923.64	539.7012	5262.922	31827.12	-188.7544	4293.527	532.0284	1090.036	2946.263	11885.92	2493.95	-5.338078	482.9182	1.942665e+07	5.101219e+07	368.3274	395.7295	93.95018	129127	1282.562	-4.626335	691.8149	-5.338078	482.9182	-4.626335	691.8149
74.89	14791.19	5816.641	39.70117	4562.922	21616.12	311.2456	3693.527	232.0284	690.0356	2746.263	9884.918	3393.95	-5.338078	282.9182	1.374592e+07	4.002934e+07	268.3274	295.7295	193.9502	111844	1382.562	-4.626335	591.8149	-5.338078	282.9182	-4.626335	591.8149
75.18	12190.19	5816.641	439.7012	2961.922	15312.12	311.2456	1992.527	432.0284	590.0356	1146.263	6583.918	1593.95	-5.338078	282.9182	1.221751e+07	3.422186e+07	168.3274	795.7296	-6.049822	88048.95	782.5623	-4.626335	191.8149	-5.338078	282.9182	-4.626335	191.8149
75.46	10089.19	23030.64	-761.2988	2861.922	13511.12	-188.7544	1792.527	232.0284	490.0356	1246.263	6083.918	1493.95	-5.338078	382.9182	1.139696e+07	2.636968e+07	68.3274	195.7295	93.95018	67384.95	782.5623	-4.626335	791.8149	-5.338078	382.9182	-4.626335	791.8149
75.75	7488.188	6716.641	-1461.299	1461.922	11710.12	311.2456	292.5267	532.0284	290.0356	1346.263	4982.918	2393.95	-5.338078	282.9182	9685758	2.160972e+07	168.3274	295.7295	-6.049822	62772.95	482.5623	-4.626335	391.8149	-5.338078	282.9182	-4.626335	391.8149
76.04	6788.188	6616.641	-1061.299	1761.922	8308.117	-889.7544	892.5267	432.0284	-309.9644	846.2634	3782.918	1593.95	-5.338078	-17.08185	5644386	1.994382e+07	68.3274	195.7295	-6.049822	63273.95	382.5623	-4.626335	91.81495	-5.338078	-17.08185	-4.626335	91.81495
76.32	5188.188	4315.641	-260.2988	1261.922	8609.117	-1689.754	2892.527	132.0284	-209.9644	746.2634	3782.918	893.9502	-5.338078	282.9182	5573774	1.64437e+07	68.3274	195.7295	193.9502	38122.95	282.5623	-4.626335	291.8149	-5.338078	282.9182	-4.626335	291.8149
76.61	4687.188	4015.641	-961.2988	661.9218	6308.118	-488.7544	192.5267	432.0284	290.0356	346.2633	3582.918	993.9502	-5.338078	82.91815	5545528	1.156921e+07	168.3274	195.7295	-6.049822	27208.95	282.5623	95.37366	191.8149	-5.338078	82.91815	95.37366	191.8149
76.89	3687.189	1814.641	139.7012	1961.922	5408.118	111.2456	1292.527	432.0284	-209.9644	746.2634	3282.918	493.9502	-5.338078	-17.08185	3752466	1.004997e+07	-31.6726	95.72954	-6.049822	29911.95	82.56228	-4.626335	91.81495	-5.338078	-17.08185	-4.626335	91.81495
77.18	2887.189	3315.641	-961.2988	961.9218	4907.118	-789.7544	892.5267	32.02844	90.03564	446.2633	2682.918	593.9502	94.66192	-17.08185	3300814	1.058944e+07	-31.6726	195.7295	193.9502	29811.95	82.56228	-4.626335	-8.185054	94.66192	-17.08185	-4.626335	-8.185054
77.47	2787.189	2715.641	-1961.299	561.9218	3707.117	-2089.754	692.5267	732.0284	490.0356	446.2633	2182.918	593.9502	-5.338078	-17.08185	3681892	8999660	68.3274	-4.270463	93.95018	18300.95	182.5623	-4.626335	91.81495	-5.338078	-17.08185	-4.626335	91.81495
77.75	2787.189	1314.641	-1061.299	461.9218	2907.117	-388.7544	292.5267	132.0284	-9.964355	446.2633	882.9182	193.9502	-5.338078	82.91815	1720489	6942522	-31.6726	-4.270463	93.95018	14697.95	182.5623	-4.626335	91.81495	-5.338078	82.91815	-4.626335	91.81495
78.04	2887.189	3515.641	-2461.299	261.9218	3007.117	-1089.754	992.5267	232.0284	90.03564	46.26334	1682.918	893.9502	-5.338078	182.9182	1537104	4475533	-31.6726	-4.270463	-6.049822	10995.95	82.56228	-4.626335	91.81495	-5.338078	182.9182	-4.626335	91.81495
78.33	1287.189	1614.641	-761.2988	561.9218	2207.117	-2289.754	-507.4733	-267.9716	-109.9644	46.26334	282.9182	293.9502	-5.338078	-17.08185	1861560	4305459	-31.6726	95.72954	-6.049822	9495.95	82.56228	-4.626335	91.81495	-5.338078	-17.08185	-4.626335	91.81495
78.62	1387.189	5116.641	-560.2988	-138.0782	1307.117	-1789.754	-107.4733	-167.9716	290.0356	246.2633	682.9182	293.9502	-5.338078	82.91815	1339624	4702310	-31.6726	-4.270463	-6.049822	7694.95	182.5623	-4.626335	-8.185054	-5.338078	82.91815	-4.626335	-8.185054
78.91	1687.189	12920.64	339.7012	161.9218	807.1174	-588.7544	392.5267	-167.9716	90.03564	346.2633	782.9182	93.95018	-5.338078	82.91815	1099841	2421020	168.3274	-4.270463	-6.049822	7394.95	282.5623	-4.626335	91.81495	-5.338078	82.91815	-4.626335	91.81495
79.2	987.1886	-485.3594	-460.2988	261.9218	1507.117	-889.7544	492.5267	32.02844	290.0356	146.2633	582.9182	93.95018	-5.338078	-17.08185	648529.4	1882794	268.3274	-4.270463	93.95018	14497.95	182.5623	95.37366	-8.185054	-5.338078	-17.08185	95.37366	-8.185054
79.48	187.1886	4215.641	-1561.299	561.9218	907.1174	-1289.754	-107.4733	-167.9716	-9.964355	346.2633	582.9182	93.95018	-5.338078	-17.08185	641498.4	1967771	-31.6726	-4.270463	-6.049822	15698.95	82.56228	-4.626335	-8.185054	-5.338078	-17.08185	-4.626335	-8.185054
79.78	887.1886	2415.641	-1361.299	461.9218	1107.117	-1689.754	92.52673	-267.9716	-209.9644	-53.73666	282.9182	93.95018	-5.338078	182.9182	676734.4	1599549	-31.6726	195.7295	-6.049822	3693.95	182.5623	-4.626335	-8.185054	-5.338078	182.9182	-4.626335	-8.185054
80.07	387.1886	-85.35938	-861.2988	461.9218	207.1174	-1889.754	192.5267	132.0284	490.0356	46.26334	282.9182	93.95018	-5.338078	-17.08185	439603.4	1245526	-31.6726	-4.270463	-6.049822	6794.95	-17.43772	-4.626335	-8.185054	-5.338078	-17.08185	-4.626335	-8.185054
80.36	787.1886	414.6406	-460.2988	-38.07825	207.1174	-1689.754	-307.4733	232.0284	-9.964355	-53.73666	282.9182	93.95018	-5.338078	-17.08185	277199.4	976490.8	-31.6726	-4.270463	-6.049822	3693.95	-17.43772	-4.626335	91.81495	-5.338078	-17.08185	-4.626335	91.81495
80.64	187.1886	-685.3594	-1261.299	361.9218	907.1174	-288.7544	-207.4733	132.0284	90.03564	-53.73666	682.9182	93.95018	-5.338078	-17.08185	549812.4	1953608	-31.6726	-4.270463	-6.049822	3793.95	82.56228	-4.626335	-8.185054	-5.338078	-17.08185	-4.626335	-8.185054
80.94	487.1886	-985.3594	-1261.299	161.9218	207.1174	-2989.754	-307.4733	-367.9716	-809.9644	146.2633	282.9182	-6.049822	94.66192	-17.08185	324184.4	934013.8	-31.6726	95.72954	-6.049822	3193.95	-17.43772	-4.626335	-8.185054	94.66192	-17.08185	-4.626335	-8.185054
81.23	87.18861	1314.641	-360.2988	861.9218	607.1174	-1489.754	-1107.473	-367.9716	90.03564	-53.73666	182.9182	193.9502	-5.338078	-17.08185	298239.4	707476.8	-31.6726	-4.270463	-6.049822	2193.95	82.56228	-4.626335	91.81495	-5.338078	-17.08185	-4.626335	91.81495
81.52	287.1886	114.6406	-660.2988	561.9218	107.1174	-989.7544	-307.4733	32.02844	690.0356	-53.73666	182.9182	193.9502	-5.338078	-17.08185	324184.4	424326.8	-31.6726	-4.270463	93.95018	2293.95	-17.43772	-4.626335	-8.185054	-5.338078	-17.08185	-4.626335	-8.185054
81.8	287.1886	914.6406	-961.2988	161.9218	307.1174	-488.7544	292.5267	-167.9716	-109.9644	46.26334	182.9182	-6.049822	194.6619	-17.08185	256176.4	877378.8	-31.6726	-4.270463	-6.049822	1493.95	-17.43772	-4.626335	-8.185054	194.6619	-17.08185	-4.626335	-8.185054
82.1	87.18861	514.6406	-660.2988	561.9218	107.1174	-689.7544	-107.4733	-167.9716	-409.9644	-53.73666	-17.08185	93.95018	-5.338078	-17.08185	257389.4	749951.8	-31.6726	-4.270463	-6.049822	193.9502	-17.43772	-4.626335	91.81495	-5.338078	-17.08185	-4.626335	91.81495
82.38	187.1886	1614.641	-961.2988	-138.0782	407.1174	-689.7544	-7.473267	232.0284	-109.9644	46.26334	82.91815	-6.049822	-5.338078	-17.08185	172664.4	277175.8	-31.6726	95.72954	-6.049822	1993.95	-17.43772	-4.626335	91.81495	-5.338078	-17.08185	-4.626335	91.81495
82.68	87.18861	1414.641	-60.29883	-338.0782	307.1174	-2289.754	192.5267	-67.97156	90.03564	46.26334	182.9182	93.95018	-5.338078	-17.08185	267779.4	353542.8	-31.6726	-4.270463	-6.049822	1993.95	-17.43772	-4.626335	-8.185054	-5.338078	-17.08185	-4.626335	-8.185054
82.97	87.18861	-1586.359	-460.2988	-238.0782	107.1174	-1989.754	-507.4733	-267.9716	-9.964355	46.26334	82.91815	-6.049822	-5.338078	-17.08185	106998.4	307527.8	-31.6726	-4.270463	-6.049822	193.9502	-17.43772	-4.626335	91.81495	-5.338078	-17.08185	-4.626335	91.81495
83.25	87.18861	1414.641	-560.2988	-338.0782	307.1174	-588.7544	892.5267	32.02844	490.0356	146.2633	-17.08185	-6.049822	-5.338078	-17.08185	147101.4	112887.8	-31.6726	-4.270463	-6.049822	4093.95	-17.43772	-4.626335	-8.185054	-5.338078	-17.08185	-4.626335	-8.185054
83.54	87.18861	-185.3594	-160.2988	-138.0782	107.1174	-989.7544	92.52673	-167.9716	-409.9644	-53.73666	-17.08185	-6.049822	-5.338078	-17.08185	175282.4	183819.8	68.3274	-4.270463	-6.049822	93.95018	-17.43772	-4.626335	191.8149	-5.338078	-17.08185	-4.626335	191.8149
83.82	-12.81139	1014.641	-560.2988	261.9218	7.117439	-488.7544	-107.4733	-67.97156	-809.9644	-53.73666	-17.08185	-6.049822	-5.338078	-17.08185	75383.4	170223.8	-31.6726	-4.270463	93.95018	1893.95	-17.43772	-4.626335	91.81495	-5.338078	-17.08185	-4.626335	91.81495
84.12	87.18861	814.6406	839.7012	61.92175	307.1174	-1889.754	-607.4733	-67.97156	290.0356	46.26334	-17.08185	-6.049822	-5.338078	-17.08185	126771.4	211978.8	68.3274	-4.270463	-6.049822	1893.95	-17.43772	-4.626335	-8.185054	-5.338078	-17.08185	-4.626335	-8.185054
84.41	87.18861	114.6406	-1961.299	-138.0782	107.1174	511.2456	92.52673	32.02844	-9.964355	46.26334	282.9182	-6.049822	-5.338078	-17.08185	82104.4	112887.8	-31.6726	-4.270463	-6.049822	1993.95	-17.43772	-4.626335	91.81495	-5.338078	-17.08185	-4.626335	91.81495
84.69	-12.81139	2715.641	-1761.299	-138.0782	-92.88256	-2089.754	-407.4733	332.0284	-309.9644	-53.73666	-17.08185	-6.049822	-5.338078	182.9182	28185.39	112887.8	-31.6726	-4.270463	-6.049822	-6.049822	-17.43772	-4.626335	-8.185054	-5.338078	182.9182	-4.626335	-8.185054
84.98	-12.81139	1714.641	-1061.299	261.9218	107.1174	-1689.754	-807.4733	132.0284	490.0356	-53.73666	-17.08185	-6.049822	94.66192	-17.08185	63149.39	72750.77	-31.6726	-4.270463	-6.049822	93.95018	-17.43772	-4.626335	-8.185054	94.66192	-17.08185	-4.626335	-8.185054
85.27	-12.81139	514.6406	-861.2988	761.9218	-92.88256	-2189.754	-307.4733	-67.97156	690.0356	146.2633	-17.08185	-6.049822	-5.338078	-17.08185	26884.39	42109.77	-31.6726	-4.270463	-6.049822	-6.049822	-17.43772	-4.626335	-8.185054	-5.338078	-17.08185	-4.626335	-8.185054
85.56	187.1886	-285.3594	-1361.299	-238.0782	7.117439	-889.7544	-207.4733	-67.97156	-109.9644	46.26334	-17.08185	-6.049822	-5.338078	-17.08185	7470.395	42109.77	-31.6726	-4.270463	-6.049822	893.9502	-17.43772	-4.626335	-8.185054	-5.338078	-17.08185	-4.626335	-8.185054
85.85	487.1886	314.6406	-2061.299	61.92175	207.1174	911.2456	-507.4733	32.02844	-309.9644	-53.73666	-17.08185	-6.049822	-5.338078	-17.08185	27084.39	141198.8	-31.6726	-4.270463	-6.049822	293.9502	-17.43772	-4.626335	-8.185054	-5.338078	-17.08185	-4.626335	-8.185054
86.14	-12.81139	2014.641	-961.2988	-138.0782	7.117439	-1089.754	-307.4733	332.0284	-409.9644	-53.73666	82.91815	93.95018	-5.338078	-17.08185	69065.4	46988.77	-31.6726	-4.270463	-6.049822	-6.049822	-17.43772	-4.626335	-8.185054	-5.338078	-17.08185	-4.626335	-8.185054
86.42	87.18861	114.6406	439.7012	-238.0782	-92.88256	-288.7544	-507.4733	32.02844	190.0356	-53.73666	-17.08185	193.9502	-5.338078	-17.08185	96254.4	64026.77	-31.6726	-4.270463	-6.049822	-6.049822	-17.43772	-4.626335	-8.185054	-5.338078	-17.08185	-4.626335	-8.185054
86.72	-12.81139	914.6406	539.7012	-338.0782	-92.88256	-2489.754	-407.4733	-267.9716	-609.9644	-53.73666	82.91815	-6.049822	-5.338078	-17.08185	7470.395	42109.77	68.3274	-4.270463	-6.049822	-6.049822	-17.43772	-4.626335	-8.185054	-5.338078	-17.08185	-4.626335	-8.185054
87	-12.81139	2615.641	339.7012	61.92175	7.117439	-1589.754	-707.4733	-167.9716	190.0356	146.2633	-17.08185	-6.049822	-5.338078	-17.08185	2169.395	10345.77	68.3274	-4.270463	-6.049822	-6.049822	-17.43772	-4.626335	-8.185054	-5.338078	-17.08185	-4.626335	-8.185054
87.29	87.18861	-285.3594	-761.2988	161.9218	-92.88256	-2189.754	-907.4733	232.0284	390.0356	-53.73666	-17.08185	-6.049822	-5.338078	-17.08185	67159.4	57009.77	-31.6726	-4.270463	-6.049822	793.9502	-17.43772	-4.626335	-8.185054	-5.338078	-17.08185	-4.626335	-8.185054
87.57	-12.81139	2014.641	-1261.299	261.9218	-92.88256	-2089.754	-707.4733	332.0284	90.03564	-53.73666	-17.08185	-6.049822	94.66192	-17.08185	10171.39	58312.77	-31.6726	-4.270463	-6.049822	793.9502	-17.43772	-4.626335	-8.185054	94.66192	-17.08185	-4.626335	-8.185054
87.86	87.18861	-585.3594	39.70117	161.9218	-92.88256	-1889.754	-1207.473	-167.9716	-109.9644	146.2633	-17.08185	-6.049822	-5.338078	-17.08185	9571.395	53301.77	-31.6726	-4.270463	-6.049822	193.9502	-17.43772	-4.626335	-8.185054	-5.338078	-17.08185	-4.626335	-8.185054
88.14	87.18861	414.6406	-1461.299	-238.0782	307.1174	-1089.754	-7.473267	332.0284	-709.9644	46.26334	82.91815	-6.049822	-5.338078	-17.08185	5670.395	64627.77	-31.6726	-4.270463	-6.049822	1293.95	-17.43772	-4.626335	-8.185054	-5.338078	-17.08185	-4.626335	-8.185054
88.43	-12.81139	-985.3594	39.70117	861.9218	7.117439	-1089.754	-7.473267	132.0284	-609.9644	46.26334	-17.08185	-6.049822	-5.338078	-17.08185	43307.39	70420.77	-31.6726	-4.270463	-6.049822	-6.049822	-17.43772	-4.626335	-8.185054	-5.338078	-17.08185	-4.626335	-8.185054
88.71	-12.81139	14.64062	-2361.299	61.92175	107.1174	-1089.754	-207.4733	32.02844	290.0356	-53.73666	-17.08185	-6.049822	-5.338078	-17.08185	969.395	1243.772	-31.6726	-4.270463	-6.049822	93.95018	-17.43772	-4.626335	-8.185054	-5.338078	-17.08185	-4.626335	-8.185054
89	-12.81139	1014.641	39.70117	261.9218	-92.88256	-2589.754	-907.4733	-167.9716	-309.9644	-53.73666	-17.08185	-6.049822	-5.338078	82.91815	65756.4	2543.772	68.3274	-4.270463	-6.049822	893.9502	82.56228	-4.626335	-8.185054	-5.338078	82.91815	-4.626335	-8.185054
