ElapsedTime_s	Ti49_CPS	Al27_CPS	S33_CPS	Sc45_CPS	V51_CPS	Mn55_CPS	Fe57_CPS	Co59_CPS	Ni60_CPS	Ga71_CPS	Zr90_CPS	Nb93_CPS	Mo97_CPS	In113_CPS	Sn119_CPS	Sn118_CPS	Sb121_CPS	Hf177_CPS	Ta181_CPS	W183_CPS	Pb206_CPS	Th232_CPS	U238_CPS	Tc97_CPS	Cd113_CPS	U232_CPS	Pu238_CPS
0	-12.81139	1714.641	-60.29883	461.9218	7.117439	-1789.754	-507.4733	32.02844	390.0356	46.26334	-17.08185	-6.049822	-5.338078	82.91815	8170.395	2543.772	68.3274	-4.270463	-6.049822	-6.049822	-17.43772	95.37366	-8.185054	-5.338078	82.91815	95.37366	-8.185054
																											
11.16	-12.81139	-385.3594	539.7012	-738.0782	107.1174	-1689.754	-607.4733	32.02844	190.0356	146.2633	-17.08185	-6.049822	-5.338078	-17.08185	-30.60498	1143.772	-31.6726	95.72954	-6.049822	-6.049822	-17.43772	-4.626335	-8.185054	-5.338078	-17.08185	-4.626335	-8.185054
11.45	-12.81139	214.6406	-1261.299	161.9218	7.117439	-388.7544	-507.4733	132.0284	-109.9644	46.26334	82.91815	-6.049822	-5.338078	-17.08185	-30.60498	48290.77	-31.6726	-4.270463	-6.049822	-6.049822	82.56228	-4.626335	-8.185054	-5.338078	-17.08185	-4.626335	-8.185054
11.73	-12.81139	814.6406	339.7012	161.9218	107.1174	-789.7544	-1207.473	232.0284	-509.9644	-53.73666	-17.08185	-6.049822	94.66192	-17.08185	2469.395	-156.2278	-31.6726	-4.270463	-6.049822	-6.049822	-17.43772	-4.626335	-8.185054	94.66192	-17.08185	-4.626335	-8.185054
12.02	-12.81139	614.6406	-560.2988	461.9218	7.117439	-1689.754	392.5267	-267.9716	-509.9644	46.26334	-17.08185	-6.049822	-5.338078	-17.08185	-30.60498	43.77225	-31.6726	-4.270463	-6.049822	-6.049822	-17.43772	-4.626335	-8.185054	-5.338078	-17.08185	-4.626335	-8.185054
12.3	-12.81139	-785.3594	-861.2988	-38.07825	7.117439	-1789.754	92.52673	132.0284	-209.9644	-53.73666	-17.08185	-6.049822	-5.338078	-17.08185	-30.60498	-56.22775	-31.6726	-4.270463	-6.049822	-6.049822	-17.43772	-4.626335	-8.185054	-5.338078	-17.08185	-4.626335	-8.185054
12.59	-12.81139	14.64062	-1061.299	-338.0782	107.1174	-689.7544	-407.4733	-167.9716	-209.9644	46.26334	-17.08185	-6.049822	-5.338078	-17.08185	-130.605	43.77225	-31.6726	-4.270463	-6.049822	-6.049822	-17.43772	-4.626335	-8.185054	-5.338078	-17.08185	-4.626335	-8.185054
12.87	-12.81139	-785.3594	-1461.299	461.9218	107.1174	-88.75439	692.5267	-67.97156	-909.9644	46.26334	-17.08185	-6.049822	-5.338078	-17.08185	-130.605	-256.2278	-31.6726	-4.270463	-6.049822	-6.049822	-17.43772	-4.626335	-8.185054	-5.338078	-17.08185	-4.626335	-8.185054
13.16	-12.81139	14.64062	-961.2988	261.9218	-92.88256	-88.75439	-7.473267	32.02844	490.0356	46.26334	-17.08185	-6.049822	-5.338078	-17.08185	169.395	43.77225	68.3274	-4.270463	-6.049822	-6.049822	-17.43772	-4.626335	-8.185054	-5.338078	-17.08185	-4.626335	-8.185054
13.44	-12.81139	-1686.359	-60.29883	161.9218	107.1174	-889.7544	-207.4733	-67.97156	190.0356	46.26334	-17.08185	-6.049822	-5.338078	-17.08185	-30.60498	-56.22775	-31.6726	-4.270463	-6.049822	-6.049822	-17.43772	-4.626335	-8.185054	-5.338078	-17.08185	-4.626335	-8.185054
13.73	-12.81139	214.6406	-260.2988	-238.0782	7.117439	-288.7544	-107.4733	432.0284	-9.964355	46.26334	-17.08185	-6.049822	-5.338078	-17.08185	-30.60498	22654.77	-31.6726	-4.270463	-6.049822	-6.049822	-17.43772	-4.626335	-8.185054	-5.338078	-17.08185	-4.626335	-8.185054
14.01	-12.81139	-185.3594	-1161.299	461.9218	7.117439	-288.7544	-207.4733	32.02844	-309.9644	-53.73666	82.91815	-6.049822	-5.338078	82.91815	169.395	-156.2278	-31.6726	-4.270463	-6.049822	-6.049822	-17.43772	-4.626335	-8.185054	-5.338078	82.91815	-4.626335	-8.185054
14.3	-12.81139	314.6406	439.7012	61.92175	7.117439	-188.7544	-907.4733	132.0284	190.0356	46.26334	-17.08185	-6.049822	-5.338078	82.91815	69.39502	-156.2278	168.3274	-4.270463	-6.049822	-6.049822	-17.43772	-4.626335	-8.185054	-5.338078	82.91815	-4.626335	-8.185054
14.58	-12.81139	514.6406	-460.2988	461.9218	-92.88256	11.24561	-207.4733	32.02844	90.03564	-53.73666	-17.08185	-6.049822	-5.338078	-17.08185	169.395	-56.22775	-31.6726	-4.270463	-6.049822	-6.049822	-17.43772	-4.626335	91.81495	-5.338078	-17.08185	-4.626335	91.81495
14.87	-12.81139	-185.3594	539.7012	161.9218	7.117439	-1889.754	-107.4733	-67.97156	290.0356	-53.73666	-17.08185	-6.049822	-5.338078	-17.08185	-130.605	-156.2278	68.3274	-4.270463	-6.049822	-6.049822	-17.43772	-4.626335	-8.185054	-5.338078	-17.08185	-4.626335	-8.185054
15.15	-12.81139	1414.641	239.7012	261.9218	-92.88256	-588.7544	-307.4733	132.0284	-109.9644	46.26334	-17.08185	-6.049822	-5.338078	82.91815	69.39502	-256.2278	68.3274	-4.270463	-6.049822	-6.049822	-17.43772	-4.626335	-8.185054	-5.338078	82.91815	-4.626335	-8.185054
15.44	-12.81139	2915.641	339.7012	-238.0782	7.117439	-1589.754	292.5267	132.0284	-609.9644	46.26334	82.91815	-6.049822	-5.338078	-17.08185	69.39502	-156.2278	-31.6726	-4.270463	-6.049822	-6.049822	-17.43772	-4.626335	-8.185054	-5.338078	-17.08185	-4.626335	-8.185054
15.72	-12.81139	614.6406	-761.2988	161.9218	-92.88256	-1689.754	-607.4733	-167.9716	-309.9644	-53.73666	-17.08185	-6.049822	-5.338078	-17.08185	-130.605	-56.22775	-31.6726	-4.270463	-6.049822	-6.049822	-17.43772	-4.626335	-8.185054	-5.338078	-17.08185	-4.626335	-8.185054
16.01	-12.81139	-285.3594	-761.2988	-238.0782	-92.88256	-1089.754	192.5267	32.02844	-109.9644	46.26334	-17.08185	-6.049822	-5.338078	-17.08185	169.395	60417.77	-31.6726	-4.270463	-6.049822	-6.049822	-17.43772	-4.626335	-8.185054	-5.338078	-17.08185	-4.626335	-8.185054
16.3	-12.81139	1114.641	-961.2988	-138.0782	7.117439	-588.7544	-207.4733	332.0284	-9.964355	246.2633	-17.08185	-6.049822	-5.338078	-17.08185	-130.605	-356.2278	-31.6726	-4.270463	-6.049822	-6.049822	-17.43772	-4.626335	-8.185054	-5.338078	-17.08185	-4.626335	-8.185054
16.58	-12.81139	414.6406	-2161.299	-338.0782	-92.88256	-1689.754	-307.4733	-167.9716	90.03564	46.26334	82.91815	-6.049822	-5.338078	-17.08185	169.395	-356.2278	-31.6726	-4.270463	-6.049822	-6.049822	82.56228	-4.626335	-8.185054	-5.338078	-17.08185	-4.626335	-8.185054
16.87	87.18861	-685.3594	-660.2988	-38.07825	7.117439	-88.75439	-7.473267	32.02844	-9.964355	246.2633	-17.08185	-6.049822	-5.338078	-17.08185	-130.605	143.7722	-31.6726	-4.270463	-6.049822	-6.049822	-17.43772	-4.626335	-8.185054	-5.338078	-17.08185	-4.626335	-8.185054
17.15	-12.81139	614.6406	-1561.299	-38.07825	7.117439	-889.7544	292.5267	32.02844	-309.9644	-53.73666	82.91815	-6.049822	-5.338078	-17.08185	-130.605	143.7722	-31.6726	-4.270463	-6.049822	-6.049822	82.56228	-4.626335	91.81495	-5.338078	-17.08185	-4.626335	91.81495
17.44	-12.81139	214.6406	-560.2988	-38.07825	-92.88256	-388.7544	-107.4733	32.02844	-309.9644	-53.73666	-17.08185	-6.049822	-5.338078	-17.08185	69.39502	-56.22775	-31.6726	-4.270463	-6.049822	-6.049822	-17.43772	-4.626335	-8.185054	-5.338078	-17.08185	-4.626335	-8.185054
17.72	-12.81139	-85.35938	-861.2988	-238.0782	107.1174	-989.7544	-207.4733	132.0284	-409.9644	-53.73666	-17.08185	93.95018	-5.338078	-17.08185	-30.60498	-156.2278	-31.6726	-4.270463	-6.049822	-6.049822	-17.43772	95.37366	-8.185054	-5.338078	-17.08185	95.37366	-8.185054
18.01	-12.81139	-385.3594	-1461.299	-538.0782	-92.88256	-1089.754	-107.4733	-167.9716	690.0356	146.2633	-17.08185	-6.049822	-5.338078	-17.08185	17175.39	-56.22775	-31.6726	-4.270463	-6.049822	-6.049822	-17.43772	-4.626335	91.81495	-5.338078	-17.08185	-4.626335	91.81495
18.29	87.18861	114.6406	-360.2988	-138.0782	7.117439	-1389.754	692.5267	-167.9716	390.0356	46.26334	-17.08185	-6.049822	-5.338078	-17.08185	169.395	33165.77	68.3274	-4.270463	-6.049822	-6.049822	-17.43772	-4.626335	-8.185054	-5.338078	-17.08185	-4.626335	-8.185054
18.58	-12.81139	614.6406	-761.2988	161.9218	107.1174	-989.7544	-407.4733	132.0284	-409.9644	46.26334	-17.08185	-6.049822	-5.338078	-17.08185	-30.60498	143.7722	-31.6726	-4.270463	-6.049822	-6.049822	-17.43772	-4.626335	-8.185054	-5.338078	-17.08185	-4.626335	-8.185054
18.86	-12.81139	-485.3594	-1261.299	-238.0782	-92.88256	511.2456	-607.4733	32.02844	-609.9644	-53.73666	-17.08185	-6.049822	-5.338078	-17.08185	69.39502	-56.22775	-31.6726	-4.270463	-6.049822	-6.049822	82.56228	-4.626335	-8.185054	-5.338078	-17.08185	-4.626335	-8.185054
19.15	-12.81139	1314.641	-160.2988	61.92175	-92.88256	-1889.754	-307.4733	32.02844	390.0356	-53.73666	-17.08185	-6.049822	-5.338078	-17.08185	69.39502	243.7722	-31.6726	-4.270463	-6.049822	-6.049822	-17.43772	95.37366	-8.185054	-5.338078	-17.08185	95.37366	-8.185054
19.43	-12.81139	-1386.359	-660.2988	461.9218	7.117439	-1389.754	192.5267	-67.97156	-709.9644	-53.73666	-17.08185	-6.049822	-5.338078	-17.08185	-30.60498	-156.2278	-31.6726	-4.270463	-6.049822	-6.049822	-17.43772	95.37366	-8.185054	-5.338078	-17.08185	95.37366	-8.185054
19.72	-12.81139	14.64062	-660.2988	-338.0782	-92.88256	-1089.754	-407.4733	-67.97156	390.0356	146.2633	-17.08185	-6.049822	-5.338078	-17.08185	-30.60498	6244.772	-31.6726	-4.270463	-6.049822	-6.049822	-17.43772	-4.626335	-8.185054	-5.338078	-17.08185	-4.626335	-8.185054
20	-12.81139	-985.3594	-1161.299	-238.0782	7.117439	-1089.754	-207.4733	-367.9716	-609.9644	46.26334	182.9182	-6.049822	-5.338078	-17.08185	-30.60498	-356.2278	-31.6726	-4.270463	-6.049822	-6.049822	-17.43772	-4.626335	-8.185054	-5.338078	-17.08185	-4.626335	-8.185054
20.29	-12.81139	814.6406	-1161.299	261.9218	-92.88256	-2389.754	-307.4733	132.0284	-509.9644	-53.73666	-17.08185	-6.049822	-5.338078	-17.08185	-30.60498	-156.2278	-31.6726	-4.270463	-6.049822	-6.049822	-17.43772	-4.626335	-8.185054	-5.338078	-17.08185	-4.626335	-8.185054
20.57	-12.81139	614.6406	-1061.299	-38.07825	7.117439	-1589.754	-107.4733	332.0284	490.0356	-53.73666	-17.08185	-6.049822	-5.338078	-17.08185	69.39502	-356.2278	-31.6726	-4.270463	-6.049822	-6.049822	-17.43772	-4.626335	-8.185054	-5.338078	-17.08185	-4.626335	-8.185054
20.86	-12.81139	14.64062	339.7012	-38.07825	-92.88256	-789.7544	92.52673	-167.9716	-409.9644	146.2633	82.91815	-6.049822	-5.338078	-17.08185	169.395	-56.22775	-31.6726	-4.270463	193.9502	-6.049822	-17.43772	-4.626335	-8.185054	-5.338078	-17.08185	-4.626335	-8.185054
21.15	-12.81139	714.6406	1239.701	361.9218	107.1174	-1089.754	692.5267	-167.9716	-709.9644	-53.73666	182.9182	-6.049822	-5.338078	-17.08185	-30.60498	-156.2278	68.3274	-4.270463	-6.049822	-6.049822	-17.43772	-4.626335	-8.185054	-5.338078	-17.08185	-4.626335	-8.185054
21.43	-12.81139	514.6406	-260.2988	-38.07825	-92.88256	-488.7544	-407.4733	-367.9716	190.0356	146.2633	-17.08185	-6.049822	-5.338078	-17.08185	-130.605	43.77225	-31.6726	-4.270463	-6.049822	-6.049822	-17.43772	-4.626335	-8.185054	-5.338078	-17.08185	-4.626335	-8.185054
21.72	-12.81139	14.64062	-861.2988	-238.0782	7.117439	-1389.754	-907.4733	-167.9716	690.0356	-53.73666	-17.08185	-6.049822	-5.338078	-17.08185	69.39502	-56.22775	68.3274	-4.270463	-6.049822	-6.049822	-17.43772	-4.626335	-8.185054	-5.338078	-17.08185	-4.626335	-8.185054
22	-12.81139	-285.3594	-761.2988	261.9218	207.1174	-388.7544	-7.473267	-267.9716	-109.9644	-53.73666	-17.08185	-6.049822	-5.338078	-17.08185	-30.60498	43.77225	-31.6726	-4.270463	-6.049822	-6.049822	82.56228	95.37366	-8.185054	-5.338078	-17.08185	95.37366	-8.185054
22.29	87.18861	1414.641	-1861.299	161.9218	-92.88256	211.2456	-207.4733	-67.97156	290.0356	-53.73666	-17.08185	-6.049822	-5.338078	-17.08185	69.39502	-156.2278	-31.6726	-4.270463	-6.049822	-6.049822	-17.43772	-4.626335	-8.185054	-5.338078	-17.08185	-4.626335	-8.185054
22.57	-12.81139	-285.3594	-360.2988	-638.0782	-92.88256	-1489.754	-107.4733	32.02844	-409.9644	-53.73666	-17.08185	-6.049822	-5.338078	-17.08185	-30.60498	-156.2278	-31.6726	-4.270463	-6.049822	93.95018	-17.43772	-4.626335	91.81495	-5.338078	-17.08185	-4.626335	91.81495
22.86	-12.81139	14.64062	-360.2988	-338.0782	-92.88256	-889.7544	192.5267	-67.97156	-509.9644	46.26334	-17.08185	-6.049822	-5.338078	-17.08185	-30.60498	-56.22775	-31.6726	-4.270463	-6.049822	-6.049822	82.56228	-4.626335	-8.185054	-5.338078	-17.08185	-4.626335	-8.185054
23.14	-12.81139	314.6406	339.7012	61.92175	107.1174	311.2456	-507.4733	132.0284	-9.964355	-53.73666	-17.08185	-6.049822	-5.338078	-17.08185	-30.60498	143.7722	-31.6726	-4.270463	-6.049822	-6.049822	82.56228	-4.626335	-8.185054	-5.338078	-17.08185	-4.626335	-8.185054
23.43	-12.81139	-485.3594	-1761.299	461.9218	7.117439	-689.7544	-507.4733	32.02844	-309.9644	-53.73666	82.91815	-6.049822	94.66192	-17.08185	-30.60498	43.77225	-31.6726	-4.270463	93.95018	-6.049822	-17.43772	-4.626335	-8.185054	94.66192	-17.08185	-4.626335	-8.185054
23.71	-12.81139	-185.3594	839.7012	-238.0782	107.1174	-1289.754	-707.4733	32.02844	-409.9644	246.2633	-17.08185	-6.049822	-5.338078	-17.08185	169.395	243.7722	-31.6726	-4.270463	-6.049822	-6.049822	-17.43772	-4.626335	-8.185054	-5.338078	-17.08185	-4.626335	-8.185054
23.99	-12.81139	-1185.359	-60.29883	-238.0782	107.1174	-88.75439	-507.4733	-167.9716	90.03564	-53.73666	-17.08185	-6.049822	-5.338078	-17.08185	-130.605	-356.2278	-31.6726	-4.270463	-6.049822	-6.049822	-17.43772	-4.626335	-8.185054	-5.338078	-17.08185	-4.626335	-8.185054
24.28	-12.81139	1914.641	539.7012	361.9218	-92.88256	-989.7544	92.52673	-267.9716	-109.9644	46.26334	-17.08185	-6.049822	-5.338078	-17.08185	-30.60498	-156.2278	-31.6726	-4.270463	-6.049822	-6.049822	-17.43772	-4.626335	-8.185054	-5.338078	-17.08185	-4.626335	-8.185054
24.57	-12.81139	1614.641	-460.2988	-438.0782	7.117439	-288.7544	-107.4733	-367.9716	-309.9644	46.26334	-17.08185	-6.049822	-5.338078	-17.08185	69.39502	243.7722	-31.6726	95.72954	-6.049822	-6.049822	-17.43772	-4.626335	-8.185054	-5.338078	-17.08185	-4.626335	-8.185054
24.85	87.18861	-85.35938	-961.2988	-238.0782	-92.88256	-889.7544	-407.4733	-67.97156	90.03564	-53.73666	-17.08185	-6.049822	-5.338078	-17.08185	-30.60498	-56.22775	-31.6726	-4.270463	-6.049822	-6.049822	-17.43772	-4.626335	-8.185054	-5.338078	-17.08185	-4.626335	-8.185054
25.14	-12.81139	814.6406	-761.2988	261.9218	207.1174	-1289.754	-707.4733	32.02844	-209.9644	146.2633	-17.08185	-6.049822	-5.338078	-17.08185	369.395	43.77225	-31.6726	-4.270463	-6.049822	-6.049822	-17.43772	-4.626335	-8.185054	-5.338078	-17.08185	-4.626335	-8.185054
25.42	-12.81139	1114.641	539.7012	-38.07825	107.1174	411.2456	292.5267	332.0284	290.0356	-53.73666	82.91815	-6.049822	-5.338078	-17.08185	-30.60498	143.7722	-31.6726	-4.270463	-6.049822	-6.049822	-17.43772	-4.626335	-8.185054	-5.338078	-17.08185	-4.626335	-8.185054
25.7	-12.81139	914.6406	-360.2988	661.9218	-92.88256	-488.7544	-407.4733	32.02844	190.0356	246.2633	-17.08185	-6.049822	-5.338078	82.91815	-30.60498	243.7722	-31.6726	-4.270463	-6.049822	-6.049822	-17.43772	-4.626335	-8.185054	-5.338078	82.91815	-4.626335	-8.185054
25.99	-12.81139	2214.641	-360.2988	-538.0782	107.1174	-1989.754	-407.4733	432.0284	-9.964355	-53.73666	-17.08185	-6.049822	-5.338078	-17.08185	-30.60498	-56.22775	-31.6726	-4.270463	-6.049822	-6.049822	-17.43772	-4.626335	-8.185054	-5.338078	-17.08185	-4.626335	-8.185054
26.28	-12.81139	-285.3594	-660.2988	461.9218	7.117439	-789.7544	-7.473267	132.0284	90.03564	-53.73666	-17.08185	-6.049822	-5.338078	-17.08185	-30.60498	-256.2278	-31.6726	-4.270463	-6.049822	-6.049822	-17.43772	95.37366	-8.185054	-5.338078	-17.08185	95.37366	-8.185054
26.56	-12.81139	-485.3594	-260.2988	-638.0782	-92.88256	-989.7544	692.5267	-267.9716	-409.9644	46.26334	82.91815	-6.049822	-5.338078	-17.08185	-130.605	-56.22775	-31.6726	-4.270463	-6.049822	-6.049822	-17.43772	-4.626335	-8.185054	-5.338078	-17.08185	-4.626335	-8.185054
26.85	-12.81139	-285.3594	-1561.299	-438.0782	7.117439	-1189.754	-707.4733	132.0284	-309.9644	146.2633	-17.08185	-6.049822	-5.338078	-17.08185	69.39502	-156.2278	68.3274	-4.270463	-6.049822	-6.049822	-17.43772	-4.626335	-8.185054	-5.338078	-17.08185	-4.626335	-8.185054
27.13	-12.81139	-185.3594	-560.2988	-138.0782	7.117439	-1189.754	792.5267	32.02844	190.0356	46.26334	-17.08185	-6.049822	-5.338078	-17.08185	-130.605	43.77225	68.3274	-4.270463	-6.049822	-6.049822	-17.43772	-4.626335	-8.185054	-5.338078	-17.08185	-4.626335	-8.185054
27.41	-12.81139	-85.35938	-1061.299	-38.07825	-92.88256	-588.7544	-107.4733	32.02844	-609.9644	46.26334	-17.08185	-6.049822	-5.338078	-17.08185	-30.60498	143.7722	-31.6726	-4.270463	-6.049822	-6.049822	-17.43772	-4.626335	-8.185054	-5.338078	-17.08185	-4.626335	-8.185054
27.7	-12.81139	1814.641	-460.2988	61.92175	7.117439	-1389.754	92.52673	232.0284	190.0356	46.26334	-17.08185	-6.049822	-5.338078	-17.08185	-130.605	-256.2278	68.3274	-4.270463	-6.049822	-6.049822	-17.43772	-4.626335	-8.185054	-5.338078	-17.08185	-4.626335	-8.185054
27.98	-12.81139	1114.641	-460.2988	161.9218	-92.88256	-2489.754	-607.4733	32.02844	790.0356	-53.73666	-17.08185	-6.049822	-5.338078	-17.08185	169.395	243.7722	-31.6726	-4.270463	93.95018	-6.049822	-17.43772	-4.626335	-8.185054	-5.338078	-17.08185	-4.626335	-8.185054
28.27	-12.81139	1714.641	39.70117	61.92175	-92.88256	-1889.754	-507.4733	-167.9716	-309.9644	46.26334	82.91815	-6.049822	-5.338078	-17.08185	-130.605	-156.2278	-31.6726	-4.270463	-6.049822	-6.049822	-17.43772	-4.626335	-8.185054	-5.338078	-17.08185	-4.626335	-8.185054
28.55	-12.81139	114.6406	439.7012	-238.0782	7.117439	-488.7544	392.5267	432.0284	190.0356	-53.73666	-17.08185	193.9502	-5.338078	-17.08185	-130.605	-256.2278	-31.6726	-4.270463	-6.049822	-6.049822	-17.43772	-4.626335	-8.185054	-5.338078	-17.08185	-4.626335	-8.185054
28.84	-12.81139	-1185.359	-60.29883	461.9218	-92.88256	-488.7544	192.5267	232.0284	-309.9644	-53.73666	-17.08185	-6.049822	-5.338078	-17.08185	-130.605	243.7722	-31.6726	-4.270463	-6.049822	-6.049822	-17.43772	-4.626335	-8.185054	-5.338078	-17.08185	-4.626335	-8.185054
29.12	-12.81139	-85.35938	-1361.299	61.92175	7.117439	-1289.754	-307.4733	-167.9716	-509.9644	-53.73666	-17.08185	-6.049822	-5.338078	-17.08185	-130.605	243.7722	-31.6726	-4.270463	-6.049822	-6.049822	-17.43772	-4.626335	-8.185054	-5.338078	-17.08185	-4.626335	-8.185054
29.41	-12.81139	-285.3594	-560.2988	-238.0782	7.117439	-2289.754	-1007.473	332.0284	-509.9644	46.26334	82.91815	-6.049822	94.66192	-17.08185	-130.605	-56.22775	68.3274	-4.270463	-6.049822	93.95018	-17.43772	-4.626335	-8.185054	94.66192	-17.08185	-4.626335	-8.185054
29.69	-12.81139	214.6406	-1161.299	-38.07825	-92.88256	-889.7544	192.5267	32.02844	90.03564	46.26334	-17.08185	-6.049822	-5.338078	-17.08185	-30.60498	443.7722	-31.6726	-4.270463	-6.049822	-6.049822	-17.43772	-4.626335	-8.185054	-5.338078	-17.08185	-4.626335	-8.185054
29.98	-12.81139	314.6406	-861.2988	361.9218	-92.88256	-2089.754	-707.4733	-67.97156	-409.9644	-53.73666	-17.08185	-6.049822	-5.338078	-17.08185	-130.605	43.77225	68.3274	-4.270463	-6.049822	-6.049822	-17.43772	-4.626335	-8.185054	-5.338078	-17.08185	-4.626335	-8.185054
30.27	-12.81139	14.64062	-961.2988	161.9218	-92.88256	-2889.754	-607.4733	232.0284	-509.9644	46.26334	-17.08185	-6.049822	-5.338078	-17.08185	69.39502	-156.2278	-31.6726	-4.270463	-6.049822	-6.049822	-17.43772	-4.626335	-8.185054	-5.338078	-17.08185	-4.626335	-8.185054
30.55	-12.81139	1414.641	-260.2988	-138.0782	107.1174	-2189.754	-807.4733	32.02844	90.03564	46.26334	-17.08185	-6.049822	94.66192	-17.08185	-30.60498	-156.2278	-31.6726	-4.270463	-6.049822	-6.049822	-17.43772	95.37366	-8.185054	94.66192	-17.08185	95.37366	-8.185054
30.83	87.18861	614.6406	-260.2988	61.92175	7.117439	-1689.754	-307.4733	-367.9716	390.0356	-53.73666	-17.08185	-6.049822	-5.338078	-17.08185	-130.605	43.77225	-31.6726	-4.270463	-6.049822	-6.049822	-17.43772	-4.626335	-8.185054	-5.338078	-17.08185	-4.626335	-8.185054
31.12	-12.81139	-785.3594	-1461.299	-38.07825	-92.88256	-1389.754	-607.4733	132.0284	-209.9644	46.26334	-17.08185	-6.049822	-5.338078	-17.08185	169.395	-156.2278	-31.6726	-4.270463	-6.049822	-6.049822	-17.43772	-4.626335	-8.185054	-5.338078	-17.08185	-4.626335	-8.185054
31.4	-12.81139	514.6406	739.7012	-38.07825	7.117439	-1489.754	-107.4733	-467.9716	690.0356	-53.73666	-17.08185	-6.049822	-5.338078	-17.08185	3369.395	143.7722	-31.6726	95.72954	-6.049822	-6.049822	-17.43772	-4.626335	-8.185054	-5.338078	-17.08185	-4.626335	-8.185054
31.69	-12.81139	214.6406	-1261.299	-338.0782	-92.88256	-889.7544	292.5267	-167.9716	-209.9644	46.26334	-17.08185	-6.049822	-5.338078	-17.08185	-30.60498	43.77225	-31.6726	-4.270463	-6.049822	-6.049822	-17.43772	-4.626335	-8.185054	-5.338078	-17.08185	-4.626335	-8.185054
31.97	187.1886	72036.64	-1361.299	261.9218	107.1174	811.2456	11896.53	-267.9716	90.03564	46.26334	-17.08185	-6.049822	-5.338078	-17.08185	39801.39	116917.8	68.3274	-4.270463	693.9502	293.9502	-17.43772	-4.626335	91.81495	-5.338078	-17.08185	-4.626335	91.81495
32.26	187.1886	1802468	-1561.299	361.9218	507.1174	26230.25	119386.5	-467.9716	-609.9644	1046.263	1282.918	293.9502	-5.338078	-17.08185	94548.4	233532.8	-31.6726	-4.270463	193.9502	93.95018	682.5623	-4.626335	191.8149	-5.338078	-17.08185	-4.626335	191.8149
32.54	187.1886	4603330	-1861.299	161.9218	607.1174	54984.25	233697.5	332.0284	90.03564	2746.263	3882.918	793.9502	-5.338078	-17.08185	106898.4	311072.8	-31.6726	195.7295	893.9502	193.9502	782.5623	95.37366	391.8149	-5.338078	-17.08185	95.37366	391.8149
32.83	187.1886		-60.29883	961.9218	1207.117	70927.24	317824.5	-167.9716	190.0356	4646.263	4582.918	693.9502	-5.338078	182.9182	183642.4	433984.8	68.3274	95.72954	-6.049822	93.95018	1182.562	-4.626335	191.8149	-5.338078	182.9182	-4.626335	191.8149
33.11	187.1886		1139.701	1161.922	807.1174	82766.24	348430.5	-67.97156	-209.9644	3546.263	5483.918	993.9502	94.66192	82.91815	242137.4	695597.8	-31.6726	95.72954	493.9502	93.95018	882.5623	95.37366	391.8149	94.66192	82.91815	95.37366	391.8149
33.4	87.18861		2239.701	461.9218	907.1174	83669.24	373083.5	332.0284	790.0356	4146.263	6283.918	793.9502	-5.338078	-17.08185	367959.4	1015471	-31.6726	195.7295	493.9502	93.95018	882.5623	95.37366	491.8149	-5.338078	-17.08185	95.37366	491.8149
33.68	387.1886		1739.701	661.9218	407.1174	93306.24	385470.5	-367.9716	90.03564	4046.263	5883.918	793.9502	-5.338078	182.9182	571122.4	1655205	-31.6726	295.7295	393.9502	193.9502	882.5623	295.3737	291.8149	-5.338078	182.9182	295.3737	291.8149
33.97	387.1886		3140.701	961.9218	607.1174	93707.24	459511.5	332.0284	590.0356	3946.263	6883.918	1093.95	-5.338078	-17.08185	7396020	1.975877e+07	68.3274	595.7296	393.9502	693.9502	3382.562	95.37366	591.8149	-5.338078	-17.08185	95.37366	591.8149
34.26	2487.189		2839.701	9063.922	4107.118	101539.2	491310.5	232.0284	990.0356	5547.263	15787.92	593.9502	-5.338078	382.9182	2.22066e+07	6.004171e+07	168.3274	895.7296	1193.95	1193.95	4882.562	-4.626335	1191.815	-5.338078	382.9182	-4.626335	1191.815
34.54	1087.189		1539.701	10764.92	7508.118	78050.24	403960.5	932.0284	390.0356	5247.263	21691.92	1093.95	-5.338078	382.9182	3.961665e+07	1.026926e+08	768.3274	1695.729	193.9502	3793.95	6583.562	-4.626335	591.8149	-5.338078	382.9182	-4.626335	591.8149
34.83	3387.189		39.70117	17468.92	10709.12	79956.24	328765.5	1732.028	1890.036	7047.263	30801.92	893.9502	-5.338078	482.9182	6.391125e+07	1.722194e+08	268.3274	4095.729	493.9502	6294.95	6483.562	-4.626335	691.8149	-5.338078	482.9182	-4.626335	691.8149
35.11	3487.189		1739.701	20070.92	13811.12	52377.25	268749.5	2032.028	3090.036	5947.263	49130.92	693.9502	-5.338078	1282.918	9.353735e+07	2.383194e+08	468.3274	3995.729	593.9502	7294.95	9184.562	195.3737	391.8149	-5.338078	1282.918	195.3737	391.8149
35.4	3287.189	4296816	1139.701	23573.92	17513.12	42757.25	205751.5	1932.028	2590.036	5947.263	52136.92	393.9502	-5.338078	682.9182	9.478256e+07	2.363163e+08	368.3274	3895.729	193.9502	7094.95	8483.562	95.37366	591.8149	-5.338078	682.9182	95.37366	591.8149
35.69	3787.189	3239028	2339.701	26776.92	22617.12	37447.25	186197.5	1932.028	4491.036	6947.263	51535.92	993.9502	-5.338078	1382.918	1.074911e+08	3.064316e+08	468.3274	3395.729	393.9502	7494.95	9584.562	-4.626335	491.8149	-5.338078	1382.918	-4.626335	491.8149
35.97	3987.189	2829976	2539.701	27577.92	18414.12	27632.25	149549.5	1832.028	1890.036	6747.263	45724.92	293.9502	-5.338078	382.9182	9.799894e+07	2.503386e+08	568.3274	2395.729	293.9502	7894.95	9184.562	-4.626335	491.8149	-5.338078	382.9182	-4.626335	491.8149
36.26	3587.189	2525548	2239.701	44002.92	15212.12	26230.25	127325.5	1732.028	4091.036	8648.264	44522.92	293.9502	-5.338078	1582.918	1.114172e+08	2.803876e+08	468.3274	2195.729	393.9502	11296.95	9984.562	-4.626335	1291.815	-5.338078	1582.918	-4.626335	1291.815
36.54	2287.189	2023400	4040.701	68157.92	9209.117	23727.25	115065.5	2032.028	4891.036	11849.26	48529.92	293.9502	-5.338078	1782.918	1.177663e+08	3.004214e+08	568.3274	2295.729	93.95018	14197.95	9284.562	-4.626335	1691.815	-5.338078	1782.918	-4.626335	1691.815
36.83	2187.189	1758057	5541.701	92536.92	6508.118	20524.25	112654.5	2732.028	4291.036	16351.26	56245.92	93.95018	94.66192	2182.918	1.321954e+08	3.545164e+08	3268.327	1395.729	793.9502	21402.95	11185.56	-4.626335	2191.815	94.66192	2182.918	-4.626335	2191.815
37.11	1487.189	1523962	2940.701	99663.92	5908.118	18522.25	103112.5	2532.028	3090.036	17852.26	49731.92	393.9502	94.66192	2182.918	1.223458e+08	2.904044e+08	2368.327	1395.729	493.9502	22303.95	10184.56	-4.626335	2691.815	94.66192	2182.918	-4.626335	2691.815
37.4	1187.189	1185043	3640.701	106190.9	5108.118	13417.25	111850.5	2532.028	2690.036	19253.26	48830.92	193.9502	-5.338078	3182.918	1.234112e+08	3.024248e+08	3568.327	2295.729	293.9502	30812.95	10584.56	-4.626335	2991.815	-5.338078	3182.918	-4.626335	2991.815
37.69	1887.189	1265674	4140.701	112719.9	4107.118	10215.25	88555.52	2332.028	4491.036	22756.26	51335.92	93.95018	-5.338078	1882.918	1.228858e+08	2.863977e+08	3668.327	1895.729	93.95018	42930.95	12285.56	-4.626335	3491.815	-5.338078	1882.918	-4.626335	3491.815
37.97	1587.189	921831.6	4040.701	124274.9	3107.117	8614.246	99397.52	3432.028	3491.036	26360.26	52237.92	93.95018	-5.338078	2882.918	1.249005e+08	3.264664e+08	3268.327	1995.729	93.95018	54152.95	11185.56	-4.626335	4091.815	-5.338078	2882.918	-4.626335	4091.815
38.26	1087.189	861314.6	1839.701	125279.9	2007.117	10215.25	82133.52	2632.028	3390.036	26660.26	60255.92	393.9502	-5.338078	3082.918	1.318588e+08	3.384877e+08	4868.328	1995.729	293.9502	71395.95	8984.562	-4.626335	4691.815	-5.338078	3082.918	-4.626335	4691.815
38.55	487.1886	737622.6	4140.701	133623.9	2207.117	9214.246	78822.52	3032.028	3090.036	30565.26	59553.92	93.95018	-5.338078	3282.918	1.30001e+08	3.204559e+08	4268.328	2395.729	93.95018	81927.95	11185.56	-4.626335	5592.815	-5.338078	3282.918	-4.626335	5592.815
38.83	387.1886	694194.6	3540.701	135835.9	1907.117	10215.25	91667.52	3432.028	4291.036	34169.26	67072.92	193.9502	94.66192	3982.918	1.338786e+08	3.865756e+08	4768.328	2195.729	93.95018	101700	11385.56	-4.626335	5292.815	94.66192	3982.918	-4.626335	5292.815
39.12	587.1886	551673.6	5441.701	141466.9	1607.117	5913.246	70396.52	1732.028	3991.036	34670.26	63162.92	-6.049822	-5.338078	2182.918	1.309517e+08	3.444984e+08	5669.328	1695.729	93.95018	99491.95	10184.56	-4.626335	4591.815	-5.338078	2182.918	-4.626335	4591.815
39.4	787.1886	519895.6	2239.701	145791.9	1007.117	5412.246	69093.52	3132.028	5191.036	31566.26	64164.92	293.9502	-5.338078	2082.918	1.393584e+08	3.645347e+08	4868.328	2695.729	-6.049822	117168	14386.56	-4.626335	6592.815	-5.338078	2082.918	-4.626335	6592.815
39.69	187.1886	411578.6	2639.701	160582.9	807.1174	5513.246	70296.52	2232.028	3991.036	39577.26	72988.92	393.9502	-5.338078	2982.918	1.40649e+08	3.605274e+08	3968.327	2995.729	293.9502	124704	11084.56	-4.626335	5992.815	-5.338078	2982.918	-4.626335	5992.815
39.97	687.1886	347804.6	3840.701	160783.9	707.1174	3212.246	65082.53	2832.028	4391.036	37574.26	75696.92	-6.049822	-5.338078	3082.918	1.429233e+08	3.545164e+08	6569.328	2795.729	93.95018	130836	10484.56	-4.626335	6092.815	-5.338078	3082.918	-4.626335	6092.815
40.26	487.1886	307876.6	4940.701	159273.9	307.1174	2611.246	64480.53	2532.028	3991.036	38676.26	67974.92	293.9502	-5.338078	3282.918	1.362365e+08	3.184524e+08	5969.328	3595.729	-6.049822	133952	8984.562	-4.626335	5792.815	-5.338078	3282.918	-4.626335	5792.815
40.55	787.1886	307066.6	5040.701	159273.9	407.1174	4212.246	68591.52	3132.028	4591.036	39377.26	71885.92	693.9502	-5.338078	3182.918	1.442738e+08	3.665384e+08	4668.328	3095.729	193.9502	157187	9984.562	-4.626335	5692.815	-5.338078	3182.918	-4.626335	5692.815
40.83	787.1886	353688.6	4640.701	164407.9	507.1174	4512.246	71098.52	2832.028	5091.036	42282.26	74092.92	493.9502	-5.338078	3082.918	1.374674e+08	3.82568e+08	7369.328	2595.729	193.9502	158394	11585.56	-4.626335	6092.815	-5.338078	3082.918	-4.626335	6092.815
41.12	1387.189	242142.6	3040.701	166420.9	807.1174	4412.246	80528.52	2432.028	3891.036	44185.26	74493.92	593.9502	-5.338078	2882.918	1.431637e+08	3.985982e+08	5869.328	3695.729	93.95018	153765	8583.562	-4.626335	6292.815	-5.338078	2882.918	-4.626335	6292.815
41.41	1187.189	241637.6	3040.701	166823.9	1807.117	3012.246	72302.52	1832.028	2790.036	44486.26	73490.92	1493.95	-5.338078	3282.918	1.322539e+08	3.565201e+08	6069.328	3295.729	-6.049822	150647	10184.56	-4.626335	5692.815	-5.338078	3282.918	-4.626335	5692.815
41.69	2587.189	230631.6	3840.701	161588.9	2607.117	4912.246	70697.52	1732.028	4991.036	38476.26	73289.92	1993.95	-5.338078	2282.918	1.40737e+08	3.665384e+08	5669.328	4595.729	-6.049822	154772	11685.56	-4.626335	7292.815	-5.338078	2282.918	-4.626335	7292.815
41.98	4787.188	196735.6	3340.701	165111.9	4507.118	3012.246	77919.52	1632.028	3691.036	43484.26	73991.92	3093.95	-5.338078	2282.918	1.389625e+08	3.204559e+08	3468.327	3795.729	93.95018	168560	11785.56	-4.626335	7192.815	-5.338078	2282.918	-4.626335	7192.815
42.26	7488.188	249213.6	3940.701	143075.9	7408.118	3812.246	62776.53	2732.028	4891.036	34069.26	70882.92	1893.95	-5.338078	1182.918	1.335566e+08	3.204559e+08	4468.328	2895.729	193.9502	204931	9984.562	-4.626335	3891.815	-5.338078	1182.918	-4.626335	3891.815
42.55	9589.188	122947.6	4240.701	139957.9	11910.12	2711.246	62575.53	1732.028	3390.036	31366.26	75295.92	3093.95	-5.338078	2482.918	1.302642e+08	3.525128e+08	3568.327	2795.729	293.9502	274593.9	10084.56	-4.626335	5692.815	-5.338078	2482.918	-4.626335	5692.815
42.84	12890.19	125460.6	3240.701	124274.9	18014.12	1811.246	52451.53	2932.028	4091.036	29263.26	75496.92	3893.95	-5.338078	2382.918	1.44964e+08	3.665384e+08	4068.327	3395.729	693.9502	383817.9	11185.56	95.37366	4691.815	-5.338078	2382.918	95.37366	4691.815
43.12	12790.19	112595.6	4740.701	106793.9	23218.12	1811.246	59467.53	3532.028	4191.036	27661.26	70281.92	3593.95	-5.338078	1782.918	1.212888e+08	3.485056e+08	2468.327	2395.729	193.9502	413586.9	10584.56	-4.626335	5592.815	-5.338078	1782.918	-4.626335	5592.815
43.41	13491.19	94014.64	3040.701	84005.92	20415.12	3312.246	48743.53	3132.028	5591.036	25559.26	65067.92	3493.95	-5.338078	2682.918	1.272546e+08	3.444984e+08	3468.327	3695.729	-6.049822	447971.9	13386.56	-4.626335	4691.815	-5.338078	2682.918	-4.626335	4691.815
43.69	12490.19	73942.64	2339.701	71466.92	15512.12	2211.246	43333.53	3232.028	2690.036	28963.26	63964.92	4593.95	-5.338078	2682.918	1.287288e+08	3.304735e+08	2968.327	2195.729	-6.049822	445833.9	12285.56	-4.626335	4691.815	-5.338078	2682.918	-4.626335	4691.815
43.98	13291.19	58698.64	3640.701	74375.92	14411.12	2511.246	48944.53	2132.028	2590.036	34270.26	60856.92	2693.95	-5.338078	2482.918	1.309225e+08	3.46502e+08	3468.327	1995.729	493.9502	442576.9	10884.56	-4.626335	5392.815	-5.338078	2482.918	-4.626335	5392.815
44.27	10889.19	71935.64	2239.701	79089.92	13411.12	1411.246	46539.53	2632.028	3390.036	39778.26	62861.92	3293.95	-5.338078	3682.918	1.313321e+08	3.505092e+08	3068.327	2095.729	193.9502	384325.9	11585.56	-4.626335	6092.815	-5.338078	3682.918	-4.626335	6092.815
44.55	12390.19	52582.64	2239.701	97555.92	9909.117	711.2456	48944.53	2432.028	5091.036	39377.26	69579.92	2893.95	-5.338078	3882.918	1.368666e+08	3.865756e+08	2268.327	2995.729	93.95018	343639.9	11185.56	-4.626335	6192.815	-5.338078	3882.918	-4.626335	6192.815
44.84	16092.19	54186.64	4140.701	122566.9	9509.117	111.2456	48042.53	2832.028	3090.036	45287.26	68977.92	2493.95	-5.338078	3982.918	1.32532e+08	3.485056e+08	2568.327	5296.729	93.95018	298464.9	10184.56	-4.626335	8092.815	-5.338078	3982.918	-4.626335	8092.815
45.13	22697.19	45467.64	5040.701	125681.9	8208.117	911.2456	48342.53	2232.028	3991.036	43384.26	73490.92	3393.95	-5.338078	3682.918	1.391864e+08	3.805643e+08	2668.327	3195.729	-6.049822	280559.9	11185.56	-4.626335	7292.815	-5.338078	3682.918	-4.626335	7292.815
45.41	29004.19	45767.64	3040.701	129501.9	10009.12	111.2456	42131.53	2032.028	3791.036	46489.26	70281.92	3693.95	-5.338078	5783.918	1.378924e+08	3.985982e+08	3168.327	3595.729	-6.049822	276211.9	11185.56	-4.626335	6492.815	-5.338078	5783.918	-4.626335	6492.815
45.7	27602.19	36951.64	1739.701	116135.9	10209.12	411.2456	36221.53	3332.028	1890.036	38376.26	64966.92	2493.95	-5.338078	3882.918	1.340982e+08	3.605274e+08	2768.327	2895.729	193.9502	254180	12885.56	-4.626335	6692.815	-5.338078	3882.918	-4.626335	6692.815
45.98	30606.19	47972.64	3640.701	96551.92	9609.117	711.2456	37924.53	2532.028	4691.036	36573.26	65768.92	1693.95	-5.338078	3982.918	1.47141e+08	3.885793e+08	2868.327	2495.729	193.9502	215216	10284.56	-4.626335	4291.815	-5.338078	3982.918	-4.626335	4291.815
46.27	31106.19	30340.64	3540.701	74575.92	9409.117	811.2456	39025.53	2632.028	4691.036	31466.26	56947.92	1893.95	94.66192	3582.918	1.365149e+08	3.304735e+08	4768.328	2195.729	-6.049822	182760	9984.562	95.37366	4491.815	94.66192	3582.918	95.37366	4491.815
46.56	25800.19	26735.64	3140.701	64146.92	6908.118	511.2456	34018.53	1632.028	4691.036	28362.26	54441.92	1193.95	-5.338078	2982.918	1.345082e+08	4.226444e+08	6269.328	2295.729	-6.049822	163326	9884.562	-4.626335	5392.815	-5.338078	2982.918	-4.626335	5392.815
46.84	27702.19	24031.64	4140.701	59234.92	9609.117	-1289.754	38825.53	3232.028	2990.036	27061.26	53138.92	493.9502	-5.338078	3382.918	1.384201e+08	4.106212e+08	4468.328	1195.729	93.95018	143706	10584.56	-4.626335	4391.815	-5.338078	3382.918	-4.626335	4391.815
47.13	25200.19	28938.64	2239.701	57830.92	12910.12	-1089.754	36121.53	2032.028	3190.036	28462.26	53339.92	693.9502	-5.338078	3882.918	1.325173e+08	3.444984e+08	4868.328	1895.729	-6.049822	126312	9784.562	95.37366	3691.815	-5.338078	3882.918	95.37366	3691.815
47.41	25400.19	27436.64	2539.701	49913.92	12710.12	-288.7544	39426.53	2432.028	3891.036	25359.26	55945.92	593.9502	-5.338078	3082.918	1.332204e+08	4.466919e+08	6169.328	1795.729	-6.049822	107926	12085.56	-4.626335	4291.815	-5.338078	3082.918	-4.626335	4291.815
47.7	31707.19	24332.64	4540.701	52619.92	29925.12	-689.7544	36421.53	2932.028	2290.036	25159.26	57348.92	693.9502	-5.338078	2882.918	1.332204e+08	3.545164e+08	3068.327	895.7296	93.95018	85138.95	9284.562	-4.626335	2691.815	-5.338078	2882.918	-4.626335	2691.815
47.99	34511.19	27436.64	2439.701	50915.92	58576.12	911.2456	39025.53	2432.028	3390.036	24458.26	54742.92	693.9502	-5.338078	3082.918	1.298255e+08	3.344805e+08	4668.328	1795.729	-6.049822	74103.95	8784.562	-4.626335	4191.815	-5.338078	3082.918	-4.626335	4191.815
48.27	42723.19	20628.64	4940.701	54723.92	93883.12	-989.7544	35820.53	2632.028	4391.036	26860.26	61658.92	393.9502	-5.338078	2782.918	1.339518e+08	3.485056e+08	4368.328	2095.729	293.9502	69891.95	9784.562	-4.626335	3391.815	-5.338078	2782.918	-4.626335	3391.815
48.56	46831.19	17424.64	1639.701	59534.92	132357.1	-889.7544	37122.53	2332.028	4491.036	28462.26	71183.92	593.9502	-5.338078	1782.918	1.340543e+08	4.186367e+08	3268.327	1995.729	-6.049822	65980.95	9984.562	-4.626335	2791.815	-5.338078	1782.918	-4.626335	2791.815
48.84	59257.19	24632.64	2239.701	61840.92	171997.1	-689.7544	36121.53	2632.028	4291.036	27761.26	71885.92	1793.95	-5.338078	2582.918	1.464916e+08	4.046097e+08	3068.327	2795.729	193.9502	64175.95	12085.56	-4.626335	2791.815	-5.338078	2582.918	-4.626335	2791.815
49.13	72191.19	23731.64	1539.701	66251.92	185695.1	-1089.754	30112.53	3032.028	4791.036	28162.26	69579.92	993.9502	-5.338078	2182.918	1.425123e+08	3.525128e+08	2968.327	3895.729	93.95018	63072.95	11285.56	-4.626335	3091.815	-5.338078	2182.918	-4.626335	3091.815
49.41	71489.19	22930.64	3340.701	60637.92	177939.1	711.2456	34619.53	1732.028	2590.036	25659.26	68075.92	1393.95	-5.338078	1682.918	1.212888e+08	3.384877e+08	2168.327	1995.729	-6.049822	56457.95	9784.562	-4.626335	2891.815	-5.338078	1682.918	-4.626335	2891.815
49.7	69885.19	25633.64	3440.701	63544.92	198089.1	-689.7544	32716.53	2532.028	3491.036	22756.26	70080.92	1693.95	-5.338078	1682.918	1.341275e+08	3.805643e+08	3268.327	2295.729	93.95018	51546.95	10584.56	-4.626335	1891.815	-5.338078	1682.918	-4.626335	1891.815
49.99	87038.19	26234.64	2539.701	57930.92	207969.1	-1589.754	36421.53	1932.028	3390.036	20154.26	79207.92	1093.95	-5.338078	1882.918	1.438481e+08	4.326641e+08	3268.327	3195.729	93.95018	47338.95	12685.56	95.37366	2191.815	-5.338078	1882.918	95.37366	2191.815
50.27	84730.19	20027.64	2239.701	65048.92	209179.1	-588.7544	26308.53	2432.028	4291.036	17352.26	75195.92	1993.95	-5.338078	1682.918	1.359143e+08	3.485056e+08	4568.328	2395.729	-6.049822	48240.95	10484.56	-4.626335	1791.815	-5.338078	1682.918	-4.626335	1791.815
50.56	78009.19	19226.64	3640.701	58231.92	201819.1	511.2456	26608.53	2932.028	3591.036	14951.26	70782.92	3193.95	-5.338078	1182.918	1.451256e+08	3.745531e+08	2068.327	2995.729	293.9502	58762.95	11285.56	-4.626335	3191.815	-5.338078	1182.918	-4.626335	3191.815
50.84	113544.2	23231.64	2539.701	55324.92	319740.1	-288.7544	24106.53	3332.028	3190.036	15851.26	80110.92	4593.95	-5.338078	1282.918	1.292432e+08	3.565201e+08	3068.327	3095.729	193.9502	49943.95	11385.56	-4.626335	3391.815	-5.338078	1282.918	-4.626335	3391.815
51.13	97878.19	13721.64	3040.701	48410.92	357344.1	311.2456	20202.53	2632.028	2390.036	15851.26	76298.92	5494.95	-5.338078	782.9182	1.381709e+08	3.945906e+08	3068.327	2395.729	893.9502	62872.95	14686.56	-4.626335	2591.815	-5.338078	782.9182	-4.626335	2591.815
51.42	128316.2	19226.64	2739.701	49211.92	552753.1	711.2456	21603.53	3332.028	3290.036	16051.26	90947.92	8594.95	-5.338078	1282.918	1.392851e+08	3.144455e+08	4068.327	3195.729	193.9502	55154.95	11785.56	-4.626335	3891.815	-5.338078	1282.918	-4.626335	3891.815
51.7	149734.2	14922.64	2940.701	51817.92	651899.1	911.2456	19001.53	3432.028	2690.036	16251.26	83421.92	14297.95	-5.338078	682.9182	1.316393e+08	3.144455e+08	4168.328	4095.729	793.9502	59865.95	12585.56	-4.626335	5192.815	-5.338078	682.9182	-4.626335	5192.815
51.99	150438.2	14822.64	4540.701	54823.92	694319.1	611.2456	23505.53	3232.028	3190.036	21355.26	98676.92	20702.95	-5.338078	982.9182	1.432755e+08	4.106212e+08	4468.328	4895.729	1393.95	86442.95	11485.56	-4.626335	5292.815	-5.338078	982.9182	-4.626335	5292.815
52.28	150036.2	15423.64	4240.701	55124.92	672022.1	811.2456	15798.53	2332.028	5291.036	19253.26	95263.92	24205.95	-5.338078	1482.918	1.359289e+08	3.2847e+08	2968.327	4895.729	793.9502	116766	8283.562	95.37366	5792.815	-5.338078	1482.918	95.37366	5792.815
52.56	130627.2	18325.64	4240.701	48510.92	618056.1	2611.246	25307.53	3132.028	2190.036	20755.26	75195.92	23204.95	-5.338078	582.9182	1.196324e+08	3.264664e+08	1968.327	2895.729	993.9502	161112	6383.562	-4.626335	3491.815	-5.338078	582.9182	-4.626335	3491.815
52.85	114850.2	44064.64	2940.701	45204.92	519246.1	3312.246	16399.53	1932.028	2590.036	21055.26	70882.92	19901.95	-5.338078	682.9182	1.044404e+08	3.104385e+08	1968.327	2995.729	1493.95	183062	5783.562	-4.626335	3891.815	-5.338078	682.9182	-4.626335	3891.815
53.13	92458.19	23631.64	1639.701	39694.92	431704.1	4512.246	14097.53	1332.028	2290.036	17952.26	57248.92	14897.95	-5.338078	1482.918	9.429021e+07	2.503386e+08	1568.327	2195.729	1593.95	205031	5283.562	-4.626335	4091.815	-5.338078	1482.918	-4.626335	4091.815
53.42	84831.19	31542.64	1639.701	40796.92	387590.1	5312.246	12996.53	1532.028	2990.036	19454.26	53539.92	13697.95	-5.338078	1182.918	8.782365e+07	2.483354e+08	1868.327	2395.729	393.9502	171581	5083.562	95.37366	3091.815	-5.338078	1182.918	95.37366	3091.815
53.71	86436.19	32343.64	1439.701	43701.92	383833.1	5012.246	15698.53	2032.028	1490.036	25259.26	57949.92	7294.95	-5.338078	1082.918	1.009426e+08	2.62358e+08	1568.327	2295.729	593.9502	156583	9484.562	95.37366	4391.815	-5.338078	1082.918	95.37366	4391.815
53.99	81720.19	22530.64	2839.701	56026.92	347912.1	3212.246	19701.53	1832.028	2790.036	31266.26	57248.92	5894.95	-5.338078	1182.918	1.000288e+08	2.603547e+08	2268.327	2595.729	193.9502	147126	7883.562	-4.626335	3691.815	-5.338078	1182.918	-4.626335	3691.815
54.28	77306.19	22730.64	2940.701	60136.92	300200.1	4612.246	22104.53	2432.028	3991.036	32768.26	64164.92	7394.95	-5.338078	1482.918	1.108062e+08	2.884011e+08	2868.327	2395.729	493.9502	146422	9084.562	95.37366	5292.815	-5.338078	1482.918	95.37366	5292.815
54.56	82623.19	19126.64	3240.701	66151.92	306475.1	111.2456	22704.53	2332.028	3691.036	38776.26	72186.92	5394.95	-5.338078	1382.918	1.135857e+08	3.144455e+08	1968.327	2595.729	293.9502	147830	9484.562	295.3737	5192.815	-5.338078	1382.918	295.3737	5192.815
54.85	92157.19	18025.64	1039.701	64948.92	298985.1	1411.246	21903.53	2432.028	2690.036	36373.26	72888.92	3693.95	-5.338078	2382.918	1.172562e+08	2.82391e+08	2468.327	1295.729	393.9502	132444	6783.562	-4.626335	4091.815	-5.338078	2382.918	-4.626335	4091.815
55.14	97878.19	17424.64	1439.701	66352.92	319436.1	3612.246	21903.53	1332.028	3891.036	32768.26	74994.92	5194.95	-5.338078	2082.918	1.217183e+08	3.424948e+08	2968.327	2395.729	393.9502	121488	12585.56	195.3737	4591.815	-5.338078	2082.918	195.3737	4591.815
55.42	114348.2	16223.64	5140.701	56828.92	311639.1	411.2456	22204.53	2932.028	3791.036	31266.26	93055.92	5394.95	-5.338078	1782.918	1.302789e+08	3.46502e+08	2768.327	3295.729	493.9502	118876	10584.56	95.37366	6392.815	-5.338078	1782.918	95.37366	6392.815
55.71	112942.2	24732.64	2239.701	50614.92	301111.1	911.2456	26008.53	1932.028	2390.036	25859.26	90345.92	4293.95	-5.338078	1082.918	1.341861e+08	3.605274e+08	2868.327	2095.729	893.9502	116264	9784.562	-4.626335	5792.815	-5.338078	1082.918	-4.626335	5792.815
55.99	119371.2	37151.64	2940.701	46707.92	276832.1	911.2456	23505.53	3432.028	2890.036	25259.26	90144.92	5794.95	-5.338078	2482.918	1.274572e+08	3.46502e+08	3068.327	3095.729	393.9502	141694	10684.56	95.37366	4991.815	-5.338078	2482.918	95.37366	4991.815
56.28	129823.2	40757.64	3640.701	39294.92	247527.1	1811.246	24906.53	2632.028	2690.036	21155.26	92653.92	7594.95	-5.338078	1482.918	1.297962e+08	3.545164e+08	3668.327	2595.729	393.9502	242868	9084.562	-4.626335	5992.815	-5.338078	1482.918	-4.626335	5992.815
56.57	126707.2	45166.64	3440.701	34586.92	226328.1	2311.246	27309.53	2632.028	3491.036	20154.26	95364.92	9395.95	-5.338078	1982.918	1.362952e+08	3.424948e+08	3968.327	3095.729	893.9502	531994.9	10484.56	-4.626335	7192.815	-5.338078	1982.918	-4.626335	7192.815
56.85	130829.2	53685.64	3040.701	36089.92	197888.1	611.2456	23105.53	2332.028	4491.036	15751.26	103395.9	17099.95	-5.338078	2082.918	1.35548e+08	3.565201e+08	4068.327	3795.729	1493.95	840591.9	10484.56	-4.626335	9593.815	-5.338078	2082.918	-4.626335	9593.815
57.14	138268.2	40156.64	4640.701	37290.92	177737.1	1511.246	25607.53	2432.028	3290.036	19554.26	103496.9	30812.95	-5.338078	1782.918	1.41089e+08	3.885793e+08	4068.327	3895.729	3093.95	1277522	10084.56	195.3737	11794.82	-5.338078	1782.918	195.3737	11794.82
57.42	145308.2	56592.64	1539.701	36289.92	151666.1	3612.246	24106.53	2432.028	4991.036	18053.26	102191.9	39825.95	-5.338078	1082.918	1.370864e+08	4.126251e+08	4568.328	3395.729	2393.95	1473686	10484.56	95.37366	10893.82	-5.338078	1082.918	95.37366	10893.82
57.71	129823.2	30941.64	2539.701	33385.92	135675.1	4312.246	22904.53	1232.028	2890.036	16251.26	94761.92	39023.95	-5.338078	1282.918	1.362805e+08	3.384877e+08	3668.327	4195.729	2593.95	1577971	10784.56	95.37366	11994.82	-5.338078	1282.918	95.37366	11994.82
58	125300.2	38052.64	3440.701	35588.92	112158.1	3612.246	24005.53	2032.028	3190.036	14550.26	91248.92	41227.95	94.66192	1982.918	1.378484e+08	3.925868e+08	3968.327	3095.729	2693.95	1501468	12785.56	95.37366	13094.82	94.66192	1982.918	95.37366	13094.82
58.28	122788.2	52582.64	3940.701	34486.92	96594.12	6313.246	32716.53	2632.028	2790.036	14250.26	97572.92	36720.95	-5.338078	3182.918	1.31771e+08	3.485056e+08	3368.327	2595.729	1793.95	1335434	9084.562	-4.626335	11494.82	-5.338078	3182.918	-4.626335	11494.82
58.57	102396.2	60202.64	2339.701	34086.92	88664.12	5212.246	37323.53	3232.028	3891.036	18253.26	87836.92	28309.95	-5.338078	2882.918	1.25266e+08	3.705457e+08	2768.327	2195.729	1193.95	1117839	10784.56	-4.626335	10293.82	-5.338078	2882.918	-4.626335	10293.82
58.85	92157.19	65516.64	3440.701	39594.92	87460.12	4612.246	35921.53	2432.028	3791.036	17052.26	77602.92	20902.95	-5.338078	3282.918	1.338494e+08	3.90583e+08	5369.328	3195.729	693.9502	804017.9	11185.56	-4.626335	9393.815	-5.338078	3282.918	-4.626335	9393.815
59.14	109928.2	72537.64	3340.701	44302.92	95791.12	4612.246	36321.53	3132.028	4691.036	18753.26	91148.92	18300.95	-5.338078	3182.918	1.36134e+08	3.485056e+08	4468.328	1895.729	1193.95	661018.9	10284.56	95.37366	8893.815	-5.338078	3182.918	95.37366	8893.815
59.42	120879.2	76350.64	2039.701	37190.92	104827.1	4612.246	39526.53	3332.028	3090.036	19153.26	88840.92	15698.95	-5.338078	3582.918	1.420574e+08	4.086173e+08	5169.328	2095.729	593.9502	511268.9	10984.56	195.3737	5992.815	-5.338078	3582.918	195.3737	5992.815
59.71	124094.2	71033.64	2839.701	34787.92	141105.1	2911.246	34519.53	2832.028	3691.036	17552.26	93557.92	12996.95	-5.338078	3682.918	1.293283e+08	3.865756e+08	3368.327	2495.729	693.9502	433621.9	11585.56	-4.626335	8192.815	-5.338078	3682.918	-4.626335	8192.815
60	131733.2	76851.64	2139.701	39494.92	196779.1	2011.246	35921.53	2432.028	5191.036	18153.26	95966.92	10195.95	-5.338078	3082.918	1.729947e+08	3.424948e+08	2868.327	1995.729	193.9502	350432.9	10484.56	-4.626335	7892.815	-5.338078	3082.918	-4.626335	7892.815
60.28	123692.2	59099.64	2139.701	45104.92	224209.1	1411.246	28911.53	3832.028	2990.036	22256.26	88238.92	9895.95	94.66192	3382.918	1.451524e+08	3.925868e+08	4168.328	2895.729	693.9502	287638.9	11585.56	95.37366	7592.815	94.66192	3382.918	95.37366	7592.815
60.57	104304.2	52382.64	2339.701	50514.92	242882.1	1111.246	30513.53	2432.028	3390.036	36673.26	84224.92	6694.95	-5.338078	1982.918	1.336298e+08	3.765569e+08	3468.327	1095.729	193.9502	265394.9	9184.562	195.3737	7092.815	-5.338078	1982.918	195.3737	7092.815
60.85	103601.2	42060.64	1939.701	58331.92	240560.1	611.2456	33217.53	2032.028	3591.036	39277.26	86532.92	7394.95	-5.338078	2082.918	1.346547e+08	3.62531e+08	3468.327	2595.729	93.95018	307574.9	9784.562	-4.626335	6992.815	-5.338078	2082.918	-4.626335	6992.815
61.14	103802.2	34246.64	2139.701	62341.92	294432.1	711.2456	27109.53	2332.028	4091.036	33368.26	80311.92	13096.95	-5.338078	2282.918	1.312004e+08	3.384877e+08	3168.327	2595.729	393.9502	340699.9	11084.56	95.37366	7692.815	-5.338078	2282.918	95.37366	7692.815
61.43	117462.2	27937.64	2539.701	60336.92	416855.1	111.2456	23004.53	2432.028	2690.036	33569.26	83521.92	13797.95	-5.338078	2282.918	1.271795e+08	3.945906e+08	2368.327	3795.729	393.9502	391637.9	12885.56	95.37366	7592.815	-5.338078	2282.918	95.37366	7592.815
61.71	122687.2	30741.64	2839.701	57329.92	509651.1	-88.75439	22204.53	2232.028	2790.036	28662.26	90947.92	21402.95	-5.338078	1782.918	1.370571e+08	3.605274e+08	3168.327	3795.729	93.95018	406166.9	9884.562	-4.626335	6792.815	-5.338078	1782.918	-4.626335	6792.815
62	117965.2	21629.64	2940.701	52318.92	472329.1	-288.7544	22404.53	1732.028	3290.036	26060.26	83722.92	19601.95	-5.338078	1182.918	1.229441e+08	3.344805e+08	1668.327	3695.729	593.9502	387574.9	10184.56	-4.626335	6192.815	-5.338078	1182.918	-4.626335	6192.815
62.29	117864.2	16023.64	4240.701	49612.92	442694.1	-288.7544	18400.53	2632.028	3991.036	25960.26	84826.92	24405.95	-5.338078	982.9182	1.352405e+08	3.82568e+08	1468.327	4295.729	193.9502	411045.9	10384.56	-4.626335	5892.815	-5.338078	982.9182	-4.626335	5892.815
62.57	115754.2	16223.64	3640.701	47909.92	444933.1	311.2456	21002.53	2432.028	4291.036	22756.26	77101.92	22103.95	-5.338078	1782.918	1.294014e+08	3.104385e+08	1968.327	3595.729	293.9502	390215.9	10984.56	-4.626335	5692.815	-5.338078	1782.918	-4.626335	5692.815
62.86	120979.2	16023.64	3240.701	51917.92	521083.1	-889.7544	19201.53	3232.028	4391.036	24458.26	89843.92	22503.95	-5.338078	1282.918	1.355188e+08	3.545164e+08	2368.327	3895.729	993.9502	388895.9	11084.56	-4.626335	6892.815	-5.338078	1282.918	-4.626335	6892.815
63.14	127310.2	14021.64	1139.701	47308.92	634152.1	1111.246	21103.53	2632.028	3290.036	19954.26	87033.92	23404.95	-5.338078	1382.918	1.26332e+08	3.344805e+08	1968.327	3395.729	493.9502	334010.9	12085.56	-4.626335	5692.815	-5.338078	1382.918	-4.626335	5692.815
63.43	131331.2	12620.64	3940.701	47708.92	663909.1	-889.7544	16299.53	2232.028	3791.036	19053.26	88639.92	19100.95	94.66192	1282.918	1.313028e+08	3.32477e+08	3268.327	3595.729	493.9502	270246.9	10484.56	-4.626335	4891.815	94.66192	1282.918	-4.626335	4891.815
63.72	139777.2	14722.64	1339.701	44102.92	621438.1	-388.7544	18200.53	3432.028	3591.036	18853.26	86933.92	15298.95	94.66192	682.9182	1.133345e+08	3.985982e+08	2168.327	2695.729	393.9502	225305	10884.56	-4.626335	4591.815	94.66192	682.9182	-4.626335	4591.815
64	125099.2	16123.64	2739.701	49011.92	544883.1	311.2456	20002.53	2532.028	2990.036	17852.26	81715.92	9895.95	-5.338078	1482.918	1.367933e+08	3.32477e+08	1568.327	2595.729	93.95018	198277	12985.56	95.37366	5392.815	-5.338078	1482.918	95.37366	5392.815
64.29	103903.2	18425.64	2339.701	49913.92	435977.1	711.2456	22003.53	2732.028	2590.036	18253.26	76499.92	8695.95	-5.338078	1082.918	1.399156e+08	4.026059e+08	2068.327	1895.729	193.9502	165943	11084.56	-4.626335	3191.815	-5.338078	1082.918	-4.626335	3191.815
64.57	93763.19	21328.64	3040.701	58833.92	386371.1	311.2456	25707.53	3432.028	2790.036	21555.26	77903.92	7294.95	-5.338078	2082.918	1.359582e+08	4.466919e+08	2168.327	2295.729	-6.049822	155074	10684.56	95.37366	3091.815	-5.338078	2082.918	95.37366	3091.815
64.86	84931.19	19226.64	2739.701	58231.92	324906.1	-388.7544	31014.53	2932.028	3591.036	22957.26	78204.92	5294.95	-5.338078	3182.918	1.400036e+08	3.62531e+08	3268.327	2795.729	-6.049822	173293	9384.562	-4.626335	3091.815	-5.338078	3182.918	-4.626335	3091.815
65.15	71489.19	23030.64	1239.701	63344.92	226933.1	-388.7544	29211.53	2432.028	3691.036	22256.26	74493.92	4793.95	-5.338078	1682.918	1.363098e+08	3.264664e+08	1968.327	2495.729	93.95018	195959	9484.562	-4.626335	3591.815	-5.338078	1682.918	-4.626335	3591.815
65.43	55448.19	14522.64	2639.701	52518.92	185796.1	111.2456	30112.53	1932.028	2490.036	23357.26	70180.92	5294.95	-5.338078	2482.918	1.372769e+08	3.46502e+08	1968.327	3895.729	193.9502	219655	11185.56	-4.626335	3991.815	-5.338078	2482.918	-4.626335	3991.815
65.72	50538.19	19226.64	2339.701	58632.92	143015.1	-1089.754	30313.53	2532.028	4191.036	25159.26	69077.92	4293.95	-5.338078	2682.918	1.312004e+08	3.164489e+08	2468.327	2595.729	193.9502	303525.9	9284.562	-4.626335	3891.815	-5.338078	2682.918	-4.626335	3891.815
66.01	42223.19	19026.64	2139.701	61940.92	113766.1	-588.7544	28010.53	1832.028	2090.036	23457.26	72988.92	3893.95	-5.338078	2982.918	1.262005e+08	3.645347e+08	2168.327	2895.729	-6.049822	393364.9	8984.562	-4.626335	3191.815	-5.338078	2982.918	-4.626335	3191.815
66.29	36414.19	43563.64	2639.701	59835.92	95289.12	311.2456	29211.53	3432.028	2590.036	22356.26	65367.92	4693.95	-5.338078	1882.918	1.24039e+08	3.204559e+08	1868.327	2895.729	393.9502	362502.9	5883.562	-4.626335	2091.815	-5.338078	1882.918	-4.626335	2091.815
66.58	30005.19	127571.6	2239.701	53721.92	75722.12	1611.246	23805.53	2032.028	4291.036	18553.26	59753.92	3393.95	-5.338078	2482.918	1.110971e+08	2.924078e+08	1868.327	2295.729	93.95018	337962.9	6383.562	-4.626335	3291.815	-5.338078	2482.918	-4.626335	3291.815
66.86	23598.19	442711.6	1739.701	46807.92	62385.12	1611.246	18901.53	2232.028	1790.036	14250.26	54441.92	2893.95	-5.338078	782.9182	8.880662e+07	2.423258e+08	968.3274	1295.729	93.95018	259534	5083.562	95.37366	2791.815	-5.338078	782.9182	95.37366	2791.815
67.15	21296.19	1039232	1539.701	35788.92	48855.12	-889.7544	13897.53	1332.028	3190.036	11549.26	42718.92	3493.95	-5.338078	882.9182	8.276852e+07	1.862399e+08	1068.327	1895.729	93.95018	335428.9	9084.562	-4.626335	2791.815	-5.338078	882.9182	-4.626335	2791.815
67.43	14691.19	1297660	839.7012	32684.92	47953.12	1011.246	13997.53	2232.028	2190.036	13550.26	42117.92	3693.95	-5.338078	882.9182	8.494858e+07	2.54345e+08	1868.327	2195.729	293.9502	486481.9	9184.562	95.37366	4291.815	-5.338078	882.9182	95.37366	4291.815
67.72	22397.19	1033709	2439.701	39394.92	35332.12	1511.246	22304.53	2732.028	3290.036	26060.26	54842.92	4893.95	-5.338078	1682.918	1.076655e+08	2.463322e+08	2968.327	2495.729	193.9502	629828.9	10184.56	95.37366	4591.815	-5.338078	1682.918	95.37366	4591.815
68.01	25800.19	807861.6	2139.701	57429.92	32829.12	1611.246	29412.53	1632.028	2390.036	25559.26	56646.92	4493.95	-5.338078	2182.918	1.086975e+08	2.98418e+08	2568.327	2995.729	193.9502	528011.9	10784.56	-4.626335	4391.815	-5.338078	2182.918	-4.626335	4391.815
68.29	30205.19	584208.6	2239.701	57630.92	27122.12	1011.246	31114.53	2132.028	1790.036	31666.26	56546.92	4093.95	-5.338078	2382.918	1.14401e+08	3.204559e+08	2568.327	3195.729	93.95018	531075.9	12185.56	-4.626335	3891.815	-5.338078	2382.918	-4.626335	3891.815
68.58	32108.19	463386.6	2439.701	64647.92	31227.12	-989.7544	26008.53	2332.028	2390.036	31566.26	59854.92	3293.95	-5.338078	2482.918	1.1867e+08	3.384877e+08	2268.327	1695.729	193.9502	488520.9	9684.562	-4.626335	4691.815	-5.338078	2482.918	-4.626335	4691.815
68.87	36714.19	333407.6	1139.701	52719.92	24419.12	111.2456	27309.53	2832.028	2090.036	29063.26	55043.92	3293.95	-5.338078	3682.918	1.392118e+08	3.404912e+08	2668.327	2195.729	93.95018	405150.9	11985.56	-4.626335	4391.815	-5.338078	3682.918	-4.626335	4391.815
69.15	30506.19	282978.6	2339.701	46907.92	19815.12	-488.7544	28410.53	1732.028	4191.036	29964.26	54441.92	2193.95	-5.338078	2082.918	1.264927e+08	3.665384e+08	2468.327	2295.729	93.95018	316281.9	11285.56	-4.626335	4191.815	-5.338078	2082.918	-4.626335	4191.815
69.44	33309.19	228814.6	3240.701	45104.92	15112.12	-1089.754	31614.53	3032.028	1990.036	25259.26	56446.92	1293.95	94.66192	3182.918	1.339372e+08	3.845718e+08	3768.327	1695.729	-6.049822	290875.9	9984.562	-4.626335	4091.815	94.66192	3182.918	-4.626335	4091.815
69.72	25500.19	199860.6	2940.701	44102.92	18414.12	311.2456	34418.53	3032.028	3090.036	27561.26	54441.92	1593.95	-5.338078	3582.918	1.321661e+08	3.62531e+08	3868.327	1695.729	193.9502	241353	11285.56	195.3737	3291.815	-5.338078	3582.918	195.3737	3291.815
70.01	25800.19	143260.6	2239.701	37391.92	13811.12	11.24561	31114.53	2732.028	3991.036	26961.26	45924.92	2093.95	-5.338078	4782.918	1.316393e+08	3.404912e+08	3868.327	1795.729	93.95018	223186	12485.56	-4.626335	4491.815	-5.338078	4782.918	-4.626335	4491.815
70.3	25500.19	119027.6	2739.701	42599.92	19615.12	-488.7544	33918.53	2832.028	3791.036	24258.26	46926.92	893.9502	-5.338078	2582.918	1.256892e+08	3.424948e+08	3168.327	1495.729	93.95018	196564	11585.56	-4.626335	3491.815	-5.338078	2582.918	-4.626335	3491.815
70.58	25500.19	99637.64	1439.701	41697.92	26221.12	-1289.754	37623.53	1832.028	3591.036	21355.26	52036.92	693.9502	-5.338078	2782.918	1.345229e+08	3.865756e+08	2868.327	2095.729	93.95018	171581	11485.56	-4.626335	3691.815	-5.338078	2782.918	-4.626335	3691.815
70.87	28403.19	81567.64	1639.701	43000.92	35532.12	-588.7544	36021.53	2232.028	3390.036	21655.26	60455.92	793.9502	-5.338078	2782.918	1.292432e+08	3.82568e+08	3368.327	1995.729	293.9502	151854	9084.562	95.37366	4391.815	-5.338078	2782.918	95.37366	4391.815
71.15	34411.19	71233.64	5240.701	50414.92	76825.12	-388.7544	34118.53	2932.028	4291.036	25159.26	62259.92	293.9502	-5.338078	3082.918	1.455074e+08	3.82568e+08	3768.327	2095.729	93.95018	141493	9984.562	-4.626335	3791.815	-5.338078	3082.918	-4.626335	3791.815
71.44	46330.19	65516.64	2339.701	60236.92	126326.1	411.2456	33417.53	2432.028	3290.036	22656.26	68275.92	1393.95	-5.338078	3082.918	1.511184e+08	3.46502e+08	3668.327	1595.729	93.95018	134857	10584.56	-4.626335	3791.815	-5.338078	3082.918	-4.626335	3791.815
71.73	44727.19	62207.64	3140.701	59635.92	147542.1	411.2456	30613.53	1832.028	2490.036	20855.26	69779.92	1793.95	-5.338078	3082.918	1.328247e+08	3.424948e+08	2568.327	2395.729	193.9502	111643	10284.56	-4.626335	2791.815	-5.338078	3082.918	-4.626335	2791.815
72.01	55849.19	40858.64	1439.701	59033.92	175824.1	-1189.754	26408.53	3132.028	3791.036	21255.26	69077.92	3293.95	-5.338078	2382.918	1.306592e+08	3.184524e+08	2268.327	2595.729	593.9502	145516	9184.562	-4.626335	1991.815	-5.338078	2382.918	-4.626335	1991.815
72.3	64871.19	57093.64	2339.701	65449.92	160219.1	1211.246	21503.53	2532.028	3791.036	16852.26	71685.92	19801.95	-5.338078	1382.918	1.289481e+08	3.705457e+08	1868.327	2195.729	1393.95	380162.9	11585.56	-4.626335	3391.815	-5.338078	1382.918	-4.626335	3391.815
72.58	57553.19	35548.64	3540.701	56227.92	142915.1	211.2456	21503.53	3032.028	3691.036	12949.26	81214.92	34717.95	-5.338078	882.9182	1.298986e+08	3.565201e+08	1468.327	2795.729	3093.95	838834.9	11185.56	-4.626335	2491.815	-5.338078	882.9182	-4.626335	2491.815
72.87	59959.19	25934.64	1239.701	47107.92	126326.1	2111.246	22104.53	2632.028	3390.036	10848.26	77101.92	40426.95	-5.338078	582.9182	1.260983e+08	3.144455e+08	968.3274	3295.729	2693.95	1209144	9984.562	-4.626335	4291.815	-5.338078	582.9182	-4.626335	4291.815
73.16	67177.19	24432.64	1439.701	50514.92	110049.1	1711.246	19401.53	1332.028	3290.036	7147.263	76900.92	37221.95	-5.338078	682.9182	1.159303e+08	3.244629e+08	1568.327	2995.729	1893.95	1278995	10784.56	-4.626335	5792.815	-5.338078	682.9182	-4.626335	5792.815
73.44	59458.19	21228.64	1539.701	51416.92	102015.1	2911.246	18901.53	2832.028	2590.036	4746.263	75997.92	33115.95	-5.338078	882.9182	1.182327e+08	3.304735e+08	1368.327	3095.729	893.9502	1303303	9784.562	-4.626335	5392.815	-5.338078	882.9182	-4.626335	5392.815
73.73	63167.19	17925.64	2539.701	58331.92	102417.1	2211.246	19401.53	1732.028	3491.036	6947.263	75095.92	25606.95	94.66192	1082.918	1.15974e+08	3.364841e+08	2268.327	3795.729	993.9502	1155808	10284.56	95.37366	4891.815	94.66192	1082.918	95.37366	4891.815
74.01	69885.19	18726.64	2339.701	79290.92	148045.1	1711.246	22104.53	1532.028	4291.036	6447.263	91048.92	20201.95	-5.338078	2082.918	1.218496e+08	3.204559e+08	968.3274	3995.729	493.9502	894930.9	9884.562	-4.626335	5292.815	-5.338078	2082.918	-4.626335	5292.815
74.3	66676.19	124153.6	1839.701	100667.9	202525.1	2811.246	25607.53	1632.028	2790.036	5947.263	80511.92	18200.95	-5.338078	1382.918	1.038886e+08	2.98418e+08	1968.327	3095.729	793.9502	689882.9	4482.562	95.37366	4891.815	-5.338078	1382.918	95.37366	4891.815
74.59	47131.19	16924.64	1739.701	67455.92	132357.1	2111.246	19401.53	1532.028	2590.036	4346.263	58951.92	11996.95	-5.338078	382.9182	7.723054e+07	2.022638e+08	968.3274	1395.729	393.9502	518617.9	5183.562	-4.626335	2691.815	-5.338078	382.9182	-4.626335	2691.815
74.87	34611.19	10719.64	839.7012	45504.92	93281.12	1311.246	11896.53	832.0284	990.0356	3446.263	37110.92	9595.95	94.66192	782.9182	5.397588e+07	1.581993e+08	368.3274	1295.729	93.95018	366561.9	5583.562	95.37366	2591.815	94.66192	782.9182	95.37366	2591.815
75.16	29104.19	7417.641	939.7012	32684.92	71108.12	711.2456	8594.526	532.0284	990.0356	3046.263	32002.92	7594.95	-5.338078	282.9182	4.356857e+07	1.221494e+08	968.3274	595.7296	93.95018	262060	2382.562	95.37366	2391.815	-5.338078	282.9182	95.37366	2391.815
75.44	18794.19	6516.641	939.7012	26977.92	51260.12	-288.7544	5393.527	332.0284	1190.036	3846.263	26796.92	5494.95	-5.338078	182.9182	3.230937e+07	9.537184e+07	68.3274	595.7296	693.9502	238829	2682.562	-4.626335	1491.815	-5.338078	182.9182	-4.626335	1491.815
75.73	17593.19	6816.641	739.7012	20270.92	37035.12	11.24561	6293.527	932.0284	890.0356	846.2634	23493.92	4993.95	-5.338078	482.9182	2.638062e+07	7.227081e+07	1068.327	995.7296	93.95018	189610	1882.562	-4.626335	1291.815	-5.338078	482.9182	-4.626335	1291.815
76.01	11390.19	9018.641	139.7012	13265.92	33930.12	1811.246	3993.527	132.0284	990.0356	1746.263	15887.92	3893.95	-5.338078	82.91815	2.168165e+07	6.240351e+07	468.3274	495.7295	93.95018	156482	1182.562	-4.626335	891.8149	-5.338078	82.91815	-4.626335	891.8149
76.3	10889.19	6616.641	1939.701	13966.92	25220.12	-388.7544	3893.527	532.0284	90.03564	1146.263	13586.92	2493.95	-5.338078	82.91815	1.722978e+07	4.806959e+07	68.3274	395.7295	-6.049822	126815	982.5623	-4.626335	891.8149	-5.338078	82.91815	-4.626335	891.8149
76.59	8288.188	4215.641	839.7012	12465.92	19815.12	-1089.754	2592.527	-167.9716	1390.036	646.2634	9784.918	1993.95	-5.338078	-17.08185	1.550158e+07	4.120344e+07	468.3274	95.72954	-6.049822	112346	982.5623	-4.626335	291.8149	-5.338078	-17.08185	-4.626335	291.8149
76.87	6088.188	4215.641	-60.29883	7262.922	16913.12	-789.7544	2292.527	32.02844	390.0356	1146.263	7983.918	2193.95	-5.338078	82.91815	1.194869e+07	3.6538e+07	68.3274	195.7295	93.95018	97483.95	782.5623	-4.626335	391.8149	-5.338078	82.91815	-4.626335	391.8149
77.16	5588.188	2515.641	-60.29883	6562.922	14511.12	-989.7544	1992.527	-67.97156	1190.036	346.2633	6483.918	1393.95	-5.338078	-17.08185	8950618	2.463027e+07	68.3274	295.7295	93.95018	60667.95	382.5623	-4.626335	91.81495	-5.338078	-17.08185	-4.626335	91.81495
77.44	5288.188	4715.641	-1161.299	5262.922	13511.12	-288.7544	1992.527	632.0284	-409.9644	746.2634	4582.918	1093.95	-5.338078	82.91815	7579710	2.435946e+07	-31.6726	95.72954	-6.049822	46136.95	182.5623	-4.626335	391.8149	-5.338078	82.91815	-4.626335	391.8149
77.73	4087.189	2315.641	-861.2988	4662.922	8609.117	-889.7544	292.5267	32.02844	90.03564	746.2634	5183.918	793.9502	-5.338078	82.91815	6421212	1.82787e+07	-31.6726	95.72954	-6.049822	33616.95	582.5623	-4.626335	191.8149	-5.338078	82.91815	-4.626335	191.8149
78.01	2887.189	114.6406	-260.2988	2361.922	8308.117	-1089.754	292.5267	32.02844	490.0356	146.2633	4682.918	693.9502	-5.338078	-17.08185	6039840	1.652903e+07	-31.6726	495.7295	93.95018	49041.95	282.5623	-4.626335	91.81495	-5.338078	-17.08185	-4.626335	91.81495
78.3	2387.189	2415.641	-460.2988	2161.922	6908.118	-1089.754	1292.527	32.02844	490.0356	446.2633	2482.918	1193.95	-5.338078	82.91815	5220732	1.125679e+07	168.3274	-4.270463	93.95018	31012.95	82.56228	-4.626335	91.81495	-5.338078	82.91815	-4.626335	91.81495
78.59	1487.189	314.6406	-460.2988	2561.922	4507.118	-2189.754	292.5267	432.0284	290.0356	-53.73666	3282.918	1093.95	-5.338078	-17.08185	4627706	1.068882e+07	-31.6726	-4.270463	-6.049822	33816.95	282.5623	-4.626335	291.8149	-5.338078	-17.08185	-4.626335	291.8149
78.87	2287.189	2315.641	-1061.299	3361.922	4907.118	-488.7544	-407.4733	232.0284	490.0356	346.2633	2182.918	993.9502	-5.338078	-17.08185	3272588	7694304	-31.6726	95.72954	-6.049822	19501.95	82.56228	95.37366	191.8149	-5.338078	-17.08185	95.37366	191.8149
79.16	1787.189	314.6406	-1361.299	1361.922	3507.117	-1589.754	692.5267	32.02844	190.0356	246.2633	2482.918	493.9502	-5.338078	-17.08185	2905666	7680117	-31.6726	-4.270463	-6.049822	13697.95	282.5623	-4.626335	91.81495	-5.338078	-17.08185	-4.626335	91.81495
79.45	487.1886	2315.641	-460.2988	1061.922	2407.117	-789.7544	92.52673	-467.9716	190.0356	246.2633	1182.918	493.9502	-5.338078	-17.08185	2073179	5808061	-31.6726	-4.270463	-6.049822	13297.95	82.56228	-4.626335	191.8149	-5.338078	-17.08185	-4.626335	191.8149
79.73	587.1886	-285.3594	139.7012	1061.922	2207.117	-1089.754	192.5267	32.02844	490.0356	146.2633	1982.918	193.9502	-5.338078	-17.08185	1593529	5737169	-31.6726	-4.270463	93.95018	8795.95	82.56228	-4.626335	91.81495	-5.338078	-17.08185	-4.626335	91.81495
80.02	687.1886	3015.641	-1761.299	1661.922	2307.117	-1389.754	392.5267	232.0284	390.0356	46.26334	1182.918	193.9502	-5.338078	-17.08185	1311413	4135393	-31.6726	-4.270463	-6.049822	9595.95	382.5623	-4.626335	-8.185054	-5.338078	-17.08185	-4.626335	-8.185054
80.31	487.1886	-585.3594	339.7012	1261.922	1707.117	-1589.754	92.52673	-167.9716	390.0356	46.26334	982.9182	493.9502	94.66192	82.91815	1396045	4971628	-31.6726	-4.270463	-6.049822	7894.95	82.56228	-4.626335	91.81495	94.66192	82.91815	-4.626335	91.81495
80.6	587.1886	1314.641	39.70117	761.9218	1107.117	-1189.754	-407.4733	-167.9716	-309.9644	146.2633	1082.918	193.9502	-5.338078	-17.08185	1381940	2463516	-31.6726	-4.270463	-6.049822	5694.95	82.56228	-4.626335	-8.185054	-5.338078	-17.08185	-4.626335	-8.185054
80.89	487.1886	314.6406	-160.2988	961.9218	1007.117	-488.7544	-7.473267	32.02844	590.0356	46.26334	682.9182	393.9502	94.66192	-17.08185	1198573	3228514	68.3274	-4.270463	-6.049822	7094.95	282.5623	-4.626335	91.81495	94.66192	-17.08185	-4.626335	91.81495
81.18	587.1886	-385.3594	-1061.299	1061.922	807.1174	-1689.754	-207.4733	332.0284	-309.9644	46.26334	482.9182	93.95018	-5.338078	-17.08185	676734.4	2477681	-31.6726	-4.270463	-6.049822	11095.95	182.5623	-4.626335	-8.185054	-5.338078	-17.08185	-4.626335	-8.185054
81.47	187.1886	1214.641	-2561.299	161.9218	1507.117	-889.7544	192.5267	32.02844	-309.9644	46.26334	582.9182	-6.049822	-5.338078	-17.08185	606221.4	2576838	-31.6726	-4.270463	-6.049822	4793.95	-17.43772	-4.626335	191.8149	-5.338078	-17.08185	-4.626335	191.8149
81.75	387.1886	314.6406	-1161.299	561.9218	1007.117	-889.7544	-307.4733	232.0284	90.03564	46.26334	382.9182	293.9502	-5.338078	-17.08185	620324.4	1231365	-31.6726	-4.270463	-6.049822	1893.95	82.56228	-4.626335	-8.185054	-5.338078	-17.08185	-4.626335	-8.185054
82.04	-12.81139	2014.641	-160.2988	661.9218	907.1174	-1389.754	292.5267	332.0284	-509.9644	46.26334	82.91815	93.95018	-5.338078	-17.08185	436753.4	1415452	-31.6726	-4.270463	93.95018	1893.95	82.56228	-4.626335	91.81495	-5.338078	-17.08185	-4.626335	91.81495
82.34	187.1886	-585.3594	-1661.299	461.9218	407.1174	-789.7544	-207.4733	-467.9716	-409.9644	46.26334	282.9182	-6.049822	94.66192	-17.08185	366488.4	806584.8	-31.6726	-4.270463	-6.049822	3893.95	82.56228	-4.626335	-8.185054	94.66192	-17.08185	-4.626335	-8.185054
82.63	487.1886	-385.3594	-1161.299	-338.0782	107.1174	-989.7544	-7.473267	-67.97156	-209.9644	46.26334	682.9182	-6.049822	-5.338078	-17.08185	436996.4	1344649	-31.6726	95.72954	-6.049822	1793.95	-17.43772	-4.626335	-8.185054	-5.338078	-17.08185	-4.626335	-8.185054
82.93	587.1886	-485.3594	-360.2988	-238.0782	607.1174	-1189.754	-207.4733	-167.9716	390.0356	146.2633	282.9182	-6.049822	-5.338078	-17.08185	338285.4	622529.8	-31.6726	-4.270463	-6.049822	993.9502	-17.43772	-4.626335	-8.185054	-5.338078	-17.08185	-4.626335	-8.185054
83.22	287.1886	1714.641	-961.2988	-538.0782	807.1174	111.2456	692.5267	132.0284	690.0356	-53.73666	82.91815	293.9502	-5.338078	-17.08185	211375.4	452640.8	-31.6726	-4.270463	-6.049822	2193.95	82.56228	-4.626335	-8.185054	-5.338078	-17.08185	-4.626335	-8.185054
83.51	87.18861	-485.3594	-60.29883	161.9218	407.1174	-1289.754	-207.4733	-267.9716	-609.9644	246.2633	282.9182	-6.049822	-5.338078	-17.08185	140363.4	424326.8	-31.6726	-4.270463	-6.049822	1393.95	82.56228	-4.626335	-8.185054	-5.338078	-17.08185	-4.626335	-8.185054
83.82	-12.81139	-985.3594	-1061.299	-138.0782	507.1174	-789.7544	-107.4733	-67.97156	-9.964355	146.2633	282.9182	93.95018	-5.338078	-17.08185	324184.4	665003.8	-31.6726	-4.270463	-6.049822	193.9502	82.56228	-4.626335	91.81495	-5.338078	-17.08185	-4.626335	91.81495
84.11	-12.81139	-85.35938	-1061.299	261.9218	207.1174	-1089.754	-107.4733	32.02844	-209.9644	146.2633	82.91815	-6.049822	-5.338078	-17.08185	170952.4	764109.8	68.3274	-4.270463	-6.049822	893.9502	-17.43772	-4.626335	-8.185054	-5.338078	-17.08185	-4.626335	-8.185054
84.4	87.18861	-485.3594	-861.2988	461.9218	7.117439	-889.7544	-407.4733	132.0284	-109.9644	-53.73666	-17.08185	-6.049822	-5.338078	-17.08185	261632.4	565898.8	-31.6726	-4.270463	-6.049822	1093.95	-17.43772	-4.626335	-8.185054	-5.338078	-17.08185	-4.626335	-8.185054
84.69	387.1886	614.6406	-1761.299	661.9218	607.1174	-1289.754	-307.4733	132.0284	490.0356	46.26334	282.9182	-6.049822	94.66192	-17.08185	86619.4	735793.8	-31.6726	-4.270463	-6.049822	1293.95	-17.43772	-4.626335	-8.185054	94.66192	-17.08185	-4.626335	-8.185054
84.98	87.18861	314.6406	-460.2988	-238.0782	207.1174	-689.7544	-607.4733	-467.9716	-109.9644	-53.73666	182.9182	-6.049822	-5.338078	-17.08185	112723.4	594214.8	-31.6726	-4.270463	-6.049822	193.9502	-17.43772	-4.626335	-8.185054	-5.338078	-17.08185	-4.626335	-8.185054
85.26	87.18861	114.6406	-360.2988	61.92175	207.1174	-1089.754	-207.4733	132.0284	-909.9644	46.26334	182.9182	93.95018	-5.338078	-17.08185	96656.4	164283.8	-31.6726	-4.270463	-6.049822	393.9502	82.56228	-4.626335	-8.185054	-5.338078	-17.08185	-4.626335	-8.185054
85.55	87.18861	-1486.359	-1161.299	-138.0782	-92.88256	-1489.754	-7.473267	-167.9716	-209.9644	-53.73666	82.91815	93.95018	-5.338078	-17.08185	96054.4	226134.8	-31.6726	-4.270463	-6.049822	1193.95	-17.43772	-4.626335	-8.185054	-5.338078	-17.08185	-4.626335	-8.185054
85.85	287.1886	1014.641	-1461.299	661.9218	-92.88256	-989.7544	492.5267	332.0284	-309.9644	46.26334	-17.08185	-6.049822	-5.338078	-17.08185	87723.4	112887.8	-31.6726	-4.270463	93.95018	293.9502	-17.43772	-4.626335	-8.185054	-5.338078	-17.08185	-4.626335	-8.185054
86.13	-12.81139	914.6406	-1461.299	-238.0782	207.1174	-188.7544	-7.473267	232.0284	1090.036	46.26334	382.9182	-6.049822	-5.338078	-17.08185	111719.4	128977.8	-31.6726	-4.270463	-6.049822	193.9502	-17.43772	-4.626335	-8.185054	-5.338078	-17.08185	-4.626335	-8.185054
86.42	-12.81139	14.64062	-460.2988	161.9218	7.117439	-2389.754	-707.4733	-267.9716	-409.9644	-53.73666	-17.08185	93.95018	-5.338078	-17.08185	108103.4	311072.8	-31.6726	95.72954	-6.049822	93.95018	82.56228	-4.626335	91.81495	-5.338078	-17.08185	-4.626335	91.81495
86.7	-12.81139	-685.3594	-260.2988	561.9218	407.1174	-588.7544	-307.4733	-67.97156	-309.9644	-53.73666	-17.08185	-6.049822	-5.338078	-17.08185	102881.4	57811.77	-31.6726	-4.270463	-6.049822	1193.95	-17.43772	-4.626335	-8.185054	-5.338078	-17.08185	-4.626335	-8.185054
86.99	187.1886	-885.3594	-1061.299	261.9218	107.1174	-889.7544	192.5267	-267.9716	-9.964355	-53.73666	182.9182	-6.049822	-5.338078	-17.08185	160886.4	103960.8	-31.6726	-4.270463	-6.049822	93.95018	-17.43772	95.37366	-8.185054	-5.338078	-17.08185	95.37366	-8.185054
87.27	-12.81139	2214.641	-961.2988	61.92175	207.1174	-388.7544	92.52673	32.02844	-309.9644	-53.73666	-17.08185	-6.049822	-5.338078	82.91815	100170.4	72750.77	-31.6726	-4.270463	-6.049822	-6.049822	82.56228	-4.626335	-8.185054	-5.338078	82.91815	-4.626335	-8.185054
87.56	187.1886	1314.641	-1461.299	-38.07825	207.1174	-2389.754	-107.4733	332.0284	-209.9644	46.26334	-17.08185	-6.049822	94.66192	-17.08185	13273.39	-356.2278	68.3274	-4.270463	-6.049822	793.9502	-17.43772	-4.626335	-8.185054	94.66192	-17.08185	-4.626335	-8.185054
87.85	-12.81139	814.6406	-660.2988	-338.0782	7.117439	-1989.754	-907.4733	32.02844	490.0356	246.2633	82.91815	-6.049822	-5.338078	-17.08185	49618.39	42109.77	-31.6726	-4.270463	-6.049822	93.95018	-17.43772	-4.626335	-8.185054	-5.338078	-17.08185	-4.626335	-8.185054
88.14	-12.81139	414.6406	-160.2988	161.9218	107.1174	-1789.754	-207.4733	-367.9716	-409.9644	-53.73666	82.91815	-6.049822	-5.338078	-17.08185	92641.4	172942.8	68.3274	-4.270463	-6.049822	-6.049822	-17.43772	-4.626335	-8.185054	-5.338078	-17.08185	-4.626335	-8.185054
88.42	-12.81139	814.6406	339.7012	261.9218	307.1174	-1789.754	892.5267	-67.97156	-509.9644	46.26334	-17.08185	93.95018	-5.338078	-17.08185	8771.395	45084.77	-31.6726	-4.270463	-6.049822	-6.049822	-17.43772	-4.626335	-8.185054	-5.338078	-17.08185	-4.626335	-8.185054
88.71	87.18861	914.6406	-1261.299	1861.922	107.1174	-1689.754	-107.4733	-167.9716	-309.9644	46.26334	-17.08185	-6.049822	-5.338078	-17.08185	3469.395	75959.77	-31.6726	-4.270463	-6.049822	193.9502	-17.43772	-4.626335	-8.185054	-5.338078	-17.08185	-4.626335	-8.185054
88.99	-12.81139	1514.641	-160.2988	61.92175	107.1174	-88.75439	92.52673	-267.9716	-409.9644	46.26334	-17.08185	-6.049822	-5.338078	-17.08185	49618.39	101349.8	68.3274	-4.270463	-6.049822	193.9502	-17.43772	-4.626335	-8.185054	-5.338078	-17.08185	-4.626335	-8.185054
89.28	87.18861	-585.3594	-1561.299	-238.0782	7.117439	-588.7544	-507.4733	-567.9716	490.0356	-53.73666	82.91815	-6.049822	-5.338078	-17.08185	10171.39	197822.8	-31.6726	-4.270463	-6.049822	593.9502	-17.43772	-4.626335	191.8149	-5.338078	-17.08185	-4.626335	191.8149
89.57	-12.81139	914.6406	-861.2988	361.9218	-92.88256	911.2456	-507.4733	-67.97156	290.0356	46.26334	-17.08185	-6.049822	-5.338078	-17.08185	23480.39	-356.2278	-31.6726	-4.270463	-6.049822	-6.049822	-17.43772	-4.626335	-8.185054	-5.338078	-17.08185	-4.626335	-8.185054
89.85	-12.81139	1214.641	39.70117	-138.0782	7.117439	-1889.754	-107.4733	-67.97156	290.0356	46.26334	-17.08185	-6.049822	-5.338078	-17.08185	63650.39	743.7722	-31.6726	-4.270463	-6.049822	-6.049822	-17.43772	-4.626335	-8.185054	-5.338078	-17.08185	-4.626335	-8.185054
90.14	-12.81139	914.6406	-1261.299	161.9218	207.1174	-1089.754	-7.473267	-267.9716	190.0356	46.26334	182.9182	-6.049822	-5.338078	-17.08185	59440.39	70420.77	-31.6726	-4.270463	-6.049822	-6.049822	182.5623	-4.626335	-8.185054	-5.338078	-17.08185	-4.626335	-8.185054
90.43	-12.81139	-385.3594	-60.29883	-38.07825	-92.88256	-1089.754	192.5267	-167.9716	-9.964355	-53.73666	-17.08185	-6.049822	-5.338078	-17.08185	6570.395	88099.77	-31.6726	-4.270463	93.95018	-6.049822	-17.43772	-4.626335	-8.185054	-5.338078	-17.08185	-4.626335	-8.185054
90.71	-12.81139	-1586.359	739.7012	561.9218	-92.88256	-1089.754	-407.4733	532.0284	-209.9644	146.2633	-17.08185	-6.049822	-5.338078	-17.08185	10871.39	76561.77	68.3274	-4.270463	-6.049822	-6.049822	-17.43772	-4.626335	91.81495	-5.338078	-17.08185	-4.626335	91.81495
91	87.18861	-385.3594	-360.2988	-638.0782	-92.88256	-2089.754	292.5267	-167.9716	-9.964355	-53.73666	-17.08185	-6.049822	-5.338078	82.91815	58538.39	-356.2278	-31.6726	-4.270463	-6.049822	-6.049822	-17.43772	-4.626335	-8.185054	-5.338078	82.91815	-4.626335	-8.185054
