ElapsedTime_s	Ti49_CPS	Al27_CPS	S33_CPS	Sc45_CPS	V51_CPS	Mn55_CPS	Fe57_CPS	Co59_CPS	Ni60_CPS	Ga71_CPS	Zr90_CPS	Nb93_CPS	Mo97_CPS	In113_CPS	Sn119_CPS	Sn118_CPS	Sb121_CPS	Hf177_CPS	Ta181_CPS	W183_CPS	Pb206_CPS	Th232_CPS	U238_CPS	Tc97_CPS	Cd113_CPS	U232_CPS	Pu238_CPS
0	87.18861	-885.3594	-761.2988	-338.0782	7.117439	-889.7544	-407.4733	32.02844	390.0356	-53.73666	-17.08185	-6.049822	94.66192	-17.08185	24681.39	115009.8	-31.6726	-4.270463	-6.049822	93.95018	-17.43772	-4.626335	-8.185054	94.66192	-17.08185	-4.626335	-8.185054
																											
10.14	-12.81139	-385.3594	-1761.299	-138.0782	-92.88256	-2189.754	592.5267	-67.97156	990.0356	146.2633	-17.08185	-6.049822	-5.338078	-17.08185	-130.605	-256.2278	-31.6726	-4.270463	-6.049822	-6.049822	182.5623	-4.626335	-8.185054	-5.338078	-17.08185	-4.626335	-8.185054
10.43	-12.81139	2315.641	-1861.299	-138.0782	-92.88256	111.2456	392.5267	-367.9716	690.0356	146.2633	-17.08185	-6.049822	-5.338078	-17.08185	169.395	43.77225	-31.6726	-4.270463	-6.049822	-6.049822	-17.43772	-4.626335	-8.185054	-5.338078	-17.08185	-4.626335	-8.185054
10.71	-12.81139	-85.35938	-1961.299	-538.0782	107.1174	-1789.754	-307.4733	132.0284	-309.9644	-53.73666	-17.08185	-6.049822	-5.338078	-17.08185	69.39502	43.77225	68.3274	-4.270463	-6.049822	-6.049822	-17.43772	95.37366	-8.185054	-5.338078	-17.08185	95.37366	-8.185054
11	-12.81139	2114.641	-260.2988	461.9218	107.1174	-989.7544	-7.473267	-267.9716	90.03564	-53.73666	-17.08185	-6.049822	-5.338078	-17.08185	-130.605	-256.2278	-31.6726	-4.270463	-6.049822	-6.049822	-17.43772	-4.626335	-8.185054	-5.338078	-17.08185	-4.626335	-8.185054
11.28	-12.81139	2014.641	-961.2988	-138.0782	107.1174	-1989.754	92.52673	232.0284	290.0356	-53.73666	-17.08185	-6.049822	94.66192	82.91815	-30.60498	33366.77	-31.6726	-4.270463	-6.049822	-6.049822	-17.43772	-4.626335	-8.185054	94.66192	82.91815	-4.626335	-8.185054
11.57	-12.81139	-685.3594	-1261.299	-238.0782	107.1174	-488.7544	-1207.473	32.02844	-409.9644	46.26334	-17.08185	-6.049822	-5.338078	-17.08185	1669.395	-356.2278	-31.6726	-4.270463	-6.049822	-6.049822	-17.43772	-4.626335	-8.185054	-5.338078	-17.08185	-4.626335	-8.185054
11.86	-12.81139	-685.3594	39.70117	-38.07825	-92.88256	-889.7544	-207.4733	432.0284	-609.9644	-53.73666	-17.08185	-6.049822	-5.338078	-17.08185	-130.605	-56.22775	-31.6726	-4.270463	-6.049822	-6.049822	-17.43772	-4.626335	-8.185054	-5.338078	-17.08185	-4.626335	-8.185054
12.14	-12.81139	114.6406	-460.2988	561.9218	-92.88256	-188.7544	-307.4733	132.0284	-509.9644	-53.73666	-17.08185	-6.049822	-5.338078	-17.08185	44709.39	-256.2278	-31.6726	-4.270463	-6.049822	-6.049822	-17.43772	-4.626335	-8.185054	-5.338078	-17.08185	-4.626335	-8.185054
12.43	-12.81139	-85.35938	-961.2988	-238.0782	7.117439	-1589.754	-307.4733	-267.9716	-409.9644	-53.73666	-17.08185	-6.049822	-5.338078	-17.08185	2969.395	43.77225	-31.6726	-4.270463	-6.049822	-6.049822	82.56228	-4.626335	-8.185054	-5.338078	-17.08185	-4.626335	-8.185054
12.71	-12.81139	1914.641	-961.2988	-438.0782	-92.88256	-1489.754	-707.4733	32.02844	390.0356	-53.73666	-17.08185	-6.049822	-5.338078	-17.08185	-130.605	68738.77	-31.6726	-4.270463	-6.049822	-6.049822	-17.43772	-4.626335	-8.185054	-5.338078	-17.08185	-4.626335	-8.185054
13	-12.81139	2114.641	-660.2988	-138.0782	7.117439	-1489.754	-907.4733	-167.9716	-9.964355	46.26334	-17.08185	-6.049822	-5.338078	-17.08185	4769.395	143.7722	-31.6726	-4.270463	-6.049822	-6.049822	-17.43772	-4.626335	-8.185054	-5.338078	-17.08185	-4.626335	-8.185054
13.28	-12.81139	1914.641	539.7012	-338.0782	7.117439	-1989.754	-907.4733	132.0284	90.03564	46.26334	82.91815	-6.049822	94.66192	82.91815	-130.605	-156.2278	68.3274	-4.270463	-6.049822	-6.049822	82.56228	95.37366	-8.185054	94.66192	82.91815	95.37366	-8.185054
13.57	-12.81139	1814.641	739.7012	161.9218	-92.88256	-889.7544	192.5267	-67.97156	-309.9644	46.26334	-17.08185	-6.049822	-5.338078	-17.08185	-130.605	86092.77	-31.6726	-4.270463	-6.049822	-6.049822	-17.43772	-4.626335	-8.185054	-5.338078	-17.08185	-4.626335	-8.185054
13.85	-12.81139	-785.3594	-761.2988	61.92175	7.117439	-2089.754	492.5267	232.0284	-9.964355	146.2633	-17.08185	-6.049822	-5.338078	-17.08185	6070.395	543.7722	-31.6726	-4.270463	-6.049822	-6.049822	182.5623	-4.626335	-8.185054	-5.338078	-17.08185	-4.626335	-8.185054
14.14	-12.81139	814.6406	-1161.299	-138.0782	-92.88256	-188.7544	-807.4733	-67.97156	690.0356	46.26334	-17.08185	-6.049822	-5.338078	-17.08185	57135.39	43.77225	-31.6726	-4.270463	93.95018	-6.049822	82.56228	-4.626335	91.81495	-5.338078	-17.08185	-4.626335	91.81495
14.42	-12.81139	-285.3594	-160.2988	-138.0782	7.117439	-488.7544	-7.473267	-67.97156	790.0356	46.26334	82.91815	-6.049822	-5.338078	-17.08185	17775.39	43.77225	68.3274	-4.270463	-6.049822	-6.049822	-17.43772	-4.626335	-8.185054	-5.338078	-17.08185	-4.626335	-8.185054
14.71	187.1886	1714.641	-660.2988	-38.07825	107.1174	111.2456	-707.4733	132.0284	290.0356	-53.73666	-17.08185	-6.049822	-5.338078	-17.08185	-130.605	-256.2278	-31.6726	-4.270463	-6.049822	-6.049822	82.56228	-4.626335	-8.185054	-5.338078	-17.08185	-4.626335	-8.185054
15	-12.81139	1614.641	-861.2988	261.9218	7.117439	-1889.754	-207.4733	432.0284	-509.9644	46.26334	-17.08185	-6.049822	-5.338078	-17.08185	-30.60498	-356.2278	-31.6726	-4.270463	-6.049822	-6.049822	-17.43772	-4.626335	-8.185054	-5.338078	-17.08185	-4.626335	-8.185054
15.28	-12.81139	214.6406	-560.2988	-38.07825	107.1174	-1989.754	-707.4733	132.0284	90.03564	46.26334	-17.08185	-6.049822	-5.338078	82.91815	-30.60498	20852.77	-31.6726	-4.270463	-6.049822	-6.049822	-17.43772	-4.626335	-8.185054	-5.338078	82.91815	-4.626335	-8.185054
15.57	-12.81139	914.6406	-1761.299	561.9218	7.117439	-1289.754	-507.4733	-367.9716	690.0356	46.26334	-17.08185	-6.049822	-5.338078	-17.08185	9071.395	-256.2278	-31.6726	-4.270463	-6.049822	-6.049822	-17.43772	-4.626335	-8.185054	-5.338078	-17.08185	-4.626335	-8.185054
15.85	-12.81139	-1285.359	339.7012	-138.0782	-92.88256	-2489.754	-207.4733	-267.9716	190.0356	-53.73666	-17.08185	-6.049822	-5.338078	82.91815	69.39502	7944.772	-31.6726	-4.270463	-6.049822	-6.049822	-17.43772	-4.626335	191.8149	-5.338078	82.91815	-4.626335	191.8149
16.14	-12.81139	214.6406	-660.2988	761.9218	-92.88256	-1989.754	492.5267	132.0284	390.0356	146.2633	-17.08185	-6.049822	-5.338078	-17.08185	169.395	343.7722	-31.6726	-4.270463	-6.049822	-6.049822	-17.43772	-4.626335	-8.185054	-5.338078	-17.08185	-4.626335	-8.185054
16.42	-12.81139	1014.641	-160.2988	461.9218	-92.88256	-488.7544	-107.4733	-367.9716	-409.9644	46.26334	-17.08185	-6.049822	-5.338078	-17.08185	-30.60498	21352.77	-31.6726	-4.270463	-6.049822	-6.049822	-17.43772	-4.626335	-8.185054	-5.338078	-17.08185	-4.626335	-8.185054
16.71	87.18861	414.6406	-861.2988	-38.07825	-92.88256	-2089.754	-507.4733	-67.97156	-209.9644	46.26334	-17.08185	-6.049822	-5.338078	82.91815	6270.395	-56.22775	-31.6726	-4.270463	-6.049822	-6.049822	-17.43772	-4.626335	-8.185054	-5.338078	82.91815	-4.626335	-8.185054
16.99	-12.81139	1514.641	-260.2988	-238.0782	-92.88256	-1689.754	-407.4733	-67.97156	790.0356	-53.73666	82.91815	-6.049822	-5.338078	82.91815	-130.605	14247.77	68.3274	-4.270463	-6.049822	-6.049822	-17.43772	-4.626335	-8.185054	-5.338078	82.91815	-4.626335	-8.185054
17.28	-12.81139	1114.641	-360.2988	61.92175	7.117439	-789.7544	992.5267	-67.97156	-9.964355	146.2633	-17.08185	-6.049822	-5.338078	-17.08185	3269.395	-56.22775	-31.6726	-4.270463	-6.049822	-6.049822	-17.43772	-4.626335	-8.185054	-5.338078	-17.08185	-4.626335	-8.185054
17.56	-12.81139	14.64062	39.70117	61.92175	-92.88256	-789.7544	292.5267	132.0284	-209.9644	-53.73666	-17.08185	-6.049822	-5.338078	-17.08185	169.395	443.7722	-31.6726	-4.270463	-6.049822	-6.049822	-17.43772	-4.626335	-8.185054	-5.338078	-17.08185	-4.626335	-8.185054
17.85	-12.81139	-785.3594	239.7012	261.9218	107.1174	-1089.754	-207.4733	232.0284	-209.9644	46.26334	-17.08185	-6.049822	-5.338078	-17.08185	5370.395	143.7722	-31.6726	-4.270463	-6.049822	-6.049822	-17.43772	-4.626335	-8.185054	-5.338078	-17.08185	-4.626335	-8.185054
18.13	-12.81139	114.6406	-761.2988	-338.0782	107.1174	-1689.754	-207.4733	32.02844	-109.9644	246.2633	-17.08185	-6.049822	-5.338078	-17.08185	-130.605	-156.2278	-31.6726	-4.270463	-6.049822	-6.049822	-17.43772	-4.626335	-8.185054	-5.338078	-17.08185	-4.626335	-8.185054
18.42	-12.81139	714.6406	-1361.299	-38.07825	7.117439	-689.7544	-407.4733	-67.97156	690.0356	-53.73666	-17.08185	-6.049822	-5.338078	-17.08185	4970.395	-256.2278	-31.6726	-4.270463	-6.049822	-6.049822	-17.43772	95.37366	-8.185054	-5.338078	-17.08185	95.37366	-8.185054
18.7	-12.81139	1314.641	-1161.299	261.9218	-92.88256	-1389.754	-1007.473	-367.9716	-9.964355	146.2633	82.91815	-6.049822	-5.338078	-17.08185	14773.39	17950.77	-31.6726	-4.270463	-6.049822	-6.049822	82.56228	-4.626335	-8.185054	-5.338078	-17.08185	-4.626335	-8.185054
18.99	87.18861	614.6406	139.7012	561.9218	7.117439	-689.7544	-107.4733	-67.97156	290.0356	-53.73666	-17.08185	-6.049822	-5.338078	-17.08185	69.39502	43.77225	-31.6726	-4.270463	-6.049822	-6.049822	-17.43772	-4.626335	-8.185054	-5.338078	-17.08185	-4.626335	-8.185054
19.27	-12.81139	-885.3594	-1461.299	-138.0782	7.117439	-2789.754	-507.4733	-367.9716	90.03564	46.26334	-17.08185	-6.049822	-5.338078	-17.08185	-30.60498	-256.2278	-31.6726	-4.270463	-6.049822	-6.049822	-17.43772	-4.626335	-8.185054	-5.338078	-17.08185	-4.626335	-8.185054
19.56	-12.81139	314.6406	-761.2988	-138.0782	-92.88256	-1089.754	792.5267	-167.9716	-109.9644	-53.73666	-17.08185	-6.049822	-5.338078	-17.08185	-130.605	-56.22775	-31.6726	-4.270463	-6.049822	-6.049822	-17.43772	-4.626335	-8.185054	-5.338078	-17.08185	-4.626335	-8.185054
19.84	-12.81139	414.6406	-1361.299	-138.0782	307.1174	-2089.754	92.52673	32.02844	-309.9644	-53.73666	-17.08185	-6.049822	-5.338078	-17.08185	-30.60498	43.77225	-31.6726	-4.270463	-6.049822	-6.049822	-17.43772	-4.626335	-8.185054	-5.338078	-17.08185	-4.626335	-8.185054
20.13	87.18861	1014.641	-460.2988	-238.0782	7.117439	411.2456	-207.4733	-267.9716	-9.964355	46.26334	82.91815	-6.049822	-5.338078	-17.08185	-30.60498	143.7722	-31.6726	-4.270463	-6.049822	-6.049822	-17.43772	-4.626335	-8.185054	-5.338078	-17.08185	-4.626335	-8.185054
20.41	-12.81139	214.6406	-1561.299	261.9218	207.1174	-1989.754	792.5267	-367.9716	190.0356	-53.73666	-17.08185	-6.049822	-5.338078	-17.08185	5470.395	-256.2278	-31.6726	-4.270463	-6.049822	-6.049822	-17.43772	-4.626335	-8.185054	-5.338078	-17.08185	-4.626335	-8.185054
20.7	-12.81139	614.6406	-560.2988	61.92175	207.1174	-889.7544	-707.4733	-467.9716	-409.9644	-53.73666	-17.08185	-6.049822	-5.338078	-17.08185	-130.605	43.77225	-31.6726	-4.270463	-6.049822	-6.049822	-17.43772	-4.626335	-8.185054	-5.338078	-17.08185	-4.626335	-8.185054
20.98	-12.81139	1414.641	-660.2988	-138.0782	107.1174	-1089.754	-107.4733	-67.97156	-509.9644	-53.73666	-17.08185	-6.049822	-5.338078	-17.08185	7170.395	47990.77	68.3274	-4.270463	-6.049822	-6.049822	-17.43772	-4.626335	-8.185054	-5.338078	-17.08185	-4.626335	-8.185054
21.27	-12.81139	114.6406	-1061.299	61.92175	-92.88256	-1089.754	-7.473267	-267.9716	-209.9644	-53.73666	-17.08185	-6.049822	-5.338078	-17.08185	69.39502	-56.22775	-31.6726	-4.270463	-6.049822	-6.049822	82.56228	-4.626335	-8.185054	-5.338078	-17.08185	-4.626335	-8.185054
21.55	-12.81139	-485.3594	-360.2988	-138.0782	-92.88256	-989.7544	-107.4733	132.0284	190.0356	-53.73666	-17.08185	-6.049822	-5.338078	-17.08185	-130.605	143.7722	-31.6726	-4.270463	-6.049822	-6.049822	82.56228	-4.626335	-8.185054	-5.338078	-17.08185	-4.626335	-8.185054
21.84	-12.81139	914.6406	-260.2988	-338.0782	-92.88256	-2189.754	-407.4733	132.0284	-9.964355	146.2633	-17.08185	-6.049822	-5.338078	-17.08185	-30.60498	143.7722	-31.6726	-4.270463	-6.049822	-6.049822	-17.43772	-4.626335	-8.185054	-5.338078	-17.08185	-4.626335	-8.185054
22.12	-12.81139	414.6406	439.7012	461.9218	107.1174	-689.7544	-407.4733	32.02844	90.03564	-53.73666	-17.08185	93.95018	-5.338078	-17.08185	69.39502	-156.2278	-31.6726	-4.270463	93.95018	-6.049822	-17.43772	-4.626335	-8.185054	-5.338078	-17.08185	-4.626335	-8.185054
22.41	-12.81139	114.6406	-260.2988	-438.0782	-92.88256	-1889.754	-407.4733	-67.97156	-109.9644	-53.73666	-17.08185	-6.049822	-5.338078	-17.08185	-130.605	-356.2278	168.3274	-4.270463	-6.049822	-6.049822	-17.43772	95.37366	-8.185054	-5.338078	-17.08185	95.37366	-8.185054
22.69	-12.81139	614.6406	-1561.299	161.9218	7.117439	-2289.754	-607.4733	-367.9716	290.0356	46.26334	82.91815	-6.049822	-5.338078	-17.08185	-30.60498	-56.22775	-31.6726	-4.270463	-6.049822	-6.049822	-17.43772	-4.626335	-8.185054	-5.338078	-17.08185	-4.626335	-8.185054
22.98	-12.81139	1314.641	139.7012	-138.0782	-92.88256	311.2456	92.52673	-367.9716	-309.9644	-53.73666	82.91815	-6.049822	-5.338078	-17.08185	-30.60498	243.7722	-31.6726	-4.270463	-6.049822	-6.049822	-17.43772	-4.626335	-8.185054	-5.338078	-17.08185	-4.626335	-8.185054
23.26	-12.81139	714.6406	-1861.299	-338.0782	-92.88256	711.2456	-407.4733	-67.97156	290.0356	146.2633	-17.08185	-6.049822	-5.338078	-17.08185	-30.60498	-156.2278	-31.6726	-4.270463	-6.049822	-6.049822	-17.43772	-4.626335	-8.185054	-5.338078	-17.08185	-4.626335	-8.185054
23.55	-12.81139	814.6406	939.7012	461.9218	7.117439	-1689.754	-7.473267	-67.97156	490.0356	-53.73666	-17.08185	-6.049822	-5.338078	82.91815	69.39502	-256.2278	-31.6726	-4.270463	-6.049822	-6.049822	-17.43772	95.37366	-8.185054	-5.338078	82.91815	95.37366	-8.185054
23.83	-12.81139	1714.641	-1061.299	-38.07825	7.117439	-1789.754	-407.4733	32.02844	-9.964355	46.26334	-17.08185	-6.049822	-5.338078	-17.08185	-30.60498	-56.22775	-31.6726	-4.270463	-6.049822	-6.049822	-17.43772	-4.626335	-8.185054	-5.338078	-17.08185	-4.626335	-8.185054
24.12	-12.81139	714.6406	-861.2988	-538.0782	207.1174	-1489.754	-607.4733	-367.9716	190.0356	46.26334	-17.08185	-6.049822	-5.338078	-17.08185	169.395	-56.22775	-31.6726	-4.270463	-6.049822	-6.049822	-17.43772	-4.626335	-8.185054	-5.338078	-17.08185	-4.626335	-8.185054
24.41	-12.81139	514.6406	-360.2988	-138.0782	7.117439	-1189.754	-607.4733	232.0284	190.0356	46.26334	-17.08185	-6.049822	-5.338078	82.91815	-130.605	-256.2278	68.3274	-4.270463	-6.049822	-6.049822	-17.43772	-4.626335	-8.185054	-5.338078	82.91815	-4.626335	-8.185054
24.69	-12.81139	914.6406	839.7012	461.9218	-92.88256	-388.7544	-507.4733	32.02844	90.03564	-53.73666	-17.08185	-6.049822	-5.338078	-17.08185	-30.60498	243.7722	-31.6726	-4.270463	-6.049822	-6.049822	-17.43772	-4.626335	-8.185054	-5.338078	-17.08185	-4.626335	-8.185054
24.97	-12.81139	114.6406	1139.701	-238.0782	7.117439	-1289.754	-7.473267	232.0284	-9.964355	-53.73666	82.91815	-6.049822	-5.338078	-17.08185	-30.60498	143.7722	-31.6726	-4.270463	-6.049822	-6.049822	-17.43772	-4.626335	-8.185054	-5.338078	-17.08185	-4.626335	-8.185054
25.26	-12.81139	314.6406	-1061.299	-238.0782	107.1174	-1389.754	292.5267	-267.9716	90.03564	-53.73666	-17.08185	-6.049822	-5.338078	-17.08185	-30.60498	143.7722	-31.6726	-4.270463	-6.049822	-6.049822	-17.43772	-4.626335	-8.185054	-5.338078	-17.08185	-4.626335	-8.185054
25.55	-12.81139	2014.641	-861.2988	-338.0782	107.1174	-288.7544	-407.4733	132.0284	190.0356	246.2633	-17.08185	-6.049822	-5.338078	-17.08185	-130.605	-56.22775	-31.6726	-4.270463	-6.049822	-6.049822	-17.43772	-4.626335	-8.185054	-5.338078	-17.08185	-4.626335	-8.185054
25.83	-12.81139	-1185.359	-761.2988	261.9218	207.1174	-1689.754	-307.4733	32.02844	-309.9644	146.2633	-17.08185	-6.049822	-5.338078	-17.08185	-30.60498	43.77225	-31.6726	95.72954	-6.049822	-6.049822	-17.43772	-4.626335	-8.185054	-5.338078	-17.08185	-4.626335	-8.185054
26.11	-12.81139	414.6406	-560.2988	61.92175	-92.88256	-1989.754	-307.4733	-267.9716	-309.9644	46.26334	-17.08185	-6.049822	-5.338078	82.91815	69.39502	-56.22775	-31.6726	-4.270463	-6.049822	-6.049822	-17.43772	-4.626335	-8.185054	-5.338078	82.91815	-4.626335	-8.185054
26.4	-12.81139	-685.3594	-961.2988	161.9218	-92.88256	-488.7544	-307.4733	432.0284	390.0356	46.26334	-17.08185	-6.049822	-5.338078	-17.08185	-30.60498	43.77225	-31.6726	-4.270463	-6.049822	-6.049822	-17.43772	-4.626335	-8.185054	-5.338078	-17.08185	-4.626335	-8.185054
26.69	-12.81139	1214.641	-761.2988	761.9218	7.117439	-2389.754	-7.473267	32.02844	190.0356	146.2633	-17.08185	-6.049822	-5.338078	-17.08185	-130.605	-56.22775	-31.6726	-4.270463	-6.049822	-6.049822	-17.43772	-4.626335	-8.185054	-5.338078	-17.08185	-4.626335	-8.185054
26.97	-12.81139	14.64062	-1761.299	261.9218	-92.88256	-2089.754	-407.4733	-467.9716	890.0356	-53.73666	-17.08185	-6.049822	-5.338078	-17.08185	369.395	343.7722	-31.6726	-4.270463	-6.049822	-6.049822	-17.43772	-4.626335	-8.185054	-5.338078	-17.08185	-4.626335	-8.185054
27.26	87.18861	1414.641	-160.2988	61.92175	-92.88256	-2289.754	-207.4733	-167.9716	290.0356	-53.73666	-17.08185	-6.049822	-5.338078	-17.08185	-30.60498	443.7722	-31.6726	-4.270463	-6.049822	-6.049822	-17.43772	-4.626335	-8.185054	-5.338078	-17.08185	-4.626335	-8.185054
27.54	-12.81139	1014.641	-560.2988	161.9218	7.117439	-1589.754	-307.4733	432.0284	190.0356	46.26334	-17.08185	-6.049822	-5.338078	-17.08185	-30.60498	343.7722	-31.6726	95.72954	-6.049822	-6.049822	-17.43772	-4.626335	-8.185054	-5.338078	-17.08185	-4.626335	-8.185054
27.83	-12.81139	-285.3594	-560.2988	-38.07825	7.117439	-989.7544	-907.4733	-367.9716	-609.9644	-53.73666	82.91815	-6.049822	-5.338078	-17.08185	-30.60498	43.77225	-31.6726	-4.270463	-6.049822	-6.049822	-17.43772	95.37366	-8.185054	-5.338078	-17.08185	95.37366	-8.185054
28.11	-12.81139	-85.35938	-1361.299	-238.0782	7.117439	-1189.754	392.5267	-267.9716	-409.9644	46.26334	-17.08185	-6.049822	-5.338078	-17.08185	69.39502	30162.77	-31.6726	-4.270463	93.95018	-6.049822	-17.43772	-4.626335	-8.185054	-5.338078	-17.08185	-4.626335	-8.185054
28.4	-12.81139	414.6406	-961.2988	461.9218	-92.88256	-1489.754	-1007.473	232.0284	-309.9644	-53.73666	82.91815	-6.049822	-5.338078	-17.08185	-30.60498	-256.2278	68.3274	-4.270463	-6.049822	-6.049822	-17.43772	-4.626335	-8.185054	-5.338078	-17.08185	-4.626335	-8.185054
28.68	-12.81139	-385.3594	-1261.299	61.92175	7.117439	-889.7544	-207.4733	232.0284	490.0356	-53.73666	-17.08185	-6.049822	-5.338078	-17.08185	-130.605	86594.77	68.3274	-4.270463	-6.049822	-6.049822	82.56228	-4.626335	-8.185054	-5.338078	-17.08185	-4.626335	-8.185054
28.97	87.18861	-485.3594	-961.2988	-38.07825	-92.88256	-1089.754	-107.4733	-167.9716	290.0356	46.26334	-17.08185	-6.049822	-5.338078	82.91815	-130.605	-156.2278	-31.6726	-4.270463	-6.049822	-6.049822	-17.43772	-4.626335	-8.185054	-5.338078	82.91815	-4.626335	-8.185054
29.25	-12.81139	-385.3594	-60.29883	-138.0782	7.117439	-88.75439	292.5267	432.0284	690.0356	46.26334	-17.08185	-6.049822	-5.338078	-17.08185	69.39502	-56.22775	-31.6726	-4.270463	-6.049822	-6.049822	-17.43772	-4.626335	-8.185054	-5.338078	-17.08185	-4.626335	-8.185054
29.54	-12.81139	114.6406	-1261.299	461.9218	-92.88256	-1289.754	-607.4733	232.0284	790.0356	46.26334	-17.08185	-6.049822	-5.338078	-17.08185	-130.605	-256.2278	-31.6726	-4.270463	-6.049822	-6.049822	82.56228	-4.626335	-8.185054	-5.338078	-17.08185	-4.626335	-8.185054
29.82	87.18861	514.6406	-1161.299	361.9218	-92.88256	-1489.754	892.5267	132.0284	590.0356	46.26334	-17.08185	-6.049822	-5.338078	-17.08185	69.39502	143.7722	-31.6726	-4.270463	-6.049822	-6.049822	-17.43772	-4.626335	-8.185054	-5.338078	-17.08185	-4.626335	-8.185054
30.11	87.18861	1714.641	-861.2988	-38.07825	107.1174	-2489.754	-207.4733	232.0284	-609.9644	-53.73666	-17.08185	-6.049822	-5.338078	-17.08185	69.39502	143.7722	-31.6726	-4.270463	-6.049822	-6.049822	-17.43772	-4.626335	-8.185054	-5.338078	-17.08185	-4.626335	-8.185054
30.39	-12.81139	1314.641	1139.701	361.9218	207.1174	-1289.754	-307.4733	232.0284	90.03564	-53.73666	82.91815	-6.049822	-5.338078	-17.08185	-130.605	-256.2278	-31.6726	-4.270463	-6.049822	-6.049822	82.56228	-4.626335	-8.185054	-5.338078	-17.08185	-4.626335	-8.185054
30.68	87.18861	-785.3594	-660.2988	261.9218	107.1174	-1289.754	-107.4733	232.0284	-9.964355	-53.73666	82.91815	-6.049822	-5.338078	-17.08185	69.39502	43.77225	68.3274	-4.270463	-6.049822	-6.049822	82.56228	-4.626335	-8.185054	-5.338078	-17.08185	-4.626335	-8.185054
30.96	-12.81139	-185.3594	-160.2988	-38.07825	7.117439	-1889.754	192.5267	-67.97156	390.0356	146.2633	-17.08185	-6.049822	-5.338078	-17.08185	69.39502	-56.22775	-31.6726	-4.270463	-6.049822	-6.049822	-17.43772	95.37366	-8.185054	-5.338078	-17.08185	95.37366	-8.185054
31.25	-12.81139	-485.3594	-961.2988	561.9218	-92.88256	-1389.754	-1107.473	-167.9716	190.0356	-53.73666	-17.08185	-6.049822	-5.338078	-17.08185	69.39502	-156.2278	-31.6726	-4.270463	-6.049822	-6.049822	182.5623	-4.626335	-8.185054	-5.338078	-17.08185	-4.626335	-8.185054
31.53	-12.81139	6917.641	-60.29883	-38.07825	7.117439	-488.7544	8394.526	-467.9716	-509.9644	-53.73666	282.9182	-6.049822	-5.338078	-17.08185	179411.4	665003.8	-31.6726	-4.270463	-6.049822	1993.95	382.5623	-4.626335	-8.185054	-5.338078	-17.08185	-4.626335	-8.185054
31.82	187.1886	1964560	-260.2988	-38.07825	107.1174	18522.25	171592.5	432.0284	-209.9644	1046.263	2282.918	293.9502	-5.338078	-17.08185	331757.4	836313.8	-31.6726	95.72954	593.9502	3593.95	1482.562	95.37366	191.8149	-5.338078	-17.08185	95.37366	191.8149
32.1	87.18861		-160.2988	561.9218	707.1174	42957.25	294944.5	332.0284	290.0356	2146.263	2782.918	393.9502	-5.338078	-17.08185	368263.4	976490.8	-31.6726	195.7295	593.9502	2493.95	1082.562	95.37366	391.8149	-5.338078	-17.08185	95.37366	391.8149
32.4	387.1886		39.70117	561.9218	607.1174	49571.25	430194.5	532.0284	-209.9644	2846.263	4482.918	593.9502	-5.338078	-17.08185	211375.4	919854.8	-31.6726	195.7295	193.9502	1593.95	1282.562	195.3737	791.8149	-5.338078	-17.08185	195.3737	791.8149
32.69	387.1886		3140.701	1561.922	307.1174	63405.25	537754.5	-167.9716	890.0356	3446.263	5483.918	593.9502	-5.338078	-17.08185	154972.4	782718.8	68.3274	195.7295	193.9502	993.9502	1082.562	-4.626335	891.8149	-5.338078	-17.08185	-4.626335	891.8149
32.98	287.1886		939.7012	1361.922	507.1174	77548.24	680171.5	332.0284	690.0356	4146.263	6183.918	293.9502	-5.338078	182.9182	245268.4	740253.8	-31.6726	195.7295	393.9502	1293.95	1082.562	95.37366	291.8149	-5.338078	182.9182	95.37366	291.8149
33.27	187.1886		539.7012	861.9218	307.1174	62403.25	583261.5	-67.97156	490.0356	6247.263	6083.918	893.9502	-5.338078	82.91815	315246.4	1203045	68.3274	95.72954	493.9502	893.9502	982.5623	95.37366	591.8149	-5.338078	82.91815	95.37366	591.8149
33.55	487.1886		1139.701	261.9218	307.1174	64107.25	576814.5	-167.9716	590.0356	5547.263	5683.918	993.9502	-5.338078	-17.08185	284379.4	724810.8	-31.6726	595.7296	593.9502	1093.95	1182.562	95.37366	591.8149	-5.338078	-17.08185	95.37366	591.8149
33.84	287.1886		1139.701	761.9218	607.1174	70325.24	635003.5	-167.9716	90.03564	5147.263	5883.918	1193.95	-5.338078	-17.08185	255166.4	697448.8	-31.6726	295.7295	393.9502	1593.95	1082.562	95.37366	491.8149	-5.338078	-17.08185	95.37366	491.8149
34.12	-12.81139		1139.701	761.9218	207.1174	82867.24	697439.5	232.0284	90.03564	5347.263	4182.918	1193.95	-5.338078	-17.08185	237998.4	537583.8	-31.6726	295.7295	693.9502	893.9502	782.5623	395.3737	691.8149	-5.338078	-17.08185	395.3737	691.8149
34.41	387.1886		139.7012	461.9218	407.1174	83067.24	734274.5	-67.97156	390.0356	6147.263	4782.918	793.9502	-5.338078	-17.08185	247186.4	622529.8	68.3274	95.72954	593.9502	793.9502	1182.562	95.37366	491.8149	-5.338078	-17.08185	95.37366	491.8149
34.7	487.1886		339.7012	661.9218	807.1174	87082.24	731803.5	-567.9716	-409.9644	4246.263	4882.918	493.9502	-5.338078	82.91815	220639.4	792426.8	68.3274	95.72954	193.9502	893.9502	582.5623	-4.626335	791.8149	-5.338078	82.91815	-4.626335	791.8149
34.99	487.1886		2139.701	561.9218	607.1174	80559.24	751475.5	32.02844	-309.9644	6547.263	5683.918	493.9502	-5.338078	-17.08185	259409.4	688916.8	68.3274	195.7295	293.9502	593.9502	1582.562	295.3737	191.8149	-5.338078	-17.08185	295.3737	191.8149
35.27	187.1886		1739.701	1561.922	707.1174	71228.24	719760.5	332.0284	-309.9644	6047.263	8083.918	793.9502	94.66192	82.91815	266382.4	716783.8	-31.6726	195.7295	593.9502	793.9502	782.5623	-4.626335	291.8149	94.66192	82.91815	-4.626335	291.8149
35.56	187.1886		1239.701	-38.07825	1007.117	83569.24	797265.5	-167.9716	-309.9644	5847.263	7083.918	1193.95	94.66192	82.91815	285694.4	809759.8	-31.6726	195.7295	293.9502	693.9502	1082.562	95.37366	891.8149	94.66192	82.91815	95.37366	891.8149
35.85	287.1886		1639.701	1361.922	107.1174	86078.24	806556.5	-267.9716	790.0356	6747.263	7183.918	993.9502	-5.338078	-17.08185	330238.4	1018969	168.3274	95.72954	393.9502	1293.95	1982.562	195.3737	891.8149	-5.338078	-17.08185	195.3737	891.8149
36.13	487.1886		2439.701	1761.922	107.1174	90796.24	792723.5	232.0284	890.0356	6247.263	7083.918	593.9502	94.66192	-17.08185	338142.4	1174725	68.3274	395.7295	593.9502	993.9502	1682.562	195.3737	991.8149	94.66192	-17.08185	195.3737	991.8149
36.42	387.1886		3340.701	561.9218	707.1174	91398.24	826493.5	32.02844	-9.964355	5047.263	6283.918	693.9502	-5.338078	82.91815	400656.4	1217205	-31.6726	95.72954	-6.049822	793.9502	1182.562	95.37366	691.8149	-5.338078	82.91815	95.37366	691.8149
36.71	287.1886		2039.701	761.9218	407.1174	95816.24	760956.5	-367.9716	290.0356	5047.263	4882.918	993.9502	-5.338078	-17.08185	507062.4	1306217	-31.6726	395.7295	793.9502	893.9502	1082.562	295.3737	791.8149	-5.338078	-17.08185	295.3737	791.8149
37	187.1886		3340.701	761.9218	107.1174	91197.24	744367.5	-167.9716	790.0356	5147.263	6483.918	893.9502	94.66192	-17.08185	874920.4	2155126	-31.6726	295.7295	593.9502	1093.95	1582.562	-4.626335	991.8149	94.66192	-17.08185	-4.626335	991.8149
37.29	187.1886		939.7012	961.9218	807.1174	101037.2	697244.5	-367.9716	90.03564	5647.263	8383.918	1193.95	94.66192	182.9182	3780696	9808655	-31.6726	395.7295	593.9502	6794.95	3482.562	195.3737	691.8149	94.66192	182.9182	195.3737	691.8149
37.58	1487.189		3540.701	6962.922	3507.117	104251.2	820707.5	732.0284	790.0356	7947.263	16788.92	1593.95	-5.338078	382.9182	2.464794e+07	6.910858e+07	268.3274	295.7295	293.9502	9195.95	7983.562	95.37366	1491.815	-5.338078	382.9182	95.37366	1491.815
37.86	2687.189		2339.701	14966.92	5608.118	94611.24	673596.5	-67.97156	1190.036	10648.26	20490.92	693.9502	-5.338078	782.9182	4.155639e+07	1.115907e+08	168.3274	1595.729	293.9502	9395.95	8383.562	95.37366	991.8149	-5.338078	782.9182	95.37366	991.8149
38.15	3287.189		2639.701	19870.92	5608.118	86680.24	522332.5	832.0284	1390.036	10548.26	27898.92	493.9502	-5.338078	482.9182	6.350928e+07	1.581993e+08	968.3274	1695.729	493.9502	10395.95	10484.56	95.37366	1091.815	-5.338078	482.9182	95.37366	1091.815
38.43	4687.188		2639.701	24474.92	9909.117	49972.25	450550.5	1232.028	1690.036	10848.26	33404.92	593.9502	-5.338078	482.9182	8.351911e+07	2.12279e+08	668.3274	1895.729	93.95018	8194.95	9384.562	-4.626335	791.8149	-5.338078	482.9182	-4.626335	791.8149
38.72	5388.188		4040.701	24975.92	10809.12	42757.25	345692.5	1632.028	1590.036	13850.26	36609.92	993.9502	94.66192	1282.918	8.92693e+07	2.343131e+08	968.3274	2095.729	293.9502	5494.95	10784.56	-4.626335	1191.815	94.66192	1282.918	-4.626335	1191.815
39.01	5188.188	3813884	1739.701	32984.92	13411.12	39651.25	272186.5	1432.028	3090.036	13550.26	39714.92	493.9502	-5.338078	1682.918	1.106898e+08	3.004214e+08	468.3274	1595.729	193.9502	4493.95	12185.56	95.37366	791.8149	-5.338078	1682.918	95.37366	791.8149
39.29	3987.189	3119770	3540.701	41497.92	12810.12	28934.25	215130.5	1432.028	3491.036	16451.26	42017.92	693.9502	-5.338078	1282.918	1.134983e+08	3.244629e+08	568.3274	1295.729	93.95018	6094.95	10984.56	95.37366	1491.815	-5.338078	1282.918	95.37366	1491.815
39.58	2687.189	2522126	2739.701	53019.92	9009.117	25229.25	235817.5	1732.028	4191.036	16852.26	41617.92	293.9502	-5.338078	1782.918	1.195157e+08	3.384877e+08	2068.327	1295.729	-6.049822	8795.95	11585.56	-4.626335	2391.815	-5.338078	1782.918	-4.626335	2391.815
39.86	3687.189	2149096	1439.701	83203.92	6008.118	18622.25	229559.5	2332.028	4191.036	21555.26	43019.92	193.9502	-5.338078	3082.918	1.212368e+08	3.62531e+08	2868.327	1195.729	293.9502	12296.95	12585.56	-4.626335	3491.815	-5.338078	3082.918	-4.626335	3491.815
40.15	1587.189	1646827	4540.701	102776.9	6008.118	17421.25	143212.5	2232.028	2790.036	25059.26	44321.92	-6.049822	-5.338078	2682.918	1.21835e+08	3.2847e+08	2368.327	1195.729	393.9502	14097.95	11385.56	-4.626335	3991.815	-5.338078	2682.918	-4.626335	3991.815
40.44	1787.189	1474196	4440.701	118044.9	3907.117	16320.25	152970.5	2332.028	4091.036	26961.26	49531.92	93.95018	94.66192	2682.918	1.208867e+08	3.68542e+08	2768.327	1295.729	193.9502	20001.95	10384.56	-4.626335	5092.815	94.66192	2682.918	-4.626335	5092.815
40.72	1287.189	1271984	3540.701	134025.9	3407.117	8814.246	141301.5	1932.028	2690.036	30965.26	52036.92	193.9502	-5.338078	3582.918	1.284218e+08	3.384877e+08	5169.328	1095.729	293.9502	19401.95	14186.56	-4.626335	6692.815	-5.338078	3582.918	-4.626335	6692.815
41.01	1187.189	937086.6	3140.701	153638.9	2407.117	8614.246	105422.5	2332.028	2590.036	34270.26	61457.92	193.9502	-5.338078	4282.918	1.341275e+08	3.945906e+08	4068.327	2495.729	-6.049822	25306.95	15487.56	-4.626335	6292.815	-5.338078	4282.918	-4.626335	6292.815
41.29	1087.189	912599.6	3640.701	193414.9	2207.117	5513.246	97590.52	1832.028	2690.036	38476.26	60856.92	93.95018	-5.338078	3582.918	1.247691e+08	4.026059e+08	4168.328	1295.729	293.9502	24005.95	12785.56	-4.626335	5892.815	-5.338078	3582.918	-4.626335	5892.815
41.58	587.1886	777926.6	3340.701	191197.9	807.1174	7013.246	100200.5	2032.028	3090.036	39077.26	66571.92	93.95018	-5.338078	4182.918	1.330589e+08	2.904044e+08	3368.327	2895.729	-6.049822	28409.95	15287.56	-4.626335	6992.815	-5.338078	4182.918	-4.626335	6992.815
41.87	787.1886	703038.6	2839.701	266283.9	1207.117	4212.246	99296.52	2732.028	2990.036	31566.26	88940.92	593.9502	-5.338078	3582.918	1.386107e+08	3.244629e+08	2768.327	4495.729	-6.049822	29711.95	12485.56	-4.626335	5992.815	-5.338078	3582.918	-4.626335	5992.815
42.15	1987.189	423477.6	4340.701	322643.9	1507.117	4912.246	77618.52	2832.028	4491.036	28362.26	97572.92	193.9502	-5.338078	4082.918	1.36427e+08	3.805643e+08	3368.327	6696.729	93.95018	32214.95	13886.56	-4.626335	5792.815	-5.338078	4082.918	-4.626335	5792.815
42.44	2887.189	407003.6	2639.701	336626.9	1807.117	3012.246	56159.53	2632.028	3591.036	27761.26	105303.9	93.95018	-5.338078	4282.918	1.332345e+08	3.525128e+08	3768.327	5196.729	-6.049822	35819.95	12685.56	-4.626335	5192.815	-5.338078	4282.918	-4.626335	5192.815
42.73	3587.189	339895.6	3440.701	374257.9	1307.117	2211.246	52150.53	1932.028	2790.036	19253.26	118964.9	93.95018	-5.338078	3382.918	1.306153e+08	3.645347e+08	2668.327	8196.729	93.95018	30912.95	12885.56	95.37366	3291.815	-5.338078	3382.918	95.37366	3291.815
43.01	4087.189	295727.6	3040.701	403711.9	2707.117	411.2456	40027.53	2732.028	2790.036	20955.26	129617.9	493.9502	-5.338078	3282.918	1.329418e+08	3.404912e+08	2768.327	6796.729	-6.049822	32314.95	11985.56	-4.626335	2691.815	-5.338078	3282.918	-4.626335	2691.815
43.3	3687.189	304433.6	1539.701	386339.9	1207.117	911.2456	32716.53	1932.028	2890.036	20855.26	135951.9	-6.049822	-5.338078	2682.918	1.363977e+08	3.605274e+08	2968.327	9397.729	-6.049822	34817.95	12585.56	-4.626335	3791.815	-5.338078	2682.918	-4.626335	3791.815
43.58	5288.188	220538.6	4640.701	409708.9	1607.117	2511.246	33517.53	2132.028	2690.036	17152.26	136554.9	293.9502	-5.338078	2482.918	1.349768e+08	3.304735e+08	2068.327	9697.729	93.95018	32314.95	11084.56	-4.626335	3091.815	-5.338078	2482.918	-4.626335	3091.815
43.87	4987.188	166912.6	1539.701	377099.9	2307.117	1611.246	32015.53	3132.028	3991.036	13650.26	137358.9	493.9502	-5.338078	3582.918	1.272546e+08	3.845718e+08	1668.327	11097.73	93.95018	38423.95	12285.56	-4.626335	2091.815	-5.338078	3582.918	-4.626335	2091.815
44.16	6288.188	130788.6	2139.701	363601.9	7008.118	11.24561	20002.53	3532.028	4491.036	13650.26	125295.9	293.9502	-5.338078	3082.918	1.305714e+08	3.404912e+08	2268.327	10197.73	293.9502	32314.95	11385.56	-4.626335	1691.815	-5.338078	3082.918	-4.626335	1691.815
44.44	6788.188	94416.64	3940.701	312920.9	12610.12	711.2456	23905.53	2632.028	3691.036	9848.264	130321.9	393.9502	-5.338078	1882.918	1.352091e+08	3.384877e+08	968.3274	7696.729	-6.049822	27708.95	11685.56	-4.626335	1591.815	-5.338078	1882.918	-4.626335	1591.815
44.73	5988.188	140543.6	3440.701	261230.9	19715.12	-188.7544	16899.53	3432.028	3791.036	10048.26	109019.9	93.95018	-5.338078	1882.918	1.346693e+08	3.044282e+08	1468.327	7796.729	93.95018	24405.95	10584.56	-4.626335	2191.815	-5.338078	1882.918	-4.626335	2191.815
45.01	9189.188	73039.64	4840.701	195430.9	23919.12	-789.7544	13097.53	2332.028	2790.036	10348.26	94862.92	393.9502	-5.338078	1682.918	1.312443e+08	3.304735e+08	968.3274	6596.729	-6.049822	19701.95	12085.56	-4.626335	1491.815	-5.338078	1682.918	-4.626335	1491.815
45.3	10389.19	82972.64	3240.701	158066.9	33429.12	-288.7544	11596.53	2532.028	3190.036	10048.26	92955.92	493.9502	-5.338078	582.9182	1.33132e+08	4.106212e+08	1068.327	5696.729	-6.049822	17399.95	14186.56	-4.626335	1191.815	-5.338078	582.9182	-4.626335	1191.815
45.59	12790.19	49175.64	4440.701	136337.9	49155.12	-1189.754	11996.53	1932.028	3190.036	5947.263	96167.92	493.9502	-5.338078	982.9182	1.382149e+08	4.026059e+08	968.3274	5296.729	93.95018	12896.95	11985.56	-4.626335	1191.815	-5.338078	982.9182	-4.626335	1191.815
45.87	20395.19	74845.64	3540.701	120255.9	49155.12	-488.7544	12296.53	3332.028	3991.036	8948.264	80411.92	793.9502	-5.338078	982.9182	1.42527e+08	3.424948e+08	568.3274	4195.729	93.95018	12696.95	11985.56	-4.626335	991.8149	-5.338078	982.9182	-4.626335	991.8149
46.16	22397.19	40457.64	4840.701	109404.9	59578.12	-388.7544	11696.53	2132.028	3491.036	10648.26	78706.92	93.95018	-5.338078	1382.918	1.491297e+08	4.046097e+08	1668.327	4395.729	193.9502	14897.95	14086.56	-4.626335	791.8149	-5.338078	1382.918	-4.626335	791.8149
46.44	21196.19	77253.64	2239.701	92435.92	58476.12	-188.7544	10495.53	2232.028	5191.036	10648.26	65768.92	293.9502	94.66192	1782.918	1.388599e+08	3.62531e+08	968.3274	2795.729	-6.049822	16799.95	12085.56	-4.626335	991.8149	94.66192	1782.918	-4.626335	991.8149
46.73	20195.19	31141.64	3240.701	89725.92	47953.12	-1189.754	11796.53	2132.028	3491.036	11549.26	62961.92	93.95018	-5.338078	782.9182	1.33176e+08	3.2847e+08	1268.327	3595.729	93.95018	18200.95	10484.56	-4.626335	1491.815	-5.338078	782.9182	-4.626335	1491.815
47.02	17993.19	34546.64	3440.701	83102.92	48654.12	-1789.754	13697.53	2032.028	3791.036	10248.26	66170.92	193.9502	-5.338078	1282.918	1.434076e+08	3.765569e+08	1468.327	3395.729	93.95018	24405.95	13686.56	-4.626335	1491.815	-5.338078	1282.918	-4.626335	1491.815
47.3	16993.19	47170.64	2539.701	89023.92	49656.12	-288.7544	14297.53	2832.028	4391.036	14650.26	68977.92	393.9502	-5.338078	882.9182	1.386107e+08	3.82568e+08	1168.327	1895.729	-6.049822	31813.95	12585.56	-4.626335	1791.815	-5.338078	882.9182	-4.626335	1791.815
47.59	13891.19	46268.64	1439.701	85410.92	45248.12	411.2456	15198.53	2332.028	4291.036	17252.26	65568.92	193.9502	-5.338078	982.9182	1.38684e+08	3.2847e+08	1068.327	2895.729	93.95018	41828.95	12485.56	-4.626335	2291.815	-5.338078	982.9182	-4.626335	2291.815
47.88	13391.19	25633.64	3440.701	90428.92	41942.12	-1989.754	19101.53	1532.028	4091.036	17752.26	70281.92	93.95018	-5.338078	1082.918	1.357531e+08	4.00602e+08	1268.327	3895.729	93.95018	50644.95	13786.56	-4.626335	2491.815	-5.338078	1082.918	-4.626335	2491.815
48.16	8288.188	21228.64	4040.701	108099.9	35532.12	-1689.754	23205.53	3732.028	2490.036	21956.26	68877.92	293.9502	-5.338078	1982.918	1.351526e+08	3.404912e+08	1968.327	4195.729	193.9502	57960.95	14486.56	-4.626335	2891.815	-5.338078	1982.918	-4.626335	2891.815
48.45	8288.188	36650.64	3040.701	105387.9	28724.12	-288.7544	21203.53	2832.028	3290.036	22256.26	68476.92	-6.049822	-5.338078	1182.918	1.257331e+08	3.68542e+08	2468.327	2995.729	93.95018	72297.95	11185.56	-4.626335	3091.815	-5.338078	1182.918	-4.626335	3091.815
48.73	7788.188	22830.64	3540.701	111916.9	26321.12	111.2456	25207.53	2932.028	2590.036	24658.26	73189.92	-6.049822	-5.338078	2082.918	1.309517e+08	3.805643e+08	1968.327	4295.729	-6.049822	72097.95	11385.56	-4.626335	3091.815	-5.338078	2082.918	-4.626335	3091.815
49.02	8288.188	23431.64	3840.701	116135.9	23018.12	-1489.754	24906.53	3332.028	3090.036	29564.26	76198.92	93.95018	-5.338078	2682.918	1.303081e+08	3.565201e+08	3468.327	3895.729	-6.049822	83833.95	11385.56	-4.626335	2891.815	-5.338078	2682.918	-4.626335	2891.815
49.31	5988.188	30140.64	5040.701	143679.9	16212.12	11.24561	30112.53	2332.028	4491.036	33869.26	79910.92	-6.049822	-5.338078	1582.918	1.308347e+08	3.244629e+08	2268.327	3795.729	193.9502	92564.95	15587.56	-4.626335	4391.815	-5.338078	1582.918	-4.626335	4391.815
49.59	4387.188	23231.64	3440.701	145288.9	13211.12	-1489.754	35019.53	2032.028	2690.036	34770.26	80311.92	93.95018	-5.338078	1582.918	1.424389e+08	3.525128e+08	4668.328	4895.729	-6.049822	102303	12285.56	-4.626335	5192.815	-5.338078	1582.918	-4.626335	5192.815
49.88	3587.189	27135.64	3940.701	166722.9	10009.12	-388.7544	38825.53	2932.028	4391.036	37374.26	86933.92	93.95018	-5.338078	2582.918	1.373208e+08	3.264664e+08	3768.327	4695.729	93.95018	104110	14786.56	-4.626335	6392.815	-5.338078	2582.918	-4.626335	6392.815
50.16	4187.188	22129.64	3640.701	175281.9	8609.117	-1689.754	39226.53	2232.028	3290.036	35071.26	86431.92	93.95018	-5.338078	3182.918	1.433049e+08	3.404912e+08	4868.328	3195.729	93.95018	102504	15487.56	-4.626335	6692.815	-5.338078	3182.918	-4.626335	6692.815
50.45	3687.189	29439.64	5240.701	169541.9	8008.118	-1589.754	42231.53	1632.028	2390.036	35672.26	81013.92	-6.049822	-5.338078	3282.918	1.339226e+08	3.68542e+08	4268.328	3695.729	-6.049822	106621	12285.56	-4.626335	4891.815	-5.338078	3282.918	-4.626335	4891.815
50.74	3487.189	30841.64	2940.701	169239.9	5608.118	-2089.754	39727.53	2932.028	2790.036	39577.26	76900.92	93.95018	-5.338078	2582.918	1.278518e+08	4.226444e+08	4568.328	4295.729	-6.049822	102705	13486.56	-4.626335	6192.815	-5.338078	2582.918	-4.626335	6192.815
51.02	2087.189	145473.6	4040.701	180820.9	5908.118	-388.7544	62274.53	2832.028	2790.036	39177.26	77101.92	-6.049822	-5.338078	3182.918	1.346986e+08	4.046097e+08	5169.328	3595.729	93.95018	104512	12685.56	-4.626335	6592.815	-5.338078	3182.918	-4.626335	6592.815
51.31	2687.189	38052.64	3040.701	183439.9	4007.117	-1089.754	64781.53	2532.028	3591.036	42783.26	82317.92	93.95018	-5.338078	3782.918	1.30703e+08	3.805643e+08	5069.328	3595.729	93.95018	98085.95	10384.56	-4.626335	7292.815	-5.338078	3782.918	-4.626335	7292.815
51.59	1387.189	38954.64	2739.701	189988.9	3207.117	311.2456	45537.53	2432.028	3290.036	39678.26	84926.92	-6.049822	-5.338078	3582.918	1.42571e+08	3.665384e+08	4068.327	2495.729	93.95018	86944.95	12685.56	-4.626335	6892.815	-5.338078	3582.918	-4.626335	6892.815
51.88	1587.189	42260.64	3940.701	188376.9	3307.117	-2089.754	46839.53	2232.028	2490.036	42783.26	80411.92	293.9502	-5.338078	2282.918	1.344497e+08	3.585237e+08	5969.328	3095.729	-6.049822	80924.95	12185.56	-4.626335	5992.815	-5.338078	2282.918	-4.626335	5992.815
52.17	1587.189	29238.64	3340.701	184144.9	2807.117	-588.7544	44936.53	2432.028	2990.036	39077.26	72788.92	-6.049822	-5.338078	2382.918	1.352991e+08	3.765569e+08	5269.328	3495.729	-6.049822	76510.95	13886.56	-4.626335	8092.815	-5.338078	2382.918	-4.626335	8092.815
52.45	1187.189	32844.64	3040.701	201176.9	2607.117	11.24561	57162.53	2432.028	4291.036	42482.26	81314.92	293.9502	-5.338078	3382.918	1.272546e+08	3.785605e+08	5269.328	2295.729	-6.049822	69189.95	12585.56	-4.626335	5992.815	-5.338078	3382.918	-4.626335	5992.815
52.74	1387.189	36450.64	2639.701	177093.9	1807.117	-1189.754	50848.53	2032.028	1990.036	41781.26	75095.92	193.9502	-5.338078	3782.918	1.447584e+08	3.845718e+08	5669.328	2895.729	293.9502	58862.95	14886.56	-4.626335	6492.815	-5.338078	3782.918	-4.626335	6492.815
53.02	487.1886	32443.64	3540.701	186159.9	1107.117	111.2456	50747.53	2632.028	3591.036	41080.26	72387.92	-6.049822	-5.338078	4282.918	1.377312e+08	3.525128e+08	4168.328	2195.729	-6.049822	56657.95	11385.56	-4.626335	6192.815	-5.338078	4282.918	-4.626335	6192.815
53.31	1187.189	25533.64	3840.701	167326.9	807.1174	-1189.754	50246.53	2032.028	3891.036	40178.26	71685.92	-6.049822	94.66192	4082.918	1.340104e+08	2.904044e+08	4768.328	2495.729	193.9502	50243.95	12685.56	-4.626335	5692.815	94.66192	4082.918	-4.626335	5692.815
53.6	287.1886	26635.64	1739.701	170145.9	1407.117	411.2456	48242.53	1432.028	2990.036	37975.26	65167.92	193.9502	-5.338078	4482.918	1.37526e+08	3.344805e+08	4368.328	1795.729	493.9502	40926.95	9984.562	-4.626335	5292.815	-5.338078	4482.918	-4.626335	5292.815
53.88	387.1886	27236.64	4540.701	157965.9	1107.117	-1189.754	43133.53	2332.028	3491.036	36272.26	62761.92	93.95018	-5.338078	4182.918	1.337176e+08	3.344805e+08	4568.328	2195.729	93.95018	41227.95	14086.56	-4.626335	4491.815	-5.338078	4182.918	-4.626335	4491.815
54.17	587.1886	22029.64	4240.701	155349.9	1407.117	-1089.754	44836.53	2632.028	2290.036	35071.26	65568.92	-6.049822	-5.338078	4082.918	1.344057e+08	3.945906e+08	4968.328	2395.729	-6.049822	38523.95	11985.56	-4.626335	5092.815	-5.338078	4082.918	-4.626335	5092.815
54.45	687.1886	31542.64	3240.701	166017.9	607.1174	-1089.754	50647.53	1832.028	2990.036	38676.26	65668.92	393.9502	-5.338078	3482.918	1.45669e+08	4.166328e+08	6369.328	2095.729	93.95018	35318.95	13486.56	-4.626335	6092.815	-5.338078	3482.918	-4.626335	6092.815
54.74	487.1886	20828.64	3440.701	169843.9	1207.117	-1389.754	44435.53	2532.028	2490.036	34870.26	63362.92	93.95018	-5.338078	4682.918	1.31376e+08	3.925868e+08	5769.328	1095.729	-6.049822	34517.95	12785.56	-4.626335	6792.815	-5.338078	4682.918	-4.626335	6792.815
55.03	587.1886	20427.64	2539.701	173971.9	807.1174	-1289.754	49545.53	3032.028	3491.036	37875.26	66170.92	-6.049822	-5.338078	4082.918	1.442738e+08	4.206406e+08	4468.328	1195.729	-6.049822	34116.95	13185.56	-4.626335	4391.815	-5.338078	4082.918	-4.626335	4391.815
55.31	387.1886	20427.64	5340.701	147903.9	407.1174	-1689.754	43533.53	2232.028	2690.036	34169.26	57047.92	-6.049822	-5.338078	3282.918	1.325027e+08	3.745531e+08	4468.328	995.7296	93.95018	33816.95	12185.56	-4.626335	3691.815	-5.338078	3282.918	-4.626335	3691.815
55.6	-12.81139	18425.64	2439.701	139455.9	607.1174	-1289.754	43533.53	2532.028	4891.036	29564.26	59954.92	193.9502	-5.338078	3282.918	1.393144e+08	3.945906e+08	3868.327	1595.729	93.95018	33415.95	14786.56	95.37366	4491.815	-5.338078	3282.918	95.37366	4491.815
55.88	787.1886	20928.64	2039.701	140058.9	1307.117	-1389.754	43533.53	3232.028	3190.036	31065.26	54642.92	-6.049822	-5.338078	3282.918	1.351672e+08	3.46502e+08	3868.327	695.7296	-6.049822	33716.95	12985.56	-4.626335	4191.815	-5.338078	3282.918	-4.626335	4191.815
56.17	-12.81139	18425.64	3940.701	133623.9	307.1174	-1389.754	40328.53	2832.028	3090.036	31466.26	56546.92	-6.049822	-5.338078	2682.918	1.381123e+08	3.32477e+08	5469.328	1095.729	93.95018	36119.95	13286.56	-4.626335	3591.815	-5.338078	2682.918	-4.626335	3591.815
56.46	287.1886	17324.64	1939.701	122867.9	407.1174	-789.7544	35320.53	3032.028	2890.036	26961.26	49631.92	-6.049822	-5.338078	3082.918	1.384641e+08	3.62531e+08	4568.328	1395.729	-6.049822	33015.95	13986.56	-4.626335	4591.815	-5.338078	3082.918	-4.626335	4591.815
56.74	287.1886	21729.64	3740.701	103579.9	407.1174	-889.7544	35420.53	2432.028	3791.036	24458.26	48028.92	-6.049822	-5.338078	3182.918	1.293429e+08	3.545164e+08	3668.327	895.7296	193.9502	33515.95	11285.56	-4.626335	4391.815	-5.338078	3182.918	-4.626335	4391.815
57.03	187.1886	24532.64	3240.701	107597.9	1807.117	-1789.754	32215.53	2132.028	2590.036	24258.26	48128.92	-6.049822	-5.338078	2682.918	1.362512e+08	4.086173e+08	3768.327	1295.729	93.95018	29611.95	14786.56	-4.626335	2591.815	-5.338078	2682.918	-4.626335	2591.815
57.32	487.1886	37952.64	3340.701	101772.9	2307.117	-588.7544	34519.53	2632.028	3390.036	21455.26	43620.92	93.95018	-5.338078	1682.918	1.249444e+08	3.505092e+08	3768.327	1195.729	-6.049822	29410.95	10584.56	-4.626335	2791.815	-5.338078	1682.918	-4.626335	2791.815
57.6	687.1886	18225.64	2339.701	90829.92	1707.117	11.24561	30112.53	2332.028	4591.036	21555.26	44522.92	-6.049822	-5.338078	1782.918	1.482992e+08	3.845718e+08	3868.327	1495.729	-6.049822	31112.95	14786.56	-4.626335	3391.815	-5.338078	1782.918	-4.626335	3391.815
57.89	2387.189	33845.64	4440.701	90829.92	4707.118	1511.246	47841.53	2132.028	4191.036	22056.26	46024.92	93.95018	-5.338078	2482.918	1.507549e+08	3.62531e+08	2268.327	1895.729	193.9502	30612.95	17188.56	95.37366	2591.815	-5.338078	2482.918	95.37366	2591.815
58.17	1987.189	149095.6	2439.701	78387.92	5908.118	3812.246	62475.53	2732.028	4491.036	16151.26	40114.92	93.95018	-5.338078	2382.918	1.423802e+08	3.82568e+08	2168.327	1295.729	93.95018	24005.95	12685.56	-4.626335	2491.815	-5.338078	2382.918	-4.626335	2491.815
58.46	3087.189	461755.6	3040.701	71967.92	6708.118	8214.246	101606.5	2132.028	2590.036	17152.26	41216.92	-6.049822	-5.338078	1882.918	1.361486e+08	3.645347e+08	2868.327	995.7296	193.9502	22303.95	12285.56	95.37366	2291.815	-5.338078	1882.918	95.37366	2291.815
58.75	2187.189	722691.6	3740.701	59735.92	7608.118	12116.25	132150.5	1432.028	3491.036	14050.26	32002.92	293.9502	94.66192	1582.918	1.181015e+08	3.244629e+08	1968.327	1195.729	-6.049822	17799.95	8884.562	-4.626335	1791.815	94.66192	1582.918	-4.626335	1791.815
59.03	3187.189	1008296	3040.701	47308.92	8408.117	16920.25	165249.5	1732.028	3991.036	12949.26	36008.92	193.9502	-5.338078	1382.918	1.161634e+08	3.024248e+08	1868.327	1095.729	293.9502	13697.95	9684.562	195.3737	2091.815	-5.338078	1382.918	195.3737	2091.815
59.32	3087.189	1389950	3540.701	41297.92	6908.118	22626.25	196073.5	1632.028	3891.036	9848.264	30801.92	393.9502	-5.338078	1082.918	1.121011e+08	3.184524e+08	1368.327	1895.729	393.9502	13997.95	8383.562	-4.626335	1391.815	-5.338078	1082.918	-4.626335	1391.815
59.6	2987.189	1914478	2839.701	35187.92	5908.118	24528.25	203734.5	2032.028	2590.036	12349.26	26296.92	493.9502	-5.338078	1182.918	9.556466e+07	2.98418e+08	968.3274	895.7296	293.9502	9295.95	8583.562	-4.626335	1791.815	-5.338078	1182.918	-4.626335	1791.815
59.89	1787.189	2425070	2639.701	35988.92	7908.118	31137.25	218762.5	1832.028	3290.036	9548.264	25895.92	593.9502	94.66192	682.9182	9.006466e+07	2.643612e+08	1968.327	1295.729	493.9502	12496.95	5483.562	195.3737	1391.815	94.66192	682.9182	195.3737	1391.815
60.17	3087.189	2904899	2639.701	28078.92	7608.118	35243.25	250055.5	1832.028	3491.036	9748.264	25195.92	493.9502	94.66192	582.9182	8.129666e+07	2.263006e+08	968.3274	695.7296	393.9502	9095.95	6083.562	195.3737	1391.815	94.66192	582.9182	195.3737	1391.815
60.46	3587.189	3686042	3940.701	21671.92	8008.118	43959.25	273905.5	1132.028	1290.036	8247.264	24494.92	393.9502	94.66192	282.9182	7.409041e+07	1.762252e+08	868.3274	895.7296	393.9502	5494.95	4282.562	-4.626335	1091.815	94.66192	282.9182	-4.626335	1091.815
60.75	2987.189	4391580	4140.701	20470.92	9109.117	49571.25	318229.5	1632.028	2290.036	6147.263	18689.92	993.9502	-5.338078	882.9182	6.550521e+07	1.602021e+08	268.3274	895.7296	193.9502	7494.95	4882.562	295.3737	591.8149	-5.338078	882.9182	295.3737	591.8149
61.03	1487.189		2439.701	14266.92	8208.117	54282.25	369531.5	1032.028	1490.036	5647.263	18689.92	693.9502	-5.338078	282.9182	5.555106e+07	1.301603e+08	268.3274	795.7296	293.9502	6594.95	4182.562	195.3737	891.8149	-5.338078	282.9182	195.3737	891.8149
61.32	3487.189		3340.701	14066.92	7908.118	58192.25	454725.5	1032.028	1590.036	7447.263	13986.92	493.9502	-5.338078	282.9182	4.595326e+07	1.334478e+08	768.3274	795.7296	393.9502	11095.95	3382.562	595.3737	791.8149	-5.338078	282.9182	595.3737	791.8149
61.61	2187.189		2239.701	12365.92	6808.118	64809.25	502938.5	132.0284	1190.036	5847.263	13986.92	593.9502	-5.338078	82.91815	4.498205e+07	1.21741e+08	368.3274	595.7296	293.9502	13897.95	5583.562	95.37366	1191.815	-5.338078	82.91815	95.37366	1191.815
61.89	2487.189		1639.701	16767.92	7708.118	63907.25	541740.5	1832.028	490.0356	6147.263	21792.92	1393.95	-5.338078	682.9182	5.294522e+07	1.407434e+08	468.3274	1195.729	593.9502	29611.95	6783.562	295.3737	991.8149	-5.338078	682.9182	295.3737	991.8149
62.18	3187.189		1639.701	26676.92	5808.118	63305.25	540105.5	1332.028	1390.036	6547.263	32804.92	993.9502	-5.338078	582.9182	6.855153e+07	1.702165e+08	1168.327	2295.729	493.9502	57359.95	9184.562	295.3737	1291.815	-5.338078	582.9182	295.3737	1291.815
62.46	2687.189		1739.701	41297.92	7208.118	56788.25	450346.5	1732.028	2190.036	5747.263	41016.92	693.9502	-5.338078	782.9182	8.219125e+07	2.162851e+08	868.3274	2195.729	393.9502	72297.95	11985.56	295.3737	1391.815	-5.338078	782.9182	295.3737	1391.815
62.75	4887.188	4390988	2039.701	58031.92	8308.117	57189.25	396745.5	1532.028	1390.036	5547.263	53640.92	1293.95	94.66192	1582.918	9.371107e+07	2.363163e+08	768.3274	2595.729	793.9502	88048.95	9184.562	95.37366	1691.815	94.66192	1582.918	95.37366	1691.815
63.03	3387.189	3668635	2739.701	97153.92	6608.118	34643.25	325826.5	1732.028	1890.036	6347.263	53640.92	893.9502	-5.338078	1982.918	9.818738e+07	2.62358e+08	368.3274	2195.729	393.9502	74103.95	11785.56	95.37366	1591.815	-5.338078	1982.918	95.37366	1591.815
63.32	3287.189	2789137	4140.701	108199.9	9109.117	33541.25	251470.5	1532.028	3190.036	5847.263	53439.92	793.9502	-5.338078	1582.918	1.047163e+08	3.164489e+08	968.3274	2995.729	893.9502	70893.95	12085.56	195.3737	1191.815	-5.338078	1582.918	195.3737	1191.815
63.61	3287.189	2301764	2839.701	150117.9	6808.118	21925.25	207163.5	2832.028	1990.036	7447.263	55544.92	1093.95	-5.338078	2982.918	1.148961e+08	2.924078e+08	1268.327	1795.729	593.9502	56356.95	11885.56	95.37366	1491.815	-5.338078	2982.918	95.37366	1491.815
63.89	2987.189	1774246	3140.701	174576.9	5008.118	22025.25	177433.5	3832.028	2890.036	8247.264	58651.92	593.9502	-5.338078	2782.918	1.227982e+08	3.46502e+08	1168.327	1995.729	493.9502	48039.95	12585.56	195.3737	1591.815	-5.338078	2782.918	195.3737	1591.815
64.18	2287.189	1732025	3640.701	196236.9	5008.118	23327.25	195065.5	1832.028	3891.036	6147.263	56045.92	1293.95	-5.338078	2782.918	1.254994e+08	2.82391e+08	1268.327	2995.729	393.9502	40926.95	11585.56	295.3737	1791.815	-5.338078	2782.918	295.3737	1791.815
64.46	2887.189	1967910	2639.701	181424.9	5608.118	21925.25	185693.5	2232.028	2690.036	7547.263	61457.92	493.9502	94.66192	1582.918	1.14969e+08	2.82391e+08	1168.327	2195.729	1493.95	35118.95	13986.56	95.37366	1391.815	94.66192	1582.918	95.37366	1391.815
64.75	4087.189	1938212	1739.701	149714.9	11910.12	25630.25	207062.5	1632.028	2290.036	4446.263	53439.92	1193.95	-5.338078	1682.918	1.173436e+08	2.964146e+08	968.3274	3095.729	193.9502	41928.95	12785.56	195.3737	1291.815	-5.338078	1682.918	195.3737	1291.815
65.04	4787.188	1717574	3440.701	113222.9	13411.12	21325.25	172700.5	2032.028	3791.036	5047.263	57749.92	1693.95	94.66192	1182.918	1.15202e+08	3.144455e+08	1168.327	2795.729	593.9502	40626.95	11985.56	95.37366	1091.815	94.66192	1182.918	95.37366	1091.815
65.32	4987.188	1348036	2639.701	87718.92	10609.12	20824.25	138183.5	2032.028	2490.036	5847.263	59152.92	1593.95	-5.338078	1482.918	1.243894e+08	3.46502e+08	868.3274	4095.729	93.95018	51847.95	16588.56	-4.626335	1991.815	-5.338078	1482.918	-4.626335	1991.815
65.61	7388.188	1013085	3940.701	71566.92	10709.12	11816.25	109339.5	1832.028	3891.036	5847.263	61357.92	1493.95	94.66192	682.9182	1.290359e+08	3.2847e+08	1168.327	4695.729	193.9502	62872.95	14086.56	-4.626335	2191.815	94.66192	682.9182	-4.626335	2191.815
65.89	6088.188	752355.6	2139.701	76280.92	7808.118	7714.246	95883.52	1732.028	3290.036	10748.26	60756.92	1493.95	94.66192	1682.918	1.296061e+08	3.545164e+08	1868.327	4195.729	493.9502	80322.95	15987.56	-4.626335	2391.815	94.66192	1682.918	-4.626335	2391.815
66.18	5388.188	736283.6	2339.701	84005.92	7108.118	8614.246	77418.52	3132.028	3991.036	15351.26	64365.92	1493.95	-5.338078	1282.918	1.427618e+08	3.765569e+08	2968.327	5296.729	293.9502	101700	11985.56	-4.626335	3991.815	-5.338078	1282.918	-4.626335	3991.815
66.47	5788.188	539100.6	3040.701	92435.92	4407.118	7013.246	83538.52	2832.028	3991.036	19354.26	66671.92	1193.95	-5.338078	1482.918	1.311565e+08	3.765569e+08	2368.327	3995.729	293.9502	115661	11585.56	95.37366	2691.815	-5.338078	1482.918	95.37366	2691.815
66.75	4887.188	413001.6	2739.701	98358.92	4107.118	5312.246	66586.52	2332.028	3190.036	25659.26	74693.92	1493.95	-5.338078	1782.918	1.380976e+08	4.00602e+08	3468.327	4495.729	193.9502	128524	14286.56	-4.626335	4391.815	-5.338078	1782.918	-4.626335	4391.815
67.04	3487.189	377843.6	3940.701	120154.9	3907.117	3512.246	61873.53	2032.028	3491.036	28863.26	73791.92	1193.95	-5.338078	2582.918	1.310395e+08	3.204559e+08	4068.327	3995.729	193.9502	137069	11084.56	-4.626335	3891.815	-5.338078	2582.918	-4.626335	3891.815
67.32	4887.188	353789.6	1739.701	133120.9	4207.118	2311.246	55959.53	1832.028	3891.036	29764.26	77803.92	1193.95	-5.338078	1582.918	1.299132e+08	3.785605e+08	2968.327	4095.729	193.9502	129026	13786.56	-4.626335	3991.815	-5.338078	1582.918	-4.626335	3991.815
67.61	4487.188	287834.6	2739.701	122264.9	7008.118	1711.246	48142.53	1532.028	3591.036	27761.26	69077.92	293.9502	-5.338078	1482.918	1.271503e+08	3.364841e+08	3868.327	4295.729	293.9502	109333	12085.56	-4.626335	4091.815	-5.338078	1482.918	-4.626335	4091.815
67.9	6688.188	237497.6	2940.701	109304.9	12810.12	1311.246	43533.53	2532.028	3290.036	22656.26	69178.92	393.9502	-5.338078	1782.918	1.342447e+08	4.046097e+08	3168.327	4095.729	193.9502	86442.95	12485.56	-4.626335	2791.815	-5.338078	1782.918	-4.626335	2791.815
68.18	8488.188	181113.6	2339.701	92435.92	20015.12	-188.7544	34719.53	2632.028	3390.036	22556.26	61959.92	493.9502	-5.338078	1082.918	1.307323e+08	3.505092e+08	1468.327	2495.729	193.9502	67685.95	13586.56	-4.626335	2491.815	-5.338078	1082.918	-4.626335	2491.815
68.47	13391.19	132900.6	4040.701	69260.92	28323.12	811.2456	25407.53	2232.028	3691.036	18253.26	53439.92	293.9502	-5.338078	682.9182	1.355041e+08	3.424948e+08	1968.327	3795.729	393.9502	55555.95	12985.56	-4.626335	1991.815	-5.338078	682.9182	-4.626335	1991.815
68.75	18694.19	122042.6	1439.701	55024.92	49155.12	-989.7544	27309.53	1432.028	3691.036	11549.26	47227.92	893.9502	-5.338078	782.9182	1.272818e+08	3.845718e+08	1268.327	2295.729	-6.049822	43631.95	12385.56	-4.626335	891.8149	-5.338078	782.9182	-4.626335	891.8149
69.04	25900.19	112395.6	2739.701	44502.92	52863.12	-388.7544	15898.53	2132.028	3491.036	9048.264	50333.92	693.9502	-5.338078	482.9182	1.339079e+08	3.845718e+08	868.3274	1895.729	693.9502	38523.95	10184.56	-4.626335	991.8149	-5.338078	482.9182	-4.626335	991.8149
69.33	24299.19	86786.64	3140.701	51115.92	56772.12	211.2456	18901.53	1832.028	2590.036	10548.26	49130.92	593.9502	-5.338078	182.9182	1.337322e+08	3.364841e+08	1468.327	2695.729	93.95018	41628.95	11385.56	195.3737	1391.815	-5.338078	182.9182	195.3737	1391.815
69.61	26101.19	69428.64	3040.701	47107.92	64992.12	-188.7544	19101.53	2632.028	3591.036	12549.26	44421.92	693.9502	-5.338078	582.9182	1.322832e+08	3.585237e+08	1868.327	2095.729	93.95018	38423.95	13085.56	-4.626335	1291.815	-5.338078	582.9182	-4.626335	1291.815
69.9	25200.19	56492.64	3240.701	46506.92	56371.12	-789.7544	17500.53	2532.028	3491.036	15451.26	45123.92	293.9502	-5.338078	582.9182	1.320344e+08	3.444984e+08	2368.327	1495.729	-6.049822	45334.95	13386.56	95.37366	1091.815	-5.338078	582.9182	95.37366	1091.815
70.18	20495.19	54487.64	3140.701	54723.92	44447.12	-1889.754	22003.53	2132.028	3491.036	14550.26	42218.92	393.9502	-5.338078	582.9182	1.388746e+08	3.244629e+08	1468.327	1995.729	-6.049822	55755.95	11084.56	-4.626335	1991.815	-5.338078	582.9182	-4.626335	1991.815
70.47	16392.19	39555.64	2439.701	49813.92	36133.12	-588.7544	23004.53	2932.028	3491.036	21055.26	43520.92	293.9502	-5.338078	1282.918	1.293137e+08	3.424948e+08	1868.327	1895.729	93.95018	53450.95	12585.56	-4.626335	2291.815	-5.338078	1282.918	-4.626335	2291.815
70.76	14491.19	57194.64	1539.701	59835.92	24519.12	-1189.754	29211.53	3032.028	3491.036	25359.26	46225.92	293.9502	-5.338078	1682.918	1.312318e+08	3.945906e+08	1268.327	1795.729	-6.049822	70994.95	14486.56	-4.626335	2391.815	-5.338078	1682.918	-4.626335	2391.815
71.04	11089.19	43563.64	3640.701	56928.92	20515.12	-388.7544	27209.53	3432.028	3491.036	29163.26	50633.92	-6.049822	-5.338078	2482.918	1.390945e+08	3.62531e+08	2268.327	1295.729	193.9502	91159.95	13986.56	-4.626335	3191.815	-5.338078	2482.918	-4.626335	3191.815
71.33	7588.188	61405.64	4040.701	52418.92	14811.12	-588.7544	29812.53	3332.028	3691.036	32067.26	49932.92	193.9502	-5.338078	2582.918	1.293722e+08	3.62531e+08	2768.327	1895.729	93.95018	98487.95	16387.56	-4.626335	3591.815	-5.338078	2582.918	-4.626335	3591.815
71.61	6288.188	48974.64	3440.701	49712.92	11610.12	-88.75439	30813.53	2432.028	2590.036	32868.26	48629.92	93.95018	-5.338078	2082.918	1.26785e+08	3.565201e+08	2068.327	1595.729	-6.049822	127217	13586.56	-4.626335	3291.815	-5.338078	2082.918	-4.626335	3291.815
71.9	5288.188	41860.64	3340.701	42799.92	8408.117	-889.7544	36321.53	2232.028	2590.036	36072.26	49932.92	193.9502	-5.338078	3182.918	1.315223e+08	3.404912e+08	3068.327	1695.729	93.95018	155677	12285.56	-4.626335	3991.815	-5.338078	3182.918	-4.626335	3991.815
72.19	5788.188	37051.64	4340.701	44703.92	7908.118	111.2456	37824.53	2032.028	2790.036	37174.26	51836.92	93.95018	-5.338078	1982.918	1.30118e+08	3.785605e+08	2468.327	2595.729	193.9502	190114	13786.56	95.37366	4991.815	-5.338078	1982.918	95.37366	4991.815
72.47	5388.188	31341.64	2439.701	43601.92	6208.118	-1189.754	42131.53	1732.028	3791.036	43584.26	49531.92	293.9502	-5.338078	3282.918	1.301911e+08	3.985982e+08	2968.327	2095.729	193.9502	246200	12085.56	95.37366	5292.815	-5.338078	3282.918	95.37366	5292.815
72.76	5888.188	35047.64	4340.701	43501.92	6308.118	611.2456	38625.53	2432.028	3491.036	47491.26	58651.92	693.9502	-5.338078	3982.918	1.376872e+08	3.404912e+08	3568.327	2195.729	-6.049822	282885.9	11385.56	-4.626335	6592.815	-5.338078	3982.918	-4.626335	6592.815
73.04	7388.188	39655.64	1639.701	48009.92	4307.118	911.2456	45337.53	2132.028	2690.036	43684.26	58250.92	1793.95	-5.338078	3482.918	1.053803e+08	3.32477e+08	3368.327	1995.729	-6.049822	297958.9	11485.56	-4.626335	5692.815	-5.338078	3482.918	-4.626335	5692.815
73.33	14791.19	54788.64	1939.701	53320.92	6008.118	11.24561	47240.53	3132.028	2990.036	42382.26	57047.92	2093.95	-5.338078	3682.918	1.284511e+08	3.084351e+08	2868.327	1195.729	293.9502	301601.9	12185.56	-4.626335	4991.815	-5.338078	3682.918	-4.626335	4991.815
73.61	19595.19	77955.64	2940.701	62241.92	4907.118	811.2456	41029.53	1332.028	2990.036	36573.26	54942.92	3193.95	-5.338078	2882.918	1.230463e+08	3.545164e+08	2968.327	2395.729	393.9502	265091.9	10284.56	-4.626335	4391.815	-5.338078	2882.918	-4.626335	4391.815
73.9	20295.19	52081.64	1139.701	62642.92	5708.118	1811.246	35220.53	2532.028	3090.036	34971.26	51836.92	1893.95	-5.338078	2982.918	1.069098e+08	2.803876e+08	2068.327	1995.729	-6.049822	195254	7983.562	-4.626335	4291.815	-5.338078	2982.918	-4.626335	4291.815
74.19	14491.19	76751.64	3140.701	45104.92	5608.118	111.2456	29211.53	1832.028	1090.036	26060.26	35107.92	1193.95	-5.338078	1482.918	7.560251e+07	2.022638e+08	1268.327	1495.729	-6.049822	141694	5483.562	-4.626335	1591.815	-5.338078	1482.918	-4.626335	1591.815
74.47	11790.19	26435.64	2039.701	31783.92	3207.117	-989.7544	19501.53	1132.028	1990.036	17452.26	25895.92	993.9502	-5.338078	1882.918	5.823049e+07	1.782281e+08	1068.327	1195.729	-6.049822	110237	4182.562	-4.626335	1791.815	-5.338078	1882.918	-4.626335	1791.815
74.76	5988.188	23030.64	2139.701	23974.92	3107.117	-288.7544	18600.53	932.0284	890.0356	13049.26	20891.92	593.9502	-5.338078	882.9182	4.423955e+07	1.041254e+08	1168.327	995.7296	-6.049822	83031.95	2082.562	-4.626335	1791.815	-5.338078	882.9182	-4.626335	1791.815
75.04	5388.188	15022.64	439.7012	16767.92	1807.117	-288.7544	12896.53	932.0284	790.0356	11149.26	16287.92	793.9502	-5.338078	582.9182	3.356178e+07	9.649154e+07	768.3274	295.7295	93.95018	65579.95	2082.562	-4.626335	1191.815	-5.338078	582.9182	-4.626335	1191.815
75.33	4087.189	13621.64	839.7012	15767.92	1707.117	-689.7544	7894.527	432.0284	390.0356	10048.26	13185.92	593.9502	-5.338078	682.9182	2.906652e+07	7.66795e+07	768.3274	595.7296	-6.049822	55054.95	1682.562	-4.626335	691.8149	-5.338078	682.9182	-4.626335	691.8149
75.62	2787.189	7617.641	1039.701	12665.92	1207.117	-789.7544	5593.527	432.0284	990.0356	7447.263	10084.92	493.9502	-5.338078	482.9182	2.197958e+07	6.348412e+07	468.3274	495.7295	93.95018	39023.95	1482.562	-4.626335	791.8149	-5.338078	482.9182	-4.626335	791.8149
75.9	2887.189	9218.641	-360.2988	8863.922	1007.117	-989.7544	6493.527	132.0284	590.0356	5647.263	7983.918	193.9502	-5.338078	182.9182	1.975276e+07	4.818438e+07	368.3274	95.72954	93.95018	32214.95	1282.562	-4.626335	391.8149	-5.338078	182.9182	-4.626335	391.8149
76.19	1787.189	4015.641	-1761.299	6162.922	1107.117	-1289.754	3893.527	232.0284	890.0356	5947.263	5683.918	293.9502	-5.338078	382.9182	1.342037e+07	3.759648e+07	268.3274	95.72954	-6.049822	26307.95	2082.562	-4.626335	391.8149	-5.338078	382.9182	-4.626335	391.8149
76.47	1687.189	3915.641	-660.2988	5662.922	507.1174	-1389.754	5293.527	1232.028	490.0356	3746.263	5283.918	93.95018	-5.338078	82.91815	1.193454e+07	3.420757e+07	68.3274	95.72954	93.95018	16498.95	1282.562	-4.626335	791.8149	-5.338078	82.91815	-4.626335	791.8149
76.76	887.1886	4615.641	-2061.299	5862.922	807.1174	-1589.754	2992.527	232.0284	890.0356	2146.263	5083.918	493.9502	-5.338078	82.91815	8583106	2.655508e+07	468.3274	395.7295	-6.049822	16999.95	382.5623	-4.626335	91.81495	-5.338078	82.91815	-4.626335	91.81495
77.04	1487.189	16624.64	-660.2988	3761.922	607.1174	-889.7544	2492.527	532.0284	190.0356	2146.263	2682.918	293.9502	-5.338078	82.91815	8710317	1.901865e+07	268.3274	95.72954	-6.049822	13697.95	882.5623	-4.626335	591.8149	-5.338078	82.91815	-4.626335	591.8149
77.33	1187.189	2315.641	739.7012	2561.922	107.1174	-2189.754	1392.527	332.0284	90.03564	1446.263	2082.918	293.9502	-5.338078	82.91815	5799738	1.874827e+07	68.3274	395.7295	-6.049822	11696.95	282.5623	95.37366	91.81495	-5.338078	82.91815	95.37366	91.81495
77.62	1087.189	1814.641	-761.2988	1761.922	307.1174	-1989.754	2392.527	832.0284	690.0356	2046.263	2582.918	93.95018	-5.338078	182.9182	4966566	1.10154e+07	68.3274	295.7295	-6.049822	8895.95	282.5623	-4.626335	91.81495	-5.338078	182.9182	-4.626335	91.81495
77.9	387.1886	3615.641	-2061.299	1261.922	307.1174	-689.7544	2192.527	132.0284	590.0356	1246.263	1982.918	-6.049822	-5.338078	82.91815	4881848	1.416905e+07	-31.6726	-4.270463	-6.049822	7094.95	382.5623	-4.626335	191.8149	-5.338078	82.91815	-4.626335	191.8149
78.19	587.1886	3015.641	-560.2988	2361.922	-92.88256	-2389.754	1592.527	-67.97156	190.0356	1146.263	1582.918	193.9502	-5.338078	-17.08185	2849220	9964799	68.3274	-4.270463	-6.049822	7994.95	82.56228	-4.626335	491.8149	-5.338078	-17.08185	-4.626335	491.8149
78.47	687.1886	1214.641	-1361.299	961.9218	7.117439	-889.7544	992.5267	-67.97156	590.0356	1146.263	1682.918	-6.049822	-5.338078	-17.08185	2849220	7665931	-31.6726	-4.270463	-6.049822	5094.95	82.56228	-4.626335	-8.185054	-5.338078	-17.08185	-4.626335	-8.185054
78.76	87.18861	2114.641	439.7012	1361.922	307.1174	-1289.754	592.5267	-67.97156	990.0356	1146.263	882.9182	93.95018	94.66192	182.9182	2552894	5949848	168.3274	-4.270463	-6.049822	4493.95	382.5623	-4.626335	-8.185054	94.66192	182.9182	-4.626335	-8.185054
79.05	87.18861	2114.641	-460.2988	761.9218	107.1174	-588.7544	-207.4733	-67.97156	290.0356	746.2634	882.9182	93.95018	-5.338078	-17.08185	1960314	6602146	-31.6726	-4.270463	-6.049822	4693.95	82.56228	-4.626335	191.8149	-5.338078	-17.08185	-4.626335	191.8149
79.34	287.1886	2014.641	-1361.299	461.9218	307.1174	-288.7544	392.5267	232.0284	-409.9644	646.2634	482.9182	93.95018	-5.338078	-17.08185	1917991	4688136	168.3274	95.72954	-6.049822	2093.95	82.56228	-4.626335	-8.185054	-5.338078	-17.08185	-4.626335	-8.185054
79.63	87.18861	1214.641	-660.2988	1561.922	-92.88256	-388.7544	-107.4733	132.0284	90.03564	546.2634	782.9182	-6.049822	-5.338078	82.91815	1367834	3611076	68.3274	-4.270463	-6.049822	3593.95	-17.43772	-4.626335	91.81495	-5.338078	82.91815	-4.626335	91.81495
79.92	87.18861	2315.641	-360.2988	461.9218	207.1174	-188.7544	992.5267	132.0284	190.0356	946.2634	182.9182	-6.049822	-5.338078	-17.08185	1649955	3667755	-31.6726	-4.270463	-6.049822	2193.95	82.56228	-4.626335	91.81495	-5.338078	-17.08185	-4.626335	91.81495
80.21	287.1886	-185.3594	-360.2988	361.9218	7.117439	611.2456	192.5267	132.0284	690.0356	846.2634	482.9182	-6.049822	-5.338078	-17.08185	1649955	3511889	-31.6726	95.72954	-6.049822	1193.95	182.5623	-4.626335	91.81495	-5.338078	-17.08185	-4.626335	91.81495
80.5	-12.81139	-885.3594	-1261.299	261.9218	-92.88256	-488.7544	92.52673	-167.9716	-509.9644	246.2633	582.9182	-6.049822	-5.338078	-17.08185	930592.4	2491846	-31.6726	95.72954	-6.049822	1293.95	-17.43772	-4.626335	-8.185054	-5.338078	-17.08185	-4.626335	-8.185054
80.78	-12.81139	-385.3594	-861.2988	461.9218	7.117439	-1889.754	192.5267	-67.97156	90.03564	246.2633	382.9182	-6.049822	94.66192	-17.08185	948741.4	2619335	-31.6726	-4.270463	-6.049822	1693.95	-17.43772	-4.626335	91.81495	94.66192	-17.08185	-4.626335	91.81495
81.07	-12.81139	1614.641	639.7012	261.9218	7.117439	11.24561	-407.4733	-267.9716	390.0356	246.2633	582.9182	-6.049822	-5.338078	-17.08185	479302.4	1826143	-31.6726	-4.270463	-6.049822	493.9502	-17.43772	-4.626335	-8.185054	-5.338078	-17.08185	-4.626335	-8.185054
81.37	187.1886	2014.641	-260.2988	461.9218	7.117439	-288.7544	-107.4733	-67.97156	-209.9644	446.2633	182.9182	-6.049822	-5.338078	82.91815	549812.4	1627873	-31.6726	95.72954	-6.049822	793.9502	-17.43772	-4.626335	-8.185054	-5.338078	82.91815	-4.626335	-8.185054
81.66	287.1886	614.6406	-1661.299	61.92175	107.1174	-2189.754	192.5267	132.0284	290.0356	346.2633	-17.08185	-6.049822	-5.338078	-17.08185	504715.4	905695.8	68.3274	-4.270463	-6.049822	793.9502	82.56228	-4.626335	-8.185054	-5.338078	-17.08185	-4.626335	-8.185054
81.95	87.18861	214.6406	139.7012	661.9218	-92.88256	-2289.754	-307.4733	-367.9716	890.0356	246.2633	382.9182	-6.049822	-5.338078	-17.08185	620324.4	1401292	-31.6726	-4.270463	-6.049822	393.9502	-17.43772	-4.626335	91.81495	-5.338078	-17.08185	-4.626335	91.81495
82.24	87.18861	1614.641	-460.2988	-138.0782	7.117439	-989.7544	-707.4733	-167.9716	790.0356	146.2633	382.9182	-6.049822	-5.338078	-17.08185	500329.4	1429614	-31.6726	-4.270463	-6.049822	393.9502	-17.43772	-4.626335	-8.185054	-5.338078	-17.08185	-4.626335	-8.185054
82.53	-12.81139	1214.641	-961.2988	361.9218	7.117439	-1389.754	-307.4733	132.0284	90.03564	246.2633	-17.08185	-6.049822	94.66192	-17.08185	225180.4	1118086	68.3274	-4.270463	-6.049822	93.95018	-17.43772	-4.626335	-8.185054	94.66192	-17.08185	-4.626335	-8.185054
82.82	-12.81139	1614.641	-460.2988	161.9218	-92.88256	-1989.754	192.5267	-67.97156	190.0356	-53.73666	82.91815	-6.049822	-5.338078	-17.08185	295981.4	556374.8	-31.6726	-4.270463	-6.049822	793.9502	-17.43772	-4.626335	-8.185054	-5.338078	-17.08185	-4.626335	-8.185054
83.1	-12.81139	-185.3594	-360.2988	261.9218	207.1174	-1589.754	392.5267	-267.9716	-109.9644	246.2633	-17.08185	-6.049822	-5.338078	82.91815	310993.4	537583.8	-31.6726	-4.270463	-6.049822	393.9502	82.56228	-4.626335	-8.185054	-5.338078	82.91815	-4.626335	-8.185054
83.39	187.1886	-485.3594	-2661.299	561.9218	107.1174	-1689.754	-7.473267	132.0284	-9.964355	46.26334	82.91815	-6.049822	-5.338078	-17.08185	193315.4	665003.8	-31.6726	-4.270463	-6.049822	93.95018	-17.43772	-4.626335	-8.185054	-5.338078	-17.08185	-4.626335	-8.185054
83.68	87.18861	-485.3594	239.7012	361.9218	-92.88256	-1489.754	-907.4733	-67.97156	-9.964355	146.2633	-17.08185	-6.049822	-5.338078	-17.08185	253678.4	537583.8	-31.6726	-4.270463	93.95018	193.9502	-17.43772	-4.626335	-8.185054	-5.338078	-17.08185	-4.626335	-8.185054
83.97	-12.81139	1414.641	-1461.299	-38.07825	7.117439	-188.7544	-7.473267	232.0284	90.03564	46.26334	82.91815	-6.049822	-5.338078	-17.08185	169543.4	410169.8	-31.6726	-4.270463	-6.049822	293.9502	-17.43772	-4.626335	-8.185054	-5.338078	-17.08185	-4.626335	-8.185054
84.25	87.18861	814.6406	-1561.299	561.9218	7.117439	11.24561	-207.4733	32.02844	390.0356	146.2633	82.91815	-6.049822	-5.338078	-17.08185	102078.4	241507.8	-31.6726	-4.270463	-6.049822	293.9502	-17.43772	-4.626335	-8.185054	-5.338078	-17.08185	-4.626335	-8.185054
84.54	-12.81139	-385.3594	-360.2988	61.92175	-92.88256	-1489.754	392.5267	-167.9716	-809.9644	-53.73666	82.91815	-6.049822	-5.338078	-17.08185	259914.4	282759.8	-31.6726	-4.270463	-6.049822	93.95018	-17.43772	-4.626335	-8.185054	-5.338078	-17.08185	-4.626335	-8.185054
84.83	-12.81139	814.6406	-961.2988	-38.07825	-92.88256	-1989.754	392.5267	-167.9716	190.0356	-53.73666	82.91815	93.95018	-5.338078	-17.08185	129203.4	296916.8	68.3274	-4.270463	-6.049822	93.95018	-17.43772	-4.626335	-8.185054	-5.338078	-17.08185	-4.626335	-8.185054
85.12	87.18861	2515.641	-861.2988	461.9218	-92.88256	-989.7544	-107.4733	-167.9716	390.0356	-53.73666	-17.08185	-6.049822	-5.338078	-17.08185	136944.4	45485.77	-31.6726	-4.270463	-6.049822	293.9502	82.56228	95.37366	-8.185054	-5.338078	-17.08185	95.37366	-8.185054
85.4	-12.81139	214.6406	-1561.299	61.92175	107.1174	-388.7544	-7.473267	-167.9716	590.0356	46.26334	182.9182	-6.049822	-5.338078	-17.08185	96254.4	211978.8	68.3274	-4.270463	-6.049822	93.95018	-17.43772	-4.626335	-8.185054	-5.338078	-17.08185	-4.626335	-8.185054
85.69	-12.81139	-85.35938	-1461.299	-38.07825	7.117439	-1589.754	-1107.473	-167.9716	90.03564	-53.73666	182.9182	-6.049822	-5.338078	-17.08185	106195.4	87497.77	-31.6726	-4.270463	-6.049822	93.95018	82.56228	-4.626335	-8.185054	-5.338078	-17.08185	-4.626335	-8.185054
85.98	187.1886	214.6406	-660.2988	361.9218	7.117439	-1189.754	292.5267	-67.97156	290.0356	46.26334	-17.08185	-6.049822	-5.338078	-17.08185	176491.4	410169.8	68.3274	-4.270463	-6.049822	293.9502	-17.43772	-4.626335	-8.185054	-5.338078	-17.08185	-4.626335	-8.185054
86.27	-12.81139	2014.641	-861.2988	61.92175	7.117439	-1289.754	-807.4733	32.02844	90.03564	-53.73666	82.91815	-6.049822	-5.338078	-17.08185	157766.4	325229.8	-31.6726	-4.270463	-6.049822	93.95018	-17.43772	-4.626335	-8.185054	-5.338078	-17.08185	-4.626335	-8.185054
86.56	-12.81139	-185.3594	-961.2988	861.9218	7.117439	-2089.754	-507.4733	132.0284	390.0356	146.2633	82.91815	93.95018	-5.338078	-17.08185	59139.39	254447.8	-31.6726	-4.270463	-6.049822	93.95018	-17.43772	-4.626335	-8.185054	-5.338078	-17.08185	-4.626335	-8.185054
86.85	-12.81139	2715.641	-1061.299	-538.0782	207.1174	-1589.754	-407.4733	-67.97156	-9.964355	46.26334	-17.08185	-6.049822	-5.338078	-17.08185	2569.395	48791.77	-31.6726	-4.270463	-6.049822	-6.049822	-17.43772	-4.626335	-8.185054	-5.338078	-17.08185	-4.626335	-8.185054
87.14	-12.81139	214.6406	-160.2988	361.9218	-92.88256	-689.7544	192.5267	-367.9716	-109.9644	146.2633	82.91815	-6.049822	-5.338078	-17.08185	98865.4	254447.8	-31.6726	-4.270463	-6.049822	193.9502	-17.43772	-4.626335	-8.185054	-5.338078	-17.08185	-4.626335	-8.185054
87.42	-12.81139	314.6406	39.70117	261.9218	7.117439	-588.7544	392.5267	132.0284	490.0356	-53.73666	-17.08185	-6.049822	-5.338078	-17.08185	41704.39	42179.77	-31.6726	-4.270463	-6.049822	-6.049822	-17.43772	-4.626335	-8.185054	-5.338078	-17.08185	-4.626335	-8.185054
87.71	-12.81139	-285.3594	-660.2988	361.9218	7.117439	-2189.754	-407.4733	-67.97156	290.0356	246.2633	-17.08185	-6.049822	-5.338078	-17.08185	98262.4	74655.77	-31.6726	-4.270463	-6.049822	-6.049822	-17.43772	-4.626335	-8.185054	-5.338078	-17.08185	-4.626335	-8.185054
87.99	-12.81139	114.6406	-60.29883	-238.0782	7.117439	-1089.754	392.5267	32.02844	90.03564	-53.73666	-17.08185	-6.049822	94.66192	-17.08185	20878.39	127368.8	-31.6726	-4.270463	-6.049822	93.95018	-17.43772	95.37366	-8.185054	94.66192	-17.08185	95.37366	-8.185054
88.28	-12.81139	1014.641	-961.2988	61.92175	107.1174	-1489.754	192.5267	132.0284	-309.9644	146.2633	-17.08185	-6.049822	-5.338078	-17.08185	21578.39	10946.77	-31.6726	-4.270463	-6.049822	-6.049822	-17.43772	-4.626335	-8.185054	-5.338078	-17.08185	-4.626335	-8.185054
88.56	-12.81139	1714.641	-1161.299	261.9218	-92.88256	-1189.754	-207.4733	432.0284	-209.9644	46.26334	82.91815	-6.049822	-5.338078	-17.08185	18976.39	108781.8	-31.6726	-4.270463	-6.049822	-6.049822	-17.43772	95.37366	-8.185054	-5.338078	-17.08185	95.37366	-8.185054
88.85	-12.81139	1414.641	-1161.299	161.9218	107.1174	-1089.754	-207.4733	732.0284	-209.9644	46.26334	-17.08185	-6.049822	94.66192	-17.08185	84512.4	49994.77	-31.6726	-4.270463	-6.049822	-6.049822	-17.43772	-4.626335	-8.185054	94.66192	-17.08185	-4.626335	-8.185054
89.14	-12.81139	1514.641	-560.2988	-238.0782	7.117439	-88.75439	-307.4733	132.0284	490.0356	46.26334	-17.08185	-6.049822	-5.338078	-17.08185	13969.39	39875.77	-31.6726	-4.270463	-6.049822	-6.049822	82.56228	-4.626335	-8.185054	-5.338078	-17.08185	-4.626335	-8.185054
89.43	-12.81139	-385.3594	-1061.299	-438.0782	107.1174	-689.7544	-607.4733	-167.9716	390.0356	-53.73666	-17.08185	-6.049822	-5.338078	-17.08185	5470.395	145668.8	-31.6726	-4.270463	-6.049822	-6.049822	-17.43772	-4.626335	-8.185054	-5.338078	-17.08185	-4.626335	-8.185054
89.71	-12.81139	-485.3594	539.7012	-638.0782	7.117439	-2389.754	-607.4733	32.02844	90.03564	-53.73666	-17.08185	-6.049822	-5.338078	-17.08185	27284.39	43.77225	-31.6726	-4.270463	-6.049822	-6.049822	-17.43772	-4.626335	-8.185054	-5.338078	-17.08185	-4.626335	-8.185054
90	-12.81139	1014.641	-460.2988	161.9218	-92.88256	-588.7544	-507.4733	32.02844	-109.9644	46.26334	-17.08185	-6.049822	-5.338078	-17.08185	74982.4	42880.77	-31.6726	-4.270463	-6.049822	-6.049822	-17.43772	-4.626335	-8.185054	-5.338078	-17.08185	-4.626335	-8.185054
