ElapsedTime_s	Ti49_CPS	Al27_CPS	S33_CPS	Sc45_CPS	V51_CPS	Mn55_CPS	Fe57_CPS	Co59_CPS	Ni60_CPS	Ga71_CPS	Zr90_CPS	Nb93_CPS	Mo97_CPS	In113_CPS	Sn119_CPS	Sn118_CPS	Sb121_CPS	Hf177_CPS	Ta181_CPS	W183_CPS	Pb206_CPS	Th232_CPS	U238_CPS	Tc97_CPS	Cd113_CPS	U232_CPS	Pu238_CPS
0	87.18861	-285.3594	-1361.299	-138.0782	307.1174	-2989.754	492.5267	332.0284	690.0356	46.26334	-17.08185	-6.049822	-5.338078	-17.08185	3869.395	149088.8	68.3274	-4.270463	-6.049822	-6.049822	-17.43772	-4.626335	-8.185054	-5.338078	-17.08185	-4.626335	-8.185054
																											
11.2	-12.81139	614.6406	-660.2988	-38.07825	-92.88256	-2089.754	-307.4733	-367.9716	190.0356	46.26334	-17.08185	-6.049822	-5.338078	-17.08185	69.39502	43.77225	68.3274	-4.270463	-6.049822	-6.049822	-17.43772	-4.626335	-8.185054	-5.338078	-17.08185	-4.626335	-8.185054
11.49	-12.81139	1914.641	-660.2988	-38.07825	-92.88256	-1489.754	-1007.473	-67.97156	-9.964355	146.2633	-17.08185	-6.049822	-5.338078	-17.08185	7670.395	-156.2278	-31.6726	95.72954	-6.049822	-6.049822	-17.43772	-4.626335	-8.185054	-5.338078	-17.08185	-4.626335	-8.185054
11.77	-12.81139	1414.641	-560.2988	-638.0782	-92.88256	-1889.754	-7.473267	-367.9716	-109.9644	46.26334	-17.08185	-6.049822	-5.338078	-17.08185	11872.39	143.7722	-31.6726	-4.270463	-6.049822	-6.049822	-17.43772	-4.626335	-8.185054	-5.338078	-17.08185	-4.626335	-8.185054
12.06	-12.81139	614.6406	-460.2988	-638.0782	207.1174	-1589.754	-207.4733	-367.9716	-209.9644	146.2633	82.91815	-6.049822	-5.338078	-17.08185	69.39502	43682.77	-31.6726	-4.270463	-6.049822	-6.049822	-17.43772	-4.626335	-8.185054	-5.338078	-17.08185	-4.626335	-8.185054
12.34	-12.81139	1114.641	-1261.299	361.9218	107.1174	-789.7544	-107.4733	-367.9716	-109.9644	46.26334	-17.08185	-6.049822	-5.338078	-17.08185	69.39502	68237.77	-31.6726	-4.270463	-6.049822	-6.049822	-17.43772	-4.626335	-8.185054	-5.338078	-17.08185	-4.626335	-8.185054
12.63	-12.81139	-785.3594	-360.2988	-438.0782	7.117439	111.2456	-1007.473	32.02844	-409.9644	146.2633	-17.08185	-6.049822	-5.338078	-17.08185	-130.605	53301.77	-31.6726	-4.270463	-6.049822	-6.049822	-17.43772	-4.626335	-8.185054	-5.338078	-17.08185	-4.626335	-8.185054
12.92	-12.81139	614.6406	39.70117	161.9218	7.117439	-689.7544	-407.4733	-167.9716	-509.9644	-53.73666	-17.08185	-6.049822	-5.338078	-17.08185	-30.60498	-156.2278	-31.6726	-4.270463	-6.049822	-6.049822	-17.43772	-4.626335	-8.185054	-5.338078	-17.08185	-4.626335	-8.185054
13.2	-12.81139	-1786.359	439.7012	-738.0782	-92.88256	-2089.754	92.52673	-167.9716	190.0356	46.26334	-17.08185	-6.049822	-5.338078	-17.08185	53527.39	343.7722	168.3274	-4.270463	-6.049822	-6.049822	82.56228	-4.626335	-8.185054	-5.338078	-17.08185	-4.626335	-8.185054
13.49	-12.81139	1914.641	439.7012	-238.0782	7.117439	111.2456	-407.4733	32.02844	190.0356	46.26334	-17.08185	-6.049822	-5.338078	-17.08185	-30.60498	-56.22775	-31.6726	-4.270463	-6.049822	-6.049822	-17.43772	-4.626335	-8.185054	-5.338078	-17.08185	-4.626335	-8.185054
13.77	-12.81139	314.6406	-160.2988	-538.0782	107.1174	-2389.754	-607.4733	-167.9716	90.03564	46.26334	-17.08185	-6.049822	-5.338078	-17.08185	5270.395	2143.772	-31.6726	-4.270463	-6.049822	-6.049822	-17.43772	-4.626335	-8.185054	-5.338078	-17.08185	-4.626335	-8.185054
14.05	87.18861	1914.641	-861.2988	361.9218	107.1174	-388.7544	592.5267	132.0284	190.0356	46.26334	-17.08185	-6.049822	-5.338078	-17.08185	1869.395	21653.77	-31.6726	-4.270463	-6.049822	-6.049822	-17.43772	-4.626335	-8.185054	-5.338078	-17.08185	-4.626335	-8.185054
14.34	-12.81139	814.6406	-160.2988	61.92175	-92.88256	-1889.754	-407.4733	-167.9716	-9.964355	-53.73666	-17.08185	-6.049822	94.66192	-17.08185	-130.605	56708.77	-31.6726	-4.270463	-6.049822	-6.049822	-17.43772	-4.626335	-8.185054	94.66192	-17.08185	-4.626335	-8.185054
14.62	-12.81139	14.64062	-1461.299	-438.0782	107.1174	-1889.754	392.5267	-167.9716	-609.9644	-53.73666	-17.08185	-6.049822	-5.338078	-17.08185	-30.60498	243.7722	-31.6726	-4.270463	-6.049822	-6.049822	-17.43772	95.37366	91.81495	-5.338078	-17.08185	95.37366	91.81495
14.91	-12.81139	-185.3594	639.7012	161.9218	307.1174	-989.7544	-507.4733	-367.9716	690.0356	-53.73666	-17.08185	-6.049822	-5.338078	-17.08185	-30.60498	-56.22775	-31.6726	-4.270463	-6.049822	-6.049822	-17.43772	-4.626335	-8.185054	-5.338078	-17.08185	-4.626335	-8.185054
15.2	-12.81139	-885.3594	-160.2988	361.9218	-92.88256	-588.7544	-407.4733	132.0284	690.0356	-53.73666	-17.08185	-6.049822	-5.338078	-17.08185	69.39502	169510.8	68.3274	-4.270463	-6.049822	-6.049822	-17.43772	-4.626335	-8.185054	-5.338078	-17.08185	-4.626335	-8.185054
15.48	-12.81139	814.6406	-1361.299	261.9218	207.1174	-1589.754	-7.473267	-367.9716	-209.9644	-53.73666	-17.08185	-6.049822	-5.338078	-17.08185	2169.395	-156.2278	-31.6726	-4.270463	93.95018	-6.049822	-17.43772	-4.626335	-8.185054	-5.338078	-17.08185	-4.626335	-8.185054
15.77	-12.81139	14.64062	-861.2988	-138.0782	-92.88256	-689.7544	-107.4733	-167.9716	-309.9644	-53.73666	-17.08185	-6.049822	-5.338078	-17.08185	269.395	243.7722	-31.6726	-4.270463	-6.049822	-6.049822	-17.43772	-4.626335	-8.185054	-5.338078	-17.08185	-4.626335	-8.185054
16.05	-12.81139	1114.641	-1061.299	161.9218	-92.88256	-2189.754	692.5267	32.02844	190.0356	-53.73666	-17.08185	-6.049822	-5.338078	82.91815	11772.39	43.77225	-31.6726	-4.270463	-6.049822	93.95018	-17.43772	-4.626335	-8.185054	-5.338078	82.91815	-4.626335	-8.185054
16.34	87.18861	214.6406	239.7012	61.92175	7.117439	-1089.754	-207.4733	-67.97156	-209.9644	46.26334	-17.08185	-6.049822	-5.338078	-17.08185	-130.605	-156.2278	-31.6726	-4.270463	-6.049822	-6.049822	-17.43772	-4.626335	-8.185054	-5.338078	-17.08185	-4.626335	-8.185054
16.62	-12.81139	1814.641	-1461.299	-238.0782	-92.88256	-1989.754	-107.4733	232.0284	-209.9644	146.2633	-17.08185	-6.049822	-5.338078	-17.08185	-30.60498	-256.2278	-31.6726	-4.270463	-6.049822	-6.049822	82.56228	-4.626335	-8.185054	-5.338078	-17.08185	-4.626335	-8.185054
16.91	-12.81139	114.6406	-1561.299	261.9218	107.1174	-889.7544	-407.4733	-67.97156	-9.964355	-53.73666	-17.08185	-6.049822	-5.338078	-17.08185	-130.605	-356.2278	-31.6726	-4.270463	-6.049822	-6.049822	-17.43772	-4.626335	-8.185054	-5.338078	-17.08185	-4.626335	-8.185054
17.2	87.18861	-685.3594	-1061.299	-38.07825	107.1174	-889.7544	-407.4733	32.02844	390.0356	46.26334	-17.08185	-6.049822	-5.338078	-17.08185	269.395	-156.2278	-31.6726	-4.270463	-6.049822	-6.049822	-17.43772	-4.626335	-8.185054	-5.338078	-17.08185	-4.626335	-8.185054
17.49	-12.81139	14.64062	-460.2988	61.92175	-92.88256	-2289.754	392.5267	-67.97156	-409.9644	-53.73666	-17.08185	-6.049822	-5.338078	-17.08185	69.39502	43.77225	-31.6726	-4.270463	-6.049822	-6.049822	82.56228	-4.626335	-8.185054	-5.338078	-17.08185	-4.626335	-8.185054
17.77	-12.81139	314.6406	-2061.299	161.9218	107.1174	-1389.754	492.5267	-267.9716	-109.9644	46.26334	-17.08185	-6.049822	-5.338078	-17.08185	12372.39	143.7722	-31.6726	95.72954	-6.049822	-6.049822	-17.43772	-4.626335	-8.185054	-5.338078	-17.08185	-4.626335	-8.185054
18.06	-12.81139	-85.35938	-1061.299	61.92175	-92.88256	-1389.754	-207.4733	132.0284	390.0356	-53.73666	-17.08185	-6.049822	-5.338078	-17.08185	-130.605	-56.22775	-31.6726	-4.270463	-6.049822	-6.049822	-17.43772	-4.626335	-8.185054	-5.338078	-17.08185	-4.626335	-8.185054
18.34	-12.81139	-85.35938	239.7012	261.9218	107.1174	-1089.754	92.52673	-167.9716	-9.964355	46.26334	-17.08185	-6.049822	-5.338078	-17.08185	-130.605	43.77225	-31.6726	-4.270463	-6.049822	93.95018	-17.43772	95.37366	-8.185054	-5.338078	-17.08185	95.37366	-8.185054
18.62	-12.81139	-785.3594	639.7012	-138.0782	107.1174	-989.7544	-407.4733	-267.9716	-409.9644	46.26334	-17.08185	-6.049822	-5.338078	-17.08185	-130.605	-256.2278	68.3274	-4.270463	-6.049822	-6.049822	82.56228	-4.626335	-8.185054	-5.338078	-17.08185	-4.626335	-8.185054
18.91	-12.81139	714.6406	-761.2988	-138.0782	7.117439	-1989.754	-407.4733	-567.9716	-309.9644	46.26334	-17.08185	-6.049822	-5.338078	-17.08185	-30.60498	32164.77	-31.6726	-4.270463	-6.049822	-6.049822	-17.43772	-4.626335	-8.185054	-5.338078	-17.08185	-4.626335	-8.185054
19.2	-12.81139	1614.641	-761.2988	61.92175	7.117439	-1289.754	192.5267	-67.97156	490.0356	-53.73666	-17.08185	-6.049822	-5.338078	-17.08185	-30.60498	143.7722	-31.6726	-4.270463	93.95018	-6.049822	-17.43772	-4.626335	-8.185054	-5.338078	-17.08185	-4.626335	-8.185054
19.48	-12.81139	514.6406	-1061.299	-238.0782	107.1174	-789.7544	-707.4733	-167.9716	-109.9644	-53.73666	-17.08185	-6.049822	-5.338078	-17.08185	69.39502	-156.2278	-31.6726	-4.270463	-6.049822	-6.049822	-17.43772	-4.626335	-8.185054	-5.338078	-17.08185	-4.626335	-8.185054
19.77	-12.81139	214.6406	139.7012	-238.0782	7.117439	-88.75439	492.5267	432.0284	390.0356	-53.73666	-17.08185	-6.049822	-5.338078	-17.08185	69.39502	-56.22775	-31.6726	-4.270463	-6.049822	-6.049822	-17.43772	-4.626335	-8.185054	-5.338078	-17.08185	-4.626335	-8.185054
20.05	-12.81139	1014.641	-1061.299	-338.0782	107.1174	-1189.754	192.5267	32.02844	-109.9644	46.26334	-17.08185	-6.049822	-5.338078	-17.08185	269.395	243.7722	68.3274	-4.270463	93.95018	-6.049822	-17.43772	-4.626335	-8.185054	-5.338078	-17.08185	-4.626335	-8.185054
20.34	-12.81139	-1586.359	-761.2988	-138.0782	107.1174	-1189.754	-907.4733	-367.9716	-209.9644	46.26334	-17.08185	-6.049822	-5.338078	-17.08185	-30.60498	143.7722	-31.6726	-4.270463	-6.049822	-6.049822	-17.43772	-4.626335	-8.185054	-5.338078	-17.08185	-4.626335	-8.185054
20.62	-12.81139	514.6406	-660.2988	561.9218	207.1174	-889.7544	-107.4733	-167.9716	-209.9644	46.26334	-17.08185	-6.049822	-5.338078	-17.08185	-30.60498	43.77225	-31.6726	-4.270463	-6.049822	-6.049822	-17.43772	-4.626335	-8.185054	-5.338078	-17.08185	-4.626335	-8.185054
20.91	-12.81139	914.6406	339.7012	61.92175	7.117439	-188.7544	592.5267	132.0284	-409.9644	-53.73666	-17.08185	-6.049822	-5.338078	-17.08185	-30.60498	243.7722	-31.6726	-4.270463	-6.049822	-6.049822	-17.43772	-4.626335	-8.185054	-5.338078	-17.08185	-4.626335	-8.185054
21.19	-12.81139	714.6406	339.7012	-38.07825	107.1174	11.24561	-307.4733	432.0284	90.03564	46.26334	-17.08185	-6.049822	-5.338078	-17.08185	-130.605	43.77225	-31.6726	-4.270463	-6.049822	-6.049822	-17.43772	-4.626335	-8.185054	-5.338078	-17.08185	-4.626335	-8.185054
21.48	-12.81139	-585.3594	139.7012	361.9218	-92.88256	-889.7544	-207.4733	132.0284	690.0356	46.26334	82.91815	-6.049822	-5.338078	-17.08185	69.39502	-56.22775	-31.6726	-4.270463	-6.049822	-6.049822	-17.43772	-4.626335	-8.185054	-5.338078	-17.08185	-4.626335	-8.185054
21.76	-12.81139	-1085.359	-1561.299	-638.0782	-92.88256	-1489.754	-307.4733	132.0284	590.0356	-53.73666	-17.08185	-6.049822	-5.338078	-17.08185	-30.60498	-156.2278	-31.6726	-4.270463	-6.049822	-6.049822	-17.43772	-4.626335	-8.185054	-5.338078	-17.08185	-4.626335	-8.185054
22.05	-12.81139	14.64062	-1261.299	261.9218	-92.88256	-989.7544	-307.4733	-267.9716	190.0356	46.26334	-17.08185	-6.049822	-5.338078	-17.08185	69.39502	-256.2278	-31.6726	-4.270463	-6.049822	-6.049822	-17.43772	-4.626335	-8.185054	-5.338078	-17.08185	-4.626335	-8.185054
22.33	87.18861	1414.641	839.7012	-138.0782	7.117439	-488.7544	-407.4733	832.0284	-1009.964	-53.73666	-17.08185	-6.049822	-5.338078	-17.08185	5570.395	-56.22775	-31.6726	-4.270463	-6.049822	-6.049822	-17.43772	-4.626335	-8.185054	-5.338078	-17.08185	-4.626335	-8.185054
22.62	-12.81139	-785.3594	639.7012	161.9218	107.1174	-1489.754	-807.4733	32.02844	390.0356	-53.73666	-17.08185	-6.049822	-5.338078	-17.08185	269.395	43.77225	68.3274	-4.270463	-6.049822	-6.049822	-17.43772	-4.626335	-8.185054	-5.338078	-17.08185	-4.626335	-8.185054
22.91	-12.81139	614.6406	-1461.299	-238.0782	7.117439	-989.7544	-207.4733	232.0284	190.0356	-53.73666	-17.08185	-6.049822	-5.338078	-17.08185	-30.60498	-356.2278	-31.6726	-4.270463	-6.049822	-6.049822	-17.43772	-4.626335	-8.185054	-5.338078	-17.08185	-4.626335	-8.185054
23.2	-12.81139	-1285.359	-1361.299	-238.0782	107.1174	-188.7544	92.52673	232.0284	690.0356	-53.73666	82.91815	-6.049822	-5.338078	82.91815	169.395	-156.2278	-31.6726	-4.270463	-6.049822	-6.049822	-17.43772	-4.626335	-8.185054	-5.338078	82.91815	-4.626335	-8.185054
23.48	-12.81139	-285.3594	439.7012	861.9218	7.117439	-1489.754	-607.4733	-67.97156	-109.9644	-53.73666	-17.08185	-6.049822	-5.338078	-17.08185	4369.395	-256.2278	68.3274	-4.270463	-6.049822	-6.049822	-17.43772	-4.626335	-8.185054	-5.338078	-17.08185	-4.626335	-8.185054
23.77	-12.81139	514.6406	239.7012	261.9218	7.117439	-689.7544	-807.4733	32.02844	-409.9644	-53.73666	82.91815	-6.049822	-5.338078	-17.08185	-130.605	-256.2278	168.3274	-4.270463	-6.049822	-6.049822	-17.43772	-4.626335	91.81495	-5.338078	-17.08185	-4.626335	91.81495
24.05	-12.81139	14.64062	-1261.299	61.92175	7.117439	-1989.754	92.52673	-167.9716	-209.9644	-53.73666	-17.08185	-6.049822	-5.338078	-17.08185	-30.60498	-356.2278	-31.6726	-4.270463	-6.049822	-6.049822	-17.43772	-4.626335	-8.185054	-5.338078	-17.08185	-4.626335	-8.185054
24.34	-12.81139	1214.641	739.7012	461.9218	-92.88256	-1889.754	-507.4733	-167.9716	90.03564	-53.73666	-17.08185	-6.049822	-5.338078	-17.08185	-130.605	-56.22775	-31.6726	-4.270463	-6.049822	-6.049822	-17.43772	-4.626335	-8.185054	-5.338078	-17.08185	-4.626335	-8.185054
24.62	-12.81139	1414.641	-761.2988	-38.07825	7.117439	-1589.754	-707.4733	-267.9716	-209.9644	-53.73666	-17.08185	-6.049822	-5.338078	-17.08185	69.39502	-256.2278	-31.6726	-4.270463	-6.049822	-6.049822	-17.43772	-4.626335	-8.185054	-5.338078	-17.08185	-4.626335	-8.185054
24.91	-12.81139	414.6406	-1761.299	-238.0782	-92.88256	-1089.754	892.5267	432.0284	-609.9644	-53.73666	-17.08185	-6.049822	-5.338078	-17.08185	269.395	43.77225	-31.6726	-4.270463	-6.049822	-6.049822	-17.43772	-4.626335	-8.185054	-5.338078	-17.08185	-4.626335	-8.185054
25.19	-12.81139	914.6406	-961.2988	-338.0782	-92.88256	-88.75439	-507.4733	432.0284	-9.964355	46.26334	-17.08185	-6.049822	-5.338078	-17.08185	-30.60498	143.7722	68.3274	-4.270463	-6.049822	-6.049822	-17.43772	-4.626335	-8.185054	-5.338078	-17.08185	-4.626335	-8.185054
25.48	-12.81139	1014.641	-460.2988	-338.0782	7.117439	-1489.754	-307.4733	32.02844	-909.9644	-53.73666	-17.08185	-6.049822	-5.338078	-17.08185	-30.60498	143.7722	-31.6726	-4.270463	-6.049822	-6.049822	-17.43772	-4.626335	-8.185054	-5.338078	-17.08185	-4.626335	-8.185054
25.76	-12.81139	-485.3594	-1161.299	-38.07825	-92.88256	-889.7544	-707.4733	132.0284	-409.9644	146.2633	-17.08185	-6.049822	-5.338078	-17.08185	169.395	-156.2278	-31.6726	-4.270463	-6.049822	-6.049822	-17.43772	-4.626335	-8.185054	-5.338078	-17.08185	-4.626335	-8.185054
26.05	-12.81139	-585.3594	-1361.299	-638.0782	-92.88256	-989.7544	-207.4733	232.0284	390.0356	-53.73666	-17.08185	-6.049822	-5.338078	-17.08185	-130.605	-256.2278	-31.6726	-4.270463	-6.049822	-6.049822	-17.43772	-4.626335	-8.185054	-5.338078	-17.08185	-4.626335	-8.185054
26.33	-12.81139	814.6406	-560.2988	-138.0782	-92.88256	-1989.754	-907.4733	232.0284	290.0356	-53.73666	-17.08185	-6.049822	-5.338078	-17.08185	69.39502	343.7722	-31.6726	95.72954	-6.049822	-6.049822	-17.43772	-4.626335	-8.185054	-5.338078	-17.08185	-4.626335	-8.185054
26.62	-12.81139	-485.3594	-1361.299	661.9218	-92.88256	-1389.754	-107.4733	32.02844	-209.9644	-53.73666	-17.08185	-6.049822	-5.338078	-17.08185	-130.605	43.77225	-31.6726	-4.270463	-6.049822	-6.049822	-17.43772	95.37366	-8.185054	-5.338078	-17.08185	95.37366	-8.185054
26.9	-12.81139	114.6406	-1561.299	-338.0782	7.117439	-1489.754	-1307.473	-167.9716	-209.9644	-53.73666	-17.08185	-6.049822	-5.338078	-17.08185	-30.60498	143.7722	-31.6726	-4.270463	-6.049822	-6.049822	-17.43772	95.37366	-8.185054	-5.338078	-17.08185	95.37366	-8.185054
27.19	-12.81139	14.64062	-861.2988	261.9218	107.1174	-789.7544	692.5267	-267.9716	-609.9644	46.26334	82.91815	-6.049822	-5.338078	-17.08185	-30.60498	-56.22775	-31.6726	-4.270463	-6.049822	-6.049822	-17.43772	-4.626335	-8.185054	-5.338078	-17.08185	-4.626335	-8.185054
27.47	87.18861	1914.641	-260.2988	-138.0782	7.117439	-989.7544	492.5267	32.02844	90.03564	146.2633	-17.08185	-6.049822	-5.338078	-17.08185	269.395	-56.22775	-31.6726	-4.270463	-6.049822	-6.049822	-17.43772	-4.626335	-8.185054	-5.338078	-17.08185	-4.626335	-8.185054
27.76	-12.81139	614.6406	1539.701	861.9218	107.1174	-1989.754	192.5267	32.02844	-9.964355	46.26334	-17.08185	-6.049822	94.66192	-17.08185	69.39502	43.77225	-31.6726	-4.270463	-6.049822	-6.049822	-17.43772	-4.626335	-8.185054	94.66192	-17.08185	-4.626335	-8.185054
28.04	-12.81139	-1085.359	-1461.299	61.92175	7.117439	-1689.754	892.5267	-67.97156	-209.9644	46.26334	-17.08185	93.95018	-5.338078	-17.08185	-30.60498	43.77225	-31.6726	-4.270463	-6.049822	-6.049822	-17.43772	-4.626335	-8.185054	-5.338078	-17.08185	-4.626335	-8.185054
28.33	87.18861	-285.3594	-560.2988	561.9218	107.1174	-1789.754	-307.4733	332.0284	90.03564	246.2633	-17.08185	-6.049822	-5.338078	-17.08185	169.395	-156.2278	-31.6726	-4.270463	-6.049822	-6.049822	-17.43772	-4.626335	-8.185054	-5.338078	-17.08185	-4.626335	-8.185054
28.61	87.18861	14.64062	-60.29883	261.9218	-92.88256	-2089.754	692.5267	-67.97156	-109.9644	46.26334	-17.08185	-6.049822	-5.338078	-17.08185	11172.39	-156.2278	-31.6726	-4.270463	-6.049822	-6.049822	-17.43772	-4.626335	-8.185054	-5.338078	-17.08185	-4.626335	-8.185054
28.9	-12.81139	-1085.359	-1061.299	-238.0782	7.117439	-1189.754	-407.4733	-167.9716	-509.9644	-53.73666	-17.08185	-6.049822	-5.338078	-17.08185	69.39502	143.7722	-31.6726	-4.270463	-6.049822	-6.049822	-17.43772	-4.626335	-8.185054	-5.338078	-17.08185	-4.626335	-8.185054
29.18	87.18861	614.6406	-460.2988	61.92175	-92.88256	-2089.754	92.52673	532.0284	-9.964355	-53.73666	-17.08185	-6.049822	-5.338078	-17.08185	-30.60498	143.7722	-31.6726	95.72954	-6.049822	-6.049822	-17.43772	-4.626335	-8.185054	-5.338078	-17.08185	-4.626335	-8.185054
29.47	-12.81139	614.6406	-560.2988	-138.0782	7.117439	-789.7544	-507.4733	-367.9716	-409.9644	-53.73666	-17.08185	-6.049822	-5.338078	-17.08185	69.39502	-156.2278	-31.6726	-4.270463	93.95018	-6.049822	-17.43772	95.37366	-8.185054	-5.338078	-17.08185	95.37366	-8.185054
29.75	-12.81139	1214.641	-1861.299	-138.0782	7.117439	-1189.754	-107.4733	32.02844	190.0356	46.26334	-17.08185	-6.049822	-5.338078	-17.08185	-130.605	43.77225	-31.6726	-4.270463	-6.049822	-6.049822	-17.43772	-4.626335	-8.185054	-5.338078	-17.08185	-4.626335	-8.185054
30.04	-12.81139	-485.3594	-1361.299	961.9218	107.1174	-388.7544	-807.4733	132.0284	-409.9644	-53.73666	-17.08185	-6.049822	-5.338078	-17.08185	-130.605	443.7722	68.3274	-4.270463	-6.049822	-6.049822	-17.43772	-4.626335	-8.185054	-5.338078	-17.08185	-4.626335	-8.185054
30.32	87.18861	-685.3594	939.7012	161.9218	-92.88256	-1189.754	292.5267	32.02844	690.0356	-53.73666	-17.08185	-6.049822	-5.338078	-17.08185	69.39502	-56.22775	-31.6726	95.72954	-6.049822	-6.049822	-17.43772	-4.626335	-8.185054	-5.338078	-17.08185	-4.626335	-8.185054
30.61	-12.81139	-385.3594	-60.29883	-138.0782	-92.88256	-588.7544	-907.4733	-267.9716	490.0356	46.26334	-17.08185	-6.049822	-5.338078	-17.08185	-130.605	-256.2278	-31.6726	-4.270463	-6.049822	-6.049822	-17.43772	-4.626335	-8.185054	-5.338078	-17.08185	-4.626335	-8.185054
30.89	-12.81139	14.64062	-60.29883	461.9218	7.117439	-1989.754	192.5267	232.0284	-9.964355	46.26334	-17.08185	-6.049822	-5.338078	-17.08185	69.39502	43.77225	68.3274	-4.270463	-6.049822	-6.049822	-17.43772	-4.626335	-8.185054	-5.338078	-17.08185	-4.626335	-8.185054
31.18	-12.81139	214.6406	-660.2988	-438.0782	7.117439	-1189.754	-1107.473	532.0284	390.0356	46.26334	-17.08185	-6.049822	-5.338078	-17.08185	-130.605	243.7722	-31.6726	-4.270463	-6.049822	-6.049822	-17.43772	-4.626335	-8.185054	-5.338078	-17.08185	-4.626335	-8.185054
31.46	87.18861	614.6406	-1461.299	561.9218	-92.88256	-588.7544	-607.4733	-267.9716	-9.964355	46.26334	-17.08185	-6.049822	-5.338078	-17.08185	-30.60498	-156.2278	-31.6726	-4.270463	-6.049822	-6.049822	-17.43772	-4.626335	-8.185054	-5.338078	-17.08185	-4.626335	-8.185054
31.75	-12.81139	314.6406	-1261.299	-238.0782	7.117439	-1489.754	-307.4733	-267.9716	-509.9644	46.26334	-17.08185	-6.049822	-5.338078	82.91815	-130.605	-56.22775	-31.6726	-4.270463	-6.049822	-6.049822	82.56228	-4.626335	-8.185054	-5.338078	82.91815	-4.626335	-8.185054
32.03	-12.81139	15823.64	-60.29883	61.92175	-92.88256	1111.246	17199.53	432.0284	390.0356	546.2634	182.9182	-6.049822	-5.338078	-17.08185	51923.39	147881.8	-31.6726	-4.270463	593.9502	-6.049822	482.5623	-4.626335	91.81495	-5.338078	-17.08185	-4.626335	91.81495
32.32	87.18861	1618348	-360.2988	-38.07825	207.1174	15919.25	157700.5	232.0284	-309.9644	1446.263	2382.918	293.9502	-5.338078	-17.08185	93745.4	196213.8	-31.6726	195.7295	293.9502	93.95018	482.5623	-4.626335	191.8149	-5.338078	-17.08185	-4.626335	191.8149
32.6	87.18861	4487388	1339.701	61.92175	607.1174	41555.25	334744.5	432.0284	490.0356	2746.263	2882.918	293.9502	194.6619	-17.08185	79496.4	245950.8	-31.6726	195.7295	493.9502	293.9502	1082.562	-4.626335	191.8149	194.6619	-17.08185	-4.626335	191.8149
32.89	-12.81139		239.7012	1161.922	7.117439	46364.25	412193.5	-467.9716	690.0356	3946.263	4482.918	793.9502	94.66192	-17.08185	110513.4	300239.8	368.3274	195.7295	-6.049822	593.9502	1082.562	195.3737	591.8149	94.66192	-17.08185	195.3737	591.8149
33.17	87.18861		1639.701	561.9218	707.1174	57891.25	489270.5	132.0284	-709.9644	2446.263	4782.918	793.9502	-5.338078	-17.08185	124579.4	341261.8	-31.6726	295.7295	893.9502	93.95018	1282.562	95.37366	791.8149	-5.338078	-17.08185	95.37366	791.8149
33.46	687.1886		39.70117	661.9218	607.1174	65712.24	529786.5	-367.9716	490.0356	4746.263	5383.918	1093.95	-5.338078	-17.08185	185455.4	268603.8	168.3274	395.7295	593.9502	493.9502	1282.562	195.3737	291.8149	-5.338078	-17.08185	195.3737	291.8149
33.74	487.1886		1439.701	461.9218	7.117439	77448.24	579372.5	-67.97156	190.0356	4746.263	6183.918	693.9502	-5.338078	-17.08185	148208.4	386615.8	-31.6726	495.7295	393.9502	293.9502	982.5623	95.37366	391.8149	-5.338078	-17.08185	95.37366	391.8149
34.03	87.18861		239.7012	661.9218	807.1174	77749.24	613679.5	-67.97156	-109.9644	4746.263	4882.918	993.9502	-5.338078	82.91815	171859.4	440903.8	-31.6726	295.7295	893.9502	493.9502	982.5623	95.37366	591.8149	-5.338078	82.91815	95.37366	591.8149
34.32	487.1886		2339.701	561.9218	507.1174	72031.24	656140.5	-167.9716	490.0356	4546.263	6483.918	993.9502	-5.338078	-17.08185	200471.4	495112.8	-31.6726	195.7295	993.9502	493.9502	1582.562	-4.626335	791.8149	-5.338078	-17.08185	-4.626335	791.8149
34.6	-12.81139		539.7012	361.9218	407.1174	71529.24	587663.5	-267.9716	490.0356	5047.263	4682.918	1293.95	-5.338078	-17.08185	212368.4	507244.8	68.3274	495.7295	393.9502	93.95018	682.5623	195.3737	1091.815	-5.338078	-17.08185	195.3737	1091.815
34.89	87.18861		2239.701	1261.922	407.1174	72632.24	609273.5	-467.9716	790.0356	5447.263	5783.918	893.9502	-5.338078	182.9182	267696.4	652456.8	-31.6726	-4.270463	693.9502	593.9502	882.5623	95.37366	791.8149	-5.338078	182.9182	95.37366	791.8149
35.17	187.1886		1939.701	661.9218	507.1174	70626.24	643210.5	-167.9716	-509.9644	4946.263	5683.918	893.9502	-5.338078	-17.08185	298037.4	822568.8	68.3274	395.7295	93.95018	593.9502	582.5623	295.3737	491.8149	-5.338078	-17.08185	295.3737	491.8149
35.46	87.18861		2339.701	461.9218	807.1174	75140.24	598312.5	632.0284	590.0356	5447.263	6283.918	193.9502	194.6619	-17.08185	431056.4	1132754	-31.6726	195.7295	793.9502	293.9502	1182.562	195.3737	791.8149	194.6619	-17.08185	195.3737	791.8149
35.74	387.1886		2239.701	461.9218	-92.88256	71228.24	560549.5	-67.97156	590.0356	5647.263	8784.918	893.9502	-5.338078	-17.08185	694589.4	1771269	68.3274	295.7295	493.9502	993.9502	1682.562	95.37366	891.8149	-5.338078	-17.08185	95.37366	891.8149
36.03	287.1886		2339.701	-38.07825	607.1174	81462.24	649263.5	-67.97156	790.0356	6447.263	8684.918	793.9502	-5.338078	82.91815	3526632	8318544	268.3274	-4.270463	393.9502	2093.95	2682.562	195.3737	1491.815	-5.338078	82.91815	195.3737	1491.815
36.31	887.1886		2239.701	1861.922	3307.117	95314.24	729126.5	632.0284	190.0356	7247.263	11285.92	1593.95	-5.338078	82.91815	2.007889e+07	5.04809e+07	268.3274	195.7295	693.9502	3593.95	6483.562	95.37366	791.8149	-5.338078	82.91815	95.37366	791.8149
36.6	2587.189		2339.701	5662.922	5208.118	89491.24	614704.5	432.0284	-109.9644	7247.263	14686.92	493.9502	94.66192	382.9182	3.023246e+07	8.403458e+07	168.3274	595.7296	493.9502	5194.95	7883.562	95.37366	991.8149	94.66192	382.9182	95.37366	991.8149
36.89	2587.189		2139.701	10464.92	11610.12	69322.24	523250.5	732.0284	2490.036	8047.263	22792.92	693.9502	-5.338078	182.9182	6.185882e+07	1.381712e+08	68.3274	995.7296	493.9502	7694.95	8684.562	95.37366	1291.815	-5.338078	182.9182	95.37366	1291.815
37.17	4887.188		2940.701	19870.92	11310.12	54683.25	407517.5	1732.028	2790.036	12349.26	27297.92	593.9502	-5.338078	282.9182	9.226364e+07	2.082729e+08	568.3274	1795.729	493.9502	12396.95	9884.562	195.3737	1591.815	-5.338078	282.9182	195.3737	1591.815
37.46	3187.189	4981450	3240.701	31282.92	9309.117	45262.25	325725.5	932.0284	2690.036	12649.26	32002.92	493.9502	94.66192	782.9182	9.868026e+07	2.343131e+08	1168.327	1495.729	493.9502	21402.95	10884.56	95.37366	1991.815	94.66192	782.9182	95.37366	1991.815
37.74	2687.189	4227548	4040.701	39894.92	6908.118	31438.25	245409.5	2132.028	2590.036	12849.26	28999.92	493.9502	-5.338078	1482.918	1.059073e+08	3.024248e+08	2968.327	1695.729	93.95018	30812.95	12085.56	-4.626335	2791.815	-5.338078	1482.918	-4.626335	2791.815
38.03	1587.189	3103969	3640.701	54422.92	5808.118	26230.25	214222.5	1532.028	2690.036	17752.26	30601.92	693.9502	-5.338078	1582.918	1.155224e+08	2.683678e+08	2668.327	1195.729	293.9502	44032.95	9984.562	-4.626335	3791.815	-5.338078	1582.918	-4.626335	3791.815
38.31	1887.189	2625968	2940.701	78287.92	3907.117	20924.25	199601.5	1332.028	3691.036	18853.26	35407.92	393.9502	-5.338078	1382.918	1.16513e+08	3.244629e+08	3368.327	1095.729	193.9502	48540.95	16087.56	-4.626335	4691.815	-5.338078	1382.918	-4.626335	4691.815
38.6	1287.189	2192873	4340.701	103479.9	6808.118	15119.25	173908.5	2032.028	3090.036	29063.26	45724.92	493.9502	-5.338078	2082.918	1.231047e+08	3.164489e+08	5369.328	1095.729	393.9502	62170.95	15287.56	295.3737	5492.815	-5.338078	2082.918	295.3737	5492.815
38.89	787.1886	2066533	2839.701	114025.9	2507.117	13918.25	140698.5	2632.028	3891.036	29964.26	38912.92	193.9502	-5.338078	2282.918	1.121302e+08	3.505092e+08	3868.327	1295.729	493.9502	65078.95	10584.56	-4.626335	4991.815	-5.338078	2282.918	-4.626335	4991.815
39.17	687.1886	1403690	3440.701	123370.9	1507.117	10515.25	130642.5	1632.028	3090.036	31466.26	48329.92	193.9502	-5.338078	3182.918	1.202449e+08	3.645347e+08	4868.328	2695.729	93.95018	65779.95	13886.56	-4.626335	6892.815	-5.338078	3182.918	-4.626335	6892.815
39.46	687.1886	1186406	5140.701	147400.9	1307.117	10515.25	117979.5	2632.028	3290.036	42883.26	55945.92	193.9502	-5.338078	3682.918	1.344497e+08	3.925868e+08	3568.327	2195.729	193.9502	72097.95	14686.56	-4.626335	7292.815	-5.338078	3682.918	-4.626335	7292.815
39.74	487.1886	1055497	2839.701	165917.9	807.1174	5713.246	100401.5	3132.028	4091.036	41480.26	64164.92	-6.049822	-5.338078	4182.918	1.35138e+08	3.885793e+08	6169.328	2395.729	193.9502	70994.95	11985.56	-4.626335	5992.815	-5.338078	4182.918	-4.626335	5992.815
40.03	1287.189	910836.6	2139.701	168433.9	907.1174	5913.246	92369.52	2432.028	3090.036	39177.26	62259.92	93.95018	-5.338078	4282.918	1.300156e+08	3.304735e+08	5569.328	2095.729	-6.049822	68587.95	15487.56	-4.626335	7892.815	-5.338078	4282.918	-4.626335	7892.815
40.32	487.1886	809616.6	2739.701	188174.9	807.1174	5312.246	95582.52	2532.028	3090.036	42382.26	65969.92	93.95018	-5.338078	3982.918	1.257185e+08	3.585237e+08	4268.328	2995.729	-6.049822	63072.95	10484.56	-4.626335	6092.815	-5.338078	3982.918	-4.626335	6092.815
40.6	1187.189	540020.6	2139.701	190895.9	807.1174	3812.246	81330.52	3232.028	3090.036	42783.26	77101.92	193.9502	-5.338078	3082.918	1.325612e+08	3.144455e+08	5069.328	3395.729	93.95018	60366.95	10384.56	95.37366	6092.815	-5.338078	3082.918	95.37366	6092.815
40.89	2087.189	581546.6	5741.701	180619.9	1307.117	1811.246	70898.52	1732.028	3290.036	40479.26	82418.92	-6.049822	-5.338078	2082.918	1.268142e+08	3.565201e+08	3368.327	3095.729	-6.049822	44032.95	10984.56	-4.626335	6792.815	-5.338078	2082.918	-4.626335	6792.815
41.17	3787.189	353890.6	3340.701	163702.9	5208.118	1511.246	65884.52	2132.028	3991.036	38376.26	73490.92	93.95018	-5.338078	3882.918	1.369838e+08	3.424948e+08	2868.327	2695.729	93.95018	37721.95	12085.56	-4.626335	3591.815	-5.338078	3882.918	-4.626335	3591.815
41.46	4987.188	321854.6	3140.701	140259.9	12210.12	2611.246	54756.53	1532.028	4091.036	27561.26	64866.92	-6.049822	-5.338078	3182.918	1.340104e+08	3.2847e+08	2068.327	2995.729	93.95018	28709.95	12585.56	-4.626335	3491.815	-5.338078	3182.918	-4.626335	3491.815
41.75	6788.188	386171.6	3340.701	113824.9	21416.12	1911.246	38024.53	2232.028	3891.036	25359.26	61257.92	93.95018	-5.338078	1582.918	1.345082e+08	3.62531e+08	2368.327	2995.729	193.9502	21102.95	11185.56	-4.626335	2091.815	-5.338078	1582.918	-4.626335	2091.815
42.03	12890.19	313547.6	4940.701	92435.92	29825.12	2211.246	33517.53	2032.028	2190.036	18753.26	60956.92	93.95018	-5.338078	1582.918	1.443326e+08	3.985982e+08	1268.327	1595.729	-6.049822	19501.95	13085.56	-4.626335	1891.815	-5.338078	1582.918	-4.626335	1891.815
42.32	21396.19	184640.6	4440.701	75077.92	54066.12	2211.246	33717.53	2432.028	4891.036	16251.26	61057.92	193.9502	-5.338078	1382.918	1.710059e+08	4.146289e+08	1768.327	2495.729	93.95018	14897.95	11785.56	-4.626335	1491.815	-5.338078	1382.918	-4.626335	1491.815
42.6	23898.19	169731.6	4240.701	65550.92	48955.12	1911.246	62976.53	2332.028	3991.036	14750.26	56446.92	193.9502	-5.338078	382.9182	1.330003e+08	3.82568e+08	1868.327	1595.729	-6.049822	12896.95	10984.56	-4.626335	1591.815	-5.338078	382.9182	-4.626335	1591.815
42.89	20395.19	127873.6	5140.701	70764.92	54266.12	311.2456	25307.53	2332.028	4191.036	19253.26	56646.92	93.95018	-5.338078	1182.918	1.396077e+08	4.6072e+08	1168.327	1195.729	-6.049822	12796.95	10684.56	-4.626335	1991.815	-5.338078	1182.918	-4.626335	1991.815
43.18	19595.19	138230.6	2940.701	87417.92	48855.12	511.2456	25507.53	2932.028	3891.036	21055.26	49631.92	193.9502	-5.338078	1082.918	1.321368e+08	3.885793e+08	1468.327	1295.729	193.9502	14297.95	9984.562	-4.626335	2691.815	-5.338078	1082.918	-4.626335	2691.815
43.46	12490.19	84779.64	3440.701	88923.92	32829.12	1911.246	35320.53	3132.028	4191.036	26660.26	55744.92	193.9502	-5.338078	1482.918	1.412651e+08	3.565201e+08	2068.327	1695.729	93.95018	14697.95	10584.56	-4.626335	2891.815	-5.338078	1482.918	-4.626335	2891.815
43.75	13391.19	67923.64	4740.701	88521.92	24819.12	-889.7544	31915.53	2632.028	4691.036	28863.26	47026.92	293.9502	-5.338078	1882.918	1.292552e+08	3.725494e+08	1768.327	1895.729	-6.049822	13196.95	10284.56	-4.626335	2091.815	-5.338078	1882.918	-4.626335	2091.815
44.03	8989.188	57495.64	3940.701	80594.92	20015.12	-2089.754	32716.53	2832.028	4291.036	29564.26	53539.92	-6.049822	-5.338078	2582.918	1.323271e+08	3.164489e+08	2768.327	1595.729	93.95018	16999.95	10484.56	-4.626335	3291.815	-5.338078	2582.918	-4.626335	3291.815
44.32	9089.188	63410.64	2839.701	81597.92	15012.12	-588.7544	38925.53	3432.028	2890.036	40980.26	56245.92	-6.049822	-5.338078	3982.918	1.360461e+08	3.68542e+08	2868.327	1495.729	93.95018	20802.95	12885.56	-4.626335	4191.815	-5.338078	3982.918	-4.626335	4191.815
44.61	6588.188	66319.64	3140.701	74876.92	13811.12	-1089.754	41630.53	2932.028	2690.036	38676.26	51836.92	-6.049822	194.6619	3582.918	1.334102e+08	3.665384e+08	3068.327	1895.729	-6.049822	25306.95	12785.56	-4.626335	5392.815	194.6619	3582.918	-4.626335	5392.815
44.89	7288.188	101445.6	3740.701	69561.92	11510.12	-1089.754	49044.53	2532.028	2890.036	44285.26	60656.92	-6.049822	-5.338078	4782.918	1.40693e+08	3.645347e+08	2868.327	1795.729	93.95018	37822.95	10384.56	-4.626335	4891.815	-5.338078	4782.918	-4.626335	4891.815
45.18	4487.188	117821.6	3440.701	64547.92	8508.117	-689.7544	46038.53	2632.028	4591.036	50998.26	62460.92	-6.049822	-5.338078	4182.918	1.272546e+08	3.605274e+08	3068.327	1395.729	-6.049822	52749.95	11185.56	-4.626335	4291.815	-5.338078	4182.918	-4.626335	4291.815
45.46	4687.188	63410.64	5541.701	69962.92	6008.118	-989.7544	53253.53	2932.028	3090.036	51900.26	62360.92	-6.049822	-5.338078	4282.918	1.348597e+08	3.505092e+08	3568.327	2195.729	-6.049822	60466.95	10784.56	-4.626335	7392.815	-5.338078	4282.918	-4.626335	7392.815
45.75	3187.189	61605.64	4540.701	66251.92	4807.118	11.24561	50146.53	2832.028	3290.036	52301.26	61157.92	193.9502	-5.338078	3782.918	1.372036e+08	3.645347e+08	2868.327	2895.729	-6.049822	77011.95	11685.56	-4.626335	7192.815	-5.338078	3782.918	-4.626335	7192.815
46.04	7688.188	48674.64	4540.701	79089.92	5608.118	611.2456	57462.53	2232.028	2890.036	57813.26	58651.92	393.9502	-5.338078	4382.918	1.378045e+08	3.565201e+08	3468.327	2495.729	-6.049822	78115.95	9384.562	-4.626335	6392.815	-5.338078	4382.918	-4.626335	6392.815
46.32	8889.188	45367.64	3540.701	74274.92	4207.118	-1789.754	53553.53	2432.028	3891.036	50898.26	64666.92	293.9502	-5.338078	4982.918	1.259668e+08	3.2847e+08	3068.327	1295.729	-6.049822	83532.95	12485.56	-4.626335	5792.815	-5.338078	4982.918	-4.626335	5792.815
46.61	19094.19	52883.64	2739.701	89625.92	4307.118	811.2456	46439.53	2332.028	2790.036	60820.26	57147.92	993.9502	-5.338078	2782.918	1.399743e+08	3.865756e+08	3268.327	3295.729	93.95018	86844.95	11285.56	-4.626335	6392.815	-5.338078	2782.918	-4.626335	6392.815
46.9	25100.19	48974.64	2839.701	92536.92	6808.118	-488.7544	47741.53	3432.028	2990.036	51399.26	59453.92	393.9502	-5.338078	3982.918	1.357531e+08	3.444984e+08	2868.327	2795.729	193.9502	79218.95	9584.562	-4.626335	5992.815	-5.338078	3982.918	-4.626335	5992.815
47.18	29104.19	40757.64	2940.701	81196.92	9209.117	-1089.754	45136.53	2432.028	5291.036	46890.26	55043.92	693.9502	-5.338078	3582.918	1.457865e+08	3.885793e+08	2468.327	2195.729	93.95018	66080.95	11985.56	-4.626335	6792.815	-5.338078	3582.918	-4.626335	6792.815
47.47	28804.19	32043.64	3140.701	75779.92	10109.12	-388.7544	47140.53	3232.028	3991.036	42482.26	62460.92	793.9502	94.66192	4482.918	1.476966e+08	3.865756e+08	2868.327	1495.729	-6.049822	60366.95	12285.56	-4.626335	5092.815	94.66192	4482.918	-4.626335	5092.815
47.75	25200.19	45367.64	4840.701	65249.92	10909.12	1611.246	47240.53	3032.028	3491.036	38876.26	54842.92	693.9502	-5.338078	4482.918	1.377752e+08	3.725494e+08	2968.327	2695.729	193.9502	55555.95	12185.56	-4.626335	4891.815	-5.338078	4482.918	-4.626335	4891.815
48.04	22998.19	33946.64	4140.701	64447.92	12310.12	-1189.754	43233.53	3132.028	4391.036	38275.26	55443.92	93.95018	-5.338078	4182.918	1.377898e+08	4.246484e+08	3468.327	2495.729	193.9502	58161.95	13286.56	-4.626335	4391.815	-5.338078	4182.918	-4.626335	4391.815
48.32	26401.19	27937.64	3340.701	65349.92	29825.12	-288.7544	45737.53	3232.028	3090.036	32768.26	60355.92	493.9502	-5.338078	4182.918	1.38552e+08	3.745531e+08	3868.327	1795.729	193.9502	45134.95	13986.56	-4.626335	2791.815	-5.338078	4182.918	-4.626335	2791.815
48.61	31607.19	30741.64	3840.701	63544.92	47252.12	-889.7544	41630.53	2132.028	3791.036	30565.26	59352.92	193.9502	-5.338078	4682.918	1.31654e+08	3.404912e+08	2968.327	1295.729	93.95018	40926.95	9784.562	-4.626335	4591.815	-5.338078	4682.918	-4.626335	4591.815
48.9	43725.19	30841.64	4640.701	69761.92	101312.1	-1189.754	45537.53	2732.028	3090.036	30565.26	67674.92	493.9502	-5.338078	4182.918	1.412357e+08	3.444984e+08	2768.327	2795.729	93.95018	34717.95	10784.56	-4.626335	4591.815	-5.338078	4182.918	-4.626335	4591.815
49.18	51540.19	35047.64	2940.701	68257.92	133061.1	-488.7544	42431.53	2332.028	4091.036	27862.26	64064.92	393.9502	-5.338078	3182.918	1.312443e+08	3.525128e+08	3068.327	2895.729	93.95018	35819.95	10984.56	-4.626335	4391.815	-5.338078	3182.918	-4.626335	4391.815
49.47	56250.19	27636.64	3140.701	73171.92	150157.1	-689.7544	38925.53	3032.028	2490.036	28963.26	68576.92	1893.95	-5.338078	2282.918	1.390358e+08	3.46502e+08	2368.327	1795.729	-6.049822	30512.95	10084.56	-4.626335	3891.815	-5.338078	2282.918	-4.626335	3891.815
49.76	75100.19	28638.64	3140.701	80092.92	180457.1	-1589.754	36321.53	2132.028	3691.036	23958.26	78204.92	2893.95	-5.338078	2582.918	1.387133e+08	3.965944e+08	2968.327	1895.729	193.9502	26907.95	13986.56	-4.626335	4591.815	-5.338078	2582.918	-4.626335	4591.815
50.04	79012.19	23030.64	2339.701	82300.92	195670.1	-989.7544	31014.53	2532.028	3491.036	19654.26	85127.92	4093.95	94.66192	1482.918	1.351526e+08	4.126251e+08	2168.327	2795.729	-6.049822	24405.95	11285.56	-4.626335	4191.815	94.66192	1482.918	-4.626335	4191.815
50.33	79212.19	32944.64	3040.701	91231.92	248638.1	-88.75439	28510.53	1332.028	4091.036	14951.26	96669.92	6494.95	-5.338078	1982.918	1.40077e+08	3.705457e+08	2568.327	2795.729	193.9502	29010.95	12885.56	-4.626335	4791.815	-5.338078	1982.918	-4.626335	4791.815
50.61	90049.19	60101.64	2940.701	95848.92	337673.1	-588.7544	22003.53	3032.028	4391.036	15651.26	96066.92	7594.95	-5.338078	1182.918	1.25266e+08	3.645347e+08	2068.327	3895.729	193.9502	24105.95	12385.56	-4.626335	6292.815	-5.338078	1182.918	-4.626335	6292.815
50.9	90450.19	20928.64	4340.701	88220.92	432823.1	-1189.754	23205.53	3232.028	3991.036	16151.26	95364.92	8194.95	-5.338078	782.9182	1.372329e+08	3.925868e+08	1768.327	3095.729	193.9502	24905.95	10184.56	95.37366	6892.815	-5.338078	782.9182	95.37366	6892.815
51.19	100589.2	26835.64	3340.701	86614.92	508019.1	111.2456	20902.53	2732.028	3190.036	14750.26	95765.92	6194.95	-5.338078	1282.918	1.412504e+08	3.82568e+08	1968.327	2995.729	-6.049822	21702.95	13185.56	-4.626335	5592.815	-5.338078	1282.918	-4.626335	5592.815
51.47	114850.2	19627.64	4840.701	71967.92	523738.1	-1489.754	21803.53	2132.028	3390.036	13850.26	98375.92	9195.95	-5.338078	882.9182	1.406636e+08	3.585237e+08	2068.327	4595.729	193.9502	21402.95	12885.56	-4.626335	4691.815	-5.338078	882.9182	-4.626335	4691.815
51.76	115654.2	15723.64	3740.701	71265.92	545701.1	11.24561	20102.53	3032.028	2990.036	13149.26	98877.92	5094.95	-5.338078	1582.918	1.193002e+08	3.925868e+08	1568.327	4295.729	193.9502	21202.95	10584.56	-4.626335	4391.815	-5.338078	1582.918	-4.626335	4391.815
52.04	135453.2	18125.64	1839.701	70463.92	658058.1	-1389.754	22104.53	1932.028	3491.036	16652.26	95263.92	6394.95	-5.338078	1982.918	1.374674e+08	4.226444e+08	1368.327	5296.729	193.9502	19300.95	13686.56	-4.626335	4791.815	-5.338078	1982.918	-4.626335	4791.815
52.33	135453.2	19226.64	3140.701	66953.92	679110.1	-689.7544	22404.53	1232.028	3491.036	13149.26	96066.92	5994.95	-5.338078	2082.918	1.38039e+08	3.785605e+08	2668.327	4595.729	293.9502	21002.95	10984.56	-4.626335	4391.815	-5.338078	2082.918	-4.626335	4391.815
52.62	127612.2	26835.64	4440.701	63043.92	649129.1	11.24561	20502.53	2032.028	3290.036	15251.26	96267.92	4193.95	-5.338078	782.9182	1.40781e+08	3.645347e+08	1468.327	2995.729	993.9502	24705.95	14386.56	-4.626335	3491.815	-5.338078	782.9182	-4.626335	3491.815
52.9	131934.2	20327.64	4940.701	62040.92	622771.1	-1089.754	20502.53	2832.028	3390.036	12249.26	90144.92	3993.95	-5.338078	1382.918	1.434664e+08	3.925868e+08	1768.327	3495.729	1293.95	30912.95	9184.562	-4.626335	4491.815	-5.338078	1382.918	-4.626335	4491.815
53.19	130024.2	25734.64	4040.701	59534.92	605863.1	511.2456	22904.53	3032.028	4291.036	11449.26	85327.92	5294.95	-5.338078	1882.918	1.412651e+08	3.485056e+08	1268.327	2895.729	593.9502	44332.95	10984.56	95.37366	3791.815	-5.338078	1882.918	95.37366	3791.815
53.47	128014.2	24432.64	3840.701	59434.92	540387.1	-989.7544	21703.53	2732.028	3691.036	13450.26	86231.92	5994.95	-5.338078	682.9182	1.428352e+08	3.82568e+08	2268.327	4295.729	293.9502	61468.95	11785.56	-4.626335	3691.815	-5.338078	682.9182	-4.626335	3691.815
53.76	129421.2	33044.64	3640.701	62141.92	513734.1	-88.75439	24706.53	2332.028	3591.036	15851.26	89442.92	5994.95	-5.338078	782.9182	1.421454e+08	3.485056e+08	2268.327	3795.729	793.9502	84736.95	11885.56	-4.626335	2391.815	-5.338078	782.9182	-4.626335	2391.815
54.05	115453.2	19927.64	2940.701	65249.92	475488.1	411.2456	26608.53	2232.028	3591.036	13250.26	91650.92	10295.95	94.66192	1182.918	1.427618e+08	3.424948e+08	1668.327	3495.729	1093.95	114757	10984.56	-4.626335	2791.815	94.66192	1182.918	-4.626335	2791.815
54.33	113343.2	22530.64	4640.701	59434.92	391957.1	1011.246	24106.53	2132.028	3991.036	13850.26	79910.92	13797.95	194.6619	1382.918	1.279979e+08	3.525128e+08	2568.327	4095.729	993.9502	111844	10884.56	-4.626335	3291.815	194.6619	1382.918	-4.626335	3291.815
54.62	95569.19	54788.64	3240.701	61038.92	362315.1	811.2456	26808.53	2232.028	4291.036	15551.26	81916.92	9495.95	-5.338078	1482.918	1.351087e+08	3.605274e+08	3768.327	2895.729	893.9502	142901	11585.56	-4.626335	4091.815	-5.338078	1482.918	-4.626335	4091.815
54.91	96272.19	61505.64	4040.701	66552.92	338180.1	811.2456	30213.53	2532.028	2190.036	17752.26	86431.92	10795.95	-5.338078	1382.918	1.414558e+08	3.82568e+08	2868.327	3495.729	893.9502	132746	13386.56	-4.626335	2391.815	-5.338078	1382.918	-4.626335	2391.815
55.19	95067.19	25533.64	2539.701	62943.92	322779.1	11.24561	28911.53	2432.028	2990.036	19253.26	79207.92	8494.95	-5.338078	882.9182	1.449053e+08	3.845718e+08	3468.327	3995.729	693.9502	113853	11084.56	-4.626335	3291.815	-5.338078	882.9182	-4.626335	3291.815
55.48	85433.19	20628.64	2139.701	67455.92	298277.1	511.2456	32616.53	2332.028	3190.036	20154.26	75696.92	6894.95	-5.338078	1982.918	1.334687e+08	3.044282e+08	2868.327	4595.729	893.9502	102705	9284.562	-4.626335	2891.815	-5.338078	1982.918	-4.626335	2891.815
55.76	83225.19	21929.64	2039.701	69661.92	289778.1	-789.7544	30513.53	2832.028	3891.036	21756.26	82016.92	5094.95	-5.338078	1482.918	1.351819e+08	3.224594e+08	2868.327	2595.729	293.9502	77914.95	13185.56	-4.626335	3491.815	-5.338078	1482.918	-4.626335	3491.815
56.05	88544.19	22029.64	3040.701	74074.92	279461.1	-188.7544	32716.53	1732.028	3090.036	20955.26	82819.92	4393.95	-5.338078	2082.918	1.332491e+08	3.845718e+08	2768.327	3995.729	193.9502	62371.95	11785.56	-4.626335	3491.815	-5.338078	2082.918	-4.626335	3491.815
56.34	88744.19	25133.64	2539.701	72268.92	267026.1	-88.75439	33918.53	2332.028	3891.036	20154.26	87836.92	2293.95	-5.338078	1382.918	1.351672e+08	3.885793e+08	2968.327	2295.729	393.9502	51947.95	11885.56	-4.626335	2991.815	-5.338078	1382.918	-4.626335	2991.815
56.62	79212.19	28037.64	4540.701	76682.92	254699.1	-989.7544	34018.53	3232.028	3791.036	23557.26	82016.92	1593.95	-5.338078	1682.918	1.306445e+08	3.244629e+08	2168.327	1995.729	193.9502	50143.95	12785.56	-4.626335	2491.815	-5.338078	1682.918	-4.626335	2491.815
56.91	72392.19	21829.64	3540.701	80193.92	239651.1	-1389.754	37323.53	2732.028	3491.036	26260.26	84324.92	1993.95	-5.338078	2182.918	1.372622e+08	3.304735e+08	2368.327	2595.729	93.95018	45735.95	11385.56	-4.626335	2791.815	-5.338078	2182.918	-4.626335	2791.815
57.19	71790.19	25934.64	2940.701	74776.92	218156.1	-1589.754	39326.53	2532.028	4591.036	26160.26	81715.92	2193.95	-5.338078	2282.918	1.326929e+08	3.505092e+08	2768.327	3095.729	-6.049822	49442.95	10184.56	-4.626335	3091.815	-5.338078	2282.918	-4.626335	3091.815
57.48	69082.19	22930.64	3840.701	69460.92	203130.1	511.2456	36522.53	2432.028	3491.036	23657.26	78706.92	1893.95	-5.338078	2282.918	1.358117e+08	3.665384e+08	2968.327	3195.729	193.9502	56757.95	12285.56	-4.626335	3391.815	-5.338078	2282.918	-4.626335	3391.815
57.77	58054.19	22129.64	4040.701	72168.92	186803.1	211.2456	39326.53	2232.028	3591.036	27461.26	73991.92	1393.95	-5.338078	2182.918	1.418373e+08	3.945906e+08	3168.327	2495.729	193.9502	65579.95	9984.562	-4.626335	3791.815	-5.338078	2182.918	-4.626335	3791.815
58.05	57453.19	26435.64	2639.701	67756.92	167769.1	111.2456	39727.53	3232.028	3791.036	26360.26	75095.92	1493.95	-5.338078	2282.918	1.438481e+08	3.865756e+08	4368.328	2695.729	493.9502	69088.95	12685.56	-4.626335	3491.815	-5.338078	2282.918	-4.626335	3491.815
58.34	43926.19	22530.64	2539.701	62341.92	141507.1	-488.7544	37022.53	2432.028	2690.036	24258.26	63663.92	793.9502	-5.338078	3182.918	1.349768e+08	3.645347e+08	3668.327	2595.729	193.9502	74103.95	11985.56	-4.626335	3491.815	-5.338078	3182.918	-4.626335	3491.815
58.62	47332.19	42260.64	2839.701	60737.92	112962.1	-1089.754	38324.53	1532.028	3090.036	23757.26	72587.92	1893.95	-5.338078	3182.918	1.389479e+08	3.2847e+08	3268.327	2295.729	93.95018	147226	11885.56	-4.626335	3191.815	-5.338078	3182.918	-4.626335	3191.815
58.91	44026.19	34747.64	2339.701	54723.92	95389.12	11.24561	37723.53	3132.028	4291.036	25859.26	69077.92	2193.95	-5.338078	3182.918	1.391824e+08	3.745531e+08	3168.327	1895.729	-6.049822	227424	10884.56	-4.626335	3691.815	-5.338078	3182.918	-4.626335	3691.815
59.2	34311.19	81367.64	1939.701	57028.92	74418.12	2011.246	34519.53	2932.028	2990.036	24158.26	62259.92	2493.95	-5.338078	3582.918	1.370424e+08	3.68542e+08	3268.327	1895.729	93.95018	354691.9	11985.56	-4.626335	5792.815	-5.338078	3582.918	-4.626335	5792.815
59.48	30706.19	36049.64	3540.701	58231.92	68000.12	1511.246	38625.53	2032.028	3390.036	27061.26	65869.92	2193.95	-5.338078	2382.918	1.260837e+08	4.246484e+08	3668.327	1795.729	193.9502	387676.9	13286.56	-4.626335	3291.815	-5.338078	2382.918	-4.626335	3291.815
59.77	27302.19	31642.64	3240.701	51917.92	50759.12	1211.246	46038.53	2332.028	4191.036	32968.26	68375.92	2393.95	94.66192	4082.918	1.491297e+08	4.206406e+08	3468.327	2795.729	93.95018	424975.9	11885.56	-4.626335	4791.815	94.66192	4082.918	-4.626335	4791.815
60.05	21696.19	45767.64	2139.701	58331.92	38136.12	1111.246	47641.53	2632.028	4091.036	40078.26	60455.92	2293.95	-5.338078	2482.918	1.359143e+08	3.68542e+08	3568.327	2795.729	93.95018	368489.9	10584.56	-4.626335	4691.815	-5.338078	2482.918	-4.626335	4691.815
60.34	21596.19	39655.64	2839.701	55926.92	32228.12	511.2456	48944.53	2932.028	4591.036	42983.26	61157.92	593.9502	-5.338078	4082.918	1.382295e+08	3.765569e+08	4168.328	2695.729	193.9502	344450.9	13586.56	-4.626335	5092.815	-5.338078	4082.918	-4.626335	5092.815
60.63	17793.19	53284.64	2940.701	57530.92	23618.12	3612.246	52952.53	2832.028	2390.036	43183.26	63162.92	1393.95	-5.338078	4982.918	1.328686e+08	3.645347e+08	2568.327	2995.729	93.95018	364836.9	14987.56	-4.626335	5792.815	-5.338078	4982.918	-4.626335	5792.815
60.91	15192.19	66519.64	1039.701	57630.92	25120.12	2611.246	47541.53	3032.028	4191.036	45688.26	63864.92	1693.95	-5.338078	3582.918	1.354455e+08	3.364841e+08	4768.328	1995.729	193.9502	427111.9	11985.56	-4.626335	7992.815	-5.338078	3582.918	-4.626335	7992.815
61.2	14391.19	103755.6	539.7012	56527.92	18414.12	1911.246	46639.53	2632.028	4691.036	40779.26	68977.92	2193.95	-5.338078	3282.918	1.369838e+08	3.645347e+08	3168.327	2295.729	393.9502	567359.9	13986.56	-4.626335	6992.815	-5.338078	3282.918	-4.626335	6992.815
61.48	13591.19	161777.6	2539.701	45204.92	18114.12	2611.246	48843.53	1732.028	3891.036	41280.26	63462.92	2293.95	-5.338078	5283.918	1.368812e+08	3.344805e+08	2768.327	3395.729	-6.049822	773579.9	14286.56	-4.626335	5992.815	-5.338078	5283.918	-4.626335	5992.815
61.77	14992.19	333508.6	1039.701	50113.92	12410.12	2311.246	48443.53	1632.028	4491.036	45087.26	66972.92	3093.95	194.6619	3982.918	1.3221e+08	3.745531e+08	2168.327	2395.729	93.95018	963925.9	11885.56	-4.626335	6592.815	194.6619	3982.918	-4.626335	6592.815
62.06	13891.19	233660.6	3140.701	47408.92	10309.12	4012.246	43533.53	2232.028	3791.036	37374.26	62159.92	2793.95	-5.338078	3782.918	1.315369e+08	3.82568e+08	2568.327	2395.729	193.9502	956965.9	12185.56	-4.626335	5692.815	-5.338078	3782.918	-4.626335	5692.815
62.34	20996.19	290161.6	2439.701	52318.92	12610.12	4512.246	44335.53	1832.028	4291.036	38676.26	67172.92	3193.95	-5.338078	2682.918	1.375407e+08	3.304735e+08	3868.327	3395.729	193.9502	849278.9	12485.56	-4.626335	5292.815	-5.338078	2682.918	-4.626335	5292.815
62.63	26601.19	187764.6	2339.701	54322.92	13611.12	1611.246	40728.53	3132.028	4391.036	33268.26	63462.92	1893.95	-5.338078	2582.918	1.331028e+08	3.244629e+08	2768.327	2695.729	93.95018	596526.9	12285.56	-4.626335	5992.815	-5.338078	2582.918	-4.626335	5992.815
62.91	26301.19	145674.6	2339.701	54924.92	12610.12	2311.246	39126.53	2832.028	3290.036	32768.26	59352.92	1293.95	-5.338078	3782.918	1.360461e+08	4.046097e+08	3868.327	2395.729	293.9502	459579.9	11485.56	-4.626335	4991.815	-5.338078	3782.918	-4.626335	4991.815
63.2	26101.19	198348.6	3240.701	51316.92	14611.12	2311.246	38625.53	2032.028	4091.036	31366.26	60956.92	893.9502	-5.338078	3282.918	1.361633e+08	4.206406e+08	4368.328	1895.729	293.9502	373056.9	9584.562	95.37366	4091.815	-5.338078	3282.918	95.37366	4091.815
63.49	27202.19	126867.6	3240.701	46506.92	13811.12	2811.246	45236.53	2432.028	3491.036	34169.26	58049.92	693.9502	-5.338078	2782.918	1.367787e+08	3.645347e+08	4068.327	1395.729	-6.049822	318611.9	10984.56	-4.626335	3291.815	-5.338078	2782.918	-4.626335	3291.815
63.77	23398.19	114203.6	3740.701	49913.92	18914.12	1511.246	49645.53	2932.028	2590.036	28462.26	61057.92	1093.95	-5.338078	3282.918	1.3757e+08	3.485056e+08	3068.327	995.7296	-6.049822	374680.9	10584.56	-4.626335	5192.815	-5.338078	3282.918	-4.626335	5192.815
64.06	26801.19	143662.6	3540.701	43200.92	23718.12	1411.246	36822.53	2732.028	4291.036	22256.26	56145.92	1593.95	-5.338078	3682.918	1.429966e+08	3.62531e+08	3368.327	2595.729	93.95018	844624.9	12285.56	-4.626335	5492.815	-5.338078	3682.918	-4.626335	5492.815
64.34	33209.19	171141.6	1839.701	43100.92	22717.12	-188.7544	32616.53	1832.028	3991.036	22756.26	66370.92	5494.95	-5.338078	2082.918	1.326198e+08	3.805643e+08	2468.327	1995.729	293.9502	1240002	12485.56	-4.626335	6492.815	-5.338078	2082.918	-4.626335	6492.815
64.63	28003.19	118725.6	4040.701	32483.92	17813.12	3912.246	28811.53	2632.028	3491.036	15151.26	65568.92	5394.95	-5.338078	1582.918	1.358557e+08	3.605274e+08	3568.327	2195.729	-6.049822	1664735	10784.56	-4.626335	6192.815	-5.338078	1582.918	-4.626335	6192.815
64.92	28103.19	118022.6	4540.701	27778.92	15512.12	1511.246	23405.53	3232.028	5491.036	13250.26	67674.92	5494.95	-5.338078	1482.918	1.279541e+08	3.68542e+08	1768.327	2595.729	93.95018	1819695	11785.56	-4.626335	4991.815	-5.338078	1482.918	-4.626335	4991.815
65.2	25600.19	120032.6	3040.701	22672.92	11810.12	3612.246	25207.53	3632.028	4691.036	10848.26	70281.92	10195.95	-5.338078	1782.918	1.325173e+08	3.725494e+08	2368.327	1695.729	593.9502	1919133	12385.56	-4.626335	5692.815	-5.338078	1782.918	-4.626335	5692.815
65.49	29705.19	111591.6	2439.701	20370.92	15512.12	2311.246	34418.53	1832.028	4391.036	11949.26	65969.92	8695.95	-5.338078	382.9182	1.315954e+08	3.505092e+08	2568.327	2495.729	1893.95	1759185	10084.56	-4.626335	6192.815	-5.338078	382.9182	-4.626335	6192.815
65.77	30005.19	108577.6	2339.701	28779.92	21917.12	2411.246	44435.53	1932.028	4091.036	16652.26	65067.92	11496.95	-5.338078	1882.918	1.289774e+08	3.044282e+08	1768.327	2095.729	1893.95	1372039	12685.56	-4.626335	5892.815	-5.338078	1882.918	-4.626335	5892.815
66.06	38617.19	127370.6	3340.701	42299.92	22317.12	3412.246	36221.53	1932.028	2890.036	18953.26	61758.92	11996.95	94.66192	2382.918	1.388306e+08	3.164489e+08	2268.327	2495.729	1693.95	973589.9	13686.56	-4.626335	4391.815	94.66192	2382.918	-4.626335	4391.815
66.34	36414.19	84277.64	2039.701	36890.92	19214.12	4612.246	47240.53	2032.028	3591.036	22056.26	61758.92	7794.95	194.6619	2582.918	1.330735e+08	3.745531e+08	2568.327	2095.729	1393.95	751934.9	8583.562	-4.626335	3591.815	194.6619	2582.918	-4.626335	3591.815
66.63	37014.19	84478.64	3140.701	44402.92	16212.12	3212.246	43533.53	2632.028	4291.036	25759.26	59052.92	6094.95	94.66192	3482.918	1.366761e+08	3.505092e+08	2068.327	1995.729	593.9502	613838.9	11185.56	-4.626335	5592.815	94.66192	3482.918	-4.626335	5592.815
66.91	30105.19	97930.64	2039.701	38092.92	13110.12	111.2456	39025.53	2032.028	3190.036	23757.26	57147.92	4393.95	-5.338078	3182.918	1.304397e+08	3.46502e+08	2768.327	2095.729	693.9502	459477.9	10084.56	-4.626335	5092.815	-5.338078	3182.918	-4.626335	5092.815
67.2	26601.19	152215.6	2639.701	38592.92	12610.12	4312.246	41430.53	2332.028	4491.036	21055.26	52036.92	2893.95	94.66192	3882.918	1.279395e+08	3.585237e+08	2968.327	1395.729	393.9502	430264.9	11785.56	-4.626335	4991.815	94.66192	3882.918	-4.626335	4991.815
67.49	29104.19	92910.64	2439.701	41497.92	13211.12	3812.246	43633.53	1632.028	4191.036	21655.26	53038.92	2993.95	-5.338078	5383.918	1.368519e+08	3.925868e+08	4168.328	895.7296	393.9502	360068.9	12785.56	-4.626335	5992.815	-5.338078	5383.918	-4.626335	5992.815
67.77	23698.19	109079.6	3040.701	37491.92	16312.12	311.2456	46439.53	2332.028	3390.036	24858.26	54842.92	1693.95	-5.338078	3182.918	1.372476e+08	3.725494e+08	2968.327	1795.729	93.95018	270347.9	11185.56	-4.626335	3891.815	-5.338078	3182.918	-4.626335	3891.815
68.06	26601.19	134509.6	4240.701	43000.92	25720.12	1511.246	40828.53	1932.028	2990.036	24858.26	53138.92	1193.95	-5.338078	3682.918	1.360754e+08	4.386759e+08	2568.327	1495.729	-6.049822	227727	11385.56	-4.626335	3791.815	-5.338078	3682.918	-4.626335	3791.815
68.34	32909.19	72838.64	1139.701	49111.92	55970.12	-588.7544	37924.53	2632.028	2590.036	23857.26	58751.92	1393.95	-5.338078	4282.918	1.37526e+08	3.424948e+08	2768.327	1495.729	293.9502	207955	11985.56	-4.626335	5592.815	-5.338078	4282.918	-4.626335	5592.815
68.63	37615.19	125761.6	2639.701	48610.92	81038.12	-488.7544	44735.53	2932.028	3991.036	22756.26	57849.92	793.9502	94.66192	2582.918	1.373208e+08	3.404912e+08	3868.327	2595.729	393.9502	180644	9484.562	95.37366	3691.815	94.66192	2582.918	95.37366	3691.815
68.92	48133.19	111691.6	2839.701	51516.92	124115.1	11.24561	35420.53	2232.028	2990.036	22556.26	68175.92	1593.95	-5.338078	1682.918	1.371743e+08	3.545164e+08	2468.327	2095.729	293.9502	170977	11285.56	-4.626335	3291.815	-5.338078	1682.918	-4.626335	3291.815
69.2	49436.19	87389.64	939.7012	62141.92	155892.1	211.2456	34719.53	2032.028	3891.036	22256.26	70882.92	1093.95	-5.338078	2582.918	1.387133e+08	3.865756e+08	2568.327	2095.729	293.9502	137873	11585.56	-4.626335	4391.815	-5.338078	2582.918	-4.626335	4391.815
69.49	60460.19	97127.64	2839.701	62642.92	178845.1	11.24561	35420.53	2332.028	2790.036	20855.26	65468.92	1093.95	-5.338078	2582.918	1.306006e+08	3.82568e+08	2768.327	2095.729	293.9502	130634	11084.56	-4.626335	3691.815	-5.338078	2582.918	-4.626335	3691.815
69.78	65673.19	122947.6	3340.701	62141.92	183881.1	-1589.754	38324.53	3332.028	4891.036	20154.26	71183.92	1493.95	-5.338078	2282.918	1.333663e+08	3.344805e+08	1768.327	1695.729	93.95018	117469	12885.56	-4.626335	2991.815	-5.338078	2282.918	-4.626335	2991.815
70.06	71790.19	63210.64	1839.701	66653.92	200509.1	1611.246	34719.53	2332.028	2790.036	18953.26	74794.92	1993.95	-5.338078	2282.918	1.359436e+08	3.485056e+08	2468.327	3595.729	493.9502	90557.95	11985.56	-4.626335	2791.815	-5.338078	2282.918	-4.626335	2791.815
70.35	78109.19	68425.64	3040.701	61740.92	236521.1	-1689.754	34018.53	2132.028	3190.036	18053.26	74393.92	3093.95	-5.338078	1882.918	1.42982e+08	4.106212e+08	2568.327	2195.729	193.9502	76109.95	10784.56	-4.626335	3691.815	-5.338078	1882.918	-4.626335	3691.815
70.63	91755.19	51480.64	2539.701	62241.92	291498.1	-388.7544	28310.53	3432.028	3591.036	15851.26	77402.92	3893.95	-5.338078	1082.918	1.418813e+08	3.785605e+08	1768.327	3495.729	-6.049822	71595.95	11084.56	-4.626335	3891.815	-5.338078	1082.918	-4.626335	3891.815
70.92	107116.2	102449.6	2940.701	53821.92	419092.1	11.24561	26008.53	1332.028	2890.036	16752.26	83822.92	3993.95	-5.338078	1482.918	1.327222e+08	3.525128e+08	2368.327	2595.729	193.9502	63473.95	10484.56	-4.626335	3091.815	-5.338078	1482.918	-4.626335	3091.815
71.21	119271.2	41359.64	2439.701	61639.92	552753.1	-588.7544	27109.53	2732.028	2690.036	17952.26	87635.92	3893.95	-5.338078	1882.918	1.372915e+08	3.12442e+08	1168.327	3295.729	193.9502	71896.95	12085.56	-4.626335	4991.815	-5.338078	1882.918	-4.626335	4991.815
71.49	132839.2	53084.64	2539.701	60737.92	726721.1	-488.7544	23105.53	3432.028	4691.036	21856.26	91850.92	3993.95	-5.338078	1282.918	1.382588e+08	3.865756e+08	1568.327	3295.729	-6.049822	69891.95	11285.56	-4.626335	7292.815	-5.338078	1282.918	-4.626335	7292.815
71.78	142693.2	34747.64	2940.701	70062.92	818596.1	-1089.754	19902.53	2632.028	3190.036	28462.26	94360.92	4593.95	-5.338078	1582.918	1.290066e+08	3.62531e+08	2268.327	4195.729	293.9502	60867.95	13586.56	-4.626335	5492.815	-5.338078	1582.918	-4.626335	5492.815
72.06	134649.2	28738.64	2739.701	70162.92	763081.1	-1689.754	25207.53	2032.028	3691.036	34770.26	95364.92	3293.95	-5.338078	1382.918	1.359289e+08	3.745531e+08	2468.327	5196.729	493.9502	58562.95	13085.56	-4.626335	6492.815	-5.338078	1382.918	-4.626335	6492.815
72.35	126406.2	58798.64	2739.701	75277.92	713858.1	-188.7544	31214.53	2232.028	3491.036	35471.26	85127.92	4793.95	-5.338078	1382.918	1.31654e+08	3.46502e+08	2168.327	2595.729	93.95018	55254.95	11485.56	-4.626335	6692.815	-5.338078	1382.918	-4.626335	6692.815
72.64	119472.2	27336.64	1739.701	84306.92	611088.1	-789.7544	27910.53	2332.028	2590.036	42682.26	87334.92	2893.95	-5.338078	1482.918	1.367933e+08	3.545164e+08	2768.327	2995.729	-6.049822	46336.95	9284.562	-4.626335	7192.815	-5.338078	1482.918	-4.626335	7192.815
72.92	110832.2	75346.64	3240.701	94744.92	506284.1	-488.7544	32015.53	2832.028	2490.036	54906.26	80913.92	3593.95	-5.338078	2382.918	1.345961e+08	3.665384e+08	3168.327	2895.729	93.95018	49742.95	11385.56	-4.626335	6792.815	-5.338078	2382.918	-4.626335	6792.815
73.21	103802.2	29839.64	2639.701	98157.92	460715.1	-1089.754	27109.53	2532.028	4691.036	56911.26	85628.92	2593.95	-5.338078	3682.918	1.389479e+08	3.90583e+08	5969.328	1895.729	93.95018	47238.95	11885.56	-4.626335	7092.815	-5.338078	3682.918	-4.626335	7092.815
73.49	105208.2	22430.64	2339.701	98358.92	446969.1	-88.75439	29211.53	1532.028	3290.036	50998.26	81715.92	1893.95	-5.338078	2082.918	1.330149e+08	3.32477e+08	4068.327	3195.729	93.95018	37922.95	9284.562	-4.626335	6692.815	-5.338078	2082.918	-4.626335	6692.815
73.78	115252.2	22530.64	1639.701	89826.92	435469.1	-789.7544	30813.53	2732.028	2990.036	45187.26	89141.92	1993.95	-5.338078	1982.918	1.400036e+08	3.485056e+08	3468.327	3295.729	193.9502	37020.95	9484.562	-4.626335	5892.815	-5.338078	1982.918	-4.626335	5892.815
74.07	113243.2	18125.64	2739.701	72268.92	412179.1	-1989.754	24306.53	1932.028	4691.036	38175.26	86130.92	2493.95	-5.338078	2582.918	1.269895e+08	3.404912e+08	3568.327	2895.729	493.9502	38523.95	11084.56	-4.626335	6592.815	-5.338078	2582.918	-4.626335	6592.815
74.35	138469.2	18025.64	2239.701	70263.92	419194.1	-1289.754	27609.53	2132.028	1790.036	35171.26	91048.92	2493.95	-5.338078	1582.918	1.110244e+08	3.244629e+08	2168.327	2695.729	793.9502	24905.95	8183.562	-4.626335	4591.815	-5.338078	1582.918	-4.626335	4591.815
74.64	82122.19	10919.64	2439.701	45805.92	274608.1	-1289.754	16399.53	1932.028	2390.036	22256.26	53239.92	1693.95	-5.338078	1182.918	7.285241e+07	2.102759e+08	2868.327	1495.729	293.9502	22103.95	5883.562	95.37366	3491.815	-5.338078	1182.918	95.37366	3491.815
74.92	58856.19	9918.641	639.7012	33184.92	202626.1	11.24561	12496.53	532.0284	890.0356	17852.26	39313.92	1293.95	-5.338078	1282.918	5.523598e+07	1.481852e+08	768.3274	1195.729	93.95018	15698.95	3482.562	-4.626335	3291.815	-5.338078	1282.918	-4.626335	3291.815
75.21	48133.19	10219.64	1139.701	24674.92	148950.1	-1789.754	9395.526	632.0284	1290.036	11149.26	27497.92	493.9502	-5.338078	1082.918	4.304044e+07	1.244809e+08	1468.327	1395.729	393.9502	15798.95	3282.562	-4.626335	1091.815	-5.338078	1082.918	-4.626335	1091.815
75.5	32208.19	3815.641	1939.701	22772.92	120598.1	-588.7544	6894.527	332.0284	90.03564	10648.26	22792.92	693.9502	-5.338078	1182.918	3.42024e+07	9.278477e+07	568.3274	495.7295	-6.049822	11596.95	3482.562	-4.626335	2291.815	-5.338078	1182.918	-4.626335	2291.815
75.78	26701.19	4315.641	-761.2988	18168.92	94285.12	-1489.754	5893.527	232.0284	2190.036	10348.26	22993.92	293.9502	-5.338078	782.9182	2.791517e+07	7.231414e+07	868.3274	895.7296	-6.049822	12796.95	2282.562	-4.626335	1991.815	-5.338078	782.9182	-4.626335	1991.815
76.07	21596.19	8317.641	-460.2988	13165.92	77327.12	-188.7544	5693.527	232.0284	290.0356	6547.263	15687.92	193.9502	-5.338078	82.91815	2.460535e+07	5.546658e+07	468.3274	895.7296	-6.049822	4193.95	1782.562	-4.626335	1491.815	-5.338078	82.91815	-4.626335	1491.815
76.35	19995.19	2815.641	2639.701	10464.92	60079.12	-3289.754	4493.527	432.0284	690.0356	6347.263	13686.92	193.9502	-5.338078	182.9182	1.745649e+07	4.887318e+07	468.3274	395.7295	93.95018	6294.95	1582.562	-4.626335	491.8149	-5.338078	182.9182	-4.626335	491.8149
76.64	14191.19	4315.641	-560.2988	8263.922	50258.12	-1789.754	2892.527	432.0284	290.0356	3946.263	9184.918	393.9502	-5.338078	282.9182	1.33496e+07	4.010092e+07	368.3274	195.7295	193.9502	5094.95	782.5623	-4.626335	791.8149	-5.338078	282.9182	-4.626335	791.8149
76.92	9689.188	2014.641	-560.2988	7262.922	41742.12	-2089.754	1992.527	532.0284	1090.036	3846.263	7383.918	93.95018	-5.338078	482.9182	1.194869e+07	3.469354e+07	268.3274	195.7295	-6.049822	2793.95	1282.562	95.37366	91.81495	-5.338078	482.9182	95.37366	91.81495
77.21	8789.188	1314.641	-60.29883	4462.922	33730.12	-1589.754	1192.527	432.0284	490.0356	3246.263	7183.918	93.95018	-5.338078	182.9182	9219210	2.567096e+07	268.3274	495.7295	93.95018	4393.95	882.5623	-4.626335	691.8149	-5.338078	182.9182	-4.626335	691.8149
77.5	8188.188	2415.641	-1461.299	5062.922	27522.12	-1389.754	1892.527	-67.97156	90.03564	2846.263	5083.918	193.9502	-5.338078	282.9182	8187368	2.220793e+07	268.3274	295.7295	93.95018	2793.95	682.5623	-4.626335	491.8149	-5.338078	282.9182	-4.626335	491.8149
77.78	6388.188	1714.641	-1061.299	4862.922	27923.12	-989.7544	792.5267	32.02844	490.0356	1346.263	3582.918	-6.049822	-5.338078	82.91815	7014542	1.883365e+07	368.3274	195.7295	93.95018	2393.95	682.5623	-4.626335	191.8149	-5.338078	82.91815	-4.626335	191.8149
78.07	5588.188	1014.641	-560.2988	3561.922	19214.12	-689.7544	92.52673	632.0284	690.0356	1346.263	2282.918	93.95018	-5.338078	82.91815	5178370	1.550523e+07	68.3274	95.72954	-6.049822	2593.95	482.5623	-4.626335	391.8149	-5.338078	82.91815	-4.626335	391.8149
78.35	2987.189	2214.641	139.7012	2761.922	17513.12	-789.7544	892.5267	-367.9716	-9.964355	1146.263	3282.918	93.95018	-5.338078	182.9182	4839490	1.401272e+07	68.3274	-4.270463	-6.049822	2193.95	282.5623	-4.626335	491.8149	-5.338078	182.9182	-4.626335	491.8149
78.64	3587.189	1514.641	-1861.299	2861.922	13411.12	-2489.754	392.5267	132.0284	-409.9644	746.2634	2482.918	-6.049822	-5.338078	282.9182	3752466	1.173964e+07	-31.6726	95.72954	-6.049822	1293.95	682.5623	-4.626335	91.81495	-5.338078	282.9182	-4.626335	91.81495
78.93	2287.189	1814.641	-360.2988	2161.922	16112.12	-1689.754	492.5267	932.0284	-409.9644	1246.263	2182.918	-6.049822	-5.338078	-17.08185	2778664	1.037648e+07	68.3274	195.7295	-6.049822	1293.95	182.5623	-4.626335	91.81495	-5.338078	-17.08185	-4.626335	91.81495
79.21	2887.189	414.6406	-1361.299	2061.922	9609.117	-789.7544	292.5267	-167.9716	-9.964355	646.2634	2482.918	193.9502	-5.338078	-17.08185	1932099	8659086	68.3274	95.72954	-6.049822	1593.95	282.5623	-4.626335	-8.185054	-5.338078	-17.08185	-4.626335	-8.185054
79.5	2187.189	-685.3594	-360.2988	1161.922	7908.118	-1689.754	-207.4733	432.0284	190.0356	546.2634	1082.918	193.9502	94.66192	-17.08185	2482344	6999255	68.3274	95.72954	-6.049822	793.9502	82.56228	-4.626335	-8.185054	94.66192	-17.08185	-4.626335	-8.185054
79.79	1387.189	2114.641	439.7012	1261.922	7808.118	-1289.754	692.5267	532.0284	890.0356	346.2633	1082.918	-6.049822	-5.338078	-17.08185	2298920	5666279	-31.6726	-4.270463	-6.049822	93.95018	-17.43772	-4.626335	91.81495	-5.338078	-17.08185	-4.626335	91.81495
80.08	987.1886	314.6406	-2061.299	1361.922	4307.118	-188.7544	392.5267	-367.9716	-209.9644	446.2633	1182.918	-6.049822	-5.338078	-17.08185	1635849	3795286	-31.6726	-4.270463	-6.049822	493.9502	282.5623	-4.626335	-8.185054	-5.338078	-17.08185	-4.626335	-8.185054
80.37	787.1886	-785.3594	-961.2988	1661.922	3307.117	-689.7544	-207.4733	-167.9716	190.0356	446.2633	882.9182	-6.049822	-5.338078	-17.08185	1113945	3639415	-31.6726	95.72954	-6.049822	93.95018	-17.43772	-4.626335	-8.185054	-5.338078	-17.08185	-4.626335	-8.185054
80.65	1087.189	2715.641	-1361.299	61.92175	3107.117	-2289.754	-7.473267	-67.97156	90.03564	346.2633	1182.918	-6.049822	-5.338078	182.9182	860074.4	2746829	-31.6726	95.72954	-6.049822	593.9502	82.56228	-4.626335	-8.185054	-5.338078	182.9182	-4.626335	-8.185054
80.94	787.1886	1814.641	-961.2988	561.9218	3107.117	-1089.754	-407.4733	-467.9716	290.0356	346.2633	82.91815	-6.049822	-5.338078	-17.08185	1029319	2746829	68.3274	95.72954	-6.049822	93.95018	-17.43772	-4.626335	91.81495	-5.338078	-17.08185	-4.626335	91.81495
81.24	787.1886	714.6406	-60.29883	561.9218	2707.117	-1489.754	-407.4733	-467.9716	-9.964355	146.2633	582.9182	-6.049822	-5.338078	-17.08185	606221.4	1925282	-31.6726	-4.270463	-6.049822	493.9502	82.56228	-4.626335	91.81495	-5.338078	-17.08185	-4.626335	91.81495
81.53	687.1886	14.64062	-360.2988	1061.922	1607.117	-388.7544	-7.473267	-167.9716	590.0356	246.2633	282.9182	-6.049822	-5.338078	-17.08185	722875.4	1797818	-31.6726	95.72954	-6.049822	393.9502	-17.43772	-4.626335	91.81495	-5.338078	-17.08185	-4.626335	91.81495
81.81	287.1886	-385.3594	-360.2988	461.9218	1507.117	-2189.754	492.5267	-67.97156	390.0356	246.2633	482.9182	-6.049822	-5.338078	-17.08185	725859.4	2052751	-31.6726	-4.270463	-6.049822	493.9502	82.56228	-4.626335	91.81495	-5.338078	-17.08185	-4.626335	91.81495
82.1	487.1886	114.6406	-1761.299	-238.0782	1107.117	-2089.754	92.52673	-267.9716	-409.9644	46.26334	382.9182	-6.049822	-5.338078	-17.08185	281880.4	1217205	-31.6726	95.72954	-6.049822	693.9502	82.56228	-4.626335	91.81495	-5.338078	-17.08185	-4.626335	91.81495
82.39	287.1886	-385.3594	-1961.299	-38.07825	1907.117	-689.7544	392.5267	132.0284	-209.9644	146.2633	382.9182	-6.049822	-5.338078	82.91815	367249.4	1514580	-31.6726	-4.270463	93.95018	293.9502	-17.43772	-4.626335	91.81495	-5.338078	82.91815	-4.626335	91.81495
82.68	187.1886	2615.641	-1161.299	261.9218	1307.117	-889.7544	-607.4733	-367.9716	190.0356	-53.73666	482.9182	-6.049822	-5.338078	-17.08185	300971.4	806584.8	68.3274	-4.270463	-6.049822	93.95018	-17.43772	-4.626335	-8.185054	-5.338078	-17.08185	-4.626335	-8.185054
82.96	-12.81139	514.6406	-1961.299	261.9218	707.1174	-1589.754	-207.4733	32.02844	-309.9644	346.2633	82.91815	-6.049822	-5.338078	-17.08185	305324.4	1911119	68.3274	-4.270463	-6.049822	493.9502	-17.43772	-4.626335	-8.185054	-5.338078	-17.08185	-4.626335	-8.185054
83.25	287.1886	1714.641	-1661.299	-138.0782	907.1174	-2189.754	-7.473267	432.0284	-109.9644	46.26334	82.91815	93.95018	-5.338078	-17.08185	238805.4	424326.8	-31.6726	-4.270463	-6.049822	93.95018	-17.43772	-4.626335	91.81495	-5.338078	-17.08185	-4.626335	91.81495
83.54	87.18861	1314.641	-260.2988	161.9218	707.1174	-889.7544	92.52673	232.0284	590.0356	246.2633	282.9182	-6.049822	-5.338078	-17.08185	290650.4	665003.8	168.3274	-4.270463	-6.049822	293.9502	82.56228	-4.626335	-8.185054	-5.338078	-17.08185	-4.626335	-8.185054
83.84	-12.81139	-985.3594	-560.2988	61.92175	507.1174	-2389.754	592.5267	-167.9716	90.03564	246.2633	182.9182	-6.049822	-5.338078	82.91815	121564.4	934013.8	-31.6726	-4.270463	-6.049822	-6.049822	-17.43772	-4.626335	-8.185054	-5.338078	82.91815	-4.626335	-8.185054
84.12	-12.81139	714.6406	-260.2988	61.92175	507.1174	-1589.754	92.52673	-167.9716	-409.9644	146.2633	82.91815	-6.049822	-5.338078	-17.08185	60242.39	392303.8	68.3274	-4.270463	-6.049822	93.95018	-17.43772	-4.626335	91.81495	-5.338078	-17.08185	-4.626335	91.81495
84.41	87.18861	114.6406	-660.2988	161.9218	407.1174	-1989.754	-107.4733	232.0284	390.0356	-53.73666	-17.08185	-6.049822	-5.338078	-17.08185	195935.4	495112.8	168.3274	-4.270463	93.95018	-6.049822	-17.43772	-4.626335	-8.185054	-5.338078	-17.08185	-4.626335	-8.185054
84.69	87.18861	714.6406	-861.2988	261.9218	907.1174	-1789.754	-207.4733	232.0284	-909.9644	146.2633	82.91815	-6.049822	-5.338078	82.91815	61344.39	145065.8	-31.6726	-4.270463	-6.049822	-6.049822	-17.43772	-4.626335	-8.185054	-5.338078	82.91815	-4.626335	-8.185054
84.98	87.18861	214.6406	-1361.299	61.92175	307.1174	-2389.754	-7.473267	32.02844	-209.9644	46.26334	-17.08185	-6.049822	-5.338078	-17.08185	143078.4	296916.8	-31.6726	-4.270463	-6.049822	-6.049822	-17.43772	-4.626335	-8.185054	-5.338078	-17.08185	-4.626335	-8.185054
85.26	187.1886	414.6406	-761.2988	161.9218	107.1174	-1489.754	-107.4733	-267.9716	-109.9644	46.26334	82.91815	-6.049822	-5.338078	-17.08185	70368.4	155354.8	-31.6726	-4.270463	-6.049822	-6.049822	-17.43772	-4.626335	-8.185054	-5.338078	-17.08185	-4.626335	-8.185054
85.55	187.1886	514.6406	-961.2988	561.9218	207.1174	-1589.754	-7.473267	-67.97156	990.0356	-53.73666	82.91815	-6.049822	-5.338078	-17.08185	50119.39	183666.8	68.3274	-4.270463	-6.049822	93.95018	-17.43772	-4.626335	-8.185054	-5.338078	-17.08185	-4.626335	-8.185054
85.84	87.18861	114.6406	-2161.299	61.92175	207.1174	-889.7544	492.5267	232.0284	390.0356	-53.73666	-17.08185	-6.049822	-5.338078	-17.08185	72875.4	580056.8	-31.6726	-4.270463	-6.049822	-6.049822	-17.43772	-4.626335	-8.185054	-5.338078	-17.08185	-4.626335	-8.185054
86.13	87.18861	214.6406	139.7012	261.9218	307.1174	-1489.754	-407.4733	132.0284	90.03564	46.26334	182.9182	-6.049822	-5.338078	-17.08185	149113.4	55706.77	-31.6726	-4.270463	-6.049822	93.95018	-17.43772	-4.626335	-8.185054	-5.338078	-17.08185	-4.626335	-8.185054
86.41	87.18861	-185.3594	-360.2988	-138.0782	107.1174	-2089.754	-1107.473	132.0284	-9.964355	146.2633	-17.08185	-6.049822	-5.338078	-17.08185	89630.4	104362.8	-31.6726	-4.270463	-6.049822	-6.049822	82.56228	-4.626335	-8.185054	-5.338078	-17.08185	-4.626335	-8.185054
86.7	-12.81139	714.6406	-60.29883	861.9218	107.1174	-1689.754	-707.4733	-67.97156	-209.9644	146.2633	-17.08185	-6.049822	-5.338078	-17.08185	104387.4	169510.8	-31.6726	-4.270463	-6.049822	193.9502	-17.43772	-4.626335	-8.185054	-5.338078	-17.08185	-4.626335	-8.185054
86.99	-12.81139	514.6406	-1161.299	-238.0782	107.1174	-1889.754	492.5267	-67.97156	-309.9644	-53.73666	182.9182	-6.049822	-5.338078	-17.08185	24681.39	27954.77	-31.6726	-4.270463	-6.049822	593.9502	-17.43772	-4.626335	-8.185054	-5.338078	-17.08185	-4.626335	-8.185054
87.27	-12.81139	-1085.359	-961.2988	161.9218	7.117439	-1889.754	-507.4733	532.0284	190.0356	146.2633	-17.08185	-6.049822	-5.338078	-17.08185	123876.4	127043.8	-31.6726	-4.270463	-6.049822	93.95018	-17.43772	-4.626335	-8.185054	-5.338078	-17.08185	-4.626335	-8.185054
87.56	187.1886	814.6406	-2461.299	-238.0782	7.117439	-388.7544	192.5267	32.02844	590.0356	-53.73666	-17.08185	-6.049822	-5.338078	-17.08185	63450.39	11246.77	-31.6726	-4.270463	-6.049822	-6.049822	-17.43772	-4.626335	-8.185054	-5.338078	-17.08185	-4.626335	-8.185054
87.84	87.18861	1114.641	-1061.299	61.92175	-92.88256	-2089.754	-307.4733	132.0284	-409.9644	-53.73666	82.91815	-6.049822	-5.338078	182.9182	37197.39	27859.77	68.3274	-4.270463	-6.049822	93.95018	-17.43772	-4.626335	-8.185054	-5.338078	182.9182	-4.626335	-8.185054
88.13	87.18861	214.6406	-1661.299	261.9218	7.117439	-1189.754	-607.4733	132.0284	390.0356	-53.73666	82.91815	-6.049822	-5.338078	-17.08185	69365.4	53000.77	-31.6726	-4.270463	-6.049822	93.95018	-17.43772	-4.626335	-8.185054	-5.338078	-17.08185	-4.626335	-8.185054
88.41	-12.81139	1314.641	-260.2988	-38.07825	207.1174	-1489.754	-407.4733	32.02844	190.0356	-53.73666	-17.08185	-6.049822	-5.338078	-17.08185	36896.39	120937.8	-31.6726	-4.270463	-6.049822	-6.049822	-17.43772	-4.626335	-8.185054	-5.338078	-17.08185	-4.626335	-8.185054
88.7	87.18861	214.6406	-1361.299	361.9218	307.1174	-1489.754	-507.4733	132.0284	-9.964355	-53.73666	82.91815	-6.049822	-5.338078	-17.08185	37097.39	101249.8	-31.6726	-4.270463	-6.049822	-6.049822	-17.43772	-4.626335	-8.185054	-5.338078	-17.08185	-4.626335	-8.185054
88.99	-12.81139	414.6406	-260.2988	-238.0782	7.117439	-1289.754	-207.4733	32.02844	-209.9644	-53.73666	-17.08185	-6.049822	-5.338078	82.91815	43507.39	13798.77	-31.6726	-4.270463	-6.049822	-6.049822	-17.43772	-4.626335	-8.185054	-5.338078	82.91815	-4.626335	-8.185054
89.27	-12.81139	-685.3594	-160.2988	261.9218	207.1174	-1789.754	192.5267	-467.9716	190.0356	-53.73666	82.91815	-6.049822	-5.338078	-17.08185	70669.4	21753.77	-31.6726	-4.270463	-6.049822	-6.049822	-17.43772	-4.626335	-8.185054	-5.338078	-17.08185	-4.626335	-8.185054
89.56	-12.81139	314.6406	-861.2988	-538.0782	7.117439	-689.7544	-207.4733	232.0284	190.0356	146.2633	-17.08185	-6.049822	-5.338078	-17.08185	21178.39	106772.8	-31.6726	-4.270463	-6.049822	293.9502	-17.43772	-4.626335	-8.185054	-5.338078	-17.08185	-4.626335	-8.185054
89.85	-12.81139	1214.641	-1361.299	-338.0782	207.1174	-689.7544	-807.4733	-167.9716	-109.9644	146.2633	182.9182	93.95018	-5.338078	-17.08185	41804.39	84576.77	-31.6726	-4.270463	-6.049822	-6.049822	-17.43772	-4.626335	-8.185054	-5.338078	-17.08185	-4.626335	-8.185054
90.13	87.18861	14.64062	-660.2988	61.92175	-92.88256	-1489.754	-7.473267	-167.9716	290.0356	46.26334	82.91815	-6.049822	-5.338078	-17.08185	22279.39	21653.77	-31.6726	-4.270463	-6.049822	-6.049822	-17.43772	-4.626335	-8.185054	-5.338078	-17.08185	-4.626335	-8.185054
90.42	-12.81139	714.6406	-1161.299	-38.07825	-92.88256	-388.7544	292.5267	-67.97156	-609.9644	46.26334	82.91815	-6.049822	-5.338078	-17.08185	12272.39	85691.77	-31.6726	-4.270463	-6.049822	-6.049822	-17.43772	-4.626335	-8.185054	-5.338078	-17.08185	-4.626335	-8.185054
90.7	87.18861	414.6406	-360.2988	261.9218	107.1174	-388.7544	-207.4733	532.0284	-409.9644	-53.73666	-17.08185	-6.049822	-5.338078	-17.08185	3469.395	140036.8	-31.6726	-4.270463	-6.049822	-6.049822	-17.43772	-4.626335	-8.185054	-5.338078	-17.08185	-4.626335	-8.185054
91	-12.81139	514.6406	-460.2988	61.92175	107.1174	-1389.754	-407.4733	-167.9716	590.0356	-53.73666	-17.08185	-6.049822	-5.338078	-17.08185	16274.39	-356.2278	-31.6726	-4.270463	-6.049822	-6.049822	-17.43772	-4.626335	91.81495	-5.338078	-17.08185	-4.626335	91.81495
