ElapsedTime_s	Ti49_CPS	Al27_CPS	S33_CPS	Sc45_CPS	V51_CPS	Mn55_CPS	Fe57_CPS	Co59_CPS	Ni60_CPS	Ga71_CPS	Zr90_CPS	Nb93_CPS	Mo97_CPS	In113_CPS	Sn119_CPS	Sn118_CPS	Sb121_CPS	Hf177_CPS	Ta181_CPS	W183_CPS	Pb206_CPS	Th232_CPS	U238_CPS	Tc97_CPS	Cd113_CPS	U232_CPS	Pu238_CPS
0	87.18861	-385.3594	-360.2988	-638.0782	-92.88256	-2089.754	292.5267	-167.9716	-9.964355	-53.73666	-17.08185	-6.049822	-5.338078	82.91815	58538.39	-356.2278	-31.6726	-4.270463	-6.049822	-6.049822	-17.43772	-4.626335	-8.185054	-5.338078	82.91815	-4.626335	-8.185054
																											
12.14	-12.81139	714.6406	-560.2988	361.9218	-92.88256	-789.7544	-807.4733	-167.9716	190.0356	46.26334	-17.08185	-6.049822	-5.338078	-17.08185	-130.605	-156.2278	-31.6726	-4.270463	-6.049822	-6.049822	-17.43772	-4.626335	-8.185054	-5.338078	-17.08185	-4.626335	-8.185054
12.43	-12.81139	814.6406	639.7012	-138.0782	-92.88256	111.2456	-807.4733	-167.9716	-409.9644	46.26334	-17.08185	-6.049822	-5.338078	-17.08185	43006.39	43.77225	-31.6726	-4.270463	-6.049822	-6.049822	-17.43772	-4.626335	-8.185054	-5.338078	-17.08185	-4.626335	-8.185054
12.71	87.18861	1314.641	-761.2988	-38.07825	7.117439	-1389.754	-507.4733	332.0284	390.0356	-53.73666	-17.08185	-6.049822	-5.338078	-17.08185	-30.60498	-256.2278	-31.6726	-4.270463	-6.049822	-6.049822	82.56228	-4.626335	-8.185054	-5.338078	-17.08185	-4.626335	-8.185054
13	87.18861	1414.641	-260.2988	261.9218	-92.88256	-1189.754	-907.4733	132.0284	-109.9644	46.26334	82.91815	-6.049822	-5.338078	-17.08185	69.39502	243.7722	-31.6726	-4.270463	-6.049822	93.95018	82.56228	-4.626335	-8.185054	-5.338078	-17.08185	-4.626335	-8.185054
13.28	-12.81139	-1085.359	-260.2988	-38.07825	-92.88256	-388.7544	492.5267	232.0284	-109.9644	-53.73666	-17.08185	-6.049822	-5.338078	-17.08185	-130.605	-156.2278	-31.6726	-4.270463	-6.049822	-6.049822	-17.43772	-4.626335	-8.185054	-5.338078	-17.08185	-4.626335	-8.185054
13.57	-12.81139	114.6406	-360.2988	-238.0782	107.1174	-188.7544	-7.473267	-167.9716	490.0356	-53.73666	-17.08185	-6.049822	-5.338078	-17.08185	-130.605	-156.2278	-31.6726	-4.270463	-6.049822	-6.049822	-17.43772	-4.626335	-8.185054	-5.338078	-17.08185	-4.626335	-8.185054
13.85	-12.81139	1814.641	-160.2988	-338.0782	7.117439	-1589.754	-107.4733	32.02844	590.0356	146.2633	-17.08185	-6.049822	-5.338078	-17.08185	69.39502	-156.2278	-31.6726	-4.270463	-6.049822	-6.049822	-17.43772	-4.626335	-8.185054	-5.338078	-17.08185	-4.626335	-8.185054
14.14	87.18861	414.6406	339.7012	461.9218	407.1174	-1189.754	92.52673	-67.97156	190.0356	-53.73666	-17.08185	-6.049822	-5.338078	-17.08185	34493.39	143.7722	-31.6726	-4.270463	-6.049822	-6.049822	-17.43772	-4.626335	-8.185054	-5.338078	-17.08185	-4.626335	-8.185054
14.42	-12.81139	-285.3594	-1961.299	-38.07825	-92.88256	-88.75439	-107.4733	732.0284	-309.9644	146.2633	-17.08185	-6.049822	-5.338078	-17.08185	169.395	-56.22775	-31.6726	-4.270463	-6.049822	-6.049822	-17.43772	-4.626335	-8.185054	-5.338078	-17.08185	-4.626335	-8.185054
14.71	-12.81139	1214.641	-861.2988	261.9218	7.117439	-188.7544	-107.4733	-167.9716	-609.9644	246.2633	-17.08185	93.95018	-5.338078	-17.08185	69.39502	143.7722	-31.6726	-4.270463	-6.049822	-6.049822	-17.43772	-4.626335	-8.185054	-5.338078	-17.08185	-4.626335	-8.185054
14.99	-12.81139	714.6406	-160.2988	-538.0782	-92.88256	-789.7544	-507.4733	32.02844	690.0356	-53.73666	-17.08185	-6.049822	-5.338078	-17.08185	69.39502	143.7722	-31.6726	-4.270463	-6.049822	-6.049822	-17.43772	-4.626335	-8.185054	-5.338078	-17.08185	-4.626335	-8.185054
15.28	-12.81139	114.6406	-761.2988	161.9218	-92.88256	-1889.754	-407.4733	-67.97156	490.0356	46.26334	-17.08185	-6.049822	-5.338078	-17.08185	-30.60498	143.7722	-31.6726	-4.270463	93.95018	-6.049822	-17.43772	-4.626335	-8.185054	-5.338078	-17.08185	-4.626335	-8.185054
15.56	-12.81139	14.64062	-1261.299	561.9218	-92.88256	-2089.754	-507.4733	-167.9716	190.0356	-53.73666	82.91815	-6.049822	-5.338078	-17.08185	-30.60498	-56.22775	68.3274	-4.270463	-6.049822	-6.049822	-17.43772	-4.626335	-8.185054	-5.338078	-17.08185	-4.626335	-8.185054
15.85	-12.81139	1414.641	1039.701	361.9218	7.117439	-1389.754	-207.4733	232.0284	-9.964355	-53.73666	-17.08185	-6.049822	-5.338078	-17.08185	69.39502	-56.22775	-31.6726	-4.270463	-6.049822	-6.049822	-17.43772	-4.626335	-8.185054	-5.338078	-17.08185	-4.626335	-8.185054
16.13	-12.81139	-585.3594	539.7012	-138.0782	7.117439	-989.7544	592.5267	432.0284	-309.9644	46.26334	-17.08185	-6.049822	-5.338078	-17.08185	169.395	-156.2278	-31.6726	-4.270463	-6.049822	-6.049822	-17.43772	-4.626335	-8.185054	-5.338078	-17.08185	-4.626335	-8.185054
16.42	87.18861	314.6406	-961.2988	-338.0782	-92.88256	-889.7544	-7.473267	-167.9716	390.0356	-53.73666	-17.08185	-6.049822	-5.338078	-17.08185	-130.605	50294.77	-31.6726	-4.270463	93.95018	93.95018	-17.43772	-4.626335	-8.185054	-5.338078	-17.08185	-4.626335	-8.185054
16.7	-12.81139	714.6406	-60.29883	-38.07825	-92.88256	211.2456	592.5267	32.02844	90.03564	-53.73666	82.91815	-6.049822	-5.338078	-17.08185	69.39502	43.77225	-31.6726	-4.270463	-6.049822	-6.049822	-17.43772	-4.626335	-8.185054	-5.338078	-17.08185	-4.626335	-8.185054
16.99	-12.81139	-485.3594	-60.29883	161.9218	107.1174	-388.7544	-307.4733	-67.97156	290.0356	-53.73666	-17.08185	-6.049822	-5.338078	-17.08185	69.39502	-56.22775	-31.6726	-4.270463	-6.049822	-6.049822	-17.43772	-4.626335	-8.185054	-5.338078	-17.08185	-4.626335	-8.185054
17.27	-12.81139	1614.641	-60.29883	461.9218	-92.88256	-1689.754	-107.4733	-67.97156	-109.9644	46.26334	-17.08185	-6.049822	-5.338078	-17.08185	-130.605	31964.77	-31.6726	-4.270463	-6.049822	-6.049822	-17.43772	-4.626335	-8.185054	-5.338078	-17.08185	-4.626335	-8.185054
17.56	-12.81139	-385.3594	239.7012	361.9218	-92.88256	-588.7544	-307.4733	232.0284	590.0356	-53.73666	-17.08185	-6.049822	-5.338078	-17.08185	-130.605	343.7722	-31.6726	-4.270463	-6.049822	-6.049822	-17.43772	-4.626335	-8.185054	-5.338078	-17.08185	-4.626335	-8.185054
17.85	-12.81139	-485.3594	439.7012	161.9218	-92.88256	-488.7544	292.5267	-267.9716	690.0356	146.2633	-17.08185	-6.049822	-5.338078	-17.08185	69.39502	-156.2278	68.3274	-4.270463	-6.049822	-6.049822	-17.43772	-4.626335	-8.185054	-5.338078	-17.08185	-4.626335	-8.185054
18.13	87.18861	-685.3594	-360.2988	-238.0782	7.117439	211.2456	-507.4733	-167.9716	-109.9644	146.2633	82.91815	-6.049822	-5.338078	-17.08185	-30.60498	143.7722	-31.6726	-4.270463	-6.049822	-6.049822	82.56228	-4.626335	-8.185054	-5.338078	-17.08185	-4.626335	-8.185054
18.41	-12.81139	-85.35938	-861.2988	61.92175	7.117439	-989.7544	-7.473267	-167.9716	-9.964355	-53.73666	-17.08185	-6.049822	-5.338078	-17.08185	-130.605	43.77225	-31.6726	-4.270463	-6.049822	-6.049822	-17.43772	-4.626335	-8.185054	-5.338078	-17.08185	-4.626335	-8.185054
18.7	-12.81139	-985.3594	-660.2988	561.9218	107.1174	-1889.754	92.52673	432.0284	-209.9644	46.26334	-17.08185	-6.049822	-5.338078	82.91815	-130.605	-356.2278	-31.6726	-4.270463	-6.049822	-6.049822	182.5623	-4.626335	-8.185054	-5.338078	82.91815	-4.626335	-8.185054
18.98	87.18861	1314.641	-1161.299	-338.0782	-92.88256	-1289.754	92.52673	-167.9716	-9.964355	-53.73666	-17.08185	-6.049822	-5.338078	-17.08185	-30.60498	4243.772	-31.6726	-4.270463	-6.049822	-6.049822	-17.43772	-4.626335	-8.185054	-5.338078	-17.08185	-4.626335	-8.185054
19.27	-12.81139	-1386.359	239.7012	61.92175	107.1174	11.24561	-7.473267	-267.9716	190.0356	46.26334	-17.08185	-6.049822	94.66192	-17.08185	-30.60498	43.77225	-31.6726	-4.270463	-6.049822	-6.049822	-17.43772	-4.626335	-8.185054	94.66192	-17.08185	-4.626335	-8.185054
19.56	-12.81139	1714.641	1139.701	-238.0782	7.117439	-689.7544	-107.4733	532.0284	-509.9644	-53.73666	-17.08185	-6.049822	-5.338078	-17.08185	69.39502	43.77225	-31.6726	-4.270463	-6.049822	-6.049822	-17.43772	-4.626335	-8.185054	-5.338078	-17.08185	-4.626335	-8.185054
19.84	-12.81139	-185.3594	-961.2988	61.92175	-92.88256	-1189.754	-507.4733	-167.9716	-9.964355	46.26334	82.91815	93.95018	-5.338078	-17.08185	69.39502	-256.2278	-31.6726	-4.270463	-6.049822	-6.049822	-17.43772	-4.626335	-8.185054	-5.338078	-17.08185	-4.626335	-8.185054
20.13	-12.81139	314.6406	-160.2988	61.92175	7.117439	-989.7544	-107.4733	432.0284	-409.9644	146.2633	-17.08185	-6.049822	-5.338078	-17.08185	-130.605	-56.22775	-31.6726	-4.270463	-6.049822	-6.049822	-17.43772	-4.626335	-8.185054	-5.338078	-17.08185	-4.626335	-8.185054
20.41	-12.81139	-585.3594	-861.2988	461.9218	7.117439	211.2456	-107.4733	-267.9716	290.0356	-53.73666	-17.08185	-6.049822	-5.338078	-17.08185	-30.60498	243.7722	-31.6726	-4.270463	-6.049822	-6.049822	-17.43772	-4.626335	-8.185054	-5.338078	-17.08185	-4.626335	-8.185054
20.7	-12.81139	614.6406	-861.2988	-438.0782	7.117439	-1189.754	-7.473267	-267.9716	-709.9644	46.26334	-17.08185	-6.049822	-5.338078	-17.08185	-30.60498	-56.22775	-31.6726	-4.270463	-6.049822	-6.049822	-17.43772	-4.626335	-8.185054	-5.338078	-17.08185	-4.626335	-8.185054
20.98	-12.81139	-185.3594	-260.2988	461.9218	-92.88256	-789.7544	-7.473267	-167.9716	-309.9644	-53.73666	82.91815	-6.049822	94.66192	-17.08185	169.395	43.77225	-31.6726	-4.270463	-6.049822	-6.049822	82.56228	-4.626335	-8.185054	94.66192	-17.08185	-4.626335	-8.185054
21.26	-12.81139	1914.641	-360.2988	-38.07825	107.1174	711.2456	392.5267	132.0284	-9.964355	-53.73666	82.91815	93.95018	-5.338078	-17.08185	-130.605	43.77225	-31.6726	-4.270463	-6.049822	-6.049822	-17.43772	-4.626335	-8.185054	-5.338078	-17.08185	-4.626335	-8.185054
21.55	87.18861	714.6406	439.7012	61.92175	-92.88256	-789.7544	-1007.473	-67.97156	390.0356	46.26334	-17.08185	-6.049822	94.66192	-17.08185	-130.605	143.7722	-31.6726	-4.270463	-6.049822	-6.049822	-17.43772	-4.626335	-8.185054	94.66192	-17.08185	-4.626335	-8.185054
21.83	-12.81139	1714.641	-861.2988	61.92175	207.1174	-488.7544	-407.4733	-167.9716	-9.964355	-53.73666	-17.08185	-6.049822	-5.338078	-17.08185	26083.39	43.77225	-31.6726	-4.270463	-6.049822	-6.049822	-17.43772	-4.626335	-8.185054	-5.338078	-17.08185	-4.626335	-8.185054
22.12	-12.81139	314.6406	-761.2988	-238.0782	7.117439	-989.7544	292.5267	-367.9716	390.0356	-53.73666	-17.08185	-6.049822	-5.338078	-17.08185	-130.605	43.77225	-31.6726	-4.270463	-6.049822	93.95018	-17.43772	-4.626335	-8.185054	-5.338078	-17.08185	-4.626335	-8.185054
22.4	-12.81139	-585.3594	-560.2988	461.9218	207.1174	-1289.754	-107.4733	32.02844	-509.9644	146.2633	182.9182	-6.049822	-5.338078	-17.08185	-130.605	-156.2278	-31.6726	-4.270463	-6.049822	-6.049822	82.56228	-4.626335	-8.185054	-5.338078	-17.08185	-4.626335	-8.185054
22.69	-12.81139	-585.3594	-360.2988	261.9218	7.117439	11.24561	292.5267	-67.97156	-209.9644	-53.73666	-17.08185	-6.049822	-5.338078	82.91815	269.395	43.77225	-31.6726	-4.270463	-6.049822	-6.049822	-17.43772	-4.626335	-8.185054	-5.338078	82.91815	-4.626335	-8.185054
22.97	-12.81139	2615.641	-1661.299	-138.0782	-92.88256	-1089.754	-7.473267	432.0284	390.0356	-53.73666	-17.08185	-6.049822	-5.338078	-17.08185	12872.39	-56.22775	-31.6726	-4.270463	-6.049822	-6.049822	-17.43772	-4.626335	-8.185054	-5.338078	-17.08185	-4.626335	-8.185054
23.26	-12.81139	414.6406	-1061.299	-338.0782	-92.88256	-889.7544	-607.4733	-67.97156	790.0356	146.2633	-17.08185	-6.049822	-5.338078	-17.08185	169.395	-56.22775	-31.6726	-4.270463	-6.049822	-6.049822	-17.43772	-4.626335	-8.185054	-5.338078	-17.08185	-4.626335	-8.185054
23.55	-12.81139	-1185.359	-160.2988	-38.07825	-92.88256	-288.7544	-107.4733	-667.9716	190.0356	-53.73666	-17.08185	-6.049822	-5.338078	-17.08185	69.39502	-156.2278	-31.6726	-4.270463	-6.049822	-6.049822	-17.43772	-4.626335	-8.185054	-5.338078	-17.08185	-4.626335	-8.185054
23.83	-12.81139	-785.3594	-1461.299	-638.0782	-92.88256	-989.7544	-7.473267	-67.97156	-9.964355	46.26334	-17.08185	-6.049822	-5.338078	-17.08185	-30.60498	-56.22775	-31.6726	-4.270463	-6.049822	-6.049822	82.56228	95.37366	-8.185054	-5.338078	-17.08185	95.37366	-8.185054
24.12	-12.81139	-185.3594	-260.2988	361.9218	-92.88256	-188.7544	-107.4733	232.0284	190.0356	-53.73666	-17.08185	-6.049822	-5.338078	-17.08185	-30.60498	143.7722	-31.6726	95.72954	-6.049822	-6.049822	-17.43772	-4.626335	-8.185054	-5.338078	-17.08185	-4.626335	-8.185054
24.4	-12.81139	514.6406	-60.29883	-438.0782	207.1174	-989.7544	292.5267	832.0284	-9.964355	-53.73666	-17.08185	-6.049822	-5.338078	-17.08185	-30.60498	43.77225	-31.6726	-4.270463	-6.049822	93.95018	-17.43772	-4.626335	-8.185054	-5.338078	-17.08185	-4.626335	-8.185054
24.69	-12.81139	1714.641	-1061.299	-238.0782	7.117439	-488.7544	692.5267	-367.9716	-9.964355	-53.73666	-17.08185	-6.049822	-5.338078	82.91815	-130.605	43.77225	68.3274	-4.270463	-6.049822	-6.049822	-17.43772	-4.626335	91.81495	-5.338078	82.91815	-4.626335	91.81495
24.97	-12.81139	114.6406	939.7012	461.9218	7.117439	-889.7544	-7.473267	32.02844	-9.964355	46.26334	-17.08185	-6.049822	-5.338078	-17.08185	69.39502	343.7722	-31.6726	-4.270463	-6.049822	-6.049822	-17.43772	-4.626335	-8.185054	-5.338078	-17.08185	-4.626335	-8.185054
25.26	87.18861	714.6406	-60.29883	61.92175	7.117439	-1789.754	92.52673	32.02844	-209.9644	46.26334	-17.08185	-6.049822	-5.338078	-17.08185	69.39502	43.77225	-31.6726	-4.270463	-6.049822	-6.049822	-17.43772	-4.626335	-8.185054	-5.338078	-17.08185	-4.626335	-8.185054
25.54	-12.81139	-285.3594	-560.2988	-138.0782	-92.88256	-1789.754	-707.4733	-467.9716	-809.9644	46.26334	-17.08185	-6.049822	-5.338078	-17.08185	69.39502	143.7722	-31.6726	-4.270463	-6.049822	-6.049822	-17.43772	-4.626335	-8.185054	-5.338078	-17.08185	-4.626335	-8.185054
25.83	-12.81139	1214.641	-1061.299	461.9218	7.117439	-989.7544	-207.4733	-67.97156	-109.9644	-53.73666	82.91815	-6.049822	-5.338078	82.91815	269.395	43.77225	-31.6726	-4.270463	-6.049822	-6.049822	-17.43772	-4.626335	-8.185054	-5.338078	82.91815	-4.626335	-8.185054
26.11	-12.81139	214.6406	-260.2988	361.9218	7.117439	-889.7544	-507.4733	-367.9716	390.0356	46.26334	82.91815	-6.049822	-5.338078	-17.08185	-30.60498	-256.2278	-31.6726	-4.270463	-6.049822	-6.049822	-17.43772	-4.626335	-8.185054	-5.338078	-17.08185	-4.626335	-8.185054
26.4	-12.81139	1114.641	-761.2988	-138.0782	7.117439	11.24561	-207.4733	532.0284	-409.9644	-53.73666	-17.08185	93.95018	-5.338078	-17.08185	-130.605	143.7722	68.3274	-4.270463	-6.049822	93.95018	-17.43772	-4.626335	-8.185054	-5.338078	-17.08185	-4.626335	-8.185054
26.68	-12.81139	1914.641	939.7012	-138.0782	-92.88256	-1089.754	-207.4733	332.0284	-609.9644	46.26334	-17.08185	-6.049822	-5.338078	-17.08185	-30.60498	243.7722	-31.6726	-4.270463	-6.049822	-6.049822	382.5623	95.37366	-8.185054	-5.338078	-17.08185	95.37366	-8.185054
26.97	-12.81139	914.6406	-260.2988	61.92175	7.117439	-2289.754	-507.4733	-67.97156	-309.9644	-53.73666	-17.08185	-6.049822	-5.338078	82.91815	-30.60498	-256.2278	68.3274	-4.270463	-6.049822	-6.049822	-17.43772	-4.626335	-8.185054	-5.338078	82.91815	-4.626335	-8.185054
27.25	-12.81139	14.64062	939.7012	-138.0782	7.117439	-689.7544	-207.4733	-67.97156	-109.9644	-53.73666	-17.08185	-6.049822	-5.338078	-17.08185	-130.605	43.77225	-31.6726	-4.270463	-6.049822	93.95018	-17.43772	-4.626335	-8.185054	-5.338078	-17.08185	-4.626335	-8.185054
27.54	-12.81139	-485.3594	-660.2988	-38.07825	-92.88256	511.2456	492.5267	232.0284	-209.9644	46.26334	-17.08185	-6.049822	-5.338078	-17.08185	69.39502	-56.22775	-31.6726	-4.270463	-6.049822	-6.049822	-17.43772	-4.626335	191.8149	-5.338078	-17.08185	-4.626335	191.8149
27.82	187.1886	-485.3594	39.70117	161.9218	7.117439	-1389.754	-307.4733	232.0284	190.0356	-53.73666	-17.08185	-6.049822	-5.338078	-17.08185	169.395	-56.22775	-31.6726	-4.270463	-6.049822	-6.049822	82.56228	-4.626335	-8.185054	-5.338078	-17.08185	-4.626335	-8.185054
28.11	-12.81139	714.6406	139.7012	61.92175	-92.88256	-588.7544	-207.4733	132.0284	690.0356	46.26334	-17.08185	-6.049822	-5.338078	-17.08185	69.39502	143.7722	-31.6726	-4.270463	-6.049822	-6.049822	82.56228	-4.626335	-8.185054	-5.338078	-17.08185	-4.626335	-8.185054
28.39	-12.81139	-1085.359	-961.2988	161.9218	-92.88256	-588.7544	-607.4733	-67.97156	390.0356	246.2633	-17.08185	-6.049822	-5.338078	-17.08185	-130.605	343.7722	-31.6726	-4.270463	-6.049822	-6.049822	-17.43772	-4.626335	-8.185054	-5.338078	-17.08185	-4.626335	-8.185054
28.68	-12.81139	914.6406	-761.2988	461.9218	107.1174	-1689.754	-207.4733	-67.97156	-209.9644	46.26334	-17.08185	-6.049822	-5.338078	-17.08185	-130.605	-256.2278	-31.6726	-4.270463	-6.049822	-6.049822	82.56228	-4.626335	-8.185054	-5.338078	-17.08185	-4.626335	-8.185054
28.96	-12.81139	514.6406	-160.2988	461.9218	-92.88256	-889.7544	-307.4733	332.0284	990.0356	146.2633	-17.08185	-6.049822	-5.338078	-17.08185	-130.605	43.77225	-31.6726	-4.270463	-6.049822	-6.049822	82.56228	-4.626335	-8.185054	-5.338078	-17.08185	-4.626335	-8.185054
29.25	-12.81139	914.6406	-560.2988	861.9218	107.1174	-1589.754	-607.4733	32.02844	190.0356	46.26334	-17.08185	-6.049822	-5.338078	-17.08185	-30.60498	-56.22775	-31.6726	-4.270463	-6.049822	-6.049822	-17.43772	-4.626335	-8.185054	-5.338078	-17.08185	-4.626335	-8.185054
29.53	-12.81139	914.6406	-260.2988	161.9218	207.1174	-488.7544	-407.4733	332.0284	190.0356	-53.73666	-17.08185	-6.049822	-5.338078	-17.08185	-130.605	43.77225	-31.6726	-4.270463	93.95018	-6.049822	-17.43772	-4.626335	-8.185054	-5.338078	-17.08185	-4.626335	-8.185054
29.82	-12.81139	2014.641	-560.2988	-138.0782	207.1174	-2289.754	-607.4733	432.0284	-9.964355	-53.73666	-17.08185	-6.049822	-5.338078	-17.08185	-130.605	-56.22775	-31.6726	-4.270463	-6.049822	-6.049822	-17.43772	-4.626335	-8.185054	-5.338078	-17.08185	-4.626335	-8.185054
30.1	-12.81139	514.6406	-1261.299	261.9218	-92.88256	-789.7544	-807.4733	-67.97156	-209.9644	46.26334	-17.08185	-6.049822	-5.338078	-17.08185	-30.60498	143.7722	68.3274	-4.270463	-6.049822	-6.049822	-17.43772	-4.626335	-8.185054	-5.338078	-17.08185	-4.626335	-8.185054
30.39	87.18861	1814.641	-2161.299	-238.0782	-92.88256	-1889.754	-407.4733	232.0284	90.03564	-53.73666	-17.08185	-6.049822	-5.338078	-17.08185	-130.605	243.7722	-31.6726	-4.270463	-6.049822	-6.049822	-17.43772	-4.626335	-8.185054	-5.338078	-17.08185	-4.626335	-8.185054
30.67	87.18861	614.6406	439.7012	461.9218	7.117439	11.24561	-107.4733	-67.97156	-209.9644	-53.73666	-17.08185	-6.049822	-5.338078	-17.08185	-130.605	-156.2278	-31.6726	-4.270463	-6.049822	-6.049822	-17.43772	-4.626335	-8.185054	-5.338078	-17.08185	-4.626335	-8.185054
30.95	-12.81139	514.6406	-1661.299	61.92175	-92.88256	411.2456	-107.4733	-67.97156	-509.9644	46.26334	82.91815	93.95018	-5.338078	182.9182	69.39502	143.7722	-31.6726	-4.270463	-6.049822	-6.049822	82.56228	-4.626335	-8.185054	-5.338078	182.9182	-4.626335	-8.185054
31.24	-12.81139	1114.641	-1161.299	-138.0782	107.1174	-989.7544	-607.4733	132.0284	-309.9644	146.2633	-17.08185	-6.049822	-5.338078	-17.08185	69.39502	43.77225	-31.6726	-4.270463	-6.049822	-6.049822	82.56228	-4.626335	-8.185054	-5.338078	-17.08185	-4.626335	-8.185054
31.53	187.1886	-85.35938	-2061.299	-338.0782	-92.88256	-1889.754	-307.4733	-267.9716	-209.9644	-53.73666	-17.08185	-6.049822	-5.338078	-17.08185	-30.60498	443.7722	-31.6726	-4.270463	-6.049822	-6.049822	-17.43772	-4.626335	-8.185054	-5.338078	-17.08185	-4.626335	-8.185054
31.81	-12.81139	1314.641	-60.29883	261.9218	-92.88256	311.2456	-307.4733	32.02844	-609.9644	-53.73666	-17.08185	-6.049822	-5.338078	-17.08185	69.39502	43.77225	-31.6726	-4.270463	-6.049822	-6.049822	-17.43772	-4.626335	-8.185054	-5.338078	-17.08185	-4.626335	-8.185054
32.1	-12.81139	1514.641	-160.2988	-438.0782	107.1174	-1189.754	492.5267	-367.9716	1390.036	146.2633	-17.08185	-6.049822	-5.338078	-17.08185	75383.4	32064.77	-31.6726	-4.270463	-6.049822	2993.95	382.5623	-4.626335	-8.185054	-5.338078	-17.08185	-4.626335	-8.185054
32.38	387.1886	140141.6	-260.2988	561.9218	307.1174	4612.246	17099.53	132.0284	-9.964355	346.2633	3282.918	993.9502	-5.338078	-17.08185	8554837	2.80814e+07	68.3274	195.7295	293.9502	124202	8583.562	-4.626335	391.8149	-5.338078	-17.08185	-4.626335	391.8149
32.67	687.1886	1134778	39.70117	861.9218	3007.117	18422.25	85946.52	432.0284	1190.036	1146.263	12685.92	1393.95	-5.338078	82.91815	3.095782e+07	8.084745e+07	468.3274	595.7296	293.9502	376609.9	9884.562	-4.626335	1391.815	-5.338078	82.91815	-4.626335	1391.815
32.95	2287.189	2160088	-560.2988	2661.922	5108.118	27031.25	128531.5	1832.028	1890.036	1946.263	18289.92	1793.95	-5.338078	182.9182	4.636753e+07	1.145567e+08	368.3274	1095.729	693.9502	491987.9	8684.562	-4.626335	1991.815	-5.338078	182.9182	-4.626335	1991.815
33.24	2587.189	2903443	439.7012	2161.922	5508.118	33841.25	160619.5	732.0284	1390.036	1246.263	23593.92	2793.95	-5.338078	-17.08185	5.417632e+07	1.447063e+08	868.3274	1195.729	293.9502	530155.9	8383.562	-4.626335	1791.815	-5.338078	-17.08185	-4.626335	1791.815
33.53	4487.188	3931046	839.7012	2261.922	5808.118	45963.25	209179.5	1032.028	790.0356	1946.263	28498.92	3893.95	-5.338078	82.91815	5.596646e+07	1.141387e+08	668.3274	2395.729	393.9502	531075.9	6183.562	-4.626335	2191.815	-5.338078	82.91815	-4.626335	2191.815
33.81	4787.188	4329628	3140.701	2161.922	5608.118	48168.25	205045.5	1532.028	1090.036	2146.263	29299.92	2593.95	94.66192	-17.08185	5.449132e+07	1.061281e+08	568.3274	1995.729	293.9502	510043.9	7683.562	95.37366	1491.815	94.66192	-17.08185	95.37366	1491.815
34.1	4587.188	4775046	2239.701	3061.922	4607.118	46264.25	260967.5	832.0284	990.0356	3246.263	29499.92	4093.95	-5.338078	182.9182	5.377545e+07	1.581993e+08	568.3274	2095.729	393.9502	492497.9	6783.562	-4.626335	2291.815	-5.338078	182.9182	-4.626335	2291.815
34.38	4287.188		3340.701	861.9218	3307.117	70827.24	332919.5	1532.028	990.0356	3046.263	29900.92	4593.95	94.66192	-17.08185	4.831097e+07	1.461824e+08	368.3274	2095.729	193.9502	421314.9	5183.562	95.37366	2491.815	94.66192	-17.08185	95.37366	2491.815
34.67	3987.189		3340.701	4362.922	4907.118	94611.24	452586.5	1232.028	1290.036	5047.263	29499.92	3593.95	-5.338078	582.9182	5.37325e+07	1.361685e+08	568.3274	2395.729	493.9502	344348.9	7183.562	95.37366	991.8149	-5.338078	582.9182	95.37366	991.8149
34.95	6088.188		2039.701	10764.92	9509.117	86680.24	433959.5	1132.028	1190.036	7247.263	30400.92	2493.95	-5.338078	82.91815	6.032386e+07	1.461824e+08	668.3274	2095.729	393.9502	258322	8583.562	195.3737	1891.815	-5.338078	82.91815	195.3737	1891.815
35.24	5088.188		1839.701	14366.92	12510.12	67216.24	356949.5	1832.028	2990.036	5647.263	39714.92	2593.95	94.66192	1082.918	8.418323e+07	2.222944e+08	668.3274	2995.729	393.9502	190517	10084.56	-4.626335	1391.815	94.66192	1082.918	-4.626335	1391.815
35.53	7088.188	4944224	2639.701	19569.92	17113.12	48569.25	263695.5	1332.028	2490.036	9348.264	42418.92	2193.95	-5.338078	1382.918	9.443502e+07	2.643612e+08	268.3274	2795.729	293.9502	141996	7483.562	-4.626335	891.8149	-5.338078	1382.918	-4.626335	891.8149
35.81	7688.188	3683621	3140.701	22172.92	24619.12	43057.25	231476.5	1232.028	2490.036	7847.263	42718.92	1593.95	-5.338078	582.9182	1.01668e+08	2.663645e+08	368.3274	3295.729	293.9502	119981	9484.562	95.37366	591.8149	-5.338078	582.9182	95.37366	591.8149
36.1	6088.188	3082314	1239.701	23473.92	26421.12	36746.25	178944.5	1732.028	2990.036	6547.263	35107.92	893.9502	-5.338078	1082.918	1.02292e+08	2.904044e+08	568.3274	2795.729	193.9502	94873.95	9384.562	-4.626335	891.8149	-5.338078	1082.918	-4.626335	891.8149
36.38	5788.188	2381122	939.7012	23573.92	25921.12	30036.25	150857.5	1632.028	3090.036	9848.264	38512.92	693.9502	-5.338078	1082.918	1.228274e+08	3.384877e+08	768.3274	2295.729	393.9502	73200.95	12185.56	-4.626335	1291.815	-5.338078	1082.918	-4.626335	1291.815
36.67	5988.188	1882472	3140.701	41497.92	23118.12	24728.25	126320.5	2032.028	4091.036	12449.26	41516.92	293.9502	94.66192	1382.918	1.196907e+08	3.184524e+08	1568.327	2395.729	193.9502	77413.95	10584.56	-4.626335	1491.815	94.66192	1382.918	-4.626335	1491.815
36.96	4487.188	1822983	3640.701	62241.92	17113.12	18121.25	113759.5	1832.028	3190.036	15051.26	44021.92	993.9502	-5.338078	1682.918	1.1867e+08	3.084351e+08	1968.327	995.7296	-6.049822	60566.95	12285.56	-4.626335	2791.815	-5.338078	1682.918	-4.626335	2791.815
37.24	3487.189	1410034	3840.701	84206.92	11810.12	12617.25	112353.5	2532.028	2890.036	25759.26	44221.92	693.9502	-5.338078	2782.918	1.269311e+08	3.585237e+08	3268.327	995.7296	93.95018	55054.95	10784.56	-4.626335	3291.815	-5.338078	2782.918	-4.626335	3291.815
37.53	2287.189	1262414	4140.701	109806.9	6808.118	13818.25	109439.5	2432.028	2790.036	24458.26	48930.92	493.9502	-5.338078	2282.918	1.181307e+08	3.404912e+08	2668.327	695.7296	-6.049822	54152.95	11885.56	95.37366	3291.815	-5.338078	2282.918	95.37366	3291.815
37.81	1687.189	1098084	2539.701	138047.9	8308.117	11216.25	111448.5	3232.028	3691.036	32367.26	56546.92	593.9502	-5.338078	3982.918	1.429086e+08	3.985982e+08	3068.327	2095.729	-6.049822	58762.95	12385.56	-4.626335	4691.815	-5.338078	3982.918	-4.626335	4691.815
38.1	1787.189	1018083	2139.701	151626.9	4607.118	10715.25	106426.5	2732.028	3290.036	37674.26	63964.92	493.9502	-5.338078	4482.918	1.389918e+08	2.964146e+08	5269.328	1495.729	93.95018	57860.95	10684.56	-4.626335	4991.815	-5.338078	4482.918	-4.626335	4991.815
38.39	2987.189	1057896	2839.701	168534.9	4207.118	7914.246	93674.52	2732.028	2490.036	31866.26	60555.92	293.9502	-5.338078	4482.918	1.287873e+08	3.2847e+08	4268.328	2195.729	93.95018	68587.95	11585.56	-4.626335	5092.815	-5.338078	4482.918	-4.626335	5092.815
38.67	1887.189	867836.6	4740.701	176086.9	5008.118	9114.246	85043.52	1432.028	4991.036	40279.26	75095.92	1693.95	-5.338078	3982.918	1.378191e+08	3.82568e+08	5169.328	3595.729	-6.049822	92263.95	13486.56	-4.626335	7392.815	-5.338078	3982.918	-4.626335	7392.815
38.96	2587.189	635448.6	2940.701	200067.9	2207.117	7413.246	79725.52	2232.028	3891.036	39577.26	76098.92	893.9502	-5.338078	2282.918	1.303081e+08	3.264664e+08	5369.328	3095.729	-6.049822	106119	12185.56	-4.626335	5292.815	-5.338078	2282.918	-4.626335	5292.815
39.25	2887.189	492644.6	2339.701	209645.9	3407.117	6013.246	82534.52	1332.028	2790.036	40379.26	74593.92	1793.95	-5.338078	2882.918	1.353137e+08	3.545164e+08	4168.328	3795.729	193.9502	109935	10384.56	-4.626335	5292.815	-5.338078	2882.918	-4.626335	5292.815
39.53	2387.189	476431.6	2039.701	212469.9	3607.117	5012.246	71901.52	1532.028	4691.036	31866.26	84424.92	1393.95	-5.338078	3582.918	1.390505e+08	3.204559e+08	4668.328	3795.729	-6.049822	110739	11985.56	-4.626335	6692.815	-5.338078	3582.918	-4.626335	6692.815
39.82	3487.189	524082.6	5040.701	187469.9	5208.118	2711.246	68792.52	2432.028	2690.036	38275.26	91148.92	893.9502	-5.338078	3382.918	1.073689e+08	3.2847e+08	5069.328	3595.729	293.9502	101901	9784.562	-4.626335	5592.815	-5.338078	3382.918	-4.626335	5592.815
40.1	3287.189	391860.6	3640.701	185555.9	5108.118	5312.246	65282.53	2532.028	2790.036	34971.26	80010.92	1593.95	-5.338078	3082.918	1.355188e+08	3.605274e+08	4368.328	3895.729	193.9502	97583.95	10684.56	-4.626335	4691.815	-5.338078	3082.918	-4.626335	4691.815
40.39	4887.188	410358.6	2639.701	155349.9	12510.12	4812.246	55859.53	2332.028	4291.036	30865.26	84725.92	893.9502	-5.338078	2182.918	1.352844e+08	3.525128e+08	3368.327	3995.729	93.95018	93969.95	11185.56	-4.626335	4691.815	-5.338078	2182.918	-4.626335	4691.815
40.68	5088.188	291072.6	2539.701	153839.9	21016.12	4612.246	51950.53	2532.028	2890.036	28262.26	79709.92	1293.95	-5.338078	1982.918	1.33132e+08	3.344805e+08	3168.327	4495.729	93.95018	79319.95	10884.56	-4.626335	3791.815	-5.338078	1982.918	-4.626335	3791.815
40.96	7188.188	224373.6	3440.701	139455.9	28323.12	3512.246	46940.53	1332.028	3691.036	23857.26	80010.92	1093.95	-5.338078	1682.918	1.300448e+08	3.084351e+08	1968.327	3095.729	93.95018	76008.95	10484.56	-4.626335	3291.815	-5.338078	1682.918	-4.626335	3291.815
41.25	7988.188	185446.6	1039.701	121963.9	26821.12	2211.246	39126.53	2932.028	2990.036	24858.26	84625.92	1293.95	-5.338078	1982.918	1.212888e+08	3.204559e+08	2568.327	3595.729	93.95018	65980.95	13886.56	-4.626335	3091.815	-5.338078	1982.918	-4.626335	3091.815
41.53	11490.19	176882.6	2239.701	111614.9	36734.12	5412.246	39927.53	1932.028	5491.036	24058.26	83421.92	793.9502	-5.338078	1282.918	1.386546e+08	3.044282e+08	2268.327	3495.729	93.95018	66682.95	13786.56	-4.626335	2691.815	-5.338078	1282.918	-4.626335	2691.815
41.82	15492.19	210550.6	5140.701	106391.9	36934.12	1311.246	34218.53	1532.028	4391.036	21255.26	75797.92	593.9502	-5.338078	1082.918	1.452284e+08	4.026059e+08	2068.327	4195.729	93.95018	55054.95	12885.56	-4.626335	3191.815	-5.338078	1082.918	-4.626335	3191.815
42.11	11990.19	111691.6	3840.701	99864.92	33930.12	1811.246	32416.53	3432.028	4591.036	19754.26	74693.92	393.9502	-5.338078	1282.918	1.491297e+08	3.68542e+08	1368.327	2695.729	-6.049822	50644.95	13586.56	-4.626335	2791.815	-5.338078	1282.918	-4.626335	2791.815
42.39	11690.19	146378.6	4140.701	97555.92	35032.12	911.2456	31314.53	3132.028	3791.036	19454.26	67373.92	893.9502	-5.338078	1582.918	1.337762e+08	3.765569e+08	1868.327	2395.729	-6.049822	46636.95	11084.56	-4.626335	1891.815	-5.338078	1582.918	-4.626335	1891.815
42.68	12490.19	92709.64	2039.701	86012.92	27022.12	211.2456	28310.53	3932.028	2990.036	22356.26	59352.92	293.9502	-5.338078	1582.918	1.344789e+08	3.585237e+08	1468.327	2195.729	-6.049822	46737.95	9584.562	-4.626335	2591.815	-5.338078	1582.918	-4.626335	2591.815
42.97	12390.19	83876.64	2839.701	71867.92	28123.12	1011.246	26608.53	2832.028	4391.036	22456.26	66771.92	93.95018	-5.338078	1082.918	1.384494e+08	3.705457e+08	2368.327	1895.729	93.95018	51847.95	12985.56	-4.626335	2191.815	-5.338078	1082.918	-4.626335	2191.815
43.25	12590.19	53284.64	5040.701	73973.92	22517.12	211.2456	27109.53	2332.028	3891.036	22056.26	58651.92	393.9502	-5.338078	1582.918	1.291528e+08	4.086173e+08	1968.327	2795.729	93.95018	60967.95	10384.56	-4.626335	2991.815	-5.338078	1582.918	-4.626335	2991.815
43.54	12190.19	56191.64	1339.701	62943.92	22617.12	-388.7544	29011.53	2332.028	3290.036	29263.26	51234.92	793.9502	-5.338078	2482.918	1.378777e+08	3.705457e+08	2368.327	1295.729	-6.049822	84235.95	9884.562	-4.626335	3491.815	-5.338078	2482.918	-4.626335	3491.815
43.82	10389.19	94215.64	2339.701	68859.92	19715.12	-388.7544	30813.53	3232.028	2290.036	28863.26	60154.92	693.9502	-5.338078	2482.918	1.3864e+08	3.965944e+08	2668.327	1495.729	293.9502	115259	10784.56	-4.626335	3591.815	-5.338078	2482.918	-4.626335	3591.815
44.11	9589.188	42861.64	3340.701	62943.92	18614.12	-1489.754	31014.53	2332.028	3591.036	29463.26	51435.92	1293.95	94.66192	2582.918	1.276764e+08	3.725494e+08	3068.327	795.7296	-6.049822	119378	11185.56	-4.626335	2991.815	94.66192	2582.918	-4.626335	2991.815
44.39	9989.188	51480.64	2539.701	55324.92	14411.12	311.2456	33217.53	3132.028	3190.036	28562.26	61057.92	2893.95	-5.338078	2582.918	1.212888e+08	3.865756e+08	2168.327	1495.729	93.95018	262160.9	10784.56	-4.626335	3791.815	-5.338078	2582.918	-4.626335	3791.815
44.68	11590.19	43863.64	3540.701	59334.92	12810.12	2611.246	38425.53	2432.028	4691.036	34069.26	60956.92	3193.95	-5.338078	2182.918	1.417346e+08	3.665384e+08	2168.327	2095.729	193.9502	377827.9	14286.56	-4.626335	4291.815	-5.338078	2182.918	-4.626335	4291.815
44.97	11089.19	44164.64	1839.701	53721.92	12910.12	1211.246	41329.53	2432.028	4391.036	37174.26	58350.92	3393.95	-5.338078	2382.918	1.353869e+08	3.885793e+08	3168.327	1495.729	193.9502	459375.9	12385.56	-4.626335	4791.815	-5.338078	2382.918	-4.626335	4791.815
45.25	12090.19	42461.64	439.7012	63143.92	9509.117	2111.246	44335.53	3332.028	3691.036	44085.26	61257.92	3193.95	-5.338078	3282.918	1.340543e+08	3.82568e+08	2868.327	2995.729	193.9502	513003.9	11585.56	-4.626335	4791.815	-5.338078	3282.918	-4.626335	4791.815
45.54	17293.19	44665.64	2539.701	67455.92	8008.118	1511.246	50547.53	2132.028	4891.036	38376.26	59753.92	2793.95	-5.338078	2682.918	1.335712e+08	3.645347e+08	1968.327	3595.729	93.95018	512697.9	10684.56	-4.626335	5292.815	-5.338078	2682.918	-4.626335	5292.815
45.83	19895.19	37151.64	1639.701	73672.92	7208.118	1811.246	43032.53	2732.028	2490.036	42382.26	70281.92	3793.95	-5.338078	3482.918	1.486373e+08	4.166328e+08	1868.327	3395.729	-6.049822	596014.9	13986.56	-4.626335	6092.815	-5.338078	3482.918	-4.626335	6092.815
46.11	29404.19	160468.6	4840.701	94242.92	8308.117	711.2456	47741.53	2732.028	4691.036	41981.26	66370.92	3493.95	-5.338078	3682.918	1.441123e+08	4.166328e+08	2568.327	2695.729	-6.049822	499738.9	13586.56	-4.626335	5392.815	-5.338078	3682.918	-4.626335	5392.815
46.4	28904.19	31341.64	3640.701	82500.92	9609.117	811.2456	43032.53	2432.028	3090.036	40679.26	62660.92	2293.95	-5.338078	3082.918	1.212888e+08	3.62531e+08	2568.327	3995.729	-6.049822	417653.9	10484.56	-4.626335	3991.815	-5.338078	3082.918	-4.626335	3991.815
46.69	28503.19	95219.64	739.7012	71366.92	10309.12	2311.246	35921.53	2232.028	4291.036	33869.26	58049.92	2093.95	-5.338078	3882.918	1.349915e+08	3.945906e+08	2968.327	2295.729	-6.049822	364227.9	11285.56	195.3737	4391.815	-5.338078	3882.918	195.3737	4391.815
46.97	28003.19	49676.64	3840.701	60938.92	9209.117	1111.246	35921.53	2832.028	4391.036	31065.26	60255.92	1793.95	-5.338078	3182.918	1.40561e+08	3.444984e+08	2568.327	1695.729	293.9502	315775.9	11285.56	-4.626335	3591.815	-5.338078	3182.918	-4.626335	3591.815
47.26	27302.19	29739.64	2739.701	52218.92	8508.117	11.24561	33117.53	2832.028	2990.036	27461.26	54141.92	1493.95	-5.338078	3582.918	1.34889e+08	3.62531e+08	3668.327	1595.729	-6.049822	247210	9184.562	-4.626335	5192.815	-5.338078	3582.918	-4.626335	5192.815
47.54	23898.19	22530.64	1939.701	55024.92	17513.12	-488.7544	34519.53	2732.028	4091.036	28662.26	57648.92	993.9502	-5.338078	3382.918	1.330735e+08	3.68542e+08	4068.327	1995.729	393.9502	206846	10884.56	-4.626335	3991.815	-5.338078	3382.918	-4.626335	3991.815
47.83	32909.19	21629.64	2539.701	56527.92	48354.12	211.2456	33818.53	2432.028	4091.036	26360.26	58250.92	893.9502	-5.338078	2382.918	1.342886e+08	3.2847e+08	3568.327	2395.729	93.95018	188502	9484.562	95.37366	2691.815	-5.338078	2382.918	95.37366	2691.815
48.11	36514.19	21328.64	3040.701	56527.92	76023.12	111.2456	35520.53	2132.028	3390.036	25559.26	67373.92	1093.95	-5.338078	2982.918	1.232774e+08	3.725494e+08	4168.328	2795.729	293.9502	190820	11885.56	-4.626335	2091.815	-5.338078	2982.918	-4.626335	2091.815
48.4	48234.19	21228.64	1839.701	60136.92	117181.1	411.2456	36922.53	2532.028	3791.036	24158.26	66470.92	1193.95	-5.338078	1982.918	1.353284e+08	4.066135e+08	2968.327	3095.729	-6.049822	191122	8283.562	-4.626335	3991.815	-5.338078	1982.918	-4.626335	3991.815
48.69	57152.19	26635.64	1539.701	64948.92	155993.1	111.2456	34318.53	2432.028	3491.036	24358.26	61057.92	1493.95	-5.338078	2482.918	1.286704e+08	4.186367e+08	3368.327	2095.729	93.95018	160608	11885.56	-4.626335	2891.815	-5.338078	2482.918	-4.626335	2891.815
48.97	63167.19	21228.64	3440.701	54222.92	170286.1	11.24561	31614.53	1832.028	2890.036	26660.26	70180.92	1293.95	-5.338078	2282.918	1.344497e+08	3.184524e+08	4168.328	2895.729	-6.049822	158596	10984.56	-4.626335	4491.815	-5.338078	2282.918	-4.626335	4491.815
49.26	76805.19	24031.64	3440.701	66552.92	193655.1	711.2456	32716.53	2232.028	3891.036	24558.26	81113.92	993.9502	-5.338078	1482.918	1.113459e+08	3.805643e+08	1968.327	2595.729	193.9502	126011	9884.562	95.37366	3391.815	-5.338078	1482.918	95.37366	3391.815
49.54	78610.19	22930.64	3040.701	61038.92	185090.1	-1589.754	31715.53	2332.028	2490.036	24358.26	68075.92	1093.95	-5.338078	882.9182	1.354016e+08	4.146289e+08	3468.327	2395.729	193.9502	113953	14386.56	-4.626335	3391.815	-5.338078	882.9182	-4.626335	3391.815
49.83	82021.19	29439.64	2439.701	65149.92	180154.1	-989.7544	32115.53	2032.028	4491.036	19954.26	77402.92	2793.95	-5.338078	1982.918	1.42483e+08	4.56712e+08	2468.327	3195.729	293.9502	116063	12385.56	95.37366	2191.815	-5.338078	1982.918	95.37366	2191.815
50.12	83025.19	23631.64	2639.701	54723.92	188717.1	611.2456	27209.53	2032.028	4291.036	21255.26	74593.92	4493.95	-5.338078	782.9182	1.511184e+08	3.845718e+08	3168.327	2295.729	293.9502	115259	11385.56	-4.626335	3491.815	-5.338078	782.9182	-4.626335	3491.815
50.4	93562.19	16523.64	1739.701	57429.92	200307.1	111.2456	27810.53	2732.028	3691.036	17152.26	77903.92	6794.95	-5.338078	1382.918	1.416172e+08	3.745531e+08	2368.327	4195.729	593.9502	129026	12085.56	-4.626335	4091.815	-5.338078	1382.918	-4.626335	4091.815
50.69	89547.19	22830.64	4840.701	48911.92	219568.1	1311.246	21103.53	3132.028	3390.036	13650.26	80211.92	14998.95	-5.338078	1582.918	1.550959e+08	3.865756e+08	3168.327	2795.729	1993.95	121790	10484.56	195.3737	4091.815	-5.338078	1582.918	195.3737	4091.815
50.98	101191.2	21829.64	1439.701	46005.92	235310.1	-1089.754	19801.53	2032.028	3591.036	12249.26	85628.92	24005.95	-5.338078	282.9182	1.443619e+08	4.306601e+08	2668.327	3595.729	1893.95	131338	10884.56	295.3737	3891.815	-5.338078	282.9182	295.3737	3891.815
51.26	94666.19	19126.64	5040.701	36689.92	230062.1	-989.7544	17500.53	2732.028	2990.036	9848.264	78004.92	28309.95	-5.338078	782.9182	1.335126e+08	3.665384e+08	2268.327	3795.729	1493.95	131539	12285.56	-4.626335	2991.815	-5.338078	782.9182	-4.626335	2991.815
51.55	111837.2	57996.64	2639.701	33885.92	316600.1	-1689.754	14698.53	2932.028	5091.036	11249.26	81214.92	33315.95	-5.338078	1082.918	1.373501e+08	3.745531e+08	2568.327	2895.729	2393.95	145013	9884.562	-4.626335	4691.815	-5.338078	1082.918	-4.626335	4691.815
51.83	117362.2	22029.64	3740.701	33986.92	347101.1	311.2456	15698.53	2832.028	2590.036	11449.26	87836.92	41628.95	-5.338078	1182.918	1.364124e+08	3.90583e+08	3668.327	3595.729	1693.95	149741	12585.56	-4.626335	3391.815	-5.338078	1182.918	-4.626335	3391.815
52.12	125099.2	18626.64	2539.701	36389.92	374797.1	5813.246	13597.53	1932.028	4191.036	11048.26	94761.92	52147.95	-5.338078	682.9182	1.385374e+08	3.545164e+08	2868.327	3695.729	2093.95	157790	11685.56	-4.626335	6992.815	-5.338078	682.9182	-4.626335	6992.815
52.41	140078.2	11920.64	3840.701	38492.92	389519.1	-88.75439	12296.53	2432.028	3190.036	12449.26	98275.92	62371.95	-5.338078	982.9182	1.440976e+08	4.206406e+08	2568.327	4195.729	1093.95	163326	11385.56	-4.626335	6792.815	-5.338078	982.9182	-4.626335	6792.815
52.69	123290.2	13121.64	4540.701	35688.92	357243.1	911.2456	15498.53	3132.028	2790.036	12549.26	89542.92	61869.95	-5.338078	282.9182	1.337322e+08	3.46502e+08	1768.327	2495.729	1293.95	142600	9784.562	95.37366	5592.815	-5.338078	282.9182	95.37366	5592.815
52.98	114147.2	19727.64	3240.701	32884.92	297265.1	1711.246	14397.53	3032.028	3591.036	14050.26	81214.92	48841.95	-5.338078	882.9182	1.182764e+08	3.46502e+08	1468.327	3495.729	1793.95	126513	6883.562	-4.626335	3591.815	-5.338078	882.9182	-4.626335	3591.815
53.27	94766.19	29439.64	2339.701	32684.92	252476.1	3212.246	10695.53	2032.028	2090.036	14850.26	61558.92	37822.95	-5.338078	482.9182	9.957921e+07	2.843943e+08	1868.327	2795.729	993.9502	106520	5183.562	95.37366	3691.815	-5.338078	482.9182	95.37366	3691.815
53.55	75100.19	41258.64	2539.701	24674.92	208776.1	8314.246	9194.526	1332.028	1990.036	14951.26	50333.92	30011.95	-5.338078	782.9182	8.415436e+07	2.222944e+08	1468.327	1795.729	793.9502	90958.95	4782.562	195.3737	4591.815	-5.338078	782.9182	195.3737	4591.815
53.84	62164.19	48874.64	2039.701	24975.92	157100.1	7113.246	9595.526	1432.028	2490.036	11849.26	43420.92	23804.95	-5.338078	1082.918	7.096744e+07	1.702165e+08	1168.327	1895.729	193.9502	78015.95	9284.562	-4.626335	3191.815	-5.338078	1082.918	-4.626335	3191.815
54.12	59257.19	64012.64	3540.701	32083.92	155389.1	12016.25	10595.53	932.0284	1290.036	13450.26	44421.92	17699.95	-5.338078	882.9182	7.085235e+07	1.62205e+08	2068.327	1295.729	693.9502	63975.95	8784.562	-4.626335	3291.815	-5.338078	882.9182	-4.626335	3291.815
54.41	66676.19	50177.64	1339.701	29680.92	170588.1	8514.246	13897.53	1032.028	2390.036	15551.26	54040.92	13997.95	-5.338078	882.9182	8.620524e+07	2.3231e+08	2268.327	2895.729	493.9502	75507.95	10884.56	95.37366	3391.815	-5.338078	882.9182	95.37366	3391.815
54.7	90651.19	109682.6	1939.701	40095.92	215331.1	6413.246	16899.53	1732.028	2190.036	17752.26	69077.92	11996.95	-5.338078	1282.918	1.061833e+08	3.004214e+08	1468.327	2295.729	593.9502	75808.95	9784.562	195.3737	3791.815	-5.338078	1282.918	195.3737	3791.815
54.98	100890.2	34947.64	2339.701	39995.92	240661.1	4212.246	19401.53	1632.028	3090.036	16952.26	73891.92	8394.95	-5.338078	1682.918	1.026693e+08	2.904044e+08	2468.327	1695.729	593.9502	73200.95	8283.562	-4.626335	3491.815	-5.338078	1682.918	-4.626335	3491.815
55.27	98581.19	34947.64	439.7012	38793.92	206658.1	5412.246	18000.53	1632.028	2990.036	19053.26	75496.92	10195.95	-5.338078	2382.918	1.124067e+08	2.723744e+08	2668.327	2395.729	693.9502	83532.95	9784.562	95.37366	4091.815	-5.338078	2382.918	95.37366	4091.815
55.55	117965.2	33144.64	2539.701	43601.92	209583.1	2611.246	21002.53	2632.028	3791.036	17452.26	83521.92	7694.95	-5.338078	2482.918	1.1427e+08	3.184524e+08	3168.327	2795.729	393.9502	86743.95	7783.562	195.3737	4491.815	-5.338078	2482.918	195.3737	4491.815
55.84	126406.2	40156.64	3840.701	37791.92	190329.1	1511.246	26108.53	2232.028	3991.036	16251.26	87535.92	8394.95	-5.338078	1882.918	1.26595e+08	3.745531e+08	3668.327	2095.729	193.9502	94973.95	9084.562	195.3737	5892.815	-5.338078	1882.918	195.3737	5892.815
56.13	131331.2	51480.64	2439.701	34186.92	172299.1	1811.246	32315.53	1932.028	3791.036	17652.26	89241.92	7894.95	194.6619	2982.918	1.451524e+08	3.965944e+08	3368.327	1795.729	493.9502	231864	10584.56	95.37366	7292.815	194.6619	2982.918	95.37366	7292.815
56.41	142391.2	44765.64	1939.701	38592.92	150761.1	4612.246	33617.53	2132.028	3591.036	18653.26	98877.92	12996.95	-5.338078	2382.918	1.402089e+08	3.244629e+08	4768.328	2595.729	793.9502	420093.9	13586.56	-4.626335	8492.815	-5.338078	2382.918	-4.626335	8492.815
56.7	127511.2	45667.64	1139.701	34486.92	128034.1	2011.246	32215.53	2932.028	4191.036	16852.26	94761.92	18400.95	-5.338078	2582.918	1.36178e+08	3.184524e+08	3468.327	3495.729	993.9502	744208.9	11485.56	95.37366	8693.815	-5.338078	2582.918	95.37366	8693.815
56.99	132638.2	41258.64	2940.701	42198.92	115775.1	1811.246	28611.53	2832.028	3290.036	20454.26	92754.92	21402.95	-5.338078	2182.918	1.329564e+08	3.62531e+08	4168.328	2095.729	893.9502	865728.9	10584.56	-4.626335	8793.815	-5.338078	2182.918	-4.626335	8793.815
57.27	126908.2	36850.64	4040.701	47107.92	110250.1	2711.246	33317.53	1732.028	4891.036	24758.26	93858.92	21702.95	-5.338078	2282.918	1.371596e+08	3.605274e+08	3468.327	3595.729	593.9502	999169.9	12185.56	-4.626335	7692.815	-5.338078	2282.918	-4.626335	7692.815
57.56	104605.2	30440.64	2639.701	56427.92	108342.1	1511.246	34218.53	2132.028	3090.036	29063.26	92352.92	14697.95	-5.338078	3382.918	1.650396e+08	3.364841e+08	2668.327	3395.729	593.9502	989495.9	10784.56	95.37366	9893.815	-5.338078	3382.918	95.37366	9893.815
57.84	101593.2	29839.64	3440.701	74675.92	113665.1	3312.246	31514.53	3032.028	3891.036	37574.26	96769.92	20001.95	-5.338078	2682.918	1.455956e+08	4.306601e+08	3568.327	3295.729	1493.95	1182724	12385.56	-4.626335	10293.82	-5.338078	2682.918	-4.626335	10293.82
58.13	108823.2	23331.64	3140.701	64647.92	108643.1	3012.246	32215.53	3232.028	4591.036	32968.26	95866.92	30612.95	-5.338078	2582.918	1.550959e+08	3.765569e+08	3468.327	2695.729	2393.95	1365706	12385.56	-4.626335	9493.815	-5.338078	2582.918	-4.626335	9493.815
58.42	112439.2	28037.64	3740.701	55525.92	103220.1	2611.246	23905.53	1032.028	3190.036	26860.26	92553.92	32114.95	-5.338078	2082.918	1.38684e+08	3.945906e+08	3068.327	3695.729	1793.95	1691655	10484.56	295.3737	13395.82	-5.338078	2082.918	295.3737	13395.82
58.7	119170.2	45868.64	3240.701	44502.92	100609.1	1511.246	25006.53	2732.028	3090.036	22356.26	97572.92	37421.95	-5.338078	2582.918	1.408983e+08	3.945906e+08	2168.327	2495.729	3293.95	1735514	9484.562	95.37366	14395.82	-5.338078	2582.918	95.37366	14395.82
58.99	122285.2	77152.64	4040.701	34586.92	102417.1	6113.246	26909.53	3732.028	3390.036	18053.26	98275.92	45735.95	94.66192	1782.918	1.39945e+08	3.404912e+08	3068.327	3695.729	2793.95	1566694	11385.56	-4.626335	12894.82	94.66192	1782.918	-4.626335	12894.82
59.27	125903.2	103152.6	2539.701	34787.92	91976.12	4012.246	28911.53	1532.028	3691.036	16251.26	98877.92	36720.95	94.66192	1682.918	1.31932e+08	3.645347e+08	3268.327	2695.729	2493.95	1313096	11185.56	-4.626335	11594.82	94.66192	1682.918	-4.626335	11594.82
59.56	121682.2	102650.6	3340.701	30781.92	89969.12	3512.246	30513.53	3132.028	2890.036	14750.26	86231.92	31212.95	94.66192	2082.918	1.294306e+08	3.505092e+08	3868.327	1995.729	2793.95	1047384	9984.562	95.37366	9693.815	94.66192	2082.918	95.37366	9693.815
59.85	136257.2	129079.6	3140.701	30981.92	111656.1	3012.246	31214.53	2432.028	3691.036	15851.26	93256.92	26007.95	-5.338078	1382.918	1.36427e+08	3.404912e+08	3768.327	3095.729	1993.95	838110.9	10984.56	-4.626335	8392.815	-5.338078	1382.918	-4.626335	8392.815
60.13	140380.2	88794.64	2940.701	30881.92	171393.1	2711.246	35520.53	1932.028	4391.036	13950.26	105605.9	19000.95	-5.338078	2082.918	1.431141e+08	3.62531e+08	3568.327	2795.729	1393.95	719911.9	11585.56	-4.626335	8893.815	-5.338078	2082.918	-4.626335	8893.815
60.42	142995.2	74544.64	2439.701	34186.92	210591.1	2811.246	34118.53	3332.028	4291.036	16451.26	97472.92	21402.95	-5.338078	1882.918	1.376286e+08	3.62531e+08	2468.327	3895.729	1493.95	637519.9	12185.56	95.37366	9793.815	-5.338078	1882.918	95.37366	9793.815
60.7	128718.2	49976.64	4240.701	40596.92	222897.1	1611.246	25707.53	2632.028	2890.036	21055.26	98476.92	18600.95	-5.338078	1582.918	1.400623e+08	3.645347e+08	3968.327	3195.729	493.9502	733704.9	10784.56	-4.626335	8893.815	-5.338078	1582.918	-4.626335	8893.815
60.99	142090.2	38954.64	2539.701	39694.92	210289.1	2811.246	25107.53	2232.028	3891.036	23857.26	100785.9	22103.95	-5.338078	982.9182	1.42483e+08	3.565201e+08	2768.327	4095.729	2093.95	777704.9	11485.56	-4.626335	9993.815	-5.338078	982.9182	-4.626335	9993.815
61.28	146012.2	35949.64	2539.701	39794.92	205549.1	3012.246	23705.53	2832.028	3891.036	21255.26	103596.9	26807.95	-5.338078	1282.918	1.414411e+08	4.00602e+08	3268.327	3495.729	1193.95	863658.9	10584.56	-4.626335	13395.82	-5.338078	1282.918	-4.626335	13395.82
61.56	137363.2	36550.64	3340.701	42699.92	205852.1	1211.246	21603.53	2732.028	3491.036	23057.26	103094.9	29711.95	-5.338078	1582.918	1.358996e+08	3.665384e+08	2868.327	4095.729	993.9502	937965.9	13185.56	195.3737	10693.82	-5.338078	1582.918	195.3737	10693.82
61.85	138268.2	38553.64	3240.701	41798.92	203432.1	2811.246	21203.53	2832.028	3691.036	23157.26	100684.9	26307.95	-5.338078	1182.918	1.334248e+08	3.364841e+08	2768.327	2595.729	593.9502	908299.9	10984.56	-4.626335	12294.82	-5.338078	1182.918	-4.626335	12294.82
62.13	126506.2	26334.64	2039.701	41497.92	199198.1	2511.246	20902.53	2932.028	3891.036	25960.26	96066.92	19601.95	-5.338078	1882.918	1.260837e+08	3.765569e+08	2668.327	4695.729	1393.95	742251.9	10984.56	-4.626335	9793.815	-5.338078	1882.918	-4.626335	9793.815
62.42	126104.2	28437.64	2539.701	54623.92	248032.1	811.2456	21603.53	1732.028	3491.036	33569.26	103898.9	16398.95	-5.338078	2282.918	1.403263e+08	4.186367e+08	2868.327	2695.729	693.9502	582194.9	12285.56	-4.626335	8693.815	-5.338078	2282.918	-4.626335	8693.815
62.71	119271.2	38754.64	1739.701	58833.92	296455.1	-689.7544	21403.53	2232.028	3991.036	31165.26	90144.92	11896.95	-5.338078	1582.918	1.365735e+08	3.204559e+08	2668.327	2595.729	393.9502	476083.9	9684.562	-4.626335	6892.815	-5.338078	1582.918	-4.626335	6892.815
62.99	114549.2	24933.64	2339.701	62241.92	355113.1	-1689.754	23105.53	2632.028	3491.036	32367.26	89743.92	9595.95	94.66192	3382.918	1.267703e+08	3.204559e+08	1868.327	2995.729	793.9502	364126.9	11285.56	-4.626335	8292.815	94.66192	3382.918	-4.626335	8292.815
63.28	96071.19	24732.64	2339.701	58833.92	398865.1	1511.246	21002.53	3032.028	2090.036	28562.26	78405.92	9895.95	-5.338078	2082.918	1.253241e+08	3.264664e+08	2368.327	2795.729	493.9502	338266.9	12785.56	-4.626335	5292.815	-5.338078	2082.918	-4.626335	5292.815
63.57	115453.2	24632.64	2339.701	58632.92	573206.1	-588.7544	18901.53	2132.028	3390.036	25459.26	86431.92	8294.95	-5.338078	1082.918	1.40033e+08	3.985982e+08	1868.327	2795.729	393.9502	272672.9	14286.56	-4.626335	6892.815	-5.338078	1082.918	-4.626335	6892.815
63.85	134850.2	30741.64	3040.701	54022.92	682911.1	-689.7544	20502.53	2432.028	1990.036	27461.26	89642.92	8494.95	-5.338078	1782.918	1.340543e+08	3.32477e+08	2168.327	3795.729	293.9502	226213	11385.56	-4.626335	5692.815	-5.338078	1782.918	-4.626335	5692.815
64.14	130728.2	29339.64	3040.701	55525.92	662780.1	111.2456	18500.53	3032.028	3691.036	23157.26	91750.92	8695.95	-5.338078	1382.918	1.369398e+08	3.384877e+08	2068.327	3995.729	293.9502	191021	11785.56	-4.626335	5192.815	-5.338078	1382.918	-4.626335	5192.815
64.42	122185.2	44966.64	2940.701	49011.92	645743.1	-1089.754	17299.53	2232.028	2590.036	21155.26	87635.92	6494.95	194.6619	1282.918	1.309078e+08	3.805643e+08	2068.327	3995.729	93.95018	162621	9584.562	-4.626335	5792.815	194.6619	1282.918	-4.626335	5792.815
64.71	123391.2	39054.64	4640.701	54723.92	546620.1	-1189.754	19201.53	3332.028	4391.036	20454.26	86431.92	4793.95	-5.338078	882.9182	1.345082e+08	4.00602e+08	1568.327	2895.729	393.9502	143605	12185.56	95.37366	3891.815	-5.338078	882.9182	95.37366	3891.815
64.99	98681.19	37251.64	2839.701	59133.92	450023.1	-88.75439	21603.53	2132.028	3891.036	16552.26	81816.92	3793.95	-5.338078	2282.918	1.304544e+08	3.444984e+08	2368.327	2895.729	-6.049822	131338	11885.56	95.37366	4191.815	-5.338078	2282.918	95.37366	4191.815
65.28	93963.19	42861.64	1039.701	58131.92	375812.1	-1089.754	25507.53	2432.028	3290.036	21655.26	69980.92	3993.95	-5.338078	882.9182	1.314199e+08	3.444984e+08	1468.327	2695.729	93.95018	120484	8383.562	-4.626335	2991.815	-5.338078	882.9182	-4.626335	2991.815
65.57	80617.19	53485.64	2539.701	56327.92	307083.1	111.2456	29712.53	1832.028	2690.036	22856.26	66871.92	3193.95	94.66192	2182.918	1.332204e+08	3.404912e+08	2068.327	3195.729	93.95018	111542	9384.562	-4.626335	3991.815	94.66192	2182.918	-4.626335	3991.815
65.85	69483.19	47070.64	2239.701	57028.92	247022.1	-188.7544	31915.53	2332.028	3491.036	18953.26	68977.92	3293.95	-5.338078	1482.918	1.205949e+08	3.404912e+08	2468.327	2295.729	293.9502	106822	9384.562	-4.626335	2891.815	-5.338078	1482.918	-4.626335	2891.815
66.14	61362.19	90802.64	3940.701	48811.92	187911.1	-88.75439	29011.53	1732.028	2590.036	26260.26	64866.92	3193.95	-5.338078	1382.918	1.238492e+08	3.585237e+08	2068.327	2295.729	193.9502	163527	9184.562	-4.626335	3191.815	-5.338078	1382.918	-4.626335	3191.815
66.42	60360.19	55790.64	1939.701	56327.92	141306.1	1611.246	31114.53	1332.028	3591.036	25559.26	67874.92	3293.95	-5.338078	2182.918	1.22156e+08	3.024248e+08	1768.327	2195.729	93.95018	308080.9	12485.56	-4.626335	3591.815	-5.338078	2182.918	-4.626335	3591.815
66.71	49736.19	84177.64	2039.701	59234.92	123411.1	11.24561	27309.53	3132.028	3591.036	25960.26	64766.92	3293.95	-5.338078	1982.918	1.189033e+08	3.12442e+08	2168.327	1795.729	193.9502	373360.9	9584.562	95.37366	3791.815	-5.338078	1982.918	95.37366	3791.815
67	40219.19	153120.6	2539.701	52619.92	100609.1	511.2456	28911.53	2032.028	2790.036	28763.26	60555.92	2493.95	-5.338078	2582.918	1.133964e+08	3.004214e+08	2768.327	1995.729	93.95018	429857.9	8884.562	-4.626335	3891.815	-5.338078	2582.918	-4.626335	3891.815
67.28	33109.19	416357.6	2439.701	52518.92	86758.12	1611.246	26208.53	1832.028	2690.036	26060.26	54642.92	2693.95	-5.338078	1482.918	1.145758e+08	3.505092e+08	2168.327	2195.729	93.95018	459172.9	9984.562	-4.626335	4091.815	-5.338078	1482.918	-4.626335	4091.815
67.57	33109.19	745348.6	2639.701	46105.92	63688.12	1211.246	24106.53	1132.028	2490.036	21055.26	62460.92	3793.95	-5.338078	1782.918	1.106462e+08	2.884011e+08	3168.327	1695.729	93.95018	571962.9	10584.56	-4.626335	4191.815	-5.338078	1782.918	-4.626335	4191.815
67.85	28703.19	909591.6	3140.701	47909.92	52262.12	1811.246	25307.53	2532.028	3290.036	26160.26	64966.92	4693.95	-5.338078	1382.918	1.224917e+08	3.084351e+08	2068.327	2995.729	-6.049822	627367.9	11485.56	95.37366	4291.815	-5.338078	1382.918	95.37366	4291.815
68.14	33009.19	748233.6	2239.701	55625.92	48053.12	111.2456	27710.53	2132.028	2690.036	27862.26	62761.92	4193.95	-5.338078	2482.918	1.235426e+08	2.924078e+08	2168.327	2595.729	93.95018	593659.9	11385.56	-4.626335	3591.815	-5.338078	2482.918	-4.626335	3591.815
68.43	36414.19	550446.6	2839.701	56026.92	40440.12	611.2456	30613.53	2532.028	4491.036	28462.26	60154.92	2993.95	-5.338078	2582.918	1.205366e+08	3.444984e+08	2268.327	2795.729	-6.049822	490151.9	9684.562	-4.626335	3691.815	-5.338078	2582.918	-4.626335	3691.815
68.71	37816.19	412798.6	1239.701	51616.92	36233.12	1311.246	25107.53	2832.028	3190.036	27862.26	54942.92	3793.95	94.66192	1782.918	1.331028e+08	3.765569e+08	1868.327	2895.729	-6.049822	404540.9	10784.56	-4.626335	4791.815	94.66192	1782.918	-4.626335	4791.815
69	36313.19	341821.6	1139.701	41497.92	26621.12	-889.7544	28010.53	2132.028	4691.036	24758.26	58049.92	2793.95	-5.338078	2282.918	1.354895e+08	3.565201e+08	1968.327	2495.729	-6.049822	351750.9	7983.562	-4.626335	3591.815	-5.338078	2282.918	-4.626335	3591.815
69.29	30806.19	245677.6	2639.701	43801.92	24519.12	-889.7544	29812.53	2732.028	3090.036	21355.26	54842.92	1893.95	-5.338078	3082.918	1.349476e+08	3.885793e+08	3568.327	2395.729	93.95018	290572.9	10884.56	95.37366	3491.815	-5.338078	3082.918	95.37366	3491.815
69.57	25700.19	205305.6	3340.701	44102.92	22517.12	-1089.754	35119.53	2932.028	3991.036	24758.26	52136.92	993.9502	-5.338078	3782.918	1.365296e+08	3.805643e+08	4468.328	1895.729	93.95018	258928	12085.56	-4.626335	5592.815	-5.338078	3782.918	-4.626335	5592.815
69.86	24899.19	152718.6	3940.701	35187.92	18814.12	-188.7544	35420.53	3032.028	3090.036	25359.26	48028.92	1393.95	-5.338078	2782.918	1.304836e+08	3.444984e+08	4168.328	1495.729	-6.049822	225204	9284.562	-4.626335	4691.815	-5.338078	2782.918	-4.626335	4691.815
70.14	25300.19	123550.6	2239.701	40596.92	24819.12	-88.75439	35220.53	2732.028	2390.036	21055.26	53940.92	1493.95	-5.338078	2682.918	1.34435e+08	3.244629e+08	3668.327	1895.729	-6.049822	191726	10784.56	-4.626335	4291.815	-5.338078	2682.918	-4.626335	4291.815
70.43	27002.19	99236.64	2539.701	47909.92	34731.12	-1089.754	35720.53	2232.028	5091.036	21956.26	58751.92	693.9502	-5.338078	2782.918	1.409717e+08	3.90583e+08	2968.327	1595.729	-6.049822	184271	10284.56	-4.626335	3291.815	-5.338078	2782.918	-4.626335	3291.815
70.72	30305.19	73842.64	2039.701	67655.92	42243.12	-88.75439	34418.53	2832.028	3891.036	22156.26	66170.92	2193.95	-5.338078	3082.918	1.411917e+08	3.2847e+08	3268.327	1895.729	-6.049822	156583	10784.56	-4.626335	3291.815	-5.338078	3082.918	-4.626335	3291.815
71	36714.19	73039.64	3740.701	76882.92	102015.1	-989.7544	30012.53	1932.028	2690.036	20354.26	67272.92	1293.95	-5.338078	2282.918	1.260837e+08	3.424948e+08	3068.327	1895.729	-6.049822	127920	10284.56	-4.626335	1691.815	-5.338078	2282.918	-4.626335	1691.815
71.29	34010.19	58497.64	4640.701	78086.92	126728.1	311.2456	26208.53	3032.028	2290.036	17052.26	68375.92	1493.95	-5.338078	1482.918	1.278956e+08	3.444984e+08	2468.327	1895.729	93.95018	115962	9684.562	-4.626335	3891.815	-5.338078	1482.918	-4.626335	3891.815
71.58	40820.19	46669.64	2239.701	89224.92	181565.1	-188.7544	20802.53	2632.028	3390.036	14550.26	77602.92	1693.95	-5.338078	2482.918	1.315954e+08	3.585237e+08	2168.327	2795.729	-6.049822	106420	11685.56	-4.626335	4391.815	-5.338078	2482.918	-4.626335	4391.815
71.86	49636.19	63811.64	3140.701	114427.9	255103.1	-188.7544	19101.53	2332.028	4591.036	13950.26	93657.92	2993.95	-5.338078	2682.918	1.278518e+08	3.12442e+08	2068.327	3795.729	-6.049822	86743.95	8884.562	-4.626335	4891.815	-5.338078	2682.918	-4.626335	4891.815
72.15	54146.19	35548.64	1939.701	122063.9	276529.1	311.2456	17700.53	3332.028	4491.036	13550.26	103797.9	3293.95	-5.338078	1382.918	1.403556e+08	3.424948e+08	1868.327	4295.729	393.9502	100998	14086.56	-4.626335	5192.815	-5.338078	1382.918	-4.626335	5192.815
72.43	57954.19	58898.64	3040.701	126284.9	317613.1	611.2456	14698.53	2432.028	2890.036	12549.26	108818.9	5694.95	-5.338078	1082.918	1.334541e+08	3.485056e+08	1268.327	4395.729	193.9502	107023	12285.56	-4.626335	4591.815	-5.338078	1082.918	-4.626335	4591.815
72.72	69283.19	60703.64	2139.701	127491.9	298985.1	-1389.754	15198.53	1732.028	3090.036	9948.264	119266.9	15398.95	-5.338078	1582.918	1.376579e+08	3.745531e+08	2568.327	2795.729	493.9502	295327.9	12685.56	-4.626335	4891.815	-5.338078	1582.918	-4.626335	4891.815
73.01	67578.19	31341.64	2839.701	109304.9	255002.1	911.2456	11596.53	1932.028	3691.036	8047.263	110325.9	21202.95	-5.338078	682.9182	1.319466e+08	2.98418e+08	1368.327	4495.729	793.9502	827051.9	11785.56	-4.626335	5192.815	-5.338078	682.9182	-4.626335	5192.815
73.29	63367.19	17424.64	2639.701	89625.92	211095.1	911.2456	13697.53	2932.028	3390.036	6347.263	95263.92	37121.95	-5.338078	982.9182	1.283341e+08	3.565201e+08	1168.327	4195.729	1293.95	1194254	11685.56	-4.626335	5192.815	-5.338078	982.9182	-4.626335	5192.815
73.58	72893.19	23331.64	1539.701	70263.92	168272.1	1911.246	12796.53	3032.028	3991.036	4846.263	89944.92	37922.95	-5.338078	682.9182	1.236886e+08	3.244629e+08	968.3274	3395.729	593.9502	1423182	9684.562	-4.626335	5992.815	-5.338078	682.9182	-4.626335	5992.815
73.86	74398.19	14622.64	1439.701	64848.92	152169.1	711.2456	12296.53	2432.028	3390.036	4446.263	94862.92	28910.95	-5.338078	582.9182	1.326198e+08	3.605274e+08	2268.327	2595.729	793.9502	1547661	9884.562	-4.626335	6292.815	-5.338078	582.9182	-4.626335	6292.815
74.15	83426.19	34847.64	3940.701	74475.92	182068.1	911.2456	12596.53	1932.028	3891.036	4146.263	100484.9	23304.95	-5.338078	1082.918	1.308347e+08	3.184524e+08	1468.327	2795.729	893.9502	1231812	10184.56	95.37366	7792.815	-5.338078	1082.918	95.37366	7792.815
74.44	79814.19	58798.64	2439.701	90127.92	243892.1	611.2456	11896.53	2032.028	3891.036	4946.263	103195.9	19801.95	-5.338078	882.9182	1.308347e+08	3.424948e+08	1868.327	3995.729	593.9502	959977.9	12185.56	-4.626335	5992.815	-5.338078	882.9182	-4.626335	5992.815
74.72	72592.19	34246.64	2539.701	102877.9	264601.1	211.2456	11396.53	2632.028	2690.036	5847.263	99279.92	15998.95	-5.338078	582.9182	1.119556e+08	3.044282e+08	1268.327	4095.729	293.9502	680120.9	8083.562	-4.626335	5492.815	-5.338078	582.9182	-4.626335	5492.815
75.01	54246.19	91605.64	639.7012	77484.92	199299.1	-588.7544	6994.527	1332.028	2490.036	4246.263	67974.92	10695.95	-5.338078	482.9182	7.950815e+07	2.242975e+08	768.3274	2195.729	293.9502	527807.9	5983.562	-4.626335	2491.815	-5.338078	482.9182	-4.626335	2491.815
75.3	39819.19	8217.641	2539.701	55124.92	143921.1	-388.7544	5393.527	1032.028	2590.036	3046.263	54341.92	10595.95	-5.338078	582.9182	5.794383e+07	1.722194e+08	668.3274	1595.729	193.9502	403320.9	4182.562	-4.626335	2591.815	-5.338078	582.9182	-4.626335	2591.815
75.58	31407.19	6716.641	1139.701	38893.92	113565.1	-588.7544	5493.527	1432.028	2690.036	2846.263	44722.92	7894.95	-5.338078	582.9182	4.82538e+07	1.336388e+08	868.3274	795.7296	-6.049822	315370.9	3982.562	-4.626335	2591.815	-5.338078	582.9182	-4.626335	2591.815
75.87	20696.19	4015.641	739.7012	32684.92	79935.12	-689.7544	3193.527	832.0284	1590.036	1746.263	30801.92	5294.95	-5.338078	-17.08185	3.933148e+07	1.047182e+08	468.3274	1095.729	193.9502	278031.9	2882.562	-4.626335	891.8149	-5.338078	-17.08185	-4.626335	891.8149
76.15	18494.19	2815.641	1539.701	20771.92	64791.12	11.24561	2492.527	432.0284	790.0356	1646.263	23893.92	3893.95	-5.338078	482.9182	3.127076e+07	8.106466e+07	268.3274	695.7296	93.95018	184069	3682.562	-4.626335	1491.815	-5.338078	482.9182	-4.626335	1491.815
76.44	17493.19	16423.64	339.7012	19970.92	47051.12	11.24561	1592.527	332.0284	390.0356	1246.263	16487.92	3893.95	-5.338078	82.91815	2.200796e+07	6.511286e+07	168.3274	695.7296	-6.049822	169668	2082.562	-4.626335	1091.815	-5.338078	82.91815	-4.626335	1091.815
76.72	11190.19	1814.641	-160.2988	12765.92	39839.12	-889.7544	1292.527	-67.97156	890.0356	946.2634	16888.92	2793.95	-5.338078	-17.08185	1.966769e+07	5.364104e+07	368.3274	995.7296	93.95018	131740	1682.562	-4.626335	791.8149	-5.338078	-17.08185	-4.626335	791.8149
77.01	8989.188	2815.641	339.7012	11764.92	30526.12	-588.7544	892.5267	232.0284	590.0356	546.2634	11285.92	2893.95	-5.338078	-17.08185	1.596896e+07	4.025841e+07	168.3274	195.7295	-6.049822	116967	1582.562	-4.626335	391.8149	-5.338078	-17.08185	-4.626335	391.8149
77.29	8088.188	1414.641	-460.2988	10964.92	24019.12	-989.7544	7394.527	532.0284	590.0356	446.2633	10784.92	1293.95	94.66192	182.9182	1.360437e+07	3.340728e+07	-31.6726	595.7296	-6.049822	85840.95	1082.562	-4.626335	791.8149	94.66192	182.9182	-4.626335	791.8149
77.58	5388.188	2915.641	239.7012	7663.922	19014.12	-1389.754	-7.473267	332.0284	-209.9644	446.2633	8183.918	1793.95	-5.338078	-17.08185	1.030792e+07	3.010801e+07	-31.6726	195.7295	-6.049822	61268.95	682.5623	-4.626335	491.8149	-5.338078	-17.08185	-4.626335	491.8149
77.87	5488.188	3415.641	-1561.299	7663.922	17113.12	-88.75439	1492.527	432.0284	990.0356	346.2633	5883.918	1193.95	-5.338078	182.9182	8215632	2.672622e+07	-31.6726	95.72954	-6.049822	67785.95	782.5623	-4.626335	491.8149	-5.338078	182.9182	-4.626335	491.8149
78.15	3287.189	-585.3594	-961.2988	6562.922	13711.12	-889.7544	492.5267	532.0284	590.0356	146.2633	5483.918	1293.95	-5.338078	-17.08185	8371098	2.160972e+07	168.3274	295.7295	-6.049822	49843.95	682.5623	-4.626335	191.8149	-5.338078	-17.08185	-4.626335	191.8149
78.44	2987.189	1514.641	239.7012	5562.922	9709.117	-1289.754	592.5267	232.0284	390.0356	346.2633	4982.918	793.9502	-5.338078	-17.08185	5517284	1.775228e+07	168.3274	-4.270463	-6.049822	38322.95	1082.562	-4.626335	291.8149	-5.338078	-17.08185	-4.626335	291.8149
78.72	2387.189	114.6406	-1361.299	4762.922	9909.117	-1689.754	492.5267	332.0284	-309.9644	146.2633	4182.918	193.9502	-5.338078	-17.08185	4641824	1.642948e+07	168.3274	195.7295	-6.049822	26907.95	682.5623	-4.626335	191.8149	-5.338078	-17.08185	-4.626335	191.8149
79.01	2487.189	1114.641	-1061.299	3361.922	5508.118	-1289.754	-207.4733	432.0284	-509.9644	46.26334	4182.918	793.9502	-5.338078	-17.08185	4077126	9908019	-31.6726	95.72954	-6.049822	22803.95	482.5623	-4.626335	391.8149	-5.338078	-17.08185	-4.626335	391.8149
79.29	2387.189	1214.641	-560.2988	2961.922	7208.118	-889.7544	-207.4733	132.0284	290.0356	-53.73666	3282.918	593.9502	-5.338078	-17.08185	3413722	9028043	168.3274	195.7295	93.95018	27308.95	82.56228	-4.626335	91.81495	-5.338078	-17.08185	-4.626335	91.81495
79.58	1387.189	1414.641	-160.2988	2161.922	4007.117	111.2456	192.5267	432.0284	-9.964355	246.2633	2382.918	793.9502	-5.338078	-17.08185	3159686	8559758	68.3274	-4.270463	-6.049822	20301.95	182.5623	-4.626335	91.81495	-5.338078	-17.08185	-4.626335	91.81495
79.87	887.1886	14.64062	739.7012	1861.922	4507.118	-588.7544	-807.4733	532.0284	190.0356	446.2633	1582.918	693.9502	-5.338078	-17.08185	2581114	6871608	68.3274	95.72954	-6.049822	12596.95	282.5623	-4.626335	91.81495	-5.338078	-17.08185	-4.626335	91.81495
80.15	687.1886	-785.3594	-961.2988	1161.922	3107.117	-188.7544	592.5267	332.0284	-309.9644	46.26334	882.9182	193.9502	-5.338078	82.91815	2369466	5255142	-31.6726	-4.270463	-6.049822	14297.95	-17.43772	-4.626335	91.81495	-5.338078	82.91815	-4.626335	91.81495
80.45	1587.189	714.6406	-2461.299	2361.922	3807.117	-989.7544	-207.4733	332.0284	390.0356	246.2633	2282.918	-6.049822	-5.338078	-17.08185	1960314	5240966	-31.6726	-4.270463	-6.049822	12896.95	82.56228	-4.626335	91.81495	-5.338078	-17.08185	-4.626335	91.81495
80.73	687.1886	114.6406	-60.29883	361.9218	2307.117	-1489.754	-407.4733	432.0284	190.0356	46.26334	782.9182	393.9502	-5.338078	-17.08185	1198573	4433014	-31.6726	-4.270463	-6.049822	7794.95	82.56228	-4.626335	-8.185054	-5.338078	-17.08185	-4.626335	-8.185054
81.03	687.1886	314.6406	-60.29883	761.9218	2107.117	-2189.754	-307.4733	-267.9716	190.0356	-53.73666	682.9182	-6.049822	-5.338078	-17.08185	1678169	2930995	-31.6726	-4.270463	-6.049822	5794.95	282.5623	-4.626335	-8.185054	-5.338078	-17.08185	-4.626335	-8.185054
81.32	587.1886	1714.641	-560.2988	961.9218	1907.117	-1389.754	292.5267	-167.9716	-409.9644	46.26334	1182.918	193.9502	-5.338078	-17.08185	1057528	2619335	-31.6726	-4.270463	-6.049822	6594.95	-17.43772	95.37366	91.81495	-5.338078	-17.08185	95.37366	91.81495
81.61	387.1886	514.6406	-2061.299	961.9218	1107.117	-689.7544	92.52673	132.0284	490.0356	-53.73666	282.9182	-6.049822	94.66192	-17.08185	776033.4	2675998	68.3274	95.72954	-6.049822	6394.95	82.56228	-4.626335	-8.185054	94.66192	-17.08185	-4.626335	-8.185054
81.9	487.1886	1514.641	-1361.299	961.9218	2407.117	-1989.754	-407.4733	-167.9716	90.03564	-53.73666	682.9182	193.9502	94.66192	-17.08185	761351.4	1840306	-31.6726	-4.270463	-6.049822	3993.95	-17.43772	-4.626335	-8.185054	94.66192	-17.08185	-4.626335	-8.185054
82.19	87.18861	1214.641	-761.2988	861.9218	1307.117	-588.7544	192.5267	-67.97156	-109.9644	46.26334	682.9182	-6.049822	94.66192	-17.08185	563914.4	1684520	-31.6726	-4.270463	-6.049822	4593.95	-17.43772	-4.626335	91.81495	94.66192	-17.08185	-4.626335	91.81495
82.49	287.1886	1414.641	-1861.299	61.92175	907.1174	-989.7544	392.5267	-267.9716	-409.9644	46.26334	382.9182	193.9502	-5.338078	-17.08185	761351.4	2180225	-31.6726	-4.270463	-6.049822	2593.95	-17.43772	-4.626335	-8.185054	-5.338078	-17.08185	-4.626335	-8.185054
82.77	387.1886	1714.641	-861.2988	61.92175	1007.117	-889.7544	-407.4733	232.0284	190.0356	-53.73666	582.9182	-6.049822	-5.338078	-17.08185	343211.4	1288006	-31.6726	-4.270463	-6.049822	1693.95	-17.43772	-4.626335	191.8149	-5.338078	-17.08185	-4.626335	191.8149
83.06	87.18861	-485.3594	-60.29883	61.92175	607.1174	-2089.754	-7.473267	132.0284	90.03564	46.26334	482.9182	93.95018	94.66192	-17.08185	521658.4	1344649	68.3274	-4.270463	-6.049822	3593.95	82.56228	-4.626335	-8.185054	94.66192	-17.08185	-4.626335	-8.185054
83.35	287.1886	614.6406	-660.2988	1261.922	307.1174	-388.7544	692.5267	232.0284	190.0356	-53.73666	282.9182	-6.049822	-5.338078	-17.08185	366488.4	1018969	-31.6726	-4.270463	-6.049822	793.9502	82.56228	-4.626335	-8.185054	-5.338078	-17.08185	-4.626335	-8.185054
83.64	-12.81139	314.6406	-1061.299	461.9218	407.1174	-288.7544	-307.4733	-367.9716	290.0356	-53.73666	382.9182	-6.049822	-5.338078	182.9182	343819.4	877378.8	-31.6726	-4.270463	-6.049822	893.9502	-17.43772	-4.626335	-8.185054	-5.338078	182.9182	-4.626335	-8.185054
83.94	-12.81139	-85.35938	139.7012	961.9218	907.1174	-1489.754	-507.4733	-167.9716	-209.9644	-53.73666	282.9182	93.95018	-5.338078	-17.08185	292269.4	1188885	-31.6726	-4.270463	-6.049822	2293.95	82.56228	-4.626335	-8.185054	-5.338078	-17.08185	-4.626335	-8.185054
84.23	-12.81139	1714.641	-660.2988	-138.0782	307.1174	-288.7544	-107.4733	132.0284	90.03564	-53.73666	82.91815	-6.049822	-5.338078	-17.08185	211375.4	325229.8	68.3274	-4.270463	-6.049822	893.9502	-17.43772	-4.626335	-8.185054	-5.338078	-17.08185	-4.626335	-8.185054
84.52	87.18861	-1486.359	139.7012	961.9218	7.117439	-1189.754	92.52673	-667.9716	90.03564	46.26334	82.91815	-6.049822	-5.338078	-17.08185	141167.4	438483.8	68.3274	-4.270463	-6.049822	193.9502	-17.43772	-4.626335	-8.185054	-5.338078	-17.08185	-4.626335	-8.185054
84.81	87.18861	-385.3594	-2861.299	-238.0782	407.1174	-1189.754	-607.4733	-67.97156	-9.964355	-53.73666	-17.08185	-6.049822	-5.338078	82.91815	140872.4	296916.8	-31.6726	-4.270463	-6.049822	793.9502	-17.43772	-4.626335	-8.185054	-5.338078	82.91815	-4.626335	-8.185054
85.1	-12.81139	614.6406	-861.2988	-138.0782	207.1174	-2089.754	-807.4733	732.0284	-509.9644	46.26334	82.91815	93.95018	-5.338078	-17.08185	110915.4	282759.8	-31.6726	-4.270463	-6.049822	1593.95	-17.43772	-4.626335	-8.185054	-5.338078	-17.08185	-4.626335	-8.185054
85.39	387.1886	414.6406	-1061.299	-238.0782	207.1174	-1889.754	-7.473267	432.0284	-809.9644	-53.73666	182.9182	-6.049822	-5.338078	-17.08185	101073.4	226134.8	-31.6726	-4.270463	-6.049822	1693.95	82.56228	-4.626335	-8.185054	-5.338078	-17.08185	-4.626335	-8.185054
85.68	287.1886	-585.3594	-160.2988	-238.0782	507.1174	-1689.754	-407.4733	-267.9716	-309.9644	46.26334	182.9182	-6.049822	-5.338078	82.91815	183174.4	322211.8	-31.6726	-4.270463	-6.049822	293.9502	-17.43772	-4.626335	-8.185054	-5.338078	82.91815	-4.626335	-8.185054
85.98	187.1886	914.6406	-1361.299	-138.0782	7.117439	-388.7544	292.5267	-67.97156	90.03564	-53.73666	-17.08185	-6.049822	-5.338078	-17.08185	239577.4	480954.8	-31.6726	95.72954	-6.049822	1293.95	-17.43772	-4.626335	-8.185054	-5.338078	-17.08185	-4.626335	-8.185054
86.27	-12.81139	1014.641	-560.2988	461.9218	7.117439	-2089.754	-7.473267	-267.9716	790.0356	46.26334	-17.08185	-6.049822	-5.338078	-17.08185	56934.39	396012.8	-31.6726	-4.270463	-6.049822	93.95018	-17.43772	-4.626335	-8.185054	-5.338078	-17.08185	-4.626335	-8.185054
86.55	87.18861	-285.3594	-1861.299	1061.922	207.1174	-789.7544	-107.4733	-67.97156	-109.9644	-53.73666	182.9182	-6.049822	-5.338078	-17.08185	91737.4	204075.8	-31.6726	-4.270463	-6.049822	-6.049822	82.56228	-4.626335	-8.185054	-5.338078	-17.08185	-4.626335	-8.185054
86.85	-12.81139	114.6406	-761.2988	261.9218	7.117439	-1089.754	-607.4733	-267.9716	290.0356	-53.73666	-17.08185	-6.049822	-5.338078	-17.08185	12372.39	-356.2278	-31.6726	-4.270463	-6.049822	293.9502	-17.43772	-4.626335	-8.185054	-5.338078	-17.08185	-4.626335	-8.185054
87.13	-12.81139	-585.3594	-1261.299	161.9218	307.1174	-1389.754	-307.4733	132.0284	1090.036	-53.73666	-17.08185	93.95018	-5.338078	-17.08185	62247.39	84576.77	-31.6726	-4.270463	-6.049822	393.9502	-17.43772	-4.626335	91.81495	-5.338078	-17.08185	-4.626335	91.81495
87.42	-12.81139	1614.641	-360.2988	-138.0782	7.117439	-488.7544	292.5267	-667.9716	90.03564	46.26334	-17.08185	-6.049822	-5.338078	-17.08185	5370.395	129278.8	68.3274	-4.270463	-6.049822	-6.049822	82.56228	-4.626335	-8.185054	-5.338078	-17.08185	-4.626335	-8.185054
87.7	-12.81139	314.6406	-160.2988	461.9218	7.117439	-2689.754	-607.4733	32.02844	290.0356	246.2633	-17.08185	-6.049822	-5.338078	-17.08185	67561.4	84587.77	-31.6726	-4.270463	-6.049822	-6.049822	-17.43772	-4.626335	-8.185054	-5.338078	-17.08185	-4.626335	-8.185054
87.99	-12.81139	-85.35938	-160.2988	161.9218	107.1174	-2289.754	-607.4733	-267.9716	290.0356	-53.73666	182.9182	-6.049822	-5.338078	82.91815	107601.4	238075.8	-31.6726	-4.270463	-6.049822	-6.049822	-17.43772	-4.626335	91.81495	-5.338078	82.91815	-4.626335	91.81495
88.28	-12.81139	214.6406	-961.2988	261.9218	-92.88256	-388.7544	-607.4733	332.0284	-309.9644	-53.73666	82.91815	-6.049822	-5.338078	-17.08185	69.39502	183666.8	-31.6726	95.72954	-6.049822	1393.95	82.56228	-4.626335	-8.185054	-5.338078	-17.08185	-4.626335	-8.185054
88.57	-12.81139	914.6406	-1261.299	661.9218	-92.88256	-588.7544	292.5267	-67.97156	-9.964355	-53.73666	-17.08185	-6.049822	-5.338078	-17.08185	43106.39	42109.77	-31.6726	-4.270463	-6.049822	593.9502	-17.43772	-4.626335	-8.185054	-5.338078	-17.08185	-4.626335	-8.185054
88.86	-12.81139	1314.641	939.7012	61.92175	407.1174	-488.7544	192.5267	332.0284	-209.9644	46.26334	-17.08185	-6.049822	-5.338078	82.91815	28069.39	103860.8	-31.6726	-4.270463	-6.049822	893.9502	-17.43772	-4.626335	-8.185054	-5.338078	82.91815	-4.626335	-8.185054
89.15	-12.81139	714.6406	-260.2988	-238.0782	-92.88256	-989.7544	92.52673	532.0284	490.0356	46.26334	182.9182	-6.049822	-5.338078	-17.08185	14673.39	97333.77	68.3274	-4.270463	-6.049822	193.9502	-17.43772	-4.626335	-8.185054	-5.338078	-17.08185	-4.626335	-8.185054
89.44	87.18861	-685.3594	-660.2988	461.9218	7.117439	-989.7544	-107.4733	432.0284	590.0356	46.26334	-17.08185	-6.049822	-5.338078	-17.08185	9271.395	36971.77	-31.6726	-4.270463	-6.049822	-6.049822	-17.43772	-4.626335	-8.185054	-5.338078	-17.08185	-4.626335	-8.185054
89.72	-12.81139	-185.3594	-660.2988	-138.0782	107.1174	-989.7544	-407.4733	-367.9716	290.0356	-53.73666	-17.08185	-6.049822	-5.338078	-17.08185	72675.4	4043.772	-31.6726	-4.270463	-6.049822	93.95018	82.56228	-4.626335	-8.185054	-5.338078	-17.08185	-4.626335	-8.185054
90.01	-12.81139	114.6406	-1061.299	261.9218	-92.88256	-1289.754	192.5267	132.0284	90.03564	46.26334	-17.08185	-6.049822	-5.338078	-17.08185	8470.395	40677.77	-31.6726	95.72954	93.95018	93.95018	82.56228	-4.626335	91.81495	-5.338078	-17.08185	-4.626335	91.81495
90.29	-12.81139	314.6406	-1161.299	-38.07825	307.1174	-588.7544	-107.4733	-367.9716	790.0356	-53.73666	82.91815	93.95018	-5.338078	82.91815	31189.39	82881.77	-31.6726	-4.270463	-6.049822	-6.049822	-17.43772	-4.626335	-8.185054	-5.338078	82.91815	-4.626335	-8.185054
90.58	87.18861	14.64062	-660.2988	-238.0782	-92.88256	-1189.754	-807.4733	32.02844	-9.964355	246.2633	82.91815	-6.049822	-5.338078	-17.08185	8971.395	65730.77	-31.6726	-4.270463	-6.049822	-6.049822	-17.43772	-4.626335	-8.185054	-5.338078	-17.08185	-4.626335	-8.185054
90.86	-12.81139	1214.641	-1961.299	-338.0782	-92.88256	-2089.754	92.52673	-367.9716	-109.9644	-53.73666	-17.08185	-6.049822	-5.338078	-17.08185	12272.39	27759.77	68.3274	-4.270463	-6.049822	193.9502	-17.43772	-4.626335	-8.185054	-5.338078	-17.08185	-4.626335	-8.185054
91.15	-12.81139	-285.3594	-761.2988	-138.0782	-92.88256	-989.7544	-207.4733	32.02844	390.0356	-53.73666	-17.08185	-6.049822	-5.338078	-17.08185	169.395	14147.77	-31.6726	-4.270463	-6.049822	-6.049822	-17.43772	-4.626335	-8.185054	-5.338078	-17.08185	-4.626335	-8.185054
91.43	-12.81139	314.6406	-360.2988	-338.0782	7.117439	-488.7544	-107.4733	-367.9716	290.0356	-53.73666	-17.08185	-6.049822	-5.338078	-17.08185	39901.39	143.7722	-31.6726	95.72954	-6.049822	93.95018	-17.43772	-4.626335	-8.185054	-5.338078	-17.08185	-4.626335	-8.185054
91.72	-12.81139	1014.641	-861.2988	-238.0782	207.1174	-188.7544	192.5267	-367.9716	790.0356	-53.73666	182.9182	-6.049822	-5.338078	-17.08185	6070.395	16949.77	168.3274	-4.270463	-6.049822	-6.049822	-17.43772	-4.626335	-8.185054	-5.338078	-17.08185	-4.626335	-8.185054
92	-12.81139	714.6406	-1661.299	61.92175	7.117439	-789.7544	-207.4733	32.02844	-209.9644	-53.73666	-17.08185	-6.049822	-5.338078	-17.08185	269.395	21052.77	-31.6726	-4.270463	-6.049822	93.95018	82.56228	-4.626335	-8.185054	-5.338078	-17.08185	-4.626335	-8.185054
