ElapsedTime_s	Ti49_CPS	Al27_CPS	S33_CPS	Sc45_CPS	V51_CPS	Mn55_CPS	Fe57_CPS	Co59_CPS	Ni60_CPS	Ga71_CPS	Zr90_CPS	Nb93_CPS	Mo97_CPS	In113_CPS	Sn119_CPS	Sn118_CPS	Sb121_CPS	Hf177_CPS	Ta181_CPS	W183_CPS	Pb206_CPS	Th232_CPS	U238_CPS	Tc97_CPS	Cd113_CPS	U232_CPS	Pu238_CPS
0	-12.81139	414.6406	-1061.299	-38.07825	-92.88256	-88.75439	-307.4733	32.02844	-109.9644	-53.73666	-17.08185	-6.049822	-5.338078	-17.08185	12572.39	-156.2278	-31.6726	-4.270463	-6.049822	-6.049822	-17.43772	-4.626335	91.81495	-5.338078	-17.08185	-4.626335	91.81495
																											
37.15	-12.81139	114.6406	239.7012	61.92175	107.1174	-689.7544	-607.4733	-67.97156	-209.9644	-53.73666	-17.08185	-6.049822	-5.338078	-17.08185	-30.60498	43.77225	68.3274	-4.270463	-6.049822	-6.049822	-17.43772	-4.626335	-8.185054	-5.338078	-17.08185	-4.626335	-8.185054
37.44	-12.81139	614.6406	-460.2988	261.9218	7.117439	-488.7544	-107.4733	32.02844	-209.9644	-53.73666	82.91815	-6.049822	-5.338078	-17.08185	169.395	-156.2278	-31.6726	-4.270463	-6.049822	-6.049822	-17.43772	-4.626335	-8.185054	-5.338078	-17.08185	-4.626335	-8.185054
37.72	187.1886	-385.3594	-861.2988	-38.07825	-92.88256	-1289.754	-207.4733	232.0284	90.03564	46.26334	-17.08185	-6.049822	-5.338078	-17.08185	-130.605	-156.2278	68.3274	-4.270463	-6.049822	-6.049822	-17.43772	-4.626335	-8.185054	-5.338078	-17.08185	-4.626335	-8.185054
38.01	87.18861	1314.641	-560.2988	361.9218	7.117439	-889.7544	192.5267	32.02844	1190.036	46.26334	-17.08185	-6.049822	-5.338078	-17.08185	-30.60498	-156.2278	68.3274	-4.270463	-6.049822	-6.049822	-17.43772	-4.626335	-8.185054	-5.338078	-17.08185	-4.626335	-8.185054
38.29	87.18861	-685.3594	-560.2988	-238.0782	7.117439	-1789.754	392.5267	232.0284	-9.964355	-53.73666	-17.08185	-6.049822	-5.338078	-17.08185	69.39502	143.7722	-31.6726	-4.270463	-6.049822	-6.049822	82.56228	-4.626335	-8.185054	-5.338078	-17.08185	-4.626335	-8.185054
38.58	-12.81139	114.6406	-260.2988	-338.0782	7.117439	-789.7544	-307.4733	-67.97156	-109.9644	46.26334	-17.08185	-6.049822	-5.338078	-17.08185	69.39502	-56.22775	-31.6726	-4.270463	-6.049822	-6.049822	82.56228	-4.626335	-8.185054	-5.338078	-17.08185	-4.626335	-8.185054
38.87	-12.81139	814.6406	-761.2988	61.92175	-92.88256	-288.7544	-907.4733	32.02844	490.0356	46.26334	-17.08185	-6.049822	-5.338078	-17.08185	-130.605	-156.2278	-31.6726	-4.270463	-6.049822	-6.049822	-17.43772	-4.626335	-8.185054	-5.338078	-17.08185	-4.626335	-8.185054
39.15	-12.81139	-85.35938	-560.2988	861.9218	107.1174	311.2456	-7.473267	-267.9716	-9.964355	-53.73666	-17.08185	-6.049822	-5.338078	-17.08185	69.39502	243.7722	-31.6726	-4.270463	-6.049822	-6.049822	82.56228	-4.626335	-8.185054	-5.338078	-17.08185	-4.626335	-8.185054
39.44	-12.81139	-85.35938	539.7012	-138.0782	-92.88256	-1189.754	92.52673	-267.9716	90.03564	-53.73666	-17.08185	-6.049822	-5.338078	-17.08185	69.39502	143.7722	-31.6726	-4.270463	-6.049822	-6.049822	82.56228	-4.626335	-8.185054	-5.338078	-17.08185	-4.626335	-8.185054
39.72	-12.81139	-385.3594	-560.2988	-238.0782	7.117439	-88.75439	-7.473267	332.0284	-109.9644	-53.73666	-17.08185	-6.049822	-5.338078	-17.08185	-130.605	-256.2278	-31.6726	-4.270463	-6.049822	-6.049822	-17.43772	95.37366	-8.185054	-5.338078	-17.08185	95.37366	-8.185054
40	-12.81139	-385.3594	-1561.299	-338.0782	7.117439	-689.7544	-107.4733	332.0284	90.03564	-53.73666	-17.08185	-6.049822	-5.338078	-17.08185	-30.60498	-356.2278	68.3274	-4.270463	-6.049822	-6.049822	82.56228	-4.626335	-8.185054	-5.338078	-17.08185	-4.626335	-8.185054
40.29	-12.81139	414.6406	39.70117	561.9218	7.117439	-188.7544	-807.4733	-167.9716	-209.9644	46.26334	82.91815	-6.049822	-5.338078	-17.08185	269.395	-56.22775	-31.6726	-4.270463	-6.049822	-6.049822	-17.43772	-4.626335	-8.185054	-5.338078	-17.08185	-4.626335	-8.185054
40.57	-12.81139	2114.641	-160.2988	261.9218	207.1174	-889.7544	-107.4733	-367.9716	-309.9644	146.2633	-17.08185	-6.049822	94.66192	-17.08185	169.395	143.7722	-31.6726	-4.270463	-6.049822	-6.049822	-17.43772	-4.626335	-8.185054	94.66192	-17.08185	-4.626335	-8.185054
40.86	-12.81139	414.6406	-60.29883	-638.0782	-92.88256	-1389.754	-307.4733	-67.97156	90.03564	-53.73666	82.91815	-6.049822	-5.338078	-17.08185	-30.60498	-156.2278	-31.6726	-4.270463	-6.049822	-6.049822	-17.43772	-4.626335	-8.185054	-5.338078	-17.08185	-4.626335	-8.185054
41.15	87.18861	114.6406	-1161.299	261.9218	-92.88256	-1889.754	192.5267	32.02844	390.0356	46.26334	-17.08185	-6.049822	-5.338078	-17.08185	-130.605	43.77225	-31.6726	-4.270463	-6.049822	-6.049822	82.56228	-4.626335	-8.185054	-5.338078	-17.08185	-4.626335	-8.185054
41.43	-12.81139	714.6406	139.7012	-238.0782	-92.88256	-1489.754	-107.4733	232.0284	-609.9644	46.26334	-17.08185	-6.049822	-5.338078	-17.08185	-30.60498	-256.2278	-31.6726	-4.270463	-6.049822	-6.049822	-17.43772	-4.626335	-8.185054	-5.338078	-17.08185	-4.626335	-8.185054
41.71	-12.81139	714.6406	-761.2988	61.92175	7.117439	-1689.754	-107.4733	432.0284	-909.9644	-53.73666	-17.08185	-6.049822	-5.338078	-17.08185	-30.60498	243.7722	-31.6726	-4.270463	-6.049822	-6.049822	-17.43772	-4.626335	-8.185054	-5.338078	-17.08185	-4.626335	-8.185054
42	187.1886	514.6406	-761.2988	761.9218	-92.88256	-588.7544	792.5267	-467.9716	390.0356	46.26334	-17.08185	-6.049822	94.66192	-17.08185	-30.60498	-56.22775	-31.6726	-4.270463	-6.049822	-6.049822	-17.43772	-4.626335	-8.185054	94.66192	-17.08185	-4.626335	-8.185054
42.28	-12.81139	14.64062	-660.2988	-138.0782	-92.88256	-1989.754	492.5267	-167.9716	190.0356	46.26334	-17.08185	-6.049822	-5.338078	-17.08185	69.39502	143.7722	68.3274	-4.270463	-6.049822	-6.049822	82.56228	95.37366	-8.185054	-5.338078	-17.08185	95.37366	-8.185054
42.57	-12.81139	1114.641	-460.2988	-438.0782	-92.88256	-889.7544	-7.473267	-167.9716	90.03564	-53.73666	-17.08185	93.95018	-5.338078	-17.08185	-130.605	143.7722	-31.6726	-4.270463	-6.049822	-6.049822	-17.43772	-4.626335	-8.185054	-5.338078	-17.08185	-4.626335	-8.185054
42.86	-12.81139	114.6406	-160.2988	-338.0782	7.117439	-1289.754	292.5267	232.0284	-309.9644	46.26334	-17.08185	-6.049822	-5.338078	-17.08185	-30.60498	143.7722	68.3274	-4.270463	-6.049822	-6.049822	-17.43772	-4.626335	-8.185054	-5.338078	-17.08185	-4.626335	-8.185054
43.14	-12.81139	914.6406	439.7012	161.9218	7.117439	-689.7544	392.5267	332.0284	-209.9644	-53.73666	-17.08185	-6.049822	-5.338078	-17.08185	69.39502	-256.2278	-31.6726	-4.270463	-6.049822	-6.049822	82.56228	-4.626335	-8.185054	-5.338078	-17.08185	-4.626335	-8.185054
43.43	-12.81139	414.6406	139.7012	761.9218	107.1174	-388.7544	-407.4733	32.02844	-209.9644	146.2633	-17.08185	-6.049822	-5.338078	-17.08185	-130.605	-56.22775	-31.6726	-4.270463	-6.049822	-6.049822	-17.43772	-4.626335	-8.185054	-5.338078	-17.08185	-4.626335	-8.185054
43.71	187.1886	-185.3594	439.7012	561.9218	-92.88256	-889.7544	-807.4733	232.0284	-9.964355	-53.73666	-17.08185	-6.049822	-5.338078	-17.08185	69.39502	-56.22775	-31.6726	-4.270463	-6.049822	-6.049822	-17.43772	-4.626335	-8.185054	-5.338078	-17.08185	-4.626335	-8.185054
44	-12.81139	-785.3594	-260.2988	-138.0782	-92.88256	-689.7544	-307.4733	-267.9716	690.0356	146.2633	-17.08185	-6.049822	-5.338078	-17.08185	-30.60498	-56.22775	-31.6726	-4.270463	-6.049822	-6.049822	-17.43772	-4.626335	-8.185054	-5.338078	-17.08185	-4.626335	-8.185054
44.28	87.18861	1214.641	639.7012	361.9218	-92.88256	-989.7544	-7.473267	132.0284	390.0356	-53.73666	-17.08185	-6.049822	-5.338078	-17.08185	369.395	-256.2278	68.3274	-4.270463	-6.049822	-6.049822	-17.43772	-4.626335	-8.185054	-5.338078	-17.08185	-4.626335	-8.185054
44.57	-12.81139	114.6406	439.7012	61.92175	-92.88256	-2289.754	-7.473267	332.0284	290.0356	-53.73666	-17.08185	-6.049822	-5.338078	-17.08185	69.39502	-156.2278	-31.6726	-4.270463	93.95018	-6.049822	82.56228	-4.626335	-8.185054	-5.338078	-17.08185	-4.626335	-8.185054
44.85	87.18861	1214.641	1039.701	361.9218	-92.88256	-88.75439	-207.4733	-167.9716	490.0356	46.26334	-17.08185	-6.049822	-5.338078	-17.08185	69.39502	-156.2278	-31.6726	-4.270463	-6.049822	-6.049822	82.56228	95.37366	-8.185054	-5.338078	-17.08185	95.37366	-8.185054
45.14	-12.81139	-285.3594	-660.2988	-338.0782	-92.88256	611.2456	392.5267	32.02844	-909.9644	-53.73666	-17.08185	-6.049822	-5.338078	-17.08185	69.39502	-156.2278	68.3274	-4.270463	-6.049822	-6.049822	82.56228	-4.626335	-8.185054	-5.338078	-17.08185	-4.626335	-8.185054
45.42	-12.81139	-85.35938	-260.2988	261.9218	207.1174	-88.75439	-107.4733	-567.9716	790.0356	-53.73666	-17.08185	-6.049822	-5.338078	-17.08185	69.39502	343.7722	-31.6726	-4.270463	-6.049822	-6.049822	-17.43772	-4.626335	-8.185054	-5.338078	-17.08185	-4.626335	-8.185054
45.71	-12.81139	914.6406	1039.701	-438.0782	-92.88256	-188.7544	-407.4733	32.02844	-209.9644	-53.73666	-17.08185	-6.049822	-5.338078	-17.08185	-130.605	43.77225	-31.6726	-4.270463	-6.049822	-6.049822	-17.43772	-4.626335	-8.185054	-5.338078	-17.08185	-4.626335	-8.185054
45.99	-12.81139	14.64062	-1461.299	-638.0782	-92.88256	-2289.754	-407.4733	-367.9716	-109.9644	46.26334	-17.08185	-6.049822	-5.338078	-17.08185	-30.60498	343.7722	-31.6726	-4.270463	-6.049822	-6.049822	-17.43772	-4.626335	-8.185054	-5.338078	-17.08185	-4.626335	-8.185054
46.28	87.18861	-885.3594	-1761.299	161.9218	7.117439	-88.75439	192.5267	332.0284	-109.9644	46.26334	-17.08185	-6.049822	-5.338078	-17.08185	-130.605	43.77225	-31.6726	-4.270463	-6.049822	-6.049822	-17.43772	-4.626335	-8.185054	-5.338078	-17.08185	-4.626335	-8.185054
46.56	87.18861	814.6406	-260.2988	-138.0782	7.117439	-989.7544	92.52673	-67.97156	-109.9644	-53.73666	482.9182	-6.049822	-5.338078	-17.08185	169.395	43.77225	-31.6726	-4.270463	-6.049822	-6.049822	-17.43772	-4.626335	-8.185054	-5.338078	-17.08185	-4.626335	-8.185054
46.85	-12.81139	-585.3594	-1061.299	-338.0782	-92.88256	-1589.754	992.5267	632.0284	190.0356	46.26334	-17.08185	-6.049822	-5.338078	-17.08185	-130.605	-56.22775	-31.6726	-4.270463	-6.049822	-6.049822	-17.43772	95.37366	-8.185054	-5.338078	-17.08185	95.37366	-8.185054
47.13	87.18861	214.6406	-60.29883	161.9218	7.117439	-1989.754	192.5267	-67.97156	-609.9644	-53.73666	82.91815	-6.049822	-5.338078	-17.08185	-130.605	-156.2278	-31.6726	-4.270463	-6.049822	-6.049822	-17.43772	-4.626335	-8.185054	-5.338078	-17.08185	-4.626335	-8.185054
47.42	-12.81139	-485.3594	-1261.299	-38.07825	-92.88256	-689.7544	-607.4733	232.0284	390.0356	-53.73666	-17.08185	-6.049822	-5.338078	82.91815	-30.60498	-156.2278	-31.6726	-4.270463	-6.049822	-6.049822	-17.43772	-4.626335	-8.185054	-5.338078	82.91815	-4.626335	-8.185054
47.71	-12.81139	-885.3594	-861.2988	-38.07825	7.117439	-2189.754	292.5267	232.0284	-9.964355	-53.73666	-17.08185	-6.049822	-5.338078	-17.08185	69.39502	-356.2278	-31.6726	-4.270463	-6.049822	-6.049822	-17.43772	-4.626335	-8.185054	-5.338078	-17.08185	-4.626335	-8.185054
48	-12.81139	-285.3594	1639.701	-438.0782	-92.88256	-2089.754	-307.4733	32.02844	-609.9644	46.26334	-17.08185	-6.049822	-5.338078	-17.08185	-30.60498	243.7722	-31.6726	-4.270463	-6.049822	-6.049822	-17.43772	95.37366	-8.185054	-5.338078	-17.08185	95.37366	-8.185054
48.28	-12.81139	1514.641	-1061.299	161.9218	7.117439	-889.7544	-907.4733	132.0284	590.0356	46.26334	-17.08185	-6.049822	-5.338078	-17.08185	69.39502	43.77225	-31.6726	-4.270463	-6.049822	-6.049822	-17.43772	-4.626335	-8.185054	-5.338078	-17.08185	-4.626335	-8.185054
48.57	-12.81139	714.6406	-360.2988	261.9218	-92.88256	-989.7544	-7.473267	-267.9716	-309.9644	-53.73666	-17.08185	-6.049822	-5.338078	-17.08185	369.395	-156.2278	-31.6726	-4.270463	-6.049822	-6.049822	-17.43772	-4.626335	-8.185054	-5.338078	-17.08185	-4.626335	-8.185054
48.85	-12.81139	-85.35938	1039.701	61.92175	-92.88256	11.24561	292.5267	32.02844	190.0356	46.26334	-17.08185	-6.049822	-5.338078	-17.08185	-130.605	43.77225	-31.6726	-4.270463	-6.049822	-6.049822	-17.43772	-4.626335	-8.185054	-5.338078	-17.08185	-4.626335	-8.185054
49.14	-12.81139	-185.3594	-1561.299	-38.07825	107.1174	-1189.754	-1007.473	632.0284	490.0356	46.26334	-17.08185	-6.049822	-5.338078	-17.08185	-130.605	243.7722	-31.6726	-4.270463	-6.049822	-6.049822	-17.43772	-4.626335	-8.185054	-5.338078	-17.08185	-4.626335	-8.185054
49.42	-12.81139	914.6406	39.70117	-38.07825	7.117439	-789.7544	392.5267	32.02844	590.0356	46.26334	-17.08185	-6.049822	-5.338078	-17.08185	-130.605	43.77225	-31.6726	-4.270463	-6.049822	-6.049822	-17.43772	-4.626335	-8.185054	-5.338078	-17.08185	-4.626335	-8.185054
49.71	87.18861	114.6406	-160.2988	761.9218	7.117439	-889.7544	-7.473267	-67.97156	890.0356	246.2633	-17.08185	-6.049822	-5.338078	-17.08185	69.39502	43.77225	-31.6726	-4.270463	-6.049822	-6.049822	-17.43772	-4.626335	-8.185054	-5.338078	-17.08185	-4.626335	-8.185054
49.99	-12.81139	614.6406	239.7012	61.92175	7.117439	-889.7544	-907.4733	-67.97156	-9.964355	46.26334	-17.08185	-6.049822	-5.338078	-17.08185	-30.60498	-56.22775	-31.6726	-4.270463	-6.049822	-6.049822	-17.43772	-4.626335	-8.185054	-5.338078	-17.08185	-4.626335	-8.185054
50.28	-12.81139	814.6406	-1961.299	461.9218	107.1174	-1589.754	-107.4733	-367.9716	-309.9644	146.2633	-17.08185	-6.049822	-5.338078	-17.08185	-30.60498	443.7722	-31.6726	-4.270463	-6.049822	-6.049822	-17.43772	-4.626335	-8.185054	-5.338078	-17.08185	-4.626335	-8.185054
50.56	-12.81139	-385.3594	939.7012	-138.0782	-92.88256	-1189.754	-707.4733	-67.97156	390.0356	-53.73666	-17.08185	-6.049822	-5.338078	-17.08185	-130.605	-156.2278	-31.6726	-4.270463	-6.049822	-6.049822	-17.43772	-4.626335	-8.185054	-5.338078	-17.08185	-4.626335	-8.185054
50.85	-12.81139	-1586.359	-660.2988	-438.0782	7.117439	-1689.754	592.5267	-167.9716	-109.9644	-53.73666	82.91815	-6.049822	-5.338078	-17.08185	169.395	-56.22775	-31.6726	95.72954	-6.049822	-6.049822	-17.43772	-4.626335	-8.185054	-5.338078	-17.08185	-4.626335	-8.185054
51.13	-12.81139	214.6406	-761.2988	161.9218	207.1174	-388.7544	-307.4733	32.02844	-209.9644	46.26334	-17.08185	-6.049822	94.66192	-17.08185	-30.60498	243.7722	-31.6726	-4.270463	-6.049822	93.95018	-17.43772	-4.626335	-8.185054	94.66192	-17.08185	-4.626335	-8.185054
51.42	-12.81139	1014.641	-560.2988	-438.0782	-92.88256	-889.7544	-1007.473	332.0284	190.0356	46.26334	-17.08185	-6.049822	-5.338078	-17.08185	-130.605	343.7722	-31.6726	95.72954	-6.049822	-6.049822	-17.43772	-4.626335	-8.185054	-5.338078	-17.08185	-4.626335	-8.185054
51.7	-12.81139	-185.3594	-360.2988	-138.0782	-92.88256	-1189.754	-107.4733	632.0284	-309.9644	-53.73666	-17.08185	-6.049822	94.66192	-17.08185	-130.605	143.7722	-31.6726	-4.270463	-6.049822	-6.049822	-17.43772	-4.626335	-8.185054	94.66192	-17.08185	-4.626335	-8.185054
51.98	-12.81139	614.6406	-1161.299	561.9218	7.117439	311.2456	-207.4733	332.0284	-409.9644	46.26334	-17.08185	-6.049822	-5.338078	-17.08185	-130.605	343.7722	-31.6726	-4.270463	-6.049822	-6.049822	-17.43772	-4.626335	-8.185054	-5.338078	-17.08185	-4.626335	-8.185054
52.27	-12.81139	614.6406	-60.29883	461.9218	-92.88256	-689.7544	192.5267	632.0284	-309.9644	-53.73666	82.91815	-6.049822	-5.338078	-17.08185	6870.395	343.7722	-31.6726	-4.270463	-6.049822	-6.049822	-17.43772	-4.626335	-8.185054	-5.338078	-17.08185	-4.626335	-8.185054
52.56	-12.81139	2114.641	-1461.299	461.9218	7.117439	-889.7544	-907.4733	32.02844	-409.9644	-53.73666	-17.08185	-6.049822	-5.338078	-17.08185	69.39502	-256.2278	68.3274	-4.270463	-6.049822	-6.049822	-17.43772	-4.626335	-8.185054	-5.338078	-17.08185	-4.626335	-8.185054
52.84	-12.81139	114.6406	239.7012	-238.0782	-92.88256	-989.7544	92.52673	232.0284	-209.9644	-53.73666	-17.08185	-6.049822	-5.338078	-17.08185	-30.60498	-156.2278	-31.6726	-4.270463	-6.049822	-6.049822	-17.43772	-4.626335	-8.185054	-5.338078	-17.08185	-4.626335	-8.185054
53.12	-12.81139	-585.3594	-660.2988	361.9218	7.117439	-789.7544	492.5267	132.0284	-209.9644	-53.73666	-17.08185	-6.049822	-5.338078	-17.08185	-130.605	43.77225	-31.6726	-4.270463	-6.049822	-6.049822	-17.43772	-4.626335	91.81495	-5.338078	-17.08185	-4.626335	91.81495
53.41	-12.81139	14.64062	-861.2988	-138.0782	207.1174	-1289.754	392.5267	-167.9716	-309.9644	-53.73666	-17.08185	-6.049822	-5.338078	-17.08185	69.39502	-356.2278	-31.6726	-4.270463	-6.049822	-6.049822	-17.43772	-4.626335	-8.185054	-5.338078	-17.08185	-4.626335	-8.185054
53.7	-12.81139	-785.3594	-60.29883	161.9218	-92.88256	-789.7544	-7.473267	32.02844	-209.9644	-53.73666	-17.08185	-6.049822	-5.338078	-17.08185	-30.60498	-56.22775	-31.6726	-4.270463	-6.049822	93.95018	182.5623	-4.626335	-8.185054	-5.338078	-17.08185	-4.626335	-8.185054
53.98	-12.81139	-185.3594	-1261.299	-138.0782	7.117439	-689.7544	-707.4733	-367.9716	190.0356	46.26334	-17.08185	-6.049822	-5.338078	-17.08185	-30.60498	43.77225	-31.6726	-4.270463	93.95018	-6.049822	-17.43772	-4.626335	-8.185054	-5.338078	-17.08185	-4.626335	-8.185054
54.27	-12.81139	-185.3594	-660.2988	361.9218	-92.88256	311.2456	-307.4733	-167.9716	490.0356	46.26334	-17.08185	-6.049822	-5.338078	-17.08185	169.395	-56.22775	-31.6726	-4.270463	-6.049822	-6.049822	-17.43772	-4.626335	-8.185054	-5.338078	-17.08185	-4.626335	-8.185054
54.55	87.18861	1414.641	-1261.299	-38.07825	7.117439	611.2456	92.52673	132.0284	890.0356	-53.73666	-17.08185	-6.049822	-5.338078	-17.08185	69.39502	-256.2278	-31.6726	-4.270463	-6.049822	-6.049822	-17.43772	-4.626335	-8.185054	-5.338078	-17.08185	-4.626335	-8.185054
54.84	-12.81139	1314.641	39.70117	-138.0782	107.1174	-689.7544	-507.4733	-67.97156	-209.9644	-53.73666	-17.08185	-6.049822	-5.338078	-17.08185	69.39502	-356.2278	-31.6726	-4.270463	-6.049822	-6.049822	-17.43772	-4.626335	-8.185054	-5.338078	-17.08185	-4.626335	-8.185054
55.12	87.18861	14.64062	-660.2988	161.9218	207.1174	-2089.754	392.5267	-267.9716	390.0356	-53.73666	-17.08185	-6.049822	-5.338078	-17.08185	-130.605	43.77225	-31.6726	-4.270463	-6.049822	-6.049822	82.56228	-4.626335	-8.185054	-5.338078	-17.08185	-4.626335	-8.185054
55.4	-12.81139	814.6406	-761.2988	-138.0782	107.1174	-889.7544	-207.4733	-267.9716	-9.964355	46.26334	-17.08185	-6.049822	-5.338078	-17.08185	-130.605	43.77225	-31.6726	-4.270463	-6.049822	-6.049822	-17.43772	-4.626335	-8.185054	-5.338078	-17.08185	-4.626335	-8.185054
55.69	-12.81139	-785.3594	339.7012	-238.0782	-92.88256	-789.7544	-1007.473	-167.9716	690.0356	-53.73666	-17.08185	93.95018	-5.338078	-17.08185	-130.605	343.7722	68.3274	-4.270463	-6.049822	-6.049822	82.56228	-4.626335	-8.185054	-5.338078	-17.08185	-4.626335	-8.185054
55.97	187.1886	614.6406	-861.2988	561.9218	-92.88256	-1189.754	-407.4733	32.02844	90.03564	146.2633	-17.08185	-6.049822	-5.338078	-17.08185	-30.60498	-56.22775	-31.6726	-4.270463	-6.049822	-6.049822	-17.43772	-4.626335	-8.185054	-5.338078	-17.08185	-4.626335	-8.185054
56.26	-12.81139	214.6406	-1061.299	-138.0782	7.117439	211.2456	-307.4733	-167.9716	290.0356	46.26334	-17.08185	-6.049822	-5.338078	-17.08185	-130.605	-256.2278	-31.6726	-4.270463	-6.049822	-6.049822	82.56228	-4.626335	-8.185054	-5.338078	-17.08185	-4.626335	-8.185054
56.54	-12.81139	-485.3594	-1161.299	-38.07825	7.117439	311.2456	-7.473267	-267.9716	-109.9644	46.26334	-17.08185	-6.049822	-5.338078	-17.08185	-30.60498	-56.22775	-31.6726	-4.270463	-6.049822	-6.049822	-17.43772	-4.626335	-8.185054	-5.338078	-17.08185	-4.626335	-8.185054
56.83	-12.81139	1714.641	1339.701	-138.0782	-92.88256	211.2456	-107.4733	-67.97156	-109.9644	-53.73666	82.91815	-6.049822	-5.338078	-17.08185	-30.60498	-56.22775	-31.6726	-4.270463	-6.049822	-6.049822	-17.43772	-4.626335	-8.185054	-5.338078	-17.08185	-4.626335	-8.185054
57.11	-12.81139	514.6406	-861.2988	261.9218	7.117439	-588.7544	-307.4733	-67.97156	490.0356	46.26334	-17.08185	-6.049822	-5.338078	-17.08185	-30.60498	143.7722	-31.6726	-4.270463	-6.049822	-6.049822	-17.43772	-4.626335	-8.185054	-5.338078	-17.08185	-4.626335	-8.185054
57.4	87.18861	1914.641	2039.701	161.9218	7.117439	1311.246	92.52673	-467.9716	390.0356	46.26334	-17.08185	-6.049822	-5.338078	-17.08185	269.395	-256.2278	68.3274	-4.270463	-6.049822	-6.049822	82.56228	-4.626335	-8.185054	-5.338078	-17.08185	-4.626335	-8.185054
57.69	-12.81139	1114.641	-1061.299	61.92175	7.117439	-1589.754	292.5267	-67.97156	-9.964355	46.26334	-17.08185	-6.049822	-5.338078	-17.08185	-30.60498	343.7722	-31.6726	-4.270463	-6.049822	-6.049822	82.56228	-4.626335	91.81495	-5.338078	-17.08185	-4.626335	91.81495
57.97	-12.81139	104157.6	239.7012	2461.922	7.117439	-188.7544	16599.53	-367.9716	190.0356	546.2634	2482.918	93.95018	-5.338078	82.91815	4514760	1.213732e+07	68.3274	-4.270463	293.9502	13697.95	4582.562	-4.626335	91.81495	-5.338078	82.91815	-4.626335	91.81495
58.26	-12.81139	647247.6	-861.2988	17268.92	207.1174	10315.25	82133.52	-267.9716	790.0356	5947.263	8984.918	193.9502	-5.338078	682.9182	2.540056e+07	7.104312e+07	1168.327	295.7295	293.9502	39725.95	9684.562	-4.626335	391.8149	-5.338078	682.9182	-4.626335	391.8149
58.54	187.1886	1415216	1639.701	74776.92	107.1174	19222.25	208272.5	332.0284	1890.036	10148.26	28999.92	393.9502	-5.338078	1382.918	5.421927e+07	1.62205e+08	2068.327	795.7296	293.9502	68888.95	9284.562	-4.626335	1791.815	-5.338078	1382.918	-4.626335	1791.815
58.83	187.1886	2133867	939.7012	119350.9	407.1174	28333.25	252783.5	632.0284	2290.036	15551.26	35908.92	393.9502	-5.338078	1882.918	6.744478e+07	1.722194e+08	2168.327	1695.729	-6.049822	84435.95	6983.562	195.3737	2591.815	-5.338078	1882.918	195.3737	2591.815
59.11	87.18861	2540565	139.7012	172461.9	807.1174	33441.25	270468.5	1532.028	990.0356	12049.26	44421.92	893.9502	-5.338078	2182.918	8.133994e+07	2.603547e+08	1668.327	1895.729	193.9502	99390.95	5683.562	-4.626335	2491.815	-5.338078	2182.918	-4.626335	2491.815
59.4	1387.189	2863162	2539.701	188577.9	1707.117	35344.25	270872.5	1932.028	2090.036	12449.26	43520.92	1093.95	-5.338078	2482.918	8.45009e+07	2.303068e+08	2168.327	1195.729	593.9502	106822	4382.562	-4.626335	2291.815	-5.338078	2482.918	-4.626335	2291.815
59.69	3187.189	3002055	2539.701	201478.9	4207.118	48168.25	328258.5	1832.028	2590.036	11048.26	47026.92	2893.95	-5.338078	3082.918	9.872374e+07	2.403226e+08	2668.327	895.7296	993.9502	142700	5683.562	95.37366	3191.815	-5.338078	3082.918	95.37366	3191.815
59.97	2687.189	3198235	4240.701	166420.9	7808.118	48669.25	325016.5	2232.028	2590.036	10848.26	48629.92	2493.95	-5.338078	1682.918	9.206104e+07	2.3231e+08	2368.327	1795.729	893.9502	152457	4482.562	-4.626335	2391.815	-5.338078	1682.918	-4.626335	2391.815
60.26	6488.188	3027919	2940.701	143477.9	9809.117	43759.25	349038.5	1032.028	1790.036	8547.264	48329.92	3293.95	-5.338078	1882.918	9.495634e+07	2.403226e+08	1768.327	1995.729	493.9502	178932	5883.562	95.37366	2591.815	-5.338078	1882.918	95.37366	2591.815
60.54	6188.188	2768518	2539.701	116838.9	16212.12	46264.25	341231.5	2132.028	3691.036	7047.263	47227.92	4893.95	-5.338078	1882.918	9.992726e+07	2.62358e+08	1568.327	1995.729	293.9502	191626	7883.562	-4.626335	2391.815	-5.338078	1882.918	-4.626335	2391.815
60.83	8388.188	2745356	3240.701	95246.92	19715.12	50072.25	317216.5	3432.028	3190.036	7647.263	55043.92	3393.95	-5.338078	1682.918	1.148379e+08	2.863977e+08	2368.327	3395.729	793.9502	170675	7383.562	95.37366	1791.815	-5.338078	1682.918	95.37366	1791.815
61.12	10989.19	2310630	2039.701	80795.92	23318.12	41354.25	281085.5	3232.028	4391.036	6647.263	54141.92	2893.95	-5.338078	782.9182	1.139205e+08	3.364841e+08	1968.327	2795.729	493.9502	143706	9084.562	-4.626335	1391.815	-5.338078	782.9182	-4.626335	1391.815
61.4	7688.188	1801180	4540.701	63845.92	28724.12	34542.25	206154.5	2232.028	2890.036	6747.263	49731.92	2993.95	-5.338078	1182.918	1.203324e+08	3.344805e+08	1868.327	2695.729	193.9502	116766	7383.562	-4.626335	891.8149	-5.338078	1182.918	-4.626335	891.8149
61.69	11190.19	1434261	3640.701	51616.92	36934.12	26230.25	177232.5	2832.028	4091.036	6347.263	47728.92	2893.95	94.66192	882.9182	1.28261e+08	3.62531e+08	968.3274	2995.729	193.9502	90757.95	12085.56	195.3737	1591.815	94.66192	882.9182	195.3737	1591.815
61.97	12490.19	1255266	5140.701	50815.92	38036.12	22626.25	145022.5	2732.028	4191.036	6147.263	44922.92	1593.95	-5.338078	182.9182	1.292698e+08	3.184524e+08	1168.327	2995.729	193.9502	66682.95	11485.56	95.37366	991.8149	-5.338078	182.9182	95.37366	991.8149
62.26	7588.188	982907.6	2039.701	56026.92	29925.12	19423.25	120591.5	1232.028	4691.036	10548.26	40214.92	1693.95	-5.338078	1182.918	1.282026e+08	3.104385e+08	1568.327	1695.729	193.9502	55555.95	9384.562	-4.626335	1391.815	-5.338078	1182.918	-4.626335	1391.815
62.55	6688.188	932415.6	2940.701	72770.92	23718.12	11616.25	109741.5	2732.028	3891.036	13750.26	50433.92	793.9502	94.66192	2282.918	1.352405e+08	4.226444e+08	1768.327	1695.729	-6.049822	43932.95	9684.562	-4.626335	2791.815	94.66192	2282.918	-4.626335	2791.815
62.83	4487.188	763487.6	1839.701	99262.92	18814.12	10815.25	102208.5	2332.028	4391.036	19454.26	50333.92	693.9502	-5.338078	1482.918	1.40737e+08	3.485056e+08	2568.327	1595.729	293.9502	41928.95	10484.56	-4.626335	2891.815	-5.338078	1482.918	-4.626335	2891.815
63.12	4087.189	659669.6	139.7012	106592.9	15112.12	8914.246	90964.52	2932.028	3591.036	20655.26	44922.92	893.9502	-5.338078	1682.918	1.267411e+08	3.244629e+08	4368.328	1295.729	293.9502	30912.95	9584.562	-4.626335	3891.815	-5.338078	1682.918	-4.626335	3891.815
63.4	3087.189	563229.6	3240.701	137343.9	10909.12	6813.246	86348.52	2632.028	4191.036	28662.26	49932.92	593.9502	-5.338078	3582.918	1.326051e+08	3.505092e+08	2868.327	1795.729	193.9502	35719.95	8583.562	-4.626335	2791.815	-5.338078	3582.918	-4.626335	2791.815
63.69	2287.189	429276.6	5240.701	153537.9	8809.117	6913.246	80528.52	2532.028	3290.036	30665.26	57949.92	193.9502	-5.338078	3282.918	1.491297e+08	3.525128e+08	3668.327	1495.729	293.9502	39524.95	10084.56	-4.626335	4991.815	-5.338078	3282.918	-4.626335	4991.815
63.98	1387.189	414527.6	4040.701	173065.9	7408.118	4812.246	75813.52	3332.028	2890.036	39978.26	68977.92	293.9502	-5.338078	4782.918	1.312318e+08	3.745531e+08	4768.328	2795.729	193.9502	39424.95	14686.56	-4.626335	5892.815	-5.338078	4782.918	-4.626335	5892.815
64.26	1687.189	386476.6	2940.701	204402.9	4507.118	4112.246	81130.52	3132.028	4191.036	37174.26	67172.92	393.9502	-5.338078	3882.918	1.372036e+08	3.985982e+08	4368.328	2195.729	93.95018	39825.95	11485.56	-4.626335	6292.815	-5.338078	3882.918	-4.626335	6292.815
64.55	1987.189	265888.6	4340.701	212671.9	4407.118	4712.246	84842.52	3132.028	3791.036	43183.26	70882.92	93.95018	-5.338078	3882.918	1.378777e+08	3.184524e+08	3268.327	3195.729	393.9502	36019.95	11185.56	-4.626335	4291.815	-5.338078	3882.918	-4.626335	4291.815
64.84	1887.189	257397.6	3240.701	222657.9	3907.117	1511.246	64280.53	2532.028	3591.036	41681.26	84023.92	493.9502	94.66192	4482.918	1.343325e+08	3.725494e+08	4368.328	3895.729	-6.049822	36620.95	11185.56	-4.626335	6492.815	94.66192	4482.918	-4.626335	6492.815
65.12	2787.189	227098.6	4540.701	227198.9	3407.117	1711.246	65182.53	2432.028	3390.036	41180.26	92754.92	-6.049822	-5.338078	2982.918	1.421308e+08	3.805643e+08	4968.328	3895.729	293.9502	27208.95	9684.562	-4.626335	6092.815	-5.338078	2982.918	-4.626335	6092.815
65.41	3287.189	189981.6	3540.701	235878.9	3607.117	2211.246	61171.53	2432.028	3891.036	39177.26	85829.92	293.9502	-5.338078	1782.918	1.511184e+08	3.925868e+08	3968.327	2695.729	93.95018	26307.95	10584.56	-4.626335	5192.815	-5.338078	1782.918	-4.626335	5192.815
65.69	2987.189	166307.6	4440.701	178201.9	7808.118	1111.246	48944.53	2832.028	2890.036	31666.26	75997.92	-6.049822	-5.338078	2382.918	1.310834e+08	3.525128e+08	2568.327	2395.729	-6.049822	19701.95	10184.56	-4.626335	3291.815	-5.338078	2382.918	-4.626335	3291.815
65.98	4587.188	136923.6	5140.701	156456.9	15312.12	2111.246	40328.53	2032.028	3691.036	24158.26	67774.92	193.9502	-5.338078	2082.918	1.315076e+08	3.404912e+08	2468.327	2595.729	-6.049822	15398.95	10884.56	-4.626335	2191.815	-5.338078	2082.918	-4.626335	2191.815
66.27	8388.188	124354.6	3440.701	113724.9	20916.12	411.2456	32215.53	2232.028	2790.036	21055.26	60255.92	93.95018	-5.338078	882.9182	1.365735e+08	3.565201e+08	2068.327	1295.729	93.95018	12996.95	9884.562	-4.626335	1391.815	-5.338078	882.9182	-4.626335	1391.815
66.55	12390.19	97729.64	3140.701	94845.92	30626.12	511.2456	24406.53	2032.028	3591.036	18453.26	57849.92	293.9502	-5.338078	582.9182	1.345961e+08	3.665384e+08	1268.327	3195.729	193.9502	12896.95	11885.56	-4.626335	1491.815	-5.338078	582.9182	-4.626335	1491.815
66.84	17393.19	121942.6	3140.701	80895.92	44246.12	1811.246	23004.53	3632.028	4191.036	13850.26	59954.92	93.95018	-5.338078	1082.918	1.093574e+08	3.384877e+08	1568.327	2495.729	193.9502	8995.95	10884.56	-4.626335	1291.815	-5.338078	1082.918	-4.626335	1291.815
67.13	21797.19	81567.64	2239.701	75879.92	56571.12	2911.246	21703.53	2232.028	3290.036	14350.26	56446.92	493.9502	-5.338078	1282.918	1.281587e+08	3.665384e+08	1068.327	1295.729	-6.049822	9195.95	11485.56	-4.626335	1591.815	-5.338078	1282.918	-4.626335	1591.815
67.41	22397.19	59299.64	4440.701	71265.92	52562.12	-88.75439	18500.53	2732.028	4691.036	18353.26	55744.92	-6.049822	-5.338078	1382.918	1.232774e+08	4.066135e+08	1968.327	1195.729	-6.049822	11796.95	10884.56	-4.626335	2791.815	-5.338078	1382.918	-4.626335	2791.815
67.7	19695.19	51680.64	4040.701	88019.92	45949.12	811.2456	31214.53	2532.028	2990.036	19454.26	54942.92	193.9502	-5.338078	1882.918	1.373062e+08	4.246484e+08	1968.327	1995.729	193.9502	13397.95	8383.562	-4.626335	2391.815	-5.338078	1882.918	-4.626335	2391.815
67.98	14791.19	38453.64	1839.701	87618.92	30225.12	-789.7544	31214.53	2632.028	3390.036	25859.26	52136.92	93.95018	-5.338078	2482.918	1.292432e+08	3.805643e+08	2168.327	2195.729	293.9502	13897.95	12285.56	-4.626335	1791.815	-5.338078	2482.918	-4.626335	1791.815
68.27	12590.19	32643.64	2839.701	93238.92	23418.12	-989.7544	33016.53	3332.028	3290.036	28763.26	63061.92	193.9502	-5.338078	2682.918	1.373355e+08	4.00602e+08	1768.327	1795.729	-6.049822	19401.95	8483.562	-4.626335	3191.815	-5.338078	2682.918	-4.626335	3191.815
68.55	10389.19	33244.64	2739.701	83905.92	18514.12	-789.7544	36622.53	2632.028	4391.036	30164.26	58049.92	193.9502	94.66192	2882.918	1.337469e+08	3.705457e+08	1768.327	1695.729	-6.049822	29510.95	10884.56	-4.626335	4091.815	94.66192	2882.918	-4.626335	4091.815
68.84	7788.188	37451.64	3940.701	76180.92	12910.12	-689.7544	40027.53	2532.028	3090.036	41681.26	61257.92	293.9502	-5.338078	3982.918	1.399743e+08	3.585237e+08	2768.327	1695.729	-6.049822	43531.95	11385.56	-4.626335	3391.815	-5.338078	3982.918	-4.626335	3391.815
69.13	7088.188	36951.64	3440.701	74274.92	10509.12	11.24561	43233.53	3432.028	4991.036	38476.26	65267.92	-6.049822	-5.338078	3282.918	1.449787e+08	3.46502e+08	2768.327	1595.729	193.9502	66381.95	9684.562	-4.626335	4691.815	-5.338078	3282.918	-4.626335	4691.815
69.41	5788.188	39756.64	3840.701	76280.92	8308.117	-188.7544	39226.53	3232.028	4091.036	47191.26	67674.92	93.95018	-5.338078	4082.918	1.392704e+08	3.82568e+08	2468.327	2095.729	93.95018	87145.95	8684.562	95.37366	4891.815	-5.338078	4082.918	95.37366	4891.815
69.7	5388.188	38754.64	3840.701	70664.92	7608.118	-1489.754	43834.53	1432.028	2790.036	46589.26	58450.92	493.9502	-5.338078	3282.918	1.367933e+08	3.585237e+08	2168.327	1595.729	93.95018	118976	11285.56	95.37366	3291.815	-5.338078	3282.918	95.37366	3291.815
69.99	8288.188	60803.64	3140.701	82801.92	5608.118	411.2456	50647.53	3532.028	3090.036	43584.26	66571.92	593.9502	-5.338078	4182.918	1.292432e+08	3.565201e+08	3468.327	2495.729	93.95018	184271	9084.562	95.37366	5092.815	-5.338078	4182.918	95.37366	5092.815
70.27	8288.188	55389.64	3440.701	81597.92	5808.118	1311.246	45637.53	2532.028	2790.036	49595.26	63864.92	1193.95	-5.338078	3582.918	1.358264e+08	4.00602e+08	3468.327	2095.729	-6.049822	217738	11585.56	95.37366	6292.815	-5.338078	3582.918	95.37366	6292.815
70.56	9589.188	81066.64	2639.701	82099.92	5908.118	2811.246	51048.53	3132.028	3991.036	51499.26	62259.92	1093.95	-5.338078	2982.918	1.372622e+08	3.765569e+08	4468.328	1895.729	93.95018	263575.9	10384.56	-4.626335	5792.815	-5.338078	2982.918	-4.626335	5792.815
70.84	15492.19	118022.6	3740.701	81497.92	2607.117	2411.246	60470.53	2932.028	3491.036	52501.26	66771.92	1493.95	-5.338078	4382.918	1.424389e+08	3.244629e+08	3768.327	2195.729	193.9502	265293.9	8784.562	95.37366	6192.815	-5.338078	4382.918	95.37366	6192.815
71.13	18294.19	159260.6	3240.701	80694.92	3607.117	1811.246	56661.53	2232.028	4891.036	58615.26	65167.92	1293.95	-5.338078	4882.918	1.402089e+08	4.166328e+08	3868.327	2595.729	-6.049822	315370.9	11685.56	-4.626335	6492.815	-5.338078	4882.918	-4.626335	6492.815
71.42	26301.19	116816.6	4240.701	95748.92	4207.118	1711.246	55358.53	2432.028	2890.036	58715.26	60154.92	1193.95	-5.338078	2982.918	1.41984e+08	3.845718e+08	2968.327	3595.729	193.9502	287335.9	10884.56	-4.626335	5992.815	-5.338078	2982.918	-4.626335	5992.815
71.7	26401.19	109481.6	3440.701	89023.92	5508.118	1711.246	54556.53	3032.028	2990.036	56811.26	58651.92	1393.95	94.66192	3582.918	1.25266e+08	4.186367e+08	4268.328	3695.729	-6.049822	283795.9	8083.562	-4.626335	5592.815	94.66192	3582.918	-4.626335	5592.815
71.99	27802.19	83273.64	3840.701	76682.92	7608.118	-88.75439	48643.53	3032.028	2690.036	51198.26	62961.92	2193.95	-5.338078	4482.918	1.4445e+08	3.32477e+08	3368.327	3495.729	93.95018	339787.9	11885.56	-4.626335	6192.815	-5.338078	4482.918	-4.626335	6192.815
72.27	31607.19	73942.64	1139.701	77785.92	7708.118	-188.7544	42932.53	2032.028	3891.036	45988.26	65568.92	2493.95	-5.338078	3582.918	1.440976e+08	4.026059e+08	4168.328	2895.729	93.95018	368996.9	11785.56	95.37366	5792.815	-5.338078	3582.918	95.37366	5792.815
72.56	34411.19	53886.64	3440.701	78487.92	7708.118	1611.246	42431.53	3532.028	4591.036	50497.26	62159.92	3293.95	-5.338078	2282.918	1.342007e+08	4.066135e+08	3268.327	2795.729	193.9502	337557.9	10684.56	-4.626335	5592.815	-5.338078	2282.918	-4.626335	5592.815
72.85	33009.19	49976.64	2639.701	66151.92	9609.117	1511.246	41430.53	2832.028	4191.036	46890.26	63462.92	4793.95	-5.338078	3182.918	1.402969e+08	3.605274e+08	2968.327	2495.729	93.95018	340699.9	10884.56	-4.626335	3891.815	-5.338078	3182.918	-4.626335	3891.815
73.13	37115.19	56893.64	3040.701	58331.92	11410.12	3012.246	36421.53	3532.028	3090.036	37274.26	59453.92	2893.95	-5.338078	2082.918	1.452724e+08	4.00602e+08	3768.327	2195.729	293.9502	360068.9	11485.56	-4.626335	3891.815	-5.338078	2082.918	-4.626335	3891.815
73.42	35612.19	47872.64	2139.701	55024.92	24219.12	1711.246	46038.53	2532.028	4191.036	33068.26	64164.92	2893.95	-5.338078	3082.918	1.509755e+08	3.665384e+08	2768.327	2595.729	193.9502	342524.9	10584.56	-4.626335	3991.815	-5.338078	3082.918	-4.626335	3991.815
73.7	38016.19	34046.64	3640.701	56026.92	53364.12	611.2456	43433.53	2432.028	4191.036	32467.26	66571.92	2893.95	-5.338078	3182.918	1.402969e+08	3.725494e+08	3168.327	2095.729	193.9502	290268.9	11885.56	-4.626335	4291.815	-5.338078	3182.918	-4.626335	4291.815
73.99	45128.19	33545.64	2339.701	59635.92	90069.12	-188.7544	42832.53	2532.028	4091.036	32067.26	63563.92	3793.95	-5.338078	2682.918	1.428646e+08	4.026059e+08	2368.327	2095.729	293.9502	276008.9	11985.56	-4.626335	4591.815	-5.338078	2682.918	-4.626335	4591.815
74.28	56651.19	40657.64	2839.701	69460.92	148849.1	911.2456	39727.53	2932.028	4491.036	35972.26	73791.92	2793.95	-5.338078	2582.918	1.749835e+08	4.046097e+08	3568.327	3395.729	-6.049822	230451	9884.562	-4.626335	3191.815	-5.338078	2582.918	-4.626335	3191.815
74.56	62365.19	37351.64	2439.701	75478.92	154987.1	1211.246	38725.53	3432.028	3891.036	27161.26	67874.92	1493.95	-5.338078	1882.918	1.371977e+08	3.204559e+08	3668.327	1595.729	293.9502	173997	10484.56	-4.626335	2891.815	-5.338078	1882.918	-4.626335	2891.815
74.85	63367.19	28838.64	3840.701	68056.92	155087.1	211.2456	38324.53	2632.028	3891.036	26160.26	71384.92	1493.95	-5.338078	3082.918	1.330589e+08	4.186367e+08	2168.327	3095.729	193.9502	133650	12685.56	95.37366	2991.815	-5.338078	3082.918	95.37366	2991.815
75.13	69985.19	26635.64	4240.701	66251.92	191236.1	411.2456	33317.53	2532.028	3691.036	24959.26	75596.92	2893.95	-5.338078	1582.918	1.331028e+08	3.32477e+08	3068.327	3295.729	93.95018	119177	10484.56	-4.626335	2591.815	-5.338078	1582.918	-4.626335	2591.815
75.42	82322.19	48373.64	3740.701	60336.92	291396.1	-188.7544	32516.53	2432.028	3591.036	18553.26	78906.92	3893.95	-5.338078	1782.918	1.417199e+08	3.845718e+08	2768.327	2395.729	193.9502	107625	11985.56	-4.626335	5392.815	-5.338078	1782.918	-4.626335	5392.815
75.7	98079.19	119328.6	2940.701	68558.92	480482.1	911.2456	37423.53	1932.028	5091.036	17252.26	88238.92	5294.95	-5.338078	1182.918	1.398276e+08	4.106212e+08	2368.327	3995.729	293.9502	99390.95	12385.56	195.3737	6192.815	-5.338078	1182.918	195.3737	6192.815
75.99	103802.2	233155.6	3040.701	59033.92	563284.1	2811.246	41930.53	2432.028	2890.036	14750.26	90044.92	7494.95	-5.338078	1382.918	1.415879e+08	4.206406e+08	2168.327	3295.729	393.9502	101500	11485.56	-4.626335	8392.815	-5.338078	1382.918	-4.626335	8392.815
76.28	108623.2	365255.6	5541.701	61940.92	605760.1	5513.246	49144.53	2532.028	3190.036	16251.26	90847.92	8594.95	-5.338078	682.9182	1.40517e+08	4.046097e+08	1968.327	4195.729	93.95018	110739	12685.56	95.37366	6692.815	-5.338078	682.9182	95.37366	6692.815
76.56	111535.2	375508.6	3440.701	62742.92	597771.1	5112.246	56460.53	2332.028	4391.036	19554.26	96267.92	7594.95	-5.338078	1882.918	1.405463e+08	3.565201e+08	1868.327	4095.729	593.9502	97683.95	11084.56	-4.626335	7292.815	-5.338078	1882.918	-4.626335	7292.815
76.85	98280.19	298460.6	2539.701	67054.92	537424.1	3312.246	52651.53	2432.028	4491.036	21856.26	84725.92	7494.95	-5.338078	2182.918	1.300156e+08	4.026059e+08	2168.327	4295.729	93.95018	98085.95	11485.56	95.37366	7192.815	-5.338078	2182.918	95.37366	7192.815
77.13	106413.2	240526.6	5441.701	72268.92	499142.1	3412.246	42431.53	3032.028	2990.036	23457.26	84023.92	6394.95	-5.338078	2082.918	1.31376e+08	4.306601e+08	1868.327	3995.729	93.95018	89553.95	10384.56	-4.626335	5292.815	-5.338078	2082.918	-4.626335	5292.815
77.42	102999.2	216704.6	4240.701	87618.92	467744.1	3312.246	47841.53	2732.028	4691.036	35271.26	88238.92	5494.95	-5.338078	2382.918	1.387719e+08	3.90583e+08	2068.327	3695.729	-6.049822	85639.95	8884.562	295.3737	6592.815	-5.338078	2382.918	295.3737	6592.815
77.7	92056.19	250627.6	2739.701	89725.92	417872.1	1111.246	45136.53	3132.028	4591.036	42582.26	82518.92	4393.95	-5.338078	3582.918	1.443766e+08	3.485056e+08	3468.327	2395.729	693.9502	79620.95	12185.56	295.3737	6492.815	-5.338078	3582.918	295.3737	6492.815
77.99	89346.19	172350.6	2239.701	91030.92	397951.1	2411.246	44034.53	2532.028	2490.036	49094.26	85929.92	3293.95	-5.338078	3582.918	1.451549e+08	4.34668e+08	4068.327	2195.729	93.95018	85439.95	9684.562	195.3737	5492.815	-5.338078	3582.918	195.3737	5492.815
78.28	98481.19	163186.6	2039.701	100567.9	390332.1	3412.246	41329.53	3032.028	4691.036	47692.26	91850.92	2993.95	-5.338078	3282.918	1.292432e+08	4.046097e+08	3468.327	2895.729	93.95018	77212.95	13786.56	95.37366	5692.815	-5.338078	3282.918	95.37366	5692.815
78.56	95268.19	121640.6	2539.701	88120.92	344060.1	2311.246	40227.53	3032.028	3891.036	38175.26	93758.92	3393.95	-5.338078	2582.918	1.39945e+08	3.505092e+08	2168.327	1995.729	293.9502	79218.95	10384.56	95.37366	5492.815	-5.338078	2582.918	95.37366	5492.815
78.85	113243.2	106467.6	2539.701	76381.92	333721.1	3412.246	39126.53	3932.028	4791.036	36773.26	96669.92	2193.95	-5.338078	3682.918	1.372182e+08	3.885793e+08	3768.327	2695.729	93.95018	68587.95	11285.56	-4.626335	6292.815	-5.338078	3682.918	-4.626335	6292.815
79.14	114348.2	85080.64	2639.701	64346.92	286844.1	1111.246	33617.53	1232.028	4191.036	32267.26	90646.92	3493.95	-5.338078	3082.918	1.404583e+08	3.204559e+08	3768.327	2395.729	193.9502	88349.95	10684.56	95.37366	6392.815	-5.338078	3082.918	95.37366	6392.815
79.42	107417.2	80464.64	3240.701	57229.92	246517.1	1011.246	39426.53	2132.028	4591.036	24458.26	101588.9	3993.95	94.66192	2682.918	1.206241e+08	3.585237e+08	4968.328	2795.729	193.9502	129428	8884.562	295.3737	7192.815	94.66192	2682.918	295.3737	7192.815
79.71	111134.2	67321.64	1839.701	47308.92	210188.1	2211.246	33317.53	2532.028	2590.036	22856.26	80411.92	5494.95	-5.338078	1982.918	1.241558e+08	2.964146e+08	3868.327	2095.729	-6.049822	106797	9484.562	-4.626335	5592.815	-5.338078	1982.918	-4.626335	5592.815
80.01	105409.2	74243.64	4840.701	40495.92	170487.1	2911.246	37323.53	2732.028	2890.036	17052.26	75997.92	9195.95	-5.338078	2482.918	1.133345e+08	3.485056e+08	5169.328	2695.729	193.9502	290977.9	6683.562	95.37366	6592.815	-5.338078	2482.918	95.37366	6592.815
80.3	110631.2	112796.6	2940.701	45003.92	155288.1	6013.246	38024.53	2632.028	2790.036	17652.26	82819.92	9695.95	-5.338078	2782.918	1.287873e+08	4.246484e+08	4568.328	2895.729	293.9502	369504.9	6583.562	-4.626335	6292.815	-5.338078	2782.918	-4.626335	6292.815
80.58	101693.2	134308.6	2339.701	42699.92	128236.1	7213.246	37723.53	2732.028	2890.036	16552.26	78906.92	9495.95	-5.338078	2582.918	1.262005e+08	3.004214e+08	7369.328	1895.729	193.9502	454385.9	4782.562	-4.626335	7992.815	-5.338078	2582.918	-4.626335	7992.815
80.87	99685.19	128677.6	2839.701	40495.92	121401.1	8514.246	35420.53	1732.028	3090.036	18753.26	69579.92	8895.95	-5.338078	2882.918	1.205804e+08	3.565201e+08	7269.328	1895.729	93.95018	622242.9	6383.562	95.37366	9893.815	-5.338078	2882.918	95.37366	9893.815
81.15	93763.19	134509.6	1239.701	39794.92	92177.12	6913.246	36722.53	2332.028	3891.036	16852.26	74693.92	13196.95	-5.338078	3182.918	1.25514e+08	3.725494e+08	6569.328	2995.729	793.9502	1106240	7883.562	-4.626335	9493.815	-5.338078	3182.918	-4.626335	9493.815
81.44	102898.2	104760.6	1439.701	42699.92	86657.12	7113.246	34719.53	2432.028	4191.036	15651.26	86231.92	21102.95	-5.338078	1682.918	1.337469e+08	3.605274e+08	6269.328	2495.729	793.9502	1285938	9584.562	95.37366	10593.82	-5.338078	1682.918	95.37366	10593.82
81.72	99284.19	211660.6	3940.701	32383.92	81841.12	5412.246	27009.53	1332.028	3190.036	12649.26	87836.92	31212.95	-5.338078	1382.918	1.3281e+08	3.585237e+08	3868.327	2595.729	293.9502	1350934	9384.562	195.3737	12694.82	-5.338078	1382.918	195.3737	12694.82
82.01	112942.2	73139.64	2940.701	28779.92	132156.1	5112.246	25507.53	2732.028	3090.036	10248.26	93456.92	43731.95	-5.338078	782.9182	1.392704e+08	3.765569e+08	5269.328	1995.729	1093.95	1317310	11785.56	195.3737	12994.82	-5.338078	782.9182	195.3737	12994.82
82.3	117764.2	60402.64	1539.701	27978.92	170789.1	5613.246	23004.53	2332.028	2590.036	9048.264	86231.92	51947.95	-5.338078	1182.918	1.32049e+08	3.725494e+08	4768.328	3795.729	1893.95	1252818	9484.562	295.3737	12894.82	-5.338078	1182.918	295.3737	12894.82
82.59	118769.2	44364.64	2239.701	22072.92	198392.1	3812.246	22404.53	3532.028	3791.036	10048.26	85026.92	60867.95	-5.338078	982.9182	1.228566e+08	3.505092e+08	3768.327	3495.729	2293.95	783331.9	10884.56	395.3737	11694.82	-5.338078	982.9182	395.3737	11694.82
82.88	130728.2	375609.6	2039.701	27577.92	248739.1	60798.25	23305.53	2032.028	2990.036	10348.26	86833.92	55956.95	-5.338078	1482.918	1.304544e+08	3.545164e+08	3568.327	4395.729	1993.95	1393371	10784.56	195.3737	12394.82	-5.338078	1482.918	195.3737	12394.82
83.16	109225.2	44064.64	3740.701	22472.92	220173.1	140335.2	26308.53	2032.028	2090.036	8547.264	80010.92	51145.95	-5.338078	1082.918	1.225647e+08	3.044282e+08	3468.327	2895.729	1893.95	1362856	9184.562	-4.626335	11194.82	-5.338078	1082.918	-4.626335	11194.82
83.45	102396.2	43763.64	1839.701	24474.92	186400.1	148182.2	33517.53	1932.028	3791.036	12949.26	74393.92	41027.95	-5.338078	2282.918	1.245647e+08	3.805643e+08	5169.328	2695.729	1693.95	1553933	11885.56	95.37366	13395.82	-5.338078	2282.918	95.37366	13395.82
83.73	88343.19	58297.64	2839.701	32584.92	144725.1	109274.2	38825.53	1832.028	3891.036	16552.26	71785.92	28810.95	-5.338078	2082.918	1.283049e+08	3.82568e+08	4868.328	2695.729	1293.95	1469023	11385.56	95.37366	11394.82	-5.338078	2082.918	95.37366	11394.82
84.02	72993.19	47471.64	3240.701	28679.92	113967.1	75341.24	40528.53	3032.028	3791.036	17052.26	72988.92	25106.95	-5.338078	2182.918	1.271941e+08	3.725494e+08	5769.328	2795.729	1393.95	1522165	9484.562	95.37366	11194.82	-5.338078	2182.918	95.37366	11194.82
84.31	71088.19	60302.64	4640.701	38592.92	112862.1	63907.25	38324.53	3032.028	3390.036	20454.26	74493.92	19601.95	-5.338078	1582.918	1.22302e+08	3.565201e+08	5569.328	1795.729	993.9502	1453663	8784.562	-4.626335	9993.815	-5.338078	1582.918	-4.626335	9993.815
84.59	64069.19	45066.64	3340.701	36589.92	86457.12	46765.25	38825.53	1532.028	4491.036	17852.26	73390.92	16699.95	-5.338078	2182.918	1.235572e+08	3.144455e+08	5169.328	2095.729	593.9502	1414193	8283.562	-4.626335	9493.815	-5.338078	2182.918	-4.626335	9493.815
84.88	67879.19	60101.64	2839.701	52819.92	80236.12	37748.25	42732.53	2532.028	2990.036	19354.26	81314.92	14197.95	-5.338078	2982.918	1.248567e+08	3.505092e+08	4868.328	2695.729	193.9502	1318679	10384.56	-4.626335	11894.82	-5.338078	2982.918	-4.626335	11894.82
85.16	63367.19	101445.6	4940.701	74976.92	93381.12	31337.25	50747.53	1932.028	2790.036	19654.26	81816.92	13297.95	-5.338078	6083.918	1.262736e+08	3.645347e+08	5969.328	3095.729	293.9502	1071056	8383.562	95.37366	9693.815	-5.338078	6083.918	95.37366	9693.815
85.45	62565.19	338779.6	1539.701	75979.92	86657.12	29234.25	83738.52	1432.028	3390.036	17852.26	81916.92	12296.95	-5.338078	4982.918	1.25996e+08	3.605274e+08	6869.328	3895.729	2093.95	1023630	9584.562	95.37366	9293.815	-5.338078	4982.918	95.37366	9293.815
85.74	60159.19	800632.6	3840.701	71466.92	91976.12	32439.25	128833.5	1532.028	3390.036	14150.26	81916.92	19801.95	-5.338078	3682.918	1.277495e+08	2.964146e+08	6769.328	2895.729	693.9502	949384.9	8583.562	95.37366	9193.815	-5.338078	3682.918	95.37366	9193.815
86.02	72993.19	856243.6	1739.701	59434.92	118287.1	28133.25	114563.5	2432.028	3491.036	11249.26	85628.92	21602.95	-5.338078	2082.918	1.265366e+08	3.204559e+08	5169.328	2895.729	793.9502	974732.9	9784.562	95.37366	12194.82	-5.338078	2082.918	95.37366	12194.82
86.31	94465.19	918822.6	1939.701	46005.92	153578.1	31638.25	105221.5	2632.028	2590.036	11249.26	94259.92	26007.95	94.66192	1882.918	1.306738e+08	3.565201e+08	4368.328	3595.729	1393.95	932361.9	10384.56	95.37366	11794.82	94.66192	1882.918	95.37366	11794.82
86.59	114850.2	669117.6	1739.701	40696.92	188617.1	26230.25	86950.52	2332.028	3290.036	8347.264	92352.92	28910.95	-5.338078	2382.918	1.321515e+08	3.865756e+08	3368.327	3695.729	1893.95	910372.9	9984.562	95.37366	14295.82	-5.338078	2382.918	95.37366	14295.82
86.88	135453.2	555149.6	2739.701	29279.92	266622.1	19523.25	67789.52	2632.028	2790.036	8948.264	92553.92	35118.95	-5.338078	1582.918	1.330296e+08	3.224594e+08	3668.327	3395.729	2093.95	895655.9	10384.56	95.37366	13495.82	-5.338078	1582.918	95.37366	13495.82
87.17	135252.2	528065.6	2439.701	25675.92	323893.1	18021.25	63477.53	3532.028	3891.036	7247.263	101688.9	33115.95	-5.338078	1082.918	1.353869e+08	3.745531e+08	4068.327	3795.729	1893.95	940871.9	10584.56	195.3737	12794.82	-5.338078	1082.918	195.3737	12794.82
87.45	125803.2	420629.6	3440.701	24975.92	408621.1	15419.25	53854.53	1132.028	2190.036	6647.263	97371.92	28309.95	-5.338078	1882.918	1.36178e+08	3.665384e+08	3768.327	3995.729	1993.95	727527.9	12785.56	95.37366	13295.82	-5.338078	1882.918	95.37366	13295.82
87.74	123290.2	350847.6	3140.701	37391.92	417872.1	10415.25	49946.53	2132.028	3891.036	9548.264	102291.9	24505.95	-5.338078	1882.918	1.342447e+08	3.82568e+08	3468.327	4195.729	1093.95	617117.9	9784.562	95.37366	11194.82	-5.338078	1882.918	95.37366	11194.82
88.02	117764.2	314155.6	3040.701	39294.92	382208.1	10315.25	41830.53	2032.028	2190.036	15951.26	93858.92	15698.95	-5.338078	682.9182	1.238492e+08	3.424948e+08	3168.327	3095.729	1893.95	481689.9	11785.56	-4.626335	12094.82	-5.338078	682.9182	-4.626335	12094.82
88.31	115754.2	201877.6	3440.701	47007.92	395005.1	9615.246	37824.53	3132.028	4591.036	22156.26	103195.9	12196.95	-5.338078	1482.918	1.317417e+08	3.46502e+08	3568.327	3895.729	693.9502	372548.9	9284.562	-4.626335	9093.815	-5.338078	1482.918	-4.626335	9093.815
88.6	106915.2	196332.6	2039.701	57429.92	392363.1	4212.246	37122.53	3232.028	3290.036	30765.26	92453.92	11796.95	-5.338078	2082.918	1.376579e+08	3.46502e+08	2568.327	2395.729	793.9502	321345.9	9384.562	-4.626335	8492.815	-5.338078	2082.918	-4.626335	8492.815
88.88	99886.19	109782.6	2039.701	59835.92	357648.1	7013.246	32716.53	2532.028	2190.036	31266.26	76499.92	8594.95	-5.338078	1482.918	1.190491e+08	3.645347e+08	3768.327	2495.729	193.9502	279446.9	7383.562	-4.626335	10293.82	-5.338078	1482.918	-4.626335	10293.82
89.17	100589.2	116514.6	3140.701	57530.92	389418.1	6613.246	27009.53	2232.028	3891.036	28863.26	81314.92	15398.95	-5.338078	1282.918	1.218204e+08	3.104385e+08	2368.327	2595.729	1093.95	303828.9	10084.56	-4.626335	5692.815	-5.338078	1282.918	-4.626335	5692.815
89.46	95871.19	114203.6	739.7012	56828.92	403641.1	5713.246	28110.53	832.0284	3190.036	23857.26	71484.92	19000.95	-5.338078	1482.918	1.176934e+08	3.224594e+08	1368.327	3295.729	1793.95	322155.9	8383.562	95.37366	6092.815	-5.338078	1482.918	95.37366	6092.815
89.74	110933.2	79059.64	2940.701	55525.92	497306.1	8514.246	28210.53	2132.028	3190.036	20755.26	75295.92	23904.95	94.66192	2482.918	1.231193e+08	3.485056e+08	2068.327	4795.729	1693.95	411960.9	10284.56	-4.626335	6992.815	94.66192	2482.918	-4.626335	6992.815
90.03	131331.2	72537.64	2439.701	50013.92	634357.1	7413.246	23305.53	2332.028	3991.036	20755.26	83622.92	26707.95	-5.338078	1482.918	1.242434e+08	3.505092e+08	2968.327	3695.729	2693.95	412875.9	11485.56	-4.626335	7392.815	-5.338078	1482.918	-4.626335	7392.815
90.31	132537.2	108275.6	3840.701	56327.92	565636.1	7614.246	23405.53	2332.028	3891.036	20855.26	86130.92	25606.95	-5.338078	1382.918	1.244332e+08	3.344805e+08	2268.327	3895.729	2093.95	395091.9	10484.56	-4.626335	6892.815	-5.338078	1382.918	-4.626335	6892.815
90.6	118467.2	60703.64	3240.701	55224.92	507304.1	12817.25	22404.53	2532.028	4091.036	17652.26	81715.92	19100.95	-5.338078	1082.918	1.287873e+08	3.184524e+08	2068.327	3795.729	2093.95	346275.9	11885.56	-4.626335	5392.815	-5.338078	1082.918	-4.626335	5392.815
90.88	111033.2	63511.64	1339.701	56728.92	434146.1	4612.246	28410.53	3532.028	4091.036	19053.26	87234.92	15198.95	-5.338078	1382.918	1.269311e+08	3.364841e+08	1868.327	3495.729	1193.95	286425.9	9884.562	95.37366	4691.815	-5.338078	1382.918	95.37366	4691.815
91.17	102396.2	43563.64	1039.701	60136.92	363025.1	4412.246	26608.53	2732.028	2290.036	18553.26	85327.92	11396.95	-5.338078	1382.918	1.306445e+08	3.224594e+08	3268.327	2695.729	1093.95	230149	12085.56	-4.626335	4691.815	-5.338078	1382.918	-4.626335	4691.815
91.46	95268.19	44565.64	2039.701	61740.92	329566.1	1311.246	30413.53	1732.028	1390.036	20755.26	83421.92	10695.95	-5.338078	882.9182	1.331906e+08	4.086173e+08	2968.327	2895.729	793.9502	211182	14686.56	-4.626335	4391.815	-5.338078	882.9182	-4.626335	4391.815
91.74	76705.19	46469.64	4340.701	63344.92	292914.1	1511.246	30513.53	3232.028	4491.036	21756.26	74994.92	9495.95	-5.338078	1682.918	1.315954e+08	3.364841e+08	2668.327	3295.729	593.9502	185077	12985.56	95.37366	5192.815	-5.338078	1682.918	95.37366	5192.815
92.03	70486.19	54688.64	3740.701	53621.92	229961.1	2211.246	28510.53	2632.028	4091.036	21455.26	73891.92	6594.95	-5.338078	2382.918	1.39549e+08	3.725494e+08	3668.327	2795.729	393.9502	164232	11485.56	-4.626335	3091.815	-5.338078	2382.918	-4.626335	3091.815
92.32	61262.19	38854.64	1539.701	56427.92	178946.1	11.24561	32215.53	2632.028	4391.036	25759.26	66571.92	4893.95	-5.338078	1982.918	1.357092e+08	3.605274e+08	3168.327	1995.729	693.9502	176112	10384.56	95.37366	2791.815	-5.338078	1982.918	95.37366	2791.815
92.6	54747.19	37952.64	1839.701	56527.92	132558.1	1111.246	31514.53	2432.028	3891.036	23557.26	62660.92	5194.95	-5.338078	2982.918	1.335126e+08	3.665384e+08	2368.327	2895.729	193.9502	182457	8583.562	-4.626335	3191.815	-5.338078	2982.918	-4.626335	3191.815
92.89	43926.19	34947.64	3740.701	76481.92	110853.1	11.24561	39927.53	3032.028	4191.036	28362.26	68075.92	5394.95	-5.338078	2482.918	1.321807e+08	3.665384e+08	2768.327	2695.729	193.9502	209165	10884.56	95.37366	3591.815	-5.338078	2482.918	95.37366	3591.815
93.17	44627.19	31241.64	1239.701	94142.92	82644.12	2111.246	28611.53	2732.028	3190.036	26060.26	69178.92	3693.95	94.66192	4482.918	1.377605e+08	4.106212e+08	3568.327	3095.729	193.9502	214208	12485.56	-4.626335	5792.815	94.66192	4482.918	-4.626335	5792.815
93.46	43725.19	33845.64	5340.701	105086.9	72512.12	-88.75439	28010.53	2932.028	3791.036	26560.26	75396.92	4993.95	-5.338078	3782.918	1.346254e+08	4.026059e+08	2568.327	3695.729	493.9502	201704	12685.56	-4.626335	4391.815	-5.338078	3782.918	-4.626335	4391.815
93.75	48133.19	27836.64	2739.701	111012.9	66997.12	1811.246	27209.53	2932.028	3290.036	22656.26	67874.92	3693.95	-5.338078	3282.918	1.376726e+08	3.665384e+08	2468.327	3195.729	293.9502	178831	10384.56	-4.626335	4391.815	-5.338078	3282.918	-4.626335	4391.815
94.03	40219.19	26535.64	1739.701	89725.92	48855.12	911.2456	27109.53	2432.028	3991.036	23557.26	63262.92	4393.95	-5.338078	2482.918	1.371157e+08	3.204559e+08	2568.327	2295.729	293.9502	203317	9784.562	-4.626335	3091.815	-5.338078	2482.918	-4.626335	3091.815
94.32	41021.19	23030.64	3940.701	75478.92	50859.12	311.2456	28410.53	2432.028	4891.036	22556.26	58551.92	4793.95	-5.338078	2482.918	1.360022e+08	3.224594e+08	1968.327	1795.729	293.9502	205435	12085.56	-4.626335	2391.815	-5.338078	2482.918	-4.626335	2391.815
94.6	37315.19	24031.64	2339.701	62542.92	35933.12	611.2456	28210.53	2532.028	3891.036	24758.26	54341.92	3293.95	-5.338078	2882.918	1.407956e+08	3.665384e+08	1968.327	2595.729	93.95018	208157	11285.56	-4.626335	3491.815	-5.338078	2882.918	-4.626335	3491.815
94.89	35813.19	20227.64	1939.701	50213.92	32228.12	-188.7544	32416.53	3632.028	2890.036	20655.26	55243.92	1793.95	-5.338078	3282.918	1.349183e+08	3.485056e+08	2068.327	1495.729	-6.049822	193238	11885.56	-4.626335	3391.815	-5.338078	3282.918	-4.626335	3391.815
95.18	30806.19	21629.64	3640.701	52318.92	28523.12	-1089.754	31514.53	1532.028	3991.036	19253.26	60054.92	2393.95	94.66192	2482.918	1.350208e+08	4.046097e+08	1968.327	1995.729	193.9502	183263	9684.562	-4.626335	3791.815	94.66192	2482.918	-4.626335	3791.815
95.46	25300.19	36750.64	3540.701	40395.92	24920.12	811.2456	29011.53	2032.028	4191.036	17952.26	54942.92	1993.95	-5.338078	3282.918	1.431637e+08	3.68542e+08	3268.327	1595.729	493.9502	162118	11285.56	-4.626335	4491.815	-5.338078	3282.918	-4.626335	4491.815
95.75	27202.19	25133.64	2439.701	42599.92	24719.12	-889.7544	29712.53	2732.028	5091.036	21155.26	51335.92	1293.95	-5.338078	3582.918	1.25266e+08	3.645347e+08	3068.327	1695.729	93.95018	142700	11785.56	-4.626335	4091.815	-5.338078	3582.918	-4.626335	4091.815
96.04	26701.19	25633.64	2539.701	44703.92	21216.12	-488.7544	34919.53	1032.028	4291.036	19654.26	48629.92	993.9502	-5.338078	2682.918	1.15323e+08	3.845718e+08	2068.327	2495.729	193.9502	144712	10184.56	-4.626335	3391.815	-5.338078	2682.918	-4.626335	3391.815
96.32	26001.19	21428.64	4840.701	42098.92	19415.12	-288.7544	31314.53	2032.028	3791.036	19954.26	49932.92	1193.95	-5.338078	4082.918	1.356799e+08	3.785605e+08	4168.328	1695.729	393.9502	134153	10284.56	-4.626335	3591.815	-5.338078	4082.918	-4.626335	3591.815
96.61	24899.19	19627.64	2539.701	44102.92	20816.12	111.2456	36522.53	2632.028	3791.036	23157.26	50533.92	993.9502	94.66192	2882.918	1.40957e+08	3.705457e+08	3968.327	995.7296	-6.049822	132746	11385.56	-4.626335	3591.815	94.66192	2882.918	-4.626335	3591.815
96.89	26001.19	18626.64	3240.701	41497.92	18314.12	911.2456	35720.53	2132.028	3390.036	21956.26	51234.92	693.9502	-5.338078	2082.918	1.416172e+08	3.665384e+08	2668.327	1595.729	-6.049822	131238	10284.56	-4.626335	3591.815	-5.338078	2082.918	-4.626335	3591.815
97.18	26901.19	19426.64	2739.701	40395.92	20215.12	-1589.754	36622.53	2132.028	2890.036	24758.26	52337.92	993.9502	-5.338078	3282.918	1.37995e+08	3.665384e+08	4368.328	1795.729	-6.049822	133550	10384.56	-4.626335	5092.815	-5.338078	3282.918	-4.626335	5092.815
97.47	27702.19	29238.64	3440.701	43901.92	21616.12	-2089.754	40428.53	3132.028	4791.036	26360.26	55043.92	693.9502	-5.338078	2582.918	1.326344e+08	3.645347e+08	5169.328	895.7296	93.95018	135862	9184.562	-4.626335	4291.815	-5.338078	2582.918	-4.626335	4291.815
97.75	22797.19	16523.64	1939.701	46907.92	26521.12	-1189.754	34819.53	1532.028	3791.036	23757.26	48128.92	393.9502	-5.338078	2782.918	1.298109e+08	3.725494e+08	2968.327	1795.729	-6.049822	134153	9784.562	-4.626335	3591.815	-5.338078	2782.918	-4.626335	3591.815
98.04	26601.19	17825.64	3440.701	46907.92	29725.12	-889.7544	40127.53	2832.028	3791.036	24058.26	56446.92	993.9502	-5.338078	2982.918	1.399596e+08	3.805643e+08	4768.328	1395.729	293.9502	118776	10384.56	-4.626335	3791.815	-5.338078	2982.918	-4.626335	3791.815
98.32	33309.19	14922.64	2339.701	48009.92	41942.12	-388.7544	40227.53	2032.028	3891.036	21555.26	56546.92	393.9502	-5.338078	2682.918	1.327368e+08	3.505092e+08	3368.327	2195.729	-6.049822	101399	9084.562	-4.626335	3791.815	-5.338078	2682.918	-4.626335	3791.815
98.61	33910.19	18826.64	2539.701	44402.92	60581.12	11.24561	37824.53	1332.028	3491.036	22256.26	55945.92	893.9502	94.66192	2782.918	1.28071e+08	3.2847e+08	3068.327	1195.729	93.95018	88349.95	9184.562	-4.626335	3791.815	94.66192	2782.918	-4.626335	3791.815
98.9	44126.19	17825.64	3440.701	55826.92	114268.1	-1689.754	39326.53	1832.028	3390.036	28462.26	62761.92	1193.95	-5.338078	2582.918	1.322246e+08	3.585237e+08	2468.327	2395.729	-6.049822	76309.95	9484.562	-4.626335	2491.815	-5.338078	2582.918	-4.626335	2491.815
99.18	53544.19	23931.64	2339.701	60136.92	139295.1	111.2456	37623.53	2132.028	3891.036	22856.26	72888.92	1793.95	-5.338078	1782.918	1.334687e+08	3.865756e+08	2068.327	1795.729	-6.049822	70492.95	11385.56	-4.626335	2691.815	-5.338078	1782.918	-4.626335	2691.815
99.47	59458.19	20227.64	439.7012	67756.92	155791.1	911.2456	38725.53	2332.028	3791.036	24258.26	76499.92	2193.95	-5.338078	2082.918	1.31215e+08	3.985982e+08	2968.327	3295.729	93.95018	61569.95	10584.56	-4.626335	3391.815	-5.338078	2082.918	-4.626335	3391.815
99.75	73996.19	20427.64	2439.701	68959.92	180557.1	1211.246	37423.53	2832.028	2390.036	24858.26	74994.92	1593.95	-5.338078	2882.918	1.30352e+08	3.585237e+08	2068.327	2995.729	-6.049822	59965.95	11485.56	-4.626335	3091.815	-5.338078	2882.918	-4.626335	3091.815
100.04	67177.19	19226.64	3240.701	65149.92	189020.1	1811.246	37122.53	1732.028	3090.036	21055.26	76499.92	2193.95	-5.338078	2682.918	1.250904e+08	3.665384e+08	3068.327	2695.729	-6.049822	50945.95	12985.56	-4.626335	1691.815	-5.338078	2682.918	-4.626335	1691.815
100.33	67578.19	18726.64	3140.701	69561.92	188314.1	1211.246	33217.53	2532.028	2490.036	19854.26	67674.92	2493.95	-5.338078	2482.918	1.147796e+08	3.084351e+08	1868.327	3295.729	93.95018	58662.95	8383.562	-4.626335	3091.815	-5.338078	2482.918	-4.626335	3091.815
100.61	62966.19	27536.64	1039.701	57830.92	169077.1	-188.7544	28210.53	1632.028	3190.036	15551.26	53138.92	1993.95	94.66192	1382.918	9.381242e+07	2.343131e+08	1668.327	1695.729	-6.049822	39624.95	7483.562	-4.626335	1691.815	94.66192	1382.918	-4.626335	1691.815
100.9	38417.19	10819.64	3140.701	40696.92	105530.1	-288.7544	18300.53	1132.028	1390.036	11249.26	42318.92	793.9502	-5.338078	582.9182	6.638147e+07	1.642079e+08	1068.327	695.7296	-6.049822	31713.95	5483.562	-4.626335	1791.815	-5.338078	582.9182	-4.626335	1791.815
101.19	27002.19	8918.641	939.7012	30681.92	83045.12	-1489.754	12596.53	1332.028	1190.036	9348.264	31602.92	1093.95	-5.338078	582.9182	5.198641e+07	1.281575e+08	1068.327	1195.729	93.95018	21502.95	4682.562	-4.626335	1091.815	-5.338078	582.9182	-4.626335	1091.815
101.47	21797.19	8417.641	1139.701	22772.92	56772.12	-1589.754	10295.53	332.0284	1190.036	5847.263	24594.92	293.9502	-5.338078	182.9182	4.044376e+07	1.081017e+08	168.3274	595.7296	-6.049822	19901.95	3182.562	-4.626335	591.8149	-5.338078	182.9182	-4.626335	591.8149
101.76	17693.19	6216.641	-60.29883	17568.92	50057.12	211.2456	6493.527	1332.028	690.0356	6147.263	17788.92	593.9502	-5.338078	482.9182	3.343368e+07	8.468684e+07	468.3274	395.7295	-6.049822	13297.95	2882.562	-4.626335	691.8149	-5.338078	482.9182	-4.626335	691.8149
102.04	15092.19	3115.641	-660.2988	15066.92	40240.12	-889.7544	7594.527	232.0284	190.0356	4846.263	12985.92	293.9502	-5.338078	482.9182	2.439237e+07	7.315211e+07	168.3274	995.7296	-6.049822	11296.95	2182.562	-4.626335	291.8149	-5.338078	482.9182	-4.626335	291.8149
102.33	10589.19	1714.641	339.7012	13966.92	28423.12	-1089.754	5593.527	132.0284	1290.036	4646.263	11885.92	993.9502	-5.338078	482.9182	2.016398e+07	5.308063e+07	368.3274	295.7295	-6.049822	9095.95	1582.562	-4.626335	191.8149	-5.338078	482.9182	-4.626335	191.8149
102.61	8088.188	1514.641	-761.2988	10063.92	24920.12	-1689.754	4693.527	532.0284	-409.9644	2046.263	8183.918	93.95018	-5.338078	182.9182	1.596896e+07	4.568859e+07	368.3274	295.7295	-6.049822	7294.95	1682.562	-4.626335	491.8149	-5.338078	182.9182	-4.626335	491.8149
102.9	8288.188	2315.641	-460.2988	8063.922	21216.12	-1889.754	2092.527	-167.9716	790.0356	2446.263	8583.918	393.9502	-5.338078	82.91815	1.295332e+07	3.897013e+07	-31.6726	-4.270463	-6.049822	7294.95	982.5623	-4.626335	391.8149	-5.338078	82.91815	-4.626335	391.8149
103.18	4687.188	2315.641	639.7012	7062.922	16713.12	-889.7544	3493.527	332.0284	190.0356	2146.263	7483.918	93.95018	-5.338078	-17.08185	1.221751e+07	2.755354e+07	268.3274	-4.270463	-6.049822	6894.95	382.5623	-4.626335	591.8149	-5.338078	-17.08185	-4.626335	591.8149
103.47	4187.188	1614.641	339.7012	6262.922	14311.12	-1489.754	2192.527	32.02844	490.0356	1746.263	3582.918	93.95018	-5.338078	282.9182	7834066	2.530027e+07	68.3274	95.72954	93.95018	3993.95	282.5623	-4.626335	-8.185054	-5.338078	282.9182	-4.626335	-8.185054
103.75	4387.188	4415.641	-1361.299	3661.922	10409.12	311.2456	1792.527	-267.9716	-309.9644	1146.263	5083.918	293.9502	-5.338078	-17.08185	6845010	2.032819e+07	168.3274	-4.270463	-6.049822	5194.95	482.5623	-4.626335	191.8149	-5.338078	-17.08185	-4.626335	191.8149
104.04	2887.189	2315.641	839.7012	3761.922	7608.118	-1389.754	1692.527	332.0284	-109.9644	746.2634	3782.918	93.95018	-5.338078	182.9182	6110462	2.011464e+07	-31.6726	-4.270463	-6.049822	2893.95	782.5623	-4.626335	391.8149	-5.338078	182.9182	-4.626335	391.8149
104.33	3087.189	14.64062	-861.2988	2861.922	6208.118	-2389.754	292.5267	-167.9716	-609.9644	1046.263	3082.918	193.9502	-5.338078	82.91815	4627706	1.536306e+07	68.3274	195.7295	-6.049822	2093.95	282.5623	-4.626335	191.8149	-5.338078	82.91815	-4.626335	191.8149
104.61	1987.189	-85.35938	-961.2988	3061.922	6308.118	-1789.754	1792.527	532.0284	190.0356	746.2634	3082.918	-6.049822	-5.338078	-17.08185	4331230	1.09302e+07	168.3274	-4.270463	-6.049822	1493.95	482.5623	-4.626335	391.8149	-5.338078	-17.08185	-4.626335	391.8149
104.9	1887.189	614.6406	-160.2988	2061.922	4407.118	-488.7544	392.5267	132.0284	290.0356	146.2633	2282.918	-6.049822	94.66192	-17.08185	3004450	9695101	168.3274	-4.270463	-6.049822	2093.95	282.5623	-4.626335	91.81495	94.66192	-17.08185	-4.626335	91.81495
105.18	1087.189	1214.641	-560.2988	2461.922	3607.117	-1289.754	292.5267	232.0284	290.0356	246.2633	1282.918	93.95018	-5.338078	82.91815	3329042	7609188	-31.6726	-4.270463	-6.049822	1193.95	-17.43772	-4.626335	-8.185054	-5.338078	82.91815	-4.626335	-8.185054
105.47	987.1886	114.6406	-761.2988	1761.922	2907.117	-1689.754	-7.473267	132.0284	90.03564	546.2634	1082.918	-6.049822	-5.338078	-17.08185	2623446	6403608	-31.6726	95.72954	-6.049822	1293.95	182.5623	-4.626335	91.81495	-5.338078	-17.08185	-4.626335	91.81495
105.76	687.1886	114.6406	-1161.299	1461.922	3107.117	-1189.754	1292.527	432.0284	-409.9644	246.2633	682.9182	-6.049822	-5.338078	-17.08185	2468234	4688136	68.3274	-4.270463	-6.049822	793.9502	-17.43772	-4.626335	-8.185054	-5.338078	-17.08185	-4.626335	-8.185054
106.04	887.1886	1214.641	-761.2988	661.9218	2807.117	-1589.754	792.5267	-67.97156	290.0356	246.2633	982.9182	-6.049822	-5.338078	-17.08185	2496454	5411085	-31.6726	-4.270463	-6.049822	693.9502	82.56228	-4.626335	-8.185054	-5.338078	-17.08185	-4.626335	-8.185054
106.33	1787.189	2915.641	-160.2988	761.9218	2307.117	-288.7544	1092.527	132.0284	290.0356	446.2633	982.9182	-6.049822	-5.338078	-17.08185	1367834	3866139	-31.6726	95.72954	-6.049822	1593.95	-17.43772	-4.626335	-8.185054	-5.338078	-17.08185	-4.626335	-8.185054
106.62	587.1886	-685.3594	-1561.299	1461.922	2807.117	-989.7544	1792.527	-67.97156	190.0356	246.2633	682.9182	-6.049822	-5.338078	-17.08185	1029319	3993678	-31.6726	-4.270463	-6.049822	393.9502	-17.43772	-4.626335	91.81495	-5.338078	-17.08185	-4.626335	91.81495
106.91	887.1886	-85.35938	-1161.299	461.9218	1507.117	-1989.754	-107.4733	-67.97156	390.0356	246.2633	682.9182	-6.049822	-5.338078	-17.08185	1269097	2803494	-31.6726	-4.270463	-6.049822	393.9502	182.5623	-4.626335	-8.185054	-5.338078	-17.08185	-4.626335	-8.185054
107.2	287.1886	114.6406	-1261.299	161.9218	607.1174	-1089.754	-707.4733	232.0284	-309.9644	146.2633	282.9182	-6.049822	-5.338078	182.9182	803661.4	2746829	68.3274	-4.270463	-6.049822	293.9502	182.5623	-4.626335	91.81495	-5.338078	182.9182	-4.626335	91.81495
107.49	787.1886	-785.3594	-1161.299	461.9218	607.1174	-1489.754	-307.4733	-267.9716	-209.9644	46.26334	-17.08185	-6.049822	-5.338078	82.91815	592119.4	1925282	-31.6726	-4.270463	-6.049822	593.9502	-17.43772	-4.626335	-8.185054	-5.338078	82.91815	-4.626335	-8.185054
107.78	287.1886	-185.3594	-2661.299	261.9218	1407.117	-1889.754	-407.4733	-67.97156	-209.9644	46.26334	482.9182	-6.049822	-5.338078	82.91815	538612.4	2194389	-31.6726	-4.270463	-6.049822	93.95018	82.56228	-4.626335	-8.185054	-5.338078	82.91815	-4.626335	-8.185054
108.07	87.18861	14.64062	39.70117	261.9218	607.1174	11.24561	-107.4733	232.0284	390.0356	346.2633	282.9182	-6.049822	-5.338078	-17.08185	324184.4	1132246	-31.6726	-4.270463	-6.049822	93.95018	182.5623	-4.626335	-8.185054	-5.338078	-17.08185	-4.626335	-8.185054
108.36	187.1886	814.6406	-1161.299	1161.922	607.1174	-1589.754	-407.4733	-267.9716	-409.9644	146.2633	482.9182	-6.049822	-5.338078	-17.08185	747248.4	1868631	68.3274	95.72954	-6.049822	93.95018	-17.43772	-4.626335	-8.185054	-5.338078	-17.08185	-4.626335	-8.185054
108.65	487.1886	3515.641	-861.2988	161.9218	707.1174	-889.7544	-507.4733	32.02844	790.0356	246.2633	282.9182	-6.049822	-5.338078	-17.08185	578016.4	721635.8	-31.6726	95.72954	-6.049822	-6.049822	-17.43772	-4.626335	-8.185054	-5.338078	-17.08185	-4.626335	-8.185054
108.94	87.18861	-985.3594	-1361.299	-538.0782	1107.117	-889.7544	-7.473267	-367.9716	-109.9644	146.2633	-17.08185	-6.049822	-5.338078	82.91815	535854.4	934013.8	-31.6726	-4.270463	-6.049822	-6.049822	-17.43772	-4.626335	-8.185054	-5.338078	82.91815	-4.626335	-8.185054
109.23	87.18861	-785.3594	39.70117	-238.0782	207.1174	-989.7544	-207.4733	-67.97156	-109.9644	246.2633	82.91815	-6.049822	-5.338078	-17.08185	245066.4	891536.8	68.3274	-4.270463	-6.049822	393.9502	-17.43772	-4.626335	-8.185054	-5.338078	-17.08185	-4.626335	-8.185054
109.51	187.1886	714.6406	-861.2988	-38.07825	307.1174	-1289.754	-407.4733	-67.97156	590.0356	-53.73666	182.9182	-6.049822	94.66192	-17.08185	301477.4	1033128	-31.6726	-4.270463	-6.049822	-6.049822	-17.43772	-4.626335	-8.185054	94.66192	-17.08185	-4.626335	-8.185054
109.8	287.1886	-1085.359	-160.2988	-338.0782	107.1174	-1389.754	492.5267	-67.97156	190.0356	246.2633	82.91815	-6.049822	-5.338078	-17.08185	154972.4	863219.8	-31.6726	-4.270463	-6.049822	493.9502	-17.43772	-4.626335	-8.185054	-5.338078	-17.08185	-4.626335	-8.185054
110.09	87.18861	1414.641	-761.2988	61.92175	7.117439	-1189.754	-1307.473	32.02844	-209.9644	146.2633	82.91815	-6.049822	-5.338078	-17.08185	112824.4	608371.8	-31.6726	-4.270463	-6.049822	93.95018	182.5623	-4.626335	-8.185054	-5.338078	-17.08185	-4.626335	-8.185054
110.38	187.1886	-1586.359	-961.2988	-338.0782	-92.88256	-1989.754	-507.4733	-567.9716	-409.9644	46.26334	-17.08185	-6.049822	-5.338078	-17.08185	153741.4	764109.8	-31.6726	-4.270463	-6.049822	-6.049822	-17.43772	-4.626335	-8.185054	-5.338078	-17.08185	-4.626335	-8.185054
110.67	187.1886	1414.641	-1061.299	161.9218	107.1174	-488.7544	-7.473267	-267.9716	290.0356	246.2633	182.9182	-6.049822	-5.338078	-17.08185	126771.4	197822.8	-31.6726	-4.270463	-6.049822	193.9502	82.56228	-4.626335	-8.185054	-5.338078	-17.08185	-4.626335	-8.185054
110.95	87.18861	-385.3594	-1561.299	261.9218	307.1174	-488.7544	-707.4733	-167.9716	-609.9644	-53.73666	182.9182	-6.049822	-5.338078	-17.08185	64553.39	179488.8	-31.6726	-4.270463	-6.049822	93.95018	-17.43772	-4.626335	-8.185054	-5.338078	-17.08185	-4.626335	-8.185054
111.25	-12.81139	114.6406	439.7012	-138.0782	207.1174	-388.7544	-207.4733	-67.97156	-209.9644	246.2633	82.91815	-6.049822	-5.338078	-17.08185	58438.39	339385.8	-31.6726	-4.270463	-6.049822	293.9502	82.56228	-4.626335	-8.185054	-5.338078	-17.08185	-4.626335	-8.185054
111.54	-12.81139	1914.641	-861.2988	-138.0782	7.117439	-588.7544	-7.473267	-367.9716	190.0356	46.26334	82.91815	-6.049822	-5.338078	-17.08185	183174.4	98731.77	-31.6726	-4.270463	-6.049822	93.95018	82.56228	-4.626335	-8.185054	-5.338078	-17.08185	-4.626335	-8.185054
111.84	-12.81139	1014.641	-260.2988	161.9218	7.117439	-1189.754	-7.473267	-67.97156	-709.9644	46.26334	82.91815	-6.049822	-5.338078	-17.08185	98570.4	226134.8	-31.6726	95.72954	-6.049822	93.95018	82.56228	-4.626335	-8.185054	-5.338078	-17.08185	-4.626335	-8.185054
112.12	87.18861	-385.3594	-60.29883	561.9218	7.117439	-288.7544	-107.4733	432.0284	-109.9644	-53.73666	-17.08185	-6.049822	-5.338078	-17.08185	205410.4	141198.8	-31.6726	-4.270463	-6.049822	-6.049822	-17.43772	-4.626335	-8.185054	-5.338078	-17.08185	-4.626335	-8.185054
112.41	-12.81139	-185.3594	-1061.299	761.9218	-92.88256	-1289.754	-407.4733	732.0284	-209.9644	-53.73666	-17.08185	-6.049822	-5.338078	-17.08185	47214.39	171733.8	-31.6726	-4.270463	-6.049822	-6.049822	-17.43772	-4.626335	-8.185054	-5.338078	-17.08185	-4.626335	-8.185054
112.7	-12.81139	-585.3594	-1261.299	-238.0782	-92.88256	-1589.754	92.52673	32.02844	-109.9644	-53.73666	-17.08185	93.95018	-5.338078	-17.08185	110513.4	63324.77	-31.6726	-4.270463	-6.049822	93.95018	-17.43772	-4.626335	-8.185054	-5.338078	-17.08185	-4.626335	-8.185054
112.98	87.18861	-185.3594	-1361.299	561.9218	-92.88256	-1489.754	-907.4733	-267.9716	-109.9644	46.26334	82.91815	-6.049822	-5.338078	-17.08185	49318.39	70420.77	168.3274	-4.270463	-6.049822	93.95018	-17.43772	-4.626335	-8.185054	-5.338078	-17.08185	-4.626335	-8.185054
113.27	-12.81139	-285.3594	-1461.299	261.9218	-92.88256	-689.7544	-807.4733	132.0284	-9.964355	-53.73666	-17.08185	-6.049822	94.66192	-17.08185	14573.39	70420.77	-31.6726	-4.270463	-6.049822	93.95018	82.56228	-4.626335	-8.185054	94.66192	-17.08185	-4.626335	-8.185054
113.56	87.18861	914.6406	-1061.299	-238.0782	-92.88256	-1589.754	-207.4733	-467.9716	1090.036	-53.73666	-17.08185	-6.049822	-5.338078	-17.08185	48216.39	32264.77	-31.6726	95.72954	-6.049822	93.95018	-17.43772	-4.626335	-8.185054	-5.338078	-17.08185	-4.626335	-8.185054
113.84	-12.81139	-85.35938	-1461.299	261.9218	307.1174	-588.7544	-507.4733	-167.9716	690.0356	46.26334	382.9182	-6.049822	-5.338078	82.91815	89529.4	137522.8	68.3274	-4.270463	-6.049822	93.95018	82.56228	95.37366	-8.185054	-5.338078	82.91815	95.37366	-8.185054
114.13	-12.81139	114.6406	439.7012	161.9218	7.117439	-1589.754	-607.4733	-567.9716	-9.964355	-53.73666	82.91815	-6.049822	-5.338078	-17.08185	40101.39	70420.77	-31.6726	-4.270463	-6.049822	-6.049822	-17.43772	-4.626335	-8.185054	-5.338078	-17.08185	-4.626335	-8.185054
114.42	87.18861	514.6406	-360.2988	-338.0782	-92.88256	-2689.754	-7.473267	-267.9716	-9.964355	46.26334	-17.08185	-6.049822	-5.338078	-17.08185	6970.395	35469.77	-31.6726	-4.270463	-6.049822	-6.049822	-17.43772	-4.626335	-8.185054	-5.338078	-17.08185	-4.626335	-8.185054
114.71	187.1886	314.6406	-560.2988	361.9218	-92.88256	-288.7544	392.5267	132.0284	990.0356	-53.73666	-17.08185	-6.049822	-5.338078	-17.08185	56269.39	141198.8	-31.6726	-4.270463	-6.049822	-6.049822	-17.43772	-4.626335	-8.185054	-5.338078	-17.08185	-4.626335	-8.185054
115	-12.81139	-185.3594	-160.2988	-338.0782	7.117439	-1189.754	-507.4733	132.0284	590.0356	-53.73666	82.91815	-6.049822	-5.338078	-17.08185	3269.395	96932.77	68.3274	-4.270463	-6.049822	193.9502	182.5623	-4.626335	-8.185054	-5.338078	-17.08185	-4.626335	-8.185054
115.28	-12.81139	314.6406	-1361.299	-38.07825	-92.88256	-1589.754	-207.4733	-267.9716	-1009.964	46.26334	-17.08185	-6.049822	-5.338078	-17.08185	46112.39	187950.8	-31.6726	-4.270463	-6.049822	93.95018	-17.43772	-4.626335	-8.185054	-5.338078	-17.08185	-4.626335	-8.185054
115.58	-12.81139	414.6406	239.7012	-138.0782	7.117439	-1489.754	492.5267	232.0284	-309.9644	146.2633	-17.08185	-6.049822	94.66192	-17.08185	61745.39	98731.77	-31.6726	-4.270463	-6.049822	-6.049822	-17.43772	-4.626335	-8.185054	94.66192	-17.08185	-4.626335	-8.185054
115.86	87.18861	-1085.359	-1561.299	161.9218	-92.88256	-1589.754	-107.4733	132.0284	290.0356	-53.73666	-17.08185	-6.049822	-5.338078	-17.08185	63851.39	43481.77	-31.6726	-4.270463	-6.049822	-6.049822	-17.43772	-4.626335	-8.185054	-5.338078	-17.08185	-4.626335	-8.185054
116.15	87.18861	-385.3594	-460.2988	-238.0782	-92.88256	-2089.754	-907.4733	132.0284	90.03564	46.26334	-17.08185	-6.049822	-5.338078	82.91815	1869.395	131490.8	-31.6726	-4.270463	-6.049822	-6.049822	-17.43772	-4.626335	-8.185054	-5.338078	82.91815	-4.626335	-8.185054
116.43	87.18861	1014.641	-1161.299	161.9218	-92.88256	-1189.754	-7.473267	-67.97156	-409.9644	-53.73666	-17.08185	-6.049822	-5.338078	-17.08185	40802.39	53501.77	-31.6726	-4.270463	-6.049822	193.9502	-17.43772	-4.626335	-8.185054	-5.338078	-17.08185	-4.626335	-8.185054
116.72	-12.81139	514.6406	-1961.299	61.92175	-92.88256	-1289.754	392.5267	32.02844	-9.964355	-53.73666	182.9182	-6.049822	-5.338078	-17.08185	17875.39	19651.77	-31.6726	-4.270463	-6.049822	-6.049822	-17.43772	-4.626335	-8.185054	-5.338078	-17.08185	-4.626335	-8.185054
117	-12.81139	214.6406	-260.2988	-38.07825	7.117439	-1889.754	-1007.473	32.02844	-9.964355	46.26334	182.9182	-6.049822	-5.338078	-17.08185	69365.4	143.7722	68.3274	95.72954	-6.049822	93.95018	-17.43772	-4.626335	-8.185054	-5.338078	-17.08185	-4.626335	-8.185054
