ElapsedTime_s	Ti49_CPS	Al27_CPS	S33_CPS	Sc45_CPS	V51_CPS	Mn55_CPS	Fe57_CPS	Co59_CPS	Ni60_CPS	Ga71_CPS	Zr90_CPS	Nb93_CPS	Mo97_CPS	In113_CPS	Sn119_CPS	Sn118_CPS	Sb121_CPS	Hf177_CPS	Ta181_CPS	W183_CPS	Pb206_CPS	Th232_CPS	U238_CPS	Tc97_CPS	Cd113_CPS	U232_CPS	Pu238_CPS
0	-12.81139	-185.3594	-761.2988	-238.0782	-92.88256	-1289.754	-807.4733	432.0284	290.0356	46.26334	-17.08185	-6.049822	-5.338078	-17.08185	-130.605	21052.77	-31.6726	-4.270463	-6.049822	-6.049822	-17.43772	-4.626335	-8.185054	-5.338078	-17.08185	-4.626335	-8.185054
																											
12.21	-12.81139	2214.641	139.7012	61.92175	-92.88256	-2189.754	-207.4733	-67.97156	1190.036	46.26334	-17.08185	-6.049822	-5.338078	-17.08185	-30.60498	-356.2278	-31.6726	-4.270463	-6.049822	-6.049822	-17.43772	-4.626335	-8.185054	-5.338078	-17.08185	-4.626335	-8.185054
12.5	-12.81139	814.6406	-560.2988	-138.0782	107.1174	-789.7544	-107.4733	-167.9716	790.0356	-53.73666	-17.08185	-6.049822	-5.338078	-17.08185	-130.605	-56.22775	-31.6726	-4.270463	-6.049822	-6.049822	-17.43772	-4.626335	-8.185054	-5.338078	-17.08185	-4.626335	-8.185054
12.78	-12.81139	-285.3594	139.7012	161.9218	7.117439	-1789.754	-107.4733	132.0284	-9.964355	46.26334	-17.08185	-6.049822	-5.338078	-17.08185	169.395	-56.22775	-31.6726	-4.270463	-6.049822	-6.049822	-17.43772	-4.626335	-8.185054	-5.338078	-17.08185	-4.626335	-8.185054
13.07	-12.81139	214.6406	739.7012	-338.0782	-92.88256	211.2456	392.5267	232.0284	290.0356	46.26334	-17.08185	-6.049822	-5.338078	-17.08185	-130.605	343.7722	-31.6726	-4.270463	-6.049822	-6.049822	-17.43772	-4.626335	-8.185054	-5.338078	-17.08185	-4.626335	-8.185054
13.35	-12.81139	-485.3594	-1461.299	361.9218	-92.88256	-1289.754	-207.4733	332.0284	-209.9644	-53.73666	-17.08185	-6.049822	-5.338078	-17.08185	-130.605	143.7722	-31.6726	-4.270463	-6.049822	-6.049822	-17.43772	-4.626335	-8.185054	-5.338078	-17.08185	-4.626335	-8.185054
13.64	-12.81139	2114.641	-360.2988	161.9218	107.1174	-1289.754	-607.4733	-267.9716	190.0356	-53.73666	-17.08185	-6.049822	-5.338078	82.91815	-30.60498	-156.2278	-31.6726	-4.270463	-6.049822	-6.049822	-17.43772	-4.626335	-8.185054	-5.338078	82.91815	-4.626335	-8.185054
13.92	-12.81139	814.6406	39.70117	-438.0782	107.1174	-1589.754	292.5267	432.0284	-209.9644	-53.73666	-17.08185	-6.049822	-5.338078	-17.08185	69.39502	-56.22775	-31.6726	-4.270463	-6.049822	-6.049822	-17.43772	-4.626335	-8.185054	-5.338078	-17.08185	-4.626335	-8.185054
14.21	-12.81139	-985.3594	-1761.299	-238.0782	-92.88256	-1689.754	-407.4733	32.02844	1290.036	-53.73666	82.91815	-6.049822	94.66192	-17.08185	-30.60498	-256.2278	-31.6726	-4.270463	-6.049822	93.95018	-17.43772	-4.626335	-8.185054	94.66192	-17.08185	-4.626335	-8.185054
14.49	-12.81139	1914.641	-160.2988	-38.07825	7.117439	-989.7544	92.52673	-267.9716	290.0356	-53.73666	82.91815	-6.049822	-5.338078	-17.08185	269.395	-156.2278	68.3274	-4.270463	-6.049822	-6.049822	-17.43772	-4.626335	-8.185054	-5.338078	-17.08185	-4.626335	-8.185054
14.78	-12.81139	-685.3594	-861.2988	61.92175	-92.88256	-1089.754	-107.4733	132.0284	290.0356	46.26334	-17.08185	-6.049822	-5.338078	-17.08185	54829.39	-256.2278	-31.6726	-4.270463	-6.049822	93.95018	82.56228	-4.626335	91.81495	-5.338078	-17.08185	-4.626335	91.81495
15.06	87.18861	14.64062	-961.2988	261.9218	-92.88256	111.2456	-7.473267	32.02844	-309.9644	146.2633	-17.08185	-6.049822	-5.338078	-17.08185	-130.605	143.7722	-31.6726	-4.270463	-6.049822	-6.049822	-17.43772	-4.626335	-8.185054	-5.338078	-17.08185	-4.626335	-8.185054
15.35	-12.81139	714.6406	-1961.299	-238.0782	7.117439	-789.7544	-7.473267	-367.9716	-9.964355	146.2633	-17.08185	-6.049822	-5.338078	-17.08185	169.395	643.7722	-31.6726	-4.270463	-6.049822	-6.049822	-17.43772	-4.626335	-8.185054	-5.338078	-17.08185	-4.626335	-8.185054
15.63	-12.81139	214.6406	-560.2988	-138.0782	-92.88256	-388.7544	-407.4733	-267.9716	190.0356	-53.73666	182.9182	-6.049822	-5.338078	-17.08185	-130.605	-56.22775	-31.6726	-4.270463	-6.049822	-6.049822	-17.43772	-4.626335	-8.185054	-5.338078	-17.08185	-4.626335	-8.185054
15.92	-12.81139	714.6406	-160.2988	361.9218	107.1174	-789.7544	292.5267	232.0284	290.0356	46.26334	82.91815	-6.049822	-5.338078	-17.08185	-30.60498	-156.2278	-31.6726	-4.270463	-6.049822	-6.049822	-17.43772	-4.626335	-8.185054	-5.338078	-17.08185	-4.626335	-8.185054
16.2	-12.81139	114.6406	-1061.299	461.9218	7.117439	-1589.754	-7.473267	232.0284	-309.9644	-53.73666	-17.08185	-6.049822	-5.338078	82.91815	37998.39	343.7722	68.3274	-4.270463	-6.049822	-6.049822	-17.43772	-4.626335	-8.185054	-5.338078	82.91815	-4.626335	-8.185054
16.49	-12.81139	-1285.359	-1361.299	561.9218	-92.88256	-1289.754	292.5267	-167.9716	-309.9644	-53.73666	-17.08185	-6.049822	-5.338078	-17.08185	-130.605	43.77225	-31.6726	-4.270463	-6.049822	-6.049822	-17.43772	-4.626335	-8.185054	-5.338078	-17.08185	-4.626335	-8.185054
16.77	-12.81139	1514.641	-1761.299	261.9218	-92.88256	211.2456	-407.4733	-367.9716	90.03564	146.2633	-17.08185	-6.049822	-5.338078	-17.08185	69.39502	443.7722	-31.6726	-4.270463	-6.049822	-6.049822	-17.43772	-4.626335	-8.185054	-5.338078	-17.08185	-4.626335	-8.185054
17.06	-12.81139	-85.35938	-1161.299	-38.07825	7.117439	-1089.754	-307.4733	1032.028	190.0356	-53.73666	82.91815	-6.049822	-5.338078	-17.08185	-130.605	243.7722	-31.6726	-4.270463	-6.049822	-6.049822	-17.43772	-4.626335	-8.185054	-5.338078	-17.08185	-4.626335	-8.185054
17.34	-12.81139	614.6406	-260.2988	-238.0782	7.117439	-1589.754	-107.4733	132.0284	-209.9644	146.2633	82.91815	-6.049822	-5.338078	-17.08185	69.39502	43.77225	-31.6726	-4.270463	-6.049822	-6.049822	-17.43772	95.37366	-8.185054	-5.338078	-17.08185	95.37366	-8.185054
17.63	187.1886	1314.641	-861.2988	-38.07825	7.117439	-1489.754	-307.4733	-267.9716	-109.9644	-53.73666	-17.08185	-6.049822	-5.338078	-17.08185	169.395	143.7722	-31.6726	95.72954	-6.049822	-6.049822	-17.43772	-4.626335	-8.185054	-5.338078	-17.08185	-4.626335	-8.185054
17.91	-12.81139	-85.35938	239.7012	461.9218	-92.88256	-488.7544	-807.4733	132.0284	-809.9644	-53.73666	-17.08185	-6.049822	-5.338078	-17.08185	-130.605	-256.2278	-31.6726	-4.270463	-6.049822	-6.049822	-17.43772	-4.626335	-8.185054	-5.338078	-17.08185	-4.626335	-8.185054
18.2	-12.81139	1014.641	839.7012	-438.0782	7.117439	-989.7544	-307.4733	432.0284	-9.964355	146.2633	-17.08185	-6.049822	-5.338078	-17.08185	-130.605	-56.22775	-31.6726	-4.270463	-6.049822	-6.049822	182.5623	-4.626335	-8.185054	-5.338078	-17.08185	-4.626335	-8.185054
18.48	-12.81139	-185.3594	-460.2988	61.92175	-92.88256	-2389.754	-207.4733	132.0284	-109.9644	46.26334	-17.08185	-6.049822	-5.338078	-17.08185	-30.60498	-56.22775	-31.6726	-4.270463	-6.049822	-6.049822	-17.43772	95.37366	-8.185054	-5.338078	-17.08185	95.37366	-8.185054
18.77	87.18861	-1285.359	-460.2988	-338.0782	-92.88256	-689.7544	-107.4733	132.0284	-309.9644	-53.73666	-17.08185	-6.049822	-5.338078	82.91815	69.39502	43.77225	68.3274	-4.270463	-6.049822	-6.049822	-17.43772	-4.626335	-8.185054	-5.338078	82.91815	-4.626335	-8.185054
19.05	-12.81139	-385.3594	-360.2988	761.9218	-92.88256	-989.7544	-407.4733	-67.97156	-9.964355	-53.73666	-17.08185	-6.049822	-5.338078	-17.08185	-130.605	43.77225	-31.6726	-4.270463	-6.049822	-6.049822	-17.43772	-4.626335	-8.185054	-5.338078	-17.08185	-4.626335	-8.185054
19.34	87.18861	14.64062	-1161.299	61.92175	-92.88256	-1489.754	-707.4733	32.02844	290.0356	46.26334	-17.08185	-6.049822	-5.338078	-17.08185	-30.60498	-356.2278	-31.6726	-4.270463	-6.049822	-6.049822	-17.43772	-4.626335	-8.185054	-5.338078	-17.08185	-4.626335	-8.185054
19.62	-12.81139	114.6406	-1361.299	61.92175	7.117439	-789.7544	692.5267	232.0284	-609.9644	-53.73666	-17.08185	-6.049822	-5.338078	-17.08185	169.395	-156.2278	-31.6726	-4.270463	-6.049822	-6.049822	-17.43772	-4.626335	-8.185054	-5.338078	-17.08185	-4.626335	-8.185054
19.9	-12.81139	-485.3594	139.7012	-138.0782	7.117439	-789.7544	192.5267	32.02844	290.0356	-53.73666	-17.08185	-6.049822	-5.338078	-17.08185	69.39502	-156.2278	-31.6726	-4.270463	-6.049822	-6.049822	-17.43772	-4.626335	-8.185054	-5.338078	-17.08185	-4.626335	-8.185054
20.19	-12.81139	-385.3594	139.7012	161.9218	-92.88256	-2389.754	92.52673	-67.97156	-9.964355	-53.73666	82.91815	-6.049822	-5.338078	-17.08185	33892.39	-56.22775	-31.6726	-4.270463	-6.049822	-6.049822	-17.43772	-4.626335	-8.185054	-5.338078	-17.08185	-4.626335	-8.185054
20.47	-12.81139	-785.3594	-260.2988	-238.0782	-92.88256	-1989.754	-507.4733	-167.9716	890.0356	-53.73666	-17.08185	-6.049822	-5.338078	-17.08185	-130.605	-256.2278	-31.6726	95.72954	-6.049822	-6.049822	82.56228	-4.626335	-8.185054	-5.338078	-17.08185	-4.626335	-8.185054
20.76	-12.81139	114.6406	-260.2988	461.9218	7.117439	-689.7544	-7.473267	232.0284	390.0356	46.26334	-17.08185	-6.049822	-5.338078	-17.08185	-130.605	143.7722	-31.6726	-4.270463	-6.049822	-6.049822	-17.43772	-4.626335	-8.185054	-5.338078	-17.08185	-4.626335	-8.185054
21.04	-12.81139	1314.641	-761.2988	61.92175	907.1174	-1089.754	-507.4733	-67.97156	90.03564	-53.73666	-17.08185	-6.049822	-5.338078	-17.08185	69.39502	-156.2278	-31.6726	-4.270463	-6.049822	-6.049822	-17.43772	-4.626335	-8.185054	-5.338078	-17.08185	-4.626335	-8.185054
21.33	-12.81139	-985.3594	-1061.299	161.9218	7.117439	111.2456	-7.473267	-67.97156	390.0356	46.26334	-17.08185	-6.049822	-5.338078	-17.08185	-30.60498	-156.2278	-31.6726	-4.270463	-6.049822	-6.049822	-17.43772	-4.626335	91.81495	-5.338078	-17.08185	-4.626335	91.81495
21.61	-12.81139	-585.3594	-360.2988	661.9218	7.117439	11.24561	92.52673	-367.9716	-509.9644	46.26334	-17.08185	-6.049822	-5.338078	-17.08185	-30.60498	43.77225	-31.6726	-4.270463	-6.049822	-6.049822	82.56228	-4.626335	91.81495	-5.338078	-17.08185	-4.626335	91.81495
21.9	-12.81139	514.6406	-861.2988	161.9218	7.117439	-1589.754	-7.473267	-167.9716	90.03564	-53.73666	82.91815	-6.049822	-5.338078	-17.08185	22179.39	143.7722	-31.6726	-4.270463	-6.049822	-6.049822	-17.43772	-4.626335	-8.185054	-5.338078	-17.08185	-4.626335	-8.185054
22.18	-12.81139	914.6406	-460.2988	261.9218	107.1174	-1389.754	92.52673	32.02844	890.0356	-53.73666	-17.08185	-6.049822	-5.338078	-17.08185	-30.60498	-156.2278	-31.6726	-4.270463	-6.049822	-6.049822	-17.43772	-4.626335	-8.185054	-5.338078	-17.08185	-4.626335	-8.185054
22.47	-12.81139	814.6406	-660.2988	-338.0782	7.117439	-1489.754	-7.473267	432.0284	190.0356	-53.73666	-17.08185	-6.049822	-5.338078	-17.08185	-130.605	-56.22775	-31.6726	-4.270463	-6.049822	-6.049822	-17.43772	-4.626335	-8.185054	-5.338078	-17.08185	-4.626335	-8.185054
22.75	87.18861	614.6406	-560.2988	-638.0782	107.1174	-1289.754	-307.4733	-267.9716	-409.9644	46.26334	-17.08185	-6.049822	-5.338078	-17.08185	-30.60498	43.77225	-31.6726	-4.270463	-6.049822	-6.049822	-17.43772	-4.626335	-8.185054	-5.338078	-17.08185	-4.626335	-8.185054
23.04	-12.81139	214.6406	-560.2988	61.92175	-92.88256	-1489.754	-307.4733	332.0284	590.0356	-53.73666	-17.08185	-6.049822	-5.338078	-17.08185	-30.60498	-56.22775	-31.6726	-4.270463	-6.049822	-6.049822	-17.43772	-4.626335	-8.185054	-5.338078	-17.08185	-4.626335	-8.185054
23.32	87.18861	-485.3594	-1761.299	-138.0782	-92.88256	-2189.754	-907.4733	-67.97156	-109.9644	-53.73666	-17.08185	-6.049822	-5.338078	-17.08185	69.39502	-56.22775	68.3274	95.72954	-6.049822	-6.049822	-17.43772	-4.626335	-8.185054	-5.338078	-17.08185	-4.626335	-8.185054
23.61	-12.81139	1714.641	539.7012	-338.0782	7.117439	-1289.754	-107.4733	232.0284	1490.036	-53.73666	-17.08185	-6.049822	-5.338078	-17.08185	-130.605	-356.2278	-31.6726	-4.270463	-6.049822	-6.049822	-17.43772	-4.626335	-8.185054	-5.338078	-17.08185	-4.626335	-8.185054
23.89	-12.81139	714.6406	-460.2988	-538.0782	107.1174	-689.7544	-1107.473	-67.97156	290.0356	46.26334	-17.08185	-6.049822	-5.338078	-17.08185	-30.60498	43.77225	-31.6726	-4.270463	-6.049822	-6.049822	-17.43772	-4.626335	-8.185054	-5.338078	-17.08185	-4.626335	-8.185054
24.18	-12.81139	1414.641	-1161.299	-138.0782	-92.88256	-1489.754	292.5267	-167.9716	390.0356	-53.73666	-17.08185	-6.049822	-5.338078	82.91815	-130.605	10745.77	-31.6726	-4.270463	-6.049822	-6.049822	-17.43772	-4.626335	-8.185054	-5.338078	82.91815	-4.626335	-8.185054
24.46	-12.81139	914.6406	-1161.299	561.9218	7.117439	-1789.754	292.5267	532.0284	-109.9644	46.26334	82.91815	-6.049822	94.66192	-17.08185	69.39502	-156.2278	68.3274	-4.270463	-6.049822	-6.049822	-17.43772	-4.626335	-8.185054	94.66192	-17.08185	-4.626335	-8.185054
24.75	-12.81139	1514.641	-1561.299	161.9218	-92.88256	-2189.754	-507.4733	-67.97156	-209.9644	146.2633	82.91815	-6.049822	-5.338078	-17.08185	-130.605	43.77225	-31.6726	-4.270463	-6.049822	-6.049822	-17.43772	-4.626335	-8.185054	-5.338078	-17.08185	-4.626335	-8.185054
25.03	-12.81139	214.6406	-761.2988	-38.07825	7.117439	211.2456	-207.4733	-367.9716	-509.9644	46.26334	-17.08185	-6.049822	-5.338078	-17.08185	-130.605	-56.22775	-31.6726	-4.270463	-6.049822	-6.049822	-17.43772	-4.626335	-8.185054	-5.338078	-17.08185	-4.626335	-8.185054
25.32	-12.81139	1014.641	-360.2988	61.92175	-92.88256	-1889.754	492.5267	-367.9716	-109.9644	-53.73666	-17.08185	-6.049822	-5.338078	-17.08185	-130.605	-256.2278	-31.6726	-4.270463	-6.049822	-6.049822	-17.43772	-4.626335	-8.185054	-5.338078	-17.08185	-4.626335	-8.185054
25.6	-12.81139	414.6406	-961.2988	-338.0782	7.117439	-889.7544	-107.4733	-67.97156	90.03564	-53.73666	-17.08185	-6.049822	-5.338078	-17.08185	-130.605	43.77225	68.3274	-4.270463	-6.049822	-6.049822	-17.43772	-4.626335	-8.185054	-5.338078	-17.08185	-4.626335	-8.185054
25.89	-12.81139	414.6406	-560.2988	-238.0782	107.1174	-889.7544	-107.4733	-67.97156	90.03564	-53.73666	-17.08185	-6.049822	-5.338078	-17.08185	-130.605	-256.2278	68.3274	-4.270463	-6.049822	-6.049822	-17.43772	-4.626335	-8.185054	-5.338078	-17.08185	-4.626335	-8.185054
26.17	87.18861	614.6406	-360.2988	-238.0782	-92.88256	-989.7544	-7.473267	-367.9716	190.0356	-53.73666	-17.08185	-6.049822	-5.338078	-17.08185	-30.60498	343.7722	-31.6726	-4.270463	93.95018	-6.049822	-17.43772	-4.626335	-8.185054	-5.338078	-17.08185	-4.626335	-8.185054
26.46	-12.81139	814.6406	-1161.299	-838.0782	-92.88256	-2289.754	-607.4733	132.0284	-109.9644	-53.73666	-17.08185	-6.049822	-5.338078	82.91815	-130.605	43.77225	-31.6726	-4.270463	-6.049822	-6.049822	-17.43772	-4.626335	-8.185054	-5.338078	82.91815	-4.626335	-8.185054
26.74	-12.81139	814.6406	-1461.299	-138.0782	7.117439	-789.7544	792.5267	132.0284	-109.9644	46.26334	82.91815	-6.049822	94.66192	-17.08185	-30.60498	143.7722	-31.6726	-4.270463	-6.049822	-6.049822	-17.43772	-4.626335	-8.185054	94.66192	-17.08185	-4.626335	-8.185054
27.03	87.18861	514.6406	-1161.299	-238.0782	207.1174	311.2456	192.5267	-167.9716	-409.9644	-53.73666	-17.08185	93.95018	-5.338078	-17.08185	169.395	-156.2278	-31.6726	-4.270463	-6.049822	-6.049822	-17.43772	-4.626335	-8.185054	-5.338078	-17.08185	-4.626335	-8.185054
27.31	-12.81139	314.6406	-1061.299	-238.0782	7.117439	-1489.754	-207.4733	-167.9716	-309.9644	46.26334	-17.08185	-6.049822	-5.338078	-17.08185	69.39502	43.77225	-31.6726	-4.270463	-6.049822	-6.049822	-17.43772	-4.626335	-8.185054	-5.338078	-17.08185	-4.626335	-8.185054
27.6	87.18861	-985.3594	-460.2988	-238.0782	107.1174	-1789.754	-707.4733	-267.9716	390.0356	-53.73666	-17.08185	-6.049822	-5.338078	-17.08185	-30.60498	43.77225	-31.6726	-4.270463	-6.049822	-6.049822	-17.43772	-4.626335	-8.185054	-5.338078	-17.08185	-4.626335	-8.185054
27.88	87.18861	-685.3594	239.7012	-138.0782	-92.88256	-1189.754	-207.4733	32.02844	-9.964355	46.26334	-17.08185	-6.049822	-5.338078	82.91815	-130.605	243.7722	-31.6726	-4.270463	-6.049822	-6.049822	-17.43772	-4.626335	-8.185054	-5.338078	82.91815	-4.626335	-8.185054
28.17	187.1886	414.6406	-160.2988	-38.07825	107.1174	-1489.754	-507.4733	-367.9716	-9.964355	-53.73666	-17.08185	93.95018	-5.338078	-17.08185	-30.60498	-356.2278	-31.6726	-4.270463	-6.049822	93.95018	82.56228	-4.626335	-8.185054	-5.338078	-17.08185	-4.626335	-8.185054
28.45	-12.81139	314.6406	-861.2988	-138.0782	7.117439	-889.7544	-507.4733	-67.97156	690.0356	-53.73666	-17.08185	-6.049822	-5.338078	-17.08185	69.39502	43.77225	-31.6726	-4.270463	-6.049822	-6.049822	82.56228	-4.626335	-8.185054	-5.338078	-17.08185	-4.626335	-8.185054
28.74	-12.81139	14.64062	-1161.299	-138.0782	-92.88256	-989.7544	-807.4733	-467.9716	390.0356	146.2633	-17.08185	-6.049822	-5.338078	82.91815	269.395	-156.2278	68.3274	-4.270463	93.95018	-6.049822	-17.43772	-4.626335	-8.185054	-5.338078	82.91815	-4.626335	-8.185054
29.02	-12.81139	1814.641	-360.2988	-138.0782	-92.88256	-1789.754	592.5267	232.0284	-209.9644	-53.73666	-17.08185	-6.049822	-5.338078	-17.08185	-130.605	143.7722	-31.6726	95.72954	-6.049822	-6.049822	-17.43772	-4.626335	-8.185054	-5.338078	-17.08185	-4.626335	-8.185054
29.31	-12.81139	-485.3594	339.7012	161.9218	7.117439	-889.7544	-307.4733	-467.9716	-9.964355	-53.73666	-17.08185	-6.049822	-5.338078	-17.08185	-130.605	-156.2278	68.3274	-4.270463	-6.049822	-6.049822	-17.43772	-4.626335	-8.185054	-5.338078	-17.08185	-4.626335	-8.185054
29.59	-12.81139	-385.3594	-761.2988	-238.0782	107.1174	-1989.754	-407.4733	-67.97156	290.0356	46.26334	-17.08185	-6.049822	-5.338078	82.91815	-30.60498	-156.2278	-31.6726	-4.270463	-6.049822	-6.049822	-17.43772	-4.626335	-8.185054	-5.338078	82.91815	-4.626335	-8.185054
29.88	-12.81139	714.6406	-1361.299	-638.0782	-92.88256	-889.7544	92.52673	-267.9716	790.0356	-53.73666	-17.08185	-6.049822	-5.338078	-17.08185	169.395	-156.2278	-31.6726	-4.270463	-6.049822	-6.049822	-17.43772	-4.626335	-8.185054	-5.338078	-17.08185	-4.626335	-8.185054
30.16	87.18861	1214.641	-861.2988	161.9218	107.1174	-288.7544	192.5267	232.0284	390.0356	-53.73666	-17.08185	-6.049822	-5.338078	82.91815	69.39502	43.77225	-31.6726	-4.270463	-6.049822	-6.049822	-17.43772	95.37366	-8.185054	-5.338078	82.91815	95.37366	-8.185054
30.45	-12.81139	-1185.359	-1661.299	461.9218	7.117439	-1989.754	-707.4733	32.02844	-9.964355	-53.73666	82.91815	-6.049822	-5.338078	-17.08185	69.39502	143.7722	-31.6726	-4.270463	-6.049822	-6.049822	-17.43772	-4.626335	-8.185054	-5.338078	-17.08185	-4.626335	-8.185054
30.73	-12.81139	814.6406	-560.2988	-138.0782	-92.88256	-789.7544	-307.4733	132.0284	1190.036	-53.73666	-17.08185	-6.049822	-5.338078	-17.08185	69.39502	-56.22775	-31.6726	-4.270463	-6.049822	-6.049822	-17.43772	-4.626335	-8.185054	-5.338078	-17.08185	-4.626335	-8.185054
31.02	-12.81139	314.6406	-560.2988	-438.0782	7.117439	-789.7544	-307.4733	32.02844	190.0356	-53.73666	82.91815	-6.049822	-5.338078	-17.08185	-30.60498	143.7722	-31.6726	-4.270463	-6.049822	-6.049822	-17.43772	-4.626335	-8.185054	-5.338078	-17.08185	-4.626335	-8.185054
31.3	87.18861	514.6406	-861.2988	61.92175	7.117439	-288.7544	-307.4733	732.0284	-309.9644	46.26334	-17.08185	-6.049822	-5.338078	82.91815	-130.605	43.77225	-31.6726	-4.270463	-6.049822	-6.049822	-17.43772	-4.626335	-8.185054	-5.338078	82.91815	-4.626335	-8.185054
31.59	-12.81139	-285.3594	-861.2988	-38.07825	-92.88256	-1989.754	192.5267	532.0284	290.0356	46.26334	-17.08185	-6.049822	-5.338078	-17.08185	69.39502	143.7722	-31.6726	-4.270463	-6.049822	-6.049822	-17.43772	-4.626335	-8.185054	-5.338078	-17.08185	-4.626335	-8.185054
31.87	87.18861	414.6406	239.7012	61.92175	-92.88256	-488.7544	-707.4733	-167.9716	390.0356	-53.73666	-17.08185	-6.049822	-5.338078	-17.08185	169.395	-156.2278	68.3274	-4.270463	-6.049822	-6.049822	-17.43772	-4.626335	-8.185054	-5.338078	-17.08185	-4.626335	-8.185054
32.16	-12.81139	514.6406	-160.2988	-238.0782	-92.88256	-1089.754	-607.4733	132.0284	-309.9644	46.26334	-17.08185	-6.049822	-5.338078	-17.08185	-130.605	-156.2278	-31.6726	-4.270463	-6.049822	-6.049822	-17.43772	-4.626335	-8.185054	-5.338078	-17.08185	-4.626335	-8.185054
32.44	87.18861	-785.3594	-60.29883	-138.0782	207.1174	-1389.754	92.52673	32.02844	390.0356	-53.73666	82.91815	-6.049822	-5.338078	-17.08185	-130.605	243.7722	-31.6726	95.72954	-6.049822	-6.049822	-17.43772	-4.626335	-8.185054	-5.338078	-17.08185	-4.626335	-8.185054
32.73	-12.81139	-285.3594	-160.2988	461.9218	-92.88256	811.2456	-207.4733	-267.9716	-609.9644	46.26334	82.91815	-6.049822	-5.338078	-17.08185	-30.60498	-56.22775	-31.6726	-4.270463	-6.049822	-6.049822	-17.43772	-4.626335	-8.185054	-5.338078	-17.08185	-4.626335	-8.185054
33.01	87.18861	114.6406	-1361.299	-438.0782	107.1174	-2289.754	192.5267	32.02844	90.03564	-53.73666	-17.08185	-6.049822	-5.338078	-17.08185	-30.60498	-156.2278	-31.6726	-4.270463	-6.049822	-6.049822	-17.43772	-4.626335	-8.185054	-5.338078	-17.08185	-4.626335	-8.185054
33.3	-12.81139	14.64062	-560.2988	-138.0782	7.117439	-2589.754	-207.4733	232.0284	-909.9644	146.2633	-17.08185	-6.049822	-5.338078	-17.08185	-130.605	-56.22775	68.3274	-4.270463	-6.049822	-6.049822	-17.43772	-4.626335	-8.185054	-5.338078	-17.08185	-4.626335	-8.185054
33.58	-12.81139	414.6406	639.7012	161.9218	7.117439	-88.75439	-607.4733	32.02844	190.0356	-53.73666	-17.08185	93.95018	-5.338078	-17.08185	169.395	43.77225	-31.6726	-4.270463	-6.049822	-6.049822	-17.43772	-4.626335	-8.185054	-5.338078	-17.08185	-4.626335	-8.185054
33.87	-12.81139	-185.3594	239.7012	-238.0782	-92.88256	-1289.754	-7.473267	332.0284	-609.9644	-53.73666	-17.08185	-6.049822	-5.338078	-17.08185	369.395	943.7722	-31.6726	-4.270463	-6.049822	93.95018	-17.43772	-4.626335	-8.185054	-5.338078	-17.08185	-4.626335	-8.185054
34.16	87.18861	248910.6	-560.2988	161.9218	-92.88256	10515.25	67689.52	32.02844	-609.9644	646.2634	482.9182	-6.049822	-5.338078	-17.08185	112120.4	636687.8	-31.6726	-4.270463	293.9502	193.9502	1182.562	-4.626335	-8.185054	-5.338078	-17.08185	-4.626335	-8.185054
34.45	187.1886	3423149	-460.2988	-138.0782	407.1174	41655.25	249045.5	-67.97156	-209.9644	2146.263	1682.918	293.9502	-5.338078	-17.08185	277098.4	282759.8	-31.6726	95.72954	393.9502	1193.95	482.5623	95.37366	391.8149	-5.338078	-17.08185	95.37366	391.8149
34.73	287.1886		1839.701	-38.07825	307.1174	46965.25	339102.5	232.0284	190.0356	2946.263	3382.918	493.9502	94.66192	-17.08185	193617.4	441208.8	68.3274	195.7295	393.9502	993.9502	1082.562	-4.626335	191.8149	94.66192	-17.08185	-4.626335	191.8149
35.02	487.1886		1339.701	1061.922	407.1174	64208.25	526212.5	-67.97156	490.0356	3446.263	4182.918	393.9502	-5.338078	-17.08185	164811.4	451999.8	68.3274	195.7295	93.95018	1193.95	1882.562	95.37366	91.81495	-5.338078	-17.08185	95.37366	91.81495
35.31	187.1886		1039.701	261.9218	407.1174	65210.25	483926.5	32.02844	1390.036	5047.263	5583.918	693.9502	-5.338078	-17.08185	150320.4	453323.8	-31.6726	395.7295	193.9502	1093.95	1182.562	-4.626335	291.8149	-5.338078	-17.08185	-4.626335	291.8149
35.6	487.1886		-160.2988	1061.922	307.1174	64107.25	482133.5	632.0284	290.0356	4046.263	3982.918	593.9502	94.66192	-17.08185	141469.4	389560.8	68.3274	595.7296	393.9502	893.9502	582.5623	-4.626335	91.81495	94.66192	-17.08185	-4.626335	91.81495
35.88	687.1886		139.7012	361.9218	707.1174	66213.24	489882.5	132.0284	90.03564	4246.263	5483.918	793.9502	-5.338078	-17.08185	139458.4	349981.8	-31.6726	195.7295	393.9502	493.9502	882.5623	95.37366	491.8149	-5.338078	-17.08185	95.37366	491.8149
36.17	187.1886		1139.701	1061.922	307.1174	77348.24	583875.5	232.0284	190.0356	5247.263	5883.918	993.9502	94.66192	82.91815	161389.4	408459.8	-31.6726	-4.270463	493.9502	293.9502	882.5623	-4.626335	291.8149	94.66192	82.91815	-4.626335	291.8149
36.45	387.1886		3040.701	1661.922	707.1174	76846.24	602716.5	-67.97156	-509.9644	4646.263	4982.918	693.9502	-5.338078	-17.08185	173168.4	407747.8	268.3274	95.72954	293.9502	793.9502	782.5623	95.37366	491.8149	-5.338078	-17.08185	95.37366	491.8149
36.74	787.1886		839.7012	461.9218	407.1174	73736.24	619111.5	-67.97156	290.0356	5247.263	6183.918	793.9502	-5.338078	-17.08185	157867.4	433170.8	-31.6726	95.72954	493.9502	393.9502	1382.562	95.37366	391.8149	-5.338078	-17.08185	95.37366	391.8149
37.02	-12.81139		3140.701	261.9218	707.1174	82566.24	648442.5	632.0284	-609.9644	4446.263	5183.918	593.9502	-5.338078	-17.08185	202084.4	657999.8	68.3274	195.7295	193.9502	393.9502	1682.562	95.37366	1191.815	-5.338078	-17.08185	95.37366	1191.815
37.32	-12.81139		1339.701	861.9218	1007.117	80659.24	650598.5	-167.9716	690.0356	5047.263	5883.918	993.9502	94.66192	-17.08185	276794.4	693318.8	-31.6726	395.7295	593.9502	1093.95	982.5623	-4.626335	491.8149	94.66192	-17.08185	-4.626335	491.8149
37.6	-12.81139		739.7012	661.9218	1107.117	82967.24	730053.5	-467.9716	-309.9644	5547.263	4882.918	693.9502	-5.338078	182.9182	350004.4	1002253	68.3274	195.7295	593.9502	693.9502	1682.562	-4.626335	691.8149	-5.338078	182.9182	-4.626335	691.8149
37.89	387.1886		2039.701	761.9218	207.1174	94109.24	690551.5	32.02844	-109.9644	4246.263	6283.918	1193.95	-5.338078	-17.08185	479302.4	1216873	-31.6726	195.7295	-6.049822	393.9502	1482.562	295.3737	691.8149	-5.338078	-17.08185	295.3737	691.8149
38.17	1087.189		2639.701	161.9218	207.1174	88487.24	704226.5	432.0284	-309.9644	5347.263	7383.918	693.9502	-5.338078	-17.08185	672395.4	1963677	-31.6726	95.72954	393.9502	1093.95	1582.562	-4.626335	991.8149	-5.338078	-17.08185	-4.626335	991.8149
38.46	587.1886		2039.701	2161.922	607.1174	97924.24	691476.5	32.02844	690.0356	5947.263	8684.918	993.9502	-5.338078	82.91815	7198212	2.012888e+07	168.3274	295.7295	193.9502	793.9502	4882.562	195.3737	991.8149	-5.338078	82.91815	195.3737	991.8149
38.74	1787.189		3240.701	4862.922	5308.118	97322.24	720377.5	632.0284	990.0356	6747.263	13686.92	493.9502	94.66192	182.9182	2.569881e+07	6.770885e+07	168.3274	1495.729	393.9502	3093.95	5583.562	195.3737	791.8149	94.66192	182.9182	195.3737	791.8149
39.03	2487.189		2339.701	7863.922	7108.118	89692.24	595240.5	932.0284	1290.036	6647.263	16688.92	1093.95	-5.338078	482.9182	4.141373e+07	1.06395e+08	-31.6726	1395.729	493.9502	5094.95	7883.562	-4.626335	1291.815	-5.338078	482.9182	-4.626335	1291.815
39.32	2787.189		2739.701	12665.92	8909.117	61199.25	497429.5	832.0284	1490.036	10148.26	22292.92	493.9502	-5.338078	282.9182	7.134147e+07	1.581993e+08	468.3274	995.7296	293.9502	4193.95	13286.56	95.37366	291.8149	-5.338078	282.9182	95.37366	291.8149
39.6	5088.188		5140.701	24174.92	11610.12	49671.25	373286.5	832.0284	2590.036	8147.263	32002.92	693.9502	-5.338078	682.9182	9.033945e+07	2.222944e+08	968.3274	1595.729	493.9502	6194.95	9984.562	95.37366	1691.815	-5.338078	682.9182	95.37366	1691.815
39.89	4087.189	4526496	2239.701	39794.92	9009.117	42957.25	291403.5	932.0284	2890.036	13149.26	32203.92	593.9502	-5.338078	1282.918	1.006089e+08	2.603547e+08	1968.327	1195.729	393.9502	7794.95	10384.56	195.3737	2491.815	-5.338078	1282.918	195.3737	2491.815
40.18	2887.189	3818520	4440.701	52819.92	5608.118	33741.25	259855.5	3132.028	3491.036	16852.26	39113.92	393.9502	-5.338078	1482.918	1.156098e+08	2.583515e+08	2068.327	1495.729	393.9502	12996.95	10984.56	-4.626335	3091.815	-5.338078	1482.918	-4.626335	3091.815
40.46	1987.189	2967348	4440.701	80995.92	4507.118	26631.25	240663.5	2432.028	3090.036	22056.26	40214.92	293.9502	94.66192	2082.918	1.152457e+08	2.98418e+08	2768.327	1095.729	293.9502	16498.95	11485.56	195.3737	4091.815	94.66192	2082.918	195.3737	4091.815
40.75	1287.189	2486281	2339.701	101973.9	4007.117	18522.25	204541.5	2532.028	2490.036	26560.26	37610.92	393.9502	94.66192	2382.918	1.128579e+08	2.904044e+08	3168.327	495.7295	193.9502	19501.95	13686.56	-4.626335	4491.815	94.66192	2382.918	-4.626335	4491.815
41.03	1887.189	2561558	3040.701	114427.9	3807.117	16120.25	162732.5	2732.028	2790.036	24558.26	43620.92	-6.049822	-5.338078	2682.918	1.231193e+08	3.104385e+08	3868.327	1495.729	93.95018	23804.95	12585.56	-4.626335	5592.815	-5.338078	2682.918	-4.626335	5592.815
41.32	1187.189	1575528	4040.701	132818.9	3107.117	15919.25	165652.5	1932.028	3491.036	29063.26	46625.92	-6.049822	-5.338078	3182.918	1.25032e+08	3.46502e+08	4568.328	1995.729	193.9502	26207.95	11084.56	-4.626335	5392.815	-5.338078	3182.918	-4.626335	5392.815
41.6	887.1886	1658142	4740.701	143276.9	1807.117	13117.25	148644.5	2632.028	3791.036	34570.26	50834.92	193.9502	-5.338078	3082.918	1.295476e+08	3.545164e+08	4668.328	2195.729	393.9502	34517.95	9784.562	-4.626335	7392.815	-5.338078	3082.918	-4.626335	7392.815
41.89	487.1886	1190809	2539.701	170346.9	1407.117	8014.246	122099.5	1932.028	2890.036	40379.26	61758.92	93.95018	-5.338078	4382.918	1.303227e+08	3.585237e+08	4368.328	2095.729	293.9502	33015.95	12285.56	95.37366	5992.815	-5.338078	4382.918	95.37366	5992.815
42.18	487.1886	860176.6	2739.701	186361.9	1107.117	4612.246	117476.5	2132.028	3991.036	37975.26	62761.92	-6.049822	-5.338078	3782.918	1.328832e+08	3.224594e+08	4568.328	2495.729	293.9502	35919.95	11985.56	-4.626335	6092.815	-5.338078	3782.918	-4.626335	6092.815
42.46	687.1886	764106.6	2940.701	200571.9	1207.117	6113.246	96385.52	2432.028	3591.036	39277.26	62961.92	-6.049822	-5.338078	4182.918	1.28685e+08	3.525128e+08	3768.327	2395.729	293.9502	36920.95	12185.56	-4.626335	6392.815	-5.338078	4182.918	-4.626335	6392.815
42.75	1287.189	698410.6	5340.701	208637.9	1507.117	6313.246	112654.5	3032.028	3491.036	41480.26	74593.92	-6.049822	-5.338078	4082.918	1.345229e+08	4.106212e+08	4368.328	3795.729	-6.049822	37121.95	12085.56	-4.626335	6992.815	-5.338078	4082.918	-4.626335	6992.815
43.03	1287.189	480203.6	3340.701	208637.9	1607.117	4512.246	115366.5	1732.028	3791.036	44385.26	79910.92	293.9502	-5.338078	3182.918	1.401356e+08	3.505092e+08	4368.328	3795.729	93.95018	38923.95	12785.56	95.37366	4991.815	-5.338078	3182.918	95.37366	4991.815
43.32	2887.189	479081.6	3040.701	208233.9	1907.117	2511.246	81431.52	2932.028	3891.036	38576.26	90044.92	193.9502	-5.338078	2282.918	1.386253e+08	3.545164e+08	4768.328	4995.729	93.95018	31212.95	11185.56	-4.626335	4691.815	-5.338078	2282.918	-4.626335	4691.815
43.6	3687.189	386069.6	3040.701	178806.9	4307.118	2111.246	65182.53	2932.028	3691.036	32467.26	73490.92	-6.049822	-5.338078	2282.918	1.333516e+08	3.605274e+08	3068.327	4295.729	-6.049822	29210.95	10084.56	-4.626335	4091.815	-5.338078	2282.918	-4.626335	4091.815
43.89	3387.189	322158.6	4340.701	139254.9	10909.12	1211.246	46038.53	3132.028	1890.036	30665.26	67974.92	93.95018	-5.338078	2582.918	1.256016e+08	3.705457e+08	1268.327	2295.729	-6.049822	19801.95	10084.56	-4.626335	3491.815	-5.338078	2582.918	-4.626335	3491.815
44.18	7088.188	233458.6	3040.701	112920.9	20916.12	1411.246	40828.53	3432.028	2190.036	24558.26	59854.92	193.9502	-5.338078	2282.918	1.330589e+08	3.46502e+08	1768.327	3195.729	293.9502	15798.95	13286.56	-4.626335	2591.815	-5.338078	2282.918	-4.626335	2591.815
44.46	9389.188	203591.6	4240.701	94945.92	29725.12	1011.246	35720.53	2032.028	3290.036	20254.26	58250.92	-6.049822	194.6619	1282.918	1.406636e+08	3.384877e+08	2368.327	2195.729	193.9502	13297.95	12185.56	-4.626335	1791.815	194.6619	1282.918	-4.626335	1791.815
44.75	16893.19	236184.6	3540.701	73873.92	40740.12	311.2456	34018.53	3032.028	4691.036	15351.26	53138.92	293.9502	-5.338078	1482.918	1.354748e+08	3.525128e+08	1268.327	2595.729	-6.049822	8895.95	11585.56	-4.626335	1491.815	-5.338078	1482.918	-4.626335	1491.815
45.03	20896.19	107874.6	3140.701	66853.92	48254.12	11.24561	23605.53	2832.028	5491.036	15051.26	52337.92	93.95018	-5.338078	1482.918	1.370277e+08	3.645347e+08	1168.327	1695.729	93.95018	9695.95	11385.56	-4.626335	1191.815	-5.338078	1482.918	-4.626335	1191.815
45.32	22797.19	128777.6	3740.701	71867.92	44246.12	-588.7544	24406.53	3032.028	3891.036	14850.26	50333.92	393.9502	-5.338078	1582.918	1.378045e+08	3.785605e+08	1768.327	1795.729	-6.049822	7794.95	10284.56	95.37366	1791.815	-5.338078	1582.918	95.37366	1791.815
45.61	22998.19	96826.64	4040.701	75879.92	50258.12	-1389.754	26108.53	2632.028	4091.036	21355.26	55343.92	393.9502	-5.338078	1682.918	1.448025e+08	4.727445e+08	2268.327	1995.729	93.95018	9495.95	11585.56	-4.626335	1591.815	-5.338078	1682.918	-4.626335	1591.815
45.89	19094.19	110787.6	3740.701	89725.92	39839.12	411.2456	37924.53	3232.028	3390.036	24158.26	57348.92	193.9502	-5.338078	1982.918	1.463741e+08	3.68542e+08	1168.327	1795.729	93.95018	10695.95	10984.56	-4.626335	1891.815	-5.338078	1982.918	-4.626335	1891.815
46.18	14891.19	83073.64	3340.701	89424.92	31827.12	-989.7544	31915.53	2732.028	3791.036	29564.26	53439.92	193.9502	-5.338078	2282.918	1.403703e+08	3.46502e+08	1168.327	1295.729	93.95018	13697.95	11285.56	-4.626335	1891.815	-5.338078	2282.918	-4.626335	1891.815
46.46	8989.188	55389.64	4240.701	80995.92	22417.12	1011.246	33617.53	2232.028	3190.036	30665.26	48529.92	193.9502	-5.338078	2382.918	1.326198e+08	3.845718e+08	3068.327	1295.729	393.9502	16198.95	10184.56	-4.626335	3091.815	-5.338078	2382.918	-4.626335	3091.815
46.75	8288.188	47170.64	3440.701	79591.92	16412.12	-889.7544	40728.53	2332.028	3791.036	34870.26	59653.92	193.9502	-5.338078	2482.918	1.325905e+08	3.705457e+08	2768.327	1895.729	-6.049822	17699.95	11685.56	-4.626335	2491.815	-5.338078	2482.918	-4.626335	2491.815
47.04	7188.188	136822.6	3540.701	71466.92	10009.12	-689.7544	40227.53	2732.028	2490.036	34870.26	57849.92	93.95018	-5.338078	3982.918	1.390798e+08	3.525128e+08	1968.327	1395.729	93.95018	26807.95	12185.56	-4.626335	4691.815	-5.338078	3982.918	-4.626335	4691.815
47.32	7188.188	58196.64	4740.701	71466.92	9209.117	-989.7544	45737.53	2632.028	3290.036	45688.26	56746.92	-6.049822	-5.338078	3782.918	1.353869e+08	4.36672e+08	3068.327	1495.729	-6.049822	35618.95	12485.56	-4.626335	3291.815	-5.338078	3782.918	-4.626335	3291.815
47.61	6688.188	76651.64	2439.701	62441.92	8508.117	511.2456	46238.53	3632.028	2490.036	46289.26	56646.92	193.9502	-5.338078	4282.918	1.347572e+08	3.164489e+08	3268.327	1495.729	93.95018	46136.95	10984.56	-4.626335	5592.815	-5.338078	4282.918	-4.626335	5592.815
47.9	5788.188	44966.64	3140.701	63143.92	5108.118	-2289.754	47140.53	3032.028	4191.036	48393.26	55443.92	293.9502	-5.338078	4782.918	1.301033e+08	3.765569e+08	2968.327	895.7296	193.9502	60767.95	11685.56	-4.626335	6692.815	-5.338078	4782.918	-4.626335	6692.815
48.18	6388.188	61204.64	2940.701	66352.92	4907.118	11.24561	51349.53	2632.028	3891.036	55407.26	57548.92	293.9502	-5.338078	4982.918	1.384201e+08	3.424948e+08	2568.327	1995.729	-6.049822	75607.95	12485.56	-4.626335	4991.815	-5.338078	4982.918	-4.626335	4991.815
48.47	9489.188	40256.64	4040.701	71566.92	4807.118	-1289.754	50948.53	1332.028	3290.036	52802.26	56045.92	293.9502	94.66192	4182.918	1.301765e+08	4.026059e+08	3468.327	1695.729	-6.049822	81024.95	10284.56	-4.626335	6992.815	94.66192	4182.918	-4.626335	6992.815
48.76	13190.19	46769.64	3440.701	77384.92	3907.117	-1689.754	50447.53	3032.028	3491.036	55007.26	57548.92	293.9502	-5.338078	5483.918	1.394171e+08	3.565201e+08	2968.327	3695.729	93.95018	95575.95	13286.56	-4.626335	5592.815	-5.338078	5483.918	-4.626335	5592.815
49.04	20896.19	33845.64	3040.701	81999.92	5808.118	-1289.754	47240.53	2532.028	3491.036	54305.26	59753.92	893.9502	-5.338078	5283.918	1.36808e+08	3.705457e+08	2768.327	2195.729	-6.049822	95676.95	12985.56	-4.626335	6892.815	-5.338078	5283.918	-4.626335	6892.815
49.33	26201.19	43463.64	3940.701	86414.92	6508.118	-1089.754	45236.53	2532.028	3691.036	45688.26	60255.92	493.9502	-5.338078	3582.918	1.314052e+08	4.026059e+08	3768.327	1895.729	-6.049822	92163.95	10784.56	-4.626335	5192.815	-5.338078	3582.918	-4.626335	5192.815
49.61	24699.19	32043.64	1439.701	70162.92	4807.118	611.2456	42031.53	3132.028	2690.036	45588.26	55043.92	193.9502	-5.338078	2682.918	1.270772e+08	3.424948e+08	1868.327	1895.729	-6.049822	83231.95	11084.56	-4.626335	4491.815	-5.338078	2682.918	-4.626335	4491.815
49.9	25400.19	32543.64	2940.701	63945.92	6808.118	-88.75439	40728.53	1832.028	2590.036	37074.26	53038.92	493.9502	-5.338078	3382.918	1.314638e+08	4.046097e+08	2568.327	1195.729	-6.049822	88750.95	10884.56	-4.626335	5892.815	-5.338078	3382.918	-4.626335	5892.815
50.18	25100.19	38754.64	3140.701	66051.92	10309.12	-1589.754	42632.53	3432.028	2690.036	34971.26	56746.92	593.9502	-5.338078	4482.918	1.50446e+08	4.066135e+08	3568.327	1995.729	393.9502	84536.95	12685.56	-4.626335	4491.815	-5.338078	4482.918	-4.626335	4491.815
50.47	24299.19	377437.6	1839.701	58833.92	17813.12	-1089.754	42732.53	2832.028	2890.036	31466.26	57047.92	1093.95	-5.338078	4582.918	1.391864e+08	3.32477e+08	5069.328	2095.729	93.95018	79921.95	14086.56	-4.626335	5492.815	-5.338078	4582.918	-4.626335	5492.815
50.76	28003.19	24432.64	3940.701	59534.92	31026.12	-989.7544	40227.53	2332.028	3090.036	28963.26	55945.92	493.9502	94.66192	2582.918	1.393144e+08	3.585237e+08	2368.327	1795.729	-6.049822	64476.95	10084.56	-4.626335	5992.815	94.66192	2582.918	-4.626335	5992.815
51.04	33509.19	25133.64	3740.701	69159.92	76223.12	-1389.754	36421.53	2832.028	3290.036	29764.26	71183.92	793.9502	-5.338078	3682.918	1.384054e+08	3.68542e+08	3068.327	1595.729	193.9502	61268.95	10484.56	-4.626335	4591.815	-5.338078	3682.918	-4.626335	4591.815
51.33	44226.19	24933.64	2339.701	77685.92	120196.1	811.2456	37924.53	2532.028	3190.036	26760.26	75696.92	993.9502	-5.338078	2182.918	1.424096e+08	3.2847e+08	3168.327	2395.729	-6.049822	51747.95	12185.56	-4.626335	3391.815	-5.338078	2182.918	-4.626335	3391.815
51.61	42824.19	20728.64	3240.701	82400.92	168977.1	-2289.754	33217.53	2032.028	4791.036	25659.26	74794.92	693.9502	-5.338078	2682.918	1.292432e+08	4.186367e+08	3368.327	3195.729	93.95018	45334.95	12885.56	-4.626335	4391.815	-5.338078	2682.918	-4.626335	4391.815
51.9	47332.19	23631.64	3440.701	80795.92	178342.1	-889.7544	33217.53	3032.028	3290.036	28062.26	78004.92	993.9502	-5.338078	4082.918	1.391864e+08	4.547079e+08	2668.327	3795.729	-6.049822	46837.95	12985.56	95.37366	4091.815	-5.338078	4082.918	95.37366	4091.815
52.19	54346.19	20227.64	2739.701	79190.92	185393.1	-789.7544	37623.53	2932.028	4591.036	30565.26	74192.92	893.9502	-5.338078	1982.918	1.352091e+08	3.585237e+08	3668.327	2395.729	193.9502	41728.95	11685.56	-4.626335	3391.815	-5.338078	1982.918	-4.626335	3391.815
52.47	51039.19	23231.64	3040.701	73973.92	181766.1	-989.7544	34318.53	2932.028	3290.036	31266.26	83020.92	493.9502	-5.338078	2382.918	1.40737e+08	3.605274e+08	3168.327	2895.729	93.95018	47939.95	9684.562	-4.626335	4191.815	-5.338078	2382.918	-4.626335	4191.815
52.76	58756.19	19827.64	3740.701	72669.92	181766.1	-388.7544	38224.53	2832.028	3390.036	25459.26	74693.92	693.9502	94.66192	2982.918	1.32371e+08	3.705457e+08	3268.327	2495.729	93.95018	44432.95	11685.56	-4.626335	4691.815	94.66192	2982.918	-4.626335	4691.815
53.04	56350.19	21829.64	3140.701	73271.92	174817.1	-889.7544	39727.53	2732.028	3591.036	29363.26	68476.92	993.9502	-5.338078	2082.918	1.338201e+08	3.204559e+08	2868.327	3595.729	93.95018	45534.95	10884.56	-4.626335	3691.815	-5.338078	2082.918	-4.626335	3691.815
53.33	48334.19	19727.64	2639.701	65449.92	167366.1	-1389.754	32916.53	2332.028	3290.036	25859.26	79007.92	393.9502	-5.338078	2782.918	1.301618e+08	3.525128e+08	3068.327	1895.729	293.9502	47739.95	10784.56	95.37366	2591.815	-5.338078	2782.918	95.37366	2591.815
53.62	52642.19	17925.64	2940.701	69861.92	167467.1	-1489.754	35119.53	2932.028	3090.036	28462.26	65067.92	993.9502	-5.338078	3682.918	1.448612e+08	3.645347e+08	2368.327	2595.729	293.9502	50644.95	13185.56	-4.626335	4491.815	-5.338078	3682.918	-4.626335	4491.815
53.9	49235.19	21829.64	1739.701	72369.92	168071.1	-1989.754	39326.53	1332.028	3491.036	27962.26	72186.92	593.9502	-5.338078	2382.918	1.384201e+08	3.485056e+08	3768.327	2695.729	193.9502	45835.95	11685.56	-4.626335	3291.815	-5.338078	2382.918	-4.626335	3291.815
54.19	54546.19	22229.64	4840.701	62441.92	145429.1	-1789.754	39226.53	1932.028	4291.036	24358.26	65768.92	693.9502	-5.338078	3182.918	1.453165e+08	3.965944e+08	3668.327	1595.729	93.95018	51045.95	10484.56	-4.626335	3591.815	-5.338078	3182.918	-4.626335	3591.815
54.47	43325.19	29639.64	2039.701	60737.92	135976.1	-88.75439	37022.53	2432.028	3491.036	30565.26	75195.92	593.9502	-5.338078	2682.918	1.375113e+08	3.82568e+08	2968.327	2495.729	-6.049822	49342.95	12785.56	-4.626335	4291.815	-5.338078	2682.918	-4.626335	4291.815
54.76	41722.19	15523.64	3040.701	58833.92	111857.1	-1089.754	35420.53	2232.028	3390.036	24558.26	54141.92	393.9502	-5.338078	2982.918	1.378191e+08	4.086173e+08	2968.327	1895.729	-6.049822	49542.95	13185.56	-4.626335	3691.815	-5.338078	2982.918	-4.626335	3691.815
55.05	37014.19	22530.64	4640.701	54723.92	84951.12	-1289.754	35220.53	4132.028	2890.036	25759.26	57548.92	593.9502	-5.338078	2982.918	1.275448e+08	4.086173e+08	3568.327	1095.729	193.9502	38823.95	12185.56	-4.626335	2891.815	-5.338078	2982.918	-4.626335	2891.815
55.33	39418.19	17324.64	4240.701	48510.92	77327.12	-1289.754	36121.53	2332.028	2990.036	23157.26	56145.92	393.9502	-5.338078	2382.918	1.254994e+08	3.104385e+08	3368.327	1795.729	-6.049822	33616.95	11485.56	-4.626335	3591.815	-5.338078	2382.918	-4.626335	3591.815
55.62	37615.19	17424.64	1939.701	45905.92	64190.12	-1089.754	36622.53	2832.028	4991.036	22957.26	58851.92	393.9502	-5.338078	3582.918	1.374088e+08	3.585237e+08	2668.327	1395.729	-6.049822	33215.95	14987.56	-4.626335	3291.815	-5.338078	3582.918	-4.626335	3291.815
55.9	33810.19	27536.64	4740.701	52117.92	54968.12	-2789.754	40628.53	2232.028	3591.036	24758.26	55443.92	1093.95	-5.338078	4382.918	1.394317e+08	3.645347e+08	3668.327	1195.729	393.9502	28910.95	10084.56	-4.626335	3491.815	-5.338078	4382.918	-4.626335	3491.815
56.19	30706.19	18726.64	3340.701	49512.92	43144.12	-989.7544	37323.53	3032.028	2890.036	25559.26	49932.92	1593.95	-5.338078	3182.918	1.297816e+08	3.525128e+08	3168.327	895.7296	593.9502	24605.95	13386.56	-4.626335	2091.815	-5.338078	3182.918	-4.626335	2091.815
56.47	30806.19	18225.64	2439.701	44903.92	44447.12	-388.7544	39727.53	3832.028	3691.036	27361.26	56546.92	793.9502	-5.338078	2482.918	1.339665e+08	4.046097e+08	2468.327	895.7296	-6.049822	27208.95	12085.56	-4.626335	2991.815	-5.338078	2482.918	-4.626335	2991.815
56.76	28103.19	23231.64	4640.701	43100.92	34731.12	211.2456	38525.53	3032.028	4091.036	27661.26	55043.92	1393.95	-5.338078	3482.918	1.402089e+08	4.126251e+08	4168.328	1595.729	-6.049822	35618.95	11285.56	-4.626335	4091.815	-5.338078	3482.918	-4.626335	4091.815
57.05	29805.19	19226.64	4240.701	50314.92	32628.12	-1389.754	43734.53	2832.028	2990.036	29363.26	59352.92	793.9502	-5.338078	3282.918	1.451524e+08	3.865756e+08	2968.327	1495.729	393.9502	41227.95	12085.56	-4.626335	4591.815	-5.338078	3282.918	-4.626335	4591.815
57.33	29504.19	22930.64	539.7012	45404.92	26121.12	-1089.754	37022.53	3532.028	2990.036	26260.26	56245.92	1093.95	-5.338078	3482.918	1.411477e+08	3.32477e+08	2968.327	995.7296	-6.049822	49141.95	13686.56	-4.626335	5092.815	-5.338078	3482.918	-4.626335	5092.815
57.62	33309.19	19226.64	4740.701	49712.92	22417.12	-1089.754	40227.53	1632.028	4091.036	29263.26	54040.92	1193.95	-5.338078	3682.918	1.3864e+08	3.605274e+08	3268.327	1295.729	293.9502	53651.95	10884.56	-4.626335	3691.815	-5.338078	3682.918	-4.626335	3691.815
57.9	27402.19	22029.64	3240.701	46406.92	22317.12	-789.7544	40127.53	2632.028	2490.036	29463.26	54141.92	593.9502	-5.338078	4282.918	1.37526e+08	4.066135e+08	4668.328	2295.729	-6.049822	85439.95	12285.56	-4.626335	4191.815	-5.338078	4282.918	-4.626335	4191.815
58.19	30405.19	23731.64	2539.701	58031.92	18714.12	4512.246	41029.53	1632.028	3591.036	29664.26	52136.92	993.9502	-5.338078	3582.918	1.28875e+08	3.745531e+08	3968.327	1895.729	93.95018	258120	9584.562	-4.626335	3791.815	-5.338078	3582.918	-4.626335	3791.815
58.48	36414.19	29539.64	2139.701	54623.92	20015.12	9615.246	46038.53	2732.028	1890.036	38976.26	61658.92	1093.95	-5.338078	3482.918	1.418226e+08	3.925868e+08	2568.327	1495.729	493.9502	387067.9	9784.562	-4.626335	3191.815	-5.338078	3482.918	-4.626335	3191.815
58.76	32909.19	34546.64	4740.701	62341.92	15212.12	12717.25	46539.53	3832.028	2390.036	36172.26	61858.92	893.9502	-5.338078	4382.918	1.336151e+08	3.304735e+08	2968.327	2095.729	193.9502	371838.9	10784.56	-4.626335	3791.815	-5.338078	4382.918	-4.626335	3791.815
59.05	36814.19	34647.64	2940.701	61740.92	13811.12	13117.25	43032.53	1932.028	2190.036	33869.26	55243.92	1193.95	-5.338078	3682.918	1.312882e+08	3.384877e+08	3268.327	1795.729	193.9502	364430.9	11985.56	-4.626335	3891.815	-5.338078	3682.918	-4.626335	3891.815
59.34	34611.19	33044.64	3940.701	65850.92	14711.12	9415.246	41229.53	2732.028	4691.036	39778.26	53940.92	1093.95	-5.338078	3182.918	1.331906e+08	3.805643e+08	2068.327	2895.729	293.9502	348201.9	12085.56	-4.626335	4091.815	-5.338078	3182.918	-4.626335	4091.815
59.62	33810.19	37552.64	2439.701	66452.92	16513.12	9515.246	47641.53	1732.028	3591.036	38876.26	58350.92	1193.95	-5.338078	3982.918	1.379804e+08	3.525128e+08	2368.327	1495.729	193.9502	338469.9	11485.56	-4.626335	4791.815	-5.338078	3982.918	-4.626335	4791.815
59.91	35212.19	33645.64	2339.701	70864.92	14011.12	4912.246	39927.53	3332.028	2990.036	41581.26	66170.92	1193.95	-5.338078	4482.918	1.478142e+08	3.90583e+08	2768.327	1995.729	93.95018	320636.9	11084.56	-4.626335	6292.815	-5.338078	4482.918	-4.626335	6292.815
60.19	32608.19	80062.64	3040.701	67555.92	12010.12	2411.246	38425.53	2832.028	2690.036	37274.26	59252.92	1393.95	-5.338078	4282.918	1.382149e+08	3.104385e+08	3368.327	2195.729	-6.049822	333097.9	11585.56	-4.626335	5292.815	-5.338078	4282.918	-4.626335	5292.815
60.48	31006.19	27436.64	2339.701	70864.92	9909.117	3312.246	44235.53	2732.028	3891.036	49996.26	65668.92	893.9502	-5.338078	3882.918	1.448759e+08	3.745531e+08	3168.327	3095.729	293.9502	352359.9	10484.56	-4.626335	6292.815	-5.338078	3882.918	-4.626335	6292.815
60.77	27903.19	35047.64	2339.701	71867.92	6108.118	611.2456	40728.53	2432.028	3891.036	51299.26	54341.92	893.9502	-5.338078	4582.918	1.28071e+08	3.885793e+08	3368.327	3095.729	93.95018	350939.9	13085.56	-4.626335	5692.815	-5.338078	4582.918	-4.626335	5692.815
61.05	23498.19	33345.64	2339.701	71165.92	5808.118	1911.246	41430.53	2332.028	3591.036	43284.26	61558.92	1093.95	-5.338078	2982.918	1.28992e+08	3.725494e+08	3268.327	1895.729	-6.049822	434537.9	13185.56	-4.626335	5192.815	-5.338078	2982.918	-4.626335	5192.815
61.34	24899.19	38854.64	3040.701	71165.92	7108.118	2211.246	45236.53	2532.028	2990.036	42282.26	60756.92	1393.95	-5.338078	3582.918	1.385374e+08	3.424948e+08	3768.327	2995.729	493.9502	509125.9	11785.56	-4.626335	6092.815	-5.338078	3582.918	-4.626335	6092.815
61.62	22697.19	35849.64	1639.701	62241.92	10309.12	1711.246	42131.53	2232.028	3090.036	41180.26	59152.92	1693.95	-5.338078	3582.918	1.337908e+08	3.46502e+08	2868.327	2595.729	93.95018	554168.9	11685.56	-4.626335	7592.815	-5.338078	3582.918	-4.626335	7592.815
61.91	20595.19	34446.64	4740.701	62040.92	14711.12	5112.246	45036.53	2132.028	3691.036	39678.26	57648.92	2293.95	-5.338078	3182.918	1.014033e+08	3.785605e+08	2468.327	1495.729	-6.049822	694097.9	11985.56	-4.626335	4491.815	-5.338078	3182.918	-4.626335	4491.815
62.19	21096.19	103052.6	2239.701	57730.92	20315.12	4712.246	61071.53	3032.028	3290.036	31766.26	56145.92	3593.95	-5.338078	1982.918	1.286557e+08	3.945906e+08	2868.327	2595.729	93.95018	651780.9	10084.56	-4.626335	4091.815	-5.338078	1982.918	-4.626335	4091.815
62.48	22897.19	174163.6	1939.701	55725.92	25420.12	5813.246	59167.53	2332.028	2890.036	29463.26	64164.92	2693.95	-5.338078	3082.918	1.349622e+08	3.505092e+08	3168.327	3795.729	193.9502	656193.9	10884.56	-4.626335	5292.815	-5.338078	3082.918	-4.626335	5292.815
62.77	20595.19	262350.6	4540.701	73572.92	28023.12	7013.246	70697.52	3532.028	3491.036	24658.26	72086.92	2993.95	-5.338078	1482.918	1.3609e+08	3.805643e+08	3068.327	2595.729	393.9502	581478.9	12685.56	95.37366	5492.815	-5.338078	1482.918	95.37366	5492.815
63.05	15692.19	297145.6	3540.701	96752.92	20916.12	8814.246	82233.52	2632.028	3290.036	30364.26	71484.92	1993.95	-5.338078	3382.918	1.35138e+08	3.32477e+08	3068.327	2695.729	293.9502	431281.9	12085.56	-4.626335	3991.815	-5.338078	3382.918	-4.626335	3991.815
63.34	14591.19	270538.6	1139.701	101270.9	17513.12	6313.246	80327.52	3932.028	4091.036	31666.26	75997.92	1793.95	-5.338078	2582.918	1.283049e+08	3.725494e+08	3168.327	2495.729	93.95018	350939.9	9384.562	-4.626335	4591.815	-5.338078	2582.918	-4.626335	4591.815
63.62	12890.19	178696.6	2839.701	109304.9	13611.12	3712.246	60871.53	2432.028	2890.036	32067.26	70582.92	1293.95	-5.338078	1382.918	1.228712e+08	2.98418e+08	3368.327	2995.729	493.9502	295833.9	10084.56	-4.626335	4291.815	-5.338078	1382.918	-4.626335	4291.815
63.91	9789.188	180106.6	3640.701	97756.92	13311.12	3312.246	59467.53	2832.028	3591.036	39177.26	70080.92	1493.95	-5.338078	2582.918	1.316686e+08	3.444984e+08	2968.327	3395.729	93.95018	231662	10884.56	-4.626335	3591.815	-5.338078	2582.918	-4.626335	3591.815
64.2	8989.188	127571.6	2739.701	92034.92	9509.117	2011.246	58665.53	2032.028	1990.036	45588.26	67373.92	993.9502	94.66192	3882.918	1.387719e+08	3.665384e+08	1868.327	2295.729	-6.049822	206846	12385.56	-4.626335	4691.815	94.66192	3882.918	-4.626335	4691.815
64.48	10289.19	128476.6	3440.701	84507.92	6708.118	1711.246	53654.53	2632.028	3090.036	43284.26	68175.92	893.9502	-5.338078	3582.918	1.378777e+08	3.865756e+08	3368.327	3095.729	193.9502	179033	13886.56	-4.626335	5492.815	-5.338078	3582.918	-4.626335	5492.815
64.77	14791.19	97127.64	2039.701	90930.92	8508.117	1711.246	52050.53	2532.028	2990.036	47591.26	66069.92	493.9502	-5.338078	3382.918	1.347279e+08	3.444984e+08	2868.327	2495.729	-6.049822	147830	10884.56	-4.626335	6192.815	-5.338078	3382.918	-4.626335	6192.815
65.06	17293.19	89998.64	2739.701	78287.92	7508.118	1211.246	43633.53	1232.028	3891.036	46489.26	70481.92	1593.95	-5.338078	3482.918	1.316247e+08	3.525128e+08	2968.327	3195.729	293.9502	132846	12285.56	-4.626335	4991.815	-5.338078	3482.918	-4.626335	4991.815
65.34	22297.19	84879.64	2739.701	85711.92	7008.118	-88.75439	46940.53	2032.028	3791.036	43885.26	67974.92	1493.95	94.66192	3282.918	1.299132e+08	3.565201e+08	2568.327	1995.729	93.95018	118976	12585.56	-4.626335	4791.815	94.66192	3282.918	-4.626335	4791.815
65.63	31407.19	90601.64	3640.701	79390.92	10509.12	-1289.754	44735.53	3232.028	4691.036	35571.26	66972.92	693.9502	-5.338078	4482.918	1.36764e+08	3.805643e+08	2768.327	2595.729	193.9502	98989.95	12885.56	-4.626335	3991.815	-5.338078	4482.918	-4.626335	3991.815
65.91	30606.19	74744.64	1339.701	77885.92	11710.12	611.2456	41229.53	3232.028	2190.036	31466.26	71284.92	1393.95	-5.338078	3682.918	1.173116e+08	3.605274e+08	1568.327	2495.729	-6.049822	79118.95	10884.56	-4.626335	3291.815	-5.338078	3682.918	-4.626335	3291.815
66.2	26901.19	80765.64	3940.701	79089.92	13110.12	-1589.754	32816.53	2232.028	4091.036	26460.26	71785.92	1393.95	-5.338078	4282.918	1.389185e+08	3.424948e+08	2868.327	1395.729	193.9502	99491.95	13886.56	-4.626335	4191.815	-5.338078	4282.918	-4.626335	4191.815
66.49	27502.19	51179.64	2539.701	75779.92	10909.12	-1289.754	31214.53	2132.028	1790.036	22556.26	66370.92	793.9502	-5.338078	3782.918	1.337469e+08	3.90583e+08	1968.327	1895.729	-6.049822	74905.95	11685.56	-4.626335	2791.815	-5.338078	3782.918	-4.626335	2791.815
66.77	24099.19	54587.64	1839.701	68959.92	13010.12	-488.7544	29712.53	1932.028	4491.036	21255.26	56947.92	1193.95	-5.338078	2582.918	1.353137e+08	3.645347e+08	1868.327	2395.729	93.95018	110237	11485.56	-4.626335	2691.815	-5.338078	2582.918	-4.626335	2691.815
67.06	24899.19	53685.64	4140.701	52218.92	12710.12	-789.7544	25807.53	1832.028	2190.036	18053.26	60956.92	10295.95	-5.338078	4182.918	1.610621e+08	3.525128e+08	2468.327	1695.729	93.95018	154772	12685.56	-4.626335	4091.815	-5.338078	4182.918	-4.626335	4091.815
67.34	30005.19	65316.64	3540.701	47708.92	12110.12	211.2456	29211.53	2732.028	2990.036	18553.26	57047.92	17699.95	-5.338078	2882.918	1.30586e+08	3.32477e+08	1668.327	3295.729	1993.95	181652	13185.56	-4.626335	3291.815	-5.338078	2882.918	-4.626335	3291.815
67.63	33009.19	64012.64	4940.701	41197.92	18614.12	1111.246	24506.53	3232.028	3991.036	17552.26	61858.92	25706.95	-5.338078	1782.918	1.383468e+08	2.964146e+08	1368.327	3195.729	4193.95	225103	11785.56	-4.626335	3691.815	-5.338078	1782.918	-4.626335	3691.815
67.91	32208.19	72036.64	1739.701	37391.92	22017.12	1111.246	32215.53	2532.028	3691.036	17252.26	57448.92	26507.95	-5.338078	2582.918	1.327368e+08	3.68542e+08	1268.327	1895.729	1993.95	208560	11084.56	-4.626335	3991.815	-5.338078	2582.918	-4.626335	3991.815
68.2	26801.19	69127.64	3040.701	35788.92	37535.12	1311.246	31114.53	2232.028	3290.036	21756.26	60555.92	22203.95	-5.338078	3182.918	1.304836e+08	4.106212e+08	2368.327	2495.729	3293.95	228130	10484.56	-4.626335	4991.815	-5.338078	3182.918	-4.626335	4991.815
68.49	23898.19	77554.64	1039.701	43300.92	25320.12	1511.246	38825.53	2932.028	4091.036	29263.26	61457.92	19501.95	-5.338078	2182.918	1.372182e+08	3.82568e+08	2968.327	2295.729	4593.95	266405.9	10684.56	-4.626335	5992.815	-5.338078	2182.918	-4.626335	5992.815
68.77	21997.19	81367.64	3540.701	44302.92	19315.12	2011.246	37323.53	1732.028	2390.036	29864.26	58150.92	10695.95	-5.338078	2682.918	1.346986e+08	3.264664e+08	2768.327	3495.729	1293.95	332084.9	11785.56	-4.626335	4691.815	-5.338078	2682.918	-4.626335	4691.815
69.06	20696.19	88292.64	3040.701	58131.92	16613.12	-288.7544	38825.53	2632.028	3591.036	34570.26	60154.92	9595.95	-5.338078	3482.918	1.357385e+08	3.845718e+08	2268.327	2595.729	2493.95	382903.9	10784.56	-4.626335	5192.815	-5.338078	3482.918	-4.626335	5192.815
69.35	24199.19	78156.64	2139.701	55926.92	12910.12	-789.7544	39827.53	3332.028	4191.036	36673.26	58851.92	6494.95	-5.338078	3582.918	1.380683e+08	4.34668e+08	2968.327	3695.729	2093.95	364532.9	9084.562	95.37366	5392.815	-5.338078	3582.918	95.37366	5392.815
69.63	29805.19	86284.64	839.7012	59234.92	12710.12	911.2456	37022.53	3332.028	3090.036	35772.26	58651.92	4393.95	-5.338078	3582.918	1.345082e+08	3.32477e+08	2668.327	2595.729	593.9502	343740.9	11885.56	-4.626335	4591.815	-5.338078	3582.918	-4.626335	4591.815
69.92	30105.19	106467.6	2639.701	52619.92	9909.117	11.24561	37423.53	2132.028	3791.036	32868.26	48930.92	5194.95	-5.338078	2782.918	1.275741e+08	3.945906e+08	3468.327	1795.729	493.9502	305144.9	13085.56	-4.626335	4291.815	-5.338078	2782.918	-4.626335	4291.815
70.2	26601.19	70230.64	1239.701	50113.92	9209.117	-288.7544	35620.53	2132.028	3991.036	29664.26	57348.92	3893.95	-5.338078	4082.918	1.301472e+08	3.2847e+08	1868.327	1895.729	493.9502	272167.9	12785.56	95.37366	4091.815	-5.338078	4082.918	95.37366	4091.815
70.49	24399.19	59700.64	3440.701	44102.92	10909.12	-188.7544	33818.53	2132.028	2990.036	26860.26	45523.92	2493.95	-5.338078	3182.918	1.276764e+08	3.745531e+08	3568.327	1495.729	93.95018	216830	8483.562	-4.626335	3491.815	-5.338078	3182.918	-4.626335	3491.815
70.78	22597.19	68525.64	2239.701	38693.92	8508.117	1411.246	35119.53	2332.028	2890.036	26160.26	47828.92	2993.95	-5.338078	2782.918	1.342447e+08	3.90583e+08	2668.327	1095.729	393.9502	216830	11385.56	-4.626335	4791.815	-5.338078	2782.918	-4.626335	4791.815
71.06	23598.19	68425.64	2539.701	36990.92	10909.12	-188.7544	34619.53	2332.028	2790.036	24158.26	44021.92	2393.95	-5.338078	2682.918	1.286704e+08	3.705457e+08	3868.327	1095.729	493.9502	205435	11485.56	-4.626335	4291.815	-5.338078	2682.918	-4.626335	4291.815
71.35	21496.19	72838.64	1639.701	36689.92	11110.12	1011.246	36922.53	2732.028	1690.036	23157.26	44421.92	2793.95	-5.338078	3782.918	1.277787e+08	3.304735e+08	3668.327	795.7296	193.9502	190215	9984.562	-4.626335	4591.815	-5.338078	3782.918	-4.626335	4591.815
71.63	23898.19	87288.64	2039.701	39694.92	16412.12	-88.75439	33918.53	2632.028	2090.036	22756.26	52237.92	1493.95	-5.338078	3582.918	1.292432e+08	3.525128e+08	4668.328	1295.729	193.9502	172688	8083.562	-4.626335	5292.815	-5.338078	3582.918	-4.626335	5292.815
71.92	22297.19	32844.64	3740.701	40195.92	21016.12	-1389.754	34719.53	2332.028	3691.036	24458.26	48329.92	2193.95	94.66192	2882.918	1.362219e+08	3.62531e+08	3768.327	1195.729	193.9502	150445	9484.562	-4.626335	3491.815	94.66192	2882.918	-4.626335	3491.815
72.21	29204.19	39154.64	3240.701	41697.92	60681.12	-1189.754	33517.53	2832.028	3691.036	21455.26	55744.92	1093.95	-5.338078	2982.918	1.336883e+08	3.665384e+08	4268.328	1895.729	-6.049822	142197	9284.562	-4.626335	2891.815	-5.338078	2982.918	-4.626335	2891.815
72.49	39017.19	62408.64	2439.701	50715.92	85353.12	-989.7544	36822.53	2432.028	4191.036	26460.26	56947.92	1193.95	-5.338078	3382.918	1.313467e+08	3.585237e+08	3668.327	1795.729	93.95018	123699	11084.56	-4.626335	3391.815	-5.338078	3382.918	-4.626335	3391.815
72.78	40620.19	67522.64	2639.701	48911.92	104224.1	-889.7544	31815.53	2132.028	2890.036	22356.26	63162.92	493.9502	-5.338078	2482.918	1.359289e+08	3.765569e+08	3668.327	1195.729	93.95018	103307	10184.56	-4.626335	3891.815	-5.338078	2482.918	-4.626335	3891.815
73.06	53544.19	63912.64	2239.701	57429.92	148950.1	-1389.754	31915.53	2832.028	3290.036	22056.26	64465.92	1693.95	-5.338078	2282.918	1.336737e+08	3.32477e+08	2968.327	2195.729	193.9502	91159.95	9484.562	-4.626335	3191.815	-5.338078	2282.918	-4.626335	3191.815
73.35	58956.19	42360.64	2940.701	59835.92	175522.1	-1089.754	31414.53	1832.028	4791.036	22856.26	72688.92	993.9502	-5.338078	1982.918	1.362805e+08	3.925868e+08	3168.327	1495.729	-6.049822	76209.95	8684.562	-4.626335	3091.815	-5.338078	1982.918	-4.626335	3091.815
73.64	62164.19	36850.64	2940.701	61138.92	186803.1	-1989.754	29712.53	1532.028	2290.036	19654.26	63462.92	1593.95	-5.338078	2682.918	1.387866e+08	3.705457e+08	3468.327	2595.729	193.9502	67083.95	10484.56	-4.626335	2791.815	-5.338078	2682.918	-4.626335	2791.815
73.92	84128.19	32243.64	3340.701	60336.92	248941.1	211.2456	32816.53	2532.028	4091.036	18453.26	76800.92	2193.95	-5.338078	1682.918	1.322978e+08	4.00602e+08	2368.327	2295.729	293.9502	54252.95	12685.56	95.37366	3791.815	-5.338078	1682.918	95.37366	3791.815
74.21	87540.19	32143.64	4140.701	57129.92	346797.1	-1589.754	26608.53	2732.028	3190.036	20354.26	76599.92	2993.95	-5.338078	1782.918	1.337762e+08	3.505092e+08	2268.327	2595.729	193.9502	47037.95	11785.56	95.37366	3891.815	-5.338078	1782.918	95.37366	3891.815
74.49	107618.2	24132.64	2239.701	54222.92	460613.1	-1489.754	23905.53	3032.028	3791.036	16852.26	83722.92	2993.95	-5.338078	882.9182	1.314199e+08	3.32477e+08	2068.327	3795.729	93.95018	40726.95	10984.56	-4.626335	4791.815	-5.338078	882.9182	-4.626335	4791.815
74.78	129823.2	20828.64	3840.701	57229.92	699768.1	-1989.754	19401.53	2432.028	4691.036	16251.26	91248.92	3493.95	-5.338078	1082.918	1.32371e+08	3.485056e+08	2768.327	4895.729	193.9502	45234.95	10484.56	-4.626335	4791.815	-5.338078	1082.918	-4.626335	4791.815
75.07	130426.2	18425.64	3240.701	63143.92	771431.1	111.2456	21603.53	2332.028	3591.036	19354.26	97371.92	3493.95	-5.338078	1282.918	1.315954e+08	3.084351e+08	1368.327	3195.729	193.9502	48740.95	11985.56	95.37366	5092.815	-5.338078	1282.918	95.37366	5092.815
75.35	127612.2	13321.64	2839.701	63043.92	779991.1	-588.7544	22304.53	3432.028	4691.036	21956.26	86833.92	4293.95	-5.338078	1782.918	1.339518e+08	3.745531e+08	2768.327	3095.729	193.9502	63273.95	11685.56	-4.626335	6192.815	-5.338078	1782.918	-4.626335	6192.815
75.64	129522.2	15222.64	4040.701	60837.92	753599.1	-1389.754	19001.53	3032.028	3891.036	26360.26	80511.92	4793.95	-5.338078	982.9182	1.312882e+08	3.965944e+08	2368.327	3895.729	193.9502	84435.95	10484.56	-4.626335	5992.815	-5.338078	982.9182	-4.626335	5992.815
75.92	107016.2	15623.64	1539.701	61840.92	619491.1	-689.7544	21703.53	2732.028	2590.036	35171.26	80110.92	3193.95	-5.338078	1282.918	1.278956e+08	3.645347e+08	1568.327	2795.729	93.95018	91360.95	10884.56	-4.626335	4791.815	-5.338078	1282.918	-4.626335	4791.815
76.21	103300.2	22029.64	3140.701	58432.92	537526.1	-1689.754	19801.53	3332.028	3390.036	34470.26	71785.92	2793.95	-5.338078	1482.918	1.207262e+08	3.304735e+08	1868.327	2095.729	-6.049822	104914	9984.562	-4.626335	3091.815	-5.338078	1482.918	-4.626335	3091.815
76.5	86637.19	10919.64	4740.701	57329.92	432213.1	-2089.754	19801.53	2632.028	2790.036	27261.26	61057.92	1993.95	-5.338078	1082.918	9.40875e+07	2.603547e+08	1968.327	1895.729	-6.049822	75306.95	6683.562	-4.626335	2191.815	-5.338078	1082.918	-4.626335	2191.815
76.78	67979.19	9418.641	1239.701	39294.92	319233.1	-1789.754	13197.53	1232.028	2690.036	21756.26	42919.92	1293.95	-5.338078	782.9182	6.911222e+07	2.002608e+08	868.3274	1695.729	-6.049822	49843.95	6583.562	-4.626335	2391.815	-5.338078	782.9182	-4.626335	2391.815
77.07	47833.19	5616.641	1539.701	31983.92	246921.1	-1589.754	9995.526	832.0284	890.0356	15451.26	30400.92	1293.95	-5.338078	782.9182	5.315992e+07	1.488506e+08	668.3274	1395.729	-6.049822	37721.95	3682.562	-4.626335	2291.815	-5.338078	782.9182	-4.626335	2291.815
77.35	35713.19	21929.64	739.7012	24774.92	191236.1	-1289.754	7494.527	632.0284	2090.036	12649.26	22792.92	793.9502	-5.338078	882.9182	3.971646e+07	1.163112e+08	568.3274	1295.729	-6.049822	32414.95	2682.562	-4.626335	1691.815	-5.338078	882.9182	-4.626335	1691.815
77.64	31307.19	18826.64	2739.701	18569.92	143820.1	-1289.754	6293.527	1032.028	1590.036	10648.26	20891.92	993.9502	-5.338078	182.9182	3.230937e+07	9.293006e+07	1168.327	795.7296	93.95018	20501.95	3382.562	95.37366	791.8149	-5.338078	182.9182	95.37366	791.8149
77.93	21296.19	3815.641	-160.2988	13365.92	131653.1	-1789.754	5293.527	332.0284	390.0356	6647.263	14586.92	693.9502	-5.338078	382.9182	2.571301e+07	7.241526e+07	568.3274	395.7295	93.95018	18500.95	2382.562	95.37366	1391.815	-5.338078	382.9182	95.37366	1391.815
78.21	17093.19	133202.6	839.7012	12665.92	94787.12	-1689.754	4693.527	332.0284	1190.036	6947.263	13486.92	593.9502	-5.338078	282.9182	2.050433e+07	6.256198e+07	768.3274	795.7296	93.95018	14197.95	2082.562	-4.626335	291.8149	-5.338078	282.9182	-4.626335	291.8149
78.5	14391.19	6816.641	-660.2988	11064.92	82443.12	-1289.754	2692.527	932.0284	290.0356	5047.263	9384.918	193.9502	-5.338078	182.9182	1.751317e+07	4.492873e+07	468.3274	595.7296	93.95018	11796.95	1382.562	-4.626335	491.8149	-5.338078	182.9182	-4.626335	491.8149
78.78	12090.19	2815.641	339.7012	7362.922	62686.12	-188.7544	1592.527	-367.9716	890.0356	3246.263	8083.918	93.95018	-5.338078	82.91815	1.299578e+07	3.818308e+07	368.3274	95.72954	-6.049822	8294.95	1182.562	-4.626335	591.8149	-5.338078	82.91815	-4.626335	591.8149
79.07	10689.19	2315.641	-761.2988	5762.922	46651.12	-1689.754	1992.527	32.02844	990.0356	3946.263	6783.918	393.9502	-5.338078	-17.08185	1.251465e+07	3.162158e+07	268.3274	295.7295	-6.049822	6894.95	782.5623	-4.626335	291.8149	-5.338078	-17.08185	-4.626335	291.8149
79.35	6788.188	2014.641	-1061.299	6162.922	36033.12	-989.7544	1192.527	-167.9716	290.0356	2846.263	6883.918	-6.049822	-5.338078	-17.08185	8823398	2.819555e+07	-31.6726	195.7295	-6.049822	8194.95	682.5623	-4.626335	691.8149	-5.338078	-17.08185	-4.626335	691.8149
79.64	6488.188	1614.641	-761.2988	2261.922	34932.12	-1289.754	892.5267	32.02844	-409.9644	1646.263	7083.918	193.9502	-5.338078	582.9182	8766857	2.148155e+07	168.3274	195.7295	-6.049822	3793.95	882.5623	-4.626335	-8.185054	-5.338078	582.9182	-4.626335	-8.185054
79.93	5888.188	1414.641	-861.2988	1861.922	27522.12	-388.7544	792.5267	-367.9716	-209.9644	1446.263	3682.918	293.9502	94.66192	182.9182	7226470	1.687036e+07	168.3274	295.7295	-6.049822	4393.95	582.5623	-4.626335	291.8149	94.66192	182.9182	-4.626335	291.8149
80.21	3987.189	1714.641	-961.2988	2761.922	23518.12	-1189.754	-7.473267	-167.9716	-409.9644	1546.263	3282.918	193.9502	-5.338078	182.9182	4514760	1.317435e+07	-31.6726	-4.270463	-6.049822	2693.95	282.5623	-4.626335	91.81495	-5.338078	182.9182	-4.626335	91.81495
80.5	3287.189	1114.641	-761.2988	1761.922	16312.12	-1789.754	592.5267	-267.9716	190.0356	846.2634	2382.918	-6.049822	-5.338078	82.91815	4486524	1.124259e+07	168.3274	195.7295	-6.049822	3693.95	282.5623	-4.626335	191.8149	-5.338078	82.91815	-4.626335	191.8149
80.79	4287.188	1414.641	-1061.299	1761.922	14511.12	-1089.754	292.5267	132.0284	-9.964355	746.2634	2082.918	93.95018	-5.338078	82.91815	4655942	9808655	68.3274	95.72954	-6.049822	1793.95	82.56228	-4.626335	91.81495	-5.338078	82.91815	-4.626335	91.81495
81.07	2387.189	714.6406	-560.2988	2061.922	8709.117	-689.7544	192.5267	32.02844	190.0356	846.2634	1482.918	-6.049822	-5.338078	-17.08185	2778664	8616516	-31.6726	95.72954	-6.049822	2293.95	182.5623	-4.626335	-8.185054	-5.338078	-17.08185	-4.626335	-8.185054
81.36	2387.189	-185.3594	-660.2988	1361.922	10809.12	-889.7544	792.5267	132.0284	-109.9644	146.2633	1382.918	93.95018	-5.338078	-17.08185	2552894	7155274	-31.6726	195.7295	-6.049822	2093.95	-17.43772	-4.626335	-8.185054	-5.338078	-17.08185	-4.626335	-8.185054
81.64	1187.189	614.6406	-1261.299	361.9218	7708.118	-88.75439	292.5267	232.0284	-1009.964	746.2634	782.9182	93.95018	-5.338078	-17.08185	1861560	4900754	268.3274	95.72954	-6.049822	1493.95	382.5623	-4.626335	-8.185054	-5.338078	-17.08185	-4.626335	-8.185054
81.93	2387.189	614.6406	-1661.299	261.9218	27823.12	-689.7544	-507.4733	432.0284	390.0356	646.2634	1082.918	-6.049822	-5.338078	-17.08185	2242482	4688136	-31.6726	-4.270463	-6.049822	993.9502	-17.43772	-4.626335	-8.185054	-5.338078	-17.08185	-4.626335	-8.185054
82.22	1487.189	1514.641	-961.2988	261.9218	4907.118	-1589.754	-307.4733	232.0284	490.0356	346.2633	382.9182	93.95018	-5.338078	-17.08185	1593529	3242682	-31.6726	-4.270463	93.95018	693.9502	82.56228	-4.626335	-8.185054	-5.338078	-17.08185	-4.626335	-8.185054
82.5	1187.189	414.6406	-2461.299	461.9218	7108.118	-1889.754	-107.4733	232.0284	-209.9644	246.2633	482.9182	-6.049822	-5.338078	-17.08185	1270877	3979507	-31.6726	195.7295	-6.049822	593.9502	-17.43772	-4.626335	91.81495	-5.338078	-17.08185	-4.626335	91.81495
82.79	687.1886	-1085.359	-1461.299	561.9218	4507.118	-1589.754	292.5267	32.02844	90.03564	146.2633	782.9182	-6.049822	-5.338078	-17.08185	1057528	2945162	68.3274	-4.270463	293.9502	693.9502	-17.43772	-4.626335	-8.185054	-5.338078	-17.08185	-4.626335	-8.185054
83.08	487.1886	-185.3594	-160.2988	61.92175	3607.117	-388.7544	192.5267	32.02844	490.0356	246.2633	282.9182	-6.049822	94.66192	-17.08185	655556.4	3837798	-31.6726	-4.270463	93.95018	193.9502	82.56228	-4.626335	-8.185054	94.66192	-17.08185	-4.626335	-8.185054
83.37	687.1886	-385.3594	-360.2988	661.9218	3407.117	-1289.754	-507.4733	232.0284	-409.9644	346.2633	582.9182	-6.049822	-5.338078	-17.08185	845971.4	2307703	-31.6726	-4.270463	-6.049822	593.9502	282.5623	-4.626335	91.81495	-5.338078	-17.08185	-4.626335	91.81495
83.66	487.1886	-85.35938	-861.2988	161.9218	1207.117	-1389.754	-407.4733	-67.97156	-709.9644	146.2633	382.9182	-6.049822	94.66192	-17.08185	697571.4	1755331	-31.6726	-4.270463	-6.049822	593.9502	-17.43772	-4.626335	-8.185054	94.66192	-17.08185	-4.626335	-8.185054
83.95	387.1886	514.6406	-1261.299	261.9218	2007.117	-1689.754	92.52673	132.0284	-309.9644	46.26334	82.91815	-6.049822	-5.338078	-17.08185	549812.4	1217205	-31.6726	95.72954	-6.049822	593.9502	-17.43772	-4.626335	-8.185054	-5.338078	-17.08185	-4.626335	-8.185054
84.24	687.1886	-1085.359	-1161.299	261.9218	1607.117	-1989.754	92.52673	532.0284	390.0356	446.2633	282.9182	-6.049822	-5.338078	82.91815	643242.4	2364361	-31.6726	-4.270463	193.9502	193.9502	-17.43772	-4.626335	-8.185054	-5.338078	82.91815	-4.626335	-8.185054
84.53	-12.81139	-1085.359	-961.2988	-338.0782	1507.117	-1889.754	392.5267	-67.97156	-109.9644	146.2633	482.9182	-6.049822	94.66192	-17.08185	277704.4	820743.8	-31.6726	-4.270463	-6.049822	793.9502	82.56228	-4.626335	-8.185054	94.66192	-17.08185	-4.626335	-8.185054
84.81	487.1886	-185.3594	-460.2988	-138.0782	707.1174	-1589.754	492.5267	-67.97156	-109.9644	346.2633	282.9182	-6.049822	-5.338078	-17.08185	247489.4	849060.8	-31.6726	-4.270463	-6.049822	93.95018	-17.43772	-4.626335	-8.185054	-5.338078	-17.08185	-4.626335	-8.185054
85.1	87.18861	-685.3594	-360.2988	-338.0782	807.1174	-588.7544	-807.4733	332.0284	-209.9644	-53.73666	-17.08185	-6.049822	-5.338078	82.91815	358523.4	721635.8	-31.6726	95.72954	-6.049822	193.9502	-17.43772	-4.626335	-8.185054	-5.338078	82.91815	-4.626335	-8.185054
85.39	87.18861	714.6406	-1061.299	-38.07825	507.1174	111.2456	-407.4733	-367.9716	-509.9644	146.2633	82.91815	-6.049822	-5.338078	-17.08185	257692.4	905695.8	-31.6726	95.72954	-6.049822	93.95018	-17.43772	-4.626335	-8.185054	-5.338078	-17.08185	-4.626335	-8.185054
85.69	87.18861	2315.641	-1361.299	-238.0782	707.1174	-1189.754	192.5267	432.0284	290.0356	246.2633	282.9182	-6.049822	-5.338078	-17.08185	225476.4	4560573	-31.6726	-4.270463	-6.049822	93.95018	-17.43772	-4.626335	-8.185054	-5.338078	-17.08185	-4.626335	-8.185054
85.97	187.1886	-285.3594	-1061.299	-138.0782	607.1174	-789.7544	-407.4733	132.0284	590.0356	246.2633	82.91815	-6.049822	-5.338078	-17.08185	118349.4	311072.8	68.3274	-4.270463	-6.049822	93.95018	-17.43772	-4.626335	-8.185054	-5.338078	-17.08185	-4.626335	-8.185054
86.26	87.18861	214.6406	-961.2988	461.9218	1407.117	-1889.754	-7.473267	232.0284	-409.9644	146.2633	-17.08185	-6.049822	-5.338078	-17.08185	167831.4	410169.8	-31.6726	95.72954	-6.049822	93.95018	-17.43772	-4.626335	-8.185054	-5.338078	-17.08185	-4.626335	-8.185054
86.55	187.1886	514.6406	-1361.299	461.9218	1707.117	-588.7544	-507.4733	32.02844	590.0356	146.2633	282.9182	-6.049822	-5.338078	-17.08185	154972.4	410169.8	-31.6726	-4.270463	-6.049822	93.95018	-17.43772	-4.626335	-8.185054	-5.338078	-17.08185	-4.626335	-8.185054
86.84	87.18861	814.6406	-761.2988	-238.0782	7.117439	-1589.754	592.5267	-67.97156	-9.964355	-53.73666	182.9182	-6.049822	-5.338078	-17.08185	169073.4	327580.8	-31.6726	-4.270463	-6.049822	193.9502	-17.43772	-4.626335	-8.185054	-5.338078	-17.08185	-4.626335	-8.185054
87.13	-12.81139	1114.641	-1361.299	161.9218	307.1174	-1089.754	892.5267	132.0284	-1109.964	-53.73666	-17.08185	-6.049822	-5.338078	-17.08185	258904.4	452640.8	-31.6726	-4.270463	-6.049822	193.9502	-17.43772	-4.626335	-8.185054	-5.338078	-17.08185	-4.626335	-8.185054
87.41	87.18861	1114.641	-660.2988	661.9218	7.117439	-1789.754	92.52673	-367.9716	290.0356	-53.73666	182.9182	-6.049822	-5.338078	-17.08185	151829.4	141198.8	-31.6726	-4.270463	-6.049822	93.95018	-17.43772	-4.626335	-8.185054	-5.338078	-17.08185	-4.626335	-8.185054
87.7	-12.81139	1014.641	339.7012	161.9218	107.1174	-388.7544	-407.4733	-167.9716	-509.9644	346.2633	82.91815	-6.049822	-5.338078	-17.08185	122871.4	140539.8	-31.6726	-4.270463	-6.049822	93.95018	-17.43772	-4.626335	-8.185054	-5.338078	-17.08185	-4.626335	-8.185054
87.99	187.1886	614.6406	-861.2988	361.9218	907.1174	611.2456	-107.4733	32.02844	290.0356	346.2633	-17.08185	-6.049822	94.66192	-17.08185	144385.4	452640.8	68.3274	-4.270463	-6.049822	-6.049822	-17.43772	-4.626335	-8.185054	94.66192	-17.08185	-4.626335	-8.185054
88.28	187.1886	1114.641	39.70117	-338.0782	7.117439	311.2456	92.52673	-67.97156	890.0356	-53.73666	82.91815	-6.049822	-5.338078	-17.08185	52725.39	296916.8	-31.6726	-4.270463	-6.049822	-6.049822	-17.43772	-4.626335	91.81495	-5.338078	-17.08185	-4.626335	91.81495
88.56	-12.81139	114.6406	-961.2988	-238.0782	407.1174	-1489.754	-207.4733	-167.9716	490.0356	146.2633	-17.08185	93.95018	-5.338078	-17.08185	85816.4	55505.77	-31.6726	-4.270463	-6.049822	-6.049822	282.5623	-4.626335	-8.185054	-5.338078	-17.08185	-4.626335	-8.185054
88.85	-12.81139	-885.3594	-1461.299	361.9218	407.1174	-789.7544	-107.4733	232.0284	90.03564	-53.73666	-17.08185	-6.049822	-5.338078	-17.08185	19977.39	197822.8	-31.6726	-4.270463	-6.049822	-6.049822	-17.43772	-4.626335	-8.185054	-5.338078	-17.08185	-4.626335	-8.185054
89.14	-12.81139	614.6406	-1761.299	261.9218	7.117439	-1389.754	292.5267	-367.9716	90.03564	46.26334	-17.08185	-6.049822	-5.338078	-17.08185	17976.39	12546.77	-31.6726	-4.270463	-6.049822	-6.049822	-17.43772	-4.626335	-8.185054	-5.338078	-17.08185	-4.626335	-8.185054
89.42	87.18861	314.6406	-2161.299	161.9218	-92.88256	-1989.754	-307.4733	-67.97156	-309.9644	-53.73666	82.91815	-6.049822	94.66192	-17.08185	43707.39	169510.8	-31.6726	-4.270463	-6.049822	93.95018	-17.43772	-4.626335	-8.185054	94.66192	-17.08185	-4.626335	-8.185054
89.71	87.18861	414.6406	-1261.299	-238.0782	307.1174	-789.7544	-307.4733	-567.9716	-309.9644	246.2633	-17.08185	-6.049822	94.66192	-17.08185	48817.39	58913.77	-31.6726	-4.270463	-6.049822	-6.049822	82.56228	-4.626335	-8.185054	94.66192	-17.08185	-4.626335	-8.185054
90	-12.81139	714.6406	-861.2988	-238.0782	507.1174	-1989.754	192.5267	-367.9716	-609.9644	46.26334	-17.08185	-6.049822	-5.338078	-17.08185	59841.39	19051.77	-31.6726	-4.270463	-6.049822	-6.049822	-17.43772	-4.626335	-8.185054	-5.338078	-17.08185	-4.626335	-8.185054
90.28	-12.81139	114.6406	-160.2988	-538.0782	107.1174	-2489.754	192.5267	432.0284	90.03564	46.26334	182.9182	-6.049822	-5.338078	-17.08185	47414.39	21653.77	-31.6726	-4.270463	-6.049822	-6.049822	-17.43772	-4.626335	-8.185054	-5.338078	-17.08185	-4.626335	-8.185054
90.57	87.18861	814.6406	-360.2988	-138.0782	407.1174	-388.7544	92.52673	-167.9716	390.0356	-53.73666	-17.08185	-6.049822	-5.338078	-17.08185	25182.39	27954.77	-31.6726	-4.270463	-6.049822	93.95018	82.56228	-4.626335	-8.185054	-5.338078	-17.08185	-4.626335	-8.185054
90.86	-12.81139	-385.3594	-1061.299	-338.0782	-92.88256	-1989.754	992.5267	-167.9716	190.0356	46.26334	182.9182	-6.049822	-5.338078	-17.08185	104387.4	3443.772	-31.6726	-4.270463	-6.049822	-6.049822	-17.43772	-4.626335	-8.185054	-5.338078	-17.08185	-4.626335	-8.185054
91.14	-12.81139	214.6406	-1961.299	-238.0782	-92.88256	-2189.754	-707.4733	-67.97156	290.0356	-53.73666	82.91815	-6.049822	-5.338078	-17.08185	39400.39	13798.77	-31.6726	-4.270463	-6.049822	93.95018	-17.43772	-4.626335	-8.185054	-5.338078	-17.08185	-4.626335	-8.185054
91.43	-12.81139	-185.3594	-2261.299	61.92175	-92.88256	-1489.754	-307.4733	-467.9716	-209.9644	-53.73666	82.91815	-6.049822	-5.338078	-17.08185	52424.39	226134.8	-31.6726	-4.270463	-6.049822	193.9502	-17.43772	-4.626335	-8.185054	-5.338078	-17.08185	-4.626335	-8.185054
91.72	87.18861	514.6406	-660.2988	261.9218	-92.88256	-889.7544	592.5267	-167.9716	-209.9644	46.26334	-17.08185	-6.049822	-5.338078	-17.08185	-30.60498	125358.8	68.3274	-4.270463	-6.049822	-6.049822	-17.43772	-4.626335	-8.185054	-5.338078	-17.08185	-4.626335	-8.185054
92	-12.81139	-785.3594	-560.2988	161.9218	607.1174	-88.75439	-207.4733	132.0284	-809.9644	46.26334	-17.08185	-6.049822	-5.338078	82.91815	43607.39	10145.77	-31.6726	-4.270463	-6.049822	-6.049822	-17.43772	-4.626335	-8.185054	-5.338078	82.91815	-4.626335	-8.185054
