ElapsedTime_s	Ti49_CPS	Al27_CPS	S33_CPS	Sc45_CPS	V51_CPS	Mn55_CPS	Fe57_CPS	Co59_CPS	Ni60_CPS	Ga71_CPS	Zr90_CPS	Nb93_CPS	Mo97_CPS	In113_CPS	Sn119_CPS	Sn118_CPS	Sb121_CPS	Hf177_CPS	Ta181_CPS	W183_CPS	Pb206_CPS	Th232_CPS	U238_CPS	Tc97_CPS	Cd113_CPS	U232_CPS	Pu238_CPS
0	-12.81139	114.6406	-260.2988	161.9218	-92.88256	-1789.754	1192.527	-67.97156	-109.9644	46.26334	-17.08185	-6.049822	-5.338078	-17.08185	22679.39	3643.772	-31.6726	-4.270463	-6.049822	-6.049822	82.56228	-4.626335	-8.185054	-5.338078	-17.08185	-4.626335	-8.185054
																											
17.11	-12.81139	1514.641	-560.2988	361.9218	107.1174	-889.7544	-7.473267	-367.9716	190.0356	146.2633	-17.08185	-6.049822	-5.338078	-17.08185	-30.60498	-156.2278	-31.6726	-4.270463	-6.049822	-6.049822	-17.43772	-4.626335	-8.185054	-5.338078	-17.08185	-4.626335	-8.185054
17.4	87.18861	514.6406	1339.701	61.92175	-92.88256	-1389.754	-607.4733	-267.9716	490.0356	146.2633	-17.08185	-6.049822	-5.338078	-17.08185	21679.39	13947.77	-31.6726	-4.270463	-6.049822	-6.049822	-17.43772	-4.626335	-8.185054	-5.338078	-17.08185	-4.626335	-8.185054
17.68	-12.81139	1114.641	-660.2988	161.9218	107.1174	-1789.754	292.5267	132.0284	690.0356	46.26334	82.91815	-6.049822	-5.338078	-17.08185	-30.60498	143.7722	-31.6726	-4.270463	-6.049822	-6.049822	-17.43772	-4.626335	-8.185054	-5.338078	-17.08185	-4.626335	-8.185054
17.97	-12.81139	1914.641	139.7012	-138.0782	7.117439	-1089.754	692.5267	232.0284	-109.9644	246.2633	-17.08185	-6.049822	-5.338078	-17.08185	-30.60498	143.7722	-31.6726	-4.270463	-6.049822	-6.049822	82.56228	-4.626335	-8.185054	-5.338078	-17.08185	-4.626335	-8.185054
18.25	-12.81139	8417.641	-1161.299	-38.07825	-92.88256	-1589.754	292.5267	-167.9716	590.0356	146.2633	-17.08185	-6.049822	-5.338078	-17.08185	69.39502	243.7722	-31.6726	-4.270463	-6.049822	-6.049822	-17.43772	-4.626335	-8.185054	-5.338078	-17.08185	-4.626335	-8.185054
18.54	-12.81139	2114.641	-961.2988	-38.07825	7.117439	-388.7544	-207.4733	432.0284	390.0356	146.2633	182.9182	-6.049822	-5.338078	82.91815	-130.605	47589.77	-31.6726	-4.270463	-6.049822	-6.049822	-17.43772	-4.626335	-8.185054	-5.338078	82.91815	-4.626335	-8.185054
18.82	-12.81139	1314.641	-1161.299	261.9218	-92.88256	-1689.754	-207.4733	-67.97156	390.0356	46.26334	-17.08185	-6.049822	-5.338078	-17.08185	30688.39	-56.22775	-31.6726	-4.270463	-6.049822	-6.049822	-17.43772	-4.626335	-8.185054	-5.338078	-17.08185	-4.626335	-8.185054
19.11	-12.81139	1414.641	-1461.299	-238.0782	-92.88256	-2289.754	492.5267	-267.9716	490.0356	46.26334	-17.08185	-6.049822	-5.338078	-17.08185	13072.39	-156.2278	-31.6726	-4.270463	-6.049822	193.9502	-17.43772	-4.626335	-8.185054	-5.338078	-17.08185	-4.626335	-8.185054
19.39	-12.81139	414.6406	-1861.299	-238.0782	107.1174	-1189.754	-707.4733	-67.97156	590.0356	46.26334	82.91815	-6.049822	-5.338078	-17.08185	-130.605	43.77225	-31.6726	-4.270463	-6.049822	-6.049822	-17.43772	-4.626335	-8.185054	-5.338078	-17.08185	-4.626335	-8.185054
19.68	-12.81139	614.6406	-560.2988	161.9218	-92.88256	-2089.754	92.52673	-167.9716	-509.9644	-53.73666	-17.08185	-6.049822	-5.338078	-17.08185	69.39502	-56.22775	-31.6726	-4.270463	-6.049822	-6.049822	-17.43772	-4.626335	-8.185054	-5.338078	-17.08185	-4.626335	-8.185054
19.96	-12.81139	714.6406	739.7012	61.92175	-92.88256	-1689.754	-607.4733	-67.97156	490.0356	-53.73666	-17.08185	-6.049822	-5.338078	-17.08185	-130.605	-256.2278	-31.6726	95.72954	-6.049822	-6.049822	-17.43772	-4.626335	-8.185054	-5.338078	-17.08185	-4.626335	-8.185054
20.25	-12.81139	2114.641	1539.701	-38.07825	-92.88256	-1989.754	-207.4733	-267.9716	-109.9644	-53.73666	-17.08185	-6.049822	-5.338078	-17.08185	69.39502	-56.22775	-31.6726	-4.270463	-6.049822	-6.049822	-17.43772	-4.626335	-8.185054	-5.338078	-17.08185	-4.626335	-8.185054
20.53	187.1886	214.6406	-1061.299	161.9218	7.117439	-989.7544	-207.4733	232.0284	290.0356	46.26334	-17.08185	-6.049822	-5.338078	-17.08185	169.395	-56.22775	-31.6726	-4.270463	-6.049822	-6.049822	-17.43772	-4.626335	-8.185054	-5.338078	-17.08185	-4.626335	-8.185054
20.82	-12.81139	1214.641	439.7012	-138.0782	7.117439	-288.7544	-7.473267	-267.9716	190.0356	46.26334	82.91815	-6.049822	-5.338078	-17.08185	169.395	-156.2278	-31.6726	-4.270463	-6.049822	-6.049822	-17.43772	-4.626335	91.81495	-5.338078	-17.08185	-4.626335	91.81495
21.1	-12.81139	1614.641	-260.2988	261.9218	-92.88256	-388.7544	-7.473267	-67.97156	90.03564	-53.73666	-17.08185	-6.049822	-5.338078	82.91815	69.39502	-56.22775	-31.6726	-4.270463	-6.049822	-6.049822	-17.43772	-4.626335	-8.185054	-5.338078	82.91815	-4.626335	-8.185054
21.39	-12.81139	914.6406	639.7012	-638.0782	7.117439	-2089.754	-307.4733	-167.9716	290.0356	146.2633	-17.08185	-6.049822	-5.338078	-17.08185	-130.605	-156.2278	68.3274	-4.270463	-6.049822	-6.049822	-17.43772	-4.626335	-8.185054	-5.338078	-17.08185	-4.626335	-8.185054
21.67	-12.81139	614.6406	139.7012	-338.0782	-92.88256	-1589.754	1192.527	132.0284	-9.964355	-53.73666	-17.08185	93.95018	-5.338078	-17.08185	-130.605	-156.2278	68.3274	-4.270463	-6.049822	-6.049822	-17.43772	-4.626335	-8.185054	-5.338078	-17.08185	-4.626335	-8.185054
21.96	-12.81139	1114.641	-1161.299	461.9218	107.1174	-1489.754	92.52673	-367.9716	490.0356	46.26334	-17.08185	-6.049822	-5.338078	-17.08185	69.39502	-156.2278	-31.6726	-4.270463	-6.049822	-6.049822	-17.43772	-4.626335	-8.185054	-5.338078	-17.08185	-4.626335	-8.185054
22.24	-12.81139	114.6406	-160.2988	61.92175	-92.88256	-2689.754	192.5267	-67.97156	-209.9644	-53.73666	-17.08185	-6.049822	-5.338078	-17.08185	-30.60498	-56.22775	-31.6726	-4.270463	-6.049822	-6.049822	-17.43772	-4.626335	-8.185054	-5.338078	-17.08185	-4.626335	-8.185054
22.53	-12.81139	-1185.359	-1261.299	361.9218	-92.88256	-989.7544	-607.4733	-367.9716	-9.964355	46.26334	-17.08185	-6.049822	-5.338078	-17.08185	69.39502	-56.22775	68.3274	-4.270463	-6.049822	-6.049822	-17.43772	-4.626335	-8.185054	-5.338078	-17.08185	-4.626335	-8.185054
22.81	-12.81139	-385.3594	-761.2988	361.9218	-92.88256	-2289.754	-207.4733	-67.97156	690.0356	-53.73666	-17.08185	-6.049822	-5.338078	-17.08185	69.39502	-56.22775	-31.6726	-4.270463	-6.049822	-6.049822	-17.43772	95.37366	-8.185054	-5.338078	-17.08185	95.37366	-8.185054
23.1	87.18861	2415.641	-861.2988	61.92175	-92.88256	-1889.754	-507.4733	132.0284	190.0356	-53.73666	-17.08185	-6.049822	-5.338078	-17.08185	-130.605	143.7722	-31.6726	-4.270463	-6.049822	-6.049822	-17.43772	-4.626335	-8.185054	-5.338078	-17.08185	-4.626335	-8.185054
23.38	-12.81139	3215.641	-1261.299	661.9218	-92.88256	-1189.754	-607.4733	132.0284	690.0356	-53.73666	82.91815	-6.049822	-5.338078	-17.08185	-130.605	-256.2278	-31.6726	-4.270463	-6.049822	-6.049822	-17.43772	-4.626335	-8.185054	-5.338078	-17.08185	-4.626335	-8.185054
23.67	-12.81139	1214.641	-1161.299	361.9218	7.117439	-889.7544	692.5267	-267.9716	-9.964355	146.2633	-17.08185	-6.049822	-5.338078	-17.08185	8971.395	-156.2278	68.3274	-4.270463	-6.049822	-6.049822	-17.43772	-4.626335	-8.185054	-5.338078	-17.08185	-4.626335	-8.185054
23.95	87.18861	214.6406	-460.2988	-38.07825	107.1174	-1389.754	-307.4733	-167.9716	390.0356	-53.73666	-17.08185	-6.049822	-5.338078	-17.08185	-130.605	243.7722	68.3274	-4.270463	-6.049822	-6.049822	-17.43772	95.37366	-8.185054	-5.338078	-17.08185	95.37366	-8.185054
24.24	-12.81139	1114.641	-1661.299	-438.0782	-92.88256	-1189.754	-207.4733	132.0284	-209.9644	46.26334	-17.08185	-6.049822	-5.338078	-17.08185	-30.60498	-256.2278	-31.6726	-4.270463	-6.049822	-6.049822	-17.43772	-4.626335	-8.185054	-5.338078	-17.08185	-4.626335	-8.185054
24.52	87.18861	1614.641	-961.2988	-338.0782	7.117439	-1489.754	-7.473267	132.0284	290.0356	146.2633	-17.08185	93.95018	-5.338078	-17.08185	169.395	43.77225	68.3274	-4.270463	-6.049822	-6.049822	-17.43772	-4.626335	-8.185054	-5.338078	-17.08185	-4.626335	-8.185054
24.81	-12.81139	-685.3594	-861.2988	261.9218	-92.88256	-1089.754	592.5267	332.0284	90.03564	-53.73666	-17.08185	-6.049822	-5.338078	-17.08185	-130.605	-156.2278	-31.6726	-4.270463	-6.049822	-6.049822	-17.43772	-4.626335	-8.185054	-5.338078	-17.08185	-4.626335	-8.185054
25.09	-12.81139	814.6406	-160.2988	-138.0782	-92.88256	-689.7544	292.5267	432.0284	190.0356	-53.73666	-17.08185	-6.049822	-5.338078	-17.08185	69.39502	143.7722	-31.6726	-4.270463	-6.049822	-6.049822	-17.43772	-4.626335	-8.185054	-5.338078	-17.08185	-4.626335	-8.185054
25.38	-12.81139	1814.641	-861.2988	461.9218	7.117439	-188.7544	192.5267	132.0284	190.0356	346.2633	-17.08185	-6.049822	-5.338078	-17.08185	-130.605	143.7722	68.3274	-4.270463	-6.049822	93.95018	-17.43772	-4.626335	-8.185054	-5.338078	-17.08185	-4.626335	-8.185054
25.66	-12.81139	314.6406	-1261.299	-738.0782	7.117439	-588.7544	192.5267	332.0284	-509.9644	-53.73666	-17.08185	-6.049822	-5.338078	-17.08185	-130.605	43.77225	-31.6726	-4.270463	-6.049822	-6.049822	-17.43772	-4.626335	-8.185054	-5.338078	-17.08185	-4.626335	-8.185054
25.95	87.18861	214.6406	339.7012	61.92175	107.1174	-2289.754	292.5267	-67.97156	-409.9644	46.26334	-17.08185	-6.049822	94.66192	-17.08185	69.39502	43.77225	-31.6726	-4.270463	-6.049822	-6.049822	-17.43772	-4.626335	-8.185054	94.66192	-17.08185	-4.626335	-8.185054
26.23	-12.81139	1114.641	-761.2988	-138.0782	-92.88256	-789.7544	-407.4733	-267.9716	-9.964355	146.2633	82.91815	-6.049822	-5.338078	-17.08185	69.39502	743.7722	-31.6726	-4.270463	-6.049822	-6.049822	-17.43772	-4.626335	-8.185054	-5.338078	-17.08185	-4.626335	-8.185054
26.52	-12.81139	314.6406	-460.2988	-38.07825	207.1174	-1789.754	492.5267	-367.9716	390.0356	46.26334	-17.08185	-6.049822	-5.338078	-17.08185	-130.605	-156.2278	-31.6726	-4.270463	-6.049822	-6.049822	-17.43772	-4.626335	-8.185054	-5.338078	-17.08185	-4.626335	-8.185054
26.8	-12.81139	214.6406	-60.29883	461.9218	-92.88256	-88.75439	-7.473267	-167.9716	390.0356	-53.73666	-17.08185	-6.049822	-5.338078	-17.08185	-130.605	143.7722	-31.6726	-4.270463	-6.049822	-6.049822	-17.43772	-4.626335	-8.185054	-5.338078	-17.08185	-4.626335	-8.185054
27.09	-12.81139	14.64062	-660.2988	-38.07825	7.117439	-889.7544	-307.4733	-367.9716	390.0356	-53.73666	-17.08185	-6.049822	-5.338078	-17.08185	69.39502	-156.2278	-31.6726	-4.270463	-6.049822	-6.049822	-17.43772	-4.626335	-8.185054	-5.338078	-17.08185	-4.626335	-8.185054
27.37	-12.81139	414.6406	-660.2988	561.9218	-92.88256	-889.7544	792.5267	-367.9716	-409.9644	-53.73666	-17.08185	-6.049822	-5.338078	-17.08185	-30.60498	143.7722	168.3274	-4.270463	-6.049822	-6.049822	-17.43772	-4.626335	-8.185054	-5.338078	-17.08185	-4.626335	-8.185054
27.66	87.18861	314.6406	639.7012	-538.0782	107.1174	-989.7544	592.5267	-167.9716	-209.9644	146.2633	82.91815	-6.049822	-5.338078	-17.08185	-130.605	-56.22775	-31.6726	-4.270463	-6.049822	-6.049822	-17.43772	-4.626335	-8.185054	-5.338078	-17.08185	-4.626335	-8.185054
27.94	-12.81139	-1085.359	-360.2988	-38.07825	-92.88256	-689.7544	-707.4733	-267.9716	-509.9644	146.2633	-17.08185	-6.049822	94.66192	-17.08185	17275.39	143.7722	-31.6726	-4.270463	-6.049822	-6.049822	-17.43772	-4.626335	-8.185054	94.66192	-17.08185	-4.626335	-8.185054
28.23	-12.81139	414.6406	-60.29883	-538.0782	7.117439	-1889.754	92.52673	-167.9716	90.03564	-53.73666	-17.08185	-6.049822	-5.338078	-17.08185	-130.605	43.77225	-31.6726	-4.270463	-6.049822	-6.049822	-17.43772	-4.626335	-8.185054	-5.338078	-17.08185	-4.626335	-8.185054
28.51	-12.81139	714.6406	-1761.299	-38.07825	7.117439	-1689.754	-407.4733	32.02844	-309.9644	-53.73666	-17.08185	-6.049822	-5.338078	-17.08185	-30.60498	-156.2278	-31.6726	-4.270463	-6.049822	-6.049822	-17.43772	95.37366	-8.185054	-5.338078	-17.08185	95.37366	-8.185054
28.8	-12.81139	-485.3594	-460.2988	461.9218	7.117439	-1789.754	-7.473267	32.02844	-9.964355	-53.73666	-17.08185	-6.049822	-5.338078	-17.08185	-30.60498	-256.2278	-31.6726	-4.270463	-6.049822	-6.049822	-17.43772	-4.626335	-8.185054	-5.338078	-17.08185	-4.626335	-8.185054
29.08	-12.81139	814.6406	-1961.299	61.92175	-92.88256	-989.7544	-7.473267	132.0284	-309.9644	46.26334	-17.08185	-6.049822	-5.338078	-17.08185	-130.605	-56.22775	-31.6726	-4.270463	-6.049822	-6.049822	-17.43772	-4.626335	-8.185054	-5.338078	-17.08185	-4.626335	-8.185054
29.37	187.1886	1014.641	239.7012	361.9218	7.117439	-1189.754	92.52673	532.0284	-9.964355	46.26334	-17.08185	-6.049822	-5.338078	-17.08185	-130.605	-156.2278	68.3274	-4.270463	93.95018	-6.049822	-17.43772	-4.626335	-8.185054	-5.338078	-17.08185	-4.626335	-8.185054
29.65	-12.81139	-185.3594	439.7012	161.9218	-92.88256	-488.7544	-7.473267	-267.9716	-309.9644	-53.73666	82.91815	-6.049822	-5.338078	-17.08185	-30.60498	-156.2278	-31.6726	95.72954	-6.049822	-6.049822	-17.43772	-4.626335	-8.185054	-5.338078	-17.08185	-4.626335	-8.185054
29.94	-12.81139	214.6406	-260.2988	661.9218	7.117439	-1089.754	-807.4733	-67.97156	490.0356	-53.73666	-17.08185	-6.049822	-5.338078	-17.08185	-130.605	-56.22775	-31.6726	-4.270463	-6.049822	93.95018	-17.43772	-4.626335	-8.185054	-5.338078	-17.08185	-4.626335	-8.185054
30.22	-12.81139	-485.3594	-1861.299	361.9218	207.1174	-889.7544	-307.4733	-67.97156	290.0356	-53.73666	-17.08185	-6.049822	-5.338078	-17.08185	-130.605	-256.2278	-31.6726	-4.270463	-6.049822	-6.049822	-17.43772	-4.626335	-8.185054	-5.338078	-17.08185	-4.626335	-8.185054
30.51	-12.81139	2515.641	-761.2988	-38.07825	-92.88256	-1489.754	-607.4733	-467.9716	-509.9644	-53.73666	-17.08185	-6.049822	-5.338078	-17.08185	69.39502	43.77225	-31.6726	-4.270463	-6.049822	-6.049822	-17.43772	-4.626335	-8.185054	-5.338078	-17.08185	-4.626335	-8.185054
30.79	-12.81139	1014.641	-660.2988	261.9218	7.117439	-789.7544	-707.4733	132.0284	-109.9644	-53.73666	-17.08185	-6.049822	-5.338078	-17.08185	-130.605	43.77225	68.3274	-4.270463	-6.049822	-6.049822	-17.43772	-4.626335	91.81495	-5.338078	-17.08185	-4.626335	91.81495
31.08	-12.81139	114.6406	-160.2988	261.9218	-92.88256	-2289.754	492.5267	232.0284	-109.9644	-53.73666	-17.08185	-6.049822	-5.338078	-17.08185	85616.4	-156.2278	-31.6726	-4.270463	-6.049822	-6.049822	82.56228	-4.626335	-8.185054	-5.338078	-17.08185	-4.626335	-8.185054
31.36	187.1886	14.64062	-961.2988	-538.0782	207.1174	-1789.754	-507.4733	232.0284	190.0356	-53.73666	-17.08185	-6.049822	-5.338078	-17.08185	69.39502	343.7722	-31.6726	-4.270463	-6.049822	-6.049822	-17.43772	-4.626335	-8.185054	-5.338078	-17.08185	-4.626335	-8.185054
31.65	87.18861	1914.641	-761.2988	-438.0782	-92.88256	-488.7544	192.5267	32.02844	-9.964355	-53.73666	-17.08185	-6.049822	-5.338078	-17.08185	69.39502	-256.2278	-31.6726	-4.270463	-6.049822	-6.049822	-17.43772	-4.626335	-8.185054	-5.338078	-17.08185	-4.626335	-8.185054
31.93	-12.81139	714.6406	-961.2988	361.9218	-92.88256	-388.7544	-7.473267	-267.9716	-109.9644	46.26334	-17.08185	-6.049822	-5.338078	-17.08185	-30.60498	-56.22775	-31.6726	-4.270463	-6.049822	-6.049822	-17.43772	-4.626335	-8.185054	-5.338078	-17.08185	-4.626335	-8.185054
32.22	-12.81139	2915.641	-560.2988	-38.07825	-92.88256	-689.7544	-307.4733	-267.9716	90.03564	-53.73666	-17.08185	-6.049822	-5.338078	-17.08185	69.39502	-56.22775	-31.6726	-4.270463	-6.049822	-6.049822	-17.43772	-4.626335	-8.185054	-5.338078	-17.08185	-4.626335	-8.185054
32.5	87.18861	414.6406	-360.2988	461.9218	7.117439	-1589.754	292.5267	32.02844	-9.964355	46.26334	82.91815	-6.049822	-5.338078	-17.08185	-130.605	-156.2278	-31.6726	-4.270463	93.95018	-6.049822	-17.43772	-4.626335	-8.185054	-5.338078	-17.08185	-4.626335	-8.185054
32.79	-12.81139	814.6406	-761.2988	261.9218	107.1174	-588.7544	92.52673	232.0284	190.0356	-53.73666	-17.08185	-6.049822	-5.338078	82.91815	-130.605	143.7722	-31.6726	-4.270463	-6.049822	-6.049822	-17.43772	-4.626335	-8.185054	-5.338078	82.91815	-4.626335	-8.185054
33.07	-12.81139	1914.641	-1561.299	61.92175	-92.88256	-1089.754	-207.4733	-67.97156	-9.964355	-53.73666	-17.08185	-6.049822	-5.338078	-17.08185	-30.60498	17750.77	-31.6726	-4.270463	-6.049822	-6.049822	-17.43772	-4.626335	-8.185054	-5.338078	-17.08185	-4.626335	-8.185054
33.36	-12.81139	-885.3594	-1061.299	161.9218	-92.88256	-1289.754	692.5267	32.02844	-109.9644	46.26334	-17.08185	-6.049822	-5.338078	-17.08185	-30.60498	-156.2278	-31.6726	-4.270463	-6.049822	193.9502	-17.43772	-4.626335	-8.185054	-5.338078	-17.08185	-4.626335	-8.185054
33.64	-12.81139	1114.641	39.70117	61.92175	-92.88256	-1489.754	192.5267	-467.9716	-209.9644	46.26334	-17.08185	-6.049822	-5.338078	-17.08185	-30.60498	-356.2278	-31.6726	-4.270463	-6.049822	-6.049822	82.56228	-4.626335	-8.185054	-5.338078	-17.08185	-4.626335	-8.185054
33.92	87.18861	1114.641	-1461.299	161.9218	-92.88256	-1089.754	-307.4733	-367.9716	-309.9644	-53.73666	-17.08185	-6.049822	-5.338078	-17.08185	69.39502	-156.2278	-31.6726	-4.270463	-6.049822	-6.049822	-17.43772	-4.626335	-8.185054	-5.338078	-17.08185	-4.626335	-8.185054
34.21	-12.81139	114.6406	-260.2988	-338.0782	-92.88256	311.2456	-407.4733	132.0284	-209.9644	-53.73666	82.91815	-6.049822	-5.338078	-17.08185	-30.60498	-156.2278	-31.6726	-4.270463	-6.049822	-6.049822	82.56228	-4.626335	-8.185054	-5.338078	-17.08185	-4.626335	-8.185054
34.5	-12.81139	1514.641	-3361.299	-38.07825	7.117439	-2189.754	-7.473267	-67.97156	90.03564	-53.73666	-17.08185	-6.049822	-5.338078	-17.08185	-30.60498	43.77225	-31.6726	-4.270463	-6.049822	-6.049822	-17.43772	-4.626335	-8.185054	-5.338078	-17.08185	-4.626335	-8.185054
34.78	-12.81139	1114.641	639.7012	-38.07825	107.1174	-1489.754	92.52673	-467.9716	490.0356	146.2633	-17.08185	-6.049822	-5.338078	-17.08185	-30.60498	-56.22775	-31.6726	-4.270463	-6.049822	-6.049822	-17.43772	-4.626335	-8.185054	-5.338078	-17.08185	-4.626335	-8.185054
35.06	87.18861	614.6406	-560.2988	461.9218	7.117439	-1189.754	192.5267	-267.9716	-209.9644	46.26334	-17.08185	-6.049822	-5.338078	-17.08185	-130.605	43.77225	-31.6726	-4.270463	-6.049822	-6.049822	-17.43772	-4.626335	-8.185054	-5.338078	-17.08185	-4.626335	-8.185054
35.35	87.18861	2315.641	-1061.299	-338.0782	7.117439	-1689.754	-407.4733	-67.97156	-409.9644	-53.73666	-17.08185	-6.049822	-5.338078	-17.08185	-30.60498	-56.22775	-31.6726	-4.270463	-6.049822	-6.049822	-17.43772	-4.626335	-8.185054	-5.338078	-17.08185	-4.626335	-8.185054
35.63	-12.81139	-885.3594	-1261.299	361.9218	-92.88256	-989.7544	-207.4733	-267.9716	-109.9644	-53.73666	-17.08185	-6.049822	-5.338078	-17.08185	-30.60498	43.77225	-31.6726	-4.270463	-6.049822	93.95018	-17.43772	-4.626335	-8.185054	-5.338078	-17.08185	-4.626335	-8.185054
35.92	-12.81139	1414.641	-861.2988	161.9218	-92.88256	-1189.754	-107.4733	132.0284	190.0356	-53.73666	-17.08185	93.95018	-5.338078	-17.08185	169.395	-56.22775	-31.6726	-4.270463	-6.049822	-6.049822	-17.43772	-4.626335	-8.185054	-5.338078	-17.08185	-4.626335	-8.185054
36.2	-12.81139	2315.641	139.7012	-238.0782	-92.88256	-188.7544	692.5267	132.0284	390.0356	46.26334	82.91815	-6.049822	-5.338078	-17.08185	-130.605	43.77225	68.3274	-4.270463	93.95018	-6.049822	82.56228	-4.626335	-8.185054	-5.338078	-17.08185	-4.626335	-8.185054
36.49	-12.81139	2415.641	-1261.299	-238.0782	-92.88256	-3089.754	-707.4733	-167.9716	-9.964355	46.26334	82.91815	-6.049822	-5.338078	82.91815	69.39502	-56.22775	-31.6726	-4.270463	-6.049822	-6.049822	-17.43772	-4.626335	-8.185054	-5.338078	82.91815	-4.626335	-8.185054
36.77	-12.81139	814.6406	-861.2988	261.9218	7.117439	-1589.754	-607.4733	-67.97156	-309.9644	-53.73666	-17.08185	-6.049822	-5.338078	-17.08185	69.39502	-256.2278	-31.6726	-4.270463	-6.049822	-6.049822	82.56228	-4.626335	-8.185054	-5.338078	-17.08185	-4.626335	-8.185054
37.06	-12.81139	914.6406	-660.2988	-338.0782	7.117439	-2189.754	-507.4733	132.0284	190.0356	-53.73666	-17.08185	-6.049822	-5.338078	-17.08185	69.39502	43.77225	-31.6726	-4.270463	-6.049822	-6.049822	-17.43772	-4.626335	-8.185054	-5.338078	-17.08185	-4.626335	-8.185054
37.34	-12.81139	2214.641	-761.2988	661.9218	7.117439	-889.7544	-207.4733	332.0284	-509.9644	-53.73666	-17.08185	-6.049822	-5.338078	-17.08185	-30.60498	43.77225	-31.6726	-4.270463	-6.049822	-6.049822	-17.43772	-4.626335	-8.185054	-5.338078	-17.08185	-4.626335	-8.185054
37.63	-12.81139	714.6406	539.7012	-38.07825	7.117439	-1989.754	92.52673	232.0284	-9.964355	-53.73666	-17.08185	-6.049822	-5.338078	-17.08185	-130.605	-356.2278	-31.6726	-4.270463	-6.049822	-6.049822	-17.43772	-4.626335	-8.185054	-5.338078	-17.08185	-4.626335	-8.185054
37.92	-12.81139	-85.35938	-2161.299	161.9218	-92.88256	-388.7544	-7.473267	-267.9716	-109.9644	146.2633	-17.08185	-6.049822	-5.338078	-17.08185	-30.60498	343.7722	-31.6726	-4.270463	-6.049822	-6.049822	-17.43772	-4.626335	-8.185054	-5.338078	-17.08185	-4.626335	-8.185054
38.2	-12.81139	-385.3594	1239.701	61.92175	107.1174	-288.7544	-407.4733	232.0284	90.03564	46.26334	-17.08185	93.95018	-5.338078	-17.08185	69.39502	43.77225	-31.6726	-4.270463	-6.049822	-6.049822	-17.43772	-4.626335	-8.185054	-5.338078	-17.08185	-4.626335	-8.185054
38.49	-12.81139	1114.641	139.7012	-338.0782	-92.88256	-588.7544	-207.4733	132.0284	90.03564	146.2633	-17.08185	-6.049822	-5.338078	82.91815	169.395	-56.22775	-31.6726	-4.270463	-6.049822	-6.049822	-17.43772	-4.626335	-8.185054	-5.338078	82.91815	-4.626335	-8.185054
38.77	-12.81139	1914.641	-460.2988	-238.0782	-92.88256	-2589.754	1292.527	132.0284	190.0356	-53.73666	-17.08185	-6.049822	-5.338078	-17.08185	18276.39	42981.77	-31.6726	-4.270463	193.9502	-6.049822	82.56228	-4.626335	-8.185054	-5.338078	-17.08185	-4.626335	-8.185054
39.06	87.18861	1103935	-1461.299	-538.0782	207.1174	15619.25	189925.5	-167.9716	90.03564	1146.263	1282.918	193.9502	-5.338078	-17.08185	84470.4	180797.8	-31.6726	-4.270463	193.9502	793.9502	1182.562	-4.626335	-8.185054	-5.338078	-17.08185	-4.626335	-8.185054
39.34	-12.81139	3363039	839.7012	261.9218	7.117439	36245.25	329575.5	-267.9716	490.0356	1646.263	2482.918	593.9502	94.66192	-17.08185	64152.39	188856.8	68.3274	395.7295	293.9502	293.9502	982.5623	95.37366	291.8149	94.66192	-17.08185	95.37366	291.8149
39.64	1287.189		739.7012	-138.0782	407.1174	57490.25	452281.5	-267.9716	290.0356	4046.263	3982.918	293.9502	94.66192	82.91815	96054.4	226134.8	68.3274	95.72954	293.9502	393.9502	582.5623	95.37366	591.8149	94.66192	82.91815	95.37366	591.8149
39.92	187.1886		3240.701	461.9218	407.1174	55585.25	556050.5	132.0284	690.0356	3946.263	4782.918	693.9502	-5.338078	-17.08185	75383.4	208411.8	68.3274	95.72954	793.9502	493.9502	782.5623	-4.626335	-8.185054	-5.338078	-17.08185	-4.626335	-8.185054
40.22	1487.189		3040.701	661.9218	207.1174	76244.24	400973.5	-67.97156	290.0356	4346.263	6583.918	693.9502	-5.338078	-17.08185	83007.4	197822.8	-31.6726	195.7295	593.9502	193.9502	682.5623	295.3737	991.8149	-5.338078	-17.08185	295.3737	991.8149
40.5	387.1886		2940.701	761.9218	207.1174	72432.24	668872.5	232.0284	290.0356	4146.263	6683.918	493.9502	-5.338078	-17.08185	42169.39	206798.8	-31.6726	295.7295	693.9502	493.9502	1182.562	-4.626335	791.8149	-5.338078	-17.08185	-4.626335	791.8149
40.79	187.1886		839.7012	1161.922	907.1174	82766.24	764770.5	-467.9716	490.0356	6047.263	7083.918	793.9502	-5.338078	-17.08185	324184.4	251707.8	68.3274	195.7295	293.9502	493.9502	1582.562	-4.626335	891.8149	-5.338078	-17.08185	-4.626335	891.8149
41.08	87.18861		1439.701	1261.922	207.1174	84171.24	797781.5	32.02844	-309.9644	6147.263	6683.918	1393.95	-5.338078	-17.08185	80599.4	233128.8	-31.6726	195.7295	393.9502	1493.95	1382.562	-4.626335	391.8149	-5.338078	-17.08185	-4.626335	391.8149
41.36	287.1886		1439.701	261.9218	307.1174	81462.24	815761.5	-267.9716	-609.9644	6147.263	7083.918	1493.95	94.66192	-17.08185	83408.4	241911.8	-31.6726	195.7295	393.9502	593.9502	482.5623	-4.626335	291.8149	94.66192	-17.08185	-4.626335	291.8149
41.65	387.1886		2439.701	561.9218	607.1174	81562.24	772297.5	-167.9716	-309.9644	5247.263	7383.918	793.9502	-5.338078	-17.08185	113527.4	234138.8	-31.6726	295.7295	393.9502	793.9502	982.5623	-4.626335	1191.815	-5.338078	-17.08185	-4.626335	1191.815
41.93	287.1886		2139.701	61.92175	407.1174	88487.24	827940.5	-167.9716	90.03564	5947.263	5883.918	193.9502	194.6619	-17.08185	98764.4	239690.8	68.3274	495.7295	293.9502	593.9502	1182.562	195.3737	291.8149	194.6619	-17.08185	195.3737	291.8149
42.22	387.1886		539.7012	961.9218	507.1174	89290.24	821637.5	-167.9716	-209.9644	5847.263	8183.918	893.9502	-5.338078	-17.08185	87322.4	239993.8	68.3274	95.72954	693.9502	593.9502	1582.562	195.3737	591.8149	-5.338078	-17.08185	195.3737	591.8149
42.5	487.1886		1839.701	1061.922	707.1174	93506.24	878216.5	132.0284	1490.036	6147.263	8283.918	793.9502	-5.338078	-17.08185	114732.4	228385.8	-31.6726	95.72954	393.9502	1093.95	1482.562	95.37366	491.8149	-5.338078	-17.08185	95.37366	491.8149
42.79	187.1886		1139.701	61.92175	107.1174	89692.24	649839.5	332.0284	690.0356	5947.263	7283.918	393.9502	-5.338078	-17.08185	91035.4	274951.8	168.3274	595.7296	193.9502	593.9502	1282.562	195.3737	491.8149	-5.338078	-17.08185	195.3737	491.8149
43.08	187.1886		2940.701	361.9218	707.1174	86881.24	848825.5	32.02844	1690.036	6847.263	6583.918	793.9502	-5.338078	-17.08185	253678.4	398804.8	-31.6726	695.7296	393.9502	1693.95	1382.562	195.3737	491.8149	-5.338078	-17.08185	195.3737	491.8149
43.36	487.1886		2739.701	961.9218	507.1174	93506.24	857721.5	-367.9716	-509.9644	5147.263	7083.918	793.9502	94.66192	-17.08185	269718.4	461775.8	68.3274	95.72954	593.9502	1993.95	782.5623	395.3737	391.8149	94.66192	-17.08185	395.3737	391.8149
43.65	387.1886		6041.701	-138.0782	707.1174	81562.24	866621.5	632.0284	590.0356	5347.263	7883.918	693.9502	94.66192	82.91815	144788.4	565898.8	-31.6726	195.7295	393.9502	2293.95	1382.562	195.3737	691.8149	94.66192	82.91815	195.3737	691.8149
43.93	687.1886		1939.701	961.9218	307.1174	89089.24	729229.5	132.0284	190.0356	4646.263	5983.918	593.9502	194.6619	-17.08185	143782.4	407544.8	-31.6726	95.72954	693.9502	1193.95	2582.562	395.3737	691.8149	194.6619	-17.08185	395.3737	691.8149
44.22	487.1886		1039.701	1961.922	407.1174	82566.24	765801.5	32.02844	290.0356	5347.263	7783.918	1093.95	-5.338078	-17.08185	239577.4	431949.8	68.3274	195.7295	393.9502	993.9502	1382.562	95.37366	691.8149	-5.338078	-17.08185	95.37366	691.8149
44.51	287.1886		2739.701	1061.922	607.1174	80860.24	748590.5	-367.9716	90.03564	5247.263	7683.918	893.9502	94.66192	-17.08185	163301.4	396012.8	68.3274	-4.270463	93.95018	993.9502	1182.562	-4.626335	591.8149	94.66192	-17.08185	-4.626335	591.8149
44.8	-12.81139		2239.701	61.92175	407.1174	75943.24	699701.5	132.0284	-609.9644	6247.263	6583.918	693.9502	94.66192	-17.08185	211259.4	444058.8	-31.6726	495.7295	593.9502	893.9502	1782.562	395.3737	1391.815	94.66192	-17.08185	395.3737	1391.815
45.08	187.1886		1339.701	1361.922	507.1174	78451.24	712866.5	-167.9716	-509.9644	5547.263	6783.918	793.9502	-5.338078	-17.08185	203797.4	550649.8	68.3274	-4.270463	593.9502	993.9502	1882.562	95.37366	891.8149	-5.338078	-17.08185	95.37366	891.8149
45.37	587.1886		-460.2988	561.9218	907.1174	78351.24	723774.5	-167.9716	690.0356	4746.263	6683.918	1093.95	194.6619	182.9182	260925.4	834901.8	68.3274	295.7295	693.9502	693.9502	1482.562	395.3737	391.8149	194.6619	182.9182	395.3737	391.8149
45.66	387.1886		2039.701	161.9218	607.1174	89591.24	805007.5	-267.9716	-209.9644	6547.263	6083.918	793.9502	-5.338078	-17.08185	321424.4	751893.8	-31.6726	495.7295	593.9502	393.9502	1582.562	95.37366	291.8149	-5.338078	-17.08185	95.37366	291.8149
45.95	287.1886		1939.701	2261.922	1407.117	98226.24	824013.5	32.02844	390.0356	6647.263	5983.918	593.9502	-5.338078	-17.08185	295981.4	905695.8	-31.6726	295.7295	293.9502	893.9502	1482.562	95.37366	991.8149	-5.338078	-17.08185	95.37366	991.8149
46.25	287.1886		4340.701	361.9218	607.1174	98527.24	815761.5	-67.97156	590.0356	6047.263	7583.918	393.9502	-5.338078	-17.08185	343616.4	983946.8	168.3274	495.7295	293.9502	893.9502	1482.562	195.3737	891.8149	-5.338078	-17.08185	195.3737	891.8149
46.54	487.1886		1239.701	1161.922	707.1174	95213.24	782199.5	132.0284	390.0356	6847.263	6583.918	393.9502	194.6619	-17.08185	443877.4	1231365	168.3274	195.7295	393.9502	1293.95	1682.562	-4.626335	1391.815	194.6619	-17.08185	-4.626335	1391.815
46.83	187.1886		-660.2988	161.9218	407.1174	91197.24	830834.5	-67.97156	1090.036	4946.263	6883.918	1093.95	-5.338078	82.91815	493087.4	1227578	-31.6726	195.7295	693.9502	393.9502	1882.562	195.3737	1291.815	-5.338078	82.91815	195.3737	1291.815
47.11	487.1886		2539.701	1161.922	507.1174	100836.2	834038.5	832.0284	-509.9644	5547.263	8283.918	1193.95	-5.338078	-17.08185	465200.4	1332133	68.3274	295.7295	493.9502	1093.95	2082.562	195.3737	691.8149	-5.338078	-17.08185	195.3737	691.8149
47.4	287.1886		4440.701	861.9218	907.1174	82465.24	755494.5	-367.9716	1090.036	6147.263	7283.918	693.9502	194.6619	82.91815	655043.4	1642034	-31.6726	295.7295	293.9502	793.9502	2082.562	295.3737	791.8149	194.6619	82.91815	295.3737	791.8149
47.69	487.1886		3040.701	61.92175	1007.117	100836.2	851317.5	32.02844	590.0356	5647.263	6383.918	793.9502	94.66192	-17.08185	832404.4	2243191	-31.6726	195.7295	493.9502	893.9502	2182.562	95.37366	791.8149	94.66192	-17.08185	95.37366	791.8149
47.98	-12.81139		3040.701	1161.922	1007.117	86781.24	857928.5	-267.9716	990.0356	6547.263	8583.918	893.9502	-5.338078	282.9182	933275.4	2930995	168.3274	395.7295	293.9502	893.9502	1482.562	295.3737	591.8149	-5.338078	282.9182	295.3737	591.8149
48.26	187.1886		2639.701	1161.922	707.1174	93908.24	797471.5	332.0284	-109.9644	6347.263	8784.918	1093.95	94.66192	82.91815	810399.4	2184412	-31.6726	695.7296	893.9502	1993.95	2182.562	195.3737	1591.815	94.66192	82.91815	195.3737	1591.815
48.55	-12.81139		2439.701	1061.922	507.1174	94209.24	844067.5	132.0284	-309.9644	5947.263	6583.918	1093.95	-5.338078	-17.08185	710425.4	1727006	68.3274	395.7295	593.9502	993.9502	2382.562	195.3737	1391.815	-5.338078	-17.08185	195.3737	1391.815
48.85	87.18861		1339.701	761.9218	607.1174	90194.24	803909.5	132.0284	1090.036	6647.263	7583.918	393.9502	94.66192	182.9182	645397.4	1659154	68.3274	395.7295	393.9502	893.9502	2382.562	295.3737	1291.815	94.66192	182.9182	295.3737	1291.815
49.13	187.1886		2039.701	1361.922	607.1174	107767.2	895826.5	-267.9716	490.0356	6847.263	6383.918	793.9502	94.66192	-17.08185	522066.4	1482982	-31.6726	95.72954	493.9502	1093.95	1982.562	95.37366	991.8149	94.66192	-17.08185	95.37366	991.8149
49.42	387.1886		1039.701	561.9218	807.1174	100535.2	961297.5	32.02844	290.0356	5047.263	7983.918	393.9502	194.6619	182.9182	489212.4	1341937	-31.6726	195.7295	293.9502	993.9502	982.5623	-4.626335	1191.815	194.6619	182.9182	-4.626335	1191.815
49.7	187.1886		2139.701	761.9218	507.1174	100134.2	895515.5	532.0284	-9.964355	6847.263	6883.918	593.9502	-5.338078	82.91815	433701.4	1205123	-31.6726	395.7295	693.9502	1293.95	1482.562	295.3737	391.8149	-5.338078	82.91815	295.3737	391.8149
49.99	587.1886		1339.701	761.9218	407.1174	97523.24	883084.5	32.02844	-209.9644	7747.263	7983.918	493.9502	-5.338078	-17.08185	422894.4	1120625	68.3274	95.72954	493.9502	993.9502	2382.562	95.37366	591.8149	-5.338078	-17.08185	95.37366	591.8149
50.28	387.1886		2239.701	761.9218	507.1174	109676.2	863827.5	32.02844	-309.9644	6447.263	6883.918	893.9502	94.66192	-17.08185	422410.4	1167394	168.3274	395.7295	593.9502	1593.95	2182.562	95.37366	691.8149	94.66192	-17.08185	95.37366	691.8149
50.57	187.1886		2839.701	-138.0782	1107.117	96318.24	903806.5	-167.9716	90.03564	5447.263	7583.918	1293.95	94.66192	-17.08185	380590.4	1094609	-31.6726	495.7295	293.9502	793.9502	1982.562	95.37366	1291.815	94.66192	-17.08185	95.37366	1291.815
50.85	287.1886		1039.701	861.9218	7.117439	90896.24	870037.5	-267.9716	90.03564	6547.263	7083.918	593.9502	-5.338078	-17.08185	371714.4	1042136	-31.6726	295.7295	793.9502	1293.95	2482.562	195.3737	891.8149	-5.338078	-17.08185	195.3737	891.8149
51.14	487.1886		939.7012	1761.922	407.1174	85978.24	863413.5	-67.97156	290.0356	5847.263	6683.918	793.9502	-5.338078	-17.08185	346455.4	889814.8	68.3274	195.7295	693.9502	1393.95	1782.562	-4.626335	691.8149	-5.338078	-17.08185	-4.626335	691.8149
51.42	587.1886		4340.701	1461.922	407.1174	86078.24	815438.5	32.02844	90.03564	5347.263	9284.918	693.9502	94.66192	82.91815	337129.4	995802.8	68.3274	295.7295	493.9502	1393.95	2082.562	-4.626335	591.8149	94.66192	82.91815	-4.626335	591.8149
51.71	287.1886		3040.701	861.9218	607.1174	94611.24	813269.5	-367.9716	990.0356	6147.263	6783.918	1393.95	-5.338078	-17.08185	339764.4	1302167	168.3274	395.7295	793.9502	793.9502	1882.562	95.37366	591.8149	-5.338078	-17.08185	95.37366	591.8149
52	187.1886		3040.701	1261.922	407.1174	94611.24	815761.5	232.0284	-209.9644	5647.263	7283.918	993.9502	-5.338078	82.91815	377094.4	848928.8	-31.6726	95.72954	893.9502	693.9502	1882.562	-4.626335	191.8149	-5.338078	82.91815	-4.626335	191.8149
52.29	387.1886		2239.701	261.9218	407.1174	96920.24	720947.5	132.0284	390.0356	7447.263	5483.918	693.9502	94.66192	82.91815	340271.4	930870.8	-31.6726	95.72954	593.9502	1093.95	2382.562	-4.626335	591.8149	94.66192	82.91815	-4.626335	591.8149
52.57	187.1886		1839.701	961.9218	407.1174	93908.24	853686.5	-467.9716	-9.964355	4346.263	6383.918	693.9502	-5.338078	-17.08185	277907.4	780964.8	68.3274	295.7295	293.9502	993.9502	2282.562	295.3737	591.8149	-5.338078	-17.08185	295.3737	591.8149
52.86	687.1886		4140.701	761.9218	707.1174	96217.24	829904.5	-367.9716	390.0356	6347.263	4882.918	293.9502	-5.338078	82.91815	274166.4	849060.8	-31.6726	395.7295	493.9502	693.9502	1582.562	95.37366	291.8149	-5.338078	82.91815	95.37366	291.8149
53.15	387.1886		939.7012	1061.922	607.1174	91599.24	915833.5	-167.9716	-309.9644	4946.263	6883.918	493.9502	-5.338078	-17.08185	255873.4	775086.8	-31.6726	95.72954	293.9502	993.9502	2082.562	95.37366	891.8149	-5.338078	-17.08185	95.37366	891.8149
53.43	487.1886		1839.701	1361.922	707.1174	95715.24	939385.5	-167.9716	390.0356	7347.263	5383.918	393.9502	-5.338078	-17.08185	251125.4	716578.8	-31.6726	295.7295	593.9502	1793.95	2082.562	95.37366	691.8149	-5.338078	-17.08185	95.37366	691.8149
53.72	687.1886		3640.701	1061.922	807.1174	103448.2	886502.5	32.02844	-609.9644	5947.263	7283.918	1493.95	-5.338078	-17.08185	261329.4	737267.8	168.3274	295.7295	393.9502	1393.95	2082.562	195.3737	491.8149	-5.338078	-17.08185	195.3737	491.8149
54	287.1886		1139.701	1361.922	407.1174	81161.24	844584.5	32.02844	690.0356	5747.263	7083.918	493.9502	-5.338078	-17.08185	251024.4	749951.8	-31.6726	395.7295	-6.049822	1993.95	2082.562	195.3737	891.8149	-5.338078	-17.08185	195.3737	891.8149
54.29	487.1886		1739.701	561.9218	707.1174	101439.2	852445.5	-367.9716	-509.9644	7747.263	6683.918	893.9502	94.66192	82.91815	247489.4	647839.8	-31.6726	295.7295	693.9502	2393.95	2082.562	-4.626335	591.8149	94.66192	82.91815	-4.626335	591.8149
54.57	287.1886		2239.701	1161.922	1007.117	96016.24	867242.5	232.0284	490.0356	8047.263	7383.918	193.9502	-5.338078	-17.08185	276087.4	636862.8	68.3274	395.7295	393.9502	1893.95	1482.562	195.3737	691.8149	-5.338078	-17.08185	195.3737	691.8149
54.86	87.18861		2139.701	1261.922	307.1174	96217.24	818021.5	-167.9716	190.0356	6047.263	6983.918	1293.95	194.6619	-17.08185	238603.4	672888.8	68.3274	95.72954	1293.95	2293.95	2782.562	95.37366	291.8149	194.6619	-17.08185	95.37366	291.8149
55.14	587.1886		3340.701	1061.922	607.1174	90194.24	836416.5	32.02844	-309.9644	5647.263	6983.918	493.9502	-5.338078	-17.08185	225684.4	600273.8	-31.6726	295.7295	993.9502	1093.95	2282.562	195.3737	691.8149	-5.338078	-17.08185	195.3737	691.8149
55.42	487.1886		2940.701	361.9218	707.1174	85978.24	804594.5	-467.9716	890.0356	6647.263	7983.918	693.9502	-5.338078	-17.08185	217008.4	567623.8	-31.6726	395.7295	393.9502	993.9502	1482.562	195.3737	391.8149	-5.338078	-17.08185	195.3737	391.8149
55.71	187.1886		1939.701	461.9218	607.1174	100234.2	782199.5	132.0284	-109.9644	5847.263	8083.918	493.9502	94.66192	282.9182	203092.4	540838.8	-31.6726	95.72954	693.9502	793.9502	2082.562	395.3737	691.8149	94.66192	282.9182	395.3737	691.8149
56	487.1886		2539.701	661.9218	507.1174	92804.24	760750.5	32.02844	90.03564	5547.263	6183.918	893.9502	94.66192	-17.08185	233152.4	633272.8	-31.6726	195.7295	593.9502	3793.95	2182.562	-4.626335	191.8149	94.66192	-17.08185	-4.626335	191.8149
56.28	487.1886		1439.701	361.9218	407.1174	92302.24	832488.5	-67.97156	-9.964355	6847.263	6983.918	893.9502	-5.338078	-17.08185	325374.4	949657.8	68.3274	295.7295	93.95018	4193.95	1282.562	195.3737	591.8149	-5.338078	-17.08185	195.3737	591.8149
56.57	787.1886		3040.701	561.9218	407.1174	94209.24	851317.5	32.02844	-9.964355	5547.263	7183.918	1593.95	-5.338078	-17.08185	427597.4	1086674	-31.6726	95.72954	693.9502	5894.95	1482.562	-4.626335	291.8149	-5.338078	-17.08185	-4.626335	291.8149
56.86	787.1886		39.70117	361.9218	607.1174	90194.24	797471.5	232.0284	-209.9644	5147.263	7783.918	593.9502	-5.338078	-17.08185	390802.4	1051934	68.3274	195.7295	493.9502	5094.95	2382.562	195.3737	1191.815	-5.338078	-17.08185	195.3737	1191.815
57.14	587.1886		1339.701	-138.0782	707.1174	92502.24	804698.5	-67.97156	190.0356	4246.263	6483.918	1093.95	-5.338078	82.91815	347773.4	891536.8	-31.6726	195.7295	193.9502	9295.95	1882.562	95.37366	291.8149	-5.338078	82.91815	95.37366	291.8149
57.43	287.1886		1039.701	1261.922	207.1174	85074.24	770028.5	132.0284	290.0356	6047.263	7283.918	1193.95	-5.338078	-17.08185	301781.4	829698.8	68.3274	495.7295	593.9502	5094.95	2082.562	-4.626335	491.8149	-5.338078	-17.08185	-4.626335	491.8149
57.71	487.1886		1139.701	861.9218	507.1174	85275.24	837760.5	732.0284	-109.9644	6447.263	7683.918	1093.95	-5.338078	82.91815	284480.4	720796.8	-31.6726	95.72954	393.9502	2393.95	2182.562	395.3737	691.8149	-5.338078	82.91815	395.3737	691.8149
58	987.1886		2339.701	561.9218	1107.117	87383.24	800465.5	132.0284	190.0356	6147.263	7383.918	593.9502	-5.338078	-17.08185	250115.4	710302.8	68.3274	295.7295	293.9502	2393.95	2082.562	195.3737	591.8149	-5.338078	-17.08185	195.3737	591.8149
58.29	287.1886		1839.701	961.9218	407.1174	94109.24	778898.5	-167.9716	-9.964355	5147.263	7483.918	1193.95	194.6619	82.91815	329731.4	853582.8	68.3274	395.7295	593.9502	5494.95	1282.562	-4.626335	691.8149	194.6619	82.91815	-4.626335	691.8149
58.58	587.1886		1639.701	-38.07825	807.1174	104452.2	790143.5	532.0284	390.0356	3946.263	6083.918	1093.95	-5.338078	-17.08185	380590.4	1146405	-31.6726	595.7296	393.9502	7794.95	1782.562	95.37366	991.8149	-5.338078	-17.08185	95.37366	991.8149
58.87	487.1886		1739.701	561.9218	307.1174	97723.24	827940.5	232.0284	-109.9644	4446.263	6583.918	1293.95	94.66192	-17.08185	590873.4	1613711	168.3274	95.72954	393.9502	8795.95	1882.562	95.37366	291.8149	94.66192	-17.08185	95.37366	291.8149
59.15	587.1886		1639.701	361.9218	307.1174	98527.24	776422.5	-267.9716	190.0356	6447.263	8383.918	693.9502	-5.338078	-17.08185	483400.4	1319804	-31.6726	195.7295	793.9502	8695.95	1082.562	195.3737	791.8149	-5.338078	-17.08185	195.3737	791.8149
59.44	287.1886		2539.701	1161.922	807.1174	88989.24	832384.5	-67.97156	790.0356	7347.263	7183.918	1093.95	-5.338078	-17.08185	493404.4	999859.8	-31.6726	-4.270463	893.9502	3993.95	682.5623	195.3737	491.8149	-5.338078	-17.08185	195.3737	491.8149
59.72	87.18861		3140.701	2461.922	-92.88256	91599.24	763018.5	132.0284	190.0356	7047.263	8283.918	1193.95	94.66192	-17.08185	333075.4	813787.8	68.3274	395.7295	393.9502	4193.95	1682.562	-4.626335	691.8149	94.66192	-17.08185	-4.626335	691.8149
60.01	387.1886		2039.701	761.9218	1007.117	83569.24	687879.5	-67.97156	1190.036	6647.263	6683.918	1293.95	-5.338078	-17.08185	414987.4	1051412	68.3274	395.7295	493.9502	11596.95	1582.562	-4.626335	491.8149	-5.338078	-17.08185	-4.626335	491.8149
60.29	1387.189		2839.701	861.9218	1007.117	84472.24	720892.5	-67.97156	-209.9644	5447.263	9084.918	493.9502	-5.338078	-17.08185	1006433	2208553	168.3274	695.7296	693.9502	27708.95	1682.562	-4.626335	1191.815	-5.338078	-17.08185	-4.626335	1191.815
60.58	1687.189		1439.701	1161.922	907.1174	80458.24	738702.5	-67.97156	-109.9644	6047.263	8684.918	1393.95	94.66192	-17.08185	1802282	4532226	168.3274	495.7295	793.9502	46236.95	1782.562	-4.626335	991.8149	94.66192	-17.08185	-4.626335	991.8149
60.87	2087.189		2039.701	961.9218	407.1174	79956.24	744985.5	132.0284	890.0356	5947.263	8283.918	2093.95	94.66192	-17.08185	3399608	9496389	68.3274	595.7296	593.9502	84335.95	1182.562	-4.626335	1091.815	94.66192	-17.08185	-4.626335	1091.815
61.15	3187.189		1239.701	1361.922	1407.117	84171.24	733244.5	-167.9716	-409.9644	7247.263	10684.92	1693.95	-5.338078	82.91815	3075010	1.051845e+07	68.3274	395.7295	493.9502	89152.95	1682.562	-4.626335	791.8149	-5.338078	82.91815	-4.626335	791.8149
61.44	2487.189		2839.701	1161.922	1707.117	77348.24	718628.5	-67.97156	-309.9644	4346.263	12185.92	1893.95	94.66192	-17.08185	2496454	7708489	68.3274	195.7295	593.9502	77814.95	1682.562	395.3737	991.8149	94.66192	-17.08185	395.3737	991.8149
61.72	1987.189		1439.701	1561.922	807.1174	76746.24	719245.5	-67.97156	-309.9644	5447.263	8784.918	1693.95	94.66192	82.91815	2205778	5609568	-31.6726	695.7296	593.9502	42729.95	1682.562	-4.626335	891.8149	94.66192	82.91815	-4.626335	891.8149
62.01	1387.189		2839.701	1661.922	907.1174	88186.24	729229.5	-167.9716	890.0356	5647.263	6983.918	1393.95	-5.338078	-17.08185	1513229	4759008	-31.6726	395.7295	293.9502	34417.95	1582.562	-4.626335	491.8149	-5.338078	-17.08185	-4.626335	491.8149
62.29	2287.189		539.7012	2261.922	1107.117	85376.24	786841.5	32.02844	290.0356	5547.263	7683.918	1493.95	-5.338078	82.91815	1159243	3370199	168.3274	395.7295	393.9502	27408.95	982.5623	-4.626335	1491.815	-5.338078	82.91815	-4.626335	1491.815
62.58	1587.189		2439.701	1261.922	607.1174	88788.24	820914.5	-167.9716	-209.9644	5047.263	6983.918	1293.95	94.66192	-17.08185	937114.4	3242682	-31.6726	295.7295	193.9502	20501.95	1082.562	-4.626335	391.8149	94.66192	-17.08185	-4.626335	391.8149
62.87	787.1886		1039.701	361.9218	807.1174	106561.2	811307.5	-467.9716	-9.964355	5447.263	7283.918	1193.95	-5.338078	-17.08185	899883.4	2123569	68.3274	395.7295	293.9502	14197.95	982.5623	-4.626335	991.8149	-5.338078	-17.08185	-4.626335	991.8149
63.16	687.1886		2940.701	1161.922	807.1174	83368.24	784571.5	-167.9716	-9.964355	4946.263	7283.918	893.9502	-5.338078	-17.08185	721846.4	1712844	168.3274	95.72954	593.9502	14397.95	1082.562	-4.626335	391.8149	-5.338078	-17.08185	-4.626335	391.8149
63.45	787.1886		3340.701	1061.922	307.1174	89290.24	676165.5	632.0284	390.0356	5147.263	6783.918	793.9502	94.66192	-17.08185	535649.4	1245526	168.3274	295.7295	193.9502	7894.95	1382.562	95.37366	591.8149	94.66192	-17.08185	95.37366	591.8149
63.74	187.1886		2739.701	1061.922	607.1174	86981.24	764977.5	732.0284	590.0356	5447.263	7483.918	1393.95	-5.338078	-17.08185	475348.4	1116444	168.3274	495.7295	393.9502	9195.95	1482.562	95.37366	791.8149	-5.338078	-17.08185	95.37366	791.8149
64.02	387.1886		1639.701	1061.922	607.1174	81462.24	744676.5	-67.97156	90.03564	4446.263	8583.918	693.9502	94.66192	82.91815	437669.4	1065803	-31.6726	195.7295	493.9502	9095.95	2082.562	95.37366	1191.815	94.66192	82.91815	95.37366	1191.815
64.31	387.1886		2639.701	961.9218	507.1174	97121.24	776010.5	-167.9716	490.0356	5247.263	7483.918	593.9502	-5.338078	82.91815	452123.4	867965.8	68.3274	195.7295	393.9502	8594.95	882.5623	295.3737	791.8149	-5.338078	82.91815	295.3737	791.8149
64.59	1087.189		3540.701	161.9218	1007.117	93607.24	780961.5	-67.97156	190.0356	4946.263	7283.918	993.9502	-5.338078	-17.08185	329630.4	910333.8	-31.6726	295.7295	593.9502	6694.95	1882.562	95.37366	491.8149	-5.338078	-17.08185	95.37366	491.8149
64.88	1087.189		1439.701	761.9218	607.1174	85978.24	739217.5	-267.9716	-9.964355	4746.263	7283.918	693.9502	94.66192	-17.08185	369380.4	1585388	-31.6726	-4.270463	693.9502	10095.95	1482.562	95.37366	491.8149	94.66192	-17.08185	95.37366	491.8149
65.16	1487.189		3140.701	61.92175	1507.117	71930.24	711014.5	32.02844	90.03564	6347.263	8583.918	1893.95	294.6619	82.91815	3075010	7084356	68.3274	95.72954	793.9502	90456.95	3082.562	-4.626335	991.8149	294.6619	82.91815	-4.626335	991.8149
65.45	5488.188		1739.701	2461.922	4007.117	86881.24	746221.5	132.0284	590.0356	7147.263	11185.92	3493.95	-5.338078	82.91815	1.025135e+07	2.746794e+07	268.3274	795.7296	793.9502	253372	4282.562	495.3737	1491.815	-5.338078	82.91815	495.3737	1491.815
65.73	12590.19		939.7012	4562.922	6208.118	77849.24	747869.5	332.0284	-9.964355	7047.263	13586.92	5794.95	94.66192	82.91815	1.680473e+07	4.584632e+07	368.3274	495.7295	993.9502	409215.9	3782.562	295.3737	1091.815	94.66192	82.91815	295.3737	1091.815
66.02	17393.19		2639.701	4762.922	6808.118	79856.24	883912.5	432.0284	390.0356	8247.264	17788.92	7194.95	-5.338078	182.9182	2.359739e+07	6.068961e+07	868.3274	495.7295	2093.95	527092.9	4282.562	295.3737	1691.815	-5.338078	182.9182	295.3737	1691.815
66.31	18294.19		3140.701	8563.922	7708.118	77348.24	871486.5	1232.028	2190.036	9548.264	16988.92	7994.95	-5.338078	82.91815	2.486093e+07	6.806954e+07	868.3274	495.7295	693.9502	555190.9	4282.562	195.3737	1991.815	-5.338078	82.91815	195.3737	1991.815
66.59	17993.19		3140.701	7362.922	8408.117	90695.24	883602.5	332.0284	790.0356	7947.263	16287.92	7694.95	94.66192	182.9182	2.29587e+07	6.561749e+07	1268.327	495.7295	893.9502	557030.9	2682.562	295.3737	1791.815	94.66192	182.9182	295.3737	1791.815
66.88	17993.19		4540.701	5262.922	7708.118	82867.24	901422.5	532.0284	90.03564	8047.263	16287.92	6894.95	-5.338078	282.9182	2.17384e+07	5.883262e+07	768.3274	395.7295	393.9502	468951.9	3882.562	195.3737	791.8149	-5.338078	282.9182	195.3737	791.8149
67.16	16092.19		2239.701	5162.922	6308.118	103146.2	806453.5	-167.9716	790.0356	8648.264	14586.92	5894.95	94.66192	-17.08185	1.426969e+07	4.73666e+07	568.3274	295.7295	293.9502	354184.9	2482.562	95.37366	1191.815	94.66192	-17.08185	95.37366	1191.815
67.45	9689.188		3240.701	3861.922	3707.117	89591.24	831764.5	32.02844	90.03564	7347.263	12585.92	3293.95	-5.338078	182.9182	1.166574e+07	3.503662e+07	368.3274	695.7296	793.9502	269033.9	2582.562	295.3737	1491.815	-5.338078	182.9182	295.3737	1491.815
67.74	7388.188		1739.701	4662.922	4707.118	83067.24	837036.5	332.0284	390.0356	8247.264	13286.92	3493.95	194.6619	-17.08185	9148526	2.350439e+07	368.3274	595.7296	493.9502	201503	2682.562	195.3737	1091.815	194.6619	-17.08185	195.3737	1091.815
68.02	8488.188		2839.701	2361.922	2307.117	86279.24	808415.5	132.0284	-9.964355	6747.263	12785.92	2093.95	-5.338078	282.9182	7381892	1.91752e+07	468.3274	395.7295	693.9502	147025	2082.562	95.37366	491.8149	-5.338078	282.9182	95.37366	491.8149
68.32	4587.188		2739.701	1261.922	1907.117	82566.24	637988.5	32.02844	790.0356	6547.263	11885.92	2293.95	-5.338078	-17.08185	5037166	1.51356e+07	168.3274	295.7295	793.9502	111643	2382.562	595.3737	691.8149	-5.338078	-17.08185	595.3737	691.8149
68.6	2987.189		1339.701	1561.922	1407.117	76344.24	707003.5	32.02844	-109.9644	4946.263	10184.92	1793.95	94.66192	82.91815	4839490	1.192427e+07	168.3274	495.7295	1093.95	89453.95	2182.562	-4.626335	1091.815	94.66192	82.91815	-4.626335	1091.815
68.89	2587.189		-160.2988	2261.922	1707.117	90997.24	697850.5	32.02844	690.0356	5247.263	8984.918	1693.95	94.66192	-17.08185	3399608	9581550	-31.6726	195.7295	393.9502	77212.95	982.5623	195.3737	591.8149	94.66192	-17.08185	195.3737	591.8149
69.18	2387.189		1139.701	1461.922	1107.117	91800.24	657885.5	132.0284	390.0356	5947.263	8083.918	1193.95	-5.338078	82.91815	2369466	8176662	268.3274	95.72954	593.9502	66983.95	2282.562	195.3737	591.8149	-5.338078	82.91815	195.3737	591.8149
69.46	2187.189		2739.701	1961.922	2407.117	82465.24	665586.5	532.0284	-309.9644	4446.263	7083.918	1393.95	94.66192	-17.08185	2186048	7481519	368.3274	295.7295	393.9502	57559.95	2282.562	95.37366	491.8149	94.66192	-17.08185	95.37366	491.8149
69.75	1387.189		2639.701	1261.922	607.1174	80358.24	681199.5	132.0284	-409.9644	4946.263	7383.918	1293.95	-5.338078	82.91815	1734596	4929103	-31.6726	95.72954	93.95018	34917.95	1382.562	95.37366	391.8149	-5.338078	82.91815	95.37366	391.8149
70.03	1787.189		3140.701	1161.922	807.1174	86480.24	700009.5	132.0284	890.0356	5247.263	7483.918	1893.95	-5.338078	-17.08185	1519279	4107050	-31.6726	395.7295	593.9502	31713.95	1882.562	195.3737	891.8149	-5.338078	-17.08185	195.3737	891.8149
70.32	987.1886		2039.701	1461.922	707.1174	86178.24	679452.5	432.0284	-609.9644	5247.263	7483.918	1193.95	94.66192	-17.08185	1301494	3511889	-31.6726	295.7295	593.9502	29410.95	1182.562	95.37366	591.8149	94.66192	-17.08185	95.37366	591.8149
70.61	687.1886		1139.701	1161.922	707.1174	95615.24	709096.5	432.0284	290.0356	4846.263	6983.918	1593.95	-5.338078	82.91815	990099.4	2930995	68.3274	295.7295	193.9502	20902.95	1482.562	-4.626335	491.8149	-5.338078	82.91815	-4.626335	491.8149
70.9	987.1886		1739.701	961.9218	707.1174	100535.2	626137.5	132.0284	-309.9644	4546.263	8083.918	1193.95	-5.338078	-17.08185	904547.4	5467793	-31.6726	295.7295	393.9502	20401.95	782.5623	195.3737	291.8149	-5.338078	-17.08185	195.3737	291.8149
71.18	587.1886		839.7012	1261.922	1007.117	112690.2	733553.5	-67.97156	190.0356	7547.263	7283.918	693.9502	-5.338078	-17.08185	773043.4	2052751	68.3274	395.7295	893.9502	13397.95	1482.562	-4.626335	891.8149	-5.338078	-17.08185	-4.626335	891.8149
71.47	287.1886		3440.701	1061.922	207.1174	77548.24	687262.5	132.0284	290.0356	5647.263	6183.918	1093.95	294.6619	-17.08185	492781.4	1769493	268.3274	95.72954	93.95018	10595.95	1582.562	195.3737	291.8149	294.6619	-17.08185	195.3737	291.8149
71.76	887.1886		2039.701	1061.922	7.117439	82867.24	732421.5	32.02844	790.0356	3846.263	6983.918	1593.95	-5.338078	-17.08185	397710.4	1288006	-31.6726	495.7295	493.9502	8294.95	2082.562	295.3737	591.8149	-5.338078	-17.08185	295.3737	591.8149
72.05	1287.189		2039.701	861.9218	807.1174	89390.24	659938.5	-267.9716	390.0356	4346.263	7383.918	893.9502	194.6619	-17.08185	422613.4	934013.8	168.3274	95.72954	393.9502	5994.95	1782.562	195.3737	291.8149	194.6619	-17.08185	195.3737	291.8149
72.34	287.1886		2039.701	461.9218	607.1174	81161.24	621878.5	332.0284	-309.9644	6647.263	9684.918	1293.95	-5.338078	82.91815	444895.4	1061447	-31.6726	495.7295	193.9502	8394.95	1182.562	195.3737	1091.815	-5.338078	82.91815	195.3737	1091.815
72.63	287.1886		3440.701	961.9218	207.1174	72933.24	685393.5	-67.97156	-109.9644	3846.263	6283.918	593.9502	94.66192	-17.08185	438483.4	1203045	-31.6726	95.72954	593.9502	10495.95	1882.562	-4.626335	391.8149	94.66192	-17.08185	-4.626335	391.8149
72.92	587.1886		1839.701	961.9218	607.1174	74338.24	655011.5	32.02844	90.03564	7247.263	7083.918	1093.95	-5.338078	-17.08185	460779.4	1033128	68.3274	395.7295	293.9502	6794.95	1582.562	95.37366	391.8149	-5.338078	-17.08185	95.37366	391.8149
73.2	687.1886		2139.701	361.9218	507.1174	106059.2	711014.5	-67.97156	-309.9644	5347.263	7583.918	893.9502	-5.338078	-17.08185	295981.4	1056521	68.3274	395.7295	293.9502	9495.95	1382.562	495.3737	791.8149	-5.338078	-17.08185	495.3737	791.8149
73.49	587.1886		3040.701	-38.07825	907.1174	82967.24	753845.5	332.0284	-9.964355	5647.263	7483.918	1693.95	94.66192	-17.08185	379530.4	953291.8	68.3274	295.7295	693.9502	6294.95	1782.562	95.37366	291.8149	94.66192	-17.08185	95.37366	291.8149
73.77	387.1886		2039.701	1261.922	607.1174	86078.24	799845.5	432.0284	490.0356	6647.263	6683.918	1693.95	-5.338078	-17.08185	472800.4	1116653	68.3274	195.7295	493.9502	8795.95	1882.562	-4.626335	391.8149	-5.338078	-17.08185	-4.626335	391.8149
74.06	487.1886		3840.701	861.9218	307.1174	81261.24	768354.5	-467.9716	90.03564	5347.263	8383.918	1093.95	-5.338078	-17.08185	423834.4	1102756	168.3274	195.7295	493.9502	5894.95	1782.562	-4.626335	391.8149	-5.338078	-17.08185	-4.626335	391.8149
74.36	487.1886		1039.701	761.9218	1507.117	97924.24	756502.5	132.0284	890.0356	6347.263	7383.918	2093.95	-5.338078	-17.08185	366488.4	1146405	-31.6726	95.72954	193.9502	4993.95	1382.562	195.3737	591.8149	-5.338078	-17.08185	195.3737	591.8149
74.65	587.1886		839.7012	61.92175	507.1174	116407.2	721509.5	32.02844	590.0356	5047.263	7383.918	1393.95	294.6619	-17.08185	396084.4	971888.8	268.3274	95.72954	393.9502	4493.95	2082.562	195.3737	491.8149	294.6619	-17.08185	195.3737	491.8149
74.93	-12.81139		4240.701	961.9218	507.1174	92201.24	655011.5	-167.9716	-109.9644	4946.263	6383.918	893.9502	-5.338078	82.91815	350004.4	978436.8	68.3274	295.7295	493.9502	5194.95	1882.562	95.37366	191.8149	-5.338078	82.91815	95.37366	191.8149
75.22	687.1886		2739.701	161.9218	507.1174	81763.24	612142.5	32.02844	290.0356	4846.263	7083.918	893.9502	94.66192	-17.08185	1579423	4092878	68.3274	395.7295	493.9502	4393.95	3182.562	95.37366	591.8149	94.66192	-17.08185	95.37366	591.8149
75.51	1287.189		1739.701	1461.922	707.1174	88688.24	577632.5	432.0284	90.03564	4846.263	11785.92	1493.95	-5.338078	-17.08185	1.40715e+07	3.439338e+07	68.3274	695.7296	593.9502	14797.95	7483.562	95.37366	191.8149	-5.338078	-17.08185	95.37366	191.8149
75.79	2487.189		1839.701	6162.922	3507.117	78853.24	577530.5	832.0284	1590.036	6347.263	18889.92	1093.95	-5.338078	382.9182	3.813403e+07	1.025323e+08	168.3274	695.7296	493.9502	23004.95	8083.562	95.37366	891.8149	-5.338078	382.9182	95.37366	891.8149
76.08	2987.189		739.7012	15767.92	4707.118	67517.24	512735.5	632.0284	2790.036	8648.264	22692.92	1093.95	-5.338078	782.9182	6.313606e+07	1.301603e+08	468.3274	1595.729	193.9502	28009.95	8984.562	95.37366	891.8149	-5.338078	782.9182	95.37366	891.8149
76.37	2387.189		439.7012	38392.92	5308.118	51576.25	401928.5	532.0284	1990.036	10548.26	30901.92	1293.95	-5.338078	1482.918	8.535296e+07	2.182882e+08	1268.327	995.7296	393.9502	22303.95	9884.562	-4.626335	1691.815	-5.338078	1482.918	-4.626335	1691.815
76.65	1887.189	4929976	2339.701	55224.92	4307.118	44360.25	327549.5	1132.028	1590.036	16552.26	34706.92	593.9502	-5.338078	1582.918	9.615858e+07	2.483354e+08	1968.327	895.7296	693.9502	23804.95	13185.56	195.3737	3391.815	-5.338078	1582.918	195.3737	3391.815
76.94	1487.189	4000259	3840.701	82500.92	4607.118	27232.25	337277.5	2432.028	2690.036	20454.26	40315.92	693.9502	94.66192	2082.918	9.601372e+07	2.663645e+08	1768.327	895.7296	293.9502	20802.95	9784.562	-4.626335	4091.815	94.66192	2082.918	-4.626335	4091.815
77.22	787.1886	3444282	3540.701	99061.92	2607.117	30136.25	226834.5	2232.028	2990.036	25259.26	45223.92	393.9502	-5.338078	2682.918	1.11519e+08	3.384877e+08	4268.328	795.7296	293.9502	27909.95	14886.56	-4.626335	3891.815	-5.338078	2682.918	-4.626335	3891.815
77.51	1287.189	2883742	2839.701	122164.9	1207.117	19523.25	195770.5	1732.028	2590.036	27661.26	54541.92	193.9502	-5.338078	3382.918	1.174165e+08	2.924078e+08	3968.327	1095.729	93.95018	29811.95	12185.56	95.37366	4291.815	-5.338078	3382.918	95.37366	4291.815
77.8	687.1886	2024916	4340.701	137544.9	1507.117	21625.25	182570.5	1532.028	3491.036	29764.26	57949.92	93.95018	-5.338078	2882.918	1.187721e+08	3.024248e+08	2768.327	1195.729	293.9502	36620.95	11185.56	-4.626335	5092.815	-5.338078	2882.918	-4.626335	5092.815
78.08	387.1886	1663694	2139.701	159676.9	1607.117	15119.25	156794.5	2632.028	3591.036	37775.26	60856.92	693.9502	-5.338078	3882.918	1.315662e+08	3.525128e+08	4868.328	2195.729	493.9502	47338.95	11685.56	-4.626335	4991.815	-5.338078	3882.918	-4.626335	4991.815
78.37	687.1886	1598740	2639.701	162595.9	607.1174	10515.25	153071.5	2632.028	3290.036	31366.26	65869.92	93.95018	-5.338078	3682.918	1.202741e+08	3.545164e+08	5169.328	2495.729	193.9502	59063.95	12285.56	95.37366	4591.815	-5.338078	3682.918	95.37366	4591.815
78.65	687.1886	1192067	3240.701	170447.9	1507.117	20223.25	128632.5	3232.028	2290.036	35772.26	70983.92	193.9502	-5.338078	3682.918	1.236886e+08	3.725494e+08	3568.327	2495.729	-6.049822	74805.95	12885.56	-4.626335	5692.815	-5.338078	3682.918	-4.626335	5692.815
78.94	1587.189	1615363	2940.701	179410.9	1007.117	11816.25	128330.5	1632.028	2990.036	40379.26	78505.92	-6.049822	-5.338078	3582.918	1.297231e+08	3.565201e+08	3368.327	3795.729	393.9502	74203.95	12385.56	-4.626335	5692.815	-5.338078	3582.918	-4.626335	5692.815
79.23	2287.189	1144300	2839.701	165816.9	2007.117	11616.25	93273.52	1832.028	1890.036	35271.26	76298.92	93.95018	-5.338078	3382.918	1.254409e+08	3.705457e+08	4068.327	3895.729	593.9502	75507.95	10884.56	-4.626335	6592.815	-5.338078	3382.918	-4.626335	6592.815
79.51	2987.189	830903.6	2539.701	171051.9	5808.118	4112.246	72803.52	2132.028	3691.036	36172.26	85729.92	-6.049822	-5.338078	2082.918	1.39681e+08	3.925868e+08	3768.327	3795.729	193.9502	70994.95	13586.56	-4.626335	3591.815	-5.338078	2082.918	-4.626335	3591.815
79.8	5288.188	610122.6	3040.701	144282.9	11710.12	4412.246	84039.52	1832.028	3791.036	28262.26	71484.92	193.9502	-5.338078	1882.918	1.343179e+08	3.665384e+08	1768.327	2395.729	93.95018	54152.95	13786.56	-4.626335	3091.815	-5.338078	1882.918	-4.626335	3091.815
80.08	7588.188	506113.6	3740.701	108400.9	17113.12	2011.246	60269.53	2232.028	3491.036	23457.26	65768.92	93.95018	-5.338078	2082.918	1.274572e+08	3.545164e+08	2168.327	2095.729	393.9502	43631.95	12685.56	-4.626335	2591.815	-5.338078	2082.918	-4.626335	2591.815
80.37	9989.188	462876.6	2639.701	92235.92	25720.12	6913.246	45737.53	1732.028	2590.036	19654.26	57047.92	93.95018	-5.338078	1182.918	1.345815e+08	3.785605e+08	2168.327	1895.729	193.9502	30912.95	9484.562	-4.626335	1391.815	-5.338078	1182.918	-4.626335	1391.815
80.66	11690.19	522550.6	2439.701	72669.92	34130.12	2311.246	39727.53	2632.028	3691.036	15051.26	47928.92	393.9502	-5.338078	282.9182	1.300741e+08	3.865756e+08	1068.327	2395.729	-6.049822	25106.95	11485.56	-4.626335	1091.815	-5.338078	282.9182	-4.626335	1091.815
80.94	13991.19	544926.6	1039.701	58231.92	38937.12	1911.246	44134.53	2332.028	4291.036	12549.26	53239.92	-6.049822	-5.338078	1082.918	1.343472e+08	3.384877e+08	868.3274	1595.729	-6.049822	18300.95	8283.562	-4.626335	1391.815	-5.338078	1082.918	-4.626335	1391.815
81.23	18694.19	206213.6	1339.701	46807.92	42243.12	2511.246	33617.53	1832.028	1690.036	11949.26	42418.92	293.9502	-5.338078	1282.918	1.061252e+08	2.643612e+08	468.3274	2395.729	193.9502	15698.95	7783.562	-4.626335	991.8149	-5.338078	1282.918	-4.626335	991.8149
81.51	10289.19	265382.6	2039.701	35388.92	27923.12	-488.7544	25907.53	1732.028	2690.036	6647.263	28999.92	-6.049822	94.66192	582.9182	7.493999e+07	1.922488e+08	368.3274	795.7296	-6.049822	10495.95	7283.562	-4.626335	591.8149	94.66192	582.9182	-4.626335	591.8149
81.8	6888.188	186655.6	1939.701	24574.92	18814.12	3612.246	43934.53	1432.028	1290.036	8247.264	22292.92	-6.049822	-5.338078	382.9182	5.767152e+07	1.544183e+08	668.3274	1095.729	93.95018	9195.95	2682.562	-4.626335	591.8149	-5.338078	382.9182	-4.626335	591.8149
82.08	3687.189	144467.6	139.7012	21171.92	14011.12	-488.7544	28611.53	732.0284	690.0356	5247.263	17588.92	-6.049822	-5.338078	282.9182	4.055786e+07	1.257416e+08	368.3274	695.7296	-6.049822	8494.95	3682.562	-4.626335	691.8149	-5.338078	282.9182	-4.626335	691.8149
82.37	3687.189	204095.6	239.7012	20570.92	9209.117	211.2456	14998.53	1232.028	490.0356	2546.263	13886.92	193.9502	94.66192	382.9182	3.51849e+07	9.329331e+07	68.3274	895.7296	-6.049822	5394.95	3782.562	-4.626335	591.8149	94.66192	382.9182	-4.626335	591.8149
82.66	4287.188	112796.6	239.7012	13365.92	7308.118	-989.7544	22604.53	1332.028	1390.036	2446.263	10884.92	-6.049822	94.66192	282.9182	2.646585e+07	7.157747e+07	368.3274	195.7295	93.95018	4993.95	1882.562	-4.626335	591.8149	94.66192	282.9182	-4.626335	591.8149
82.94	2287.189	162884.6	739.7012	11864.92	5308.118	911.2456	16799.53	432.0284	1090.036	2646.263	8984.918	-6.049822	-5.338078	282.9182	1.954008e+07	5.97394e+07	168.3274	795.7296	-6.049822	3593.95	1582.562	-4.626335	291.8149	-5.338078	282.9182	-4.626335	291.8149
83.23	2087.189	82772.64	1239.701	7863.922	6508.118	-1789.754	24005.53	432.0284	290.0356	1546.263	6783.918	-6.049822	-5.338078	182.9182	1.725811e+07	4.812699e+07	268.3274	95.72954	-6.049822	4693.95	1882.562	-4.626335	191.8149	-5.338078	182.9182	-4.626335	191.8149
83.51	2287.189	75547.64	2239.701	9163.922	5108.118	-989.7544	8394.526	632.0284	490.0356	1346.263	5883.918	-6.049822	94.66192	282.9182	1.414228e+07	3.925637e+07	168.3274	295.7295	-6.049822	3993.95	1082.562	-4.626335	-8.185054	94.66192	282.9182	-4.626335	-8.185054
83.8	1387.189	106769.6	-861.2988	5862.922	3307.117	711.2456	9194.526	332.0284	190.0356	2046.263	4882.918	-6.049822	-5.338078	-17.08185	1.201943e+07	2.925156e+07	68.3274	95.72954	-6.049822	3193.95	982.5623	-4.626335	391.8149	-5.338078	-17.08185	-4.626335	391.8149
84.08	1287.189	43463.64	-1661.299	6262.922	4507.118	11.24561	2392.527	432.0284	990.0356	1546.263	5283.918	-6.049822	-5.338078	282.9182	9643341	2.607021e+07	168.3274	-4.270463	-6.049822	1393.95	582.5623	-4.626335	491.8149	-5.338078	282.9182	-4.626335	491.8149
84.37	387.1886	94315.64	1539.701	4162.922	2007.117	-1689.754	16899.53	332.0284	390.0356	546.2634	3282.918	-6.049822	-5.338078	182.9182	8017778	2.360414e+07	-31.6726	195.7295	-6.049822	1593.95	482.5623	-4.626335	-8.185054	-5.338078	182.9182	-4.626335	-8.185054
84.66	787.1886	108476.6	139.7012	3461.922	2307.117	-1589.754	11295.53	232.0284	1390.036	846.2634	3282.918	-6.049822	-5.338078	-17.08185	6887392	1.844944e+07	-31.6726	195.7295	-6.049822	1793.95	382.5623	-4.626335	91.81495	-5.338078	-17.08185	-4.626335	91.81495
84.94	387.1886	63711.64	-260.2988	2961.922	1107.117	2311.246	5893.527	-67.97156	790.0356	946.2634	1682.918	-6.049822	-5.338078	82.91815	5587896	1.493658e+07	168.3274	-4.270463	-6.049822	1093.95	482.5623	-4.626335	-8.185054	-5.338078	82.91815	-4.626335	-8.185054
85.23	287.1886	15723.64	-60.29883	2961.922	1507.117	1811.246	2592.527	-367.9716	190.0356	646.2634	1982.918	-6.049822	-5.338078	-17.08185	5404310	1.401272e+07	68.3274	195.7295	-6.049822	1293.95	382.5623	-4.626335	-8.185054	-5.338078	-17.08185	-4.626335	-8.185054
85.51	287.1886	49074.64	-1361.299	2161.922	407.1174	11.24561	1792.527	32.02844	-309.9644	846.2634	1882.918	-6.049822	-5.338078	-17.08185	4077126	1.033389e+07	68.3274	-4.270463	-6.049822	793.9502	282.5623	-4.626335	91.81495	-5.338078	-17.08185	-4.626335	91.81495
85.8	187.1886	14121.64	39.70117	861.9218	1307.117	-889.7544	3092.527	-167.9716	90.03564	246.2633	1582.918	-6.049822	194.6619	-17.08185	2933890	8928704	-31.6726	-4.270463	-6.049822	693.9502	282.5623	-4.626335	91.81495	194.6619	-17.08185	-4.626335	91.81495
86.09	87.18861	14922.64	-861.2988	861.9218	507.1174	-1689.754	2992.527	132.0284	290.0356	146.2633	982.9182	-6.049822	94.66192	82.91815	2425904	7226194	-31.6726	-4.270463	-6.049822	393.9502	282.5623	-4.626335	91.81495	94.66192	82.91815	-4.626335	91.81495
86.37	487.1886	45266.64	-1361.299	1661.922	107.1174	-1389.754	1792.527	232.0284	690.0356	246.2633	982.9182	-6.049822	-5.338078	-17.08185	2242482	5155910	-31.6726	-4.270463	-6.049822	393.9502	-17.43772	-4.626335	91.81495	-5.338078	-17.08185	-4.626335	91.81495
86.66	187.1886	35748.64	-2061.299	1361.922	407.1174	-1589.754	792.5267	32.02844	-9.964355	46.26334	782.9182	-6.049822	-5.338078	82.91815	1875668	6063283	-31.6726	-4.270463	-6.049822	193.9502	-17.43772	-4.626335	-8.185054	-5.338078	82.91815	-4.626335	-8.185054
86.95	187.1886	14322.64	-1061.299	761.9218	307.1174	11.24561	492.5267	532.0284	290.0356	146.2633	582.9182	-6.049822	-5.338078	-17.08185	1974422	3951164	-31.6726	95.72954	-6.049822	193.9502	282.5623	-4.626335	-8.185054	-5.338078	-17.08185	-4.626335	-8.185054
87.24	287.1886	6816.641	-1061.299	1361.922	107.1174	-1889.754	1392.527	-167.9716	190.0356	146.2633	682.9182	-6.049822	-5.338078	-17.08185	1085736	3653585	68.3274	-4.270463	-6.049822	193.9502	82.56228	-4.626335	-8.185054	-5.338078	-17.08185	-4.626335	-8.185054
87.53	187.1886	37852.64	-1061.299	861.9218	307.1174	-1789.754	592.5267	-467.9716	-109.9644	146.2633	282.9182	-6.049822	-5.338078	-17.08185	1043423	1996098	-31.6726	-4.270463	-6.049822	93.95018	82.56228	-4.626335	-8.185054	-5.338078	-17.08185	-4.626335	-8.185054
87.82	87.18861	42561.64	-460.2988	461.9218	207.1174	-2089.754	-207.4733	432.0284	-109.9644	46.26334	382.9182	-6.049822	-5.338078	-17.08185	749749.4	2052751	-31.6726	-4.270463	-6.049822	293.9502	482.5623	-4.626335	91.81495	-5.338078	-17.08185	-4.626335	91.81495
88.11	87.18861	44565.64	639.7012	561.9218	507.1174	-2189.754	192.5267	-167.9716	-209.9644	146.2633	82.91815	-6.049822	-5.338078	-17.08185	1029319	2151897	68.3274	-4.270463	-6.049822	93.95018	-17.43772	-4.626335	-8.185054	-5.338078	-17.08185	-4.626335	-8.185054
88.4	87.18861	6416.641	-761.2988	-238.0782	7.117439	-889.7544	392.5267	-67.97156	490.0356	146.2633	282.9182	-6.049822	-5.338078	-17.08185	803661.4	2052751	-31.6726	-4.270463	-6.049822	-6.049822	-17.43772	95.37366	-8.185054	-5.338078	-17.08185	95.37366	-8.185054
88.69	187.1886	9818.641	-1761.299	461.9218	7.117439	-488.7544	492.5267	-67.97156	690.0356	246.2633	382.9182	-6.049822	-5.338078	-17.08185	425563.4	1075607	68.3274	-4.270463	-6.049822	393.9502	82.56228	-4.626335	-8.185054	-5.338078	-17.08185	-4.626335	-8.185054
88.98	187.1886	9718.641	-1661.299	361.9218	7.117439	-2089.754	-207.4733	-67.97156	-9.964355	146.2633	182.9182	-6.049822	-5.338078	-17.08185	211375.4	1160565	-31.6726	-4.270463	-6.049822	293.9502	-17.43772	-4.626335	-8.185054	-5.338078	-17.08185	-4.626335	-8.185054
89.27	-12.81139	3015.641	-1061.299	261.9218	107.1174	-2889.754	292.5267	-167.9716	-309.9644	46.26334	182.9182	-6.049822	-5.338078	-17.08185	377297.4	1316328	-31.6726	-4.270463	-6.049822	193.9502	-17.43772	-4.626335	-8.185054	-5.338078	-17.08185	-4.626335	-8.185054
89.55	-12.81139	5516.641	-1661.299	461.9218	-92.88256	-1189.754	292.5267	732.0284	-309.9644	146.2633	82.91815	-6.049822	-5.338078	-17.08185	414275.4	622529.8	-31.6726	-4.270463	-6.049822	-6.049822	-17.43772	-4.626335	-8.185054	-5.338078	-17.08185	-4.626335	-8.185054
89.84	-12.81139	6516.641	-961.2988	-238.0782	7.117439	-88.75439	192.5267	-67.97156	490.0356	46.26334	282.9182	-6.049822	-5.338078	-17.08185	405839.4	919854.8	-31.6726	-4.270463	-6.049822	-6.049822	182.5623	-4.626335	-8.185054	-5.338078	-17.08185	-4.626335	-8.185054
90.13	87.18861	114.6406	1339.701	61.92175	307.1174	-1289.754	-107.4733	32.02844	-509.9644	46.26334	-17.08185	-6.049822	-5.338078	-17.08185	160584.4	580056.8	-31.6726	-4.270463	-6.049822	193.9502	-17.43772	-4.626335	-8.185054	-5.338078	-17.08185	-4.626335	-8.185054
90.42	87.18861	114.6406	-360.2988	-38.07825	207.1174	-2189.754	-107.4733	-167.9716	-309.9644	-53.73666	82.91815	-6.049822	-5.338078	-17.08185	305121.4	516940.8	-31.6726	-4.270463	-6.049822	893.9502	82.56228	-4.626335	-8.185054	-5.338078	-17.08185	-4.626335	-8.185054
90.71	87.18861	4515.641	-460.2988	61.92175	7.117439	-1389.754	1492.527	-167.9716	-409.9644	146.2633	182.9182	-6.049822	-5.338078	-17.08185	180318.4	608371.8	-31.6726	-4.270463	-6.049822	-6.049822	-17.43772	-4.626335	-8.185054	-5.338078	-17.08185	-4.626335	-8.185054
90.99	-12.81139	5516.641	139.7012	461.9218	-92.88256	-288.7544	292.5267	-67.97156	590.0356	-53.73666	82.91815	-6.049822	-5.338078	-17.08185	158269.4	211978.8	-31.6726	-4.270463	-6.049822	-6.049822	-17.43772	-4.626335	-8.185054	-5.338078	-17.08185	-4.626335	-8.185054
91.28	87.18861	3915.641	-1661.299	-338.0782	207.1174	-889.7544	-307.4733	-267.9716	-209.9644	46.26334	82.91815	-6.049822	-5.338078	-17.08185	56734.39	551741.8	-31.6726	-4.270463	-6.049822	193.9502	-17.43772	-4.626335	-8.185054	-5.338078	-17.08185	-4.626335	-8.185054
91.57	-12.81139	3315.641	-2061.299	561.9218	107.1174	-1389.754	-507.4733	-467.9716	390.0356	146.2633	82.91815	-6.049822	-5.338078	82.91815	118751.4	495112.8	-31.6726	-4.270463	-6.049822	93.95018	82.56228	-4.626335	-8.185054	-5.338078	82.91815	-4.626335	-8.185054
91.86	-12.81139	514.6406	-961.2988	261.9218	107.1174	-989.7544	-7.473267	232.0284	-209.9644	46.26334	-17.08185	-6.049822	94.66192	-17.08185	118249.4	268603.8	-31.6726	-4.270463	-6.049822	-6.049822	82.56228	-4.626335	-8.185054	94.66192	-17.08185	-4.626335	-8.185054
92.16	87.18861	1314.641	-360.2988	-38.07825	207.1174	-1189.754	-107.4733	232.0284	-109.9644	146.2633	182.9182	-6.049822	-5.338078	-17.08185	70370.4	268603.8	68.3274	-4.270463	-6.049822	-6.049822	-17.43772	-4.626335	-8.185054	-5.338078	-17.08185	-4.626335	-8.185054
92.44	-12.81139	2415.641	-1061.299	861.9218	107.1174	-588.7544	-7.473267	-67.97156	-409.9644	-53.73666	82.91815	-6.049822	94.66192	182.9182	44208.39	31463.77	-31.6726	-4.270463	-6.049822	93.95018	82.56228	-4.626335	-8.185054	94.66192	182.9182	-4.626335	-8.185054
92.73	-12.81139	1114.641	-1761.299	261.9218	107.1174	-1989.754	-7.473267	232.0284	-9.964355	-53.73666	-17.08185	-6.049822	-5.338078	-17.08185	29386.39	202059.8	-31.6726	-4.270463	-6.049822	-6.049822	-17.43772	-4.626335	-8.185054	-5.338078	-17.08185	-4.626335	-8.185054
93.01	-12.81139	1914.641	139.7012	-338.0782	-92.88256	-1789.754	-307.4733	-367.9716	490.0356	46.26334	82.91815	-6.049822	-5.338078	-17.08185	85816.4	130384.8	-31.6726	-4.270463	-6.049822	193.9502	-17.43772	-4.626335	-8.185054	-5.338078	-17.08185	-4.626335	-8.185054
93.3	-12.81139	-1285.359	-360.2988	-38.07825	-92.88256	-789.7544	-107.4733	532.0284	-509.9644	-53.73666	-17.08185	-6.049822	-5.338078	-17.08185	97459.4	97635.77	-31.6726	-4.270463	-6.049822	-6.049822	-17.43772	-4.626335	-8.185054	-5.338078	-17.08185	-4.626335	-8.185054
93.58	-12.81139	5316.641	-1661.299	-338.0782	107.1174	-1889.754	492.5267	332.0284	-509.9644	-53.73666	-17.08185	-6.049822	-5.338078	-17.08185	87623.4	223743.8	-31.6726	-4.270463	-6.049822	-6.049822	-17.43772	-4.626335	-8.185054	-5.338078	-17.08185	-4.626335	-8.185054
93.87	87.18861	514.6406	739.7012	-238.0782	107.1174	-388.7544	-307.4733	-67.97156	-409.9644	-53.73666	-17.08185	-6.049822	-5.338078	-17.08185	126790.4	84687.77	-31.6726	-4.270463	-6.049822	93.95018	-17.43772	-4.626335	-8.185054	-5.338078	-17.08185	-4.626335	-8.185054
94.15	-12.81139	2214.641	-1261.299	-138.0782	-92.88256	-388.7544	-707.4733	432.0284	190.0356	-53.73666	-17.08185	-6.049822	-5.338078	-17.08185	16775.39	98739.77	-31.6726	-4.270463	-6.049822	-6.049822	-17.43772	-4.626335	-8.185054	-5.338078	-17.08185	-4.626335	-8.185054
94.44	87.18861	1714.641	239.7012	161.9218	7.117439	111.2456	-107.4733	-267.9716	190.0356	-53.73666	-17.08185	-6.049822	-5.338078	82.91815	51422.39	197822.8	-31.6726	-4.270463	-6.049822	-6.049822	-17.43772	-4.626335	-8.185054	-5.338078	82.91815	-4.626335	-8.185054
94.72	-12.81139	4315.641	139.7012	-138.0782	7.117439	-1689.754	-207.4733	-67.97156	90.03564	46.26334	-17.08185	-6.049822	-5.338078	-17.08185	52725.39	178984.8	-31.6726	-4.270463	-6.049822	-6.049822	-17.43772	-4.626335	-8.185054	-5.338078	-17.08185	-4.626335	-8.185054
95.01	-12.81139	1714.641	-2061.299	-438.0782	7.117439	-1589.754	792.5267	-167.9716	290.0356	-53.73666	-17.08185	-6.049822	-5.338078	-17.08185	2669.395	158647.8	68.3274	-4.270463	-6.049822	-6.049822	-17.43772	-4.626335	-8.185054	-5.338078	-17.08185	-4.626335	-8.185054
95.29	87.18861	-385.3594	-460.2988	-138.0782	-92.88256	-188.7544	692.5267	132.0284	-409.9644	46.26334	-17.08185	-6.049822	-5.338078	-17.08185	-30.60498	12146.77	-31.6726	-4.270463	-6.049822	-6.049822	-17.43772	-4.626335	-8.185054	-5.338078	-17.08185	-4.626335	-8.185054
95.58	-12.81139	-385.3594	-660.2988	361.9218	-92.88256	-2489.754	-507.4733	332.0284	-9.964355	-53.73666	-17.08185	-6.049822	-5.338078	-17.08185	72976.4	68137.77	-31.6726	-4.270463	-6.049822	-6.049822	-17.43772	-4.626335	-8.185054	-5.338078	-17.08185	-4.626335	-8.185054
95.86	-12.81139	1514.641	-560.2988	461.9218	-92.88256	-1089.754	1092.527	-267.9716	-709.9644	46.26334	-17.08185	93.95018	94.66192	-17.08185	169.395	79972.77	-31.6726	-4.270463	-6.049822	-6.049822	-17.43772	-4.626335	-8.185054	94.66192	-17.08185	-4.626335	-8.185054
96.15	-12.81139	1414.641	639.7012	-638.0782	107.1174	-2089.754	-207.4733	32.02844	-409.9644	146.2633	82.91815	-6.049822	-5.338078	-17.08185	11872.39	3743.772	-31.6726	-4.270463	-6.049822	-6.049822	-17.43772	-4.626335	-8.185054	-5.338078	-17.08185	-4.626335	-8.185054
96.43	-12.81139	3615.641	-1961.299	-238.0782	307.1174	-2389.754	92.52673	532.0284	90.03564	46.26334	-17.08185	-6.049822	-5.338078	-17.08185	69566.4	32164.77	-31.6726	-4.270463	-6.049822	-6.049822	-17.43772	-4.626335	-8.185054	-5.338078	-17.08185	-4.626335	-8.185054
96.72	87.18861	314.6406	739.7012	61.92175	-92.88256	-2189.754	492.5267	-67.97156	290.0356	46.26334	-17.08185	-6.049822	-5.338078	-17.08185	22379.39	13798.77	-31.6726	-4.270463	-6.049822	-6.049822	82.56228	-4.626335	-8.185054	-5.338078	-17.08185	-4.626335	-8.185054
97	-12.81139	414.6406	239.7012	461.9218	-92.88256	-1489.754	192.5267	-67.97156	-409.9644	-53.73666	82.91815	-6.049822	-5.338078	-17.08185	11772.39	35869.77	-31.6726	-4.270463	-6.049822	-6.049822	-17.43772	-4.626335	-8.185054	-5.338078	-17.08185	-4.626335	-8.185054
