ElapsedTime_s	Ti49_CPS	Al27_CPS	S33_CPS	Sc45_CPS	V51_CPS	Mn55_CPS	Fe57_CPS	Co59_CPS	Ni60_CPS	Ga71_CPS	Zr90_CPS	Nb93_CPS	Mo97_CPS	In113_CPS	Sn119_CPS	Sn118_CPS	Sb121_CPS	Hf177_CPS	Ta181_CPS	W183_CPS	Pb206_CPS	Th232_CPS	U238_CPS	Tc97_CPS	Cd113_CPS	U232_CPS	Pu238_CPS
0	-12.81139	1014.641	-2061.299	-138.0782	-92.88256	-1689.754	192.5267	-67.97156	290.0356	146.2633	-17.08185	-6.049822	94.66192	-17.08185	-30.60498	101651.8	168.3274	-4.270463	93.95018	93.95018	-17.43772	-4.626335	-8.185054	94.66192	-17.08185	-4.626335	-8.185054
																											
9.01	-12.81139	1414.641	739.7012	-538.0782	-92.88256	-2589.754	-507.4733	-267.9716	1090.036	146.2633	-17.08185	-6.049822	-5.338078	-17.08185	69.39502	43.77225	-31.6726	-4.270463	-6.049822	-6.049822	82.56228	-4.626335	-8.185054	-5.338078	-17.08185	-4.626335	-8.185054
9.3	-12.81139	714.6406	-560.2988	-138.0782	7.117439	-1089.754	-207.4733	-267.9716	-309.9644	46.26334	-17.08185	-6.049822	-5.338078	-17.08185	69.39502	-156.2278	68.3274	-4.270463	-6.049822	-6.049822	-17.43772	-4.626335	-8.185054	-5.338078	-17.08185	-4.626335	-8.185054
9.58	-12.81139	114.6406	-1161.299	-538.0782	207.1174	-88.75439	-507.4733	132.0284	-409.9644	-53.73666	-17.08185	-6.049822	-5.338078	-17.08185	369.395	26557.77	-31.6726	-4.270463	-6.049822	-6.049822	-17.43772	-4.626335	-8.185054	-5.338078	-17.08185	-4.626335	-8.185054
9.87	-12.81139	-85.35938	-761.2988	761.9218	-92.88256	-1089.754	-407.4733	-267.9716	-9.964355	-53.73666	-17.08185	-6.049822	-5.338078	-17.08185	-30.60498	143.7722	-31.6726	-4.270463	-6.049822	-6.049822	-17.43772	-4.626335	-8.185054	-5.338078	-17.08185	-4.626335	-8.185054
10.15	-12.81139	714.6406	-160.2988	-38.07825	-92.88256	-1289.754	-307.4733	-67.97156	-609.9644	-53.73666	-17.08185	-6.049822	-5.338078	-17.08185	3769.395	47689.77	-31.6726	-4.270463	-6.049822	-6.049822	-17.43772	-4.626335	-8.185054	-5.338078	-17.08185	-4.626335	-8.185054
10.44	-12.81139	714.6406	139.7012	-538.0782	7.117439	-1489.754	-307.4733	232.0284	-9.964355	-53.73666	-17.08185	-6.049822	-5.338078	-17.08185	10471.39	43.77225	68.3274	95.72954	-6.049822	-6.049822	-17.43772	-4.626335	91.81495	-5.338078	-17.08185	-4.626335	91.81495
10.72	-12.81139	1214.641	-961.2988	-438.0782	7.117439	-388.7544	-7.473267	-67.97156	-9.964355	-53.73666	-17.08185	-6.049822	-5.338078	-17.08185	-30.60498	43.77225	-31.6726	-4.270463	-6.049822	-6.049822	-17.43772	95.37366	-8.185054	-5.338078	-17.08185	95.37366	-8.185054
11.01	-12.81139	714.6406	-260.2988	-238.0782	-92.88256	-488.7544	92.52673	132.0284	-409.9644	-53.73666	-17.08185	-6.049822	-5.338078	-17.08185	-130.605	16449.77	-31.6726	-4.270463	-6.049822	93.95018	-17.43772	-4.626335	-8.185054	-5.338078	-17.08185	-4.626335	-8.185054
11.29	-12.81139	1014.641	-1061.299	-38.07825	107.1174	-1189.754	-507.4733	-367.9716	90.03564	46.26334	-17.08185	-6.049822	-5.338078	-17.08185	169.395	-56.22775	-31.6726	-4.270463	-6.049822	93.95018	-17.43772	95.37366	-8.185054	-5.338078	-17.08185	95.37366	-8.185054
11.58	-12.81139	-485.3594	-660.2988	161.9218	107.1174	-488.7544	-607.4733	-67.97156	-109.9644	46.26334	-17.08185	-6.049822	-5.338078	-17.08185	-130.605	443.7722	-31.6726	-4.270463	-6.049822	-6.049822	-17.43772	-4.626335	-8.185054	-5.338078	-17.08185	-4.626335	-8.185054
11.86	-12.81139	1114.641	-1461.299	-338.0782	-92.88256	-388.7544	-607.4733	-67.97156	290.0356	146.2633	-17.08185	-6.049822	-5.338078	-17.08185	-30.60498	63023.77	-31.6726	-4.270463	-6.049822	-6.049822	-17.43772	-4.626335	-8.185054	-5.338078	-17.08185	-4.626335	-8.185054
12.15	87.18861	314.6406	-60.29883	-138.0782	-92.88256	-1989.754	-107.4733	232.0284	-609.9644	246.2633	-17.08185	93.95018	-5.338078	-17.08185	-30.60498	39775.77	-31.6726	-4.270463	-6.049822	-6.049822	-17.43772	-4.626335	-8.185054	-5.338078	-17.08185	-4.626335	-8.185054
12.43	87.18861	-385.3594	339.7012	161.9218	7.117439	-889.7544	492.5267	32.02844	690.0356	-53.73666	-17.08185	-6.049822	-5.338078	82.91815	-30.60498	-56.22775	-31.6726	-4.270463	-6.049822	-6.049822	-17.43772	-4.626335	-8.185054	-5.338078	82.91815	-4.626335	-8.185054
12.72	-12.81139	214.6406	-1461.299	61.92175	-92.88256	-789.7544	-207.4733	-267.9716	-409.9644	46.26334	-17.08185	-6.049822	-5.338078	-17.08185	12072.39	143.7722	-31.6726	-4.270463	-6.049822	-6.049822	-17.43772	-4.626335	-8.185054	-5.338078	-17.08185	-4.626335	-8.185054
13	87.18861	1514.641	-60.29883	-38.07825	7.117439	-1889.754	-207.4733	32.02844	90.03564	46.26334	-17.08185	-6.049822	-5.338078	-17.08185	169.395	-156.2278	-31.6726	95.72954	-6.049822	-6.049822	-17.43772	95.37366	-8.185054	-5.338078	-17.08185	95.37366	-8.185054
13.29	-12.81139	1014.641	-3061.299	361.9218	-92.88256	-1789.754	-207.4733	-667.9716	-509.9644	-53.73666	-17.08185	-6.049822	-5.338078	-17.08185	-30.60498	5144.772	-31.6726	-4.270463	-6.049822	-6.049822	-17.43772	-4.626335	-8.185054	-5.338078	-17.08185	-4.626335	-8.185054
13.57	-12.81139	-285.3594	-961.2988	-338.0782	-92.88256	-889.7544	-7.473267	132.0284	-9.964355	46.26334	-17.08185	-6.049822	-5.338078	-17.08185	-130.605	1543.772	-31.6726	-4.270463	-6.049822	-6.049822	-17.43772	-4.626335	-8.185054	-5.338078	-17.08185	-4.626335	-8.185054
13.86	-12.81139	714.6406	-460.2988	261.9218	-92.88256	-1589.754	-707.4733	632.0284	-9.964355	46.26334	82.91815	-6.049822	-5.338078	-17.08185	69.39502	-56.22775	-31.6726	-4.270463	-6.049822	-6.049822	-17.43772	-4.626335	-8.185054	-5.338078	-17.08185	-4.626335	-8.185054
14.14	-12.81139	-585.3594	439.7012	-238.0782	-92.88256	-488.7544	-307.4733	232.0284	-409.9644	46.26334	82.91815	-6.049822	-5.338078	-17.08185	-130.605	-56.22775	68.3274	-4.270463	-6.049822	-6.049822	-17.43772	-4.626335	91.81495	-5.338078	-17.08185	-4.626335	91.81495
14.43	-12.81139	1314.641	-961.2988	-38.07825	-92.88256	11.24561	-207.4733	132.0284	-209.9644	-53.73666	-17.08185	-6.049822	-5.338078	-17.08185	-130.605	53501.77	-31.6726	-4.270463	-6.049822	-6.049822	82.56228	-4.626335	91.81495	-5.338078	-17.08185	-4.626335	91.81495
14.71	-12.81139	1114.641	-660.2988	261.9218	7.117439	-88.75439	-907.4733	532.0284	590.0356	-53.73666	-17.08185	-6.049822	-5.338078	-17.08185	13373.39	43.77225	-31.6726	-4.270463	-6.049822	-6.049822	-17.43772	-4.626335	-8.185054	-5.338078	-17.08185	-4.626335	-8.185054
15	-12.81139	114.6406	-660.2988	261.9218	107.1174	-1189.754	492.5267	532.0284	-309.9644	46.26334	-17.08185	-6.049822	-5.338078	-17.08185	69.39502	-56.22775	-31.6726	-4.270463	-6.049822	-6.049822	-17.43772	95.37366	-8.185054	-5.338078	-17.08185	95.37366	-8.185054
15.28	-12.81139	514.6406	-1561.299	161.9218	7.117439	311.2456	-307.4733	-267.9716	90.03564	46.26334	82.91815	-6.049822	-5.338078	-17.08185	-30.60498	-56.22775	-31.6726	-4.270463	-6.049822	-6.049822	-17.43772	-4.626335	-8.185054	-5.338078	-17.08185	-4.626335	-8.185054
15.57	-12.81139	-85.35938	-961.2988	-38.07825	-92.88256	-1289.754	-107.4733	32.02844	190.0356	-53.73666	-17.08185	-6.049822	-5.338078	82.91815	69.39502	9345.772	-31.6726	-4.270463	-6.049822	-6.049822	-17.43772	-4.626335	-8.185054	-5.338078	82.91815	-4.626335	-8.185054
15.85	-12.81139	14.64062	-1461.299	-338.0782	-92.88256	-989.7544	-407.4733	332.0284	290.0356	46.26334	-17.08185	-6.049822	-5.338078	82.91815	69.39502	43.77225	168.3274	-4.270463	-6.049822	-6.049822	82.56228	-4.626335	-8.185054	-5.338078	82.91815	-4.626335	-8.185054
16.14	-12.81139	214.6406	-660.2988	-38.07825	107.1174	-789.7544	-307.4733	-67.97156	890.0356	46.26334	82.91815	-6.049822	-5.338078	-17.08185	-30.60498	-256.2278	-31.6726	-4.270463	-6.049822	-6.049822	-17.43772	-4.626335	-8.185054	-5.338078	-17.08185	-4.626335	-8.185054
16.42	-12.81139	14.64062	-1561.299	61.92175	-92.88256	-588.7544	-707.4733	632.0284	90.03564	-53.73666	-17.08185	-6.049822	-5.338078	-17.08185	6170.395	-56.22775	-31.6726	-4.270463	-6.049822	-6.049822	-17.43772	-4.626335	-8.185054	-5.338078	-17.08185	-4.626335	-8.185054
16.71	-12.81139	814.6406	-2561.299	61.92175	7.117439	-2089.754	-207.4733	-67.97156	-209.9644	-53.73666	-17.08185	93.95018	-5.338078	82.91815	2369.395	-256.2278	-31.6726	-4.270463	-6.049822	93.95018	-17.43772	-4.626335	-8.185054	-5.338078	82.91815	-4.626335	-8.185054
16.99	-12.81139	1214.641	139.7012	161.9218	7.117439	-2189.754	-407.4733	-267.9716	290.0356	-53.73666	-17.08185	-6.049822	-5.338078	-17.08185	-30.60498	43.77225	-31.6726	-4.270463	-6.049822	-6.049822	-17.43772	-4.626335	-8.185054	-5.338078	-17.08185	-4.626335	-8.185054
17.28	-12.81139	714.6406	-1461.299	-38.07825	-92.88256	-1089.754	-207.4733	-67.97156	90.03564	-53.73666	-17.08185	-6.049822	-5.338078	-17.08185	69.39502	143.7722	-31.6726	-4.270463	-6.049822	-6.049822	-17.43772	-4.626335	-8.185054	-5.338078	-17.08185	-4.626335	-8.185054
17.57	-12.81139	4715.641	-861.2988	-38.07825	-92.88256	-1389.754	-107.4733	-67.97156	590.0356	46.26334	-17.08185	-6.049822	-5.338078	-17.08185	69.39502	-356.2278	-31.6726	-4.270463	-6.049822	-6.049822	-17.43772	-4.626335	-8.185054	-5.338078	-17.08185	-4.626335	-8.185054
17.86	-12.81139	1214.641	-861.2988	-238.0782	7.117439	-1089.754	292.5267	-167.9716	-809.9644	-53.73666	-17.08185	-6.049822	-5.338078	-17.08185	-130.605	-256.2278	-31.6726	-4.270463	-6.049822	-6.049822	-17.43772	-4.626335	-8.185054	-5.338078	-17.08185	-4.626335	-8.185054
18.14	-12.81139	1214.641	-660.2988	61.92175	7.117439	-1689.754	-7.473267	132.0284	90.03564	-53.73666	-17.08185	-6.049822	-5.338078	-17.08185	69.39502	-156.2278	-31.6726	-4.270463	-6.049822	-6.049822	-17.43772	-4.626335	-8.185054	-5.338078	-17.08185	-4.626335	-8.185054
18.43	-12.81139	8317.641	-1161.299	261.9218	-92.88256	-1989.754	-207.4733	-167.9716	390.0356	46.26334	-17.08185	-6.049822	-5.338078	-17.08185	69.39502	2043.772	-31.6726	-4.270463	-6.049822	-6.049822	-17.43772	-4.626335	-8.185054	-5.338078	-17.08185	-4.626335	-8.185054
18.71	-12.81139	-285.3594	-1361.299	-38.07825	107.1174	-1289.754	192.5267	-467.9716	90.03564	-53.73666	-17.08185	-6.049822	-5.338078	-17.08185	-130.605	43.77225	-31.6726	-4.270463	-6.049822	-6.049822	-17.43772	-4.626335	-8.185054	-5.338078	-17.08185	-4.626335	-8.185054
19	-12.81139	14.64062	-1061.299	161.9218	7.117439	-1589.754	-107.4733	532.0284	990.0356	46.26334	-17.08185	-6.049822	-5.338078	-17.08185	41303.39	-156.2278	-31.6726	-4.270463	-6.049822	93.95018	-17.43772	-4.626335	-8.185054	-5.338078	-17.08185	-4.626335	-8.185054
19.28	-12.81139	814.6406	-60.29883	361.9218	-92.88256	-588.7544	-7.473267	-167.9716	-509.9644	-53.73666	-17.08185	-6.049822	-5.338078	-17.08185	-130.605	-156.2278	-31.6726	-4.270463	-6.049822	-6.049822	-17.43772	-4.626335	-8.185054	-5.338078	-17.08185	-4.626335	-8.185054
19.57	-12.81139	314.6406	-260.2988	-138.0782	-92.88256	-2289.754	-507.4733	-67.97156	790.0356	-53.73666	-17.08185	-6.049822	-5.338078	-17.08185	-30.60498	41077.77	-31.6726	-4.270463	-6.049822	-6.049822	-17.43772	-4.626335	-8.185054	-5.338078	-17.08185	-4.626335	-8.185054
19.85	-12.81139	414.6406	-1061.299	361.9218	-92.88256	-1589.754	-307.4733	32.02844	-9.964355	146.2633	-17.08185	-6.049822	-5.338078	-17.08185	69.39502	43.77225	-31.6726	-4.270463	-6.049822	-6.049822	-17.43772	-4.626335	-8.185054	-5.338078	-17.08185	-4.626335	-8.185054
20.14	-12.81139	414.6406	339.7012	461.9218	7.117439	-789.7544	-507.4733	432.0284	90.03564	46.26334	82.91815	-6.049822	-5.338078	-17.08185	-30.60498	-156.2278	68.3274	-4.270463	-6.049822	-6.049822	82.56228	-4.626335	-8.185054	-5.338078	-17.08185	-4.626335	-8.185054
20.42	-12.81139	614.6406	-1861.299	-338.0782	-92.88256	-1789.754	-7.473267	232.0284	1090.036	-53.73666	-17.08185	-6.049822	-5.338078	-17.08185	-30.60498	-256.2278	-31.6726	-4.270463	-6.049822	-6.049822	82.56228	-4.626335	-8.185054	-5.338078	-17.08185	-4.626335	-8.185054
20.71	-12.81139	514.6406	39.70117	-338.0782	7.117439	-1289.754	-207.4733	-267.9716	-9.964355	46.26334	-17.08185	-6.049822	-5.338078	-17.08185	-130.605	-256.2278	-31.6726	-4.270463	-6.049822	-6.049822	-17.43772	-4.626335	-8.185054	-5.338078	-17.08185	-4.626335	-8.185054
20.99	-12.81139	414.6406	-1961.299	261.9218	7.117439	-889.7544	92.52673	-367.9716	190.0356	-53.73666	-17.08185	-6.049822	-5.338078	-17.08185	-130.605	-256.2278	-31.6726	-4.270463	-6.049822	-6.049822	82.56228	-4.626335	91.81495	-5.338078	-17.08185	-4.626335	91.81495
21.28	-12.81139	1214.641	-961.2988	-438.0782	-92.88256	111.2456	-307.4733	232.0284	-9.964355	46.26334	-17.08185	-6.049822	-5.338078	-17.08185	269.395	243.7722	68.3274	-4.270463	-6.049822	-6.049822	82.56228	-4.626335	-8.185054	-5.338078	-17.08185	-4.626335	-8.185054
21.56	-12.81139	614.6406	-1361.299	361.9218	7.117439	-1589.754	-807.4733	132.0284	-409.9644	-53.73666	-17.08185	-6.049822	-5.338078	-17.08185	-130.605	-56.22775	68.3274	-4.270463	-6.049822	-6.049822	-17.43772	-4.626335	-8.185054	-5.338078	-17.08185	-4.626335	-8.185054
21.85	87.18861	-385.3594	-660.2988	661.9218	-92.88256	-1289.754	192.5267	-167.9716	-509.9644	-53.73666	-17.08185	-6.049822	-5.338078	-17.08185	-130.605	23154.77	-31.6726	-4.270463	-6.049822	-6.049822	-17.43772	-4.626335	-8.185054	-5.338078	-17.08185	-4.626335	-8.185054
22.13	-12.81139	614.6406	-1561.299	-338.0782	-92.88256	-1389.754	-207.4733	232.0284	290.0356	46.26334	82.91815	93.95018	94.66192	-17.08185	69.39502	143.7722	-31.6726	-4.270463	-6.049822	-6.049822	-17.43772	-4.626335	-8.185054	94.66192	-17.08185	-4.626335	-8.185054
22.42	-12.81139	114.6406	-360.2988	-238.0782	-92.88256	-1189.754	-607.4733	-467.9716	290.0356	46.26334	-17.08185	-6.049822	-5.338078	-17.08185	69.39502	-56.22775	-31.6726	-4.270463	93.95018	-6.049822	-17.43772	-4.626335	-8.185054	-5.338078	-17.08185	-4.626335	-8.185054
22.7	87.18861	214.6406	-460.2988	-338.0782	307.1174	-588.7544	92.52673	-367.9716	290.0356	-53.73666	82.91815	-6.049822	-5.338078	82.91815	-130.605	-156.2278	-31.6726	-4.270463	-6.049822	93.95018	82.56228	-4.626335	-8.185054	-5.338078	82.91815	-4.626335	-8.185054
22.99	87.18861	1014.641	-360.2988	-138.0782	-92.88256	-388.7544	-407.4733	232.0284	-409.9644	46.26334	-17.08185	-6.049822	94.66192	-17.08185	2269.395	-156.2278	-31.6726	-4.270463	-6.049822	-6.049822	-17.43772	-4.626335	-8.185054	94.66192	-17.08185	-4.626335	-8.185054
23.28	-12.81139	214.6406	939.7012	261.9218	-92.88256	-989.7544	92.52673	532.0284	390.0356	-53.73666	82.91815	-6.049822	-5.338078	-17.08185	13573.39	643.7722	-31.6726	-4.270463	-6.049822	-6.049822	-17.43772	-4.626335	-8.185054	-5.338078	-17.08185	-4.626335	-8.185054
23.56	-12.81139	1014.641	39.70117	-138.0782	-92.88256	-488.7544	192.5267	132.0284	-209.9644	146.2633	-17.08185	-6.049822	-5.338078	-17.08185	-30.60498	-156.2278	-31.6726	-4.270463	-6.049822	-6.049822	-17.43772	-4.626335	-8.185054	-5.338078	-17.08185	-4.626335	-8.185054
23.84	-12.81139	-985.3594	139.7012	-138.0782	7.117439	-989.7544	-507.4733	-167.9716	90.03564	46.26334	-17.08185	-6.049822	-5.338078	-17.08185	69.39502	243.7722	-31.6726	-4.270463	-6.049822	-6.049822	-17.43772	-4.626335	-8.185054	-5.338078	-17.08185	-4.626335	-8.185054
24.13	-12.81139	614.6406	-1061.299	61.92175	7.117439	611.2456	-307.4733	-267.9716	-709.9644	46.26334	82.91815	-6.049822	-5.338078	-17.08185	169.395	-256.2278	68.3274	-4.270463	-6.049822	-6.049822	82.56228	-4.626335	-8.185054	-5.338078	-17.08185	-4.626335	-8.185054
24.42	-12.81139	614.6406	-961.2988	-438.0782	107.1174	-1689.754	592.5267	-167.9716	-509.9644	46.26334	-17.08185	-6.049822	-5.338078	-17.08185	-130.605	-156.2278	-31.6726	-4.270463	-6.049822	-6.049822	-17.43772	-4.626335	-8.185054	-5.338078	-17.08185	-4.626335	-8.185054
24.7	-12.81139	-785.3594	-1061.299	-38.07825	-92.88256	-488.7544	-507.4733	32.02844	-9.964355	-53.73666	-17.08185	-6.049822	-5.338078	-17.08185	69.39502	-256.2278	68.3274	-4.270463	-6.049822	-6.049822	82.56228	-4.626335	-8.185054	-5.338078	-17.08185	-4.626335	-8.185054
24.98	-12.81139	2214.641	-360.2988	-138.0782	-92.88256	-1489.754	-307.4733	-267.9716	190.0356	46.26334	82.91815	-6.049822	-5.338078	-17.08185	-130.605	43.77225	-31.6726	-4.270463	-6.049822	-6.049822	-17.43772	-4.626335	-8.185054	-5.338078	-17.08185	-4.626335	-8.185054
25.27	-12.81139	2114.641	-1661.299	161.9218	-92.88256	-1989.754	-407.4733	-167.9716	90.03564	46.26334	-17.08185	-6.049822	-5.338078	-17.08185	269.395	-156.2278	-31.6726	-4.270463	-6.049822	-6.049822	-17.43772	-4.626335	-8.185054	-5.338078	-17.08185	-4.626335	-8.185054
25.56	-12.81139	1614.641	-160.2988	-138.0782	107.1174	-1089.754	-107.4733	-67.97156	-209.9644	146.2633	-17.08185	-6.049822	-5.338078	-17.08185	-30.60498	43.77225	-31.6726	-4.270463	-6.049822	-6.049822	-17.43772	-4.626335	-8.185054	-5.338078	-17.08185	-4.626335	-8.185054
25.84	-12.81139	1314.641	239.7012	161.9218	-92.88256	-1189.754	-507.4733	-167.9716	590.0356	46.26334	-17.08185	-6.049822	-5.338078	-17.08185	-30.60498	143.7722	-31.6726	-4.270463	-6.049822	-6.049822	-17.43772	-4.626335	-8.185054	-5.338078	-17.08185	-4.626335	-8.185054
26.13	-12.81139	14.64062	239.7012	161.9218	-92.88256	-1189.754	-107.4733	-367.9716	-409.9644	-53.73666	-17.08185	-6.049822	-5.338078	-17.08185	-30.60498	-356.2278	-31.6726	-4.270463	-6.049822	-6.049822	82.56228	-4.626335	-8.185054	-5.338078	-17.08185	-4.626335	-8.185054
26.41	-12.81139	1714.641	-360.2988	561.9218	-92.88256	-2189.754	-307.4733	-67.97156	90.03564	-53.73666	82.91815	-6.049822	-5.338078	-17.08185	-30.60498	43.77225	68.3274	-4.270463	-6.049822	-6.049822	-17.43772	-4.626335	-8.185054	-5.338078	-17.08185	-4.626335	-8.185054
26.7	-12.81139	2114.641	-1161.299	161.9218	-92.88256	-1789.754	-1107.473	-167.9716	190.0356	-53.73666	-17.08185	-6.049822	-5.338078	-17.08185	-30.60498	-356.2278	-31.6726	-4.270463	-6.049822	-6.049822	82.56228	-4.626335	-8.185054	-5.338078	-17.08185	-4.626335	-8.185054
26.98	-12.81139	-185.3594	-1361.299	-38.07825	-92.88256	-1389.754	392.5267	-67.97156	-109.9644	46.26334	-17.08185	-6.049822	-5.338078	-17.08185	-30.60498	143.7722	-31.6726	-4.270463	-6.049822	-6.049822	-17.43772	-4.626335	-8.185054	-5.338078	-17.08185	-4.626335	-8.185054
27.26	-12.81139	-185.3594	-1461.299	261.9218	-92.88256	-1389.754	-7.473267	332.0284	290.0356	-53.73666	-17.08185	-6.049822	-5.338078	-17.08185	9971.395	-156.2278	68.3274	-4.270463	-6.049822	93.95018	-17.43772	-4.626335	-8.185054	-5.338078	-17.08185	-4.626335	-8.185054
27.55	-12.81139	1414.641	-1161.299	-338.0782	7.117439	-1589.754	292.5267	132.0284	290.0356	46.26334	-17.08185	-6.049822	-5.338078	-17.08185	-130.605	243.7722	-31.6726	-4.270463	-6.049822	-6.049822	-17.43772	-4.626335	-8.185054	-5.338078	-17.08185	-4.626335	-8.185054
27.83	-12.81139	614.6406	-460.2988	261.9218	107.1174	-989.7544	-607.4733	232.0284	-9.964355	-53.73666	-17.08185	-6.049822	-5.338078	-17.08185	5270.395	43.77225	-31.6726	-4.270463	93.95018	-6.049822	-17.43772	-4.626335	-8.185054	-5.338078	-17.08185	-4.626335	-8.185054
28.12	-12.81139	614.6406	-1461.299	-238.0782	-92.88256	-1389.754	-707.4733	-67.97156	-209.9644	-53.73666	-17.08185	-6.049822	-5.338078	-17.08185	-130.605	26858.77	-31.6726	-4.270463	-6.049822	-6.049822	-17.43772	-4.626335	-8.185054	-5.338078	-17.08185	-4.626335	-8.185054
28.4	-12.81139	-685.3594	-460.2988	261.9218	7.117439	-1689.754	92.52673	-167.9716	-9.964355	46.26334	82.91815	-6.049822	-5.338078	-17.08185	169.395	43.77225	-31.6726	-4.270463	-6.049822	-6.049822	-17.43772	95.37366	-8.185054	-5.338078	-17.08185	95.37366	-8.185054
28.69	-12.81139	1214.641	-2161.299	461.9218	-92.88256	-2189.754	192.5267	332.0284	490.0356	46.26334	-17.08185	-6.049822	-5.338078	-17.08185	69.39502	43.77225	-31.6726	-4.270463	-6.049822	-6.049822	-17.43772	-4.626335	-8.185054	-5.338078	-17.08185	-4.626335	-8.185054
28.97	-12.81139	1214.641	-660.2988	361.9218	-92.88256	-488.7544	192.5267	-167.9716	890.0356	-53.73666	-17.08185	-6.049822	-5.338078	-17.08185	-30.60498	-156.2278	68.3274	-4.270463	-6.049822	-6.049822	-17.43772	-4.626335	-8.185054	-5.338078	-17.08185	-4.626335	-8.185054
29.26	-12.81139	1614.641	739.7012	-38.07825	-92.88256	-588.7544	-207.4733	-167.9716	390.0356	46.26334	-17.08185	-6.049822	-5.338078	-17.08185	-130.605	-156.2278	-31.6726	-4.270463	-6.049822	-6.049822	182.5623	-4.626335	-8.185054	-5.338078	-17.08185	-4.626335	-8.185054
29.54	-12.81139	-585.3594	-260.2988	161.9218	-92.88256	-1289.754	-107.4733	-67.97156	790.0356	-53.73666	82.91815	-6.049822	-5.338078	-17.08185	-30.60498	20251.77	-31.6726	-4.270463	-6.049822	-6.049822	-17.43772	-4.626335	-8.185054	-5.338078	-17.08185	-4.626335	-8.185054
29.83	-12.81139	-485.3594	-360.2988	-138.0782	-92.88256	-1589.754	-707.4733	-67.97156	190.0356	-53.73666	-17.08185	-6.049822	-5.338078	-17.08185	69.39502	243.7722	-31.6726	-4.270463	-6.049822	-6.049822	82.56228	95.37366	-8.185054	-5.338078	-17.08185	95.37366	-8.185054
30.11	-12.81139	-385.3594	-60.29883	61.92175	-92.88256	-1289.754	-207.4733	132.0284	390.0356	46.26334	-17.08185	-6.049822	-5.338078	-17.08185	-30.60498	143.7722	-31.6726	-4.270463	-6.049822	-6.049822	-17.43772	-4.626335	-8.185054	-5.338078	-17.08185	-4.626335	-8.185054
30.4	-12.81139	314.6406	-861.2988	161.9218	-92.88256	-989.7544	1992.527	-167.9716	-9.964355	-53.73666	-17.08185	93.95018	-5.338078	-17.08185	44910.39	155427.8	-31.6726	-4.270463	293.9502	93.95018	382.5623	95.37366	91.81495	-5.338078	-17.08185	95.37366	91.81495
30.69	187.1886	1690085	-861.2988	761.9218	307.1174	24528.25	188918.5	132.0284	590.0356	2146.263	2382.918	493.9502	-5.338078	-17.08185	121866.4	296916.8	-31.6726	-4.270463	193.9502	593.9502	1182.562	195.3737	291.8149	-5.338078	-17.08185	195.3737	291.8149
30.98	587.1886	4271940	-160.2988	561.9218	7.117439	41354.25	409754.5	332.0284	-609.9644	3546.263	2682.918	693.9502	94.66192	-17.08185	111317.4	339437.8	68.3274	-4.270463	393.9502	1393.95	1882.562	95.37366	191.8149	94.66192	-17.08185	95.37366	191.8149
31.26	87.18861		539.7012	961.9218	207.1174	47767.25	608555.5	-67.97156	590.0356	4746.263	4482.918	693.9502	-5.338078	-17.08185	131917.4	357993.8	68.3274	195.7295	393.9502	893.9502	1582.562	95.37366	291.8149	-5.338078	-17.08185	95.37366	291.8149
31.55	487.1886		839.7012	561.9218	307.1174	62302.25	630901.5	32.02844	-409.9644	4546.263	4382.918	693.9502	-5.338078	82.91815	126187.4	331835.8	-31.6726	295.7295	493.9502	493.9502	1182.562	95.37366	291.8149	-5.338078	82.91815	95.37366	291.8149
31.84	287.1886		1139.701	961.9218	607.1174	66715.24	654292.5	232.0284	190.0356	5347.263	4382.918	693.9502	94.66192	-17.08185	131917.4	381855.8	-31.6726	195.7295	393.9502	393.9502	1282.562	-4.626335	291.8149	94.66192	-17.08185	-4.626335	291.8149
32.12	387.1886		3040.701	461.9218	207.1174	69924.24	647108.5	-67.97156	290.0356	4346.263	5883.918	493.9502	-5.338078	-17.08185	180419.4	407747.8	68.3274	295.7295	593.9502	693.9502	1482.562	395.3737	191.8149	-5.338078	-17.08185	395.3737	191.8149
32.41	187.1886		2439.701	861.9218	207.1174	69924.24	495777.5	-67.97156	-309.9644	4846.263	6383.918	593.9502	-5.338078	-17.08185	140872.4	373010.8	168.3274	95.72954	793.9502	893.9502	682.5623	-4.626335	491.8149	-5.338078	-17.08185	-4.626335	491.8149
32.7	287.1886		1439.701	1361.922	207.1174	71429.24	675240.5	-167.9716	290.0356	4746.263	6283.918	793.9502	-5.338078	-17.08185	148409.4	482359.8	68.3274	195.7295	293.9502	493.9502	782.5623	95.37366	391.8149	-5.338078	-17.08185	95.37366	391.8149
32.99	687.1886		4340.701	261.9218	7.117439	80559.24	628747.5	-167.9716	-209.9644	5247.263	7283.918	893.9502	94.66192	-17.08185	127393.4	325229.8	-31.6726	395.7295	393.9502	1093.95	682.5623	95.37366	491.8149	94.66192	-17.08185	95.37366	491.8149
33.28	187.1886		3940.701	1661.922	407.1174	82264.24	697028.5	-167.9716	290.0356	6147.263	6783.918	1293.95	-5.338078	-17.08185	153238.4	396012.8	-31.6726	195.7295	593.9502	893.9502	1382.562	-4.626335	791.8149	-5.338078	-17.08185	-4.626335	791.8149
33.57	487.1886		-60.29883	761.9218	607.1174	87082.24	702477.5	1032.028	190.0356	4246.263	7183.918	693.9502	-5.338078	-17.08185	130107.4	384990.8	-31.6726	195.7295	393.9502	893.9502	682.5623	295.3737	491.8149	-5.338078	-17.08185	295.3737	491.8149
33.85	587.1886		2539.701	261.9218	507.1174	89290.24	739732.5	-167.9716	-109.9644	4346.263	6983.918	1093.95	-5.338078	82.91815	141469.4	372300.8	-31.6726	-4.270463	893.9502	393.9502	982.5623	195.3737	491.8149	-5.338078	82.91815	195.3737	491.8149
34.15	487.1886		1339.701	1561.922	607.1174	94310.24	733759.5	-67.97156	-509.9644	3746.263	6983.918	793.9502	-5.338078	-17.08185	131917.4	410169.8	-31.6726	195.7295	393.9502	593.9502	1982.562	95.37366	691.8149	-5.338078	-17.08185	95.37366	691.8149
34.43	387.1886		1539.701	561.9218	307.1174	98025.24	810377.5	32.02844	190.0356	5347.263	8083.918	593.9502	94.66192	-17.08185	154949.4	436324.8	-31.6726	495.7295	393.9502	593.9502	682.5623	395.3737	491.8149	94.66192	-17.08185	395.3737	491.8149
34.72	687.1886		739.7012	1161.922	307.1174	89591.24	770338.5	132.0284	890.0356	5647.263	5183.918	1093.95	94.66192	-17.08185	167630.4	424326.8	-31.6726	295.7295	393.9502	693.9502	1382.562	195.3737	1191.815	94.66192	-17.08185	195.3737	1191.815
35.01	-12.81139		1639.701	561.9218	807.1174	86279.24	796955.5	-267.9716	390.0356	4346.263	6783.918	993.9502	-5.338078	-17.08185	186060.4	381855.8	-31.6726	95.72954	493.9502	693.9502	982.5623	95.37366	191.8149	-5.338078	-17.08185	95.37366	191.8149
35.3	287.1886		2940.701	1161.922	607.1174	107365.2	791485.5	-267.9716	290.0356	5347.263	6583.918	1093.95	-5.338078	-17.08185	251024.4	661181.8	-31.6726	195.7295	693.9502	493.9502	1082.562	95.37366	391.8149	-5.338078	-17.08185	95.37366	391.8149
35.58	587.1886		2639.701	361.9218	1007.117	98125.24	845515.5	32.02844	-309.9644	5147.263	7183.918	1093.95	94.66192	-17.08185	370902.4	820743.8	-31.6726	195.7295	593.9502	393.9502	1882.562	195.3737	591.8149	94.66192	-17.08185	195.3737	591.8149
35.88	587.1886		1639.701	61.92175	507.1174	97623.24	813372.5	-167.9716	-509.9644	5347.263	8183.918	1393.95	94.66192	-17.08185	379226.4	863219.8	-31.6726	195.7295	493.9502	1593.95	1582.562	295.3737	791.8149	94.66192	-17.08185	295.3737	791.8149
36.16	287.1886		2139.701	261.9218	807.1174	85978.24	808931.5	-267.9716	490.0356	5747.263	7183.918	993.9502	-5.338078	-17.08185	927257.4	3511889	68.3274	295.7295	193.9502	14897.95	1182.562	95.37366	991.8149	-5.338078	-17.08185	95.37366	991.8149
36.46	1787.189		1539.701	1061.922	707.1174	99431.24	744650.5	232.0284	490.0356	6147.263	8784.918	2093.95	94.66192	-17.08185	3526632	9028043	268.3274	495.7295	493.9502	69991.95	2382.562	395.3737	1091.815	94.66192	-17.08185	395.3737	1091.815
36.74	3187.189		2539.701	1761.922	2507.117	102544.2	830834.5	32.02844	290.0356	5747.263	10684.92	2193.95	-5.338078	82.91815	9926126	2.712559e+07	268.3274	295.7295	293.9502	109232	3582.562	295.3737	991.8149	-5.338078	82.91815	295.3737	991.8149
37.03	3887.189		2139.701	9063.922	4407.118	107064.2	825977.5	532.0284	790.0356	9148.264	18189.92	1493.95	-5.338078	282.9182	3.013292e+07	8.393313e+07	468.3274	1195.729	793.9502	115058	6583.562	295.3737	1891.815	-5.338078	282.9182	295.3737	1891.815
37.31	5288.188		2339.701	15867.92	7808.118	84974.24	760235.5	832.0284	1290.036	12949.26	25395.92	2493.95	94.66192	482.9182	4.669613e+07	1.320668e+08	268.3274	2295.729	993.9502	74303.95	7783.562	95.37366	1691.815	94.66192	482.9182	95.37366	1691.815
37.6	7288.188		3640.701	23673.92	8809.117	68018.24	574665.5	1532.028	2490.036	11749.26	34906.92	1693.95	-5.338078	1182.918	6.616598e+07	1.541936e+08	868.3274	1995.729	193.9502	58461.95	10484.56	95.37366	1991.815	-5.338078	1182.918	95.37366	1991.815
37.88	7388.188		2539.701	27677.92	9209.117	54683.25	454012.5	1532.028	1990.036	13149.26	37710.92	1693.95	-5.338078	1282.918	7.795115e+07	1.902458e+08	568.3274	1595.729	393.9502	41628.95	9984.562	-4.626335	791.8149	-5.338078	1282.918	-4.626335	791.8149
38.17	6488.188	4395842	3140.701	27878.92	12010.12	37948.25	355428.5	2132.028	2390.036	16552.26	36909.92	1293.95	-5.338078	1282.918	9.262544e+07	2.723744e+08	468.3274	2295.729	493.9502	33015.95	11185.56	-4.626335	891.8149	-5.338078	1282.918	-4.626335	891.8149
38.46	7588.188	3564545	2539.701	34687.92	13911.12	35444.25	282473.5	2332.028	2390.036	15551.26	41817.92	693.9502	94.66192	1582.918	1.069824e+08	3.064316e+08	1168.327	1595.729	393.9502	27909.95	10684.56	-4.626335	1691.815	94.66192	1582.918	-4.626335	1691.815
38.75	6988.188	2743686	2439.701	34186.92	12410.12	22025.25	223201.5	1932.028	2490.036	14750.26	39012.92	393.9502	-5.338078	1382.918	1.121156e+08	3.304735e+08	1068.327	1795.729	193.9502	23104.95	12585.56	195.3737	1691.815	-5.338078	1382.918	195.3737	1691.815
39.04	4287.188	2460612	3740.701	47007.92	12710.12	19423.25	195065.5	1932.028	3190.036	14450.26	44321.92	293.9502	94.66192	2082.918	1.23674e+08	3.585237e+08	1968.327	1195.729	193.9502	21502.95	11385.56	-4.626335	1091.815	94.66192	2082.918	-4.626335	1091.815
39.32	4687.188	2179689	4140.701	72669.92	12410.12	15619.25	181059.5	2632.028	2890.036	19354.26	42919.92	293.9502	-5.338078	1682.918	1.230755e+08	3.525128e+08	2168.327	1395.729	393.9502	19601.95	11685.56	-4.626335	1791.815	-5.338078	1682.918	-4.626335	1791.815
39.61	3487.189	1689337	4840.701	82601.92	5808.118	14018.25	169880.5	2932.028	3991.036	20755.26	49230.92	293.9502	-5.338078	2782.918	1.252072e+08	3.705457e+08	2868.327	1895.729	293.9502	24805.95	11585.56	-4.626335	2991.815	-5.338078	2782.918	-4.626335	2991.815
39.89	2487.189	1565739	4140.701	115633.9	11310.12	12016.25	169175.5	1632.028	3390.036	25659.26	49631.92	1093.95	-5.338078	3982.918	1.288166e+08	3.785605e+08	3768.327	1295.729	393.9502	25506.95	13286.56	-4.626335	4491.815	-5.338078	3982.918	-4.626335	4491.815
40.18	2587.189	1073963	2739.701	150720.9	3907.117	9515.246	136776.5	2332.028	3290.036	31266.26	51234.92	393.9502	-5.338078	3882.918	1.286996e+08	3.545164e+08	3968.327	1595.729	293.9502	27808.95	10684.56	-4.626335	5092.815	-5.338078	3882.918	-4.626335	5092.815
40.47	2187.189	904614.6	3940.701	151424.9	2707.117	7213.246	112152.5	1032.028	3791.036	29463.26	60455.92	193.9502	-5.338078	4282.918	1.230317e+08	3.985982e+08	3168.327	2195.729	193.9502	28910.95	11985.56	-4.626335	4791.815	-5.338078	4282.918	-4.626335	4791.815
40.75	1887.189	904822.6	3440.701	169340.9	1807.117	7413.246	109138.5	2032.028	3991.036	31366.26	60555.92	93.95018	-5.338078	3282.918	1.310541e+08	3.565201e+08	3768.327	2095.729	93.95018	28509.95	10284.56	-4.626335	5092.815	-5.338078	3282.918	-4.626335	5092.815
41.04	987.1886	693474.6	4940.701	194825.9	2007.117	4912.246	96786.52	3532.028	2590.036	35872.26	66170.92	193.9502	-5.338078	4382.918	1.40429e+08	3.725494e+08	3268.327	2995.729	93.95018	32614.95	13185.56	195.3737	5492.815	-5.338078	4382.918	195.3737	5492.815
41.33	687.1886	681036.6	3840.701	195430.9	2407.117	3012.246	115768.5	2532.028	3290.036	38676.26	68977.92	-6.049822	-5.338078	5083.918	1.364856e+08	3.665384e+08	4568.328	2595.729	93.95018	29310.95	14286.56	95.37366	4591.815	-5.338078	5083.918	95.37366	4591.815
41.61	1087.189	579703.6	2239.701	186865.9	1207.117	3112.246	83839.52	3032.028	2590.036	32467.26	68075.92	193.9502	-5.338078	4082.918	1.288019e+08	3.845718e+08	4068.327	1695.729	-6.049822	31012.95	12585.56	-4.626335	5892.815	-5.338078	4082.918	-4.626335	5892.815
41.9	687.1886	358862.6	3140.701	180921.9	707.1174	2411.246	69494.52	1432.028	2790.036	33368.26	67172.92	-6.049822	-5.338078	4182.918	1.337176e+08	3.985982e+08	5469.328	1795.729	393.9502	30712.95	12785.56	-4.626335	7192.815	-5.338078	4182.918	-4.626335	7192.815
42.18	387.1886	273976.6	2439.701	189787.9	807.1174	4512.246	102108.5	2432.028	3491.036	34770.26	69880.92	293.9502	-5.338078	3682.918	1.346254e+08	3.725494e+08	3568.327	1795.729	-6.049822	32114.95	11285.56	-4.626335	7092.815	-5.338078	3682.918	-4.626335	7092.815
42.47	587.1886	270538.6	5140.701	180316.9	1507.117	3312.246	85846.52	2832.028	3691.036	35672.26	67974.92	193.9502	-5.338078	5383.918	1.36471e+08	3.545164e+08	3568.327	1695.729	293.9502	31313.95	11985.56	-4.626335	4791.815	-5.338078	5383.918	-4.626335	4791.815
42.76	287.1886	228915.6	3640.701	183439.9	807.1174	-288.7544	62976.53	2732.028	3290.036	37674.26	62861.92	-6.049822	-5.338078	2782.918	1.323271e+08	3.32477e+08	5569.328	1395.729	93.95018	32915.95	12485.56	-4.626335	4991.815	-5.338078	2782.918	-4.626335	4991.815
43.04	487.1886	214787.6	4640.701	174576.9	607.1174	1911.246	62976.53	2332.028	3691.036	42983.26	69980.92	-6.049822	-5.338078	3782.918	1.433196e+08	3.82568e+08	5469.328	1695.729	93.95018	31112.95	13085.56	-4.626335	7292.815	-5.338078	3782.918	-4.626335	7292.815
43.33	187.1886	307977.6	2439.701	172058.9	807.1174	1111.246	62876.53	2732.028	4291.036	33969.26	69679.92	-6.049822	-5.338078	3782.918	1.38596e+08	4.266523e+08	4868.328	1395.729	-6.049822	36820.95	11785.56	-4.626335	6592.815	-5.338078	3782.918	-4.626335	6592.815
43.61	287.1886	181416.6	2839.701	173669.9	707.1174	2111.246	55257.53	3332.028	3390.036	33669.26	60255.92	-6.049822	-5.338078	4182.918	1.380976e+08	3.444984e+08	4468.328	2195.729	293.9502	30912.95	12585.56	95.37366	4991.815	-5.338078	4182.918	95.37366	4991.815
43.9	387.1886	134609.6	4340.701	164910.9	207.1174	-1689.754	57362.53	1932.028	3491.036	35772.26	67172.92	93.95018	-5.338078	3982.918	1.399156e+08	3.805643e+08	4168.328	1995.729	93.95018	37221.95	11985.56	-4.626335	5692.815	-5.338078	3982.918	-4.626335	5692.815
44.19	87.18861	129280.6	4240.701	180921.9	307.1174	-789.7544	60871.53	3432.028	3090.036	35271.26	58350.92	-6.049822	-5.338078	4082.918	1.371889e+08	3.545164e+08	4768.328	1995.729	93.95018	38322.95	13986.56	-4.626335	5392.815	-5.338078	4082.918	-4.626335	5392.815
44.47	87.18861	137023.6	3340.701	158971.9	607.1174	1911.246	49044.53	2432.028	3991.036	37074.26	62059.92	-6.049822	-5.338078	4182.918	1.413678e+08	3.444984e+08	4268.328	1595.729	93.95018	36319.95	13686.56	-4.626335	5092.815	-5.338078	4182.918	-4.626335	5092.815
44.76	87.18861	92709.64	3840.701	148507.9	107.1174	411.2456	51750.53	2032.028	2390.036	33669.26	56947.92	93.95018	-5.338078	3382.918	1.364417e+08	3.545164e+08	5569.328	995.7296	-6.049822	40426.95	17988.56	-4.626335	3491.815	-5.338078	3382.918	-4.626335	3491.815
45.04	87.18861	138230.6	3440.701	149714.9	107.1174	-388.7544	84441.52	3332.028	4991.036	27661.26	59152.92	-6.049822	94.66192	3382.918	1.381269e+08	3.785605e+08	5369.328	1095.729	93.95018	39124.95	14686.56	-4.626335	5492.815	94.66192	3382.918	-4.626335	5492.815
45.33	87.18861	119328.6	2239.701	140561.9	307.1174	-588.7544	47040.53	2332.028	2890.036	27862.26	52437.92	-6.049822	-5.338078	3482.918	1.31493e+08	3.364841e+08	5169.328	1295.729	193.9502	36820.95	14586.56	-4.626335	3591.815	-5.338078	3482.918	-4.626335	3591.815
45.62	187.1886	92709.64	3040.701	126988.9	707.1174	-789.7544	46539.53	1932.028	2690.036	29263.26	48329.92	-6.049822	-5.338078	2582.918	1.305714e+08	3.164489e+08	4868.328	1595.729	-6.049822	36219.95	13185.56	-4.626335	4291.815	-5.338078	2582.918	-4.626335	4291.815
45.9	187.1886	138029.6	3640.701	122164.9	707.1174	811.2456	47040.53	3032.028	5191.036	26860.26	54241.92	93.95018	-5.338078	2482.918	1.426297e+08	3.865756e+08	3668.327	995.7296	193.9502	36920.95	14286.56	-4.626335	4391.815	-5.338078	2482.918	-4.626335	4391.815
46.19	487.1886	72537.64	2039.701	110509.9	507.1174	-388.7544	40628.53	1832.028	4191.036	23157.26	49331.92	93.95018	-5.338078	2582.918	1.318588e+08	3.044282e+08	4068.327	995.7296	193.9502	32714.95	10584.56	-4.626335	3791.815	-5.338078	2582.918	-4.626335	3791.815
46.47	587.1886	68024.64	1839.701	111614.9	1107.117	2411.246	39526.53	2332.028	3791.036	29163.26	47928.92	-6.049822	-5.338078	3182.918	1.477113e+08	3.865756e+08	5169.328	1295.729	393.9502	34116.95	13986.56	-4.626335	5192.815	-5.338078	3182.918	-4.626335	5192.815
46.76	587.1886	58497.64	5541.701	96049.92	3207.117	1111.246	37223.53	2132.028	2790.036	23657.26	49631.92	93.95018	-5.338078	3482.918	1.315954e+08	3.525128e+08	3668.327	1095.729	-6.049822	29410.95	11285.56	-4.626335	2791.815	-5.338078	3482.918	-4.626335	2791.815
47.05	1087.189	36450.64	3740.701	86213.92	2807.117	-288.7544	33617.53	2532.028	3691.036	18853.26	43520.92	93.95018	-5.338078	2582.918	1.310395e+08	3.745531e+08	3068.327	995.7296	93.95018	28810.95	13486.56	-4.626335	2691.815	-5.338078	2582.918	-4.626335	2691.815
47.33	887.1886	58497.64	4240.701	78989.92	4607.118	311.2456	27009.53	1432.028	3491.036	21155.26	41516.92	-6.049822	-5.338078	1482.918	1.31932e+08	3.82568e+08	2668.327	1395.729	693.9502	27909.95	14886.56	-4.626335	2891.815	-5.338078	1482.918	-4.626335	2891.815
47.62	1987.189	52382.64	1439.701	70463.92	5608.118	111.2456	30613.53	1032.028	2690.036	18453.26	36008.92	93.95018	-5.338078	1582.918	1.295184e+08	3.485056e+08	2668.327	1295.729	193.9502	22103.95	14186.56	-4.626335	2791.815	-5.338078	1582.918	-4.626335	2791.815
47.91	1987.189	72939.64	3340.701	59534.92	6608.118	111.2456	46739.53	2332.028	3791.036	16351.26	39513.92	193.9502	94.66192	1382.918	1.290944e+08	3.565201e+08	2268.327	1495.729	293.9502	21302.95	12885.56	-4.626335	1591.815	94.66192	1382.918	-4.626335	1591.815
48.19	2587.189	226695.6	2039.701	56728.92	8208.117	3012.246	50246.53	2132.028	2590.036	13650.26	38512.92	93.95018	-5.338078	2082.918	1.312297e+08	4.066135e+08	1968.327	1295.729	293.9502	20301.95	13886.56	-4.626335	1491.815	-5.338078	2082.918	-4.626335	1491.815
48.48	3687.189	412290.6	4640.701	52418.92	11510.12	6413.246	60670.53	1932.028	3591.036	11949.26	41116.92	393.9502	-5.338078	882.9182	1.353137e+08	3.485056e+08	2268.327	1695.729	-6.049822	20501.95	15287.56	195.3737	1191.815	-5.338078	882.9182	195.3737	1191.815
48.76	3987.189	691006.6	2639.701	47708.92	12710.12	11216.25	107631.5	2932.028	3791.036	11949.26	38011.92	193.9502	-5.338078	782.9182	1.335419e+08	3.184524e+08	1168.327	895.7296	293.9502	17399.95	12585.56	95.37366	1991.815	-5.338078	782.9182	95.37366	1991.815
49.05	4887.188	1207590	4440.701	43200.92	17313.12	16019.25	158102.5	2332.028	3891.036	12249.26	36409.92	193.9502	-5.338078	2282.918	1.218642e+08	3.485056e+08	1468.327	1695.729	593.9502	13897.95	12585.56	95.37366	891.8149	-5.338078	2282.918	95.37366	891.8149
49.33	4287.188	1518121	3740.701	33285.92	14011.12	23928.25	176627.5	2932.028	3591.036	9048.264	33004.92	193.9502	-5.338078	1182.918	1.195449e+08	3.585237e+08	368.3274	1595.729	693.9502	12796.95	10684.56	-4.626335	991.8149	-5.338078	1182.918	-4.626335	991.8149
49.62	4187.188	1995370	2639.701	29780.92	18614.12	26731.25	208171.5	2332.028	2390.036	8347.264	30400.92	93.95018	-5.338078	1082.918	1.118392e+08	2.964146e+08	1168.327	1195.729	293.9502	9995.95	8383.562	-4.626335	291.8149	-5.338078	1082.918	-4.626335	291.8149
49.9	4787.188	2620761	3040.701	23673.92	19315.12	32539.25	248338.5	1532.028	1990.036	8447.264	32203.92	193.9502	-5.338078	382.9182	1.030322e+08	2.423258e+08	368.3274	1495.729	1093.95	13196.95	7283.562	195.3737	1091.815	-5.338078	382.9182	195.3737	1091.815
50.19	3987.189	3085020	2940.701	20170.92	18814.12	37147.25	276231.5	1432.028	1590.036	7047.263	26696.92	193.9502	-5.338078	382.9182	9.626e+07	2.463322e+08	668.3274	2395.729	393.9502	10995.95	7283.562	295.3737	1391.815	-5.338078	382.9182	295.3737	1391.815
50.48	5088.188	3543546	4040.701	15166.92	16713.12	38649.25	274208.5	1532.028	2290.036	7747.263	25996.92	793.9502	-5.338078	582.9182	8.301389e+07	2.022638e+08	268.3274	1695.729	393.9502	9095.95	6683.562	95.37366	491.8149	-5.338078	582.9182	95.37366	491.8149
50.76	4487.188	3738793	2839.701	15867.92	15412.12	41354.25	324408.5	2732.028	1990.036	6647.263	23593.92	693.9502	-5.338078	582.9182	7.30971e+07	1.842369e+08	668.3274	1795.729	193.9502	9495.95	4382.562	95.37366	791.8149	-5.338078	582.9182	95.37366	791.8149
51.05	4487.188	4911390	3940.701	12665.92	15612.12	55084.25	387298.5	932.0284	1890.036	6747.263	18989.92	993.9502	-5.338078	782.9182	6.213145e+07	1.842369e+08	668.3274	1295.729	393.9502	8895.95	5083.562	95.37366	1091.815	-5.338078	782.9182	95.37366	1091.815
51.33	4087.189		1839.701	11164.92	15112.12	59094.25	426430.5	1332.028	1590.036	7647.263	18789.92	393.9502	-5.338078	82.91815	5.275916e+07	1.441796e+08	168.3274	1095.729	193.9502	6094.95	2982.562	295.3737	691.8149	-5.338078	82.91815	295.3737	691.8149
51.62	3187.189		1939.701	7763.922	10509.12	59796.25	464197.5	932.0284	1190.036	5847.263	15787.92	893.9502	-5.338078	182.9182	4.653897e+07	1.25683e+08	368.3274	795.7296	193.9502	5494.95	3282.562	295.3737	791.8149	-5.338078	182.9182	295.3737	791.8149
51.91	2787.189		1439.701	7162.922	8508.117	59695.25	433246.5	432.0284	90.03564	5847.263	11785.92	793.9502	-5.338078	382.9182	3.326287e+07	9.720426e+07	268.3274	595.7296	393.9502	2993.95	3182.562	-4.626335	291.8149	-5.338078	382.9182	-4.626335	291.8149
52.19	1587.189		3540.701	5262.922	6908.118	72833.24	428160.5	532.0284	490.0356	6147.263	11084.92	693.9502	-5.338078	82.91815	2.895279e+07	7.77355e+07	68.3274	595.7296	493.9502	3693.95	1982.562	95.37366	891.8149	-5.338078	82.91815	95.37366	891.8149
52.48	2087.189		1539.701	3261.922	6008.118	65311.25	480808.5	632.0284	1190.036	5747.263	8884.918	493.9502	-5.338078	182.9182	2.250458e+07	5.942272e+07	268.3274	795.7296	393.9502	3693.95	3482.562	295.3737	191.8149	-5.338078	182.9182	295.3737	191.8149
52.76	2387.189		3540.701	4762.922	5108.118	74539.24	485090.5	-267.9716	1190.036	4546.263	6983.918	693.9502	-5.338078	182.9182	1.732896e+07	5.161536e+07	-31.6726	295.7295	293.9502	1993.95	2582.562	195.3737	591.8149	-5.338078	182.9182	195.3737	591.8149
53.05	787.1886		4240.701	3961.922	3607.117	73535.24	457576.5	-67.97156	590.0356	6347.263	8083.918	293.9502	-5.338078	-17.08185	1.438295e+07	3.791123e+07	168.3274	595.7296	693.9502	1893.95	1582.562	95.37366	491.8149	-5.338078	-17.08185	95.37366	491.8149
53.33	1387.189		2039.701	3261.922	4107.118	73034.24	482235.5	32.02844	1090.036	5147.263	6983.918	493.9502	-5.338078	-17.08185	1.2359e+07	3.409323e+07	68.3274	195.7295	193.9502	1493.95	1582.562	-4.626335	591.8149	-5.338078	-17.08185	-4.626335	591.8149
53.62	387.1886		3040.701	3361.922	2207.117	71629.24	450753.5	132.0284	-209.9644	4846.263	8583.918	893.9502	94.66192	382.9182	9304032	2.815274e+07	168.3274	295.7295	593.9502	2893.95	2482.562	-4.626335	-8.185054	94.66192	382.9182	-4.626335	-8.185054
53.91	687.1886		2139.701	3661.922	2607.117	68119.24	491106.5	-267.9716	1090.036	2846.263	7483.918	593.9502	-5.338078	-17.08185	8258032	2.364689e+07	68.3274	195.7295	693.9502	1093.95	1582.562	95.37366	-8.185054	-5.338078	-17.08185	95.37366	-8.185054
54.19	1087.189		639.7012	1961.922	2507.117	79154.24	515797.5	232.0284	-9.964355	4746.263	7483.918	693.9502	-5.338078	-17.08185	6845010	1.920367e+07	-31.6726	95.72954	493.9502	1193.95	1982.562	95.37366	591.8149	-5.338078	-17.08185	95.37366	591.8149
54.48	787.1886		2139.701	2261.922	1807.117	72131.24	534383.5	32.02844	590.0356	3846.263	6483.918	493.9502	-5.338078	82.91815	5870354	1.731129e+07	168.3274	295.7295	693.9502	993.9502	2082.562	95.37366	691.8149	-5.338078	82.91815	95.37366	691.8149
54.76	587.1886		1039.701	2361.922	1707.117	77548.24	522025.5	32.02844	390.0356	4846.263	6083.918	593.9502	-5.338078	82.91815	4726536	1.428275e+07	-31.6726	195.7295	893.9502	1193.95	1082.562	-4.626335	591.8149	-5.338078	82.91815	-4.626335	591.8149
55.05	287.1886		2539.701	2361.922	1407.117	75642.24	546338.5	232.0284	90.03564	3446.263	6283.918	1093.95	-5.338078	82.91815	3921850	1.121419e+07	-31.6726	195.7295	293.9502	1093.95	1782.562	95.37366	691.8149	-5.338078	82.91815	95.37366	691.8149
55.34	1487.189		1539.701	1061.922	1007.117	75140.24	560140.5	-67.97156	-209.9644	3246.263	5583.918	793.9502	-5.338078	82.91815	3272588	9354460	68.3274	295.7295	793.9502	1093.95	1982.562	95.37366	491.8149	-5.338078	82.91815	95.37366	491.8149
55.62	387.1886		939.7012	1961.922	807.1174	77849.24	546543.5	332.0284	790.0356	4046.263	5583.918	593.9502	-5.338078	-17.08185	3230250	7212010	268.3274	295.7295	193.9502	1093.95	1282.562	195.3737	791.8149	-5.338078	-17.08185	195.3737	791.8149
55.91	387.1886		1739.701	1761.922	907.1174	79756.24	590734.5	32.02844	-709.9644	4946.263	5083.918	1293.95	-5.338078	182.9182	2496454	7580816	-31.6726	595.7296	193.9502	3593.95	1082.562	-4.626335	491.8149	-5.338078	182.9182	-4.626335	491.8149
56.2	787.1886		2039.701	1961.922	707.1174	80257.24	545316.5	132.0284	-309.9644	4346.263	5583.918	493.9502	-5.338078	82.91815	2143722	5240966	68.3274	195.7295	93.95018	193.9502	1682.562	295.3737	291.8149	-5.338078	82.91815	295.3737	291.8149
56.49	387.1886		2739.701	1461.922	507.1174	80157.24	595035.5	432.0284	590.0356	5147.263	5283.918	993.9502	-5.338078	-17.08185	1974422	4716484	-31.6726	295.7295	493.9502	493.9502	1582.562	-4.626335	391.8149	-5.338078	-17.08185	-4.626335	391.8149
56.77	187.1886		1139.701	1661.922	707.1174	74539.24	596980.5	32.02844	290.0356	3646.263	7183.918	693.9502	94.66192	-17.08185	1438362	4815706	-31.6726	195.7295	393.9502	693.9502	1382.562	95.37366	391.8149	94.66192	-17.08185	95.37366	391.8149
57.07	-12.81139		2739.701	1161.922	607.1174	76545.24	720377.5	32.02844	-109.9644	4746.263	6883.918	493.9502	-5.338078	82.91815	1170363	4248770	-31.6726	95.72954	693.9502	693.9502	982.5623	195.3737	691.8149	-5.338078	82.91815	195.3737	691.8149
57.36	487.1886		2039.701	1061.922	807.1174	83469.24	760441.5	632.0284	90.03564	4346.263	6683.918	593.9502	94.66192	82.91815	1339624	2251045	-31.6726	295.7295	793.9502	293.9502	482.5623	295.3737	191.8149	94.66192	82.91815	295.3737	191.8149
57.65	87.18861		2739.701	861.9218	807.1174	82365.24	674726.5	-67.97156	590.0356	5847.263	6383.918	1593.95	-5.338078	-17.08185	1325518	2605170	-31.6726	295.7295	193.9502	393.9502	1082.562	195.3737	291.8149	-5.338078	-17.08185	195.3737	291.8149
57.93	387.1886		2439.701	1461.922	107.1174	70827.24	712043.5	332.0284	790.0356	5847.263	5683.918	993.9502	-5.338078	82.91815	612279.4	2364361	-31.6726	295.7295	593.9502	893.9502	1082.562	-4.626335	391.8149	-5.338078	82.91815	-4.626335	391.8149
58.22	687.1886		539.7012	761.9218	407.1174	72733.24	772091.5	-567.9716	-209.9644	4046.263	4982.918	793.9502	-5.338078	-17.08185	677633.4	2137733	68.3274	395.7295	793.9502	393.9502	1282.562	95.37366	291.8149	-5.338078	-17.08185	95.37366	291.8149
58.51	387.1886		1439.701	1061.922	507.1174	75542.24	712866.5	-167.9716	590.0356	3946.263	6083.918	493.9502	-5.338078	-17.08185	747248.4	1571226	68.3274	395.7295	393.9502	193.9502	1282.562	-4.626335	191.8149	-5.338078	-17.08185	-4.626335	191.8149
58.81	287.1886		2639.701	861.9218	1207.117	74839.24	773844.5	-267.9716	-109.9644	5747.263	5983.918	693.9502	-5.338078	-17.08185	824550.4	1769493	-31.6726	295.7295	193.9502	1093.95	1082.562	295.3737	291.8149	-5.338078	-17.08185	295.3737	291.8149
59.11	587.1886		1639.701	261.9218	507.1174	76545.24	789730.5	432.0284	390.0356	5347.263	4782.918	993.9502	-5.338078	-17.08185	324184.4	1259686	-31.6726	95.72954	293.9502	493.9502	1382.562	-4.626335	91.81495	-5.338078	-17.08185	-4.626335	91.81495
59.4	687.1886		2639.701	661.9218	107.1174	76946.24	782921.5	-67.97156	90.03564	5547.263	4782.918	793.9502	-5.338078	-17.08185	676734.4	1103926	68.3274	295.7295	393.9502	793.9502	1782.562	95.37366	391.8149	-5.338078	-17.08185	95.37366	391.8149
59.69	187.1886		639.7012	361.9218	207.1174	74739.24	722847.5	-267.9716	290.0356	4446.263	6483.918	993.9502	-5.338078	-17.08185	411937.4	1330488	-31.6726	195.7295	293.9502	493.9502	782.5623	95.37366	391.8149	-5.338078	-17.08185	95.37366	391.8149
59.99	387.1886		2940.701	861.9218	207.1174	73836.24	688084.5	-367.9716	190.0356	5947.263	5983.918	893.9502	94.66192	-17.08185	460066.4	1231365	-31.6726	395.7295	493.9502	793.9502	1082.562	-4.626335	391.8149	94.66192	-17.08185	-4.626335	391.8149
60.27	287.1886		4040.701	761.9218	1007.117	78050.24	794787.5	232.0284	-409.9644	4546.263	6883.918	993.9502	-5.338078	-17.08185	400250.4	1047288	68.3274	295.7295	293.9502	293.9502	582.5623	295.3737	191.8149	-5.338078	-17.08185	295.3737	191.8149
60.56	287.1886		2139.701	761.9218	207.1174	75140.24	700009.5	432.0284	190.0356	4646.263	6983.918	793.9502	294.6619	-17.08185	381561.4	990649.8	-31.6726	95.72954	293.9502	293.9502	1182.562	395.3737	391.8149	294.6619	-17.08185	395.3737	391.8149
60.85	287.1886		1339.701	-138.0782	607.1174	75642.24	645364.5	-267.9716	390.0356	4946.263	4482.918	1093.95	-5.338078	-17.08185	426376.4	1330488	-31.6726	95.72954	493.9502	493.9502	1582.562	95.37366	291.8149	-5.338078	-17.08185	95.37366	291.8149
61.14	187.1886		2439.701	961.9218	507.1174	75241.24	706283.5	332.0284	90.03564	6247.263	6883.918	693.9502	-5.338078	-17.08185	335710.4	1288006	168.3274	295.7295	593.9502	493.9502	1882.562	-4.626335	491.8149	-5.338078	-17.08185	-4.626335	491.8149
61.42	87.18861		1439.701	561.9218	807.1174	71629.24	647211.5	-67.97156	-109.9644	4146.263	6983.918	893.9502	94.66192	-17.08185	289942.4	898828.8	-31.6726	95.72954	193.9502	793.9502	1582.562	95.37366	491.8149	94.66192	-17.08185	95.37366	491.8149
61.71	487.1886		1839.701	661.9218	7.117439	80257.24	600463.5	-267.9716	490.0356	4246.263	5883.918	493.9502	-5.338078	-17.08185	317372.4	932737.8	-31.6726	95.72954	393.9502	2193.95	1582.562	-4.626335	591.8149	-5.338078	-17.08185	-4.626335	591.8149
62.01	487.1886		3040.701	561.9218	207.1174	93105.24	448375.5	-267.9716	1090.036	5147.263	5783.918	393.9502	-5.338078	-17.08185	1029319	3384368	68.3274	495.7295	293.9502	15598.95	1482.562	195.3737	491.8149	-5.338078	-17.08185	195.3737	491.8149
62.3	1387.189		1839.701	1861.922	807.1174	85978.24	567606.5	-167.9716	-9.964355	5147.263	5083.918	1093.95	-5.338078	82.91815	1674969	4192081	168.3274	295.7295	893.9502	24305.95	1282.562	195.3737	391.8149	-5.338078	82.91815	195.3737	391.8149
62.58	1987.189		1839.701	661.9218	807.1174	87584.24	628542.5	132.0284	390.0356	5647.263	5883.918	1693.95	-5.338078	-17.08185	1583167	3880310	68.3274	195.7295	593.9502	23404.95	1482.562	95.37366	491.8149	-5.338078	-17.08185	95.37366	491.8149
62.87	687.1886		339.7012	761.9218	807.1174	73435.24	690859.5	132.0284	890.0356	4446.263	7283.918	1293.95	94.66192	-17.08185	1263728	4036192	-31.6726	195.7295	593.9502	15198.95	1782.562	-4.626335	391.8149	94.66192	-17.08185	-4.626335	391.8149
63.15	787.1886		339.7012	1161.922	907.1174	83569.24	695691.5	-167.9716	-309.9644	4146.263	7283.918	793.9502	-5.338078	82.91815	949779.4	2718497	-31.6726	295.7295	793.9502	13897.95	1182.562	195.3737	291.8149	-5.338078	82.91815	195.3737	291.8149
63.44	387.1886		1339.701	761.9218	707.1174	82967.24	752196.5	-367.9716	-309.9644	5347.263	6483.918	1093.95	-5.338078	-17.08185	902385.4	1840306	168.3274	295.7295	693.9502	8294.95	1582.562	395.3737	691.8149	-5.338078	-17.08185	395.3737	691.8149
63.73	487.1886		2940.701	761.9218	407.1174	91097.24	758483.5	32.02844	-309.9644	4046.263	6983.918	993.9502	-5.338078	182.9182	775312.4	2038588	68.3274	295.7295	493.9502	7494.95	882.5623	95.37366	291.8149	-5.338078	182.9182	95.37366	291.8149
64.02	487.1886		1039.701	1261.922	107.1174	82264.24	713072.5	32.02844	390.0356	4646.263	8183.918	393.9502	94.66192	-17.08185	674654.4	2194389	-31.6726	95.72954	893.9502	6694.95	782.5623	-4.626335	891.8149	94.66192	-17.08185	-4.626335	891.8149
64.31	587.1886		2439.701	1061.922	807.1174	83669.24	673699.5	232.0284	-109.9644	3246.263	6883.918	793.9502	94.66192	82.91815	748822.4	1882794	68.3274	495.7295	593.9502	5194.95	1582.562	-4.626335	791.8149	94.66192	82.91815	-4.626335	791.8149
64.6	487.1886		-460.2988	1261.922	807.1174	85476.24	727376.5	532.0284	290.0356	4246.263	8684.918	1093.95	94.66192	-17.08185	865190.4	2874328	-31.6726	-4.270463	693.9502	3093.95	1882.562	195.3737	491.8149	94.66192	-17.08185	195.3737	491.8149
64.88	887.1886		3140.701	1461.922	707.1174	88387.24	644441.5	32.02844	490.0356	5147.263	6883.918	593.9502	-5.338078	-17.08185	1214160	2718497	-31.6726	195.7295	693.9502	3993.95	1882.562	-4.626335	591.8149	-5.338078	-17.08185	-4.626335	591.8149
65.17	387.1886		3040.701	1261.922	1107.117	77548.24	619726.5	432.0284	90.03564	5247.263	7283.918	893.9502	-5.338078	-17.08185	5390188	1.314594e+07	268.3274	295.7295	1093.95	6294.95	5483.562	95.37366	791.8149	-5.338078	-17.08185	95.37366	791.8149
65.46	987.1886		2739.701	2961.922	1607.117	81462.24	709677.5	632.0284	290.0356	5347.263	11685.92	1893.95	-5.338078	82.91815	1.883124e+07	4.910281e+07	368.3274	395.7295	893.9502	7794.95	9584.562	295.3737	391.8149	-5.338078	82.91815	295.3737	391.8149
65.74	2587.189		2039.701	10564.92	3007.117	69122.24	633772.5	632.0284	990.0356	7947.263	18689.92	1393.95	94.66192	582.9182	3.817679e+07	1.030422e+08	268.3274	895.7296	1193.95	15798.95	12285.56	395.3737	1391.815	94.66192	582.9182	395.3737	1391.815
66.03	1787.189		3140.701	28979.92	4607.118	71028.24	569140.5	932.0284	1990.036	11249.26	31402.92	1193.95	-5.338078	682.9182	6.316477e+07	1.762252e+08	1468.327	1495.729	693.9502	34116.95	14586.56	395.3737	2591.815	-5.338078	682.9182	395.3737	2591.815
66.31	2587.189		2739.701	47809.92	4407.118	54282.25	470106.5	932.0284	1690.036	17952.26	37911.92	293.9502	-5.338078	1282.918	8.079174e+07	2.583515e+08	2768.327	1495.729	593.9502	56557.95	11285.56	95.37366	3791.815	-5.338078	1282.918	95.37366	3791.815
66.6	2787.189		3040.701	65449.92	3607.117	46264.25	377956.5	1832.028	1590.036	20154.26	39513.92	493.9502	-5.338078	2082.918	9.342154e+07	2.222944e+08	3968.327	1195.729	193.9502	70191.95	14186.56	-4.626335	3991.815	-5.338078	2082.918	-4.626335	3991.815
66.89	1587.189	3725162	2539.701	80995.92	2207.117	33741.25	348024.5	2132.028	1790.036	25559.26	44121.92	693.9502	-5.338078	2282.918	1.050068e+08	2.12279e+08	3068.327	2195.729	593.9502	96479.95	13986.56	195.3737	5492.815	-5.338078	2282.918	195.3737	5492.815
67.17	1487.189	3003067	3340.701	93238.92	2107.117	32840.25	273197.5	1732.028	3591.036	33569.26	53940.92	793.9502	-5.338078	2482.918	1.137022e+08	3.12442e+08	4868.328	1695.729	1593.95	115460	15187.56	195.3737	5392.815	-5.338078	2482.918	195.3737	5392.815
67.46	1087.189	2640045	2539.701	112619.9	3407.117	20624.25	230770.5	2832.028	3090.036	30765.26	54241.92	293.9502	-5.338078	2682.918	1.157992e+08	3.244629e+08	4568.328	2595.729	193.9502	134153	14086.56	195.3737	5692.815	-5.338078	2682.918	195.3737	5692.815
67.74	687.1886	1956890	2539.701	119853.9	2007.117	16820.25	182369.5	2432.028	3090.036	36172.26	55343.92	293.9502	-5.338078	2282.918	1.225209e+08	2.743777e+08	3968.327	2295.729	493.9502	161212	13986.56	95.37366	5892.815	-5.338078	2282.918	95.37366	5892.815
68.03	1187.189	1765132	4040.701	136840.9	1007.117	11816.25	159612.5	3232.028	3090.036	37174.26	66270.92	393.9502	94.66192	2982.918	1.215432e+08	3.224594e+08	5469.328	3595.729	493.9502	171581	13286.56	95.37366	7392.815	94.66192	2982.918	95.37366	7392.815
68.32	1087.189	1665190	3740.701	154946.9	1607.117	9615.246	137982.5	2432.028	4291.036	37574.26	64465.92	193.9502	-5.338078	2482.918	1.264197e+08	3.144455e+08	7069.328	3895.729	393.9502	176011	11585.56	-4.626335	6592.815	-5.338078	2482.918	-4.626335	6592.815
68.6	1487.189	1130384	2739.701	149111.9	1707.117	12617.25	130642.5	3132.028	4091.036	35271.26	74092.92	293.9502	-5.338078	1482.918	1.294014e+08	3.705457e+08	4668.328	3995.729	193.9502	160910	10284.56	-4.626335	6792.815	-5.338078	1482.918	-4.626335	6792.815
68.89	2287.189	977604.6	3940.701	148708.9	4807.118	7914.246	108134.5	2332.028	3390.036	36773.26	75295.92	393.9502	-5.338078	1482.918	1.37995e+08	3.885793e+08	3468.327	3095.729	-6.049822	147126	12085.56	-4.626335	4891.815	-5.338078	1482.918	-4.626335	4891.815
69.17	3487.189	913429.6	4040.701	135734.9	8809.117	6813.246	83437.52	1532.028	3390.036	34069.26	65367.92	193.9502	-5.338078	982.9182	1.245063e+08	3.344805e+08	2168.327	3295.729	193.9502	120383	13486.56	-4.626335	4091.815	-5.338078	982.9182	-4.626335	4091.815
69.46	7588.188	669015.6	2039.701	116235.9	14311.12	5813.246	78521.52	3132.028	2190.036	24258.26	62861.92	993.9502	-5.338078	1782.918	1.271503e+08	3.765569e+08	3068.327	2395.729	293.9502	110036	13085.56	95.37366	4691.815	-5.338078	1782.918	95.37366	4691.815
69.75	12890.19	526125.6	2539.701	83203.92	27622.12	6113.246	88656.52	2832.028	3591.036	22957.26	59352.92	1693.95	-5.338078	2082.918	1.306153e+08	3.525128e+08	3168.327	2095.729	-6.049822	88048.95	14286.56	-4.626335	3391.815	-5.338078	2082.918	-4.626335	3391.815
70.03	13991.19	519691.6	1839.701	88722.92	31527.12	4112.246	62976.53	2032.028	2690.036	20154.26	60154.92	2493.95	-5.338078	1682.918	1.328686e+08	3.104385e+08	1768.327	2295.729	93.95018	100194	10484.56	-4.626335	1191.815	-5.338078	1682.918	-4.626335	1191.815
70.32	15792.19	517240.6	4140.701	83504.92	32729.12	3812.246	62575.53	2032.028	4291.036	22456.26	53740.92	2993.95	-5.338078	2282.918	1.354895e+08	3.68542e+08	2868.327	1595.729	93.95018	94873.95	9784.562	-4.626335	3191.815	-5.338078	2282.918	-4.626335	3191.815
70.61	13090.19	325400.6	5340.701	96651.92	26521.12	3012.246	51850.53	2632.028	4891.036	28863.26	52637.92	1693.95	-5.338078	1982.918	1.33659e+08	4.126251e+08	1968.327	1295.729	193.9502	77914.95	13786.56	-4.626335	3491.815	-5.338078	1982.918	-4.626335	3491.815
70.89	10389.19	260025.6	1739.701	92536.92	19615.12	3912.246	61572.53	4533.028	4491.036	29363.26	50834.92	893.9502	-5.338078	2582.918	1.321515e+08	3.725494e+08	1968.327	1495.729	193.9502	65880.95	9484.562	-4.626335	4291.815	-5.338078	2582.918	-4.626335	4291.815
71.18	8588.188	212971.6	4340.701	97254.92	13811.12	3212.246	54255.53	2332.028	3190.036	31566.26	52437.92	993.9502	-5.338078	2782.918	1.327368e+08	3.32477e+08	1468.327	1695.729	293.9502	50043.95	10584.56	-4.626335	3791.815	-5.338078	2782.918	-4.626335	3791.815
71.46	6288.188	260834.6	3840.701	91131.92	10709.12	1811.246	49645.53	3032.028	2790.036	34270.26	52337.92	793.9502	-5.338078	2782.918	1.341715e+08	3.82568e+08	3068.327	1395.729	-6.049822	46436.95	12385.56	-4.626335	3891.815	-5.338078	2782.918	-4.626335	3891.815
71.76	5688.188	286924.6	3240.701	76280.92	9509.117	911.2456	33638.53	2432.028	2590.036	36773.26	49030.92	393.9502	-5.338078	1982.918	1.314199e+08	3.765569e+08	2068.327	1895.729	-6.049822	45234.95	9384.562	-4.626335	3191.815	-5.338078	1982.918	-4.626335	3191.815
72.04	4887.188	169832.6	4040.701	73873.92	7508.118	1611.246	50547.53	2532.028	3290.036	37975.26	49932.92	293.9502	-5.338078	2382.918	1.31771e+08	3.68542e+08	3868.327	1595.729	-6.049822	70392.95	12185.56	95.37366	4891.815	-5.338078	2382.918	95.37366	4891.815
72.33	4087.189	239314.6	3540.701	73472.92	6008.118	-1089.754	53153.53	3932.028	4091.036	44285.26	56345.92	293.9502	-5.338078	3982.918	1.388452e+08	3.62531e+08	4368.328	1495.729	-6.049822	150747	9084.562	-4.626335	5292.815	-5.338078	3982.918	-4.626335	5292.815
72.62	4087.189	142254.6	3240.701	60236.92	4307.118	-388.7544	46839.53	2532.028	3591.036	47692.26	54141.92	193.9502	-5.338078	3282.918	1.42028e+08	3.725494e+08	3168.327	1495.729	-6.049822	371026.9	7683.562	-4.626335	3591.815	-5.338078	3282.918	-4.626335	3591.815
72.9	2887.189	93613.64	3440.701	46807.92	3507.117	1411.246	39526.53	1932.028	2290.036	29063.26	39012.92	393.9502	-5.338078	2882.918	9.429021e+07	2.3231e+08	1868.327	1195.729	93.95018	188704	6883.562	-4.626335	3791.815	-5.338078	2882.918	-4.626335	3791.815
73.19	1987.189	139839.6	1839.701	32684.92	2907.117	-1689.754	27309.53	932.0284	1690.036	23958.26	33705.92	293.9502	-5.338078	2082.918	6.504562e+07	1.662107e+08	968.3274	995.7296	93.95018	134153	4182.562	-4.626335	2591.815	-5.338078	2082.918	-4.626335	2591.815
73.48	1487.189	73541.64	939.7012	24975.92	1307.117	-288.7544	24106.53	932.0284	1890.036	15751.26	21591.92	193.9502	-5.338078	2182.918	5.232984e+07	1.281575e+08	968.3274	895.7296	93.95018	96278.95	4282.562	-4.626335	1991.815	-5.338078	2182.918	-4.626335	1991.815
73.76	1087.189	61706.64	2439.701	20070.92	807.1174	111.2456	17500.53	832.0284	1190.036	11449.26	20691.92	93.95018	-5.338078	1682.918	3.973072e+07	1.058554e+08	1068.327	395.7295	-6.049822	64175.95	3082.562	-4.626335	2191.815	-5.338078	1682.918	-4.626335	2191.815
74.05	887.1886	55489.64	839.7012	18569.92	1607.117	-1289.754	14597.53	-167.9716	790.0356	10048.26	13686.92	93.95018	-5.338078	682.9182	3.118541e+07	8.880608e+07	768.3274	195.7295	-6.049822	54653.95	2082.562	-4.626335	1391.815	-5.338078	682.9182	-4.626335	1391.815
74.33	787.1886	61605.64	-260.2988	11864.92	1607.117	-1689.754	8594.526	32.02844	590.0356	7147.263	10184.92	-6.049822	-5.338078	482.9182	2.65653e+07	6.470921e+07	468.3274	195.7295	-6.049822	51045.95	2182.562	-4.626335	891.8149	-5.338078	482.9182	-4.626335	891.8149
74.62	287.1886	72136.64	539.7012	8663.922	1107.117	-1989.754	12196.53	-67.97156	690.0356	6647.263	8083.918	93.95018	-5.338078	682.9182	1.885959e+07	5.151482e+07	768.3274	295.7295	-6.049822	31913.95	1382.562	-4.626335	191.8149	-5.338078	682.9182	-4.626335	191.8149
74.9	87.18861	53184.64	-761.2988	8263.922	707.1174	411.2456	8294.526	732.0284	590.0356	4646.263	5883.918	-6.049822	94.66192	782.9182	1.567153e+07	4.438402e+07	668.3274	295.7295	-6.049822	23704.95	1382.562	-4.626335	591.8149	94.66192	782.9182	-4.626335	591.8149
75.19	387.1886	26835.64	-560.2988	6562.922	707.1174	-588.7544	5693.527	532.0284	190.0356	2846.263	5183.918	93.95018	-5.338078	582.9182	1.293917e+07	3.65952e+07	268.3274	95.72954	-6.049822	24505.95	582.5623	-4.626335	91.81495	-5.338078	582.9182	-4.626335	91.81495
75.47	187.1886	65316.64	2439.701	7462.922	507.1174	-1489.754	3593.527	-167.9716	-109.9644	4046.263	5183.918	93.95018	-5.338078	-17.08185	1.03362e+07	3.13788e+07	268.3274	95.72954	-6.049822	17199.95	1082.562	-4.626335	291.8149	-5.338078	-17.08185	-4.626335	291.8149
75.76	287.1886	8718.641	-460.2988	4762.922	807.1174	-889.7544	4093.527	-67.97156	290.0356	2446.263	4382.918	93.95018	-5.338078	82.91815	8625509	2.685458e+07	-31.6726	95.72954	-6.049822	13797.95	1082.562	-4.626335	91.81495	-5.338078	82.91815	-4.626335	91.81495
76.04	287.1886	14221.64	639.7012	4462.922	707.1174	-789.7544	4193.527	732.0284	-109.9644	946.2634	3382.918	-6.049822	-5.338078	-17.08185	7297114	2.091194e+07	168.3274	195.7295	-6.049822	8494.95	382.5623	-4.626335	91.81495	-5.338078	-17.08185	-4.626335	91.81495
76.33	187.1886	21929.64	-260.2988	4762.922	307.1174	-488.7544	1592.527	132.0284	490.0356	1246.263	1882.918	93.95018	-5.338078	182.9182	5997468	1.648636e+07	-31.6726	295.7295	-6.049822	4693.95	282.5623	-4.626335	491.8149	-5.338078	182.9182	-4.626335	491.8149
76.62	287.1886	5316.641	-761.2988	1761.922	7.117439	-2389.754	2492.527	632.0284	-209.9644	1046.263	1682.918	-6.049822	-5.338078	82.91815	4910088	1.446752e+07	-31.6726	-4.270463	-6.049822	9995.95	82.56228	-4.626335	91.81495	-5.338078	82.91815	-4.626335	91.81495
76.9	187.1886	3215.641	-660.2988	2161.922	7.117439	-989.7544	2192.527	32.02844	290.0356	746.2634	1982.918	-6.049822	-5.338078	182.9182	4091242	1.244982e+07	268.3274	-4.270463	-6.049822	10195.95	482.5623	-4.626335	91.81495	-5.338078	182.9182	-4.626335	91.81495
77.19	187.1886	8417.641	-660.2988	2261.922	207.1174	-1089.754	1192.527	-167.9716	-209.9644	1346.263	1382.918	-6.049822	-5.338078	-17.08185	3413722	9382845	68.3274	95.72954	-6.049822	3093.95	182.5623	-4.626335	-8.185054	-5.338078	-17.08185	-4.626335	-8.185054
77.47	-12.81139	15923.64	-460.2988	2261.922	207.1174	-1389.754	6794.527	132.0284	-709.9644	1146.263	1382.918	-6.049822	-5.338078	82.91815	2792776	8772607	-31.6726	-4.270463	-6.049822	4393.95	182.5623	-4.626335	191.8149	-5.338078	82.91815	-4.626335	191.8149
77.76	287.1886	4215.641	-761.2988	1361.922	307.1174	-1789.754	1892.527	32.02844	-9.964355	446.2633	482.9182	-6.049822	-5.338078	-17.08185	2425904	4999978	-31.6726	95.72954	-6.049822	1793.95	182.5623	-4.626335	-8.185054	-5.338078	-17.08185	-4.626335	-8.185054
78.05	87.18861	11119.64	-961.2988	661.9218	-92.88256	-889.7544	892.5267	-67.97156	-609.9644	1246.263	1082.918	-6.049822	-5.338078	82.91815	1692275	4829880	-31.6726	-4.270463	-6.049822	5094.95	-17.43772	-4.626335	-8.185054	-5.338078	82.91815	-4.626335	-8.185054
78.33	87.18861	3715.641	-761.2988	261.9218	407.1174	-188.7544	1092.527	132.0284	-409.9644	946.2634	882.9182	-6.049822	-5.338078	82.91815	1565317	4305459	-31.6726	-4.270463	-6.049822	4793.95	482.5623	-4.626335	91.81495	-5.338078	82.91815	-4.626335	91.81495
78.62	87.18861	4315.641	-560.2988	661.9218	207.1174	-288.7544	892.5267	-167.9716	190.0356	246.2633	882.9182	-6.049822	-5.338078	82.91815	1311413	4560573	-31.6726	-4.270463	-6.049822	1293.95	82.56228	-4.626335	-8.185054	-5.338078	82.91815	-4.626335	-8.185054
78.91	87.18861	6116.641	-861.2988	1461.922	207.1174	-789.7544	92.52673	132.0284	-309.9644	446.2633	582.9182	-6.049822	-5.338078	-17.08185	1522998	4036192	-31.6726	-4.270463	-6.049822	993.9502	82.56228	-4.626335	-8.185054	-5.338078	-17.08185	-4.626335	-8.185054
79.2	87.18861	4515.641	-660.2988	1261.922	7.117439	-1989.754	-407.4733	-467.9716	-209.9644	546.2634	282.9182	-6.049822	-5.338078	282.9182	1311413	3072668	-31.6726	-4.270463	-6.049822	3793.95	-17.43772	-4.626335	-8.185054	-5.338078	282.9182	-4.626335	-8.185054
79.49	187.1886	14021.64	939.7012	961.9218	7.117439	-989.7544	-107.4733	132.0284	-309.9644	146.2633	282.9182	-6.049822	-5.338078	-17.08185	1001111	1981934	-31.6726	-4.270463	-6.049822	193.9502	82.56228	-4.626335	91.81495	-5.338078	-17.08185	-4.626335	91.81495
79.78	187.1886	6516.641	-1361.299	161.9218	-92.88256	411.2456	192.5267	132.0284	190.0356	146.2633	82.91815	-6.049822	-5.338078	182.9182	704939.4	1670358	68.3274	-4.270463	-6.049822	1493.95	82.56228	-4.626335	191.8149	-5.338078	182.9182	-4.626335	191.8149
80.07	-12.81139	3615.641	-1161.299	661.9218	107.1174	-388.7544	-507.4733	-67.97156	590.0356	246.2633	-17.08185	-6.049822	-5.338078	-17.08185	507506.4	1387131	-31.6726	395.7295	-6.049822	293.9502	82.56228	-4.626335	191.8149	-5.338078	-17.08185	-4.626335	191.8149
80.36	-12.81139	2815.641	-761.2988	1261.922	7.117439	-1489.754	-107.4733	-367.9716	-9.964355	-53.73666	782.9182	-6.049822	-5.338078	-17.08185	535710.4	1089766	-31.6726	-4.270463	-6.049822	493.9502	-17.43772	-4.626335	-8.185054	-5.338078	-17.08185	-4.626335	-8.185054
80.65	-12.81139	4115.641	-60.29883	461.9218	107.1174	-889.7544	-407.4733	232.0284	-509.9644	46.26334	82.91815	-6.049822	-5.338078	-17.08185	366488.4	1627873	68.3274	-4.270463	-6.049822	293.9502	-17.43772	-4.626335	-8.185054	-5.338078	-17.08185	-4.626335	-8.185054
80.94	-12.81139	6516.641	-1661.299	461.9218	107.1174	-188.7544	-207.4733	32.02844	390.0356	346.2633	282.9182	-6.049822	-5.338078	-17.08185	465200.4	1118086	-31.6726	-4.270463	-6.049822	493.9502	-17.43772	-4.626335	91.81495	-5.338078	-17.08185	-4.626335	91.81495
81.23	-12.81139	7917.641	-1561.299	-38.07825	7.117439	411.2456	192.5267	-167.9716	-609.9644	246.2633	182.9182	-6.049822	-5.338078	-17.08185	310083.4	438483.8	-31.6726	-4.270463	-6.049822	93.95018	-17.43772	-4.626335	-8.185054	-5.338078	-17.08185	-4.626335	-8.185054
81.53	87.18861	6616.641	-460.2988	61.92175	-92.88256	-1089.754	692.5267	32.02844	190.0356	246.2633	182.9182	-6.049822	-5.338078	-17.08185	338285.4	608371.8	-31.6726	195.7295	-6.049822	-6.049822	82.56228	-4.626335	-8.185054	-5.338078	-17.08185	-4.626335	-8.185054
81.81	87.18861	-85.35938	-460.2988	-38.07825	107.1174	-2189.754	492.5267	332.0284	-209.9644	146.2633	182.9182	-6.049822	-5.338078	-17.08185	294090.4	749951.8	-31.6726	-4.270463	-6.049822	-6.049822	-17.43772	-4.626335	91.81495	-5.338078	-17.08185	-4.626335	91.81495
82.1	-12.81139	2615.641	-1361.299	161.9218	-92.88256	-1589.754	392.5267	-267.9716	-209.9644	146.2633	-17.08185	93.95018	-5.338078	-17.08185	303805.4	496430.8	68.3274	-4.270463	-6.049822	393.9502	-17.43772	-4.626335	-8.185054	-5.338078	-17.08185	-4.626335	-8.185054
82.39	-12.81139	614.6406	-260.2988	261.9218	-92.88256	-1289.754	492.5267	-67.97156	-409.9644	246.2633	82.91815	-6.049822	-5.338078	-17.08185	245268.4	339385.8	-31.6726	-4.270463	-6.049822	-6.049822	-17.43772	-4.626335	-8.185054	-5.338078	-17.08185	-4.626335	-8.185054
82.67	-12.81139	-185.3594	-761.2988	161.9218	7.117439	-1189.754	-307.4733	332.0284	390.0356	146.2633	282.9182	-6.049822	-5.338078	82.91815	162798.4	962331.8	-31.6726	-4.270463	-6.049822	-6.049822	-17.43772	-4.626335	-8.185054	-5.338078	82.91815	-4.626335	-8.185054
82.96	-12.81139	-1085.359	-1261.299	861.9218	-92.88256	-1389.754	-307.4733	-367.9716	90.03564	46.26334	82.91815	-6.049822	-5.338078	-17.08185	152534.4	66833.77	68.3274	-4.270463	-6.049822	1593.95	-17.43772	-4.626335	91.81495	-5.338078	-17.08185	-4.626335	91.81495
83.25	87.18861	5916.641	-360.2988	61.92175	-92.88256	-1489.754	-907.4733	-67.97156	-309.9644	-53.73666	82.91815	-6.049822	94.66192	-17.08185	242440.4	89203.77	-31.6726	-4.270463	93.95018	93.95018	82.56228	-4.626335	-8.185054	94.66192	-17.08185	-4.626335	-8.185054
83.54	-12.81139	2415.641	-1161.299	61.92175	207.1174	-1089.754	292.5267	-67.97156	190.0356	-53.73666	-17.08185	-6.049822	-5.338078	-17.08185	55631.39	141198.8	-31.6726	-4.270463	-6.049822	693.9502	82.56228	-4.626335	-8.185054	-5.338078	-17.08185	-4.626335	-8.185054
83.82	-12.81139	314.6406	-160.2988	-338.0782	7.117439	-989.7544	-807.4733	-167.9716	690.0356	146.2633	82.91815	93.95018	-5.338078	-17.08185	51121.39	141198.8	-31.6726	-4.270463	-6.049822	293.9502	-17.43772	-4.626335	-8.185054	-5.338078	-17.08185	-4.626335	-8.185054
84.11	-12.81139	914.6406	-1161.299	-238.0782	7.117439	-1789.754	492.5267	432.0284	-209.9644	146.2633	82.91815	-6.049822	-5.338078	82.91815	58638.39	190469.8	-31.6726	95.72954	-6.049822	93.95018	182.5623	-4.626335	-8.185054	-5.338078	82.91815	-4.626335	-8.185054
84.4	-12.81139	914.6406	139.7012	-638.0782	-92.88256	111.2456	-107.4733	32.02844	-309.9644	-53.73666	-17.08185	-6.049822	-5.338078	-17.08185	40903.39	509269.8	-31.6726	-4.270463	-6.049822	193.9502	-17.43772	-4.626335	-8.185054	-5.338078	-17.08185	-4.626335	-8.185054
84.69	-12.81139	1614.641	-560.2988	61.92175	7.117439	-1389.754	-807.4733	32.02844	-109.9644	46.26334	82.91815	-6.049822	-5.338078	-17.08185	77891.4	251707.8	68.3274	-4.270463	-6.049822	93.95018	-17.43772	-4.626335	-8.185054	-5.338078	-17.08185	-4.626335	-8.185054
84.98	-12.81139	2214.641	-560.2988	161.9218	7.117439	-588.7544	392.5267	-567.9716	190.0356	-53.73666	-17.08185	-6.049822	-5.338078	82.91815	42305.39	127043.8	-31.6726	-4.270463	-6.049822	-6.049822	-17.43772	-4.626335	-8.185054	-5.338078	82.91815	-4.626335	-8.185054
85.26	-12.81139	514.6406	-160.2988	261.9218	7.117439	-1689.754	-207.4733	-167.9716	-509.9644	-53.73666	82.91815	-6.049822	-5.338078	-17.08185	50019.39	75157.77	68.3274	-4.270463	-6.049822	93.95018	82.56228	-4.626335	-8.185054	-5.338078	-17.08185	-4.626335	-8.185054
85.55	-12.81139	7417.641	-360.2988	161.9218	-92.88256	-2189.754	-607.4733	32.02844	990.0356	-53.73666	-17.08185	-6.049822	94.66192	-17.08185	21879.39	339385.8	-31.6726	-4.270463	-6.049822	-6.049822	-17.43772	-4.626335	-8.185054	94.66192	-17.08185	-4.626335	-8.185054
85.83	187.1886	2715.641	-1261.299	461.9218	107.1174	-1389.754	-1007.473	432.0284	-109.9644	346.2633	82.91815	-6.049822	-5.338078	-17.08185	7070.395	172035.8	-31.6726	-4.270463	-6.049822	-6.049822	-17.43772	-4.626335	91.81495	-5.338078	-17.08185	-4.626335	91.81495
86.13	87.18861	814.6406	639.7012	-338.0782	7.117439	-388.7544	-507.4733	-67.97156	990.0356	46.26334	-17.08185	-6.049822	-5.338078	-17.08185	64452.39	339385.8	-31.6726	-4.270463	-6.049822	-6.049822	-17.43772	-4.626335	-8.185054	-5.338078	-17.08185	-4.626335	-8.185054
86.41	187.1886	1614.641	-961.2988	-38.07825	-92.88256	-1889.754	392.5267	-267.9716	-709.9644	46.26334	82.91815	-6.049822	-5.338078	-17.08185	60743.39	89103.77	-31.6726	-4.270463	-6.049822	93.95018	-17.43772	-4.626335	-8.185054	-5.338078	-17.08185	-4.626335	-8.185054
86.71	-12.81139	6016.641	39.70117	-138.0782	-92.88256	-689.7544	-807.4733	32.02844	-209.9644	46.26334	-17.08185	-6.049822	-5.338078	-17.08185	22079.39	-356.2278	-31.6726	-4.270463	-6.049822	93.95018	82.56228	-4.626335	-8.185054	-5.338078	-17.08185	-4.626335	-8.185054
87	-12.81139	914.6406	-861.2988	-38.07825	-92.88256	-1389.754	-1207.473	132.0284	90.03564	-53.73666	82.91815	-6.049822	-5.338078	-17.08185	4970.395	13798.77	68.3274	-4.270463	-6.049822	-6.049822	-17.43772	-4.626335	-8.185054	-5.338078	-17.08185	-4.626335	-8.185054
87.29	-12.81139	1714.641	-961.2988	-38.07825	-92.88256	-1089.754	-407.4733	132.0284	1090.036	146.2633	-17.08185	-6.049822	-5.338078	-17.08185	35595.39	141846.8	-31.6726	-4.270463	-6.049822	93.95018	82.56228	-4.626335	-8.185054	-5.338078	-17.08185	-4.626335	-8.185054
87.57	-12.81139	-185.3594	-60.29883	61.92175	207.1174	-1089.754	-107.4733	32.02844	-9.964355	-53.73666	-17.08185	-6.049822	-5.338078	-17.08185	28686.39	33566.77	-31.6726	-4.270463	-6.049822	-6.049822	-17.43772	-4.626335	-8.185054	-5.338078	-17.08185	-4.626335	-8.185054
87.86	-12.81139	2715.641	239.7012	61.92175	7.117439	-889.7544	-207.4733	-467.9716	590.0356	-53.73666	82.91815	-6.049822	-5.338078	82.91815	5670.395	120133.8	-31.6726	-4.270463	-6.049822	-6.049822	-17.43772	-4.626335	-8.185054	-5.338078	82.91815	-4.626335	-8.185054
88.14	-12.81139	-85.35938	-2261.299	-538.0782	-92.88256	-1489.754	-207.4733	-167.9716	190.0356	246.2633	-17.08185	-6.049822	-5.338078	-17.08185	14373.39	71847.77	-31.6726	-4.270463	-6.049822	-6.049822	-17.43772	-4.626335	-8.185054	-5.338078	-17.08185	-4.626335	-8.185054
88.43	-12.81139	1314.641	-861.2988	-238.0782	-92.88256	-488.7544	92.52673	-267.9716	-609.9644	-53.73666	-17.08185	-6.049822	-5.338078	-17.08185	269.395	-356.2278	-31.6726	-4.270463	-6.049822	93.95018	-17.43772	95.37366	-8.185054	-5.338078	-17.08185	95.37366	-8.185054
88.71	-12.81139	8918.641	-1061.299	61.92175	-92.88256	-1789.754	592.5267	32.02844	690.0356	-53.73666	-17.08185	-6.049822	-5.338078	-17.08185	21879.39	105065.8	-31.6726	-4.270463	-6.049822	-6.049822	-17.43772	-4.626335	91.81495	-5.338078	-17.08185	-4.626335	91.81495
89	87.18861	214.6406	-961.2988	-538.0782	-92.88256	-588.7544	192.5267	-267.9716	390.0356	46.26334	-17.08185	-6.049822	-5.338078	-17.08185	23280.39	82279.77	-31.6726	95.72954	-6.049822	-6.049822	-17.43772	-4.626335	-8.185054	-5.338078	-17.08185	-4.626335	-8.185054
