ElapsedTime_s	Ti49_CPS	Al27_CPS	S33_CPS	Sc45_CPS	V51_CPS	Mn55_CPS	Fe57_CPS	Co59_CPS	Ni60_CPS	Ga71_CPS	Zr90_CPS	Nb93_CPS	Mo97_CPS	In113_CPS	Sn119_CPS	Sn118_CPS	Sb121_CPS	Hf177_CPS	Ta181_CPS	W183_CPS	Pb206_CPS	Th232_CPS	U238_CPS	Tc97_CPS	Cd113_CPS	U232_CPS	Pu238_CPS
0	-12.81139	714.6406	-1161.299	61.92175	207.1174	-1689.754	-507.4733	-67.97156	1190.036	-53.73666	82.91815	-6.049822	-5.338078	-17.08185	44609.39	56006.77	-31.6726	-4.270463	-6.049822	93.95018	82.56228	-4.626335	-8.185054	-5.338078	-17.08185	-4.626335	-8.185054
																											
16.2	-12.81139	114.6406	-1061.299	-238.0782	-92.88256	-1289.754	-607.4733	-467.9716	-709.9644	-53.73666	-17.08185	-6.049822	-5.338078	-17.08185	-130.605	46387.77	-31.6726	-4.270463	-6.049822	-6.049822	-17.43772	-4.626335	-8.185054	-5.338078	-17.08185	-4.626335	-8.185054
16.49	-12.81139	214.6406	139.7012	-238.0782	107.1174	-1489.754	-1307.473	-267.9716	390.0356	46.26334	-17.08185	-6.049822	-5.338078	-17.08185	-130.605	26257.77	68.3274	-4.270463	-6.049822	-6.049822	-17.43772	-4.626335	-8.185054	-5.338078	-17.08185	-4.626335	-8.185054
16.78	-12.81139	314.6406	-360.2988	61.92175	7.117439	-1289.754	192.5267	-167.9716	590.0356	-53.73666	82.91815	-6.049822	-5.338078	-17.08185	-30.60498	-356.2278	-31.6726	-4.270463	-6.049822	-6.049822	-17.43772	-4.626335	-8.185054	-5.338078	-17.08185	-4.626335	-8.185054
17.06	-12.81139	1514.641	-360.2988	-38.07825	-92.88256	-2089.754	92.52673	-467.9716	-909.9644	46.26334	-17.08185	-6.049822	-5.338078	-17.08185	169.395	343.7722	-31.6726	-4.270463	-6.049822	-6.049822	82.56228	-4.626335	-8.185054	-5.338078	-17.08185	-4.626335	-8.185054
17.34	-12.81139	114.6406	-761.2988	-438.0782	-92.88256	-989.7544	-507.4733	132.0284	-309.9644	46.26334	82.91815	-6.049822	-5.338078	-17.08185	-130.605	-56.22775	-31.6726	-4.270463	93.95018	93.95018	-17.43772	-4.626335	-8.185054	-5.338078	-17.08185	-4.626335	-8.185054
17.63	-12.81139	-1085.359	239.7012	561.9218	7.117439	-989.7544	-507.4733	132.0284	-409.9644	46.26334	-17.08185	-6.049822	-5.338078	-17.08185	-130.605	43.77225	68.3274	-4.270463	-6.049822	-6.049822	-17.43772	-4.626335	-8.185054	-5.338078	-17.08185	-4.626335	-8.185054
17.92	-12.81139	214.6406	439.7012	-38.07825	-92.88256	-889.7544	-307.4733	32.02844	90.03564	46.26334	-17.08185	-6.049822	-5.338078	-17.08185	69.39502	143.7722	-31.6726	95.72954	-6.049822	-6.049822	182.5623	95.37366	-8.185054	-5.338078	-17.08185	95.37366	-8.185054
18.2	-12.81139	-485.3594	-1161.299	-38.07825	107.1174	-2189.754	-607.4733	232.0284	290.0356	-53.73666	-17.08185	-6.049822	194.6619	-17.08185	-30.60498	-56.22775	-31.6726	-4.270463	-6.049822	-6.049822	-17.43772	-4.626335	-8.185054	194.6619	-17.08185	-4.626335	-8.185054
18.49	-12.81139	-285.3594	-1061.299	1761.922	-92.88256	-1389.754	-607.4733	432.0284	290.0356	-53.73666	82.91815	-6.049822	-5.338078	-17.08185	69.39502	-256.2278	-31.6726	-4.270463	-6.049822	-6.049822	-17.43772	-4.626335	-8.185054	-5.338078	-17.08185	-4.626335	-8.185054
18.77	-12.81139	-85.35938	-961.2988	-138.0782	-92.88256	-588.7544	492.5267	-167.9716	-909.9644	46.26334	-17.08185	-6.049822	-5.338078	-17.08185	69.39502	-56.22775	-31.6726	-4.270463	-6.049822	-6.049822	-17.43772	-4.626335	-8.185054	-5.338078	-17.08185	-4.626335	-8.185054
19.06	-12.81139	-585.3594	439.7012	-338.0782	7.117439	-1989.754	-1207.473	-267.9716	-209.9644	-53.73666	-17.08185	-6.049822	-5.338078	-17.08185	69.39502	-256.2278	-31.6726	-4.270463	-6.049822	-6.049822	-17.43772	95.37366	-8.185054	-5.338078	-17.08185	95.37366	-8.185054
19.34	-12.81139	314.6406	-1061.299	-138.0782	-92.88256	-789.7544	592.5267	32.02844	290.0356	46.26334	-17.08185	93.95018	-5.338078	-17.08185	-130.605	22353.77	-31.6726	-4.270463	-6.049822	-6.049822	-17.43772	-4.626335	-8.185054	-5.338078	-17.08185	-4.626335	-8.185054
19.62	-12.81139	2214.641	-1461.299	-138.0782	7.117439	-1489.754	-1107.473	-367.9716	-309.9644	246.2633	-17.08185	-6.049822	-5.338078	-17.08185	-130.605	-256.2278	-31.6726	-4.270463	-6.049822	93.95018	-17.43772	-4.626335	-8.185054	-5.338078	-17.08185	-4.626335	-8.185054
19.91	-12.81139	1014.641	-1261.299	-338.0782	207.1174	-1189.754	-607.4733	-467.9716	90.03564	46.26334	-17.08185	-6.049822	-5.338078	-17.08185	69.39502	-156.2278	-31.6726	-4.270463	-6.049822	-6.049822	-17.43772	-4.626335	91.81495	-5.338078	-17.08185	-4.626335	91.81495
20.2	87.18861	614.6406	-360.2988	-138.0782	107.1174	-2489.754	-1107.473	-67.97156	-709.9644	-53.73666	-17.08185	-6.049822	-5.338078	-17.08185	-130.605	-56.22775	-31.6726	-4.270463	-6.049822	-6.049822	-17.43772	-4.626335	91.81495	-5.338078	-17.08185	-4.626335	91.81495
20.48	-12.81139	314.6406	-1061.299	-138.0782	7.117439	-1389.754	292.5267	-167.9716	190.0356	-53.73666	-17.08185	-6.049822	-5.338078	-17.08185	-30.60498	143.7722	168.3274	-4.270463	-6.049822	-6.049822	-17.43772	-4.626335	-8.185054	-5.338078	-17.08185	-4.626335	-8.185054
20.76	-12.81139	514.6406	-1461.299	-238.0782	7.117439	-1789.754	-507.4733	332.0284	890.0356	-53.73666	-17.08185	-6.049822	-5.338078	-17.08185	-130.605	143.7722	-31.6726	-4.270463	-6.049822	93.95018	-17.43772	-4.626335	-8.185054	-5.338078	-17.08185	-4.626335	-8.185054
21.05	-12.81139	1014.641	-1061.299	-138.0782	-92.88256	-1489.754	-7.473267	-67.97156	590.0356	-53.73666	-17.08185	-6.049822	-5.338078	-17.08185	-30.60498	-256.2278	-31.6726	-4.270463	-6.049822	-6.049822	-17.43772	-4.626335	-8.185054	-5.338078	-17.08185	-4.626335	-8.185054
21.33	-12.81139	-985.3594	239.7012	161.9218	-92.88256	-1389.754	-107.4733	-367.9716	-209.9644	-53.73666	-17.08185	-6.049822	-5.338078	-17.08185	-30.60498	-56.22775	-31.6726	95.72954	-6.049822	-6.049822	-17.43772	-4.626335	-8.185054	-5.338078	-17.08185	-4.626335	-8.185054
21.62	-12.81139	1514.641	-560.2988	61.92175	7.117439	-2189.754	692.5267	-67.97156	-309.9644	46.26334	-17.08185	-6.049822	94.66192	-17.08185	-30.60498	-156.2278	-31.6726	-4.270463	-6.049822	93.95018	-17.43772	195.3737	-8.185054	94.66192	-17.08185	195.3737	-8.185054
21.91	-12.81139	-85.35938	-1661.299	-138.0782	107.1174	-488.7544	892.5267	532.0284	-509.9644	-53.73666	-17.08185	-6.049822	94.66192	-17.08185	-130.605	-356.2278	68.3274	-4.270463	-6.049822	-6.049822	-17.43772	-4.626335	91.81495	94.66192	-17.08185	-4.626335	91.81495
22.19	-12.81139	614.6406	439.7012	-38.07825	207.1174	-2189.754	-107.4733	32.02844	-309.9644	146.2633	-17.08185	-6.049822	94.66192	-17.08185	169.395	-256.2278	-31.6726	-4.270463	-6.049822	-6.049822	-17.43772	-4.626335	-8.185054	94.66192	-17.08185	-4.626335	-8.185054
22.47	-12.81139	914.6406	-861.2988	61.92175	-92.88256	-2089.754	-407.4733	132.0284	-909.9644	46.26334	-17.08185	93.95018	-5.338078	-17.08185	-130.605	-56.22775	-31.6726	-4.270463	-6.049822	-6.049822	-17.43772	-4.626335	-8.185054	-5.338078	-17.08185	-4.626335	-8.185054
22.76	87.18861	-685.3594	239.7012	-38.07825	107.1174	-1689.754	-407.4733	332.0284	-509.9644	-53.73666	-17.08185	-6.049822	-5.338078	-17.08185	-30.60498	-156.2278	-31.6726	-4.270463	-6.049822	-6.049822	-17.43772	-4.626335	-8.185054	-5.338078	-17.08185	-4.626335	-8.185054
23.04	-12.81139	14.64062	39.70117	-138.0782	107.1174	-2389.754	192.5267	132.0284	190.0356	46.26334	-17.08185	-6.049822	-5.338078	-17.08185	-30.60498	43.77225	68.3274	-4.270463	-6.049822	-6.049822	82.56228	-4.626335	-8.185054	-5.338078	-17.08185	-4.626335	-8.185054
23.33	87.18861	2915.641	-360.2988	61.92175	-92.88256	-1089.754	392.5267	-167.9716	-509.9644	-53.73666	-17.08185	-6.049822	-5.338078	-17.08185	-130.605	-156.2278	-31.6726	-4.270463	-6.049822	-6.049822	-17.43772	-4.626335	-8.185054	-5.338078	-17.08185	-4.626335	-8.185054
23.62	-12.81139	814.6406	-1661.299	361.9218	7.117439	-989.7544	-207.4733	132.0284	190.0356	-53.73666	-17.08185	-6.049822	-5.338078	-17.08185	69.39502	-56.22775	-31.6726	-4.270463	-6.049822	-6.049822	-17.43772	-4.626335	-8.185054	-5.338078	-17.08185	-4.626335	-8.185054
23.9	-12.81139	914.6406	-660.2988	-238.0782	-92.88256	-1689.754	-207.4733	-367.9716	-509.9644	-53.73666	82.91815	-6.049822	-5.338078	-17.08185	-130.605	43.77225	68.3274	-4.270463	-6.049822	-6.049822	-17.43772	-4.626335	-8.185054	-5.338078	-17.08185	-4.626335	-8.185054
24.19	87.18861	-185.3594	-1161.299	-438.0782	7.117439	-989.7544	-107.4733	-67.97156	390.0356	46.26334	82.91815	-6.049822	-5.338078	82.91815	-130.605	43.77225	-31.6726	-4.270463	-6.049822	-6.049822	-17.43772	-4.626335	-8.185054	-5.338078	82.91815	-4.626335	-8.185054
24.47	-12.81139	1414.641	-360.2988	-338.0782	107.1174	-1089.754	292.5267	132.0284	590.0356	46.26334	-17.08185	-6.049822	-5.338078	-17.08185	-130.605	-56.22775	-31.6726	95.72954	-6.049822	-6.049822	-17.43772	-4.626335	-8.185054	-5.338078	-17.08185	-4.626335	-8.185054
24.76	87.18861	214.6406	-260.2988	-338.0782	7.117439	-188.7544	592.5267	132.0284	790.0356	-53.73666	-17.08185	-6.049822	-5.338078	-17.08185	-130.605	-56.22775	-31.6726	-4.270463	-6.049822	-6.049822	-17.43772	-4.626335	-8.185054	-5.338078	-17.08185	-4.626335	-8.185054
25.04	-12.81139	514.6406	839.7012	-38.07825	-92.88256	-488.7544	92.52673	-167.9716	90.03564	-53.73666	-17.08185	-6.049822	-5.338078	-17.08185	169.395	-356.2278	-31.6726	-4.270463	-6.049822	-6.049822	-17.43772	-4.626335	-8.185054	-5.338078	-17.08185	-4.626335	-8.185054
25.32	-12.81139	714.6406	-1661.299	361.9218	-92.88256	-288.7544	-7.473267	-167.9716	90.03564	-53.73666	-17.08185	-6.049822	-5.338078	-17.08185	-30.60498	143.7722	-31.6726	-4.270463	-6.049822	-6.049822	-17.43772	-4.626335	-8.185054	-5.338078	-17.08185	-4.626335	-8.185054
25.61	-12.81139	214.6406	-560.2988	-338.0782	-92.88256	-1589.754	-807.4733	-267.9716	-409.9644	-53.73666	-17.08185	-6.049822	-5.338078	-17.08185	169.395	-56.22775	-31.6726	-4.270463	-6.049822	-6.049822	-17.43772	-4.626335	-8.185054	-5.338078	-17.08185	-4.626335	-8.185054
25.9	-12.81139	1314.641	-1261.299	261.9218	-92.88256	-2689.754	392.5267	232.0284	190.0356	46.26334	-17.08185	-6.049822	-5.338078	-17.08185	69.39502	-56.22775	-31.6726	-4.270463	-6.049822	-6.049822	-17.43772	-4.626335	-8.185054	-5.338078	-17.08185	-4.626335	-8.185054
26.18	-12.81139	-985.3594	-1061.299	-38.07825	7.117439	-1489.754	-7.473267	32.02844	-609.9644	-53.73666	-17.08185	-6.049822	-5.338078	-17.08185	-30.60498	-256.2278	68.3274	-4.270463	-6.049822	-6.049822	-17.43772	-4.626335	-8.185054	-5.338078	-17.08185	-4.626335	-8.185054
26.47	-12.81139	-485.3594	-1161.299	-138.0782	-92.88256	-1189.754	192.5267	132.0284	90.03564	46.26334	82.91815	-6.049822	-5.338078	-17.08185	-130.605	43.77225	-31.6726	-4.270463	-6.049822	-6.049822	-17.43772	-4.626335	-8.185054	-5.338078	-17.08185	-4.626335	-8.185054
26.75	-12.81139	514.6406	-360.2988	-138.0782	-92.88256	-488.7544	592.5267	-167.9716	-9.964355	46.26334	-17.08185	-6.049822	-5.338078	-17.08185	-30.60498	-356.2278	-31.6726	-4.270463	-6.049822	-6.049822	-17.43772	-4.626335	-8.185054	-5.338078	-17.08185	-4.626335	-8.185054
27.03	87.18861	514.6406	-260.2988	61.92175	7.117439	-2089.754	-7.473267	-567.9716	-509.9644	146.2633	-17.08185	-6.049822	-5.338078	-17.08185	69.39502	243.7722	68.3274	-4.270463	-6.049822	-6.049822	-17.43772	-4.626335	-8.185054	-5.338078	-17.08185	-4.626335	-8.185054
27.32	-12.81139	1614.641	-1861.299	-38.07825	7.117439	-2489.754	-507.4733	632.0284	290.0356	-53.73666	-17.08185	-6.049822	-5.338078	-17.08185	-30.60498	-256.2278	68.3274	-4.270463	-6.049822	-6.049822	-17.43772	-4.626335	-8.185054	-5.338078	-17.08185	-4.626335	-8.185054
27.61	-12.81139	414.6406	-1061.299	-138.0782	-92.88256	-1189.754	-907.4733	-267.9716	390.0356	-53.73666	82.91815	-6.049822	-5.338078	-17.08185	269.395	-56.22775	-31.6726	-4.270463	-6.049822	-6.049822	-17.43772	-4.626335	-8.185054	-5.338078	-17.08185	-4.626335	-8.185054
27.89	-12.81139	1214.641	-2561.299	-38.07825	7.117439	-1789.754	-407.4733	32.02844	-509.9644	-53.73666	82.91815	-6.049822	-5.338078	-17.08185	-130.605	143.7722	-31.6726	-4.270463	-6.049822	-6.049822	-17.43772	-4.626335	-8.185054	-5.338078	-17.08185	-4.626335	-8.185054
28.18	-12.81139	2114.641	-660.2988	61.92175	7.117439	-1389.754	292.5267	-567.9716	-209.9644	46.26334	-17.08185	93.95018	-5.338078	-17.08185	-30.60498	-256.2278	-31.6726	-4.270463	-6.049822	-6.049822	-17.43772	-4.626335	-8.185054	-5.338078	-17.08185	-4.626335	-8.185054
28.46	-12.81139	414.6406	-360.2988	261.9218	-92.88256	611.2456	-307.4733	-167.9716	-409.9644	46.26334	-17.08185	-6.049822	-5.338078	-17.08185	-30.60498	-56.22775	-31.6726	-4.270463	-6.049822	-6.049822	-17.43772	-4.626335	-8.185054	-5.338078	-17.08185	-4.626335	-8.185054
28.74	-12.81139	-385.3594	-360.2988	-238.0782	7.117439	-1589.754	-507.4733	32.02844	-409.9644	-53.73666	-17.08185	-6.049822	94.66192	-17.08185	169.395	-56.22775	-31.6726	-4.270463	-6.049822	-6.049822	-17.43772	-4.626335	-8.185054	94.66192	-17.08185	-4.626335	-8.185054
29.03	-12.81139	-285.3594	-1161.299	461.9218	7.117439	-388.7544	92.52673	32.02844	90.03564	46.26334	-17.08185	-6.049822	-5.338078	-17.08185	69.39502	-56.22775	-31.6726	-4.270463	-6.049822	-6.049822	-17.43772	-4.626335	-8.185054	-5.338078	-17.08185	-4.626335	-8.185054
29.32	-12.81139	-285.3594	-961.2988	-38.07825	-92.88256	-2289.754	-407.4733	-367.9716	-309.9644	-53.73666	-17.08185	-6.049822	-5.338078	-17.08185	269.395	-56.22775	-31.6726	95.72954	-6.049822	-6.049822	-17.43772	-4.626335	-8.185054	-5.338078	-17.08185	-4.626335	-8.185054
29.6	-12.81139	1714.641	-360.2988	-338.0782	-92.88256	-1889.754	-7.473267	32.02844	-209.9644	346.2633	-17.08185	-6.049822	-5.338078	-17.08185	21078.39	143.7722	-31.6726	-4.270463	-6.049822	-6.049822	-17.43772	-4.626335	-8.185054	-5.338078	-17.08185	-4.626335	-8.185054
29.89	-12.81139	-485.3594	-761.2988	-638.0782	-92.88256	-1989.754	-507.4733	-67.97156	-309.9644	-53.73666	-17.08185	-6.049822	-5.338078	-17.08185	-130.605	-256.2278	-31.6726	-4.270463	-6.049822	-6.049822	-17.43772	-4.626335	-8.185054	-5.338078	-17.08185	-4.626335	-8.185054
30.17	-12.81139	1014.641	-1761.299	-338.0782	107.1174	-789.7544	-407.4733	132.0284	-9.964355	146.2633	-17.08185	-6.049822	-5.338078	-17.08185	-30.60498	-156.2278	68.3274	-4.270463	-6.049822	-6.049822	-17.43772	-4.626335	-8.185054	-5.338078	-17.08185	-4.626335	-8.185054
30.46	187.1886	-185.3594	439.7012	-38.07825	7.117439	-889.7544	-407.4733	132.0284	-609.9644	-53.73666	-17.08185	-6.049822	-5.338078	-17.08185	69.39502	-156.2278	-31.6726	-4.270463	-6.049822	-6.049822	-17.43772	-4.626335	-8.185054	-5.338078	-17.08185	-4.626335	-8.185054
30.74	87.18861	-1185.359	-1561.299	-38.07825	7.117439	-1689.754	-207.4733	32.02844	-309.9644	-53.73666	82.91815	93.95018	-5.338078	-17.08185	-30.60498	-56.22775	-31.6726	-4.270463	-6.049822	-6.049822	-17.43772	-4.626335	-8.185054	-5.338078	-17.08185	-4.626335	-8.185054
31.02	-12.81139	214.6406	-1361.299	-38.07825	7.117439	-889.7544	292.5267	32.02844	-109.9644	-53.73666	-17.08185	-6.049822	-5.338078	-17.08185	169.395	-156.2278	-31.6726	-4.270463	-6.049822	-6.049822	-17.43772	95.37366	-8.185054	-5.338078	-17.08185	95.37366	-8.185054
31.31	-12.81139	814.6406	-560.2988	-238.0782	7.117439	-388.7544	-207.4733	-67.97156	90.03564	146.2633	-17.08185	-6.049822	-5.338078	-17.08185	-130.605	-56.22775	-31.6726	-4.270463	-6.049822	-6.049822	-17.43772	-4.626335	-8.185054	-5.338078	-17.08185	-4.626335	-8.185054
31.6	-12.81139	-685.3594	-1061.299	-38.07825	7.117439	-689.7544	-707.4733	132.0284	-809.9644	-53.73666	-17.08185	-6.049822	-5.338078	-17.08185	-30.60498	10045.77	-31.6726	-4.270463	-6.049822	-6.049822	-17.43772	-4.626335	-8.185054	-5.338078	-17.08185	-4.626335	-8.185054
31.88	-12.81139	214.6406	-460.2988	661.9218	7.117439	-1289.754	-107.4733	-67.97156	690.0356	46.26334	-17.08185	-6.049822	-5.338078	-17.08185	-130.605	143.7722	-31.6726	-4.270463	-6.049822	-6.049822	-17.43772	-4.626335	-8.185054	-5.338078	-17.08185	-4.626335	-8.185054
32.17	-12.81139	-1185.359	-1261.299	-438.0782	7.117439	-889.7544	192.5267	-67.97156	390.0356	-53.73666	-17.08185	-6.049822	-5.338078	-17.08185	69.39502	143.7722	-31.6726	-4.270463	-6.049822	-6.049822	-17.43772	-4.626335	-8.185054	-5.338078	-17.08185	-4.626335	-8.185054
32.45	-12.81139	714.6406	1139.701	-338.0782	-92.88256	-388.7544	-7.473267	232.0284	290.0356	-53.73666	-17.08185	-6.049822	-5.338078	-17.08185	69.39502	43.77225	-31.6726	-4.270463	-6.049822	-6.049822	82.56228	-4.626335	91.81495	-5.338078	-17.08185	-4.626335	91.81495
32.74	-12.81139	1314.641	-1461.299	161.9218	-92.88256	-588.7544	-507.4733	32.02844	190.0356	46.26334	-17.08185	-6.049822	-5.338078	-17.08185	-130.605	-56.22775	-31.6726	-4.270463	93.95018	-6.049822	-17.43772	95.37366	-8.185054	-5.338078	-17.08185	95.37366	-8.185054
33.02	-12.81139	714.6406	-360.2988	-38.07825	107.1174	-1889.754	-807.4733	732.0284	-9.964355	-53.73666	-17.08185	-6.049822	-5.338078	-17.08185	69.39502	-256.2278	-31.6726	-4.270463	-6.049822	-6.049822	-17.43772	-4.626335	-8.185054	-5.338078	-17.08185	-4.626335	-8.185054
33.31	-12.81139	1114.641	-360.2988	-238.0782	-92.88256	-689.7544	192.5267	-67.97156	390.0356	-53.73666	-17.08185	-6.049822	-5.338078	-17.08185	69.39502	143.7722	-31.6726	-4.270463	-6.049822	-6.049822	-17.43772	-4.626335	-8.185054	-5.338078	-17.08185	-4.626335	-8.185054
33.59	-12.81139	2114.641	-1461.299	361.9218	-92.88256	-488.7544	-107.4733	32.02844	390.0356	46.26334	-17.08185	-6.049822	-5.338078	82.91815	269.395	43.77225	-31.6726	-4.270463	-6.049822	-6.049822	-17.43772	-4.626335	-8.185054	-5.338078	82.91815	-4.626335	-8.185054
33.87	-12.81139	714.6406	239.7012	261.9218	-92.88256	-889.7544	492.5267	-67.97156	290.0356	-53.73666	82.91815	-6.049822	-5.338078	-17.08185	-30.60498	43.77225	-31.6726	-4.270463	-6.049822	-6.049822	-17.43772	-4.626335	-8.185054	-5.338078	-17.08185	-4.626335	-8.185054
34.16	-12.81139	1114.641	-660.2988	-338.0782	7.117439	-1289.754	92.52673	332.0284	590.0356	-53.73666	-17.08185	-6.049822	-5.338078	-17.08185	-130.605	143.7722	-31.6726	95.72954	-6.049822	93.95018	-17.43772	-4.626335	-8.185054	-5.338078	-17.08185	-4.626335	-8.185054
34.44	-12.81139	1014.641	-560.2988	161.9218	-92.88256	-1489.754	-507.4733	-167.9716	-9.964355	46.26334	-17.08185	-6.049822	-5.338078	-17.08185	-30.60498	-256.2278	-31.6726	-4.270463	-6.049822	-6.049822	-17.43772	-4.626335	-8.185054	-5.338078	-17.08185	-4.626335	-8.185054
34.73	-12.81139	1114.641	-460.2988	361.9218	7.117439	-1289.754	-407.4733	132.0284	-109.9644	46.26334	82.91815	-6.049822	-5.338078	-17.08185	-130.605	-56.22775	68.3274	-4.270463	-6.049822	-6.049822	-17.43772	-4.626335	-8.185054	-5.338078	-17.08185	-4.626335	-8.185054
35.01	-12.81139	-85.35938	-861.2988	561.9218	-92.88256	-1289.754	-307.4733	-67.97156	190.0356	-53.73666	-17.08185	-6.049822	-5.338078	-17.08185	169.395	443.7722	-31.6726	-4.270463	-6.049822	-6.049822	-17.43772	-4.626335	-8.185054	-5.338078	-17.08185	-4.626335	-8.185054
35.3	87.18861	-685.3594	439.7012	-138.0782	-92.88256	-2189.754	-507.4733	332.0284	1190.036	246.2633	-17.08185	-6.049822	94.66192	-17.08185	69.39502	-56.22775	68.3274	-4.270463	-6.049822	93.95018	-17.43772	-4.626335	-8.185054	94.66192	-17.08185	-4.626335	-8.185054
35.58	-12.81139	-285.3594	-1361.299	-238.0782	7.117439	-1589.754	-507.4733	-167.9716	590.0356	-53.73666	-17.08185	-6.049822	-5.338078	-17.08185	-130.605	43.77225	-31.6726	-4.270463	-6.049822	-6.049822	-17.43772	-4.626335	-8.185054	-5.338078	-17.08185	-4.626335	-8.185054
35.87	87.18861	-185.3594	-961.2988	-38.07825	107.1174	-1789.754	292.5267	232.0284	-309.9644	46.26334	-17.08185	-6.049822	-5.338078	-17.08185	-130.605	-256.2278	-31.6726	-4.270463	-6.049822	-6.049822	-17.43772	-4.626335	-8.185054	-5.338078	-17.08185	-4.626335	-8.185054
36.15	87.18861	614.6406	-660.2988	-338.0782	307.1174	-789.7544	92.52673	-167.9716	490.0356	-53.73666	-17.08185	-6.049822	-5.338078	-17.08185	-130.605	43.77225	68.3274	-4.270463	-6.049822	-6.049822	-17.43772	-4.626335	-8.185054	-5.338078	-17.08185	-4.626335	-8.185054
36.44	-12.81139	2815.641	39.70117	-138.0782	-92.88256	-889.7544	392.5267	-267.9716	490.0356	146.2633	82.91815	-6.049822	-5.338078	-17.08185	-130.605	143.7722	-31.6726	-4.270463	-6.049822	-6.049822	-17.43772	-4.626335	-8.185054	-5.338078	-17.08185	-4.626335	-8.185054
36.72	87.18861	-785.3594	-60.29883	-238.0782	-92.88256	211.2456	-407.4733	-367.9716	-609.9644	46.26334	-17.08185	-6.049822	-5.338078	-17.08185	-130.605	143.7722	-31.6726	-4.270463	-6.049822	-6.049822	-17.43772	-4.626335	-8.185054	-5.338078	-17.08185	-4.626335	-8.185054
37.01	-12.81139	1414.641	-660.2988	261.9218	7.117439	-889.7544	-107.4733	-367.9716	-409.9644	-53.73666	-17.08185	-6.049822	-5.338078	-17.08185	-130.605	43.77225	-31.6726	-4.270463	-6.049822	-6.049822	82.56228	-4.626335	-8.185054	-5.338078	-17.08185	-4.626335	-8.185054
37.29	87.18861	414.6406	-160.2988	461.9218	-92.88256	-889.7544	-307.4733	-67.97156	-109.9644	-53.73666	-17.08185	-6.049822	-5.338078	-17.08185	26383.39	46286.77	-31.6726	-4.270463	93.95018	193.9502	82.56228	-4.626335	-8.185054	-5.338078	-17.08185	-4.626335	-8.185054
37.58	87.18861	1066450	139.7012	-38.07825	207.1174	12116.25	134664.5	32.02844	-709.9644	746.2634	982.9182	-6.049822	-5.338078	-17.08185	302894.4	547276.8	-31.6726	-4.270463	493.9502	293.9502	1382.562	-4.626335	291.8149	-5.338078	-17.08185	-4.626335	291.8149
37.86	-12.81139	4053396	1139.701	861.9218	207.1174	28734.25	381002.5	132.0284	390.0356	2246.263	2382.918	-6.049822	-5.338078	-17.08185	174376.4	452640.8	-31.6726	295.7295	393.9502	93.95018	1382.562	195.3737	291.8149	-5.338078	-17.08185	195.3737	291.8149
38.15	187.1886		1139.701	-138.0782	107.1174	43158.25	397660.5	-67.97156	390.0356	3746.263	5083.918	1493.95	94.66192	82.91815	155452.4	434696.8	-31.6726	395.7295	493.9502	593.9502	782.5623	195.3737	491.8149	94.66192	82.91815	195.3737	491.8149
38.43	87.18861		39.70117	-138.0782	407.1174	58392.25	471533.5	-67.97156	-309.9644	4546.263	4682.918	393.9502	-5.338078	-17.08185	144888.4	480728.8	-31.6726	-4.270463	93.95018	293.9502	682.5623	95.37366	291.8149	-5.338078	-17.08185	95.37366	291.8149
38.72	487.1886		339.7012	661.9218	307.1174	56988.25	607633.5	232.0284	790.0356	5247.263	6083.918	293.9502	-5.338078	-17.08185	146297.4	353834.8	-31.6726	295.7295	293.9502	193.9502	1382.562	-4.626335	191.8149	-5.338078	-17.08185	-4.626335	191.8149
39	87.18861		439.7012	1361.922	407.1174	68821.24	563105.5	932.0284	-209.9644	6447.263	5383.918	893.9502	-5.338078	-17.08185	145090.4	392912.8	68.3274	495.7295	293.9502	793.9502	1482.562	-4.626335	591.8149	-5.338078	-17.08185	-4.626335	591.8149
39.29	87.18861		2339.701	461.9218	907.1174	76746.24	660041.5	-67.97156	-609.9644	4746.263	5283.918	993.9502	-5.338078	-17.08185	148107.4	389763.8	-31.6726	295.7295	593.9502	393.9502	1282.562	-4.626335	491.8149	-5.338078	-17.08185	-4.626335	491.8149
39.57	487.1886		1939.701	-38.07825	607.1174	83770.24	658809.5	-67.97156	290.0356	4646.263	5983.918	1193.95	94.66192	82.91815	125082.4	477670.8	68.3274	95.72954	593.9502	73200.95	1282.562	-4.626335	691.8149	94.66192	82.91815	-4.626335	691.8149
39.86	387.1886		239.7012	1761.922	307.1174	77649.24	670823.5	132.0284	990.0356	5547.263	6583.918	993.9502	-5.338078	-17.08185	120258.4	350691.8	-31.6726	195.7295	293.9502	393.9502	1282.562	95.37366	691.8149	-5.338078	-17.08185	95.37366	691.8149
40.15	587.1886		2639.701	861.9218	507.1174	85978.24	661690.5	-367.9716	790.0356	5647.263	5383.918	1493.95	94.66192	-17.08185	126790.4	378695.8	168.3274	195.7295	493.9502	493.9502	1282.562	-4.626335	791.8149	94.66192	-17.08185	-4.626335	791.8149
40.44	-12.81139		1939.701	1461.922	1007.117	84874.24	719348.5	132.0284	490.0356	3646.263	6783.918	593.9502	-5.338078	-17.08185	134531.4	353542.8	-31.6726	95.72954	293.9502	293.9502	1882.562	-4.626335	291.8149	-5.338078	-17.08185	-4.626335	291.8149
40.73	87.18861		2139.701	2461.922	707.1174	99230.24	726656.5	-167.9716	-409.9644	4046.263	5383.918	793.9502	94.66192	-17.08185	177196.4	459534.8	-31.6726	-4.270463	293.9502	393.9502	1482.562	195.3737	791.8149	94.66192	-17.08185	195.3737	791.8149
41.01	887.1886		539.7012	761.9218	607.1174	100636.2	760853.5	-167.9716	-509.9644	4446.263	7483.918	793.9502	-5.338078	-17.08185	236080.4	681414.8	-31.6726	195.7295	193.9502	393.9502	1382.562	195.3737	191.8149	-5.338078	-17.08185	195.3737	191.8149
41.3	387.1886		1339.701	1361.922	807.1174	90194.24	780961.5	-67.97156	290.0356	4246.263	4682.918	793.9502	-5.338078	-17.08185	350105.4	902766.8	68.3274	195.7295	193.9502	293.9502	1082.562	-4.626335	791.8149	-5.338078	-17.08185	-4.626335	791.8149
41.59	287.1886		739.7012	1261.922	507.1174	82264.24	743131.5	-267.9716	90.03564	5247.263	5983.918	893.9502	-5.338078	-17.08185	520433.4	2831828	68.3274	195.7295	493.9502	193.9502	1782.562	-4.626335	191.8149	-5.338078	-17.08185	-4.626335	191.8149
41.89	287.1886		1139.701	561.9218	307.1174	91900.24	726450.5	32.02844	790.0356	2646.263	6783.918	2493.95	-5.338078	-17.08185	905998.4	2435185	68.3274	395.7295	193.9502	93.95018	2182.562	395.3737	591.8149	-5.338078	-17.08185	395.3737	591.8149
42.17	987.1886		2940.701	261.9218	907.1174	94912.24	770441.5	432.0284	90.03564	4246.263	5583.918	1193.95	-5.338078	82.91815	5870354	1.694147e+07	-31.6726	195.7295	93.95018	2193.95	5183.562	95.37366	691.8149	-5.338078	82.91815	95.37366	691.8149
42.46	2087.189		1939.701	3761.922	4707.118	100033.2	680274.5	632.0284	1990.036	6447.263	13686.92	693.9502	-5.338078	382.9182	2.339867e+07	6.879106e+07	68.3274	795.7296	393.9502	3493.95	5683.562	-4.626335	591.8149	-5.338078	382.9182	-4.626335	591.8149
42.74	2687.189		2839.701	5462.922	7508.118	75341.24	609375.5	532.0284	1490.036	5647.263	20290.92	1293.95	-5.338078	482.9182	3.965942e+07	1.120435e+08	268.3274	1295.729	393.9502	3893.95	8283.562	-4.626335	1091.815	-5.338078	482.9182	-4.626335	1091.815
43.03	4487.188		2839.701	10164.92	10209.12	62002.25	496817.5	1832.028	1990.036	9548.264	26096.92	893.9502	-5.338078	482.9182	6.801967e+07	1.561964e+08	568.3274	1395.729	493.9502	3293.95	8083.562	-4.626335	591.8149	-5.338078	482.9182	-4.626335	591.8149
43.31	3987.189		2539.701	16767.92	12010.12	44360.25	380190.5	1632.028	1690.036	11449.26	27797.92	493.9502	94.66192	1182.918	8.217682e+07	2.343131e+08	768.3274	1495.729	293.9502	4193.95	9884.562	95.37366	991.8149	94.66192	1182.918	95.37366	991.8149
43.6	3387.189	4725156	3140.701	29780.92	12210.12	37147.25	327346.5	2132.028	1590.036	12849.26	30400.92	493.9502	-5.338078	1182.918	9.965172e+07	2.583515e+08	1468.327	1595.729	293.9502	4193.95	10884.56	-4.626335	1791.815	-5.338078	1182.918	-4.626335	1791.815
43.89	3687.189	3675896	2339.701	51917.92	9109.117	31938.25	261573.5	1532.028	3390.036	17552.26	35908.92	593.9502	-5.338078	1782.918	1.066047e+08	2.843943e+08	2568.327	1095.729	93.95018	8895.95	12185.56	-4.626335	1291.815	-5.338078	1782.918	-4.626335	1291.815
44.17	2287.189	3081751	1939.701	71466.92	5108.118	28934.25	217047.5	1232.028	3190.036	19954.26	39113.92	293.9502	-5.338078	2582.918	1.188304e+08	3.384877e+08	2068.327	1295.729	593.9502	10095.95	11084.56	95.37366	2891.815	-5.338078	2582.918	95.37366	2891.815
44.46	1587.189	2358737	4240.701	105086.9	7508.118	22025.25	225320.5	3232.028	4291.036	22456.26	42117.92	93.95018	-5.338078	1882.918	1.148961e+08	3.32477e+08	2668.327	895.7296	93.95018	12496.95	12785.56	-4.626335	3391.815	-5.338078	1882.918	-4.626335	3391.815
44.74	1887.189	1867291	3540.701	114929.9	3607.117	16620.25	167061.5	3032.028	4391.036	29864.26	45624.92	393.9502	-5.338078	3782.918	1.22842e+08	3.184524e+08	3368.327	1195.729	293.9502	16999.95	11084.56	-4.626335	4491.815	-5.338078	3782.918	-4.626335	4491.815
45.03	987.1886	2142024	4340.701	139455.9	3007.117	11916.25	151260.5	2532.028	3090.036	27361.26	43921.92	-6.049822	-5.338078	4282.918	1.272672e+08	2.76381e+08	4668.328	895.7296	93.95018	21903.95	11785.56	-4.626335	5292.815	-5.338078	4282.918	-4.626335	5292.815
45.32	587.1886	1394599	4640.701	156657.9	907.1174	9315.246	137781.5	2432.028	3591.036	34169.26	49631.92	-6.049822	-5.338078	2782.918	1.235134e+08	3.264664e+08	4168.328	1295.729	193.9502	20802.95	10284.56	-4.626335	5892.815	-5.338078	2782.918	-4.626335	5892.815
45.6	787.1886	1059773	2639.701	162192.9	1407.117	8414.246	128632.5	1832.028	3390.036	38376.26	57448.92	193.9502	-5.338078	4982.918	1.260983e+08	3.965944e+08	4368.328	1795.729	93.95018	29110.95	11885.56	95.37366	5892.815	-5.338078	4982.918	95.37366	5892.815
45.89	787.1886	923179.6	2940.701	182633.9	1907.117	8014.246	110745.5	4332.028	4091.036	43183.26	66370.92	93.95018	-5.338078	3082.918	1.417052e+08	3.32477e+08	5169.328	2395.729	-6.049822	29510.95	12585.56	-4.626335	6292.815	-5.338078	3082.918	-4.626335	6292.815
46.17	887.1886	721559.6	4440.701	202486.9	1407.117	6013.246	115869.5	2632.028	3591.036	46790.26	68375.92	93.95018	-5.338078	4082.918	1.384641e+08	4.026059e+08	5969.328	2095.729	193.9502	28910.95	14186.56	-4.626335	5792.815	-5.338078	4082.918	-4.626335	5792.815
46.46	887.1886	986651.6	2839.701	211965.9	1007.117	6313.246	128632.5	2232.028	3491.036	46690.26	72888.92	93.95018	-5.338078	4282.918	1.409423e+08	4.066135e+08	4468.328	3295.729	-6.049822	32915.95	12085.56	-4.626335	7192.815	-5.338078	4282.918	-4.626335	7192.815
46.74	1787.189	614017.6	4140.701	223263.9	1607.117	2211.246	78621.52	3032.028	2790.036	40279.26	77301.92	93.95018	-5.338078	3382.918	1.341715e+08	3.565201e+08	4368.328	2695.729	193.9502	27408.95	11185.56	-4.626335	6992.815	-5.338078	3382.918	-4.626335	6992.815
47.03	2087.189	370736.6	3040.701	204200.9	1607.117	3412.246	82334.52	2032.028	3591.036	45888.26	82217.92	-6.049822	-5.338078	3882.918	1.38039e+08	4.086173e+08	3168.327	4195.729	93.95018	26907.95	11785.56	-4.626335	6592.815	-5.338078	3882.918	-4.626335	6592.815
47.32	2887.189	333103.6	2940.701	195228.9	4907.118	2611.246	66786.52	2232.028	2590.036	39177.26	77502.92	93.95018	-5.338078	2082.918	1.327076e+08	3.965944e+08	3468.327	3495.729	93.95018	20401.95	12485.56	-4.626335	4391.815	-5.338078	2082.918	-4.626335	4391.815
47.6	5388.188	335637.6	2739.701	148306.9	10309.12	811.2456	73706.52	2232.028	3190.036	30965.26	76900.92	-6.049822	-5.338078	2182.918	1.358996e+08	3.885793e+08	2968.327	4295.729	-6.049822	14597.95	11985.56	-4.626335	2791.815	-5.338078	2182.918	-4.626335	2791.815
47.89	4187.188	244970.6	3240.701	120757.9	15112.12	1711.246	53954.53	2432.028	3090.036	25459.26	58851.92	93.95018	-5.338078	982.9182	1.319173e+08	3.525128e+08	2268.327	3095.729	193.9502	12596.95	12885.56	-4.626335	1991.815	-5.338078	982.9182	-4.626335	1991.815
48.18	10589.19	184640.6	3040.701	104082.9	22918.12	-288.7544	40628.53	3032.028	2790.036	21455.26	60856.92	193.9502	-5.338078	1482.918	1.3609e+08	3.82568e+08	1768.327	1995.729	93.95018	10895.95	9984.562	-4.626335	1891.815	-5.338078	1482.918	-4.626335	1891.815
48.46	12890.19	196735.6	3140.701	81096.92	29124.12	-588.7544	28010.53	2732.028	3891.036	16552.26	54642.92	193.9502	-5.338078	1882.918	1.3672e+08	3.485056e+08	1568.327	2995.729	-6.049822	9195.95	11785.56	95.37366	2091.815	-5.338078	1882.918	95.37366	2091.815
48.75	19595.19	161777.6	3040.701	75679.92	46350.12	-689.7544	31014.53	3032.028	2690.036	15851.26	56345.92	93.95018	-5.338078	982.9182	1.461831e+08	3.965944e+08	668.3274	2195.729	-6.049822	5794.95	11385.56	-4.626335	1791.815	-5.338078	982.9182	-4.626335	1791.815
49.03	23198.19	78055.64	2639.701	68457.92	52061.12	811.2456	22504.53	2732.028	4491.036	15451.26	50433.92	193.9502	-5.338078	882.9182	1.390065e+08	3.885793e+08	1368.327	2795.729	-6.049822	7794.95	10084.56	-4.626335	1491.815	-5.338078	882.9182	-4.626335	1491.815
49.32	21196.19	103856.6	3740.701	70062.92	48254.12	611.2456	24406.53	1232.028	3190.036	18653.26	56947.92	-6.049822	-5.338078	682.9182	1.318442e+08	3.444984e+08	768.3274	1895.729	93.95018	6594.95	12485.56	-4.626335	1991.815	-5.338078	682.9182	-4.626335	1991.815
49.61	21096.19	96524.64	3540.701	75578.92	37535.12	11.24561	21703.53	1932.028	3290.036	22556.26	48128.92	93.95018	-5.338078	1682.918	1.314784e+08	4.186367e+08	1068.327	1795.729	-6.049822	9095.95	10584.56	-4.626335	2291.815	-5.338078	1682.918	-4.626335	2291.815
49.89	17193.19	64714.64	2639.701	86113.92	36133.12	411.2456	34018.53	2932.028	4191.036	26060.26	55443.92	-6.049822	94.66192	1882.918	1.371743e+08	4.046097e+08	1568.327	1795.729	93.95018	13397.95	10784.56	-4.626335	2091.815	94.66192	1882.918	-4.626335	2091.815
50.18	13491.19	171141.6	3840.701	80092.92	22817.12	-1589.754	29412.53	2332.028	3491.036	28963.26	55243.92	-6.049822	94.66192	2082.918	1.388892e+08	3.82568e+08	1368.327	2095.729	-6.049822	16398.95	9984.562	-4.626335	2591.815	94.66192	2082.918	-4.626335	2591.815
50.46	9989.188	45066.64	4840.701	78989.92	17513.12	-1189.754	38725.53	2932.028	3891.036	33769.26	54541.92	-6.049822	-5.338078	3082.918	1.433783e+08	3.865756e+08	2668.327	2195.729	193.9502	15598.95	11685.56	-4.626335	2791.815	-5.338078	3082.918	-4.626335	2791.815
50.75	8288.188	132900.6	3940.701	76280.92	14511.12	611.2456	42331.53	3632.028	3891.036	38576.26	61858.92	93.95018	-5.338078	5983.918	1.404876e+08	3.745531e+08	1668.327	1395.729	293.9502	26107.95	12385.56	-4.626335	4791.815	-5.338078	5983.918	-4.626335	4791.815
51.03	8689.188	64112.64	3740.701	69761.92	9809.117	-188.7544	56560.53	3032.028	3491.036	41581.26	56847.92	-6.049822	-5.338078	3982.918	1.325466e+08	3.68542e+08	2668.327	1495.729	193.9502	30411.95	12385.56	-4.626335	4191.815	-5.338078	3982.918	-4.626335	4191.815
51.32	6088.188	51580.64	2039.701	64046.92	9209.117	-388.7544	47441.53	3132.028	4091.036	48393.26	59553.92	193.9502	-5.338078	3182.918	1.316832e+08	3.485056e+08	3368.327	2195.729	93.95018	47438.95	13486.56	-4.626335	4091.815	-5.338078	3182.918	-4.626335	4091.815
51.61	4887.188	59399.64	4840.701	63745.92	9709.117	-889.7544	47140.53	2832.028	4391.036	47992.26	58651.92	93.95018	-5.338078	4882.918	1.402676e+08	3.46502e+08	2668.327	2195.729	193.9502	64576.95	12485.56	-4.626335	6492.815	-5.338078	4882.918	-4.626335	6492.815
51.89	7688.188	53485.64	3240.701	68959.92	4007.117	411.2456	55057.53	2232.028	4091.036	47692.26	63663.92	93.95018	-5.338078	5583.918	1.330881e+08	3.765569e+08	2868.327	1695.729	93.95018	70091.95	10584.56	-4.626335	5792.815	-5.338078	5583.918	-4.626335	5792.815
52.18	8288.188	54688.64	4340.701	72369.92	3907.117	3712.246	50948.53	1732.028	2390.036	48293.26	57949.92	193.9502	-5.338078	4682.918	1.328539e+08	3.2847e+08	3368.327	2195.729	93.95018	72297.95	9784.562	-4.626335	7292.815	-5.338078	4682.918	-4.626335	7292.815
52.46	13291.19	38052.64	3640.701	78588.92	4407.118	-1089.754	46439.53	2032.028	3591.036	51599.26	58951.92	93.95018	-5.338078	3582.918	1.32971e+08	3.865756e+08	3568.327	2295.729	93.95018	84335.95	10984.56	-4.626335	5592.815	-5.338078	3582.918	-4.626335	5592.815
52.75	20696.19	64012.64	2139.701	88120.92	4707.118	-989.7544	51449.53	2032.028	2790.036	50297.26	63061.92	993.9502	-5.338078	5883.918	1.270334e+08	3.384877e+08	2368.327	2695.729	93.95018	81325.95	10284.56	-4.626335	5892.815	-5.338078	5883.918	-4.626335	5892.815
53.04	31507.19	39355.64	3040.701	92435.92	6308.118	-1889.754	44134.53	2732.028	3190.036	52802.26	63563.92	793.9502	-5.338078	5183.918	1.349329e+08	3.765569e+08	3568.327	2095.729	193.9502	78115.95	10984.56	-4.626335	6092.815	-5.338078	5183.918	-4.626335	6092.815
53.32	33610.19	72136.64	1639.701	89023.92	9209.117	-1389.754	43233.53	3132.028	3891.036	43684.26	67072.92	793.9502	-5.338078	3382.918	1.391385e+08	3.925868e+08	3068.327	2895.729	-6.049822	62070.95	11185.56	-4.626335	4191.815	-5.338078	3382.918	-4.626335	4191.815
53.61	32208.19	31842.64	4140.701	77986.92	9409.117	-789.7544	45437.53	2332.028	2590.036	39077.26	61157.92	1293.95	-5.338078	4482.918	1.336151e+08	4.166328e+08	2468.327	1595.729	293.9502	50344.95	11685.56	-4.626335	4691.815	-5.338078	4482.918	-4.626335	4691.815
53.89	31106.19	34546.64	3940.701	68658.92	8408.117	211.2456	44535.53	3232.028	3390.036	34270.26	57248.92	893.9502	-5.338078	5383.918	1.391531e+08	3.985982e+08	3268.327	1895.729	93.95018	38022.95	11685.56	-4.626335	3591.815	-5.338078	5383.918	-4.626335	3591.815
54.18	30606.19	28938.64	3740.701	65048.92	9409.117	-588.7544	39426.53	4132.028	2690.036	38175.26	53940.92	793.9502	-5.338078	4782.918	1.307469e+08	3.845718e+08	3268.327	2195.729	93.95018	34717.95	11985.56	-4.626335	3491.815	-5.338078	4782.918	-4.626335	3491.815
54.47	29404.19	22129.64	3840.701	56227.92	9309.117	11.24561	37423.53	3232.028	4691.036	33368.26	56145.92	693.9502	-5.338078	4482.918	1.283049e+08	3.885793e+08	1668.327	1495.729	93.95018	24605.95	9684.562	-4.626335	4191.815	-5.338078	4482.918	-4.626335	4191.815
54.75	32208.19	32343.64	3040.701	54723.92	9309.117	311.2456	39226.53	2932.028	3591.036	31466.26	57248.92	693.9502	-5.338078	5183.918	1.303227e+08	3.705457e+08	2368.327	1595.729	-6.049822	24405.95	11084.56	95.37366	3791.815	-5.338078	5183.918	95.37366	3791.815
55.04	29204.19	19827.64	4140.701	49312.92	8108.118	-1789.754	33717.53	2332.028	2790.036	26961.26	49832.92	293.9502	-5.338078	4782.918	1.322685e+08	3.224594e+08	2368.327	1995.729	-6.049822	26107.95	12085.56	95.37366	2991.815	-5.338078	4782.918	95.37366	2991.815
55.32	31106.19	30540.64	2239.701	55425.92	9609.117	-2689.754	35620.53	2632.028	4091.036	28562.26	49531.92	593.9502	-5.338078	5683.918	1.34274e+08	3.82568e+08	2568.327	2195.729	93.95018	29510.95	11785.56	-4.626335	2891.815	-5.338078	5683.918	-4.626335	2891.815
55.61	34210.19	20928.64	4140.701	45104.92	7508.118	-88.75439	36922.53	1932.028	3491.036	29564.26	51635.92	993.9502	-5.338078	2982.918	1.344789e+08	3.82568e+08	2468.327	1295.729	93.95018	47538.95	13786.56	-4.626335	2991.815	-5.338078	2982.918	-4.626335	2991.815
55.9	34911.19	31742.64	3540.701	46306.92	9909.117	-1889.754	30914.53	3032.028	2690.036	23457.26	51335.92	493.9502	-5.338078	3182.918	1.334102e+08	3.925868e+08	2568.327	995.7296	-6.049822	63473.95	10984.56	-4.626335	2391.815	-5.338078	3182.918	-4.626335	2391.815
56.18	32608.19	25033.64	2339.701	45504.92	9809.117	-188.7544	30213.53	3332.028	4391.036	28462.26	46225.92	793.9502	-5.338078	4782.918	1.375407e+08	3.204559e+08	2168.327	1895.729	93.95018	92062.95	12285.56	95.37366	4191.815	-5.338078	4782.918	95.37366	4191.815
56.47	37615.19	20527.64	2940.701	41297.92	8208.117	-1289.754	36421.53	2132.028	3390.036	27661.26	52136.92	1093.95	94.66192	3082.918	1.4445e+08	4.186367e+08	3268.327	1595.729	-6.049822	123900	13986.56	-4.626335	3391.815	94.66192	3082.918	-4.626335	3391.815
56.76	35012.19	22730.64	3140.701	44102.92	8609.117	-88.75439	33317.53	2832.028	3290.036	30264.26	52437.92	993.9502	-5.338078	2782.918	1.353869e+08	3.62531e+08	3268.327	1595.729	193.9502	145818	12285.56	-4.626335	2491.815	-5.338078	2782.918	-4.626335	2491.815
57.04	35713.19	20928.64	5541.701	47107.92	10309.12	-2189.754	30813.53	2532.028	1690.036	36172.26	57348.92	1193.95	94.66192	3282.918	1.769723e+08	4.186367e+08	2968.327	1995.729	-6.049822	192130	11685.56	-4.626335	4791.815	94.66192	3282.918	-4.626335	4791.815
57.33	35312.19	26334.64	1939.701	58331.92	9109.117	-789.7544	30613.53	2732.028	3090.036	33769.26	55443.92	593.9502	-5.338078	3282.918	1.268726e+08	3.304735e+08	2968.327	1995.729	93.95018	192130	11285.56	-4.626335	3291.815	-5.338078	3282.918	-4.626335	3291.815
57.61	35713.19	38253.64	1439.701	49111.92	7608.118	-488.7544	34018.53	2332.028	2690.036	39577.26	52738.92	1593.95	-5.338078	3382.918	1.391091e+08	3.46502e+08	2268.327	2295.729	93.95018	203317	11285.56	-4.626335	4291.815	-5.338078	3382.918	-4.626335	4291.815
57.9	32007.19	24332.64	3140.701	66452.92	7008.118	-1389.754	36421.53	1832.028	2490.036	41480.26	53038.92	1193.95	-5.338078	3082.918	1.431637e+08	3.925868e+08	2168.327	2295.729	-6.049822	195052	12585.56	-4.626335	3691.815	-5.338078	3082.918	-4.626335	3691.815
58.18	35612.19	25133.64	3540.701	64747.92	12510.12	311.2456	42932.53	2532.028	4391.036	44786.26	65067.92	793.9502	-5.338078	4482.918	1.406343e+08	3.925868e+08	3468.327	2595.729	193.9502	183666	10184.56	-4.626335	5292.815	-5.338078	4482.918	-4.626335	5292.815
58.47	33109.19	34046.64	2739.701	75378.92	8809.117	-288.7544	40628.53	2732.028	3390.036	51900.26	58150.92	1393.95	-5.338078	4082.918	1.338494e+08	3.725494e+08	2668.327	2295.729	-6.049822	177925	11585.56	-4.626335	5292.815	-5.338078	4082.918	-4.626335	5292.815
58.76	28703.19	25533.64	1839.701	76581.92	6208.118	-88.75439	35820.53	3132.028	2390.036	47692.26	59152.92	593.9502	-5.338078	4282.918	1.303959e+08	3.545164e+08	3068.327	2595.729	-6.049822	162118	10384.56	-4.626335	4491.815	-5.338078	4282.918	-4.626335	4491.815
59.04	26301.19	32143.64	3840.701	75679.92	5308.118	11.24561	42431.53	2432.028	3891.036	54004.26	68175.92	493.9502	-5.338078	4782.918	1.420134e+08	3.565201e+08	3968.327	3395.729	93.95018	152860	13786.56	-4.626335	6692.815	-5.338078	4782.918	-4.626335	6692.815
59.33	25000.19	32143.64	3340.701	75478.92	4907.118	111.2456	49445.53	2732.028	3891.036	55909.26	68075.92	893.9502	-5.338078	4682.918	1.421895e+08	3.364841e+08	2568.327	2595.729	193.9502	140287	9084.562	-4.626335	5092.815	-5.338078	4682.918	-4.626335	5092.815
59.61	20896.19	32243.64	3140.701	74375.92	4107.118	-1289.754	45838.53	2532.028	4591.036	54505.26	64766.92	993.9502	-5.338078	4982.918	1.388159e+08	3.32477e+08	3568.327	2395.729	-6.049822	129931	11084.56	-4.626335	4891.815	-5.338078	4982.918	-4.626335	4891.815
59.9	17093.19	33946.64	2739.701	81999.92	3907.117	-1789.754	51349.53	2832.028	3591.036	57913.26	64766.92	593.9502	-5.338078	4482.918	1.332199e+08	3.82568e+08	3468.327	2695.729	93.95018	113451	11385.56	-4.626335	4891.815	-5.338078	4482.918	-4.626335	4891.815
60.19	14091.19	36349.64	4840.701	72970.92	3107.117	-388.7544	51449.53	2332.028	2990.036	55508.26	62460.92	593.9502	-5.338078	5583.918	1.28568e+08	3.565201e+08	3868.327	2095.729	-6.049822	105717	9184.562	-4.626335	4791.815	-5.338078	5583.918	-4.626335	4791.815
60.47	11390.19	35448.64	2239.701	68457.92	2207.117	911.2456	53553.53	1632.028	1690.036	56009.26	60856.92	493.9502	94.66192	5183.918	1.311126e+08	3.2847e+08	2568.327	2595.729	-6.049822	99290.95	11385.56	-4.626335	5392.815	94.66192	5183.918	-4.626335	5392.815
60.76	10889.19	31942.64	3740.701	61740.92	3407.117	-1289.754	53052.53	3732.028	2490.036	52601.26	57047.92	493.9502	94.66192	4382.918	1.408103e+08	4.066135e+08	3768.327	2195.729	193.9502	96378.95	10984.56	-4.626335	5692.815	94.66192	4382.918	-4.626335	5692.815
61.05	8989.188	34246.64	2139.701	61840.92	1507.117	-2289.754	57462.53	1932.028	4791.036	56911.26	66470.92	293.9502	-5.338078	4582.918	1.41001e+08	4.266523e+08	3268.327	1895.729	93.95018	86643.95	11785.56	-4.626335	6892.815	-5.338078	4582.918	-4.626335	6892.815
61.33	8088.188	37351.64	2139.701	60537.92	1407.117	-1089.754	57563.53	1932.028	5391.036	63126.26	68476.92	393.9502	-5.338078	4982.918	1.402676e+08	3.885793e+08	2168.327	1195.729	93.95018	96680.95	11985.56	95.37366	5792.815	-5.338078	4982.918	95.37366	5792.815
61.62	7388.188	47471.64	5641.701	57028.92	1507.117	-889.7544	49044.53	2632.028	3691.036	54205.26	59453.92	93.95018	94.66192	3382.918	1.30118e+08	3.965944e+08	3268.327	3095.729	193.9502	87546.95	11084.56	-4.626335	6292.815	94.66192	3382.918	-4.626335	6292.815
61.9	5988.188	31642.64	3440.701	49011.92	1507.117	-1189.754	47942.53	3232.028	2890.036	46690.26	60756.92	-6.049822	-5.338078	4082.918	1.384787e+08	3.705457e+08	3568.327	1695.729	-6.049822	112949	11385.56	95.37366	6892.815	-5.338078	4082.918	95.37366	6892.815
62.19	5688.188	38453.64	4740.701	47308.92	1307.117	-188.7544	47741.53	2432.028	4291.036	47191.26	58350.92	-6.049822	94.66192	4182.918	1.309225e+08	3.82568e+08	2668.327	1895.729	93.95018	114556	11585.56	-4.626335	6392.815	94.66192	4182.918	-4.626335	6392.815
62.48	6388.188	32443.64	3440.701	47208.92	1507.117	911.2456	54055.53	3632.028	3691.036	57111.26	61558.92	393.9502	-5.338078	3582.918	1.326637e+08	3.925868e+08	2568.327	2395.729	-6.049822	144611	12285.56	-4.626335	6492.815	-5.338078	3582.918	-4.626335	6492.815
62.76	4487.188	31842.64	739.7012	47909.92	907.1174	-989.7544	51048.53	1932.028	5091.036	47291.26	54541.92	193.9502	-5.338078	3982.918	1.451549e+08	3.68542e+08	5169.328	1895.729	-6.049822	161413	14186.56	-4.626335	5092.815	-5.338078	3982.918	-4.626335	5092.815
63.05	3387.189	37652.64	5741.701	49011.92	1107.117	311.2456	55057.53	2632.028	3090.036	51198.26	65668.92	393.9502	-5.338078	4582.918	1.433343e+08	3.945906e+08	3368.327	2095.729	193.9502	175407	10884.56	-4.626335	6092.815	-5.338078	4582.918	-4.626335	6092.815
63.34	3387.189	35147.64	3940.701	43200.92	707.1174	-488.7544	52050.53	3132.028	3591.036	49395.26	57448.92	493.9502	-5.338078	3882.918	1.437747e+08	3.68542e+08	3168.327	1895.729	-6.049822	165037	10784.56	-4.626335	4391.815	-5.338078	3882.918	-4.626335	4391.815
63.62	3187.189	27836.64	3240.701	38192.92	607.1174	-689.7544	44235.53	2132.028	3791.036	42081.26	47327.92	193.9502	-5.338078	2782.918	1.245793e+08	2.944112e+08	2468.327	1395.729	293.9502	147427	10084.56	-4.626335	4591.815	-5.338078	2782.918	-4.626335	4591.815
63.91	2487.189	23731.64	1939.701	43400.92	207.1174	-989.7544	44034.53	3132.028	2490.036	42081.26	57749.92	193.9502	-5.338078	3782.918	1.29533e+08	3.785605e+08	3868.327	1695.729	-6.049822	158193	10984.56	-4.626335	4691.815	-5.338078	3782.918	-4.626335	4691.815
64.19	2387.189	28437.64	2239.701	50815.92	1907.117	-1189.754	43233.53	2332.028	3190.036	46690.26	55143.92	193.9502	-5.338078	4082.918	1.330881e+08	3.745531e+08	2968.327	1795.729	93.95018	156784	11285.56	-4.626335	5592.815	-5.338078	4082.918	-4.626335	5592.815
64.48	4287.188	28537.64	2439.701	49111.92	3207.117	-1389.754	47841.53	2532.028	2690.036	42783.26	57448.92	393.9502	-5.338078	3682.918	1.489755e+08	4.326641e+08	4268.328	1595.729	93.95018	150445	11985.56	-4.626335	4291.815	-5.338078	3682.918	-4.626335	4291.815
64.76	2887.189	26435.64	3240.701	48610.92	1307.117	-1489.754	40328.53	1832.028	2490.036	40980.26	56546.92	393.9502	-5.338078	3982.918	1.365003e+08	4.00602e+08	3468.327	1495.729	-6.049822	153061	9184.562	-4.626335	5592.815	-5.338078	3982.918	-4.626335	5592.815
65.05	2787.189	34346.64	3040.701	53520.92	2407.117	-188.7544	41029.53	3232.028	1790.036	40279.26	48028.92	93.95018	-5.338078	2282.918	1.361633e+08	3.865756e+08	2868.327	1295.729	-6.049822	171178	10784.56	-4.626335	4391.815	-5.338078	2282.918	-4.626335	4391.815
65.33	3087.189	33845.64	4340.701	50113.92	2007.117	2511.246	41730.53	1932.028	4191.036	40379.26	53740.92	793.9502	-5.338078	1682.918	1.378191e+08	3.2847e+08	3168.327	1695.729	-6.049822	333807.9	14886.56	-4.626335	4891.815	-5.338078	1682.918	-4.626335	4891.815
65.62	5388.188	90802.64	3440.701	62141.92	1907.117	1911.246	54355.53	3132.028	3090.036	35271.26	65267.92	893.9502	-5.338078	2282.918	1.272546e+08	4.186367e+08	3568.327	2295.729	393.9502	509533.9	12285.56	-4.626335	4191.815	-5.338078	2282.918	-4.626335	4191.815
65.91	5288.188	170033.6	4840.701	65951.92	2507.117	3912.246	60871.53	2832.028	3791.036	33068.26	63462.92	1693.95	94.66192	2182.918	1.399596e+08	3.68542e+08	2368.327	1695.729	393.9502	516473.9	11385.56	95.37366	2991.815	94.66192	2182.918	95.37366	2991.815
66.19	3587.189	223868.6	2339.701	66452.92	2207.117	5713.246	64781.53	2532.028	4491.036	27761.26	60756.92	1893.95	194.6619	3182.918	1.38684e+08	3.745531e+08	3168.327	2995.729	93.95018	502289.9	11485.56	-4.626335	4791.815	194.6619	3182.918	-4.626335	4791.815
66.48	3887.189	188873.6	2639.701	89324.92	1307.117	3312.246	70497.52	3432.028	3090.036	30364.26	59553.92	1293.95	-5.338078	2782.918	1.365442e+08	3.665384e+08	3668.327	2195.729	93.95018	385543.9	11285.56	-4.626335	5392.815	-5.338078	2782.918	-4.626335	5392.815
66.76	2887.189	175774.6	1639.701	109605.9	1707.117	3312.246	78421.52	3132.028	2890.036	35471.26	72587.92	2093.95	-5.338078	3982.918	1.460362e+08	3.605274e+08	3268.327	3495.729	93.95018	294214.9	12685.56	-4.626335	4691.815	-5.338078	3982.918	-4.626335	4691.815
67.05	2287.189	123650.6	4540.701	120656.9	1207.117	2611.246	61673.53	2432.028	3090.036	34870.26	70381.92	1193.95	-5.338078	3282.918	1.294453e+08	3.965944e+08	4268.328	3495.729	93.95018	221370	11585.56	95.37366	3691.815	-5.338078	3282.918	95.37366	3691.815
67.34	3087.189	115208.6	2940.701	124475.9	1707.117	1711.246	57262.53	3032.028	2790.036	31966.26	70782.92	893.9502	-5.338078	3082.918	1.262152e+08	3.585237e+08	3768.327	2795.729	193.9502	167755	9884.562	-4.626335	4191.815	-5.338078	3082.918	-4.626335	4191.815
67.62	4087.189	89296.64	3540.701	118144.9	3107.117	-88.75439	48042.53	3632.028	4291.036	31666.26	73590.92	793.9502	-5.338078	2482.918	1.310687e+08	3.865756e+08	2668.327	2195.729	-6.049822	139482	14086.56	-4.626335	4291.815	-5.338078	2482.918	-4.626335	4291.815
67.91	5688.188	80363.64	2139.701	120556.9	5308.118	1311.246	44034.53	1932.028	3791.036	35471.26	74493.92	1093.95	-5.338078	3482.918	1.337615e+08	3.545164e+08	2768.327	2295.729	-6.049822	113150	13786.56	-4.626335	3991.815	-5.338078	3482.918	-4.626335	3991.815
68.2	4787.188	71635.64	2839.701	127491.9	3507.117	-789.7544	39326.53	2032.028	3891.036	34370.26	75396.92	493.9502	-5.338078	3982.918	1.344643e+08	3.444984e+08	1968.327	1595.729	193.9502	105215	12085.56	-4.626335	3791.815	-5.338078	3982.918	-4.626335	3791.815
68.48	3587.189	51279.64	3240.701	125782.9	3107.117	511.2456	34318.53	1932.028	3591.036	25559.26	88739.92	193.9502	-5.338078	5483.918	1.412798e+08	3.785605e+08	2768.327	3895.729	-6.049822	102705	13586.56	95.37366	3091.815	-5.338078	5483.918	95.37366	3091.815
68.77	5988.188	44064.64	4140.701	155349.9	2007.117	-288.7544	29712.53	2232.028	4791.036	24158.26	88639.92	493.9502	-5.338078	7083.918	1.364856e+08	3.645347e+08	1768.327	3495.729	293.9502	99290.95	12785.56	-4.626335	2891.815	-5.338078	7083.918	-4.626335	2891.815
69.05	5188.188	35849.64	3840.701	157261.9	1307.117	-288.7544	25107.53	2832.028	5591.036	22356.26	79007.92	593.9502	-5.338078	6583.918	1.334541e+08	3.765569e+08	2068.327	3495.729	-6.049822	106420	15487.56	95.37366	3391.815	-5.338078	6583.918	95.37366	3391.815
69.34	5288.188	68425.64	2739.701	153236.9	1507.117	-1189.754	21203.53	1932.028	3691.036	19554.26	79609.92	793.9502	-5.338078	4982.918	1.256746e+08	3.565201e+08	1468.327	4395.729	93.95018	83332.95	18389.56	-4.626335	1591.815	-5.338078	4982.918	-4.626335	1591.815
69.63	7288.188	59399.64	4440.701	183238.9	2407.117	-288.7544	22104.53	3732.028	3090.036	20454.26	89542.92	693.9502	-5.338078	5483.918	1.413531e+08	3.765569e+08	1968.327	4795.729	193.9502	94471.95	20590.56	-4.626335	2091.815	-5.338078	5483.918	-4.626335	2091.815
69.91	7388.188	33946.64	1839.701	180619.9	607.1174	1211.246	24806.53	3232.028	3991.036	22156.26	85829.92	1093.95	-5.338078	5083.918	1.382002e+08	3.605274e+08	2068.327	3795.729	193.9502	96378.95	18889.56	-4.626335	3291.815	-5.338078	5083.918	-4.626335	3291.815
70.2	8288.188	38153.64	-460.2988	176993.9	1807.117	1111.246	23905.53	1732.028	6091.036	28963.26	84926.92	393.9502	-5.338078	6783.918	1.330003e+08	3.2847e+08	2568.327	4295.729	-6.049822	107826	17588.56	-4.626335	3391.815	-5.338078	6783.918	-4.626335	3391.815
70.48	6388.188	47070.64	2839.701	155952.9	1107.117	-1389.754	31114.53	2932.028	4091.036	35471.26	77903.92	693.9502	-5.338078	6583.918	1.337176e+08	3.444984e+08	2768.327	3595.729	93.95018	117871	14286.56	-4.626335	4691.815	-5.338078	6583.918	-4.626335	4691.815
70.77	6188.188	41559.64	4340.701	123269.9	1607.117	411.2456	34318.53	1832.028	3390.036	36072.26	73590.92	1693.95	-5.338078	4382.918	1.276618e+08	3.444984e+08	2368.327	2395.729	-6.049822	138175	16187.56	-4.626335	4691.815	-5.338078	4382.918	-4.626335	4691.815
71.05	6788.188	38453.64	2839.701	98459.92	3007.117	-989.7544	38725.53	3532.028	4591.036	37674.26	70381.92	1993.95	94.66192	5283.918	1.254994e+08	3.384877e+08	3468.327	2395.729	93.95018	170876	11785.56	95.37366	5392.815	94.66192	5283.918	95.37366	5392.815
71.34	7888.188	41659.64	2839.701	80393.92	5808.118	2411.246	35420.53	3032.028	1690.036	35672.26	75596.92	2993.95	-5.338078	4582.918	1.38596e+08	4.206406e+08	3268.327	2395.729	993.9502	227525	13286.56	195.3737	4991.815	-5.338078	4582.918	195.3737	4991.815
71.63	7888.188	46870.64	2539.701	73271.92	9809.117	311.2456	37323.53	1432.028	2190.036	35371.26	61157.92	3693.95	-5.338078	3482.918	1.286119e+08	3.344805e+08	3968.327	2395.729	1093.95	229038	10684.56	95.37366	3191.815	-5.338078	3482.918	95.37366	3191.815
71.91	7588.188	41359.64	1639.701	63344.92	8108.118	2311.246	40127.53	1432.028	2790.036	33168.26	61057.92	3393.95	-5.338078	2982.918	1.345668e+08	2.964146e+08	3468.327	2495.729	2093.95	226011	13786.56	-4.626335	5192.815	-5.338078	2982.918	-4.626335	5192.815
72.2	5788.188	44565.64	2539.701	56227.92	7408.118	-789.7544	40428.53	1732.028	3390.036	34169.26	56245.92	1593.95	-5.338078	3682.918	1.336151e+08	3.264664e+08	3268.327	1595.729	493.9502	219857	11785.56	-4.626335	5292.815	-5.338078	3682.918	-4.626335	5292.815
72.48	5288.188	36349.64	4140.701	51616.92	5008.118	-88.75439	38625.53	2232.028	2890.036	39277.26	55844.92	1393.95	-5.338078	3482.918	1.273256e+08	3.244629e+08	2868.327	1595.729	193.9502	231259	10084.56	-4.626335	6092.815	-5.338078	3482.918	-4.626335	6092.815
72.77	4187.188	123851.6	2339.701	53220.92	3707.117	511.2456	53553.53	2532.028	2490.036	42382.26	56746.92	1693.95	94.66192	4082.918	1.274279e+08	3.364841e+08	4168.328	2395.729	393.9502	247917	13586.56	-4.626335	5792.815	94.66192	4082.918	-4.626335	5792.815
73.06	4387.188	37051.64	2539.701	49211.92	2107.117	311.2456	47240.53	1432.028	2990.036	42983.26	48429.92	1893.95	-5.338078	4782.918	1.352698e+08	3.545164e+08	3768.327	2795.729	593.9502	285615.9	11185.56	-4.626335	5292.815	-5.338078	4782.918	-4.626335	5292.815
73.34	4987.188	40757.64	3140.701	48009.92	3007.117	611.2456	47140.53	1532.028	3691.036	42783.26	56446.92	793.9502	-5.338078	3682.918	1.256162e+08	3.244629e+08	3168.327	2195.729	393.9502	295226.9	11985.56	-4.626335	6692.815	-5.338078	3682.918	-4.626335	6692.815
73.63	5188.188	42360.64	3340.701	59033.92	2407.117	111.2456	44535.53	2532.028	4191.036	47090.26	61858.92	593.9502	-5.338078	3482.918	1.425857e+08	3.82568e+08	3368.327	3195.729	293.9502	385543.9	12585.56	-4.626335	4591.815	-5.338078	3482.918	-4.626335	4591.815
73.91	8689.188	40657.64	2839.701	62843.92	2507.117	11.24561	46238.53	2632.028	4091.036	50597.26	58751.92	1193.95	94.66192	3182.918	1.376286e+08	3.485056e+08	3568.327	1495.729	93.95018	396716.9	11685.56	-4.626335	5492.815	94.66192	3182.918	-4.626335	5492.815
74.2	13090.19	35348.64	3240.701	59234.92	2507.117	-88.75439	42231.53	2932.028	3791.036	53403.26	60756.92	1193.95	-5.338078	3982.918	1.407516e+08	3.525128e+08	3968.327	3095.729	93.95018	429755.9	10484.56	-4.626335	7192.815	-5.338078	3982.918	-4.626335	7192.815
74.49	17093.19	37451.64	2639.701	63544.92	2707.117	511.2456	43133.53	3232.028	3491.036	47191.26	59052.92	1793.95	-5.338078	3682.918	1.332345e+08	3.424948e+08	3468.327	2795.729	93.95018	406776.9	9184.562	-4.626335	4991.815	-5.338078	3682.918	-4.626335	4991.815
74.77	22197.19	44865.64	2539.701	67655.92	6108.118	-1189.754	36722.53	3432.028	3591.036	41380.26	56345.92	1093.95	-5.338078	2882.918	1.34684e+08	3.585237e+08	3168.327	2895.729	193.9502	358242.9	11285.56	-4.626335	6592.815	-5.338078	2882.918	-4.626335	6592.815
75.06	26201.19	34947.64	1239.701	64146.92	4307.118	-188.7544	37824.53	2432.028	4391.036	38776.26	58551.92	1893.95	-5.338078	2582.918	1.277933e+08	3.505092e+08	3868.327	2295.729	193.9502	311826.9	9084.562	-4.626335	3391.815	-5.338078	2582.918	-4.626335	3391.815
75.34	26201.19	39054.64	2439.701	56427.92	4907.118	-488.7544	37122.53	1532.028	4391.036	35672.26	49030.92	1293.95	-5.338078	2882.918	1.348597e+08	3.404912e+08	2268.327	1995.729	-6.049822	293000.9	9884.562	-4.626335	3291.815	-5.338078	2882.918	-4.626335	3291.815
75.63	23999.19	28037.64	1839.701	45905.92	6008.118	-488.7544	33117.53	2532.028	3290.036	29063.26	49030.92	1593.95	94.66192	2982.918	1.363684e+08	3.384877e+08	2668.327	2595.729	-6.049822	249937	13386.56	-4.626335	4591.815	94.66192	2982.918	-4.626335	4591.815
75.92	25200.19	34847.64	3840.701	43801.92	9009.117	511.2456	35320.53	2732.028	3891.036	30364.26	49331.92	1093.95	-5.338078	3882.918	1.365735e+08	3.044282e+08	4868.328	1395.729	193.9502	230249	17188.56	-4.626335	4691.815	-5.338078	3882.918	-4.626335	4691.815
76.2	22998.19	36049.64	2339.701	39594.92	9809.117	1511.246	35820.53	2232.028	6991.036	24258.26	56847.92	1493.95	-5.338078	2782.918	1.318149e+08	3.665384e+08	4468.328	1295.729	-6.049822	229038	19189.56	195.3737	3691.815	-5.338078	2782.918	195.3737	3691.815
76.49	22497.19	90701.64	1739.701	39694.92	11410.12	811.2456	35720.53	2732.028	6291.036	28763.26	52537.92	593.9502	-5.338078	3982.918	1.28261e+08	3.82568e+08	3668.327	1995.729	493.9502	222580	17288.56	-4.626335	2491.815	-5.338078	3982.918	-4.626335	2491.815
76.77	19495.19	30340.64	3440.701	41898.92	16513.12	-1689.754	35220.53	2632.028	3591.036	25859.26	54742.92	793.9502	94.66192	4682.918	1.299717e+08	3.46502e+08	3868.327	795.7296	-6.049822	187797	14686.56	-4.626335	3391.815	94.66192	4682.918	-4.626335	3391.815
77.06	23999.19	26935.64	3840.701	44202.92	27923.12	-488.7544	40027.53	2732.028	5191.036	26260.26	51134.92	493.9502	-5.338078	4382.918	1.352551e+08	3.505092e+08	3168.327	2695.729	-6.049822	168560	14086.56	195.3737	2391.815	-5.338078	4382.918	195.3737	2391.815
77.35	30305.19	22129.64	2639.701	40696.92	49456.12	-1689.754	39226.53	2832.028	4191.036	24858.26	57548.92	893.9502	-5.338078	3682.918	1.38083e+08	3.665384e+08	4068.327	2895.729	93.95018	148836	14186.56	-4.626335	5492.815	-5.338078	3682.918	-4.626335	5492.815
77.63	33610.19	22129.64	2039.701	45805.92	72211.12	-1089.754	33818.53	1532.028	2890.036	24758.26	58450.92	493.9502	-5.338078	2282.918	1.333955e+08	3.505092e+08	2468.327	2295.729	93.95018	132042	11485.56	95.37366	4191.815	-5.338078	2282.918	95.37366	4191.815
77.92	43926.19	22430.64	2239.701	47007.92	116780.1	-1389.754	35320.53	3932.028	3090.036	22856.26	57849.92	993.9502	-5.338078	3082.918	1.34435e+08	3.505092e+08	3668.327	2095.729	93.95018	120584	12085.56	-4.626335	3191.815	-5.338078	3082.918	-4.626335	3191.815
78.21	51540.19	21228.64	2039.701	53220.92	121703.1	-188.7544	29712.53	2232.028	3791.036	23157.26	59152.92	1193.95	-5.338078	1982.918	1.387866e+08	3.525128e+08	2368.327	2095.729	93.95018	110337	10584.56	-4.626335	4691.815	-5.338078	1982.918	-4.626335	4691.815
78.49	56852.19	23130.64	2940.701	48610.92	161226.1	-1389.754	31915.53	2732.028	5491.036	23657.26	65768.92	1293.95	-5.338078	1982.918	1.348743e+08	3.204559e+08	3268.327	2995.729	193.9502	105516	12585.56	95.37366	4991.815	-5.338078	1982.918	95.37366	4991.815
78.78	65372.19	24332.64	1539.701	46807.92	177032.1	-88.75439	25507.53	1932.028	3491.036	16151.26	70782.92	1393.95	94.66192	1882.918	1.276033e+08	3.62531e+08	2068.327	2795.729	-6.049822	100194	12385.56	-4.626335	3191.815	94.66192	1882.918	-4.626335	3191.815
79.07	69483.19	22830.64	3740.701	46406.92	228548.1	-188.7544	22304.53	2832.028	3891.036	17652.26	66571.92	2893.95	-5.338078	582.9182	1.30352e+08	3.885793e+08	2468.327	2595.729	93.95018	102705	8583.562	-4.626335	3191.815	-5.338078	582.9182	-4.626335	3191.815
79.35	86737.19	30941.64	3840.701	42699.92	345175.1	-1289.754	22804.53	2032.028	3591.036	13350.26	64365.92	3593.95	94.66192	982.9182	1.2965e+08	3.46502e+08	2768.327	2495.729	393.9502	95575.95	11385.56	-4.626335	2591.815	94.66192	982.9182	-4.626335	2591.815
79.64	97677.19	13321.64	1439.701	39594.92	427330.1	-989.7544	18500.53	2032.028	5191.036	14450.26	76599.92	5894.95	-5.338078	1082.918	1.225063e+08	3.2847e+08	2168.327	3195.729	-6.049822	89453.95	8884.562	-4.626335	3491.815	-5.338078	1082.918	-4.626335	3491.815
79.92	83526.19	14822.64	3540.701	31482.92	379162.1	-989.7544	13597.53	2732.028	3791.036	11849.26	51836.92	3193.95	-5.338078	882.9182	8.762132e+07	2.263006e+08	668.3274	1395.729	193.9502	67885.95	7883.562	-4.626335	2191.815	-5.338078	882.9182	-4.626335	2191.815
80.21	56551.19	7017.641	-160.2988	23173.92	248032.1	-488.7544	11295.53	332.0284	590.0356	9648.264	34506.92	3193.95	-5.338078	682.9182	6.513179e+07	1.682136e+08	1268.327	995.7296	193.9502	50644.95	5583.562	-4.626335	1291.815	-5.338078	682.9182	-4.626335	1291.815
80.49	41221.19	9818.641	1539.701	15166.92	170588.1	-889.7544	7994.527	1232.028	990.0356	6747.263	31502.92	1893.95	-5.338078	382.9182	4.811086e+07	1.32163e+08	768.3274	995.7296	-6.049822	37020.95	2882.562	-4.626335	1191.815	-5.338078	382.9182	-4.626335	1191.815
80.78	32508.19	5016.641	639.7012	14066.92	153175.1	-588.7544	6293.527	932.0284	990.0356	4846.263	27497.92	1193.95	-5.338078	482.9182	3.847612e+07	1.162966e+08	868.3274	695.7296	-6.049822	30612.95	4082.562	-4.626335	1391.815	-5.338078	482.9182	-4.626335	1391.815
81.07	26501.19	6516.641	139.7012	12865.92	111254.1	-2389.754	4593.527	432.0284	690.0356	4046.263	17488.92	993.9502	-5.338078	82.91815	3.191096e+07	8.877706e+07	368.3274	1095.729	93.95018	24505.95	2882.562	-4.626335	391.8149	-5.338078	82.91815	-4.626335	391.8149
81.35	50939.19	5016.641	39.70117	8963.922	85754.12	-989.7544	4693.527	-67.97156	90.03564	3746.263	13085.92	493.9502	-5.338078	182.9182	2.518754e+07	7.361452e+07	268.3274	395.7295	-6.049822	20601.95	2182.562	-4.626335	791.8149	-5.338078	182.9182	-4.626335	791.8149
81.64	18194.19	3215.641	-160.2988	7863.922	71309.12	-188.7544	2892.527	832.0284	190.0356	2046.263	12285.92	593.9502	-5.338078	282.9182	2.146885e+07	5.453214e+07	268.3274	395.7295	-6.049822	15498.95	1782.562	195.3737	191.8149	-5.338078	282.9182	195.3737	191.8149
81.92	12790.19	3115.641	-1261.299	7062.922	60781.12	-2289.754	3793.527	332.0284	490.0356	3046.263	9284.918	93.95018	-5.338078	82.91815	1.68189e+07	4.416902e+07	368.3274	995.7296	-6.049822	12796.95	1282.562	95.37366	191.8149	-5.338078	82.91815	95.37366	191.8149
82.21	10989.19	2415.641	439.7012	3261.922	40941.12	-989.7544	2592.527	-67.97156	90.03564	1446.263	7483.918	393.9502	-5.338078	182.9182	1.300993e+07	3.941382e+07	168.3274	495.7295	93.95018	9295.95	1482.562	-4.626335	291.8149	-5.338078	182.9182	-4.626335	291.8149
82.49	7988.188	2715.641	239.7012	4362.922	42543.12	-789.7544	2092.527	-167.9716	890.0356	1646.263	6383.918	393.9502	-5.338078	182.9182	9827148	3.225005e+07	68.3274	395.7295	-6.049822	9095.95	582.5623	-4.626335	291.8149	-5.338078	182.9182	-4.626335	291.8149
82.78	6388.188	-885.3594	-1061.299	3861.922	25320.12	-1289.754	792.5267	32.02844	90.03564	1646.263	4882.918	293.9502	-5.338078	82.91815	9190936	2.561393e+07	-31.6726	295.7295	-6.049822	7094.95	782.5623	-4.626335	591.8149	-5.338078	82.91815	-4.626335	591.8149
83.07	4387.188	1314.641	-961.2988	4762.922	27522.12	-989.7544	2292.527	232.0284	-509.9644	1446.263	3882.918	493.9502	-5.338078	-17.08185	7932986	2.108281e+07	168.3274	295.7295	93.95018	5494.95	482.5623	-4.626335	691.8149	-5.338078	-17.08185	-4.626335	691.8149
83.35	4287.188	814.6406	239.7012	3261.922	19915.12	-1389.754	-7.473267	-67.97156	90.03564	1346.263	4282.918	293.9502	-5.338078	82.91815	6378836	2.000076e+07	68.3274	195.7295	-6.049822	5694.95	382.5623	-4.626335	-8.185054	-5.338078	82.91815	-4.626335	-8.185054
83.64	2787.189	1014.641	-260.2988	2161.922	13811.12	-2189.754	1292.527	-67.97156	-209.9644	746.2634	1582.918	193.9502	-5.338078	-17.08185	5178370	1.559054e+07	68.3274	95.72954	-6.049822	2993.95	282.5623	-4.626335	91.81495	-5.338078	-17.08185	-4.626335	91.81495
83.92	3387.189	1314.641	-1861.299	1561.922	9809.117	-2489.754	-107.4733	-167.9716	90.03564	246.2633	2882.918	93.95018	-5.338078	-17.08185	4034778	1.283338e+07	168.3274	95.72954	-6.049822	3193.95	182.5623	-4.626335	291.8149	-5.338078	-17.08185	-4.626335	291.8149
84.21	2487.189	714.6406	-861.2988	1661.922	7808.118	-588.7544	792.5267	-267.9716	190.0356	446.2633	2082.918	93.95018	-5.338078	-17.08185	3230250	1.036228e+07	68.3274	95.72954	-6.049822	2793.95	182.5623	-4.626335	91.81495	-5.338078	-17.08185	-4.626335	91.81495
84.5	2187.189	214.6406	-1861.299	1661.922	7908.118	-1789.754	292.5267	232.0284	390.0356	146.2633	1482.918	193.9502	-5.338078	-17.08185	2835110	8786797	68.3274	-4.270463	-6.049822	2993.95	882.5623	-4.626335	91.81495	-5.338078	-17.08185	-4.626335	91.81495
84.78	787.1886	414.6406	-160.2988	1661.922	4907.118	-1989.754	692.5267	-267.9716	290.0356	646.2634	1482.918	93.95018	-5.338078	-17.08185	1974422	8346922	-31.6726	-4.270463	-6.049822	1493.95	-17.43772	-4.626335	-8.185054	-5.338078	-17.08185	-4.626335	-8.185054
85.07	1787.189	1814.641	439.7012	861.9218	7508.118	-2489.754	192.5267	-67.97156	390.0356	346.2633	582.9182	93.95018	-5.338078	-17.08185	2425904	6275982	-31.6726	-4.270463	-6.049822	1493.95	282.5623	-4.626335	-8.185054	-5.338078	-17.08185	-4.626335	-8.185054
85.36	1387.189	-285.3594	-460.2988	461.9218	5308.118	-1189.754	92.52673	-167.9716	90.03564	46.26334	682.9182	93.95018	-5.338078	-17.08185	2101396	4518052	-31.6726	95.72954	-6.049822	1093.95	182.5623	-4.626335	-8.185054	-5.338078	-17.08185	-4.626335	-8.185054
85.65	1087.189	314.6406	-761.2988	1361.922	2507.117	-1789.754	-807.4733	-267.9716	-209.9644	46.26334	1082.918	-6.049822	-5.338078	-17.08185	1537104	3922822	-31.6726	-4.270463	-6.049822	893.9502	-17.43772	-4.626335	91.81495	-5.338078	-17.08185	-4.626335	91.81495
85.94	1287.189	214.6406	-460.2988	361.9218	2607.117	-1589.754	-107.4733	-167.9716	-409.9644	46.26334	382.9182	93.95018	94.66192	82.91815	1057528	3356030	-31.6726	-4.270463	-6.049822	1393.95	-17.43772	-4.626335	-8.185054	94.66192	82.91815	-4.626335	-8.185054
86.23	687.1886	1414.641	-60.29883	-38.07825	2307.117	-1189.754	492.5267	-67.97156	90.03564	246.2633	1082.918	-6.049822	-5.338078	-17.08185	804513.4	3965336	-31.6726	-4.270463	-6.049822	993.9502	182.5623	-4.626335	-8.185054	-5.338078	-17.08185	-4.626335	-8.185054
86.52	587.1886	514.6406	-761.2988	461.9218	3007.117	-1989.754	-107.4733	-67.97156	-309.9644	-53.73666	682.9182	-6.049822	-5.338078	82.91815	1071632	2251045	-31.6726	-4.270463	-6.049822	293.9502	-17.43772	-4.626335	-8.185054	-5.338078	82.91815	-4.626335	-8.185054
86.81	187.1886	-185.3594	-1161.299	61.92175	707.1174	-989.7544	-407.4733	-67.97156	-509.9644	46.26334	582.9182	-6.049822	-5.338078	-17.08185	587085.4	2520176	-31.6726	-4.270463	-6.049822	593.9502	382.5623	-4.626335	-8.185054	-5.338078	-17.08185	-4.626335	-8.185054
87.1	787.1886	614.6406	-360.2988	461.9218	507.1174	-1789.754	92.52673	32.02844	-9.964355	246.2633	382.9182	93.95018	-5.338078	82.91815	592119.4	2052751	68.3274	-4.270463	93.95018	393.9502	82.56228	-4.626335	-8.185054	-5.338078	82.91815	-4.626335	-8.185054
87.38	387.1886	514.6406	-560.2988	1061.922	1507.117	-1789.754	292.5267	32.02844	690.0356	46.26334	182.9182	-6.049822	-5.338078	-17.08185	442045.4	1486258	-31.6726	-4.270463	-6.049822	93.95018	-17.43772	-4.626335	-8.185054	-5.338078	-17.08185	-4.626335	-8.185054
87.67	-12.81139	14.64062	-460.2988	461.9218	1707.117	-1789.754	92.52673	-467.9716	590.0356	246.2633	482.9182	-6.049822	-5.338078	82.91815	634426.4	1698682	-31.6726	-4.270463	-6.049822	893.9502	182.5623	-4.626335	-8.185054	-5.338078	82.91815	-4.626335	-8.185054
87.96	87.18861	2415.641	-961.2988	361.9218	807.1174	-1089.754	-507.4733	-267.9716	290.0356	-53.73666	-17.08185	-6.049822	-5.338078	-17.08185	381764.4	509269.8	-31.6726	-4.270463	-6.049822	193.9502	-17.43772	-4.626335	-8.185054	-5.338078	-17.08185	-4.626335	-8.185054
88.25	287.1886	-185.3594	-1061.299	-138.0782	207.1174	-2289.754	92.52673	332.0284	490.0356	246.2633	382.9182	-6.049822	-5.338078	-17.08185	452123.4	1061447	-31.6726	-4.270463	-6.049822	193.9502	182.5623	-4.626335	-8.185054	-5.338078	-17.08185	-4.626335	-8.185054
88.53	87.18861	-585.3594	-961.2988	-38.07825	1707.117	-1389.754	-307.4733	132.0284	290.0356	46.26334	82.91815	-6.049822	-5.338078	-17.08185	128298.4	707476.8	-31.6726	-4.270463	-6.049822	-6.049822	-17.43772	-4.626335	-8.185054	-5.338078	-17.08185	-4.626335	-8.185054
88.83	387.1886	514.6406	-160.2988	261.9218	207.1174	-1189.754	-207.4733	-167.9716	-109.9644	46.26334	182.9182	-6.049822	-5.338078	-17.08185	310083.4	1047288	-31.6726	-4.270463	-6.049822	393.9502	-17.43772	-4.626335	-8.185054	-5.338078	-17.08185	-4.626335	-8.185054
89.12	-12.81139	914.6406	-1261.299	-138.0782	307.1174	711.2456	-507.4733	-267.9716	-109.9644	46.26334	282.9182	-6.049822	94.66192	-17.08185	216604.4	622529.8	-31.6726	-4.270463	-6.049822	-6.049822	-17.43772	-4.626335	91.81495	94.66192	-17.08185	-4.626335	91.81495
89.4	187.1886	614.6406	-2061.299	-338.0782	407.1174	-2189.754	-107.4733	-67.97156	290.0356	-53.73666	-17.08185	-6.049822	-5.338078	-17.08185	199866.4	806584.8	-31.6726	-4.270463	-6.049822	493.9502	82.56228	-4.626335	-8.185054	-5.338078	-17.08185	-4.626335	-8.185054
89.7	-12.81139	-85.35938	-961.2988	-338.0782	7.117439	-1989.754	-807.4733	-167.9716	490.0356	146.2633	82.91815	-6.049822	-5.338078	-17.08185	310083.4	665003.8	-31.6726	-4.270463	-6.049822	93.95018	-17.43772	-4.626335	-8.185054	-5.338078	-17.08185	-4.626335	-8.185054
89.98	87.18861	-585.3594	-460.2988	-338.0782	7.117439	-288.7544	592.5267	132.0284	90.03564	146.2633	-17.08185	-6.049822	-5.338078	-17.08185	115938.4	338119.8	-31.6726	-4.270463	-6.049822	-6.049822	-17.43772	-4.626335	-8.185054	-5.338078	-17.08185	-4.626335	-8.185054
90.27	-12.81139	814.6406	-1361.299	361.9218	307.1174	-1689.754	292.5267	132.0284	-109.9644	-53.73666	-17.08185	-6.049822	-5.338078	-17.08185	116641.4	735793.8	-31.6726	95.72954	-6.049822	193.9502	-17.43772	-4.626335	-8.185054	-5.338078	-17.08185	-4.626335	-8.185054
90.56	-12.81139	-285.3594	-360.2988	361.9218	-92.88256	-1689.754	-507.4733	-67.97156	90.03564	-53.73666	-17.08185	-6.049822	-5.338078	-17.08185	65054.39	391388.8	-31.6726	-4.270463	-6.049822	293.9502	-17.43772	-4.626335	91.81495	-5.338078	-17.08185	-4.626335	91.81495
90.85	87.18861	-285.3594	-1761.299	-338.0782	7.117439	-789.7544	292.5267	-467.9716	-9.964355	146.2633	-17.08185	-6.049822	-5.338078	-17.08185	121765.4	183666.8	-31.6726	-4.270463	-6.049822	293.9502	-17.43772	-4.626335	-8.185054	-5.338078	-17.08185	-4.626335	-8.185054
91.14	-12.81139	1314.641	-660.2988	-338.0782	107.1174	-989.7544	-307.4733	-367.9716	1090.036	-53.73666	-17.08185	93.95018	-5.338078	-17.08185	28385.39	169510.8	-31.6726	-4.270463	-6.049822	-6.049822	-17.43772	-4.626335	-8.185054	-5.338078	-17.08185	-4.626335	-8.185054
91.42	-12.81139	-685.3594	-660.2988	161.9218	7.117439	-1889.754	392.5267	332.0284	290.0356	-53.73666	-17.08185	-6.049822	-5.338078	-17.08185	40101.39	166397.8	-31.6726	-4.270463	-6.049822	-6.049822	82.56228	-4.626335	-8.185054	-5.338078	-17.08185	-4.626335	-8.185054
91.71	-12.81139	914.6406	-761.2988	-438.0782	307.1174	-1289.754	792.5267	132.0284	-209.9644	146.2633	182.9182	-6.049822	-5.338078	-17.08185	126771.4	74154.77	68.3274	-4.270463	-6.049822	393.9502	-17.43772	-4.626335	-8.185054	-5.338078	-17.08185	-4.626335	-8.185054
92	-12.81139	-885.3594	-1461.299	461.9218	107.1174	-1289.754	-807.4733	-367.9716	-109.9644	-53.73666	-17.08185	-6.049822	-5.338078	-17.08185	76687.4	325229.8	-31.6726	-4.270463	-6.049822	93.95018	-17.43772	-4.626335	-8.185054	-5.338078	-17.08185	-4.626335	-8.185054
92.29	-12.81139	1014.641	-1761.299	-138.0782	207.1174	-1089.754	-307.4733	232.0284	-309.9644	-53.73666	-17.08185	-6.049822	-5.338078	-17.08185	76085.4	263124.8	68.3274	95.72954	-6.049822	-6.049822	-17.43772	-4.626335	-8.185054	-5.338078	-17.08185	-4.626335	-8.185054
92.57	-12.81139	-85.35938	-660.2988	361.9218	107.1174	511.2456	-607.4733	-367.9716	590.0356	46.26334	-17.08185	-6.049822	-5.338078	82.91815	19477.39	99241.77	68.3274	-4.270463	93.95018	93.95018	-17.43772	-4.626335	-8.185054	-5.338078	82.91815	-4.626335	-8.185054
92.86	-12.81139	-85.35938	-360.2988	61.92175	207.1174	311.2456	892.5267	32.02844	490.0356	46.26334	-17.08185	-6.049822	-5.338078	-17.08185	56834.39	339385.8	-31.6726	-4.270463	-6.049822	293.9502	-17.43772	-4.626335	-8.185054	-5.338078	-17.08185	-4.626335	-8.185054
93.15	-12.81139	-1185.359	-761.2988	461.9218	7.117439	-1189.754	-307.4733	-167.9716	390.0356	46.26334	-17.08185	-6.049822	-5.338078	-17.08185	38699.39	86293.77	-31.6726	95.72954	-6.049822	393.9502	-17.43772	-4.626335	-8.185054	-5.338078	-17.08185	-4.626335	-8.185054
93.43	-12.81139	414.6406	-1861.299	361.9218	-92.88256	-1589.754	392.5267	232.0284	-109.9644	-53.73666	-17.08185	-6.049822	-5.338078	-17.08185	68162.4	-356.2278	-31.6726	-4.270463	-6.049822	93.95018	-17.43772	-4.626335	-8.185054	-5.338078	-17.08185	-4.626335	-8.185054
93.72	-12.81139	-85.35938	-660.2988	561.9218	107.1174	-789.7544	-507.4733	-567.9716	-609.9644	-53.73666	-17.08185	-6.049822	-5.338078	-17.08185	45110.39	58813.77	-31.6726	-4.270463	-6.049822	93.95018	182.5623	-4.626335	-8.185054	-5.338078	-17.08185	-4.626335	-8.185054
94.01	-12.81139	2114.641	-1261.299	-138.0782	107.1174	-188.7544	-707.4733	-367.9716	-309.9644	46.26334	-17.08185	93.95018	-5.338078	-17.08185	4069.395	42109.77	-31.6726	-4.270463	-6.049822	93.95018	-17.43772	-4.626335	-8.185054	-5.338078	-17.08185	-4.626335	-8.185054
94.29	87.18861	714.6406	-1461.299	-38.07825	-92.88256	-1689.754	-307.4733	232.0284	190.0356	-53.73666	-17.08185	-6.049822	-5.338078	-17.08185	54930.39	150698.8	-31.6726	-4.270463	-6.049822	-6.049822	-17.43772	-4.626335	-8.185054	-5.338078	-17.08185	-4.626335	-8.185054
94.58	-12.81139	614.6406	-1061.299	161.9218	107.1174	-2089.754	-7.473267	-367.9716	590.0356	146.2633	-17.08185	-6.049822	-5.338078	-17.08185	21578.39	12746.77	-31.6726	-4.270463	-6.049822	393.9502	-17.43772	-4.626335	-8.185054	-5.338078	-17.08185	-4.626335	-8.185054
94.86	87.18861	714.6406	-2261.299	-38.07825	-92.88256	-2389.754	-107.4733	-267.9716	190.0356	-53.73666	-17.08185	-6.049822	-5.338078	-17.08185	-130.605	112497.8	68.3274	-4.270463	-6.049822	93.95018	-17.43772	-4.626335	-8.185054	-5.338078	-17.08185	-4.626335	-8.185054
95.15	-12.81139	2014.641	-961.2988	-38.07825	-92.88256	-989.7544	-407.4733	-667.9716	-509.9644	46.26334	-17.08185	-6.049822	-5.338078	-17.08185	21979.39	37371.77	-31.6726	-4.270463	-6.049822	-6.049822	-17.43772	-4.626335	-8.185054	-5.338078	-17.08185	-4.626335	-8.185054
95.43	-12.81139	14.64062	-761.2988	461.9218	-92.88256	-1389.754	-407.4733	-167.9716	790.0356	-53.73666	82.91815	-6.049822	-5.338078	-17.08185	18976.39	8645.772	-31.6726	-4.270463	-6.049822	-6.049822	-17.43772	-4.626335	-8.185054	-5.338078	-17.08185	-4.626335	-8.185054
95.71	-12.81139	-1486.359	-1361.299	-38.07825	-92.88256	-1889.754	192.5267	-67.97156	290.0356	46.26334	-17.08185	-6.049822	-5.338078	-17.08185	569.395	14447.77	-31.6726	-4.270463	-6.049822	-6.049822	-17.43772	-4.626335	-8.185054	-5.338078	-17.08185	-4.626335	-8.185054
96	-12.81139	14.64062	-1461.299	-338.0782	107.1174	-2089.754	-307.4733	232.0284	290.0356	-53.73666	-17.08185	-6.049822	-5.338078	-17.08185	23380.39	743.7722	-31.6726	-4.270463	-6.049822	-6.049822	-17.43772	-4.626335	-8.185054	-5.338078	-17.08185	-4.626335	-8.185054
