ElapsedTime_s	Ti49_CPS	Al27_CPS	S33_CPS	Sc45_CPS	V51_CPS	Mn55_CPS	Fe57_CPS	Co59_CPS	Ni60_CPS	Ga71_CPS	Zr90_CPS	Nb93_CPS	Mo97_CPS	In113_CPS	Sn119_CPS	Sn118_CPS	Sb121_CPS	Hf177_CPS	Ta181_CPS	W183_CPS	Pb206_CPS	Th232_CPS	U238_CPS	Tc97_CPS	Cd113_CPS	U232_CPS	Pu238_CPS
0	-12.81139	514.6406	-460.2988	61.92175	107.1174	-1389.754	-407.4733	-167.9716	590.0356	-53.73666	-17.08185	-6.049822	-5.338078	-17.08185	16274.39	-356.2278	-31.6726	-4.270463	-6.049822	-6.049822	-17.43772	-4.626335	91.81495	-5.338078	-17.08185	-4.626335	91.81495
																											
13.19	-12.81139	-785.3594	1139.701	261.9218	-92.88256	-1389.754	92.52673	232.0284	190.0356	46.26334	-17.08185	-6.049822	94.66192	-17.08185	45310.39	-156.2278	-31.6726	-4.270463	-6.049822	-6.049822	-17.43772	-4.626335	-8.185054	94.66192	-17.08185	-4.626335	-8.185054
13.48	-12.81139	2515.641	39.70117	-338.0782	-92.88256	111.2456	492.5267	-267.9716	-509.9644	46.26334	82.91815	-6.049822	-5.338078	-17.08185	-30.60498	-156.2278	-31.6726	-4.270463	-6.049822	-6.049822	-17.43772	95.37366	-8.185054	-5.338078	-17.08185	95.37366	-8.185054
13.76	-12.81139	714.6406	-560.2988	-238.0782	-92.88256	-1489.754	-407.4733	32.02844	-709.9644	-53.73666	-17.08185	-6.049822	-5.338078	-17.08185	69.39502	-156.2278	-31.6726	-4.270463	-6.049822	-6.049822	-17.43772	-4.626335	-8.185054	-5.338078	-17.08185	-4.626335	-8.185054
14.05	-12.81139	-785.3594	-1261.299	161.9218	-92.88256	-889.7544	-207.4733	232.0284	-9.964355	-53.73666	-17.08185	-6.049822	-5.338078	82.91815	-130.605	-156.2278	-31.6726	-4.270463	-6.049822	-6.049822	-17.43772	-4.626335	-8.185054	-5.338078	82.91815	-4.626335	-8.185054
14.33	-12.81139	1314.641	-1761.299	161.9218	107.1174	-1389.754	292.5267	132.0284	290.0356	-53.73666	-17.08185	-6.049822	-5.338078	-17.08185	-130.605	-256.2278	-31.6726	-4.270463	-6.049822	-6.049822	-17.43772	-4.626335	-8.185054	-5.338078	-17.08185	-4.626335	-8.185054
14.62	-12.81139	-485.3594	839.7012	61.92175	-92.88256	-2389.754	-607.4733	332.0284	90.03564	-53.73666	-17.08185	-6.049822	-5.338078	-17.08185	-30.60498	-156.2278	-31.6726	-4.270463	-6.049822	-6.049822	-17.43772	-4.626335	-8.185054	-5.338078	-17.08185	-4.626335	-8.185054
14.91	-12.81139	-585.3594	-560.2988	-38.07825	107.1174	-2089.754	92.52673	-67.97156	-209.9644	-53.73666	-17.08185	-6.049822	-5.338078	-17.08185	69.39502	-156.2278	-31.6726	-4.270463	-6.049822	-6.049822	-17.43772	-4.626335	-8.185054	-5.338078	-17.08185	-4.626335	-8.185054
15.19	87.18861	14.64062	-1261.299	261.9218	-92.88256	-889.7544	-107.4733	132.0284	590.0356	46.26334	82.91815	-6.049822	94.66192	-17.08185	-30.60498	-56.22775	-31.6726	-4.270463	-6.049822	-6.049822	-17.43772	-4.626335	-8.185054	94.66192	-17.08185	-4.626335	-8.185054
15.48	-12.81139	-385.3594	-160.2988	-38.07825	-92.88256	-889.7544	-707.4733	132.0284	-9.964355	46.26334	-17.08185	-6.049822	-5.338078	-17.08185	-130.605	17850.77	-31.6726	-4.270463	-6.049822	-6.049822	-17.43772	-4.626335	-8.185054	-5.338078	-17.08185	-4.626335	-8.185054
15.76	-12.81139	1514.641	-160.2988	261.9218	107.1174	-2189.754	-107.4733	-67.97156	-9.964355	-53.73666	-17.08185	-6.049822	-5.338078	-17.08185	269.395	-56.22775	-31.6726	-4.270463	-6.049822	-6.049822	-17.43772	-4.626335	-8.185054	-5.338078	-17.08185	-4.626335	-8.185054
16.04	87.18861	614.6406	-1061.299	761.9218	-92.88256	-1789.754	492.5267	-167.9716	390.0356	-53.73666	-17.08185	-6.049822	-5.338078	-17.08185	-30.60498	-256.2278	-31.6726	-4.270463	-6.049822	-6.049822	-17.43772	-4.626335	-8.185054	-5.338078	-17.08185	-4.626335	-8.185054
16.33	-12.81139	614.6406	-160.2988	161.9218	7.117439	-188.7544	-907.4733	232.0284	790.0356	46.26334	-17.08185	-6.049822	-5.338078	-17.08185	269.395	-56.22775	68.3274	-4.270463	-6.049822	-6.049822	-17.43772	-4.626335	-8.185054	-5.338078	-17.08185	-4.626335	-8.185054
16.61	-12.81139	14.64062	-460.2988	-438.0782	-92.88256	-1389.754	-607.4733	32.02844	490.0356	-53.73666	-17.08185	-6.049822	-5.338078	-17.08185	169.395	33366.77	-31.6726	-4.270463	-6.049822	-6.049822	-17.43772	-4.626335	-8.185054	-5.338078	-17.08185	-4.626335	-8.185054
16.9	-12.81139	-1285.359	-1661.299	-38.07825	7.117439	-1589.754	592.5267	-267.9716	-409.9644	46.26334	-17.08185	-6.049822	-5.338078	82.91815	-30.60498	83784.77	-31.6726	-4.270463	-6.049822	-6.049822	-17.43772	-4.626335	-8.185054	-5.338078	82.91815	-4.626335	-8.185054
17.19	-12.81139	-485.3594	-861.2988	-238.0782	7.117439	-889.7544	-107.4733	32.02844	-409.9644	-53.73666	-17.08185	-6.049822	-5.338078	-17.08185	-30.60498	-56.22775	-31.6726	-4.270463	-6.049822	-6.049822	-17.43772	-4.626335	-8.185054	-5.338078	-17.08185	-4.626335	-8.185054
17.47	-12.81139	1614.641	-260.2988	-338.0782	-92.88256	-2089.754	492.5267	-67.97156	-409.9644	-53.73666	-17.08185	-6.049822	194.6619	-17.08185	69.39502	-56.22775	-31.6726	-4.270463	-6.049822	-6.049822	-17.43772	-4.626335	-8.185054	194.6619	-17.08185	-4.626335	-8.185054
17.75	-12.81139	-885.3594	-560.2988	-38.07825	207.1174	-1889.754	-107.4733	-67.97156	-9.964355	-53.73666	-17.08185	-6.049822	-5.338078	-17.08185	169.395	-156.2278	-31.6726	-4.270463	-6.049822	-6.049822	-17.43772	95.37366	-8.185054	-5.338078	-17.08185	95.37366	-8.185054
18.04	-12.81139	1114.641	-1661.299	-238.0782	-92.88256	-188.7544	-207.4733	232.0284	-9.964355	-53.73666	-17.08185	-6.049822	94.66192	-17.08185	69.39502	-256.2278	168.3274	-4.270463	-6.049822	-6.049822	-17.43772	-4.626335	-8.185054	94.66192	-17.08185	-4.626335	-8.185054
18.32	-12.81139	614.6406	339.7012	-138.0782	7.117439	-989.7544	-307.4733	132.0284	90.03564	46.26334	-17.08185	-6.049822	-5.338078	-17.08185	-30.60498	-156.2278	-31.6726	-4.270463	-6.049822	93.95018	-17.43772	95.37366	91.81495	-5.338078	-17.08185	95.37366	91.81495
18.61	-12.81139	914.6406	-360.2988	-338.0782	-92.88256	-588.7544	-307.4733	332.0284	590.0356	-53.73666	-17.08185	-6.049822	-5.338078	-17.08185	169.395	-156.2278	-31.6726	95.72954	-6.049822	-6.049822	-17.43772	-4.626335	-8.185054	-5.338078	-17.08185	-4.626335	-8.185054
18.89	-12.81139	1214.641	-1061.299	61.92175	-92.88256	-889.7544	-7.473267	432.0284	-9.964355	-53.73666	82.91815	-6.049822	-5.338078	-17.08185	169.395	243.7722	-31.6726	95.72954	-6.049822	-6.049822	-17.43772	-4.626335	-8.185054	-5.338078	-17.08185	-4.626335	-8.185054
19.18	-12.81139	1414.641	39.70117	261.9218	7.117439	-2389.754	-7.473267	32.02844	590.0356	-53.73666	-17.08185	-6.049822	94.66192	-17.08185	169.395	-156.2278	68.3274	-4.270463	-6.049822	-6.049822	-17.43772	-4.626335	-8.185054	94.66192	-17.08185	-4.626335	-8.185054
19.46	-12.81139	14.64062	-761.2988	61.92175	-92.88256	-1389.754	-207.4733	432.0284	-309.9644	-53.73666	-17.08185	-6.049822	-5.338078	-17.08185	-130.605	-56.22775	-31.6726	-4.270463	-6.049822	-6.049822	-17.43772	-4.626335	-8.185054	-5.338078	-17.08185	-4.626335	-8.185054
19.75	-12.81139	1314.641	-1361.299	261.9218	-92.88256	-88.75439	492.5267	132.0284	-409.9644	-53.73666	82.91815	-6.049822	-5.338078	-17.08185	-130.605	143.7722	-31.6726	-4.270463	-6.049822	-6.049822	-17.43772	-4.626335	-8.185054	-5.338078	-17.08185	-4.626335	-8.185054
20.04	-12.81139	414.6406	-1061.299	-638.0782	7.117439	-989.7544	-507.4733	332.0284	90.03564	-53.73666	-17.08185	-6.049822	-5.338078	-17.08185	-130.605	-256.2278	-31.6726	-4.270463	-6.049822	-6.049822	-17.43772	-4.626335	-8.185054	-5.338078	-17.08185	-4.626335	-8.185054
20.32	-12.81139	1514.641	-1561.299	261.9218	-92.88256	-1189.754	-7.473267	32.02844	290.0356	-53.73666	-17.08185	-6.049822	-5.338078	-17.08185	169.395	-256.2278	-31.6726	-4.270463	-6.049822	-6.049822	-17.43772	-4.626335	-8.185054	-5.338078	-17.08185	-4.626335	-8.185054
20.61	-12.81139	614.6406	-1061.299	61.92175	107.1174	-2089.754	-807.4733	-267.9716	-109.9644	-53.73666	182.9182	-6.049822	-5.338078	-17.08185	-130.605	-156.2278	68.3274	-4.270463	-6.049822	-6.049822	82.56228	-4.626335	-8.185054	-5.338078	-17.08185	-4.626335	-8.185054
20.89	-12.81139	-585.3594	-1661.299	-138.0782	7.117439	-488.7544	92.52673	-67.97156	-109.9644	146.2633	82.91815	-6.049822	-5.338078	-17.08185	69.39502	43.77225	68.3274	-4.270463	-6.049822	-6.049822	-17.43772	-4.626335	-8.185054	-5.338078	-17.08185	-4.626335	-8.185054
21.18	-12.81139	-285.3594	-260.2988	-238.0782	7.117439	-689.7544	-607.4733	-367.9716	-9.964355	-53.73666	-17.08185	-6.049822	-5.338078	-17.08185	-30.60498	-56.22775	-31.6726	-4.270463	-6.049822	-6.049822	182.5623	95.37366	-8.185054	-5.338078	-17.08185	95.37366	-8.185054
21.46	-12.81139	-1886.359	39.70117	-138.0782	-92.88256	-689.7544	-607.4733	232.0284	-109.9644	-53.73666	-17.08185	-6.049822	-5.338078	-17.08185	-130.605	43.77225	-31.6726	-4.270463	-6.049822	-6.049822	-17.43772	-4.626335	-8.185054	-5.338078	-17.08185	-4.626335	-8.185054
21.75	-12.81139	914.6406	-260.2988	161.9218	-92.88256	-789.7544	492.5267	-67.97156	1390.036	46.26334	-17.08185	-6.049822	-5.338078	-17.08185	169.395	-56.22775	-31.6726	-4.270463	-6.049822	-6.049822	-17.43772	-4.626335	-8.185054	-5.338078	-17.08185	-4.626335	-8.185054
22.03	-12.81139	1114.641	-861.2988	-338.0782	7.117439	-1689.754	-707.4733	232.0284	390.0356	-53.73666	-17.08185	-6.049822	-5.338078	-17.08185	-130.605	143.7722	-31.6726	-4.270463	-6.049822	-6.049822	-17.43772	-4.626335	-8.185054	-5.338078	-17.08185	-4.626335	-8.185054
22.32	-12.81139	-285.3594	-961.2988	61.92175	7.117439	-1089.754	-207.4733	232.0284	-809.9644	-53.73666	82.91815	-6.049822	-5.338078	-17.08185	19977.39	43.77225	-31.6726	-4.270463	-6.049822	-6.049822	-17.43772	-4.626335	-8.185054	-5.338078	-17.08185	-4.626335	-8.185054
22.6	-12.81139	-185.3594	639.7012	-138.0782	7.117439	-789.7544	292.5267	-467.9716	-9.964355	-53.73666	-17.08185	-6.049822	-5.338078	-17.08185	69.39502	143.7722	-31.6726	-4.270463	-6.049822	-6.049822	-17.43772	-4.626335	-8.185054	-5.338078	-17.08185	-4.626335	-8.185054
22.89	-12.81139	314.6406	-861.2988	261.9218	-92.88256	-1289.754	92.52673	532.0284	790.0356	46.26334	-17.08185	-6.049822	-5.338078	-17.08185	69.39502	-256.2278	68.3274	-4.270463	-6.049822	-6.049822	-17.43772	-4.626335	-8.185054	-5.338078	-17.08185	-4.626335	-8.185054
23.17	-12.81139	214.6406	-360.2988	461.9218	-92.88256	-1089.754	-207.4733	232.0284	790.0356	-53.73666	-17.08185	-6.049822	-5.338078	-17.08185	-130.605	-156.2278	-31.6726	-4.270463	-6.049822	-6.049822	-17.43772	-4.626335	-8.185054	-5.338078	-17.08185	-4.626335	-8.185054
23.46	-12.81139	-185.3594	1539.701	61.92175	7.117439	-388.7544	-807.4733	-167.9716	590.0356	246.2633	-17.08185	-6.049822	94.66192	-17.08185	269.395	343.7722	-31.6726	-4.270463	-6.049822	-6.049822	82.56228	-4.626335	-8.185054	94.66192	-17.08185	-4.626335	-8.185054
23.74	87.18861	314.6406	-660.2988	-338.0782	7.117439	-1689.754	92.52673	-267.9716	-109.9644	146.2633	-17.08185	-6.049822	94.66192	-17.08185	169.395	43.77225	-31.6726	-4.270463	-6.049822	-6.049822	-17.43772	-4.626335	-8.185054	94.66192	-17.08185	-4.626335	-8.185054
24.03	-12.81139	314.6406	239.7012	61.92175	-92.88256	-689.7544	1392.527	132.0284	-409.9644	46.26334	-17.08185	-6.049822	-5.338078	-17.08185	-130.605	-56.22775	-31.6726	-4.270463	-6.049822	-6.049822	-17.43772	-4.626335	-8.185054	-5.338078	-17.08185	-4.626335	-8.185054
24.31	-12.81139	14.64062	-560.2988	-338.0782	107.1174	-889.7544	-107.4733	-67.97156	90.03564	-53.73666	-17.08185	-6.049822	-5.338078	-17.08185	-30.60498	-156.2278	-31.6726	-4.270463	-6.049822	-6.049822	-17.43772	-4.626335	-8.185054	-5.338078	-17.08185	-4.626335	-8.185054
24.6	-12.81139	1914.641	-1061.299	-38.07825	-92.88256	-1989.754	-607.4733	32.02844	290.0356	46.26334	-17.08185	-6.049822	-5.338078	-17.08185	-30.60498	-256.2278	-31.6726	-4.270463	-6.049822	-6.049822	-17.43772	-4.626335	-8.185054	-5.338078	-17.08185	-4.626335	-8.185054
24.88	-12.81139	-785.3594	239.7012	-238.0782	7.117439	-1589.754	-207.4733	32.02844	190.0356	46.26334	-17.08185	93.95018	-5.338078	-17.08185	169.395	-156.2278	-31.6726	-4.270463	-6.049822	-6.049822	-17.43772	-4.626335	-8.185054	-5.338078	-17.08185	-4.626335	-8.185054
25.17	-12.81139	1114.641	-1061.299	-338.0782	7.117439	-1289.754	-107.4733	432.0284	-309.9644	-53.73666	-17.08185	-6.049822	-5.338078	-17.08185	-130.605	19851.77	-31.6726	-4.270463	-6.049822	-6.049822	-17.43772	-4.626335	-8.185054	-5.338078	-17.08185	-4.626335	-8.185054
25.45	-12.81139	614.6406	-60.29883	-338.0782	-92.88256	-2289.754	-107.4733	432.0284	-109.9644	146.2633	-17.08185	-6.049822	-5.338078	-17.08185	269.395	43.77225	-31.6726	-4.270463	-6.049822	-6.049822	-17.43772	-4.626335	-8.185054	-5.338078	-17.08185	-4.626335	-8.185054
25.74	-12.81139	314.6406	-761.2988	61.92175	307.1174	-1889.754	-307.4733	-267.9716	-209.9644	46.26334	-17.08185	-6.049822	-5.338078	82.91815	-30.60498	-256.2278	-31.6726	-4.270463	-6.049822	-6.049822	-17.43772	95.37366	-8.185054	-5.338078	82.91815	95.37366	-8.185054
26.02	-12.81139	114.6406	-1661.299	-338.0782	7.117439	-1089.754	-207.4733	-167.9716	490.0356	46.26334	-17.08185	-6.049822	-5.338078	-17.08185	69.39502	-256.2278	68.3274	-4.270463	-6.049822	-6.049822	-17.43772	-4.626335	-8.185054	-5.338078	-17.08185	-4.626335	-8.185054
26.31	87.18861	614.6406	-660.2988	-38.07825	7.117439	-689.7544	192.5267	232.0284	-109.9644	46.26334	-17.08185	-6.049822	-5.338078	-17.08185	69.39502	343.7722	-31.6726	-4.270463	-6.049822	-6.049822	-17.43772	-4.626335	-8.185054	-5.338078	-17.08185	-4.626335	-8.185054
26.59	-12.81139	1114.641	-60.29883	261.9218	-92.88256	-1489.754	-207.4733	232.0284	390.0356	46.26334	-17.08185	-6.049822	-5.338078	-17.08185	69.39502	-56.22775	-31.6726	-4.270463	-6.049822	-6.049822	-17.43772	-4.626335	-8.185054	-5.338078	-17.08185	-4.626335	-8.185054
26.88	-12.81139	214.6406	439.7012	-238.0782	7.117439	-789.7544	292.5267	-567.9716	90.03564	-53.73666	-17.08185	-6.049822	-5.338078	-17.08185	-130.605	-56.22775	-31.6726	-4.270463	-6.049822	93.95018	-17.43772	-4.626335	-8.185054	-5.338078	-17.08185	-4.626335	-8.185054
27.16	-12.81139	-785.3594	-1361.299	261.9218	-92.88256	-1489.754	-7.473267	32.02844	-9.964355	46.26334	-17.08185	-6.049822	-5.338078	-17.08185	-130.605	43.77225	68.3274	-4.270463	-6.049822	-6.049822	82.56228	-4.626335	-8.185054	-5.338078	-17.08185	-4.626335	-8.185054
27.45	-12.81139	414.6406	-761.2988	-138.0782	7.117439	-1389.754	-307.4733	-67.97156	-209.9644	46.26334	-17.08185	-6.049822	-5.338078	-17.08185	169.395	243.7722	-31.6726	-4.270463	-6.049822	-6.049822	-17.43772	-4.626335	-8.185054	-5.338078	-17.08185	-4.626335	-8.185054
27.73	-12.81139	414.6406	-460.2988	661.9218	-92.88256	-288.7544	-507.4733	-267.9716	890.0356	-53.73666	-17.08185	-6.049822	94.66192	-17.08185	-130.605	443.7722	-31.6726	-4.270463	93.95018	-6.049822	-17.43772	-4.626335	-8.185054	94.66192	-17.08185	-4.626335	-8.185054
28.02	-12.81139	414.6406	-1161.299	361.9218	7.117439	-1089.754	-407.4733	-467.9716	390.0356	46.26334	-17.08185	-6.049822	-5.338078	82.91815	69.39502	43.77225	-31.6726	-4.270463	-6.049822	-6.049822	-17.43772	-4.626335	-8.185054	-5.338078	82.91815	-4.626335	-8.185054
28.3	-12.81139	514.6406	-460.2988	161.9218	107.1174	-88.75439	-807.4733	132.0284	-9.964355	46.26334	-17.08185	-6.049822	-5.338078	-17.08185	-30.60498	-56.22775	-31.6726	-4.270463	-6.049822	-6.049822	-17.43772	-4.626335	-8.185054	-5.338078	-17.08185	-4.626335	-8.185054
28.59	-12.81139	214.6406	-660.2988	-338.0782	7.117439	-1289.754	-307.4733	132.0284	90.03564	-53.73666	-17.08185	93.95018	-5.338078	-17.08185	25682.39	43.77225	-31.6726	-4.270463	-6.049822	-6.049822	-17.43772	-4.626335	-8.185054	-5.338078	-17.08185	-4.626335	-8.185054
28.87	-12.81139	814.6406	-360.2988	161.9218	-92.88256	-1989.754	292.5267	332.0284	-509.9644	-53.73666	-17.08185	-6.049822	-5.338078	-17.08185	69.39502	-56.22775	-31.6726	-4.270463	-6.049822	-6.049822	-17.43772	-4.626335	-8.185054	-5.338078	-17.08185	-4.626335	-8.185054
29.16	-12.81139	614.6406	-160.2988	-738.0782	-92.88256	-1589.754	-807.4733	32.02844	-209.9644	-53.73666	-17.08185	-6.049822	-5.338078	-17.08185	169.395	-156.2278	-31.6726	-4.270463	-6.049822	-6.049822	82.56228	-4.626335	91.81495	-5.338078	-17.08185	-4.626335	91.81495
29.44	-12.81139	1414.641	-560.2988	961.9218	-92.88256	-989.7544	-7.473267	-167.9716	-309.9644	-53.73666	-17.08185	-6.049822	-5.338078	-17.08185	-130.605	-256.2278	-31.6726	-4.270463	-6.049822	-6.049822	-17.43772	-4.626335	-8.185054	-5.338078	-17.08185	-4.626335	-8.185054
29.73	87.18861	514.6406	-1361.299	61.92175	-92.88256	-1389.754	-107.4733	332.0284	90.03564	46.26334	-17.08185	93.95018	-5.338078	82.91815	-30.60498	43.77225	-31.6726	-4.270463	-6.049822	-6.049822	-17.43772	-4.626335	-8.185054	-5.338078	82.91815	-4.626335	-8.185054
30.01	-12.81139	414.6406	-1461.299	461.9218	-92.88256	-1489.754	-7.473267	32.02844	290.0356	-53.73666	-17.08185	-6.049822	-5.338078	-17.08185	-30.60498	-156.2278	-31.6726	-4.270463	-6.049822	-6.049822	82.56228	-4.626335	-8.185054	-5.338078	-17.08185	-4.626335	-8.185054
30.3	-12.81139	1814.641	1239.701	361.9218	7.117439	-88.75439	192.5267	-367.9716	-309.9644	-53.73666	-17.08185	-6.049822	-5.338078	-17.08185	-30.60498	-256.2278	-31.6726	-4.270463	-6.049822	-6.049822	-17.43772	-4.626335	-8.185054	-5.338078	-17.08185	-4.626335	-8.185054
30.58	-12.81139	1514.641	-961.2988	-238.0782	7.117439	-1689.754	192.5267	632.0284	190.0356	-53.73666	82.91815	-6.049822	194.6619	-17.08185	969.395	43.77225	-31.6726	-4.270463	-6.049822	-6.049822	-17.43772	-4.626335	-8.185054	194.6619	-17.08185	-4.626335	-8.185054
30.87	-12.81139	214.6406	339.7012	461.9218	-92.88256	-1189.754	92.52673	-67.97156	190.0356	146.2633	-17.08185	-6.049822	-5.338078	-17.08185	-130.605	-156.2278	68.3274	-4.270463	-6.049822	-6.049822	-17.43772	-4.626335	-8.185054	-5.338078	-17.08185	-4.626335	-8.185054
31.15	-12.81139	814.6406	-660.2988	-338.0782	-92.88256	-1689.754	-407.4733	-567.9716	-609.9644	46.26334	-17.08185	-6.049822	-5.338078	-17.08185	-130.605	-56.22775	-31.6726	-4.270463	-6.049822	-6.049822	-17.43772	-4.626335	-8.185054	-5.338078	-17.08185	-4.626335	-8.185054
31.44	-12.81139	-1185.359	-1661.299	-438.0782	-92.88256	-789.7544	492.5267	-167.9716	190.0356	-53.73666	-17.08185	-6.049822	-5.338078	-17.08185	-130.605	-156.2278	68.3274	-4.270463	-6.049822	-6.049822	-17.43772	-4.626335	-8.185054	-5.338078	-17.08185	-4.626335	-8.185054
31.72	87.18861	514.6406	-460.2988	261.9218	7.117439	-989.7544	-607.4733	-67.97156	-109.9644	-53.73666	-17.08185	-6.049822	-5.338078	-17.08185	169.395	-256.2278	-31.6726	95.72954	-6.049822	-6.049822	-17.43772	-4.626335	-8.185054	-5.338078	-17.08185	-4.626335	-8.185054
32	-12.81139	14.64062	-160.2988	-338.0782	7.117439	-488.7544	-707.4733	232.0284	-9.964355	46.26334	-17.08185	-6.049822	-5.338078	-17.08185	-30.60498	-56.22775	-31.6726	-4.270463	-6.049822	-6.049822	-17.43772	95.37366	-8.185054	-5.338078	-17.08185	95.37366	-8.185054
32.29	-12.81139	1414.641	-560.2988	-138.0782	-92.88256	-1689.754	-1107.473	-267.9716	590.0356	46.26334	-17.08185	-6.049822	-5.338078	-17.08185	-30.60498	-156.2278	-31.6726	-4.270463	-6.049822	-6.049822	82.56228	-4.626335	91.81495	-5.338078	-17.08185	-4.626335	91.81495
32.58	-12.81139	-85.35938	-1261.299	-538.0782	7.117439	511.2456	-507.4733	-267.9716	-809.9644	-53.73666	-17.08185	-6.049822	-5.338078	-17.08185	-30.60498	243.7722	68.3274	-4.270463	-6.049822	-6.049822	-17.43772	-4.626335	91.81495	-5.338078	-17.08185	-4.626335	91.81495
32.86	-12.81139	1214.641	-1061.299	-38.07825	107.1174	-1489.754	192.5267	532.0284	490.0356	-53.73666	-17.08185	-6.049822	-5.338078	-17.08185	-30.60498	243.7722	-31.6726	-4.270463	-6.049822	-6.049822	-17.43772	-4.626335	-8.185054	-5.338078	-17.08185	-4.626335	-8.185054
33.15	-12.81139	814.6406	-1061.299	-138.0782	-92.88256	-1789.754	-207.4733	132.0284	90.03564	-53.73666	-17.08185	-6.049822	-5.338078	-17.08185	69.39502	43.77225	68.3274	-4.270463	-6.049822	-6.049822	-17.43772	-4.626335	191.8149	-5.338078	-17.08185	-4.626335	191.8149
33.43	-12.81139	814.6406	-660.2988	-38.07825	107.1174	-1189.754	92.52673	132.0284	390.0356	246.2633	-17.08185	-6.049822	-5.338078	-17.08185	-30.60498	143.7722	-31.6726	-4.270463	-6.049822	-6.049822	-17.43772	95.37366	-8.185054	-5.338078	-17.08185	95.37366	-8.185054
33.72	-12.81139	1114.641	-961.2988	-538.0782	7.117439	-1589.754	-407.4733	332.0284	-109.9644	-53.73666	-17.08185	-6.049822	-5.338078	-17.08185	169.395	43.77225	-31.6726	-4.270463	-6.049822	-6.049822	-17.43772	-4.626335	-8.185054	-5.338078	-17.08185	-4.626335	-8.185054
34	-12.81139	-185.3594	-560.2988	561.9218	7.117439	-2089.754	-207.4733	332.0284	1090.036	46.26334	-17.08185	-6.049822	-5.338078	-17.08185	-30.60498	-156.2278	-31.6726	-4.270463	-6.049822	-6.049822	-17.43772	-4.626335	-8.185054	-5.338078	-17.08185	-4.626335	-8.185054
34.29	-12.81139	19827.64	-1161.299	-38.07825	107.1174	-889.7544	13797.53	432.0284	590.0356	246.2633	82.91815	-6.049822	-5.338078	-17.08185	83509.4	231715.8	-31.6726	-4.270463	393.9502	593.9502	582.5623	-4.626335	91.81495	-5.338078	-17.08185	-4.626335	91.81495
34.57	87.18861	2150075	-1261.299	-438.0782	407.1174	22125.25	229559.5	-67.97156	-409.9644	1946.263	1482.918	393.9502	-5.338078	-17.08185	280637.4	829284.8	-31.6726	95.72954	293.9502	2393.95	682.5623	95.37366	191.8149	-5.338078	-17.08185	95.37366	191.8149
34.86	387.1886	4422610	239.7012	661.9218	407.1174	41555.25	386181.5	32.02844	690.0356	1746.263	3882.918	393.9502	94.66192	-17.08185	446829.4	1053706	168.3274	95.72954	493.9502	3493.95	982.5623	95.37366	191.8149	94.66192	-17.08185	95.37366	191.8149
35.14	287.1886		-660.2988	861.9218	507.1174	54783.25	459613.5	432.0284	-309.9644	2746.263	4582.918	293.9502	-5.338078	-17.08185	439704.4	1133277	-31.6726	295.7295	593.9502	4493.95	1082.562	-4.626335	691.8149	-5.338078	-17.08185	-4.626335	691.8149
35.42	787.1886		1939.701	561.9218	1007.117	56587.25	565356.5	532.0284	490.0356	5247.263	4982.918	1393.95	-5.338078	82.91815	388060.4	1170641	68.3274	-4.270463	193.9502	3293.95	1582.562	-4.626335	91.81495	-5.338078	82.91815	-4.626335	91.81495
35.71	587.1886		239.7012	761.9218	1007.117	68620.24	565560.5	-167.9716	190.0356	5047.263	5683.918	993.9502	-5.338078	82.91815	343008.4	970744.8	68.3274	195.7295	193.9502	3693.95	1482.562	95.37366	291.8149	-5.338078	82.91815	95.37366	291.8149
35.99	487.1886		2139.701	661.9218	707.1174	69523.24	566583.5	332.0284	-509.9644	4346.263	5783.918	1193.95	94.66192	-17.08185	275682.4	834142.8	-31.6726	195.7295	593.9502	2293.95	1082.562	95.37366	291.8149	94.66192	-17.08185	95.37366	291.8149
36.28	487.1886		1839.701	-38.07825	407.1174	70827.24	665688.5	32.02844	390.0356	4446.263	5783.918	893.9502	94.66192	-17.08185	291965.4	795513.8	-31.6726	-4.270463	593.9502	2393.95	1782.562	195.3737	91.81495	94.66192	-17.08185	195.3737	91.81495
36.57	587.1886		1139.701	361.9218	107.1174	80960.24	658809.5	-267.9716	-9.964355	5547.263	7783.918	393.9502	94.66192	82.91815	242036.4	677305.8	-31.6726	195.7295	793.9502	1293.95	882.5623	95.37366	-8.185054	94.66192	82.91815	95.37366	-8.185054
36.85	287.1886		2139.701	561.9218	507.1174	89792.24	762399.5	-467.9716	-209.9644	4546.263	5483.918	1093.95	-5.338078	-17.08185	291156.4	751172.8	68.3274	95.72954	393.9502	1393.95	1282.562	-4.626335	191.8149	-5.338078	-17.08185	-4.626335	191.8149
37.14	487.1886		2539.701	1361.922	707.1174	86580.24	765389.5	-267.9716	490.0356	5747.263	7483.918	993.9502	294.6619	-17.08185	266988.4	768899.8	-31.6726	295.7295	293.9502	1393.95	982.5623	95.37366	391.8149	294.6619	-17.08185	95.37366	391.8149
37.42	387.1886		639.7012	761.9218	807.1174	85074.24	800981.5	232.0284	-309.9644	7047.263	6683.918	793.9502	-5.338078	82.91815	345745.4	923400.8	68.3274	95.72954	793.9502	893.9502	1182.562	395.3737	391.8149	-5.338078	82.91815	395.3737	391.8149
37.72	187.1886		2139.701	261.9218	507.1174	89692.24	827613.5	-467.9716	290.0356	7147.263	5283.918	593.9502	-5.338078	82.91815	415495.4	1302167	368.3274	295.7295	793.9502	1093.95	1982.562	-4.626335	391.8149	-5.338078	82.91815	-4.626335	391.8149
38	187.1886		2139.701	-38.07825	607.1174	90495.24	720892.5	-67.97156	390.0356	6047.263	4882.918	1293.95	-5.338078	82.91815	560281.4	1389429	168.3274	195.7295	293.9502	1393.95	782.5623	-4.626335	591.8149	-5.338078	82.91815	-4.626335	591.8149
38.29	287.1886		2439.701	861.9218	607.1174	87784.24	727170.5	-267.9716	290.0356	6347.263	8283.918	993.9502	-5.338078	-17.08185	1040068	2647667	-31.6726	295.7295	193.9502	993.9502	1482.562	-4.626335	691.8149	-5.338078	-17.08185	-4.626335	691.8149
38.58	487.1886		1739.701	1461.922	1007.117	79154.24	698981.5	132.0284	690.0356	6147.263	8383.918	893.9502	-5.338078	182.9182	9332307	2.482983e+07	268.3274	695.7296	693.9502	3493.95	5583.562	95.37366	691.8149	-5.338078	182.9182	95.37366	691.8149
38.86	1787.189		2139.701	3961.922	5708.118	84372.24	686234.5	232.0284	-109.9644	6847.263	11185.92	1093.95	-5.338078	-17.08185	2.373934e+07	7.03789e+07	68.3274	495.7295	293.9502	4493.95	5583.562	295.3737	1091.815	-5.338078	-17.08185	295.3737	1091.815
39.15	2887.189		539.7012	8263.922	8508.117	79756.24	549916.5	932.0284	990.0356	8748.264	17888.92	993.9502	-5.338078	582.9182	5.293091e+07	1.43601e+08	-31.6726	695.7296	3793.95	6194.95	7583.562	-4.626335	1091.815	-5.338078	582.9182	-4.626335	1091.815
39.43	4487.188		3540.701	12465.92	10709.12	54282.25	475813.5	2332.028	1090.036	11249.26	26196.92	293.9502	-5.338078	882.9182	7.630838e+07	2.082729e+08	368.3274	1895.729	493.9502	8194.95	9784.562	95.37366	1191.815	-5.338078	882.9182	95.37366	1191.815
39.72	3287.189		2339.701	20771.92	9409.117	46364.25	356138.5	732.0284	1990.036	13149.26	28198.92	393.9502	-5.338078	1682.918	9.033945e+07	2.202913e+08	968.3274	595.7296	893.9502	9395.95	10284.56	-4.626335	1591.815	-5.338078	1682.918	-4.626335	1591.815
40.01	3087.189	4499982	3440.701	33385.92	6808.118	34743.25	283512.5	2232.028	2490.036	13250.26	30200.92	293.9502	94.66192	1782.918	1.016099e+08	2.403226e+08	2668.327	1295.729	293.9502	16599.95	10984.56	-4.626335	2791.815	94.66192	1782.918	-4.626335	2791.815
40.29	2487.189	3511792	2339.701	60436.92	5708.118	26431.25	239048.5	2132.028	2990.036	19454.26	35107.92	293.9502	-5.338078	1382.918	1.0925e+08	2.76381e+08	2968.327	1295.729	493.9502	21302.95	9784.562	-4.626335	3191.815	-5.338078	1382.918	-4.626335	3191.815
40.58	1487.189	2669884	3840.701	77484.92	3307.117	19423.25	198492.5	1532.028	2390.036	20154.26	36008.92	293.9502	-5.338078	2282.918	1.106316e+08	3.244629e+08	3568.327	695.7296	293.9502	31613.95	9784.562	-4.626335	4391.815	-5.338078	2282.918	-4.626335	4391.815
40.86	1187.189	2526431	3440.701	95949.92	10209.12	16220.25	176426.5	1732.028	3190.036	26360.26	44221.92	193.9502	-5.338078	1882.918	1.218642e+08	3.144455e+08	4068.327	495.7295	193.9502	36920.95	12185.56	-4.626335	5892.815	-5.338078	1882.918	-4.626335	5892.815
41.15	687.1886	2023400	3640.701	133522.9	2007.117	13718.25	156593.5	2532.028	3390.036	32467.26	52537.92	193.9502	-5.338078	2782.918	1.323271e+08	3.745531e+08	3868.327	1295.729	693.9502	42629.95	13786.56	-4.626335	6692.815	-5.338078	2782.918	-4.626335	6692.815
41.44	1387.189	1733845	2639.701	148105.9	1807.117	11216.25	136776.5	2132.028	3290.036	33669.26	48128.92	393.9502	-5.338078	2882.918	1.22229e+08	3.384877e+08	4368.328	1295.729	193.9502	41227.95	12385.56	-4.626335	5792.815	-5.338078	2882.918	-4.626335	5792.815
41.72	587.1886	1244967	2940.701	149312.9	1007.117	10315.25	126320.5	2932.028	3591.036	35171.26	50533.92	-6.049822	-5.338078	4682.918	1.323856e+08	3.244629e+08	4968.328	1395.729	493.9502	41327.95	12785.56	-4.626335	6092.815	-5.338078	4682.918	-4.626335	6092.815
42.01	487.1886	1460206	4040.701	170749.9	807.1174	10015.25	120993.5	1932.028	4191.036	38676.26	62560.92	293.9502	-5.338078	4182.918	1.347865e+08	3.525128e+08	3968.327	2095.729	-6.049822	50945.95	13286.56	-4.626335	7092.815	-5.338078	4182.918	-4.626335	7092.815
42.3	1187.189	978852.6	4640.701	192407.9	1707.117	7213.246	106125.5	1932.028	3491.036	47692.26	66771.92	193.9502	-5.338078	4882.918	1.311126e+08	3.485056e+08	4768.328	2895.729	193.9502	47538.95	13886.56	-4.626335	8392.815	-5.338078	4882.918	-4.626335	8392.815
42.58	887.1886	706535.6	3640.701	201881.9	907.1174	5012.246	96586.52	3032.028	2390.036	43684.26	69679.92	393.9502	-5.338078	3782.918	1.330003e+08	3.2847e+08	4268.328	3295.729	193.9502	43130.95	12985.56	-4.626335	6992.815	-5.338078	3782.918	-4.626335	6992.815
42.87	1187.189	596701.6	3340.701	215596.9	1207.117	4212.246	99698.52	1832.028	4891.036	44285.26	76399.92	93.95018	-5.338078	2882.918	1.285534e+08	3.024248e+08	4768.328	3895.729	-6.049822	42529.95	12585.56	-4.626335	7292.815	-5.338078	2882.918	-4.626335	7292.815
43.15	1987.189	698513.6	4540.701	207729.9	1307.117	7714.246	72202.52	3132.028	2690.036	41581.26	84123.92	93.95018	-5.338078	3782.918	1.307762e+08	3.404912e+08	3968.327	3895.729	93.95018	37621.95	9684.562	-4.626335	4891.815	-5.338078	3782.918	-4.626335	4891.815
43.44	3087.189	497337.6	3240.701	195531.9	3907.117	1211.246	78020.52	2432.028	3991.036	43384.26	89843.92	193.9502	-5.338078	3482.918	1.456984e+08	4.547079e+08	4468.328	4695.729	-6.049822	31212.95	10384.56	-4.626335	4691.815	-5.338078	3482.918	-4.626335	4691.815
43.73	4387.188	397449.6	3240.701	175079.9	7708.118	-88.75439	60470.53	2532.028	1390.036	33669.26	76098.92	-6.049822	-5.338078	1982.918	1.366614e+08	3.424948e+08	3468.327	2895.729	193.9502	22803.95	10784.56	195.3737	3591.815	-5.338078	1982.918	195.3737	3591.815
44.01	5188.188	258105.6	3340.701	127189.9	17113.12	2111.246	42431.53	2232.028	3290.036	30264.26	67674.92	193.9502	-5.338078	3082.918	1.343032e+08	4.206406e+08	2568.327	2295.729	193.9502	21702.95	10684.56	-4.626335	1691.815	-5.338078	3082.918	-4.626335	1691.815
44.3	8588.188	222456.6	2839.701	106893.9	21516.12	2011.246	42431.53	2332.028	3290.036	21856.26	61457.92	-6.049822	-5.338078	1782.918	1.36178e+08	3.665384e+08	1868.327	2095.729	93.95018	17299.95	14186.56	-4.626335	1691.815	-5.338078	1782.918	-4.626335	1691.815
44.58	15292.19	208432.6	1439.701	85009.92	33429.12	811.2456	37723.53	2432.028	5891.036	16952.26	62159.92	93.95018	-5.338078	1182.918	1.432021e+08	3.885793e+08	1868.327	1995.729	-6.049822	8594.95	11785.56	-4.626335	1991.815	-5.338078	1182.918	-4.626335	1991.815
44.87	18694.19	186958.6	3640.701	71967.92	40740.12	-488.7544	31214.53	3032.028	3691.036	14650.26	55644.92	93.95018	94.66192	782.9182	1.359436e+08	3.565201e+08	1168.327	2095.729	-6.049822	10795.95	12785.56	-4.626335	791.8149	94.66192	782.9182	-4.626335	791.8149
45.15	21897.19	137828.6	5140.701	77785.92	54667.12	1211.246	23405.53	2932.028	3891.036	16652.26	53940.92	693.9502	-5.338078	1282.918	1.423949e+08	4.506998e+08	1068.327	2895.729	-6.049822	10495.95	13386.56	-4.626335	1091.815	-5.338078	1282.918	-4.626335	1091.815
45.44	21797.19	155536.6	2739.701	77083.92	49256.12	1111.246	27309.53	1832.028	5091.036	17352.26	49932.92	293.9502	-5.338078	1482.918	1.343764e+08	3.765569e+08	1268.327	1695.729	-6.049822	10995.95	14286.56	-4.626335	1491.815	-5.338078	1482.918	-4.626335	1491.815
45.73	20495.19	123349.6	3940.701	81096.92	41341.12	811.2456	26208.53	2432.028	4391.036	20554.26	54241.92	93.95018	-5.338078	1882.918	1.340836e+08	3.665384e+08	1568.327	1995.729	93.95018	7594.95	11084.56	-4.626335	3491.815	-5.338078	1882.918	-4.626335	3491.815
46.01	12190.19	69428.64	3940.701	79490.92	29825.12	-488.7544	30012.53	1932.028	3991.036	22656.26	51234.92	93.95018	-5.338078	2482.918	1.326051e+08	3.68542e+08	1968.327	1995.729	-6.049822	11496.95	13486.56	-4.626335	1791.815	-5.338078	2482.918	-4.626335	1791.815
46.3	10889.19	86084.64	2339.701	81597.92	23318.12	-889.7544	37924.53	2232.028	2590.036	29463.26	48830.92	93.95018	-5.338078	2782.918	1.306445e+08	3.745531e+08	2468.327	1795.729	-6.049822	14797.95	14886.56	-4.626335	1891.815	-5.338078	2782.918	-4.626335	1891.815
46.58	11290.19	60603.64	4140.701	80293.92	15712.12	-388.7544	36622.53	2732.028	3491.036	33769.26	53940.92	93.95018	-5.338078	4282.918	1.332052e+08	4.046097e+08	1768.327	1395.729	93.95018	19501.95	12985.56	95.37366	3591.815	-5.338078	4282.918	95.37366	3591.815
46.87	8889.188	84679.64	3540.701	80995.92	13110.12	-1289.754	42531.53	3032.028	2690.036	41981.26	54040.92	-6.049822	-5.338078	4882.918	1.38684e+08	3.645347e+08	2468.327	2495.729	-6.049822	23504.95	10284.56	-4.626335	3591.815	-5.338078	4882.918	-4.626335	3591.815
47.16	5088.188	98332.64	3240.701	70162.92	9509.117	111.2456	43734.53	1932.028	4391.036	39678.26	55143.92	93.95018	-5.338078	2282.918	1.223603e+08	3.765569e+08	3268.327	1295.729	93.95018	22303.95	11485.56	-4.626335	4491.815	-5.338078	2282.918	-4.626335	4491.815
47.44	6088.188	65015.64	4040.701	64346.92	7708.118	-889.7544	49344.53	2332.028	2890.036	41480.26	54040.92	-6.049822	-5.338078	3782.918	1.265512e+08	3.645347e+08	2068.327	1795.729	293.9502	37922.95	12085.56	-4.626335	5992.815	-5.338078	3782.918	-4.626335	5992.815
47.73	4887.188	68826.64	4240.701	62843.92	6308.118	-1789.754	47741.53	2832.028	2990.036	49194.26	59553.92	193.9502	-5.338078	3182.918	1.308493e+08	3.725494e+08	2368.327	2795.729	-6.049822	52348.95	9384.562	-4.626335	6592.815	-5.338078	3182.918	-4.626335	6592.815
48.02	7588.188	59500.64	4440.701	61138.92	4007.117	111.2456	53553.53	2032.028	2890.036	53102.26	64565.92	293.9502	-5.338078	5683.918	1.413971e+08	3.90583e+08	3368.327	2695.729	-6.049822	75507.95	13386.56	-4.626335	6192.815	-5.338078	5683.918	-4.626335	6192.815
48.3	7788.188	63009.64	2339.701	74575.92	4407.118	-288.7544	49745.53	3032.028	4291.036	58214.26	57749.92	393.9502	-5.338078	3882.918	1.360461e+08	3.805643e+08	2868.327	1495.729	193.9502	74704.95	9284.562	-4.626335	4691.815	-5.338078	3882.918	-4.626335	4691.815
48.59	9989.188	41359.64	5340.701	75578.92	3307.117	-388.7544	51248.53	2932.028	1990.036	51700.26	61457.92	193.9502	94.66192	5283.918	1.35841e+08	3.204559e+08	2868.327	1995.729	93.95018	88550.95	12185.56	-4.626335	5292.815	94.66192	5283.918	-4.626335	5292.815
48.87	18594.19	41459.64	2639.701	91733.92	4507.118	-689.7544	56961.53	2732.028	4191.036	58013.26	67674.92	193.9502	-5.338078	4182.918	1.310541e+08	3.585237e+08	3068.327	2495.729	193.9502	87446.95	10684.56	-4.626335	5692.815	-5.338078	4182.918	-4.626335	5692.815
49.16	23598.19	47571.64	4640.701	87417.92	5708.118	11.24561	51148.53	3132.028	4091.036	49695.26	60455.92	693.9502	-5.338078	5483.918	1.31376e+08	3.344805e+08	2468.327	3095.729	93.95018	98587.95	11685.56	-4.626335	5692.815	-5.338078	5483.918	-4.626335	5692.815
49.45	35713.19	36249.64	3140.701	87819.92	8008.118	-1489.754	44235.53	2532.028	4891.036	47692.26	64465.92	1193.95	-5.338078	3982.918	1.371596e+08	3.725494e+08	3068.327	2395.729	93.95018	96579.95	14386.56	-4.626335	5792.815	-5.338078	3982.918	-4.626335	5792.815
49.73	29004.19	31542.64	3940.701	75879.92	6708.118	-1589.754	41129.53	3032.028	3791.036	40279.26	55544.92	793.9502	-5.338078	4382.918	1.382002e+08	3.384877e+08	2568.327	2095.729	93.95018	91861.95	11185.56	-4.626335	4191.815	-5.338078	4382.918	-4.626335	4191.815
50.02	22297.19	25734.64	3340.701	58331.92	10109.12	311.2456	38525.53	4032.028	3491.036	38976.26	50934.92	293.9502	-5.338078	3282.918	1.329125e+08	3.745531e+08	3368.327	1495.729	93.95018	101700	12385.56	-4.626335	5592.815	-5.338078	3282.918	-4.626335	5592.815
50.31	26001.19	25033.64	3740.701	57830.92	9009.117	511.2456	39526.53	2632.028	3491.036	35571.26	51635.92	293.9502	-5.338078	3082.918	1.338933e+08	3.985982e+08	3368.327	1195.729	93.95018	111844	12185.56	-4.626335	5392.815	-5.338078	3082.918	-4.626335	5392.815
50.59	25500.19	29439.64	4540.701	57329.92	17713.12	111.2456	42531.53	2632.028	4191.036	33168.26	53239.92	693.9502	-5.338078	2682.918	1.345229e+08	3.765569e+08	3568.327	1495.729	93.95018	107625	10484.56	-4.626335	4191.815	-5.338078	2682.918	-4.626335	4191.815
50.88	29104.19	45266.64	4040.701	52418.92	33329.12	-388.7544	36722.53	3632.028	3290.036	32868.26	58350.92	493.9502	-5.338078	3282.918	1.365442e+08	4.066135e+08	3768.327	1795.729	293.9502	101098	12085.56	-4.626335	4391.815	-5.338078	3282.918	-4.626335	4391.815
51.16	36714.19	24232.64	4140.701	57429.92	70807.12	-689.7544	36622.53	2432.028	1890.036	28462.26	65468.92	693.9502	-5.338078	3282.918	1.328539e+08	2.803876e+08	3368.327	1495.729	93.95018	80823.95	11185.56	-4.626335	4591.815	-5.338078	3282.918	-4.626335	4591.815
51.45	46029.19	89697.64	3240.701	63544.92	114971.1	411.2456	34719.53	2132.028	2190.036	27461.26	62660.92	1293.95	-5.338078	2782.918	1.301472e+08	4.086173e+08	2768.327	3095.729	-6.049822	64877.95	11585.56	-4.626335	3791.815	-5.338078	2782.918	-4.626335	3791.815
51.74	53143.19	20628.64	3040.701	70965.92	155188.1	-1089.754	36522.53	3032.028	4091.036	26360.26	76198.92	1393.95	-5.338078	3382.918	1.448318e+08	3.985982e+08	1668.327	2295.729	193.9502	56757.95	14987.56	-4.626335	5492.815	-5.338078	3382.918	-4.626335	5492.815
52.02	63768.19	18325.64	3340.701	80293.92	191942.1	511.2456	34619.53	2032.028	4291.036	26660.26	72487.92	1393.95	94.66192	1982.918	1.336883e+08	3.084351e+08	2568.327	2995.729	193.9502	49342.95	12285.56	-4.626335	3591.815	94.66192	1982.918	-4.626335	3591.815
52.31	66375.19	36149.64	2639.701	78989.92	192345.1	1311.246	33217.53	2432.028	3691.036	22556.26	75496.92	1593.95	-5.338078	1882.918	1.371743e+08	3.384877e+08	3368.327	2495.729	-6.049822	39524.95	10784.56	-4.626335	3791.815	-5.338078	1882.918	-4.626335	3791.815
52.6	70587.19	21629.64	4640.701	81397.92	201920.1	-1689.754	30313.53	2932.028	3591.036	25859.26	80812.92	1393.95	-5.338078	1982.918	1.343032e+08	3.665384e+08	3468.327	2695.729	493.9502	31713.95	12185.56	-4.626335	4191.815	-5.338078	1982.918	-4.626335	4191.815
52.88	72793.19	36349.64	2239.701	76983.92	205146.1	-1289.754	33217.53	2932.028	2990.036	21355.26	73490.92	1193.95	-5.338078	1982.918	1.375407e+08	3.725494e+08	3568.327	2795.729	-6.049822	32114.95	12585.56	-4.626335	4291.815	-5.338078	1982.918	-4.626335	4291.815
53.17	81620.19	24031.64	2439.701	88521.92	218156.1	-1989.754	37223.53	2332.028	5091.036	19454.26	84525.92	1493.95	-5.338078	2882.918	9.742633e+07	3.525128e+08	3368.327	2495.729	-6.049822	30612.95	11084.56	-4.626335	2591.815	-5.338078	2882.918	-4.626335	2591.815
53.45	85533.19	24132.64	4340.701	82500.92	232686.1	-1889.754	34819.53	2732.028	3691.036	23457.26	90044.92	1493.95	-5.338078	2882.918	1.48211e+08	3.32477e+08	3468.327	2195.729	93.95018	33515.95	13586.56	-4.626335	4291.815	-5.338078	2882.918	-4.626335	4291.815
53.74	86236.19	41459.64	3440.701	83704.92	246820.1	-588.7544	35820.53	2832.028	3791.036	23557.26	86632.92	1293.95	-5.338078	1582.918	1.376432e+08	3.785605e+08	2468.327	2595.729	393.9502	26607.95	11585.56	-4.626335	3391.815	-5.338078	1582.918	-4.626335	3391.815
54.02	85433.19	25133.64	2940.701	76882.92	249749.1	111.2456	36622.53	3032.028	3891.036	23557.26	82518.92	1393.95	-5.338078	1782.918	1.431288e+08	4.426839e+08	2568.327	3095.729	293.9502	27608.95	13886.56	-4.626335	2691.815	-5.338078	1782.918	-4.626335	2691.815
54.31	84429.19	26034.64	3340.701	78487.92	247123.1	11.24561	32516.53	3132.028	3390.036	25059.26	79910.92	1393.95	-5.338078	2082.918	1.354895e+08	3.62531e+08	2668.327	3695.729	93.95018	28910.95	11285.56	-4.626335	3191.815	-5.338078	2082.918	-4.626335	3191.815
54.59	81921.19	23030.64	3040.701	81096.92	247830.1	-1189.754	34619.53	2532.028	3991.036	22756.26	85628.92	1493.95	-5.338078	1282.918	1.387866e+08	3.705457e+08	2668.327	1595.729	-6.049822	36620.95	11585.56	-4.626335	3191.815	-5.338078	1282.918	-4.626335	3191.815
54.88	78309.19	19727.64	5941.701	73572.92	229355.1	-488.7544	29512.53	2732.028	4891.036	19754.26	77101.92	1293.95	-5.338078	1982.918	1.386693e+08	3.404912e+08	2668.327	2095.729	93.95018	49642.95	9384.562	-4.626335	3391.815	-5.338078	1982.918	-4.626335	3391.815
55.17	70286.19	21028.64	2539.701	74675.92	235209.1	-88.75439	32816.53	2132.028	3591.036	22156.26	77000.92	693.9502	-5.338078	1982.918	1.368959e+08	3.745531e+08	1868.327	2695.729	193.9502	54152.95	11285.56	-4.626335	1991.815	-5.338078	1982.918	-4.626335	1991.815
55.45	69684.19	22530.64	3440.701	67856.92	217349.1	-1989.754	31214.53	2032.028	2990.036	22756.26	71384.92	893.9502	-5.338078	2382.918	1.283049e+08	3.545164e+08	1868.327	3295.729	193.9502	45234.95	12485.56	-4.626335	2791.815	-5.338078	2382.918	-4.626335	2791.815
55.74	71188.19	17925.64	4140.701	70162.92	203432.1	-1189.754	30914.53	2432.028	4391.036	21655.26	71885.92	993.9502	-5.338078	2082.918	1.280272e+08	3.525128e+08	1868.327	2695.729	193.9502	46436.95	9784.562	-4.626335	3191.815	-5.338078	2082.918	-4.626335	3191.815
56.02	70486.19	20427.64	2639.701	63645.92	201517.1	-188.7544	30413.53	2032.028	3791.036	19954.26	71083.92	693.9502	-5.338078	2282.918	1.353284e+08	3.32477e+08	2368.327	3895.729	-6.049822	37221.95	9684.562	-4.626335	3091.815	-5.338078	2282.918	-4.626335	3091.815
56.31	71991.19	19326.64	4440.701	68758.92	203634.1	-1789.754	32516.53	3132.028	5591.036	26660.26	79408.92	1193.95	-5.338078	2882.918	1.378484e+08	3.725494e+08	3068.327	2095.729	93.95018	41127.95	12385.56	-4.626335	4791.815	-5.338078	2882.918	-4.626335	4791.815
56.6	64570.19	19126.64	3940.701	72770.92	206961.1	-1189.754	34719.53	2132.028	3190.036	25159.26	74192.92	1693.95	-5.338078	2282.918	1.334687e+08	3.264664e+08	2568.327	2795.729	93.95018	39825.95	11885.56	-4.626335	3991.815	-5.338078	2282.918	-4.626335	3991.815
56.88	65773.19	18726.64	3040.701	68859.92	197081.1	-1389.754	33717.53	1832.028	2890.036	25159.26	78906.92	1493.95	-5.338078	1982.918	1.396957e+08	3.925868e+08	2468.327	1795.729	193.9502	59564.95	12285.56	-4.626335	2391.815	-5.338078	1982.918	-4.626335	2391.815
57.17	60961.19	24232.64	3240.701	69360.92	176327.1	-1189.754	34418.53	2332.028	3390.036	24458.26	74092.92	1193.95	-5.338078	1982.918	1.407663e+08	3.865756e+08	3268.327	2595.729	-6.049822	83332.95	10984.56	-4.626335	4291.815	-5.338078	1982.918	-4.626335	4291.815
57.45	56852.19	24232.64	2940.701	67455.92	169682.1	-1289.754	33517.53	2732.028	4491.036	22856.26	68175.92	693.9502	-5.338078	3082.918	1.407516e+08	3.384877e+08	2068.327	1995.729	93.95018	91259.95	10684.56	-4.626335	3191.815	-5.338078	3082.918	-4.626335	3191.815
57.74	50237.19	21128.64	2639.701	64848.92	160219.1	11.24561	33117.53	2132.028	2590.036	21856.26	63162.92	1493.95	-5.338078	2382.918	1.386693e+08	3.565201e+08	3368.327	2195.729	93.95018	103809	10684.56	-4.626335	3091.815	-5.338078	2382.918	-4.626335	3091.815
58.03	47232.19	20928.64	3340.701	56828.92	127632.1	-2389.754	38425.53	2832.028	4691.036	23257.26	68777.92	993.9502	-5.338078	2382.918	1.381709e+08	3.585237e+08	4068.327	2495.729	-6.049822	96981.95	11985.56	-4.626335	2691.815	-5.338078	2382.918	-4.626335	2691.815
58.31	46330.19	21529.64	3540.701	55425.92	117583.1	-889.7544	36922.53	1832.028	3591.036	24858.26	58651.92	1193.95	-5.338078	2982.918	1.402676e+08	3.525128e+08	2968.327	2195.729	193.9502	100998	10484.56	-4.626335	3591.815	-5.338078	2982.918	-4.626335	3591.815
58.6	42223.19	19727.64	3540.701	59434.92	93181.12	-1289.754	43633.53	3632.028	3591.036	24658.26	63362.92	993.9502	-5.338078	2582.918	1.404143e+08	3.725494e+08	3168.327	1995.729	293.9502	96378.95	12885.56	-4.626335	2991.815	-5.338078	2582.918	-4.626335	2991.815
58.88	40920.19	22730.64	1939.701	57429.92	76324.12	-488.7544	50447.53	3632.028	4791.036	25359.26	64966.92	1293.95	-5.338078	2682.918	1.053803e+08	3.725494e+08	3668.327	1495.729	93.95018	93367.95	13386.56	-4.626335	6192.815	-5.338078	2682.918	-4.626335	6192.815
59.17	37615.19	22630.64	2839.701	55826.92	64591.12	-1589.754	44134.53	3432.028	4891.036	27461.26	56947.92	393.9502	-5.338078	3182.918	1.357238e+08	4.166328e+08	2968.327	695.7296	193.9502	81425.95	12185.56	-4.626335	2791.815	-5.338078	3182.918	-4.626335	2791.815
59.46	31307.19	21128.64	2839.701	48009.92	46450.12	-388.7544	40127.53	2832.028	2890.036	25459.26	59854.92	493.9502	-5.338078	3182.918	1.38728e+08	3.865756e+08	3668.327	1395.729	193.9502	90155.95	10584.56	-4.626335	4491.815	-5.338078	3182.918	-4.626335	4491.815
59.74	31507.19	21729.64	4240.701	38092.92	44146.12	-1789.754	39025.53	2532.028	3491.036	21856.26	56746.92	693.9502	-5.338078	3282.918	1.49196e+08	3.805643e+08	3568.327	495.7295	-6.049822	103910	10184.56	-4.626335	4291.815	-5.338078	3282.918	-4.626335	4291.815
60.03	26201.19	24031.64	4440.701	40395.92	37135.12	-989.7544	35420.53	2032.028	2390.036	23157.26	51736.92	693.9502	-5.338078	3182.918	1.356066e+08	3.805643e+08	3668.327	1295.729	93.95018	93267.95	11385.56	-4.626335	3391.815	-5.338078	3182.918	-4.626335	3391.815
60.31	21596.19	19526.64	3240.701	40896.92	31227.12	-88.75439	33818.53	2132.028	3190.036	20855.26	47527.92	593.9502	-5.338078	3482.918	1.329564e+08	4.00602e+08	3968.327	1795.729	93.95018	97985.95	10184.56	-4.626335	3791.815	-5.338078	3482.918	-4.626335	3791.815
60.6	24499.19	20928.64	2139.701	34687.92	25921.12	411.2456	38324.53	2432.028	3090.036	24758.26	50032.92	593.9502	-5.338078	3582.918	1.40341e+08	3.785605e+08	4068.327	1895.729	193.9502	101299	12085.56	-4.626335	3291.815	-5.338078	3582.918	-4.626335	3291.815
60.89	27402.19	20127.64	4340.701	40095.92	22717.12	1111.246	34619.53	3532.028	3891.036	21856.26	53239.92	393.9502	94.66192	4282.918	1.384054e+08	3.404912e+08	2968.327	1295.729	93.95018	155979	13386.56	-4.626335	3891.815	94.66192	4282.918	-4.626335	3891.815
61.17	30105.19	24432.64	3640.701	36990.92	21516.12	311.2456	36021.53	3232.028	3891.036	25359.26	56345.92	1193.95	-5.338078	2582.918	1.368519e+08	3.585237e+08	3468.327	1295.729	-6.049822	219756	9784.562	-4.626335	4291.815	-5.338078	2582.918	-4.626335	4291.815
61.46	25900.19	25233.64	4440.701	41197.92	17313.12	311.2456	36021.53	2132.028	3390.036	27161.26	54642.92	1193.95	94.66192	4382.918	1.38039e+08	3.344805e+08	3068.327	1595.729	93.95018	349012.9	12285.56	-4.626335	2991.815	94.66192	4382.918	-4.626335	2991.815
61.74	28904.19	35648.64	3140.701	45705.92	16913.12	1111.246	32416.53	1432.028	3491.036	28162.26	60054.92	1793.95	-5.338078	2482.918	1.338054e+08	3.645347e+08	2768.327	2795.729	93.95018	491069.9	13786.56	-4.626335	3991.815	-5.338078	2482.918	-4.626335	3991.815
62.03	23198.19	30941.64	3940.701	46707.92	12710.12	1511.246	39927.53	2332.028	4491.036	28362.26	59052.92	2393.95	-5.338078	2782.918	1.322539e+08	3.665384e+08	1568.327	1995.729	193.9502	491783.9	11985.56	-4.626335	4791.815	-5.338078	2782.918	-4.626335	4791.815
62.32	22998.19	31141.64	4640.701	45604.92	13010.12	3412.246	40127.53	2032.028	3491.036	28162.26	61959.92	1293.95	-5.338078	1982.918	1.40825e+08	3.505092e+08	2768.327	2095.729	193.9502	453876.9	15787.56	-4.626335	3791.815	-5.338078	1982.918	-4.626335	3791.815
62.6	15892.19	59299.64	3440.701	54122.92	11310.12	711.2456	44735.53	1732.028	3390.036	33468.26	60154.92	2093.95	94.66192	3482.918	1.371977e+08	3.68542e+08	2668.327	2495.729	393.9502	384020.9	11084.56	-4.626335	3591.815	94.66192	3482.918	-4.626335	3591.815
62.89	18694.19	68224.64	1839.701	53120.92	11210.12	5913.246	46439.53	2732.028	3691.036	32167.26	62360.92	2393.95	-5.338078	2182.918	1.400036e+08	3.965944e+08	2168.327	1995.729	293.9502	360981.9	12285.56	195.3737	3091.815	-5.338078	2182.918	195.3737	3091.815
63.18	14091.19	89396.64	2639.701	58632.92	10709.12	4212.246	45136.53	2632.028	3290.036	32067.26	63964.92	3793.95	-5.338078	2982.918	1.469471e+08	3.845718e+08	2968.327	2595.729	593.9502	345666.9	11585.56	95.37366	3391.815	-5.338078	2982.918	95.37366	3391.815
63.46	13791.19	78557.64	1939.701	60537.92	10709.12	3012.246	44535.53	2832.028	2790.036	30765.26	63362.92	4593.95	94.66192	2882.918	1.372915e+08	3.344805e+08	2468.327	1195.729	193.9502	380974.9	15587.56	-4.626335	3691.815	94.66192	2882.918	-4.626335	3691.815
63.75	14691.19	88794.64	3040.701	65149.92	9309.117	1611.246	45337.53	3032.028	3791.036	31466.26	64365.92	3093.95	-5.338078	2482.918	1.259084e+08	3.585237e+08	2868.327	2495.729	193.9502	354489.9	10584.56	95.37366	3491.815	-5.338078	2482.918	95.37366	3491.815
64.03	11790.19	74042.64	3040.701	60837.92	7908.118	1611.246	46439.53	1532.028	3791.036	35571.26	57949.92	3693.95	-5.338078	3882.918	1.373648e+08	3.82568e+08	2768.327	1695.729	193.9502	304942.9	12885.56	-4.626335	4491.815	-5.338078	3882.918	-4.626335	4491.815
64.32	12290.19	74744.64	2539.701	60938.92	7208.118	1911.246	44134.53	3132.028	2690.036	40379.26	66671.92	1293.95	-5.338078	3282.918	1.361486e+08	4.106212e+08	2068.327	2395.729	193.9502	287133.9	12085.56	-4.626335	5292.815	-5.338078	3282.918	-4.626335	5292.815
64.61	15992.19	76450.64	2339.701	73773.92	6908.118	1511.246	53553.53	2732.028	3791.036	43183.26	66170.92	2093.95	-5.338078	2682.918	1.434664e+08	3.605274e+08	3068.327	2895.729	93.95018	245998	10984.56	-4.626335	4891.815	-5.338078	2682.918	-4.626335	4891.815
64.89	20796.19	81467.64	1839.701	74174.92	7208.118	1211.246	49044.53	3732.028	2990.036	49495.26	66771.92	1393.95	94.66192	4982.918	1.38728e+08	3.144455e+08	3868.327	3295.729	93.95018	208863	7983.562	-4.626335	4991.815	94.66192	4982.918	-4.626335	4991.815
65.18	24199.19	78758.64	3640.701	69661.92	7308.118	211.2456	41930.53	2032.028	3390.036	43584.26	59954.92	1593.95	-5.338078	3282.918	1.38684e+08	3.845718e+08	3268.327	1695.729	93.95018	168661	13185.56	-4.626335	3991.815	-5.338078	3282.918	-4.626335	3991.815
65.46	31106.19	75547.64	1939.701	65650.92	7308.118	-88.75439	43633.53	3832.028	2790.036	40980.26	59453.92	893.9502	-5.338078	3482.918	1.437893e+08	3.985982e+08	2468.327	1895.729	93.95018	140488	11685.56	-4.626335	3591.815	-5.338078	3482.918	-4.626335	3591.815
65.75	28103.19	112395.6	1739.701	60837.92	9009.117	1511.246	42732.53	2532.028	5591.036	33569.26	63162.92	693.9502	-5.338078	4182.918	1.402089e+08	3.344805e+08	2968.327	2195.729	-6.049822	120886	12785.56	-4.626335	4191.815	-5.338078	4182.918	-4.626335	4191.815
66.04	22597.19	163488.6	2839.701	56026.92	9809.117	211.2456	43133.53	2132.028	3190.036	29163.26	60555.92	1093.95	-5.338078	4682.918	1.292432e+08	3.785605e+08	2368.327	1395.729	93.95018	144913	11885.56	-4.626335	3991.815	-5.338078	4682.918	-4.626335	3991.815
66.32	28203.19	92910.64	2039.701	58532.92	9809.117	-689.7544	44134.53	3832.028	4091.036	27561.26	65267.92	893.9502	-5.338078	4682.918	1.313321e+08	3.444984e+08	3868.327	1895.729	193.9502	253271	12185.56	-4.626335	4191.815	-5.338078	4682.918	-4.626335	4191.815
66.61	24199.19	128978.6	2739.701	54623.92	13611.12	211.2456	36121.53	3732.028	3090.036	25159.26	64866.92	1193.95	-5.338078	2582.918	1.3423e+08	3.505092e+08	2268.327	1595.729	93.95018	433621.9	11885.56	-4.626335	5692.815	-5.338078	2582.918	-4.626335	5692.815
66.9	24699.19	112595.6	2339.701	50514.92	12410.12	1011.246	35019.53	2232.028	3991.036	22456.26	59954.92	1693.95	-5.338078	1982.918	1.390065e+08	3.565201e+08	3768.327	1895.729	193.9502	728660.9	10984.56	-4.626335	4691.815	-5.338078	1982.918	-4.626335	4691.815
67.18	22597.19	86887.64	3040.701	42399.92	9309.117	-1189.754	33617.53	2732.028	2790.036	20855.26	60255.92	4293.95	-5.338078	2982.918	1.319905e+08	3.32477e+08	3068.327	1895.729	93.95018	823641.9	13286.56	-4.626335	5292.815	-5.338078	2982.918	-4.626335	5292.815
67.47	24199.19	94014.64	2039.701	33685.92	11110.12	111.2456	33617.53	1532.028	2690.036	16852.26	61057.92	7194.95	-5.338078	2082.918	1.316686e+08	4.226444e+08	2268.327	3095.729	193.9502	937135.9	11985.56	-4.626335	5192.815	-5.338078	2082.918	-4.626335	5192.815
67.75	25200.19	96826.64	2339.701	33785.92	15812.12	511.2456	27309.53	2632.028	2990.036	16852.26	61858.92	15898.95	-5.338078	3182.918	1.378631e+08	3.765569e+08	2268.327	2695.729	593.9502	930701.9	12585.56	95.37366	5192.815	-5.338078	3182.918	95.37366	5192.815
68.04	33810.19	72638.64	3040.701	36089.92	17113.12	1111.246	33617.53	1832.028	5491.036	20955.26	69679.92	13997.95	94.66192	2982.918	1.359289e+08	3.545164e+08	2368.327	2795.729	1093.95	702939.9	13686.56	-4.626335	5392.815	94.66192	2982.918	-4.626335	5392.815
68.32	29504.19	102851.6	2739.701	47508.92	15012.12	1211.246	43233.53	2832.028	3390.036	26660.26	67072.92	11696.95	-5.338078	2582.918	1.312318e+08	3.424948e+08	2868.327	2195.729	693.9502	553657.9	10584.56	-4.626335	5192.815	-5.338078	2582.918	-4.626335	5192.815
68.61	30706.19	86987.64	2239.701	56126.92	16012.12	111.2456	40828.53	2032.028	3491.036	32567.26	60656.92	9695.95	-5.338078	3182.918	1.329564e+08	3.144455e+08	2568.327	1795.729	593.9502	461412.9	13185.56	-4.626335	5592.815	-5.338078	3182.918	-4.626335	5592.815
68.9	30806.19	78457.64	1539.701	65449.92	12010.12	-1189.754	43533.53	2832.028	4091.036	32667.26	65568.92	5994.95	-5.338078	3682.918	1.305129e+08	3.62531e+08	1268.327	1495.729	593.9502	384934.9	11285.56	-4.626335	3691.815	-5.338078	3682.918	-4.626335	3691.815
69.18	30105.19	81367.64	939.7012	60036.92	9809.117	611.2456	41830.53	1732.028	3691.036	36072.26	60154.92	4193.95	-5.338078	2582.918	1.511184e+08	3.805643e+08	3268.327	1995.729	93.95018	357532.9	12085.56	95.37366	4791.815	-5.338078	2582.918	95.37366	4791.815
69.47	32007.19	82170.64	3640.701	53120.92	11310.12	-388.7544	36522.53	2932.028	4091.036	28262.26	60856.92	4393.95	-5.338078	3782.918	1.403703e+08	3.665384e+08	2868.327	1995.729	-6.049822	287841.9	10584.56	-4.626335	3291.815	-5.338078	3782.918	-4.626335	3291.815
69.75	28503.19	85381.64	1439.701	51015.92	11110.12	-88.75439	38124.53	2432.028	3791.036	27461.26	51034.92	3493.95	-5.338078	3882.918	1.384054e+08	3.244629e+08	3168.327	1995.729	893.9502	237820	10984.56	-4.626335	5092.815	-5.338078	3882.918	-4.626335	5092.815
70.04	22197.19	78758.64	2539.701	44502.92	8308.117	111.2456	38024.53	3032.028	3290.036	27561.26	50132.92	3093.95	-5.338078	3382.918	1.271064e+08	3.62531e+08	4468.328	1595.729	93.95018	209065	11985.56	-4.626335	4091.815	-5.338078	3382.918	-4.626335	4091.815
70.33	24599.19	107673.6	2539.701	41497.92	12210.12	611.2456	40528.53	1932.028	3991.036	28662.26	47928.92	2393.95	-5.338078	4682.918	1.236448e+08	3.645347e+08	3468.327	1395.729	93.95018	192331	7083.562	-4.626335	5092.815	-5.338078	4682.918	-4.626335	5092.815
70.61	20495.19	64513.64	1439.701	41998.92	11810.12	1411.246	36522.53	1532.028	3491.036	23958.26	48930.92	2093.95	-5.338078	3782.918	1.310834e+08	3.505092e+08	2868.327	1095.729	-6.049822	181349	11285.56	-4.626335	3491.815	-5.338078	3782.918	-4.626335	3491.815
70.9	25400.19	238002.6	1639.701	37190.92	18214.12	111.2456	38324.53	2432.028	3290.036	22356.26	49631.92	1693.95	-5.338078	3382.918	1.265073e+08	4.086173e+08	3768.327	1295.729	293.9502	167755	10784.56	-4.626335	5292.815	-5.338078	3382.918	-4.626335	5292.815
71.19	25400.19	90199.64	2039.701	42599.92	27722.12	211.2456	37523.53	2932.028	2790.036	24258.26	51836.92	1093.95	-5.338078	3282.918	1.326344e+08	3.424948e+08	4368.328	1795.729	93.95018	150043	10984.56	95.37366	3391.815	-5.338078	3282.918	95.37366	3391.815
71.47	29204.19	92809.64	1839.701	39394.92	46951.12	-588.7544	43233.53	2432.028	3290.036	24858.26	54742.92	1493.95	-5.338078	3782.918	1.42982e+08	3.444984e+08	3668.327	1795.729	293.9502	145114	12985.56	-4.626335	3891.815	-5.338078	3782.918	-4.626335	3891.815
71.76	37014.19	201877.6	2139.701	50815.92	77527.12	-1889.754	39326.53	3132.028	3991.036	23557.26	55243.92	793.9502	-5.338078	2582.918	1.391091e+08	3.344805e+08	3368.327	1995.729	93.95018	127719	11285.56	-4.626335	3891.815	-5.338078	2582.918	-4.626335	3891.815
72.04	43926.19	75045.64	4940.701	45304.92	107739.1	-889.7544	33016.53	2432.028	3691.036	24058.26	61357.92	1393.95	-5.338078	2382.918	1.366468e+08	3.384877e+08	3268.327	2495.729	193.9502	119981	10384.56	-4.626335	3591.815	-5.338078	2382.918	-4.626335	3591.815
72.33	49436.19	46068.64	2940.701	56026.92	137585.1	-488.7544	36522.53	2032.028	2490.036	23857.26	57949.92	1193.95	-5.338078	1582.918	1.276033e+08	3.505092e+08	2568.327	1995.729	-6.049822	107223	8884.562	-4.626335	3291.815	-5.338078	1582.918	-4.626335	3291.815
72.62	53244.19	41659.64	2439.701	58031.92	159012.1	-288.7544	32215.53	2732.028	3991.036	21355.26	66270.92	1093.95	-5.338078	1982.918	1.254555e+08	3.404912e+08	2268.327	2195.729	-6.049822	93969.95	10884.56	-4.626335	3091.815	-5.338078	1982.918	-4.626335	3091.815
72.9	64771.19	69327.64	3440.701	61539.92	192446.1	511.2456	43032.53	2932.028	2690.036	22356.26	73089.92	1093.95	-5.338078	2082.918	1.363538e+08	3.705457e+08	3468.327	1995.729	-6.049822	74103.95	9384.562	95.37366	3091.815	-5.338078	2082.918	95.37366	3091.815
73.19	78711.19	69929.64	3340.701	62441.92	216239.1	-689.7544	34318.53	2732.028	3891.036	21756.26	77000.92	1793.95	-5.338078	1682.918	1.399743e+08	3.12442e+08	2668.327	1995.729	193.9502	59263.95	11785.56	-4.626335	2891.815	-5.338078	1682.918	-4.626335	2891.815
73.47	82924.19	53384.64	3440.701	59935.92	252072.1	11.24561	25707.53	3632.028	3791.036	16151.26	76298.92	2393.95	-5.338078	1582.918	1.35592e+08	3.46502e+08	1868.327	2795.729	93.95018	60967.95	9784.562	-4.626335	2591.815	-5.338078	1582.918	-4.626335	2591.815
73.76	100489.2	35548.64	4040.701	62642.92	407706.1	11.24561	25807.53	1832.028	3290.036	17552.26	83822.92	3793.95	-5.338078	1482.918	1.423949e+08	3.865756e+08	1868.327	2995.729	193.9502	49843.95	9484.562	-4.626335	3991.815	-5.338078	1482.918	-4.626335	3991.815
74.05	127913.2	71434.64	1839.701	55826.92	565330.1	-88.75439	28811.53	3032.028	2890.036	16752.26	94561.92	3493.95	-5.338078	1582.918	1.315954e+08	3.985982e+08	1868.327	4295.729	293.9502	56557.95	10984.56	-4.626335	5492.815	-5.338078	1582.918	-4.626335	5492.815
74.33	119170.2	27035.64	2839.701	56527.92	646563.1	-989.7544	21603.53	1932.028	1990.036	18453.26	91549.92	6494.95	-5.338078	2382.918	1.366321e+08	3.505092e+08	2368.327	3195.729	293.9502	58762.95	11585.56	-4.626335	4991.815	-5.338078	2382.918	-4.626335	4991.815
74.62	130125.2	48874.64	1339.701	62843.92	728779.1	911.2456	22304.53	2732.028	3190.036	25459.26	87836.92	4993.95	-5.338078	1382.918	1.315662e+08	3.204559e+08	2568.327	4095.729	293.9502	54252.95	12385.56	-4.626335	6492.815	-5.338078	1382.918	-4.626335	6492.815
74.9	134146.2	28738.64	3040.701	68859.92	807442.1	-689.7544	21803.53	2032.028	3290.036	24358.26	90044.92	4193.95	-5.338078	1882.918	1.295915e+08	3.785605e+08	2068.327	3395.729	1093.95	46536.95	12485.56	-4.626335	5792.815	-5.338078	1882.918	-4.626335	5792.815
75.19	126908.2	22129.64	2039.701	73672.92	697609.1	111.2456	23305.53	2932.028	3891.036	32667.26	83321.92	2693.95	-5.338078	1682.918	1.319173e+08	4.166328e+08	2068.327	3195.729	293.9502	37020.95	9184.562	-4.626335	5092.815	-5.338078	1682.918	-4.626335	5092.815
75.47	119170.2	18726.64	3440.701	79892.92	592242.1	-689.7544	25207.53	2532.028	3991.036	38576.26	87936.92	2893.95	-5.338078	1882.918	1.313321e+08	3.90583e+08	2768.327	3295.729	193.9502	42429.95	11885.56	-4.626335	5592.815	-5.338078	1882.918	-4.626335	5592.815
75.76	101693.2	15022.64	4340.701	81296.92	539569.1	-488.7544	29712.53	3232.028	3090.036	48393.26	81314.92	3493.95	-5.338078	1982.918	1.361926e+08	3.364841e+08	2668.327	2995.729	893.9502	46136.95	12185.56	95.37366	5992.815	-5.338078	1982.918	95.37366	5992.815
76.05	97577.19	19526.64	2739.701	83303.92	478444.1	111.2456	28611.53	2632.028	3190.036	45588.26	77402.92	1893.95	-5.338078	2482.918	1.344204e+08	3.925868e+08	2668.327	2395.729	593.9502	66381.95	10084.56	-4.626335	6592.815	-5.338078	2482.918	-4.626335	6592.815
76.33	106714.2	20327.64	4440.701	84908.92	428245.1	-88.75439	27409.53	2232.028	2990.036	44185.26	77703.92	1893.95	-5.338078	1982.918	1.152602e+08	3.064316e+08	3368.327	2095.729	793.9502	60366.95	10184.56	-4.626335	6692.815	-5.338078	1982.918	-4.626335	6692.815
76.62	84931.19	22430.64	1939.701	68758.92	350447.1	-1589.754	24906.53	1832.028	2790.036	44385.26	72688.92	1093.95	-5.338078	1982.918	1.166005e+08	3.545164e+08	3268.327	1895.729	1293.95	62571.95	6883.562	195.3737	5892.815	-5.338078	1982.918	195.3737	5892.815
76.91	70386.19	14722.64	2039.701	57429.92	270059.1	-889.7544	20102.53	1432.028	1590.036	28062.26	45824.92	693.9502	-5.338078	982.9182	7.564573e+07	1.702165e+08	1468.327	1495.729	793.9502	42930.95	6683.562	-4.626335	3591.815	-5.338078	982.9182	-4.626335	3591.815
77.19	50839.19	9618.641	2439.701	39894.92	202525.1	-288.7544	12996.53	1532.028	1890.036	21655.26	38011.92	1293.95	-5.338078	1282.918	5.446268e+07	1.441796e+08	1268.327	1095.729	93.95018	31012.95	3682.562	-4.626335	1691.815	-5.338078	1282.918	-4.626335	1691.815
77.48	34411.19	5516.641	439.7012	29780.92	158609.1	-488.7544	9995.526	1132.028	1090.036	18553.26	28999.92	493.9502	-5.338078	882.9182	4.371132e+07	1.187104e+08	1068.327	895.7296	93.95018	22303.95	3782.562	-4.626335	2391.815	-5.338078	882.9182	-4.626335	2391.815
77.76	28503.19	5716.641	-60.29883	23573.92	114368.1	-388.7544	8094.527	632.0284	90.03564	12549.26	23593.92	493.9502	-5.338078	582.9182	3.430206e+07	9.141932e+07	368.3274	295.7295	493.9502	17099.95	2382.562	-4.626335	1591.815	-5.338078	582.9182	-4.626335	1591.815
78.05	20195.19	8718.641	639.7012	18769.92	93381.12	-989.7544	5693.527	832.0284	590.0356	8447.264	15087.92	293.9502	-5.338078	382.9182	2.733253e+07	7.331106e+07	768.3274	295.7295	93.95018	12896.95	2982.562	-4.626335	1491.815	-5.338078	382.9182	-4.626335	1491.815
78.34	17493.19	2315.641	539.7012	14866.92	72913.12	-889.7544	4093.527	432.0284	790.0356	7847.263	15187.92	293.9502	-5.338078	182.9182	1.941248e+07	5.985457e+07	368.3274	795.7296	393.9502	11696.95	1682.562	-4.626335	891.8149	-5.338078	182.9182	-4.626335	891.8149
78.62	14491.19	2815.641	-160.2988	9963.922	69403.12	-1689.754	5393.527	232.0284	690.0356	7647.263	9684.918	93.95018	-5.338078	282.9182	1.691807e+07	4.73953e+07	268.3274	-4.270463	-6.049822	6994.95	1282.562	-4.626335	791.8149	-5.338078	282.9182	-4.626335	791.8149
78.91	10489.19	3015.641	1039.701	8463.922	54166.12	-1289.754	2592.527	132.0284	290.0356	4746.263	8684.918	93.95018	-5.338078	282.9182	1.419891e+07	3.806862e+07	168.3274	195.7295	93.95018	5594.95	1682.562	-4.626335	191.8149	-5.338078	282.9182	-4.626335	191.8149
79.19	11290.19	314.6406	-560.2988	6562.922	37836.12	-689.7544	1992.527	-67.97156	190.0356	2746.263	7583.918	493.9502	94.66192	182.9182	1.25005e+07	3.259289e+07	568.3274	195.7295	93.95018	5494.95	682.5623	-4.626335	591.8149	94.66192	182.9182	-4.626335	591.8149
79.48	8088.188	1514.641	-260.2988	5362.922	35833.12	-789.7544	1992.527	-67.97156	390.0356	2946.263	5883.918	93.95018	-5.338078	-17.08185	9982684	2.689737e+07	368.3274	95.72954	-6.049822	5194.95	582.5623	-4.626335	191.8149	-5.338078	-17.08185	-4.626335	191.8149
79.76	8789.188	1414.641	39.70117	4462.922	26821.12	-1789.754	1992.527	32.02844	990.0356	3346.263	5983.918	193.9502	-5.338078	-17.08185	7636232	2.082651e+07	168.3274	195.7295	-6.049822	3593.95	782.5623	-4.626335	91.81495	-5.338078	-17.08185	-4.626335	91.81495
80.05	5388.188	1214.641	-560.2988	3361.922	63287.12	-689.7544	992.5267	32.02844	190.0356	2046.263	2882.918	93.95018	-5.338078	282.9182	6223458	1.83783e+07	168.3274	95.72954	-6.049822	2593.95	382.5623	-4.626335	-8.185054	-5.338078	282.9182	-4.626335	-8.185054
80.33	4787.188	1514.641	-60.29883	3661.922	19114.12	-1289.754	692.5267	132.0284	290.0356	946.2634	3082.918	-6.049822	-5.338078	-17.08185	4768894	1.58749e+07	-31.6726	195.7295	-6.049822	2893.95	482.5623	-4.626335	91.81495	-5.338078	-17.08185	-4.626335	91.81495
80.62	3687.189	714.6406	-1561.299	2961.922	18914.12	-488.7544	892.5267	332.0284	90.03564	1446.263	2282.918	-6.049822	-5.338078	282.9182	4895968	1.019193e+07	68.3274	-4.270463	-6.049822	1793.95	382.5623	-4.626335	291.8149	-5.338078	282.9182	-4.626335	291.8149
80.91	3487.189	914.6406	-60.29883	2561.922	14211.12	-2689.754	992.5267	-167.9716	-9.964355	1446.263	1782.918	193.9502	-5.338078	82.91815	4034778	1.182485e+07	268.3274	95.72954	-6.049822	1193.95	782.5623	-4.626335	-8.185054	-5.338078	82.91815	-4.626335	-8.185054
81.19	2587.189	-285.3594	-60.29883	2961.922	10309.12	-1589.754	-207.4733	-67.97156	790.0356	1446.263	1082.918	93.95018	-5.338078	82.91815	3032674	8488811	168.3274	-4.270463	-6.049822	1893.95	482.5623	-4.626335	-8.185054	-5.338078	82.91815	-4.626335	-8.185054
81.48	1387.189	514.6406	-560.2988	861.9218	10009.12	-1989.754	1092.527	-467.9716	790.0356	746.2634	1382.918	-6.049822	-5.338078	-17.08185	2948002	8304356	-31.6726	95.72954	-6.049822	1093.95	182.5623	-4.626335	-8.185054	-5.338078	-17.08185	-4.626335	-8.185054
81.77	1887.189	314.6406	-2161.299	2061.922	8208.117	-1189.754	-307.4733	-167.9716	490.0356	446.2633	882.9182	-6.049822	-5.338078	82.91815	2595224	5708813	68.3274	195.7295	-6.049822	1293.95	-17.43772	-4.626335	-8.185054	-5.338078	82.91815	-4.626335	-8.185054
82.05	1087.189	914.6406	-2061.299	1261.922	7208.118	-1389.754	-207.4733	-67.97156	-509.9644	146.2633	882.9182	-6.049822	-5.338078	-17.08185	2355356	6488694	68.3274	95.72954	-6.049822	893.9502	282.5623	-4.626335	191.8149	-5.338078	-17.08185	-4.626335	191.8149
82.34	987.1886	-385.3594	-1761.299	761.9218	6408.118	-2489.754	392.5267	332.0284	-209.9644	446.2633	1182.918	93.95018	-5.338078	82.91815	1805131	5042505	-31.6726	-4.270463	-6.049822	1293.95	82.56228	-4.626335	-8.185054	-5.338078	82.91815	-4.626335	-8.185054
82.63	887.1886	2014.641	-1261.299	761.9218	5408.118	-1689.754	-107.4733	32.02844	390.0356	546.2634	682.9182	-6.049822	-5.338078	-17.08185	1072601	3866139	-31.6726	-4.270463	-6.049822	1093.95	-17.43772	-4.626335	91.81495	-5.338078	-17.08185	-4.626335	91.81495
82.91	687.1886	1714.641	-1261.299	861.9218	2807.117	-889.7544	392.5267	-67.97156	-309.9644	546.2634	782.9182	-6.049822	94.66192	-17.08185	1071632	3696095	68.3274	-4.270463	-6.049822	493.9502	-17.43772	-4.626335	-8.185054	94.66192	-17.08185	-4.626335	-8.185054
83.21	287.1886	1214.641	-460.2988	461.9218	3007.117	-1989.754	-107.4733	-267.9716	590.0356	446.2633	1082.918	-6.049822	-5.338078	82.91815	1649955	1854468	-31.6726	-4.270463	-6.049822	393.9502	82.56228	-4.626335	91.81495	-5.338078	82.91815	-4.626335	91.81495
83.5	587.1886	514.6406	-1161.299	-138.0782	1707.117	-1389.754	-7.473267	-67.97156	190.0356	246.2633	1082.918	-6.049822	-5.338078	-17.08185	831867.4	2831828	68.3274	-4.270463	-6.049822	193.9502	282.5623	-4.626335	-8.185054	-5.338078	-17.08185	-4.626335	-8.185054
83.78	587.1886	314.6406	439.7012	561.9218	1907.117	-588.7544	-307.4733	-67.97156	-609.9644	446.2633	-17.08185	-6.049822	-5.338078	82.91815	620324.4	1273846	-31.6726	-4.270463	-6.049822	93.95018	-17.43772	-4.626335	-8.185054	-5.338078	82.91815	-4.626335	-8.185054
84.07	-12.81139	1214.641	-360.2988	261.9218	1607.117	-1489.754	92.52673	-267.9716	390.0356	46.26334	382.9182	-6.049822	-5.338078	82.91815	704666.4	1698682	-31.6726	-4.270463	-6.049822	-6.049822	182.5623	-4.626335	-8.185054	-5.338078	82.91815	-4.626335	-8.185054
84.37	387.1886	414.6406	-1161.299	361.9218	1607.117	-1289.754	-107.4733	332.0284	490.0356	246.2633	482.9182	-6.049822	-5.338078	-17.08185	817764.4	1273846	-31.6726	95.72954	-6.049822	193.9502	-17.43772	-4.626335	-8.185054	-5.338078	-17.08185	-4.626335	-8.185054
84.66	387.1886	-485.3594	-961.2988	1161.922	1007.117	-2689.754	192.5267	32.02844	290.0356	246.2633	82.91815	-6.049822	-5.338078	-17.08185	392224.4	1358809	-31.6726	-4.270463	-6.049822	193.9502	-17.43772	-4.626335	191.8149	-5.338078	-17.08185	-4.626335	191.8149
84.94	487.1886	-585.3594	-1361.299	861.9218	2207.117	-488.7544	992.5267	-667.9716	-409.9644	-53.73666	382.9182	-6.049822	-5.338078	-17.08185	299150.4	820743.8	-31.6726	-4.270463	-6.049822	293.9502	-17.43772	-4.626335	91.81495	-5.338078	-17.08185	-4.626335	91.81495
85.23	187.1886	214.6406	-861.2988	561.9218	1207.117	-1589.754	-507.4733	-367.9716	-509.9644	-53.73666	82.91815	-6.049822	-5.338078	-17.08185	294900.4	849060.8	-31.6726	-4.270463	-6.049822	93.95018	82.56228	-4.626335	-8.185054	-5.338078	-17.08185	-4.626335	-8.185054
85.53	87.18861	-385.3594	-1161.299	361.9218	507.1174	-1589.754	-507.4733	332.0284	190.0356	46.26334	182.9182	-6.049822	-5.338078	82.91815	341183.4	650845.8	-31.6726	-4.270463	-6.049822	193.9502	-17.43772	-4.626335	91.81495	-5.338078	82.91815	-4.626335	91.81495
85.82	387.1886	-1786.359	-160.2988	-238.0782	807.1174	11.24561	-407.4733	-67.97156	90.03564	146.2633	-17.08185	-6.049822	-5.338078	-17.08185	126489.4	962331.8	-31.6726	-4.270463	-6.049822	93.95018	182.5623	-4.626335	91.81495	-5.338078	-17.08185	-4.626335	91.81495
86.11	-12.81139	-1486.359	-60.29883	361.9218	607.1174	-88.75439	-407.4733	-567.9716	-109.9644	46.26334	-17.08185	-6.049822	94.66192	82.91815	135838.4	580056.8	-31.6726	-4.270463	-6.049822	-6.049822	-17.43772	-4.626335	-8.185054	94.66192	82.91815	-4.626335	-8.185054
86.4	-12.81139	2014.641	-1161.299	-238.0782	507.1174	-188.7544	292.5267	-267.9716	-509.9644	46.26334	82.91815	-6.049822	-5.338078	-17.08185	126771.4	367699.8	-31.6726	-4.270463	-6.049822	293.9502	-17.43772	-4.626335	91.81495	-5.338078	-17.08185	-4.626335	91.81495
86.69	-12.81139	214.6406	-460.2988	-38.07825	907.1174	-1689.754	-207.4733	632.0284	-709.9644	46.26334	82.91815	-6.049822	-5.338078	82.91815	279727.4	1047288	-31.6726	-4.270463	-6.049822	93.95018	82.56228	-4.626335	-8.185054	-5.338078	82.91815	-4.626335	-8.185054
86.98	187.1886	814.6406	-761.2988	-138.0782	907.1174	-388.7544	-707.4733	332.0284	490.0356	146.2633	-17.08185	-6.049822	-5.338078	-17.08185	34994.39	480954.8	-31.6726	-4.270463	-6.049822	93.95018	-17.43772	-4.626335	-8.185054	-5.338078	-17.08185	-4.626335	-8.185054
87.26	87.18861	414.6406	-460.2988	861.9218	-92.88256	-1389.754	-207.4733	-367.9716	290.0356	146.2633	-17.08185	-6.049822	-5.338078	-17.08185	133123.4	178984.8	-31.6726	-4.270463	-6.049822	-6.049822	82.56228	-4.626335	-8.185054	-5.338078	-17.08185	-4.626335	-8.185054
87.55	-12.81139	-685.3594	-460.2988	61.92175	607.1174	-188.7544	-107.4733	132.0284	-309.9644	-53.73666	282.9182	-6.049822	-5.338078	-17.08185	236181.4	112887.8	-31.6726	-4.270463	-6.049822	-6.049822	-17.43772	-4.626335	-8.185054	-5.338078	-17.08185	-4.626335	-8.185054
87.84	87.18861	314.6406	-1661.299	-438.0782	307.1174	-1189.754	92.52673	-367.9716	-109.9644	146.2633	-17.08185	-6.049822	-5.338078	-17.08185	114833.4	208512.8	-31.6726	-4.270463	-6.049822	-6.049822	-17.43772	-4.626335	-8.185054	-5.338078	-17.08185	-4.626335	-8.185054
88.12	87.18861	14.64062	-1261.299	-38.07825	7.117439	-889.7544	-7.473267	-267.9716	290.0356	246.2633	-17.08185	-6.049822	-5.338078	-17.08185	37898.39	608371.8	-31.6726	-4.270463	-6.049822	-6.049822	-17.43772	-4.626335	-8.185054	-5.338078	-17.08185	-4.626335	-8.185054
88.41	87.18861	1114.641	-1161.299	-138.0782	507.1174	-2189.754	-707.4733	-267.9716	-9.964355	46.26334	-17.08185	-6.049822	-5.338078	-17.08185	17875.39	311072.8	-31.6726	-4.270463	-6.049822	-6.049822	-17.43772	-4.626335	-8.185054	-5.338078	-17.08185	-4.626335	-8.185054
88.7	-12.81139	714.6406	-861.2988	461.9218	207.1174	-1489.754	192.5267	-467.9716	390.0356	46.26334	-17.08185	-6.049822	-5.338078	-17.08185	52224.39	112887.8	-31.6726	-4.270463	-6.049822	93.95018	-17.43772	-4.626335	-8.185054	-5.338078	-17.08185	-4.626335	-8.185054
89	87.18861	-485.3594	-1261.299	461.9218	7.117439	-889.7544	92.52673	-67.97156	-109.9644	-53.73666	382.9182	93.95018	-5.338078	-17.08185	76988.4	410169.8	-31.6726	-4.270463	-6.049822	193.9502	182.5623	-4.626335	-8.185054	-5.338078	-17.08185	-4.626335	-8.185054
89.29	87.18861	614.6406	-1061.299	461.9218	-92.88256	-1289.754	-607.4733	232.0284	290.0356	-53.73666	-17.08185	-6.049822	-5.338078	-17.08185	10371.39	42109.77	-31.6726	-4.270463	-6.049822	-6.049822	82.56228	-4.626335	-8.185054	-5.338078	-17.08185	-4.626335	-8.185054
89.57	87.18861	-85.35938	-160.2988	461.9218	-92.88256	111.2456	-107.4733	132.0284	-309.9644	146.2633	82.91815	-6.049822	-5.338078	82.91815	66257.4	339385.8	-31.6726	-4.270463	-6.049822	-6.049822	82.56228	-4.626335	-8.185054	-5.338078	82.91815	-4.626335	-8.185054
89.86	-12.81139	-485.3594	-1661.299	-138.0782	107.1174	-2189.754	-807.4733	-67.97156	390.0356	46.26334	82.91815	-6.049822	-5.338078	-17.08185	42806.39	134003.8	-31.6726	-4.270463	93.95018	-6.049822	-17.43772	-4.626335	-8.185054	-5.338078	-17.08185	-4.626335	-8.185054
90.14	-12.81139	314.6406	-560.2988	61.92175	207.1174	-1989.754	92.52673	332.0284	-609.9644	-53.73666	-17.08185	-6.049822	-5.338078	-17.08185	30187.39	71947.77	-31.6726	-4.270463	-6.049822	-6.049822	-17.43772	-4.626335	-8.185054	-5.338078	-17.08185	-4.626335	-8.185054
90.43	-12.81139	-1285.359	-1561.299	161.9218	507.1174	-588.7544	592.5267	232.0284	190.0356	46.26334	-17.08185	-6.049822	-5.338078	-17.08185	8470.395	162472.8	-31.6726	-4.270463	-6.049822	93.95018	-17.43772	-4.626335	91.81495	-5.338078	-17.08185	-4.626335	91.81495
90.71	-12.81139	514.6406	-1661.299	-538.0782	107.1174	-288.7544	692.5267	-167.9716	190.0356	-53.73666	-17.08185	-6.049822	94.66192	-17.08185	70168.4	86494.77	-31.6726	-4.270463	-6.049822	193.9502	-17.43772	-4.626335	-8.185054	94.66192	-17.08185	-4.626335	-8.185054
91	87.18861	-285.3594	-160.2988	61.92175	307.1174	-2889.754	-507.4733	-67.97156	90.03564	-53.73666	-17.08185	-6.049822	-5.338078	-17.08185	49518.39	138327.8	-31.6726	-4.270463	-6.049822	93.95018	-17.43772	-4.626335	-8.185054	-5.338078	-17.08185	-4.626335	-8.185054
91.28	-12.81139	1114.641	-1861.299	661.9218	107.1174	-789.7544	-207.4733	-267.9716	390.0356	46.26334	-17.08185	-6.049822	-5.338078	82.91815	2669.395	157741.8	-31.6726	-4.270463	-6.049822	-6.049822	-17.43772	-4.626335	-8.185054	-5.338078	82.91815	-4.626335	-8.185054
91.57	87.18861	214.6406	-1261.299	61.92175	307.1174	-2089.754	-507.4733	-267.9716	-409.9644	-53.73666	-17.08185	-6.049822	-5.338078	-17.08185	15274.39	143556.8	-31.6726	-4.270463	-6.049822	93.95018	-17.43772	-4.626335	-8.185054	-5.338078	-17.08185	-4.626335	-8.185054
91.86	-12.81139	-85.35938	39.70117	-38.07825	107.1174	-1289.754	-607.4733	32.02844	-409.9644	46.26334	82.91815	-6.049822	94.66192	-17.08185	22779.39	112887.8	-31.6726	-4.270463	-6.049822	-6.049822	-17.43772	-4.626335	-8.185054	94.66192	-17.08185	-4.626335	-8.185054
92.14	87.18861	-285.3594	39.70117	-138.0782	107.1174	-1189.754	-207.4733	132.0284	-9.964355	146.2633	-17.08185	-6.049822	-5.338078	82.91815	50220.39	83182.77	-31.6726	-4.270463	-6.049822	93.95018	-17.43772	-4.626335	-8.185054	-5.338078	82.91815	-4.626335	-8.185054
92.43	87.18861	614.6406	-1161.299	-338.0782	-92.88256	-188.7544	-107.4733	-367.9716	90.03564	-53.73666	82.91815	93.95018	-5.338078	-17.08185	5670.395	87899.77	68.3274	-4.270463	-6.049822	-6.049822	-17.43772	-4.626335	91.81495	-5.338078	-17.08185	-4.626335	91.81495
92.71	-12.81139	1014.641	-861.2988	-138.0782	-92.88256	-1889.754	-7.473267	32.02844	-109.9644	-53.73666	82.91815	-6.049822	-5.338078	-17.08185	7070.395	234743.8	-31.6726	-4.270463	-6.049822	-6.049822	-17.43772	-4.626335	-8.185054	-5.338078	-17.08185	-4.626335	-8.185054
93	-12.81139	-185.3594	-761.2988	-238.0782	-92.88256	-1289.754	-807.4733	432.0284	290.0356	46.26334	-17.08185	-6.049822	-5.338078	-17.08185	-130.605	21052.77	-31.6726	-4.270463	-6.049822	-6.049822	-17.43772	-4.626335	-8.185054	-5.338078	-17.08185	-4.626335	-8.185054
