ElapsedTime_s	Ti49_CPS	Al27_CPS	S33_CPS	Sc45_CPS	V51_CPS	Mn55_CPS	Fe57_CPS	Co59_CPS	Ni60_CPS	Ga71_CPS	Zr90_CPS	Nb93_CPS	Mo97_CPS	In113_CPS	Sn119_CPS	Sn118_CPS	Sb121_CPS	Hf177_CPS	Ta181_CPS	W183_CPS	Pb206_CPS	Th232_CPS	U238_CPS	Tc97_CPS	Cd113_CPS	U232_CPS	Pu238_CPS
0	-12.81139	1514.641	-360.2988	161.9218	-92.88256	-288.7544	-1107.473	32.02844	90.03564	46.26334	-17.08185	-6.049822	-5.338078	-17.08185	8571.395	42109.77	-31.6726	-4.270463	-6.049822	-6.049822	82.56228	-4.626335	-8.185054	-5.338078	-17.08185	-4.626335	-8.185054
																											
8.11	-12.81139	-585.3594	-2461.299	61.92175	-92.88256	-2589.754	92.52673	-167.9716	490.0356	-53.73666	-17.08185	-6.049822	-5.338078	-17.08185	-30.60498	9445.772	-31.6726	-4.270463	-6.049822	-6.049822	-17.43772	-4.626335	-8.185054	-5.338078	-17.08185	-4.626335	-8.185054
8.4	-12.81139	-785.3594	-460.2988	61.92175	-92.88256	-1089.754	-607.4733	32.02844	490.0356	46.26334	-17.08185	-6.049822	-5.338078	-17.08185	-130.605	-256.2278	-31.6726	-4.270463	-6.049822	-6.049822	-17.43772	95.37366	-8.185054	-5.338078	-17.08185	95.37366	-8.185054
8.68	87.18861	14.64062	-460.2988	61.92175	7.117439	-388.7544	492.5267	132.0284	-309.9644	46.26334	-17.08185	-6.049822	-5.338078	-17.08185	18576.39	37572.77	-31.6726	-4.270463	-6.049822	-6.049822	-17.43772	-4.626335	-8.185054	-5.338078	-17.08185	-4.626335	-8.185054
8.97	187.1886	14.64062	-961.2988	-138.0782	-92.88256	-1189.754	-507.4733	232.0284	490.0356	-53.73666	-17.08185	-6.049822	-5.338078	-17.08185	-30.60498	-156.2278	68.3274	-4.270463	-6.049822	-6.049822	-17.43772	-4.626335	-8.185054	-5.338078	-17.08185	-4.626335	-8.185054
9.25	-12.81139	-585.3594	-460.2988	161.9218	-92.88256	-1889.754	92.52673	-367.9716	490.0356	-53.73666	182.9182	-6.049822	-5.338078	-17.08185	3369.395	-56.22775	-31.6726	-4.270463	-6.049822	-6.049822	-17.43772	-4.626335	-8.185054	-5.338078	-17.08185	-4.626335	-8.185054
9.54	-12.81139	-685.3594	-1461.299	61.92175	7.117439	-1189.754	-207.4733	32.02844	-9.964355	46.26334	-17.08185	-6.049822	-5.338078	-17.08185	40602.39	-56.22775	-31.6726	-4.270463	-6.049822	-6.049822	-17.43772	-4.626335	-8.185054	-5.338078	-17.08185	-4.626335	-8.185054
9.82	-12.81139	1114.641	339.7012	-438.0782	-92.88256	-188.7544	392.5267	132.0284	490.0356	-53.73666	-17.08185	-6.049822	-5.338078	-17.08185	-130.605	-256.2278	-31.6726	-4.270463	-6.049822	-6.049822	-17.43772	-4.626335	-8.185054	-5.338078	-17.08185	-4.626335	-8.185054
10.11	-12.81139	514.6406	-160.2988	461.9218	7.117439	-889.7544	-607.4733	-267.9716	190.0356	46.26334	-17.08185	-6.049822	-5.338078	-17.08185	-130.605	10645.77	-31.6726	-4.270463	-6.049822	-6.049822	-17.43772	-4.626335	-8.185054	-5.338078	-17.08185	-4.626335	-8.185054
10.39	-12.81139	1314.641	-761.2988	-138.0782	7.117439	-1989.754	-707.4733	332.0284	190.0356	46.26334	-17.08185	-6.049822	-5.338078	-17.08185	88426.4	143.7722	-31.6726	-4.270463	-6.049822	-6.049822	-17.43772	-4.626335	-8.185054	-5.338078	-17.08185	-4.626335	-8.185054
10.68	-12.81139	1214.641	-861.2988	-438.0782	-92.88256	-889.7544	-207.4733	-267.9716	-309.9644	-53.73666	-17.08185	-6.049822	-5.338078	-17.08185	11772.39	1543.772	-31.6726	-4.270463	-6.049822	-6.049822	-17.43772	-4.626335	-8.185054	-5.338078	-17.08185	-4.626335	-8.185054
10.96	-12.81139	314.6406	-660.2988	-238.0782	-92.88256	-789.7544	92.52673	132.0284	790.0356	-53.73666	-17.08185	-6.049822	-5.338078	-17.08185	44409.39	-156.2278	-31.6726	-4.270463	-6.049822	-6.049822	-17.43772	-4.626335	-8.185054	-5.338078	-17.08185	-4.626335	-8.185054
11.25	-12.81139	914.6406	-861.2988	-38.07825	7.117439	-1489.754	-907.4733	-67.97156	890.0356	46.26334	82.91815	-6.049822	-5.338078	-17.08185	23180.39	-256.2278	-31.6726	-4.270463	-6.049822	-6.049822	82.56228	-4.626335	-8.185054	-5.338078	-17.08185	-4.626335	-8.185054
11.53	-12.81139	-485.3594	-1661.299	361.9218	207.1174	-1489.754	-807.4733	332.0284	-9.964355	-53.73666	-17.08185	-6.049822	-5.338078	-17.08185	-130.605	243.7722	68.3274	-4.270463	-6.049822	-6.049822	-17.43772	-4.626335	-8.185054	-5.338078	-17.08185	-4.626335	-8.185054
11.82	87.18861	614.6406	-1061.299	-238.0782	7.117439	-689.7544	-107.4733	232.0284	390.0356	46.26334	-17.08185	-6.049822	-5.338078	-17.08185	47514.39	343.7722	-31.6726	-4.270463	93.95018	-6.049822	-17.43772	-4.626335	-8.185054	-5.338078	-17.08185	-4.626335	-8.185054
12.1	87.18861	-985.3594	-961.2988	61.92175	-92.88256	-2089.754	-1007.473	332.0284	490.0356	-53.73666	-17.08185	-6.049822	-5.338078	-17.08185	69.39502	-56.22775	-31.6726	-4.270463	-6.049822	-6.049822	-17.43772	-4.626335	-8.185054	-5.338078	-17.08185	-4.626335	-8.185054
12.39	-12.81139	1514.641	139.7012	361.9218	-92.88256	-188.7544	92.52673	-67.97156	190.0356	-53.73666	82.91815	-6.049822	-5.338078	-17.08185	-130.605	-56.22775	-31.6726	-4.270463	-6.049822	-6.049822	-17.43772	-4.626335	-8.185054	-5.338078	-17.08185	-4.626335	-8.185054
12.67	-12.81139	1014.641	-761.2988	-638.0782	-92.88256	-1089.754	-107.4733	-467.9716	-609.9644	46.26334	-17.08185	-6.049822	-5.338078	-17.08185	169.395	-256.2278	-31.6726	-4.270463	-6.049822	93.95018	-17.43772	-4.626335	-8.185054	-5.338078	-17.08185	-4.626335	-8.185054
12.96	-12.81139	614.6406	139.7012	-138.0782	7.117439	-1589.754	-107.4733	-67.97156	-109.9644	-53.73666	-17.08185	-6.049822	-5.338078	-17.08185	16675.39	443.7722	-31.6726	-4.270463	-6.049822	-6.049822	-17.43772	-4.626335	-8.185054	-5.338078	-17.08185	-4.626335	-8.185054
13.24	-12.81139	-85.35938	-1361.299	-338.0782	-92.88256	-1589.754	-207.4733	-67.97156	-9.964355	46.26334	-17.08185	-6.049822	-5.338078	-17.08185	-30.60498	-256.2278	-31.6726	-4.270463	-6.049822	-6.049822	-17.43772	-4.626335	-8.185054	-5.338078	-17.08185	-4.626335	-8.185054
13.53	187.1886	214.6406	-1461.299	261.9218	7.117439	211.2456	-607.4733	232.0284	890.0356	-53.73666	82.91815	-6.049822	-5.338078	-17.08185	-30.60498	240291.8	-31.6726	-4.270463	-6.049822	-6.049822	-17.43772	-4.626335	-8.185054	-5.338078	-17.08185	-4.626335	-8.185054
13.82	-12.81139	114.6406	-160.2988	-138.0782	-92.88256	-1689.754	392.5267	332.0284	-109.9644	146.2633	-17.08185	-6.049822	-5.338078	-17.08185	27584.39	-156.2278	-31.6726	-4.270463	-6.049822	-6.049822	-17.43772	-4.626335	-8.185054	-5.338078	-17.08185	-4.626335	-8.185054
14.11	-12.81139	-185.3594	139.7012	761.9218	-92.88256	-588.7544	192.5267	-267.9716	-409.9644	46.26334	-17.08185	-6.049822	-5.338078	-17.08185	-130.605	143.7722	68.3274	-4.270463	-6.049822	-6.049822	-17.43772	-4.626335	-8.185054	-5.338078	-17.08185	-4.626335	-8.185054
14.39	-12.81139	2915.641	-1061.299	-238.0782	7.117439	-288.7544	-7.473267	332.0284	190.0356	46.26334	-17.08185	-6.049822	-5.338078	-17.08185	69.39502	-256.2278	-31.6726	-4.270463	93.95018	-6.049822	-17.43772	-4.626335	-8.185054	-5.338078	-17.08185	-4.626335	-8.185054
14.67	-12.81139	-685.3594	-961.2988	61.92175	107.1174	-1289.754	392.5267	32.02844	-109.9644	146.2633	82.91815	-6.049822	-5.338078	-17.08185	-130.605	-56.22775	-31.6726	-4.270463	-6.049822	-6.049822	-17.43772	-4.626335	-8.185054	-5.338078	-17.08185	-4.626335	-8.185054
14.96	-12.81139	514.6406	-460.2988	161.9218	7.117439	-1589.754	92.52673	132.0284	90.03564	-53.73666	82.91815	-6.049822	-5.338078	-17.08185	69.39502	143.7722	-31.6726	-4.270463	-6.049822	-6.049822	-17.43772	-4.626335	191.8149	-5.338078	-17.08185	-4.626335	191.8149
15.24	-12.81139	514.6406	-2361.299	61.92175	7.117439	-1489.754	-7.473267	432.0284	290.0356	46.26334	-17.08185	-6.049822	-5.338078	-17.08185	169.395	-256.2278	-31.6726	-4.270463	-6.049822	93.95018	82.56228	-4.626335	-8.185054	-5.338078	-17.08185	-4.626335	-8.185054
15.53	-12.81139	-1085.359	-861.2988	-38.07825	-92.88256	-689.7544	-7.473267	32.02844	-209.9644	46.26334	-17.08185	-6.049822	-5.338078	-17.08185	69.39502	-156.2278	-31.6726	-4.270463	93.95018	-6.049822	-17.43772	-4.626335	-8.185054	-5.338078	-17.08185	-4.626335	-8.185054
15.81	-12.81139	-985.3594	-460.2988	161.9218	-92.88256	-989.7544	792.5267	-267.9716	90.03564	46.26334	-17.08185	-6.049822	-5.338078	-17.08185	-30.60498	343.7722	68.3274	-4.270463	-6.049822	-6.049822	-17.43772	-4.626335	-8.185054	-5.338078	-17.08185	-4.626335	-8.185054
16.1	87.18861	214.6406	-861.2988	861.9218	-92.88256	-1089.754	392.5267	632.0284	-409.9644	46.26334	-17.08185	-6.049822	-5.338078	-17.08185	-30.60498	-156.2278	68.3274	-4.270463	-6.049822	-6.049822	-17.43772	-4.626335	-8.185054	-5.338078	-17.08185	-4.626335	-8.185054
16.38	87.18861	914.6406	-1661.299	361.9218	7.117439	-1089.754	-407.4733	-167.9716	-209.9644	46.26334	-17.08185	-6.049822	-5.338078	-17.08185	369.395	143.7722	-31.6726	-4.270463	-6.049822	-6.049822	-17.43772	-4.626335	-8.185054	-5.338078	-17.08185	-4.626335	-8.185054
16.67	-12.81139	14.64062	-1061.299	161.9218	7.117439	-889.7544	-307.4733	32.02844	290.0356	-53.73666	82.91815	-6.049822	-5.338078	-17.08185	-30.60498	38073.77	-31.6726	-4.270463	-6.049822	-6.049822	-17.43772	-4.626335	-8.185054	-5.338078	-17.08185	-4.626335	-8.185054
16.95	87.18861	514.6406	239.7012	-338.0782	-92.88256	-1289.754	-7.473267	132.0284	290.0356	-53.73666	-17.08185	-6.049822	-5.338078	-17.08185	-30.60498	43.77225	-31.6726	-4.270463	-6.049822	-6.049822	-17.43772	-4.626335	-8.185054	-5.338078	-17.08185	-4.626335	-8.185054
17.24	-12.81139	2114.641	-260.2988	-138.0782	-92.88256	-1689.754	-207.4733	232.0284	290.0356	-53.73666	82.91815	-6.049822	-5.338078	-17.08185	69.39502	-56.22775	-31.6726	-4.270463	-6.049822	-6.049822	-17.43772	-4.626335	-8.185054	-5.338078	-17.08185	-4.626335	-8.185054
17.52	-12.81139	414.6406	639.7012	-238.0782	-92.88256	-588.7544	-307.4733	-467.9716	190.0356	46.26334	-17.08185	-6.049822	-5.338078	-17.08185	9671.395	43.77225	-31.6726	-4.270463	-6.049822	-6.049822	-17.43772	-4.626335	-8.185054	-5.338078	-17.08185	-4.626335	-8.185054
17.81	-12.81139	14.64062	-560.2988	-138.0782	-92.88256	-2189.754	-207.4733	-267.9716	-9.964355	-53.73666	-17.08185	-6.049822	-5.338078	-17.08185	-30.60498	143.7722	-31.6726	-4.270463	-6.049822	-6.049822	-17.43772	-4.626335	-8.185054	-5.338078	-17.08185	-4.626335	-8.185054
18.1	87.18861	-285.3594	-1361.299	261.9218	7.117439	-789.7544	-307.4733	132.0284	90.03564	46.26334	-17.08185	-6.049822	-5.338078	-17.08185	-30.60498	50394.77	-31.6726	-4.270463	-6.049822	-6.049822	-17.43772	-4.626335	-8.185054	-5.338078	-17.08185	-4.626335	-8.185054
18.38	-12.81139	614.6406	-360.2988	-238.0782	7.117439	-1289.754	-7.473267	-167.9716	890.0356	-53.73666	-17.08185	-6.049822	-5.338078	-17.08185	-130.605	-256.2278	-31.6726	-4.270463	-6.049822	-6.049822	-17.43772	-4.626335	-8.185054	-5.338078	-17.08185	-4.626335	-8.185054
18.67	-12.81139	314.6406	439.7012	-38.07825	7.117439	-2989.754	-407.4733	-267.9716	90.03564	46.26334	-17.08185	-6.049822	-5.338078	-17.08185	-30.60498	43.77225	-31.6726	-4.270463	-6.049822	-6.049822	-17.43772	-4.626335	-8.185054	-5.338078	-17.08185	-4.626335	-8.185054
18.95	-12.81139	-485.3594	-761.2988	-38.07825	-92.88256	-1789.754	-407.4733	432.0284	-9.964355	-53.73666	-17.08185	-6.049822	-5.338078	-17.08185	69.39502	443.7722	-31.6726	-4.270463	-6.049822	-6.049822	-17.43772	-4.626335	-8.185054	-5.338078	-17.08185	-4.626335	-8.185054
19.23	87.18861	414.6406	-460.2988	61.92175	7.117439	-2689.754	92.52673	32.02844	-9.964355	46.26334	-17.08185	-6.049822	-5.338078	-17.08185	-130.605	-56.22775	-31.6726	-4.270463	-6.049822	93.95018	-17.43772	-4.626335	-8.185054	-5.338078	-17.08185	-4.626335	-8.185054
19.52	-12.81139	1414.641	639.7012	-138.0782	7.117439	-1089.754	-507.4733	132.0284	-109.9644	-53.73666	-17.08185	-6.049822	-5.338078	-17.08185	-30.60498	543.7722	68.3274	-4.270463	-6.049822	-6.049822	82.56228	-4.626335	-8.185054	-5.338078	-17.08185	-4.626335	-8.185054
19.81	-12.81139	-685.3594	239.7012	-138.0782	107.1174	-1689.754	-507.4733	32.02844	190.0356	46.26334	82.91815	-6.049822	-5.338078	-17.08185	-30.60498	-256.2278	-31.6726	-4.270463	-6.049822	-6.049822	-17.43772	-4.626335	-8.185054	-5.338078	-17.08185	-4.626335	-8.185054
20.09	-12.81139	-585.3594	-560.2988	-238.0782	7.117439	-2189.754	92.52673	-167.9716	690.0356	-53.73666	-17.08185	-6.049822	-5.338078	-17.08185	169.395	-156.2278	-31.6726	-4.270463	-6.049822	-6.049822	82.56228	-4.626335	-8.185054	-5.338078	-17.08185	-4.626335	-8.185054
20.38	87.18861	-685.3594	139.7012	161.9218	107.1174	-1989.754	-407.4733	-267.9716	-109.9644	46.26334	82.91815	-6.049822	-5.338078	-17.08185	69.39502	143.7722	-31.6726	-4.270463	-6.049822	-6.049822	-17.43772	-4.626335	-8.185054	-5.338078	-17.08185	-4.626335	-8.185054
20.66	-12.81139	-1085.359	-1061.299	-238.0782	-92.88256	-188.7544	-7.473267	132.0284	-9.964355	146.2633	-17.08185	-6.049822	-5.338078	-17.08185	-30.60498	-156.2278	-31.6726	-4.270463	-6.049822	-6.049822	-17.43772	-4.626335	-8.185054	-5.338078	-17.08185	-4.626335	-8.185054
20.95	-12.81139	1514.641	-1461.299	161.9218	7.117439	-1589.754	-207.4733	-167.9716	-109.9644	46.26334	-17.08185	-6.049822	-5.338078	-17.08185	69.39502	43.77225	-31.6726	-4.270463	-6.049822	-6.049822	-17.43772	-4.626335	-8.185054	-5.338078	-17.08185	-4.626335	-8.185054
21.23	-12.81139	714.6406	-961.2988	-38.07825	7.117439	-1589.754	-7.473267	32.02844	-109.9644	146.2633	-17.08185	-6.049822	-5.338078	-17.08185	-130.605	-56.22775	-31.6726	-4.270463	-6.049822	-6.049822	-17.43772	-4.626335	-8.185054	-5.338078	-17.08185	-4.626335	-8.185054
21.52	-12.81139	-1486.359	-1361.299	661.9218	7.117439	-1189.754	-607.4733	-167.9716	-309.9644	46.26334	-17.08185	-6.049822	-5.338078	-17.08185	269.395	-256.2278	68.3274	-4.270463	-6.049822	-6.049822	-17.43772	-4.626335	-8.185054	-5.338078	-17.08185	-4.626335	-8.185054
21.8	-12.81139	1314.641	-1361.299	-338.0782	107.1174	-889.7544	292.5267	32.02844	190.0356	-53.73666	-17.08185	-6.049822	-5.338078	-17.08185	-30.60498	-56.22775	-31.6726	-4.270463	-6.049822	-6.049822	-17.43772	-4.626335	-8.185054	-5.338078	-17.08185	-4.626335	-8.185054
22.09	87.18861	214.6406	139.7012	361.9218	7.117439	-1089.754	-207.4733	232.0284	-509.9644	-53.73666	-17.08185	-6.049822	-5.338078	-17.08185	-30.60498	18350.77	-31.6726	-4.270463	-6.049822	-6.049822	-17.43772	-4.626335	-8.185054	-5.338078	-17.08185	-4.626335	-8.185054
22.37	-12.81139	714.6406	639.7012	-38.07825	-92.88256	-1889.754	192.5267	-167.9716	90.03564	-53.73666	-17.08185	-6.049822	-5.338078	-17.08185	-30.60498	-156.2278	-31.6726	-4.270463	-6.049822	-6.049822	-17.43772	-4.626335	-8.185054	-5.338078	-17.08185	-4.626335	-8.185054
22.66	-12.81139	-985.3594	-160.2988	-738.0782	107.1174	-889.7544	-207.4733	432.0284	90.03564	246.2633	-17.08185	-6.049822	-5.338078	-17.08185	-30.60498	-156.2278	-31.6726	-4.270463	-6.049822	-6.049822	-17.43772	-4.626335	-8.185054	-5.338078	-17.08185	-4.626335	-8.185054
22.94	-12.81139	114.6406	-1061.299	-238.0782	-92.88256	-989.7544	592.5267	-267.9716	190.0356	146.2633	-17.08185	-6.049822	-5.338078	-17.08185	169.395	-156.2278	-31.6726	95.72954	-6.049822	-6.049822	82.56228	-4.626335	-8.185054	-5.338078	-17.08185	-4.626335	-8.185054
23.23	-12.81139	-685.3594	-861.2988	-138.0782	-92.88256	-689.7544	392.5267	432.0284	390.0356	46.26334	-17.08185	-6.049822	94.66192	-17.08185	-130.605	-156.2278	-31.6726	-4.270463	-6.049822	-6.049822	-17.43772	-4.626335	-8.185054	94.66192	-17.08185	-4.626335	-8.185054
23.51	-12.81139	1014.641	-1361.299	-38.07825	-92.88256	-989.7544	-807.4733	-167.9716	490.0356	-53.73666	-17.08185	-6.049822	-5.338078	-17.08185	-130.605	-156.2278	-31.6726	-4.270463	-6.049822	-6.049822	-17.43772	-4.626335	-8.185054	-5.338078	-17.08185	-4.626335	-8.185054
23.8	-12.81139	-485.3594	-1961.299	161.9218	-92.88256	-1689.754	-1007.473	132.0284	-709.9644	146.2633	-17.08185	-6.049822	-5.338078	-17.08185	69.39502	-156.2278	-31.6726	-4.270463	-6.049822	-6.049822	82.56228	-4.626335	-8.185054	-5.338078	-17.08185	-4.626335	-8.185054
24.08	87.18861	614.6406	-460.2988	61.92175	-92.88256	-588.7544	-207.4733	-67.97156	1290.036	-53.73666	-17.08185	-6.049822	-5.338078	82.91815	9371.395	-56.22775	-31.6726	-4.270463	-6.049822	-6.049822	-17.43772	-4.626335	-8.185054	-5.338078	82.91815	-4.626335	-8.185054
24.37	-12.81139	314.6406	339.7012	-138.0782	-92.88256	-588.7544	-507.4733	32.02844	90.03564	46.26334	-17.08185	-6.049822	-5.338078	-17.08185	-30.60498	43.77225	-31.6726	-4.270463	-6.049822	-6.049822	-17.43772	-4.626335	91.81495	-5.338078	-17.08185	-4.626335	91.81495
24.65	-12.81139	-385.3594	-1161.299	-338.0782	-92.88256	-1389.754	-407.4733	232.0284	-9.964355	146.2633	-17.08185	-6.049822	-5.338078	-17.08185	-30.60498	-256.2278	-31.6726	-4.270463	-6.049822	-6.049822	-17.43772	-4.626335	-8.185054	-5.338078	-17.08185	-4.626335	-8.185054
24.94	-12.81139	114.6406	-560.2988	-238.0782	7.117439	-1889.754	-507.4733	-367.9716	-709.9644	46.26334	-17.08185	-6.049822	-5.338078	82.91815	-30.60498	-156.2278	-31.6726	-4.270463	-6.049822	-6.049822	-17.43772	-4.626335	-8.185054	-5.338078	82.91815	-4.626335	-8.185054
25.22	87.18861	1114.641	-1961.299	61.92175	7.117439	-689.7544	-607.4733	-267.9716	-109.9644	-53.73666	-17.08185	-6.049822	-5.338078	-17.08185	-130.605	-256.2278	-31.6726	-4.270463	-6.049822	-6.049822	-17.43772	-4.626335	-8.185054	-5.338078	-17.08185	-4.626335	-8.185054
25.51	-12.81139	614.6406	139.7012	61.92175	-92.88256	-188.7544	292.5267	32.02844	90.03564	46.26334	-17.08185	-6.049822	-5.338078	-17.08185	-30.60498	243.7722	-31.6726	-4.270463	-6.049822	-6.049822	-17.43772	95.37366	-8.185054	-5.338078	-17.08185	95.37366	-8.185054
25.79	-12.81139	514.6406	-360.2988	-38.07825	-92.88256	-1789.754	-407.4733	-67.97156	90.03564	-53.73666	-17.08185	-6.049822	-5.338078	-17.08185	69.39502	143.7722	-31.6726	95.72954	-6.049822	-6.049822	82.56228	-4.626335	-8.185054	-5.338078	-17.08185	-4.626335	-8.185054
26.08	-12.81139	1314.641	-660.2988	-238.0782	-92.88256	-2089.754	192.5267	-67.97156	190.0356	46.26334	-17.08185	-6.049822	-5.338078	-17.08185	169.395	243.7722	-31.6726	-4.270463	-6.049822	-6.049822	-17.43772	-4.626335	-8.185054	-5.338078	-17.08185	-4.626335	-8.185054
26.36	87.18861	514.6406	-1661.299	-138.0782	7.117439	-789.7544	-207.4733	232.0284	390.0356	46.26334	-17.08185	-6.049822	-5.338078	-17.08185	-30.60498	-256.2278	-31.6726	-4.270463	-6.049822	-6.049822	-17.43772	-4.626335	-8.185054	-5.338078	-17.08185	-4.626335	-8.185054
26.65	-12.81139	14.64062	-2161.299	-438.0782	207.1174	-488.7544	-507.4733	-167.9716	390.0356	-53.73666	-17.08185	-6.049822	-5.338078	-17.08185	-130.605	-56.22775	-31.6726	-4.270463	-6.049822	-6.049822	-17.43772	-4.626335	-8.185054	-5.338078	-17.08185	-4.626335	-8.185054
26.93	-12.81139	214.6406	-460.2988	61.92175	7.117439	-1989.754	-7.473267	332.0284	-709.9644	-53.73666	82.91815	-6.049822	-5.338078	-17.08185	169.395	-356.2278	-31.6726	-4.270463	-6.049822	-6.049822	82.56228	-4.626335	-8.185054	-5.338078	-17.08185	-4.626335	-8.185054
27.22	87.18861	114.6406	239.7012	-738.0782	-92.88256	-1889.754	-707.4733	-367.9716	190.0356	-53.73666	-17.08185	-6.049822	-5.338078	-17.08185	-130.605	-56.22775	-31.6726	-4.270463	-6.049822	-6.049822	-17.43772	-4.626335	-8.185054	-5.338078	-17.08185	-4.626335	-8.185054
27.5	-12.81139	-385.3594	-1361.299	-38.07825	7.117439	-1789.754	-407.4733	-167.9716	-9.964355	-53.73666	-17.08185	-6.049822	-5.338078	82.91815	-30.60498	-56.22775	-31.6726	-4.270463	-6.049822	-6.049822	-17.43772	-4.626335	-8.185054	-5.338078	82.91815	-4.626335	-8.185054
27.79	-12.81139	-285.3594	-260.2988	461.9218	-92.88256	-1289.754	292.5267	-167.9716	-309.9644	-53.73666	-17.08185	-6.049822	-5.338078	-17.08185	-30.60498	-156.2278	-31.6726	-4.270463	93.95018	-6.049822	82.56228	-4.626335	91.81495	-5.338078	-17.08185	-4.626335	91.81495
28.07	-12.81139	1714.641	-1361.299	-238.0782	-92.88256	-488.7544	92.52673	-167.9716	-9.964355	-53.73666	-17.08185	-6.049822	-5.338078	-17.08185	8771.395	143.7722	-31.6726	-4.270463	-6.049822	93.95018	-17.43772	-4.626335	-8.185054	-5.338078	-17.08185	-4.626335	-8.185054
28.36	-12.81139	314.6406	-1161.299	61.92175	-92.88256	-789.7544	292.5267	232.0284	190.0356	-53.73666	-17.08185	-6.049822	-5.338078	-17.08185	69.39502	-56.22775	-31.6726	-4.270463	-6.049822	-6.049822	-17.43772	-4.626335	-8.185054	-5.338078	-17.08185	-4.626335	-8.185054
28.64	-12.81139	514.6406	-660.2988	-438.0782	7.117439	-188.7544	-607.4733	32.02844	90.03564	46.26334	-17.08185	-6.049822	-5.338078	-17.08185	-30.60498	-56.22775	-31.6726	-4.270463	-6.049822	-6.049822	82.56228	-4.626335	-8.185054	-5.338078	-17.08185	-4.626335	-8.185054
28.93	-12.81139	1314.641	339.7012	-38.07825	-92.88256	-689.7544	-307.4733	132.0284	-109.9644	-53.73666	-17.08185	-6.049822	-5.338078	-17.08185	-130.605	-156.2278	68.3274	-4.270463	-6.049822	-6.049822	-17.43772	-4.626335	-8.185054	-5.338078	-17.08185	-4.626335	-8.185054
29.21	-12.81139	314.6406	-761.2988	-238.0782	7.117439	1511.246	392.5267	32.02844	-609.9644	-53.73666	-17.08185	-6.049822	-5.338078	-17.08185	47414.39	153012.8	68.3274	-4.270463	-6.049822	293.9502	82.56228	-4.626335	91.81495	-5.338078	-17.08185	-4.626335	91.81495
29.5	187.1886	696045.6	-60.29883	361.9218	7.117439	8814.246	89760.52	-267.9716	-9.964355	1546.263	1582.918	193.9502	-5.338078	82.91815	422918.4	1075607	-31.6726	-4.270463	-6.049822	2893.95	882.5623	-4.626335	191.8149	-5.338078	82.91815	-4.626335	191.8149
29.78	87.18861	3633280	-1061.299	261.9218	707.1174	36245.25	247732.5	132.0284	490.0356	2546.263	2282.918	93.95018	94.66192	-17.08185	437669.4	1125538	368.3274	95.72954	193.9502	2693.95	982.5623	-4.626335	191.8149	94.66192	-17.08185	-4.626335	191.8149
30.07	587.1886		-660.2988	861.9218	207.1174	48769.25	323091.5	232.0284	290.0356	3846.263	2782.918	493.9502	-5.338078	-17.08185	327705.4	937407.8	68.3274	-4.270463	293.9502	1993.95	782.5623	-4.626335	491.8149	-5.338078	-17.08185	-4.626335	491.8149
30.36	387.1886		1039.701	-138.0782	507.1174	71830.24	417074.5	-67.97156	490.0356	4246.263	4382.918	493.9502	94.66192	-17.08185	291965.4	948172.8	68.3274	-4.270463	293.9502	1993.95	682.5623	95.37366	291.8149	94.66192	-17.08185	95.37366	291.8149
30.65	387.1886		639.7012	1261.922	507.1174	57991.25	443729.5	232.0284	90.03564	3946.263	4382.918	193.9502	-5.338078	-17.08185	262542.4	1061447	-31.6726	195.7295	393.9502	1893.95	782.5623	95.37366	191.8149	-5.338078	-17.08185	95.37366	191.8149
30.94	87.18861		2439.701	261.9218	107.1174	68821.24	513756.5	132.0284	-9.964355	2646.263	4382.918	193.9502	-5.338078	82.91815	347063.4	807281.8	-31.6726	295.7295	293.9502	1893.95	1182.562	-4.626335	491.8149	-5.338078	82.91815	-4.626335	491.8149
31.23	487.1886		-460.2988	861.9218	607.1174	66414.24	560140.5	-67.97156	-109.9644	4146.263	7083.918	493.9502	-5.338078	82.91815	267779.4	678332.8	68.3274	195.7295	493.9502	593.9502	582.5623	-4.626335	491.8149	-5.338078	82.91815	-4.626335	491.8149
31.52	287.1886		739.7012	61.92175	707.1174	65411.25	661690.5	-267.9716	90.03564	3946.263	4182.918	693.9502	94.66192	-17.08185	233758.4	764981.8	-31.6726	195.7295	293.9502	2193.95	1082.562	295.3737	591.8149	94.66192	-17.08185	295.3737	591.8149
31.8	187.1886		1439.701	1061.922	507.1174	69623.24	573949.5	-167.9716	690.0356	4346.263	6283.918	393.9502	-5.338078	82.91815	219025.4	660155.8	168.3274	95.72954	93.95018	993.9502	382.5623	95.37366	191.8149	-5.338078	82.91815	95.37366	191.8149
32.1	487.1886		939.7012	1161.922	407.1174	65110.25	597800.5	132.0284	790.0356	5047.263	5083.918	993.9502	-5.338078	-17.08185	213780.4	650845.8	-31.6726	195.7295	393.9502	1093.95	882.5623	95.37366	791.8149	-5.338078	-17.08185	95.37366	791.8149
32.38	-12.81139		1339.701	-138.0782	1107.117	66715.24	676884.5	232.0284	790.0356	4846.263	5983.918	793.9502	-5.338078	-17.08185	236887.4	534504.8	-31.6726	95.72954	93.95018	593.9502	1182.562	295.3737	791.8149	-5.338078	-17.08185	295.3737	791.8149
32.67	187.1886		1739.701	761.9218	507.1174	76344.24	679041.5	32.02844	290.0356	7047.263	6483.918	1193.95	94.66192	-17.08185	271335.4	622529.8	168.3274	495.7295	193.9502	2893.95	1382.562	195.3737	291.8149	94.66192	-17.08185	195.3737	291.8149
32.97	187.1886		2539.701	61.92175	207.1174	76545.24	602434.5	132.0284	590.0356	5147.263	6683.918	1493.95	94.66192	-17.08185	592119.4	1783656	-31.6726	95.72954	93.95018	14297.95	1482.562	295.3737	391.8149	94.66192	-17.08185	295.3737	391.8149
33.27	1087.189		3140.701	461.9218	607.1174	84071.24	750960.5	132.0284	590.0356	5547.263	5083.918	793.9502	-5.338078	-17.08185	872125.4	2902661	-31.6726	295.7295	293.9502	21202.95	1082.562	-4.626335	691.8149	-5.338078	-17.08185	-4.626335	691.8149
33.55	687.1886		3840.701	661.9218	907.1174	100234.2	737775.5	-67.97156	90.03564	6247.263	5383.918	1193.95	194.6619	-17.08185	913566.4	2874328	68.3274	95.72954	393.9502	19100.95	1682.562	95.37366	691.8149	194.6619	-17.08185	95.37366	691.8149
33.84	587.1886		3440.701	261.9218	407.1174	79455.24	684898.5	332.0284	-509.9644	5747.263	6083.918	1193.95	-5.338078	-17.08185	1116355	3441043	168.3274	495.7295	293.9502	18300.95	1682.562	95.37366	191.8149	-5.338078	-17.08185	95.37366	191.8149
34.12	987.1886		1339.701	161.9218	1307.117	100234.2	792620.5	32.02844	90.03564	4646.263	7783.918	1293.95	-5.338078	-17.08185	2179844	6587964	68.3274	295.7295	393.9502	50644.95	1482.562	95.37366	391.8149	-5.338078	-17.08185	95.37366	391.8149
34.41	2587.189		2639.701	1161.922	807.1174	90896.24	782508.5	232.0284	590.0356	4446.263	7383.918	1993.95	-5.338078	182.9182	4924208	1.210891e+07	-31.6726	295.7295	793.9502	107625	2282.562	95.37366	1391.815	-5.338078	182.9182	95.37366	1391.815
34.69	3587.189		439.7012	1661.922	2107.117	91900.24	750342.5	632.0284	390.0356	7747.263	9984.918	1593.95	-5.338078	-17.08185	9982684	2.320516e+07	168.3274	295.7295	893.9502	148635	3582.562	-4.626335	1891.815	-5.338078	-17.08185	-4.626335	1891.815
34.98	4587.188		1639.701	7963.922	4207.118	95213.24	704534.5	632.0284	990.0356	7047.263	18689.92	2093.95	94.66192	182.9182	2.523014e+07	7.637578e+07	368.3274	995.7296	493.9502	118374	5583.562	95.37366	1091.815	94.66192	182.9182	95.37366	1091.815
35.26	4487.188		1039.701	9463.922	7108.118	73335.24	554516.5	732.0284	1890.036	9848.264	20490.92	1493.95	-5.338078	482.9182	4.189881e+07	1.181105e+08	468.3274	895.7296	593.9502	85138.95	7083.562	95.37366	1191.815	-5.338078	482.9182	95.37366	1191.815
35.55	5388.188		2239.701	15767.92	6808.118	61901.25	451466.5	1232.028	990.0356	10748.26	26596.92	1293.95	-5.338078	882.9182	6.59074e+07	1.902458e+08	568.3274	695.7296	893.9502	73401.95	8083.562	195.3737	1491.815	-5.338078	882.9182	195.3737	1491.815
35.84	7088.188		4440.701	23273.92	10909.12	51275.25	383439.5	1132.028	2090.036	13650.26	33805.92	893.9502	-5.338078	1382.918	8.590186e+07	2.423258e+08	468.3274	2195.729	593.9502	52248.95	9684.562	-4.626335	691.8149	-5.338078	1382.918	-4.626335	691.8149
36.12	4787.188	4780330	939.7012	27577.92	14711.12	45663.25	347618.5	2032.028	2190.036	11149.26	36609.92	693.9502	-5.338078	882.9182	1.004059e+08	2.423258e+08	668.3274	1595.729	393.9502	39023.95	9684.562	-4.626335	1391.815	-5.338078	882.9182	-4.626335	1391.815
36.41	5188.188	3750465	2239.701	31582.92	11310.12	44460.25	261068.5	1332.028	990.0356	15051.26	36709.92	393.9502	94.66192	1582.918	1.014939e+08	2.783843e+08	1068.327	1995.729	393.9502	32013.95	11285.56	-4.626335	1891.815	94.66192	1582.918	-4.626335	1891.815
36.7	4887.188	2989020	3740.701	51216.92	11110.12	22626.25	203533.5	2232.028	2790.036	15951.26	41416.92	293.9502	94.66192	2082.918	1.151146e+08	3.144455e+08	1668.327	1195.729	593.9502	29611.95	10484.56	-4.626335	1591.815	94.66192	2082.918	-4.626335	1591.815
36.98	3387.189	2535374	3140.701	64547.92	6608.118	22426.25	168269.5	1032.028	2790.036	17852.26	41316.92	193.9502	-5.338078	1782.918	1.171833e+08	2.964146e+08	2168.327	1295.729	293.9502	26407.95	11585.56	-4.626335	1991.815	-5.338078	1782.918	-4.626335	1991.815
37.27	3287.189	2047992	2439.701	83303.92	5608.118	12817.25	143212.5	2432.028	3591.036	22056.26	40315.92	193.9502	94.66192	3182.918	1.220393e+08	3.044282e+08	2868.327	1395.729	493.9502	26207.95	12685.56	-4.626335	4291.815	94.66192	3182.918	-4.626335	4291.815
37.55	1787.189	1873320	3640.701	112719.9	4307.118	18622.25	163840.5	2532.028	4691.036	27561.26	43820.92	293.9502	-5.338078	3382.918	1.369691e+08	3.68542e+08	4368.328	1895.729	193.9502	27408.95	11885.56	-4.626335	4491.815	-5.338078	3382.918	-4.626335	4491.815
37.84	2587.189	1407919	3340.701	143176.9	2107.117	7814.246	121596.5	1532.028	5391.036	28763.26	54642.92	293.9502	-5.338078	2882.918	1.250904e+08	3.545164e+08	3968.327	1395.729	93.95018	30812.95	12685.56	95.37366	4791.815	-5.338078	2882.918	95.37366	4791.815
38.13	1887.189	1344449	1639.701	151928.9	2807.117	11116.25	112855.5	2732.028	2390.036	33969.26	53439.92	93.95018	94.66192	4282.918	1.30001e+08	3.62531e+08	3868.327	1895.729	193.9502	30411.95	15587.56	-4.626335	5792.815	94.66192	4282.918	-4.626335	5792.815
38.41	787.1886	1231522	4640.701	164205.9	2807.117	8114.246	111248.5	2932.028	2890.036	38776.26	64465.92	393.9502	-5.338078	3382.918	1.334541e+08	3.12442e+08	4568.328	1895.729	393.9502	31313.95	9984.562	-4.626335	7292.815	-5.338078	3382.918	-4.626335	7292.815
38.7	1087.189	904407.6	4640.701	174475.9	1607.117	4612.246	101003.5	2432.028	3991.036	39778.26	68075.92	93.95018	-5.338078	3482.918	1.360022e+08	3.845718e+08	5269.328	2295.729	193.9502	33916.95	10684.56	95.37366	7292.815	-5.338078	3482.918	95.37366	7292.815
38.98	1187.189	906688.6	3940.701	201478.9	1707.117	4512.246	92871.52	3132.028	3791.036	43684.26	69779.92	293.9502	-5.338078	2982.918	1.307323e+08	4.146289e+08	3568.327	3195.729	393.9502	32013.95	13886.56	-4.626335	7792.815	-5.338078	2982.918	-4.626335	7792.815
39.27	887.1886	557297.6	2739.701	196942.9	2307.117	3112.246	84441.52	2332.028	3491.036	44385.26	77803.92	93.95018	-5.338078	3982.918	1.300156e+08	3.765569e+08	3468.327	3195.729	-6.049822	29811.95	10784.56	-4.626335	4791.815	-5.338078	3982.918	-4.626335	4791.815
39.56	2887.189	500398.6	4240.701	208435.9	1507.117	1111.246	81029.52	3532.028	4891.036	40879.26	91048.92	293.9502	94.66192	2882.918	1.33176e+08	3.244629e+08	4068.327	4895.729	93.95018	29210.95	12185.56	-4.626335	4091.815	94.66192	2882.918	-4.626335	4091.815
39.84	3187.189	378351.6	3640.701	215797.9	1307.117	2611.246	57563.53	2232.028	3891.036	39377.26	90947.92	193.9502	-5.338078	3482.918	1.380243e+08	3.765569e+08	2268.327	4895.729	193.9502	24605.95	12485.56	95.37366	4391.815	-5.338078	3482.918	95.37366	4391.815
40.13	2887.189	345675.6	3440.701	205309.9	4807.118	2511.246	68190.52	2532.028	4291.036	36172.26	88840.92	293.9502	94.66192	2982.918	1.385227e+08	3.525128e+08	3268.327	4795.729	-6.049822	23704.95	10584.56	-4.626335	4691.815	94.66192	2982.918	-4.626335	4691.815
40.41	4987.188	449940.6	1439.701	197244.9	11210.12	111.2456	49745.53	2832.028	2090.036	29363.26	92352.92	93.95018	-5.338078	2282.918	1.384201e+08	3.945906e+08	3168.327	4295.729	-6.049822	17899.95	10784.56	-4.626335	3091.815	-5.338078	2282.918	-4.626335	3091.815
40.7	5288.188	225281.6	4240.701	148809.9	17313.12	2011.246	56460.53	2732.028	3390.036	25459.26	72788.92	193.9502	-5.338078	2082.918	1.367493e+08	3.224594e+08	2368.327	2595.729	-6.049822	14797.95	13286.56	-4.626335	2591.815	-5.338078	2082.918	-4.626335	2591.815
40.99	7988.188	141046.6	4540.701	120455.9	25820.12	2111.246	38525.53	1532.028	2490.036	20855.26	64565.92	93.95018	-5.338078	2682.918	1.349768e+08	3.525128e+08	1868.327	2395.729	-6.049822	13497.95	10584.56	-4.626335	2791.815	-5.338078	2682.918	-4.626335	2791.815
41.27	10389.19	223364.6	2639.701	100768.9	34331.12	-989.7544	33217.53	2232.028	4691.036	14450.26	63362.92	393.9502	-5.338078	2282.918	1.413238e+08	3.785605e+08	2268.327	2895.729	193.9502	9995.95	13386.56	-4.626335	1491.815	-5.338078	2282.918	-4.626335	1491.815
41.56	19495.19	127571.6	3540.701	73672.92	43445.12	-288.7544	24406.53	2832.028	4291.036	14250.26	60956.92	193.9502	-5.338078	1282.918	1.344057e+08	4.066135e+08	1468.327	2395.729	-6.049822	7594.95	19490.56	-4.626335	991.8149	-5.338078	1282.918	-4.626335	991.8149
41.84	19595.19	144869.6	3140.701	68558.92	45448.12	-188.7544	22204.53	2232.028	4291.036	13950.26	58150.92	293.9502	-5.338078	1582.918	1.278372e+08	3.32477e+08	1868.327	1795.729	-6.049822	8695.95	25295.56	-4.626335	2191.815	-5.338078	1582.918	-4.626335	2191.815
42.13	22697.19	109481.6	2039.701	72669.92	46350.12	-288.7544	21903.53	1632.028	2990.036	11649.26	55844.92	193.9502	-5.338078	1382.918	1.274425e+08	3.665384e+08	968.3274	2395.729	93.95018	8294.95	32804.56	95.37366	1691.815	-5.338078	1382.918	95.37366	1691.815
42.42	18894.19	76651.64	3440.701	68959.92	40941.12	111.2456	19201.53	2532.028	5391.036	14050.26	56345.92	93.95018	-5.338078	982.9182	1.23747e+08	2.663645e+08	1468.327	1995.729	-6.049822	9295.95	32603.56	-4.626335	1991.815	-5.338078	982.9182	-4.626335	1991.815
42.7	15592.19	71835.64	4040.701	102977.9	34731.12	-1089.754	21002.53	2832.028	5991.036	15251.26	58350.92	93.95018	-5.338078	2082.918	1.349183e+08	3.745531e+08	1968.327	2195.729	93.95018	14797.95	36509.56	-4.626335	1991.815	-5.338078	2082.918	-4.626335	1991.815
42.99	10489.19	60302.64	4240.701	114628.9	27122.12	1111.246	23705.53	3032.028	5991.036	15251.26	68476.92	193.9502	-5.338078	2182.918	1.386253e+08	3.865756e+08	1668.327	2295.729	-6.049822	20201.95	28598.56	-4.626335	1691.815	-5.338078	2182.918	-4.626335	1691.815
43.28	10189.19	84578.64	2639.701	114527.9	21516.12	611.2456	19401.53	2132.028	4691.036	19654.26	69980.92	193.9502	-5.338078	1982.918	1.325173e+08	3.68542e+08	1068.327	2795.729	193.9502	19401.95	22892.56	-4.626335	1791.815	-5.338078	1982.918	-4.626335	1791.815
43.56	8188.188	50678.64	2339.701	105688.9	15212.12	-188.7544	22404.53	2332.028	4391.036	20454.26	69278.92	393.9502	-5.338078	3382.918	1.359728e+08	3.865756e+08	1568.327	2395.729	193.9502	31813.95	19990.56	195.3737	1591.815	-5.338078	3382.918	195.3737	1591.815
43.85	8889.188	41960.64	3940.701	97555.92	12310.12	1911.246	23205.53	2932.028	3090.036	23457.26	66470.92	93.95018	94.66192	2682.918	1.366468e+08	3.565201e+08	1568.327	1895.729	-6.049822	36119.95	20490.56	-4.626335	2491.815	94.66192	2682.918	-4.626335	2491.815
44.13	6388.188	27636.64	3040.701	90127.92	12110.12	-388.7544	32315.53	2632.028	3290.036	23757.26	58851.92	93.95018	-5.338078	3782.918	1.385227e+08	4.246484e+08	1968.327	1995.729	93.95018	47739.95	17888.56	-4.626335	2991.815	-5.338078	3782.918	-4.626335	2991.815
44.42	6588.188	38654.64	4940.701	88120.92	9309.117	-488.7544	32115.53	1832.028	4891.036	26160.26	59352.92	93.95018	-5.338078	1182.918	1.385227e+08	4.34668e+08	1968.327	1795.729	93.95018	53651.95	15787.56	195.3737	2491.815	-5.338078	1182.918	195.3737	2491.815
44.71	4587.188	65215.64	1139.701	81597.92	8709.117	-2089.754	31915.53	2332.028	5791.036	28863.26	58250.92	93.95018	-5.338078	2582.918	1.346254e+08	3.805643e+08	2568.327	1795.729	93.95018	63674.95	14486.56	195.3737	3091.815	-5.338078	2582.918	195.3737	3091.815
44.99	4587.188	26935.64	2739.701	84808.92	5908.118	-1189.754	37022.53	2132.028	4191.036	29063.26	51836.92	293.9502	-5.338078	2282.918	1.332491e+08	3.765569e+08	1568.327	1195.729	-6.049822	67885.95	13686.56	-4.626335	3191.815	-5.338078	2282.918	-4.626335	3191.815
45.28	4687.188	32243.64	3340.701	79490.92	6308.118	-789.7544	30112.53	2232.028	4291.036	28763.26	52738.92	-6.049822	-5.338078	2082.918	1.337469e+08	3.485056e+08	1968.327	1395.729	93.95018	74404.95	15087.56	-4.626335	3291.815	-5.338078	2082.918	-4.626335	3291.815
45.56	4187.188	72437.64	1239.701	84507.92	4407.118	-989.7544	31514.53	1932.028	4291.036	31266.26	61357.92	393.9502	94.66192	3382.918	1.426738e+08	3.765569e+08	1968.327	1095.729	-6.049822	89754.95	13185.56	-4.626335	3691.815	94.66192	3382.918	-4.626335	3691.815
45.85	3187.189	26835.64	3140.701	89625.92	6308.118	-1089.754	30513.53	2732.028	3491.036	32267.26	51034.92	93.95018	-5.338078	2182.918	1.41045e+08	3.725494e+08	2268.327	1595.729	193.9502	89453.95	13886.56	-4.626335	2391.815	-5.338078	2182.918	-4.626335	2391.815
46.14	4987.188	21629.64	1839.701	90528.92	7108.118	-488.7544	30313.53	2332.028	3290.036	30765.26	46926.92	-6.049822	-5.338078	1582.918	1.358703e+08	3.485056e+08	1968.327	1395.729	93.95018	86342.95	14386.56	-4.626335	2791.815	-5.338078	1582.918	-4.626335	2791.815
46.42	8088.188	30841.64	4740.701	81798.92	9609.117	-1089.754	25407.53	2632.028	4391.036	25559.26	45323.92	-6.049822	-5.338078	3882.918	1.382735e+08	3.505092e+08	2768.327	795.7296	-6.049822	90055.95	13786.56	-4.626335	2091.815	-5.338078	3882.918	-4.626335	2091.815
46.71	6988.188	19727.64	3240.701	84206.92	16813.12	-588.7544	24906.53	1332.028	2190.036	25459.26	44321.92	193.9502	-5.338078	1782.918	1.344936e+08	3.404912e+08	2568.327	1295.729	393.9502	77714.95	11585.56	-4.626335	2691.815	-5.338078	1782.918	-4.626335	2691.815
47	8288.188	23231.64	2739.701	73873.92	21516.12	611.2456	24906.53	2332.028	4491.036	23757.26	41216.92	193.9502	-5.338078	1782.918	1.269603e+08	3.665384e+08	1568.327	595.7296	293.9502	79519.95	13586.56	-4.626335	2091.815	-5.338078	1782.918	-4.626335	2091.815
47.28	9789.188	23431.64	4640.701	77885.92	26621.12	-889.7544	24106.53	2632.028	3090.036	22856.26	42919.92	193.9502	-5.338078	1482.918	1.400476e+08	3.204559e+08	1468.327	1195.729	293.9502	74805.95	12685.56	-4.626335	1791.815	-5.338078	1482.918	-4.626335	1791.815
47.57	15092.19	17124.64	2839.701	74776.92	34831.12	-1389.754	21103.53	2832.028	4391.036	21856.26	42418.92	193.9502	-5.338078	1182.918	1.324734e+08	3.485056e+08	1968.327	1295.729	-6.049822	61970.95	13286.56	-4.626335	1591.815	-5.338078	1182.918	-4.626335	1591.815
47.85	18694.19	17324.64	2239.701	68959.92	43345.12	-889.7544	17500.53	3132.028	3290.036	22256.26	42418.92	593.9502	-5.338078	1682.918	1.407663e+08	3.82568e+08	1368.327	1595.729	93.95018	58361.95	15187.56	-4.626335	1191.815	-5.338078	1682.918	-4.626335	1191.815
48.14	20996.19	13821.64	2339.701	60637.92	51460.12	-1789.754	14397.53	1832.028	3390.036	15851.26	43119.92	-6.049822	-5.338078	582.9182	1.371303e+08	3.885793e+08	1568.327	1495.729	-6.049822	50444.95	13886.56	-4.626335	1091.815	-5.338078	582.9182	-4.626335	1091.815
48.42	24299.19	19927.64	3740.701	59835.92	53063.12	-388.7544	18100.53	3232.028	4091.036	16251.26	39413.92	493.9502	-5.338078	1682.918	1.369398e+08	3.90583e+08	1168.327	1395.729	293.9502	38823.95	10984.56	-4.626335	1591.815	-5.338078	1682.918	-4.626335	1591.815
48.71	23598.19	14021.64	2940.701	50815.92	55368.12	-88.75439	13297.53	2932.028	4291.036	14150.26	42919.92	193.9502	-5.338078	782.9182	1.400623e+08	3.525128e+08	668.3274	2195.729	-6.049822	34817.95	12485.56	-4.626335	991.8149	-5.338078	782.9182	-4.626335	991.8149
49	28804.19	20027.64	3340.701	48410.92	62385.12	-989.7544	12696.53	1932.028	3290.036	14951.26	46425.92	393.9502	-5.338078	582.9182	1.456249e+08	4.386759e+08	968.3274	1995.729	93.95018	28009.95	15487.56	-4.626335	591.8149	-5.338078	582.9182	-4.626335	591.8149
49.28	28003.19	12620.64	1739.701	45805.92	71209.12	511.2456	11195.53	2532.028	4091.036	10648.26	48128.92	293.9502	-5.338078	982.9182	1.173116e+08	3.505092e+08	868.3274	1695.729	193.9502	19801.95	14786.56	-4.626335	1491.815	-5.338078	982.9182	-4.626335	1491.815
49.57	26101.19	16523.64	3540.701	35688.92	68100.12	-889.7544	10695.53	3332.028	3090.036	10648.26	46625.92	-6.049822	-5.338078	382.9182	1.349329e+08	3.62531e+08	568.3274	1295.729	-6.049822	17899.95	12585.56	-4.626335	491.8149	-5.338078	382.9182	-4.626335	491.8149
49.86	23798.19	9818.641	2839.701	40095.92	60982.12	-2289.754	13197.53	2932.028	3390.036	9548.264	50834.92	393.9502	-5.338078	682.9182	1.346547e+08	3.845718e+08	1168.327	1995.729	-6.049822	12896.95	13586.56	-4.626335	891.8149	-5.338078	682.9182	-4.626335	891.8149
50.14	25800.19	12620.64	2339.701	47208.92	60480.12	-88.75439	10795.53	2932.028	3891.036	11749.26	49531.92	293.9502	-5.338078	982.9182	1.435251e+08	3.725494e+08	768.3274	1695.729	293.9502	13897.95	15587.56	-4.626335	491.8149	-5.338078	982.9182	-4.626335	491.8149
50.43	23198.19	10919.64	3340.701	50414.92	51059.12	-889.7544	10995.53	2232.028	3891.036	13250.26	49130.92	93.95018	-5.338078	882.9182	1.325905e+08	3.364841e+08	668.3274	2495.729	193.9502	13196.95	11084.56	-4.626335	1191.815	-5.338078	882.9182	-4.626335	1191.815
50.71	19294.19	14021.64	2139.701	55926.92	42343.12	-789.7544	13597.53	2532.028	3090.036	11749.26	58751.92	493.9502	-5.338078	1382.918	1.366907e+08	3.785605e+08	1168.327	2495.729	93.95018	13196.95	13886.56	-4.626335	1591.815	-5.338078	1382.918	-4.626335	1591.815
51	21496.19	13721.64	2039.701	71667.92	46751.12	-1089.754	17199.53	2932.028	3891.036	16051.26	68175.92	93.95018	-5.338078	1282.918	1.426738e+08	3.46502e+08	1768.327	2195.729	293.9502	12996.95	14686.56	-4.626335	791.8149	-5.338078	1282.918	-4.626335	791.8149
51.29	17993.19	12620.64	2339.701	84206.92	39739.12	-388.7544	18500.53	3632.028	2990.036	18853.26	67072.92	193.9502	-5.338078	2082.918	1.305714e+08	3.585237e+08	868.3274	2895.729	93.95018	16198.95	13886.56	-4.626335	1391.815	-5.338078	2082.918	-4.626335	1391.815
51.57	14291.19	11720.64	3540.701	84808.92	34130.12	-2289.754	21002.53	1432.028	3891.036	19354.26	60355.92	-6.049822	-5.338078	682.9182	1.346986e+08	4.046097e+08	1868.327	2795.729	93.95018	13497.95	12285.56	-4.626335	1791.815	-5.338078	682.9182	-4.626335	1791.815
51.86	13391.19	16123.64	539.7012	95146.92	28123.12	-1189.754	23004.53	2832.028	3290.036	23657.26	67874.92	-6.049822	-5.338078	2382.918	1.382588e+08	3.885793e+08	1868.327	3095.729	293.9502	17999.95	12285.56	-4.626335	1691.815	-5.338078	2382.918	-4.626335	1691.815
52.14	12190.19	12920.64	3340.701	112117.9	25020.12	-388.7544	26708.53	3432.028	3290.036	22356.26	76298.92	-6.049822	-5.338078	1982.918	1.348304e+08	3.62531e+08	2668.327	2795.729	-6.049822	17399.95	11485.56	-4.626335	3391.815	-5.338078	1982.918	-4.626335	3391.815
52.43	11490.19	17324.64	2239.701	121058.9	20816.12	-88.75439	25307.53	2632.028	2890.036	26160.26	73490.92	293.9502	-5.338078	2082.918	1.352112e+08	3.945906e+08	2268.327	3295.729	-6.049822	25006.95	10084.56	-4.626335	3591.815	-5.338078	2082.918	-4.626335	3591.815
52.71	7688.188	17625.64	4240.701	140561.9	22517.12	-2689.754	29912.53	3832.028	3791.036	32367.26	80010.92	93.95018	-5.338078	2082.918	1.416906e+08	3.505092e+08	3068.327	3995.729	-6.049822	26207.95	11685.56	-4.626335	3891.815	-5.338078	2082.918	-4.626335	3891.815
53	5688.188	16423.64	3040.701	145389.9	19715.12	-588.7544	28711.53	2832.028	4291.036	31766.26	75997.92	-6.049822	-5.338078	1882.918	1.339079e+08	3.765569e+08	3868.327	2895.729	-6.049822	26507.95	11885.56	-4.626335	2491.815	-5.338078	1882.918	-4.626335	2491.815
53.29	7588.188	15623.64	2039.701	151525.9	14311.12	-288.7544	35119.53	1632.028	4391.036	37274.26	82317.92	193.9502	-5.338078	3082.918	1.299717e+08	4.186367e+08	3268.327	2795.729	-6.049822	36920.95	12085.56	-4.626335	4491.815	-5.338078	3082.918	-4.626335	4491.815
53.57	5488.188	22329.64	2339.701	153437.9	13010.12	-1889.754	37924.53	2032.028	3090.036	35872.26	81214.92	193.9502	-5.338078	2082.918	1.316247e+08	3.585237e+08	3668.327	3695.729	193.9502	38623.95	10884.56	-4.626335	5292.815	-5.338078	2082.918	-4.626335	5292.815
53.86	5088.188	22730.64	1939.701	159676.9	10209.12	-989.7544	38825.53	1832.028	4091.036	35471.26	86732.92	-6.049822	-5.338078	3382.918	1.356213e+08	3.184524e+08	4368.328	4895.729	93.95018	58662.95	13586.56	-4.626335	4891.815	-5.338078	3382.918	-4.626335	4891.815
54.14	3987.189	22530.64	2739.701	187368.9	8408.117	-789.7544	42431.53	3432.028	2190.036	46990.26	88137.92	-6.049822	-5.338078	2482.918	1.349036e+08	3.805643e+08	4568.328	3495.729	-6.049822	59063.95	12885.56	-4.626335	5492.815	-5.338078	2482.918	-4.626335	5492.815
54.43	4187.188	19627.64	3140.701	169843.9	6208.118	111.2456	37924.53	2632.028	2590.036	35271.26	79709.92	93.95018	-5.338078	3382.918	1.317856e+08	3.705457e+08	4468.328	4295.729	-6.049822	76811.95	12185.56	-4.626335	5592.815	-5.338078	3382.918	-4.626335	5592.815
54.72	2387.189	22430.64	2539.701	194724.9	4907.118	-1389.754	46639.53	2932.028	4091.036	41380.26	92754.92	93.95018	-5.338078	3082.918	1.369105e+08	3.785605e+08	4268.328	4595.729	193.9502	86041.95	11585.56	-4.626335	6992.815	-5.338078	3082.918	-4.626335	6992.815
55	4087.189	23130.64	3140.701	184245.9	4007.117	-188.7544	44335.53	1832.028	4191.036	45387.26	84123.92	-6.049822	-5.338078	3682.918	1.38684e+08	3.645347e+08	4868.328	3795.729	-6.049822	101500	14987.56	-4.626335	7392.815	-5.338078	3682.918	-4.626335	7392.815
55.29	3187.189	23731.64	2639.701	178302.9	3207.117	-1389.754	45437.53	2732.028	2890.036	39577.26	75696.92	-6.049822	-5.338078	2882.918	1.28261e+08	3.725494e+08	5069.328	3495.729	93.95018	109232	13286.56	-4.626335	6592.815	-5.338078	2882.918	-4.626335	6592.815
55.57	1987.189	27836.64	1739.701	177597.9	2607.117	-1889.754	48042.53	2432.028	3090.036	40679.26	84123.92	93.95018	-5.338078	3682.918	1.428792e+08	4.126251e+08	6369.328	3695.729	93.95018	130333	13686.56	-4.626335	8993.815	-5.338078	3682.918	-4.626335	8993.815
55.86	1787.189	50778.64	2739.701	186562.9	2507.117	611.2456	52952.53	2832.028	2790.036	40279.26	78806.92	193.9502	-5.338078	3382.918	1.334248e+08	3.32477e+08	5269.328	3395.729	-6.049822	138376	12485.56	-4.626335	6392.815	-5.338078	3382.918	-4.626335	6392.815
56.15	1587.189	33445.64	1139.701	166521.9	1907.117	111.2456	53854.53	1932.028	2790.036	38075.26	72788.92	93.95018	-5.338078	2682.918	1.369252e+08	3.705457e+08	6069.328	3195.729	393.9502	140387	13185.56	-4.626335	7492.815	-5.338078	2682.918	-4.626335	7492.815
56.43	2387.189	25633.64	2239.701	184144.9	1607.117	-88.75439	49044.53	2432.028	1890.036	40579.26	68576.92	-6.049822	-5.338078	3482.918	1.313906e+08	3.2847e+08	4968.328	4095.729	-6.049822	150244	13686.56	-4.626335	5792.815	-5.338078	3482.918	-4.626335	5792.815
56.72	987.1886	27436.64	2940.701	156959.9	1807.117	911.2456	46739.53	2432.028	3290.036	37474.26	73189.92	93.95018	-5.338078	3282.918	1.288312e+08	3.485056e+08	7669.328	2495.729	193.9502	156382	13386.56	-4.626335	7792.815	-5.338078	3282.918	-4.626335	7792.815
57	1787.189	30240.64	4140.701	176791.9	1307.117	-388.7544	45938.53	3332.028	4091.036	38275.26	72086.92	193.9502	-5.338078	3182.918	1.345961e+08	3.645347e+08	5769.328	2395.729	-6.049822	148333	12385.56	-4.626335	7292.815	-5.338078	3182.918	-4.626335	7292.815
57.29	1087.189	25633.64	1539.701	154041.9	1307.117	-88.75439	51148.53	3432.028	3991.036	37875.26	66170.92	93.95018	-5.338078	4882.918	1.44964e+08	3.785605e+08	4168.328	2495.729	-6.049822	148836	14486.56	-4.626335	8392.815	-5.338078	4882.918	-4.626335	8392.815
57.58	1187.189	30140.64	2940.701	178503.9	707.1174	-1189.754	51048.53	3232.028	4091.036	41981.26	68676.92	93.95018	-5.338078	2882.918	1.412357e+08	3.525128e+08	6769.328	2495.729	-6.049822	138778	14386.56	-4.626335	6692.815	-5.338078	2882.918	-4.626335	6692.815
57.86	587.1886	32143.64	3140.701	161286.9	1707.117	511.2456	49545.53	2032.028	1590.036	35071.26	68576.92	-6.049822	-5.338078	3482.918	1.332784e+08	3.565201e+08	5869.328	1895.729	-6.049822	118474	12985.56	-4.626335	5592.815	-5.338078	3482.918	-4.626335	5592.815
58.15	587.1886	31642.64	3040.701	153135.9	1507.117	-188.7544	49144.53	2632.028	2590.036	35271.26	65468.92	93.95018	-5.338078	3482.918	1.371977e+08	3.90583e+08	4968.328	2295.729	193.9502	130132	15087.56	-4.626335	8993.815	-5.338078	3482.918	-4.626335	8993.815
58.43	287.1886	69127.64	2940.701	152229.9	1007.117	511.2456	57362.53	4032.028	3891.036	37975.26	65367.92	93.95018	94.66192	2982.918	1.298694e+08	3.90583e+08	4468.328	2095.729	93.95018	144712	9984.562	95.37366	7292.815	94.66192	2982.918	95.37366	7292.815
58.72	587.1886	210348.6	4540.701	148004.9	1007.117	6613.246	78722.52	2032.028	2790.036	32367.26	62961.92	593.9502	-5.338078	3482.918	1.319759e+08	3.144455e+08	2968.327	2395.729	-6.049822	152156	12885.56	95.37366	5592.815	-5.338078	3482.918	95.37366	5592.815
59.01	1487.189	306155.6	2739.701	125279.9	1007.117	8314.246	86649.52	2432.028	4191.036	32067.26	56446.92	493.9502	-5.338078	3082.918	1.30118e+08	3.865756e+08	4168.328	1695.729	93.95018	161715	10884.56	95.37366	6092.815	-5.338078	3082.918	95.37366	6092.815
59.29	1387.189	588201.6	2940.701	127088.9	2907.117	10815.25	114965.5	2132.028	3591.036	30064.26	57548.92	1193.95	-5.338078	3382.918	1.347132e+08	3.885793e+08	4168.328	2195.729	393.9502	149439	11985.56	-4.626335	5392.815	-5.338078	3382.918	-4.626335	5392.815
59.58	1087.189	596803.6	2139.701	114025.9	2307.117	12216.25	105522.5	2332.028	4091.036	27661.26	60054.92	793.9502	-5.338078	2682.918	1.230609e+08	3.424948e+08	4968.328	2295.729	93.95018	116264	11685.56	95.37366	4891.815	-5.338078	2682.918	95.37366	4891.815
59.86	587.1886	476533.6	2339.701	137142.9	2007.117	7113.246	92470.52	1932.028	3691.036	28662.26	66069.92	393.9502	-5.338078	2682.918	1.286119e+08	3.344805e+08	4968.328	3095.729	293.9502	113853	13286.56	-4.626335	4491.815	-5.338078	2682.918	-4.626335	4491.815
60.15	1187.189	356021.6	3740.701	179914.9	2007.117	8714.246	74509.52	2032.028	2990.036	25059.26	80913.92	793.9502	-5.338078	2382.918	1.333516e+08	3.424948e+08	3768.327	3095.729	-6.049822	125207	14186.56	-4.626335	5192.815	-5.338078	2382.918	-4.626335	5192.815
60.44	2087.189	295525.6	1739.701	230529.9	2907.117	3812.246	67488.52	2532.028	3591.036	23757.26	92152.92	593.9502	-5.338078	2782.918	1.321807e+08	3.605274e+08	3168.327	3495.729	93.95018	141493	11084.56	95.37366	4091.815	-5.338078	2782.918	95.37366	4091.815
60.72	2487.189	251739.6	2839.701	263554.9	3407.117	2911.246	52952.53	2332.028	4291.036	18653.26	101688.9	1893.95	-5.338078	3582.918	1.311273e+08	3.32477e+08	2568.327	4795.729	193.9502	131238	13185.56	95.37366	3291.815	-5.338078	3582.918	95.37366	3291.815
61.01	3387.189	182625.6	2439.701	276695.9	5808.118	3112.246	46439.53	1332.028	2790.036	17552.26	95866.92	693.9502	-5.338078	2582.918	1.313174e+08	3.785605e+08	2468.327	5296.729	193.9502	143203	13586.56	-4.626335	3391.815	-5.338078	2582.918	-4.626335	3391.815
61.29	3887.189	197743.6	4440.701	358833.9	4907.118	2411.246	41329.53	2632.028	3591.036	14150.26	105605.9	1993.95	194.6619	3582.918	1.293429e+08	3.545164e+08	2868.327	7296.729	193.9502	133751	14286.56	-4.626335	1991.815	194.6619	3582.918	-4.626335	1991.815
61.58	3287.189	147083.6	2839.701	356398.9	5308.118	2811.246	32716.53	2632.028	2990.036	14450.26	112434.9	893.9502	-5.338078	3182.918	1.319027e+08	4.166328e+08	2768.327	6896.729	93.95018	107223	14886.56	-4.626335	3091.815	-5.338078	3182.918	-4.626335	3091.815
61.87	3787.189	128777.6	3140.701	342100.9	6708.118	2111.246	23905.53	2932.028	3090.036	12149.26	106508.9	1293.95	-5.338078	2882.918	1.331906e+08	3.665384e+08	3068.327	6196.729	93.95018	96780.95	13586.56	-4.626335	1591.815	-5.338078	2882.918	-4.626335	1591.815
62.15	3487.189	109581.6	2239.701	392230.9	4107.118	311.2456	21403.53	3332.028	2290.036	10448.26	111832.9	793.9502	-5.338078	2982.918	1.383175e+08	3.585237e+08	2468.327	7396.729	293.9502	72398.95	13185.56	-4.626335	2291.815	-5.338078	2982.918	-4.626335	2291.815
62.44	3187.189	63811.64	2439.701	382785.9	5008.118	-388.7544	21503.53	2332.028	3090.036	12149.26	115850.9	1193.95	-5.338078	3582.918	1.352991e+08	3.665384e+08	2668.327	7996.729	93.95018	58361.95	11585.56	-4.626335	2491.815	-5.338078	3582.918	-4.626335	2491.815
62.72	3487.189	59399.64	1039.701	388370.9	6608.118	-989.7544	20202.53	1632.028	2690.036	9648.264	116754.9	493.9502	-5.338078	3582.918	1.391385e+08	3.965944e+08	1468.327	5096.729	193.9502	53550.95	13586.56	-4.626335	2091.815	-5.338078	3582.918	-4.626335	2091.815
63.01	3987.189	40457.64	839.7012	350516.9	8508.117	111.2456	20302.53	2632.028	4291.036	8547.264	106810.9	1493.95	-5.338078	3182.918	1.300887e+08	3.945906e+08	1768.327	7996.729	-6.049822	55354.95	9384.562	95.37366	1191.815	-5.338078	3182.918	95.37366	1191.815
63.3	5388.188	39956.64	2839.701	328012.9	15412.12	211.2456	15698.53	2032.028	2190.036	11048.26	96267.92	1693.95	-5.338078	1282.918	1.336298e+08	3.444984e+08	1268.327	5196.729	-6.049822	53250.95	12385.56	95.37366	1391.815	-5.338078	1282.918	95.37366	1391.815
63.58	5488.188	44264.64	1939.701	233052.9	20015.12	111.2456	20102.53	2032.028	2790.036	12349.26	87535.92	1593.95	-5.338078	1882.918	1.311126e+08	3.364841e+08	1668.327	6696.729	93.95018	57760.95	12385.56	-4.626335	1391.815	-5.338078	1882.918	-4.626335	1391.815
63.87	7788.188	42360.64	1239.701	202083.9	23618.12	711.2456	16899.53	2532.028	4191.036	12549.26	74794.92	793.9502	-5.338078	1482.918	1.356213e+08	3.925868e+08	1468.327	4395.729	93.95018	53049.95	11485.56	95.37366	1691.815	-5.338078	1482.918	95.37366	1691.815
64.16	7588.188	27736.64	2439.701	161387.9	29725.12	1711.246	23605.53	2532.028	3691.036	12849.26	71183.92	793.9502	-5.338078	1282.918	1.31932e+08	3.404912e+08	1568.327	4795.729	-6.049822	37421.95	10984.56	-4.626335	1091.815	-5.338078	1282.918	-4.626335	1091.815
64.44	12090.19	25233.64	1639.701	134930.9	41542.12	-388.7544	13997.53	1432.028	3390.036	10448.26	64265.92	693.9502	-5.338078	1682.918	1.298255e+08	3.62531e+08	1168.327	2895.729	-6.049822	27308.95	11585.56	-4.626335	591.8149	-5.338078	1682.918	-4.626335	591.8149
64.73	17993.19	19927.64	3640.701	98559.92	51761.12	11.24561	15298.53	1532.028	2490.036	9648.264	57047.92	693.9502	-5.338078	982.9182	1.294599e+08	3.064316e+08	968.3274	2895.729	93.95018	28409.95	9784.562	-4.626335	991.8149	-5.338078	982.9182	-4.626335	991.8149
65.01	20095.19	15322.64	2439.701	91030.92	55168.12	111.2456	11596.53	2232.028	3791.036	8047.263	50132.92	493.9502	94.66192	282.9182	1.294014e+08	3.605274e+08	1368.327	2695.729	493.9502	30812.95	13686.56	95.37366	591.8149	94.66192	282.9182	95.37366	591.8149
65.3	23798.19	15623.64	2239.701	76080.92	69303.12	-588.7544	12996.53	1932.028	3290.036	10548.26	45123.92	493.9502	-5.338078	1082.918	1.382295e+08	3.024248e+08	1168.327	2895.729	193.9502	35118.95	11285.56	-4.626335	1091.815	-5.338078	1082.918	-4.626335	1091.815
65.59	23798.19	15923.64	2439.701	74375.92	63588.12	-789.7544	14397.53	1332.028	2090.036	13950.26	47928.92	193.9502	-5.338078	1482.918	1.294745e+08	3.264664e+08	1268.327	2895.729	293.9502	43030.95	10484.56	-4.626335	1191.815	-5.338078	1482.918	-4.626335	1191.815
65.87	20796.19	18826.64	3640.701	77183.92	50859.12	-789.7544	16599.53	1932.028	2590.036	13750.26	44522.92	493.9502	-5.338078	982.9182	1.333516e+08	3.505092e+08	1268.327	2995.729	193.9502	54452.95	11985.56	-4.626335	1891.815	-5.338078	982.9182	-4.626335	1891.815
66.16	19294.19	13821.64	3240.701	71566.92	38837.12	-989.7544	20202.53	1832.028	3691.036	19954.26	47828.92	293.9502	-5.338078	1582.918	1.315223e+08	3.164489e+08	1268.327	1995.729	-6.049822	64476.95	11785.56	-4.626335	1491.815	-5.338078	1582.918	-4.626335	1491.815
66.45	14791.19	16123.64	2039.701	74976.92	34531.12	211.2456	20702.53	1832.028	1890.036	21655.26	44922.92	593.9502	-5.338078	1382.918	1.332638e+08	3.404912e+08	1868.327	1795.729	-6.049822	81827.95	11785.56	-4.626335	1791.815	-5.338078	1382.918	-4.626335	1791.815
66.73	9489.188	27536.64	1039.701	72770.92	24419.12	-1789.754	22504.53	1932.028	3691.036	24158.26	42418.92	393.9502	-5.338078	1782.918	1.328832e+08	3.064316e+08	2868.327	1395.729	93.95018	86844.95	9984.562	-4.626335	2391.815	-5.338078	1782.918	-4.626335	2391.815
67.02	8689.188	18626.64	3440.701	72870.92	18414.12	-1789.754	25407.53	2832.028	3691.036	26560.26	51435.92	193.9502	-5.338078	2382.918	1.28992e+08	3.304735e+08	3168.327	1795.729	-6.049822	98286.95	10784.56	-4.626335	2791.815	-5.338078	2382.918	-4.626335	2791.815
67.3	6988.188	17124.64	2239.701	62742.92	17013.12	-889.7544	26608.53	2032.028	3791.036	30665.26	48729.92	93.95018	-5.338078	1682.918	1.290651e+08	3.785605e+08	2868.327	995.7296	-6.049822	125207	10984.56	-4.626335	4191.815	-5.338078	1682.918	-4.626335	4191.815
67.59	6288.188	24432.64	5340.701	60537.92	10209.12	-789.7544	35220.53	2932.028	4091.036	33368.26	54942.92	193.9502	-5.338078	2882.918	1.39989e+08	3.545164e+08	3068.327	2295.729	193.9502	148433	11185.56	-4.626335	4191.815	-5.338078	2882.918	-4.626335	4191.815
67.87	5688.188	18525.64	2639.701	54823.92	7308.118	-1489.754	34719.53	2532.028	4191.036	35672.26	51836.92	493.9502	94.66192	3082.918	1.357971e+08	4.026059e+08	3168.327	1395.729	-6.049822	189308	11185.56	-4.626335	3891.815	94.66192	3082.918	-4.626335	3891.815
68.16	6188.188	23631.64	3740.701	47107.92	8308.117	-288.7544	34318.53	1432.028	4191.036	36373.26	50433.92	393.9502	-5.338078	2982.918	1.311858e+08	3.785605e+08	3668.327	1495.729	293.9502	220361	12185.56	-4.626335	4691.815	-5.338078	2982.918	-4.626335	4691.815
68.45	5588.188	25133.64	2239.701	49011.92	5408.118	111.2456	40628.53	2332.028	3891.036	41380.26	53640.92	-6.049822	-5.338078	3782.918	1.350647e+08	3.32477e+08	4768.328	2895.729	193.9502	234287	11785.56	-4.626335	6092.815	-5.338078	3782.918	-4.626335	6092.815
68.73	4387.188	30440.64	2739.701	47007.92	5108.118	-1089.754	41530.53	1032.028	3891.036	42182.26	54341.92	393.9502	-5.338078	3582.918	1.326344e+08	3.064316e+08	3968.327	2295.729	93.95018	289156.9	11685.56	95.37366	5592.815	-5.338078	3582.918	95.37366	5592.815
69.02	3987.189	29639.64	2639.701	46105.92	3407.117	-288.7544	42632.53	2932.028	2490.036	46189.26	50934.92	193.9502	94.66192	3182.918	1.301765e+08	3.545164e+08	3268.327	2395.729	293.9502	312231.9	9984.562	-4.626335	5692.815	94.66192	3182.918	-4.626335	5692.815
69.3	10089.19	38553.64	3040.701	58532.92	3707.117	-1689.754	41930.53	2632.028	3090.036	47591.26	52237.92	993.9502	-5.338078	4082.918	1.342886e+08	3.505092e+08	3568.327	2095.729	193.9502	364836.9	11385.56	-4.626335	6192.815	-5.338078	4082.918	-4.626335	6192.815
69.59	12990.19	32643.64	3540.701	60336.92	4307.118	-1189.754	41530.53	2632.028	3090.036	47992.26	53239.92	693.9502	-5.338078	3082.918	1.245793e+08	3.384877e+08	2968.327	3195.729	393.9502	400882.9	10984.56	-4.626335	5292.815	-5.338078	3082.918	-4.626335	5292.815
69.88	17093.19	29839.64	3440.701	66552.92	6908.118	-388.7544	43533.53	2532.028	2890.036	45287.26	54241.92	993.9502	-5.338078	3382.918	1.29767e+08	3.845718e+08	3068.327	1895.729	693.9502	432095.9	11585.56	-4.626335	4491.815	-5.338078	3382.918	-4.626335	4491.815
70.16	17993.19	27836.64	2839.701	61840.92	5408.118	-88.75439	39326.53	1332.028	2290.036	43183.26	57448.92	1193.95	-5.338078	3082.918	1.298401e+08	3.364841e+08	1768.327	2595.729	3493.95	477816.9	12085.56	-4.626335	5692.815	-5.338078	3082.918	-4.626335	5692.815
70.45	28904.19	27636.64	1239.701	61940.92	9409.117	711.2456	35420.53	2432.028	5991.036	45387.26	57047.92	1093.95	-5.338078	2682.918	1.27501e+08	3.144455e+08	2968.327	2195.729	193.9502	430773.9	10284.56	-4.626335	4991.815	-5.338078	2682.918	-4.626335	4991.815
70.73	30105.19	27236.64	3140.701	59234.92	6008.118	411.2456	34519.53	2632.028	3891.036	37875.26	54141.92	1493.95	-5.338078	2482.918	1.326344e+08	3.845718e+08	3868.327	2595.729	493.9502	414399.9	11084.56	-4.626335	3291.815	-5.338078	2482.918	-4.626335	3291.815
71.02	32308.19	24632.64	2439.701	50815.92	7108.118	411.2456	30313.53	2032.028	2990.036	29664.26	50633.92	3593.95	-5.338078	2282.918	1.337762e+08	3.404912e+08	3368.327	2295.729	93.95018	379756.9	11885.56	-4.626335	4591.815	-5.338078	2282.918	-4.626335	4591.815
71.31	33009.19	21328.64	1639.701	40295.92	6208.118	-488.7544	32616.53	2432.028	3591.036	30765.26	50733.92	1993.95	-5.338078	2982.918	1.284657e+08	4.026059e+08	2568.327	1795.729	93.95018	316889.9	11885.56	-4.626335	3291.815	-5.338078	2982.918	-4.626335	3291.815
71.59	27903.19	19727.64	2839.701	39093.92	6408.118	-1489.754	30513.53	3232.028	3791.036	30264.26	52136.92	1093.95	-5.338078	3382.918	1.279979e+08	3.264664e+08	2168.327	1995.729	-6.049822	267517.9	7583.562	-4.626335	3591.815	-5.338078	3382.918	-4.626335	3591.815
71.88	21696.19	15222.64	1739.701	31783.92	4207.118	-1389.754	21603.53	1732.028	2690.036	19354.26	30701.92	1093.95	-5.338078	1482.918	8.341806e+07	2.222944e+08	1668.327	1695.729	293.9502	179033	5583.562	-4.626335	1891.815	-5.338078	1482.918	-4.626335	1891.815
72.17	16492.19	11519.64	539.7012	23073.92	3607.117	-288.7544	12996.53	632.0284	1090.036	15851.26	24794.92	593.9502	-5.338078	1582.918	6.22606e+07	1.541936e+08	1768.327	795.7296	-6.049822	141996	3982.562	-4.626335	1291.815	-5.338078	1582.918	-4.626335	1291.815
72.45	10689.19	9618.641	339.7012	18068.92	2207.117	-1789.754	12696.53	532.0284	1490.036	11048.26	20190.92	493.9502	-5.338078	882.9182	4.976925e+07	1.351674e+08	568.3274	895.7296	93.95018	107726	3182.562	-4.626335	1391.815	-5.338078	882.9182	-4.626335	1391.815
72.74	8488.188	6416.641	439.7012	15366.92	1607.117	-1089.754	9495.526	532.0284	190.0356	8948.264	15287.92	293.9502	-5.338078	282.9182	3.871845e+07	1.07737e+08	768.3274	195.7295	-6.049822	86844.95	4582.562	-4.626335	991.8149	-5.338078	282.9182	-4.626335	991.8149
73.02	6388.188	5016.641	739.7012	12365.92	2007.117	-1889.754	8294.526	832.0284	1290.036	7247.263	11885.92	493.9502	94.66192	582.9182	2.915182e+07	8.525223e+07	968.3274	595.7296	-6.049822	63674.95	2082.562	-4.626335	491.8149	94.66192	582.9182	-4.626335	491.8149
73.31	5088.188	5116.641	-360.2988	8863.922	707.1174	-288.7544	7794.527	632.0284	290.0356	6447.263	9484.918	193.9502	-5.338078	582.9182	2.447756e+07	7.023453e+07	568.3274	395.7295	193.9502	51045.95	2582.562	-4.626335	491.8149	-5.338078	582.9182	-4.626335	491.8149
73.59	3687.189	4715.641	1139.701	7963.922	1407.117	-1589.754	4893.527	332.0284	790.0356	4746.263	7683.918	93.95018	-5.338078	382.9182	1.90864e+07	5.64588e+07	268.3274	295.7295	-6.049822	43230.95	2082.562	-4.626335	391.8149	-5.338078	382.9182	-4.626335	391.8149
73.88	2687.189	39856.64	339.7012	5862.922	407.1174	-889.7544	4493.527	632.0284	-109.9644	3746.263	6483.918	293.9502	-5.338078	382.9182	1.633724e+07	4.574595e+07	268.3274	-4.270463	93.95018	35719.95	1182.562	-4.626335	491.8149	-5.338078	382.9182	-4.626335	491.8149
74.17	2987.189	1914.641	1039.701	4262.922	407.1174	-1489.754	3293.527	-567.9716	290.0356	4546.263	5483.918	-6.049822	-5.338078	282.9182	1.119893e+07	3.662381e+07	368.3274	95.72954	-6.049822	26707.95	1382.562	-4.626335	91.81495	-5.338078	282.9182	-4.626335	91.81495
74.45	2587.189	914.6406	-1161.299	2661.922	707.1174	-689.7544	2092.527	132.0284	-9.964355	2046.263	3782.918	93.95018	-5.338078	-17.08185	1.151013e+07	3.069337e+07	68.3274	-4.270463	93.95018	20501.95	982.5623	-4.626335	91.81495	-5.338078	-17.08185	-4.626335	91.81495
74.74	1887.189	1314.641	339.7012	2461.922	507.1174	-1489.754	1492.527	32.02844	90.03564	1446.263	2982.918	193.9502	-5.338078	182.9182	8413498	2.743941e+07	68.3274	295.7295	-6.049822	21202.95	582.5623	-4.626335	291.8149	-5.338078	182.9182	-4.626335	291.8149
75.02	1487.189	1814.641	-1561.299	2161.922	107.1174	-889.7544	2092.527	632.0284	-109.9644	2346.263	3182.918	93.95018	-5.338078	-17.08185	7396020	1.964489e+07	268.3274	95.72954	-6.049822	18800.95	282.5623	-4.626335	-8.185054	-5.338078	-17.08185	-4.626335	-8.185054
75.31	587.1886	2415.641	-460.2988	1561.922	307.1174	-789.7544	3593.527	332.0284	290.0356	2046.263	2582.918	-6.049822	-5.338078	82.91815	5729122	1.510717e+07	-31.6726	-4.270463	-6.049822	11196.95	282.5623	-4.626335	291.8149	-5.338078	82.91815	-4.626335	291.8149
75.59	1287.189	2114.641	-861.2988	2961.922	107.1174	-1589.754	1392.527	-67.97156	-609.9644	1246.263	1482.918	93.95018	-5.338078	-17.08185	4246526	1.233618e+07	-31.6726	-4.270463	-6.049822	7794.95	482.5623	-4.626335	91.81495	-5.338078	-17.08185	-4.626335	91.81495
75.88	987.1886	514.6406	-2261.299	1961.922	107.1174	-1989.754	3593.527	32.02844	90.03564	746.2634	2082.918	-6.049822	94.66192	-17.08185	4204176	1.08876e+07	168.3274	-4.270463	-6.049822	8695.95	382.5623	-4.626335	-8.185054	94.66192	-17.08185	-4.626335	-8.185054
76.17	287.1886	314.6406	-1161.299	961.9218	107.1174	-889.7544	192.5267	-167.9716	90.03564	746.2634	1382.918	-6.049822	-5.338078	82.91815	3512518	1.053265e+07	-31.6726	195.7295	-6.049822	6294.95	482.5623	-4.626335	91.81495	-5.338078	82.91815	-4.626335	91.81495
76.46	387.1886	1214.641	-460.2988	1161.922	207.1174	-588.7544	-407.4733	-67.97156	1190.036	1346.263	1182.918	-6.049822	-5.338078	-17.08185	2806886	7850354	-31.6726	95.72954	-6.049822	4793.95	282.5623	-4.626335	-8.185054	-5.338078	-17.08185	-4.626335	-8.185054
76.74	487.1886	1414.641	-1261.299	1161.922	7.117439	-1589.754	-107.4733	32.02844	-509.9644	646.2634	1382.918	-6.049822	-5.338078	-17.08185	2468234	7155274	-31.6726	-4.270463	-6.049822	5994.95	-17.43772	-4.626335	91.81495	-5.338078	-17.08185	-4.626335	91.81495
77.04	687.1886	1614.641	-560.2988	961.9218	307.1174	-789.7544	292.5267	-167.9716	-209.9644	646.2634	782.9182	-6.049822	-5.338078	-17.08185	1551210	4943278	68.3274	195.7295	93.95018	3993.95	82.56228	-4.626335	91.81495	-5.338078	-17.08185	-4.626335	91.81495
77.32	687.1886	-1586.359	-2061.299	461.9218	7.117439	-1789.754	292.5267	-67.97156	-309.9644	146.2633	882.9182	-6.049822	-5.338078	-17.08185	1508892	6190901	-31.6726	-4.270463	-6.049822	3293.95	182.5623	-4.626335	-8.185054	-5.338078	-17.08185	-4.626335	-8.185054
77.61	187.1886	-985.3594	-961.2988	1261.922	-92.88256	-1389.754	392.5267	432.0284	590.0356	346.2633	682.9182	-6.049822	-5.338078	-17.08185	1240887	3681925	-31.6726	-4.270463	-6.049822	3993.95	82.56228	-4.626335	-8.185054	-5.338078	-17.08185	-4.626335	-8.185054
77.9	187.1886	-285.3594	-360.2988	-38.07825	107.1174	-1389.754	792.5267	-167.9716	-409.9644	-53.73666	582.9182	-6.049822	94.66192	-17.08185	1367834	4022021	68.3274	-4.270463	93.95018	2393.95	82.56228	-4.626335	-8.185054	94.66192	-17.08185	-4.626335	-8.185054
78.19	187.1886	14.64062	-1461.299	961.9218	-92.88256	-1189.754	492.5267	32.02844	-709.9644	146.2633	282.9182	-6.049822	-5.338078	-17.08185	1071632	2647667	68.3274	-4.270463	-6.049822	3193.95	82.56228	-4.626335	-8.185054	-5.338078	-17.08185	-4.626335	-8.185054
78.47	87.18861	1114.641	-961.2988	661.9218	107.1174	-1189.754	-507.4733	-67.97156	-109.9644	246.2633	482.9182	-6.049822	-5.338078	82.91815	721846.4	1953608	68.3274	-4.270463	-6.049822	2693.95	82.56228	-4.626335	91.81495	-5.338078	82.91815	-4.626335	91.81495
78.76	287.1886	1414.641	-660.2988	1661.922	7.117439	11.24561	-407.4733	132.0284	790.0356	146.2633	582.9182	-6.049822	-5.338078	-17.08185	507572.4	2902661	68.3274	-4.270463	-6.049822	993.9502	82.56228	-4.626335	-8.185054	-5.338078	-17.08185	-4.626335	-8.185054
79.05	287.1886	1314.641	-861.2988	461.9218	-92.88256	-2789.754	-807.4733	-267.9716	-309.9644	46.26334	82.91815	-6.049822	-5.338078	182.9182	563914.4	1797818	-31.6726	-4.270463	-6.049822	893.9502	82.56228	-4.626335	-8.185054	-5.338078	182.9182	-4.626335	-8.185054
79.33	-12.81139	-685.3594	-160.2988	461.9218	107.1174	-1589.754	-407.4733	-467.9716	190.0356	246.2633	182.9182	-6.049822	-5.338078	-17.08185	429937.4	891536.8	-31.6726	-4.270463	-6.049822	1493.95	-17.43772	-4.626335	-8.185054	-5.338078	-17.08185	-4.626335	-8.185054
79.62	287.1886	-185.3594	-1661.299	561.9218	-92.88256	-2989.754	-207.4733	232.0284	990.0356	46.26334	82.91815	-6.049822	-5.338078	-17.08185	520433.4	1118086	-31.6726	-4.270463	-6.049822	1493.95	82.56228	-4.626335	-8.185054	-5.338078	-17.08185	-4.626335	-8.185054
79.92	87.18861	1714.641	439.7012	-38.07825	7.117439	-2389.754	292.5267	-167.9716	490.0356	146.2633	82.91815	-6.049822	94.66192	-17.08185	338285.4	1273846	168.3274	-4.270463	-6.049822	693.9502	82.56228	-4.626335	-8.185054	94.66192	-17.08185	-4.626335	-8.185054
80.21	-12.81139	-485.3594	-761.2988	761.9218	107.1174	-2789.754	-107.4733	-267.9716	-9.964355	46.26334	82.91815	-6.049822	-5.338078	-17.08185	648529.4	735793.8	268.3274	95.72954	-6.049822	293.9502	-17.43772	-4.626335	-8.185054	-5.338078	-17.08185	-4.626335	-8.185054
80.51	-12.81139	-885.3594	-1961.299	761.9218	7.117439	-1189.754	392.5267	-67.97156	-509.9644	46.26334	-17.08185	-6.049822	-5.338078	-17.08185	258702.4	622529.8	-31.6726	-4.270463	-6.049822	793.9502	82.56228	-4.626335	-8.185054	-5.338078	-17.08185	-4.626335	-8.185054
80.79	87.18861	814.6406	-1161.299	-338.0782	7.117439	-2289.754	-507.4733	332.0284	-209.9644	46.26334	-17.08185	-6.049822	-5.338078	-17.08185	220740.4	438483.8	-31.6726	-4.270463	-6.049822	293.9502	182.5623	-4.626335	-8.185054	-5.338078	-17.08185	-4.626335	-8.185054
81.08	-12.81139	214.6406	-1061.299	-438.0782	7.117439	-388.7544	-107.4733	32.02844	-509.9644	-53.73666	182.9182	-6.049822	-5.338078	-17.08185	353148.4	480954.8	-31.6726	-4.270463	-6.049822	93.95018	-17.43772	-4.626335	-8.185054	-5.338078	-17.08185	-4.626335	-8.185054
81.37	87.18861	514.6406	-1561.299	-138.0782	-92.88256	-2889.754	92.52673	-467.9716	90.03564	-53.73666	-17.08185	-6.049822	-5.338078	-17.08185	217714.4	721635.8	-31.6726	-4.270463	-6.049822	93.95018	-17.43772	-4.626335	-8.185054	-5.338078	-17.08185	-4.626335	-8.185054
81.65	87.18861	-1486.359	-761.2988	161.9218	-92.88256	-1589.754	-7.473267	-67.97156	590.0356	246.2633	-17.08185	-6.049822	-5.338078	-17.08185	91336.4	580056.8	-31.6726	-4.270463	-6.049822	193.9502	-17.43772	-4.626335	-8.185054	-5.338078	-17.08185	-4.626335	-8.185054
81.94	87.18861	-85.35938	-1661.299	-138.0782	7.117439	-1989.754	-507.4733	-67.97156	190.0356	-53.73666	-17.08185	-6.049822	-5.338078	-17.08185	193012.4	537583.8	-31.6726	-4.270463	-6.049822	93.95018	-17.43772	-4.626335	-8.185054	-5.338078	-17.08185	-4.626335	-8.185054
82.24	-12.81139	714.6406	-560.2988	61.92175	7.117439	-1389.754	-207.4733	-167.9716	-409.9644	46.26334	-17.08185	-6.049822	-5.338078	-17.08185	142575.4	396012.8	-31.6726	-4.270463	-6.049822	-6.049822	-17.43772	-4.626335	-8.185054	-5.338078	-17.08185	-4.626335	-8.185054
82.52	87.18861	714.6406	-1561.299	161.9218	7.117439	-2289.754	-107.4733	-67.97156	90.03564	146.2633	-17.08185	-6.049822	-5.338078	-17.08185	95753.4	146071.8	-31.6726	-4.270463	-6.049822	-6.049822	-17.43772	-4.626335	-8.185054	-5.338078	-17.08185	-4.626335	-8.185054
82.81	-12.81139	1414.641	-1261.299	-38.07825	207.1174	-1989.754	-7.473267	-67.97156	-9.964355	46.26334	82.91815	-6.049822	-5.338078	82.91815	101676.4	169510.8	68.3274	95.72954	-6.049822	293.9502	-17.43772	-4.626335	-8.185054	-5.338078	82.91815	-4.626335	-8.185054
83.1	-12.81139	-1085.359	-1661.299	-38.07825	207.1174	-1889.754	-407.4733	32.02844	-9.964355	246.2633	82.91815	-6.049822	-5.338078	-17.08185	191601.4	155354.8	-31.6726	-4.270463	-6.049822	-6.049822	-17.43772	-4.626335	-8.185054	-5.338078	-17.08185	-4.626335	-8.185054
83.39	-12.81139	714.6406	-861.2988	361.9218	-92.88256	-889.7544	492.5267	532.0284	90.03564	-53.73666	82.91815	-6.049822	-5.338078	-17.08185	50821.39	112887.8	-31.6726	-4.270463	-6.049822	493.9502	-17.43772	-4.626335	-8.185054	-5.338078	-17.08185	-4.626335	-8.185054
83.68	-12.81139	-385.3594	-1661.299	61.92175	-92.88256	11.24561	-7.473267	-167.9716	-109.9644	146.2633	-17.08185	-6.049822	-5.338078	-17.08185	80599.4	325229.8	-31.6726	-4.270463	-6.049822	493.9502	-17.43772	-4.626335	-8.185054	-5.338078	-17.08185	-4.626335	-8.185054
83.97	-12.81139	-285.3594	-660.2988	361.9218	-92.88256	-1289.754	592.5267	232.0284	-109.9644	-53.73666	-17.08185	-6.049822	-5.338078	-17.08185	217613.4	27954.77	-31.6726	-4.270463	-6.049822	293.9502	-17.43772	-4.626335	-8.185054	-5.338078	-17.08185	-4.626335	-8.185054
84.27	-12.81139	514.6406	-560.2988	-38.07825	-92.88256	-2189.754	-307.4733	332.0284	890.0356	46.26334	-17.08185	-6.049822	-5.338078	-17.08185	14773.39	282759.8	-31.6726	-4.270463	-6.049822	-6.049822	-17.43772	-4.626335	-8.185054	-5.338078	-17.08185	-4.626335	-8.185054
84.55	-12.81139	14.64062	-961.2988	361.9218	7.117439	-689.7544	-1007.473	-267.9716	90.03564	46.26334	-17.08185	-6.049822	-5.338078	-17.08185	46212.39	168109.8	-31.6726	-4.270463	-6.049822	-6.049822	-17.43772	-4.626335	-8.185054	-5.338078	-17.08185	-4.626335	-8.185054
84.84	-12.81139	414.6406	-260.2988	361.9218	107.1174	-1589.754	92.52673	-67.97156	290.0356	-53.73666	-17.08185	-6.049822	-5.338078	-17.08185	57034.39	98731.77	-31.6726	-4.270463	-6.049822	-6.049822	-17.43772	-4.626335	-8.185054	-5.338078	-17.08185	-4.626335	-8.185054
85.13	-12.81139	114.6406	-1261.299	-338.0782	7.117439	-2389.754	-407.4733	132.0284	190.0356	-53.73666	-17.08185	-6.049822	-5.338078	-17.08185	43307.39	155354.8	-31.6726	-4.270463	-6.049822	-6.049822	-17.43772	-4.626335	-8.185054	-5.338078	-17.08185	-4.626335	-8.185054
85.42	87.18861	614.6406	-1161.299	-538.0782	-92.88256	-1489.754	392.5267	32.02844	-209.9644	46.26334	82.91815	-6.049822	-5.338078	-17.08185	58337.39	84576.77	168.3274	-4.270463	-6.049822	-6.049822	-17.43772	-4.626335	-8.185054	-5.338078	-17.08185	-4.626335	-8.185054
85.71	-12.81139	-485.3594	-560.2988	-138.0782	-92.88256	-88.75439	-107.4733	-67.97156	-409.9644	-53.73666	-17.08185	-6.049822	-5.338078	-17.08185	1769.395	5144.772	-31.6726	-4.270463	-6.049822	-6.049822	-17.43772	-4.626335	-8.185054	-5.338078	-17.08185	-4.626335	-8.185054
85.99	-12.81139	114.6406	-160.2988	-138.0782	-92.88256	-488.7544	-607.4733	-467.9716	1190.036	146.2633	-17.08185	-6.049822	-5.338078	-17.08185	74580.4	51397.77	-31.6726	-4.270463	-6.049822	-6.049822	-17.43772	-4.626335	-8.185054	-5.338078	-17.08185	-4.626335	-8.185054
86.28	-12.81139	1014.641	-761.2988	261.9218	-92.88256	-1189.754	292.5267	-367.9716	890.0356	-53.73666	-17.08185	-6.049822	-5.338078	-17.08185	65455.39	155354.8	68.3274	-4.270463	-6.049822	93.95018	82.56228	-4.626335	-8.185054	-5.338078	-17.08185	-4.626335	-8.185054
86.57	-12.81139	-285.3594	-1161.299	261.9218	-92.88256	-2089.754	-307.4733	132.0284	290.0356	-53.73666	-17.08185	93.95018	-5.338078	-17.08185	-130.605	52098.77	-31.6726	-4.270463	-6.049822	-6.049822	-17.43772	-4.626335	-8.185054	-5.338078	-17.08185	-4.626335	-8.185054
86.86	187.1886	514.6406	-460.2988	461.9218	-92.88256	-789.7544	-207.4733	132.0284	-309.9644	-53.73666	-17.08185	93.95018	-5.338078	-17.08185	118651.4	155354.8	-31.6726	-4.270463	-6.049822	193.9502	-17.43772	-4.626335	-8.185054	-5.338078	-17.08185	-4.626335	-8.185054
87.14	-12.81139	714.6406	-660.2988	-338.0782	7.117439	-1289.754	-207.4733	-267.9716	-309.9644	46.26334	82.91815	-6.049822	194.6619	-17.08185	36796.39	126263.8	-31.6726	-4.270463	-6.049822	93.95018	-17.43772	-4.626335	-8.185054	194.6619	-17.08185	-4.626335	-8.185054
87.43	187.1886	1014.641	239.7012	-38.07825	-92.88256	-1389.754	-407.4733	-567.9716	-609.9644	46.26334	-17.08185	-6.049822	-5.338078	82.91815	46512.39	30862.77	-31.6726	-4.270463	-6.049822	-6.049822	-17.43772	-4.626335	-8.185054	-5.338078	82.91815	-4.626335	-8.185054
87.71	-12.81139	1214.641	-1261.299	361.9218	7.117439	-88.75439	-407.4733	132.0284	-109.9644	-53.73666	82.91815	-6.049822	-5.338078	-17.08185	11972.39	138528.8	-31.6726	-4.270463	-6.049822	-6.049822	-17.43772	-4.626335	-8.185054	-5.338078	-17.08185	-4.626335	-8.185054
88	87.18861	114.6406	-1561.299	461.9218	7.117439	-1689.754	692.5267	-367.9716	490.0356	146.2633	182.9182	-6.049822	94.66192	82.91815	144888.4	102253.8	-31.6726	-4.270463	-6.049822	93.95018	-17.43772	-4.626335	91.81495	94.66192	82.91815	-4.626335	91.81495
