ElapsedTime_s	Ti49_CPS	Al27_CPS	S33_CPS	Sc45_CPS	V51_CPS	Mn55_CPS	Fe57_CPS	Co59_CPS	Ni60_CPS	Ga71_CPS	Zr90_CPS	Nb93_CPS	Mo97_CPS	In113_CPS	Sn119_CPS	Sn118_CPS	Sb121_CPS	Hf177_CPS	Ta181_CPS	W183_CPS	Pb206_CPS	Th232_CPS	U238_CPS	Tc97_CPS	Cd113_CPS	U232_CPS	Pu238_CPS
0	87.18861	-485.3594	-260.2988	-138.0782	-92.88256	-789.7544	-1007.473	232.0284	-309.9644	-53.73666	182.9182	-6.049822	-5.338078	-17.08185	6370.395	13647.77	-31.6726	-4.270463	-6.049822	-6.049822	-17.43772	-4.626335	-8.185054	-5.338078	-17.08185	-4.626335	-8.185054
																											
9.2	187.1886	214.6406	-1061.299	561.9218	107.1174	-989.7544	-307.4733	-267.9716	90.03564	246.2633	-17.08185	-6.049822	-5.338078	-17.08185	-130.605	143.7722	-31.6726	-4.270463	-6.049822	-6.049822	-17.43772	-4.626335	-8.185054	-5.338078	-17.08185	-4.626335	-8.185054
9.49	-12.81139	214.6406	-1161.299	-438.0782	-92.88256	-1089.754	192.5267	132.0284	-509.9644	46.26334	-17.08185	-6.049822	-5.338078	-17.08185	69.39502	-156.2278	68.3274	-4.270463	-6.049822	-6.049822	-17.43772	-4.626335	-8.185054	-5.338078	-17.08185	-4.626335	-8.185054
9.78	-12.81139	-485.3594	539.7012	-38.07825	7.117439	411.2456	392.5267	432.0284	490.0356	46.26334	-17.08185	-6.049822	-5.338078	-17.08185	26383.39	56264.77	-31.6726	-4.270463	-6.049822	-6.049822	-17.43772	-4.626335	-8.185054	-5.338078	-17.08185	-4.626335	-8.185054
10.07	187.1886	214.6406	139.7012	-138.0782	-92.88256	-188.7544	-207.4733	-67.97156	490.0356	46.26334	-17.08185	-6.049822	-5.338078	-17.08185	16675.39	-156.2278	-31.6726	-4.270463	-6.049822	-6.049822	-17.43772	-4.626335	-8.185054	-5.338078	-17.08185	-4.626335	-8.185054
10.35	-12.81139	414.6406	-1361.299	161.9218	7.117439	-1789.754	392.5267	-167.9716	490.0356	246.2633	-17.08185	-6.049822	94.66192	-17.08185	15374.39	-256.2278	-31.6726	-4.270463	-6.049822	-6.049822	82.56228	-4.626335	-8.185054	94.66192	-17.08185	-4.626335	-8.185054
10.64	-12.81139	314.6406	-761.2988	-638.0782	-92.88256	-889.7544	192.5267	-367.9716	-609.9644	-53.73666	-17.08185	-6.049822	-5.338078	82.91815	169.395	343.7722	-31.6726	-4.270463	-6.049822	-6.049822	-17.43772	-4.626335	-8.185054	-5.338078	82.91815	-4.626335	-8.185054
10.92	-12.81139	1314.641	-160.2988	-38.07825	7.117439	-1089.754	-7.473267	232.0284	-309.9644	-53.73666	-17.08185	-6.049822	-5.338078	-17.08185	-30.60498	143.7722	-31.6726	-4.270463	-6.049822	-6.049822	-17.43772	-4.626335	-8.185054	-5.338078	-17.08185	-4.626335	-8.185054
11.21	-12.81139	-985.3594	-660.2988	-38.07825	207.1174	-1189.754	92.52673	232.0284	90.03564	-53.73666	-17.08185	-6.049822	-5.338078	-17.08185	-30.60498	43.77225	-31.6726	-4.270463	-6.049822	-6.049822	-17.43772	-4.626335	-8.185054	-5.338078	-17.08185	-4.626335	-8.185054
11.49	-12.81139	-985.3594	-761.2988	-38.07825	7.117439	-1089.754	-307.4733	-67.97156	-609.9644	-53.73666	-17.08185	-6.049822	-5.338078	-17.08185	11572.39	-156.2278	68.3274	95.72954	-6.049822	-6.049822	-17.43772	-4.626335	-8.185054	-5.338078	-17.08185	-4.626335	-8.185054
11.78	-12.81139	14.64062	239.7012	-238.0782	7.117439	-989.7544	-207.4733	-467.9716	-209.9644	-53.73666	-17.08185	-6.049822	-5.338078	-17.08185	169.395	41478.77	-31.6726	-4.270463	-6.049822	-6.049822	-17.43772	-4.626335	-8.185054	-5.338078	-17.08185	-4.626335	-8.185054
12.06	-12.81139	414.6406	1839.701	-38.07825	-92.88256	-1289.754	-207.4733	132.0284	90.03564	46.26334	-17.08185	-6.049822	-5.338078	-17.08185	-30.60498	43.77225	-31.6726	-4.270463	-6.049822	-6.049822	-17.43772	-4.626335	-8.185054	-5.338078	-17.08185	-4.626335	-8.185054
12.35	-12.81139	114.6406	-1761.299	-38.07825	207.1174	-1289.754	692.5267	-67.97156	-109.9644	-53.73666	-17.08185	93.95018	-5.338078	-17.08185	8771.395	20352.77	-31.6726	-4.270463	-6.049822	-6.049822	-17.43772	-4.626335	-8.185054	-5.338078	-17.08185	-4.626335	-8.185054
12.63	-12.81139	-85.35938	-660.2988	-38.07825	-92.88256	-1489.754	-707.4733	232.0284	-109.9644	46.26334	-17.08185	-6.049822	-5.338078	-17.08185	-30.60498	-56.22775	-31.6726	-4.270463	-6.049822	-6.049822	-17.43772	-4.626335	-8.185054	-5.338078	-17.08185	-4.626335	-8.185054
12.92	-12.81139	2114.641	-1661.299	-338.0782	-92.88256	-989.7544	892.5267	-67.97156	-409.9644	-53.73666	-17.08185	-6.049822	-5.338078	-17.08185	-130.605	67936.77	-31.6726	-4.270463	-6.049822	-6.049822	-17.43772	-4.626335	-8.185054	-5.338078	-17.08185	-4.626335	-8.185054
13.2	-12.81139	1114.641	-660.2988	-238.0782	-92.88256	-689.7544	-207.4733	-67.97156	-409.9644	-53.73666	82.91815	-6.049822	-5.338078	-17.08185	-130.605	-56.22775	-31.6726	-4.270463	-6.049822	-6.049822	-17.43772	-4.626335	-8.185054	-5.338078	-17.08185	-4.626335	-8.185054
13.49	87.18861	214.6406	-60.29883	-38.07825	207.1174	11.24561	192.5267	-67.97156	-209.9644	-53.73666	-17.08185	-6.049822	-5.338078	82.91815	269.395	-156.2278	-31.6726	-4.270463	-6.049822	-6.049822	-17.43772	-4.626335	-8.185054	-5.338078	82.91815	-4.626335	-8.185054
13.77	-12.81139	2214.641	-60.29883	61.92175	107.1174	-1289.754	-207.4733	-367.9716	-809.9644	146.2633	82.91815	-6.049822	-5.338078	-17.08185	-130.605	343.7722	-31.6726	-4.270463	-6.049822	-6.049822	-17.43772	95.37366	-8.185054	-5.338078	-17.08185	95.37366	-8.185054
14.06	-12.81139	814.6406	-761.2988	261.9218	107.1174	11.24561	-107.4733	32.02844	-109.9644	46.26334	-17.08185	-6.049822	94.66192	-17.08185	75082.4	-256.2278	-31.6726	-4.270463	-6.049822	-6.049822	-17.43772	-4.626335	-8.185054	94.66192	-17.08185	-4.626335	-8.185054
14.34	-12.81139	-585.3594	-60.29883	61.92175	207.1174	-1889.754	392.5267	-367.9716	190.0356	-53.73666	-17.08185	-6.049822	-5.338078	-17.08185	-130.605	43.77225	-31.6726	-4.270463	-6.049822	-6.049822	82.56228	-4.626335	-8.185054	-5.338078	-17.08185	-4.626335	-8.185054
14.63	-12.81139	-785.3594	-1561.299	661.9218	7.117439	-188.7544	92.52673	-367.9716	-509.9644	46.26334	-17.08185	-6.049822	-5.338078	-17.08185	-30.60498	-56.22775	-31.6726	-4.270463	-6.049822	93.95018	82.56228	-4.626335	-8.185054	-5.338078	-17.08185	-4.626335	-8.185054
14.91	-12.81139	914.6406	-2161.299	-338.0782	7.117439	-1089.754	-407.4733	32.02844	-209.9644	46.26334	-17.08185	-6.049822	-5.338078	82.91815	69.39502	-256.2278	-31.6726	-4.270463	-6.049822	-6.049822	-17.43772	-4.626335	-8.185054	-5.338078	82.91815	-4.626335	-8.185054
15.2	-12.81139	714.6406	639.7012	161.9218	107.1174	-989.7544	-507.4733	32.02844	-9.964355	46.26334	-17.08185	-6.049822	-5.338078	-17.08185	6370.395	43.77225	-31.6726	-4.270463	-6.049822	-6.049822	82.56228	-4.626335	-8.185054	-5.338078	-17.08185	-4.626335	-8.185054
15.48	-12.81139	1014.641	-761.2988	-338.0782	207.1174	-1889.754	592.5267	32.02844	-209.9644	46.26334	-17.08185	-6.049822	-5.338078	-17.08185	-130.605	-156.2278	-31.6726	-4.270463	-6.049822	-6.049822	-17.43772	-4.626335	-8.185054	-5.338078	-17.08185	-4.626335	-8.185054
15.78	-12.81139	914.6406	-1961.299	61.92175	107.1174	-288.7544	92.52673	-267.9716	590.0356	46.26334	-17.08185	-6.049822	-5.338078	-17.08185	3969.395	-356.2278	-31.6726	-4.270463	-6.049822	-6.049822	-17.43772	-4.626335	-8.185054	-5.338078	-17.08185	-4.626335	-8.185054
16.06	-12.81139	-385.3594	239.7012	361.9218	-92.88256	-989.7544	-907.4733	-67.97156	-609.9644	46.26334	-17.08185	-6.049822	-5.338078	-17.08185	-130.605	-256.2278	-31.6726	-4.270463	-6.049822	-6.049822	-17.43772	-4.626335	-8.185054	-5.338078	-17.08185	-4.626335	-8.185054
16.35	-12.81139	214.6406	-60.29883	-438.0782	-92.88256	-989.7544	-707.4733	-267.9716	-209.9644	-53.73666	-17.08185	-6.049822	-5.338078	-17.08185	-130.605	143.7722	-31.6726	-4.270463	-6.049822	-6.049822	-17.43772	-4.626335	-8.185054	-5.338078	-17.08185	-4.626335	-8.185054
16.63	-12.81139	914.6406	-761.2988	61.92175	7.117439	-1789.754	-607.4733	-167.9716	-109.9644	-53.73666	-17.08185	-6.049822	-5.338078	-17.08185	169.395	43.77225	68.3274	-4.270463	-6.049822	-6.049822	82.56228	-4.626335	-8.185054	-5.338078	-17.08185	-4.626335	-8.185054
16.92	-12.81139	2114.641	-60.29883	61.92175	207.1174	-689.7544	-507.4733	32.02844	90.03564	146.2633	-17.08185	-6.049822	-5.338078	-17.08185	69.39502	72248.77	-31.6726	-4.270463	-6.049822	-6.049822	-17.43772	-4.626335	-8.185054	-5.338078	-17.08185	-4.626335	-8.185054
17.2	-12.81139	14.64062	-2261.299	-138.0782	107.1174	-488.7544	-207.4733	32.02844	490.0356	446.2633	82.91815	-6.049822	-5.338078	-17.08185	69.39502	-356.2278	-31.6726	-4.270463	-6.049822	-6.049822	-17.43772	-4.626335	-8.185054	-5.338078	-17.08185	-4.626335	-8.185054
17.49	-12.81139	114.6406	-2061.299	-138.0782	107.1174	-789.7544	92.52673	-67.97156	-209.9644	246.2633	82.91815	-6.049822	-5.338078	-17.08185	-30.60498	-56.22775	-31.6726	-4.270463	-6.049822	-6.049822	-17.43772	-4.626335	91.81495	-5.338078	-17.08185	-4.626335	91.81495
17.77	-12.81139	2014.641	-1061.299	-238.0782	7.117439	-188.7544	292.5267	-367.9716	490.0356	-53.73666	-17.08185	-6.049822	-5.338078	-17.08185	-30.60498	-256.2278	-31.6726	95.72954	-6.049822	-6.049822	-17.43772	-4.626335	-8.185054	-5.338078	-17.08185	-4.626335	-8.185054
18.06	187.1886	614.6406	439.7012	-238.0782	-92.88256	-689.7544	92.52673	32.02844	1290.036	46.26334	-17.08185	-6.049822	-5.338078	-17.08185	169.395	-56.22775	68.3274	-4.270463	-6.049822	-6.049822	-17.43772	-4.626335	-8.185054	-5.338078	-17.08185	-4.626335	-8.185054
18.34	-12.81139	-85.35938	-761.2988	-238.0782	-92.88256	-1389.754	-307.4733	-167.9716	490.0356	-53.73666	-17.08185	-6.049822	-5.338078	-17.08185	369.395	243.7722	-31.6726	-4.270463	-6.049822	-6.049822	-17.43772	-4.626335	-8.185054	-5.338078	-17.08185	-4.626335	-8.185054
18.63	-12.81139	-85.35938	-560.2988	-138.0782	-92.88256	-1189.754	-7.473267	-367.9716	-209.9644	-53.73666	-17.08185	-6.049822	-5.338078	-17.08185	-130.605	143.7722	-31.6726	-4.270463	-6.049822	-6.049822	-17.43772	-4.626335	-8.185054	-5.338078	-17.08185	-4.626335	-8.185054
18.91	-12.81139	-85.35938	-1561.299	-438.0782	7.117439	-889.7544	-7.473267	-267.9716	490.0356	146.2633	-17.08185	-6.049822	-5.338078	-17.08185	-30.60498	143.7722	-31.6726	-4.270463	-6.049822	-6.049822	-17.43772	-4.626335	-8.185054	-5.338078	-17.08185	-4.626335	-8.185054
19.2	87.18861	514.6406	-1661.299	-138.0782	7.117439	-989.7544	192.5267	-167.9716	390.0356	146.2633	-17.08185	-6.049822	-5.338078	-17.08185	-30.60498	-56.22775	-31.6726	-4.270463	-6.049822	-6.049822	-17.43772	-4.626335	-8.185054	-5.338078	-17.08185	-4.626335	-8.185054
19.48	-12.81139	1314.641	-1761.299	461.9218	7.117439	-889.7544	-7.473267	-267.9716	-909.9644	46.26334	-17.08185	-6.049822	-5.338078	-17.08185	69.39502	43.77225	68.3274	-4.270463	-6.049822	-6.049822	-17.43772	-4.626335	-8.185054	-5.338078	-17.08185	-4.626335	-8.185054
19.77	87.18861	614.6406	239.7012	661.9218	7.117439	-188.7544	292.5267	-267.9716	-209.9644	-53.73666	-17.08185	-6.049822	-5.338078	-17.08185	-30.60498	-56.22775	-31.6726	-4.270463	-6.049822	-6.049822	-17.43772	-4.626335	-8.185054	-5.338078	-17.08185	-4.626335	-8.185054
20.05	-12.81139	-885.3594	-460.2988	-438.0782	-92.88256	-1589.754	-707.4733	-67.97156	990.0356	-53.73666	-17.08185	-6.049822	-5.338078	-17.08185	-130.605	-256.2278	-31.6726	-4.270463	-6.049822	-6.049822	-17.43772	-4.626335	191.8149	-5.338078	-17.08185	-4.626335	191.8149
20.34	-12.81139	414.6406	-1661.299	61.92175	-92.88256	-1589.754	-7.473267	432.0284	690.0356	-53.73666	-17.08185	-6.049822	-5.338078	-17.08185	-30.60498	-156.2278	-31.6726	-4.270463	-6.049822	-6.049822	-17.43772	-4.626335	-8.185054	-5.338078	-17.08185	-4.626335	-8.185054
20.62	-12.81139	-1686.359	-560.2988	-238.0782	-92.88256	-288.7544	-7.473267	32.02844	290.0356	-53.73666	-17.08185	-6.049822	-5.338078	-17.08185	169.395	143.7722	-31.6726	-4.270463	-6.049822	-6.049822	-17.43772	95.37366	-8.185054	-5.338078	-17.08185	95.37366	-8.185054
20.91	87.18861	-385.3594	-560.2988	-138.0782	-92.88256	-1789.754	392.5267	-467.9716	790.0356	146.2633	-17.08185	-6.049822	-5.338078	-17.08185	-30.60498	43.77225	-31.6726	-4.270463	-6.049822	-6.049822	-17.43772	-4.626335	-8.185054	-5.338078	-17.08185	-4.626335	-8.185054
21.19	-12.81139	614.6406	-460.2988	261.9218	207.1174	-989.7544	92.52673	232.0284	790.0356	46.26334	-17.08185	-6.049822	-5.338078	-17.08185	-30.60498	143.7722	-31.6726	-4.270463	-6.049822	-6.049822	-17.43772	195.3737	-8.185054	-5.338078	-17.08185	195.3737	-8.185054
21.48	87.18861	-1386.359	-961.2988	261.9218	-92.88256	-1189.754	-507.4733	32.02844	-9.964355	-53.73666	-17.08185	-6.049822	-5.338078	-17.08185	169.395	143.7722	-31.6726	-4.270463	-6.049822	-6.049822	-17.43772	-4.626335	-8.185054	-5.338078	-17.08185	-4.626335	-8.185054
21.76	-12.81139	1814.641	-1361.299	-138.0782	-92.88256	-1889.754	-807.4733	132.0284	490.0356	146.2633	82.91815	-6.049822	94.66192	-17.08185	-130.605	-56.22775	-31.6726	-4.270463	-6.049822	-6.049822	-17.43772	-4.626335	-8.185054	94.66192	-17.08185	-4.626335	-8.185054
22.05	-12.81139	514.6406	-1161.299	161.9218	7.117439	-388.7544	-407.4733	-67.97156	-509.9644	46.26334	-17.08185	-6.049822	-5.338078	-17.08185	169.395	-256.2278	-31.6726	-4.270463	-6.049822	-6.049822	-17.43772	-4.626335	-8.185054	-5.338078	-17.08185	-4.626335	-8.185054
22.33	-12.81139	-185.3594	339.7012	261.9218	207.1174	-1289.754	-607.4733	-67.97156	490.0356	-53.73666	-17.08185	-6.049822	-5.338078	82.91815	69.39502	-156.2278	-31.6726	-4.270463	-6.049822	-6.049822	-17.43772	-4.626335	-8.185054	-5.338078	82.91815	-4.626335	-8.185054
22.62	-12.81139	214.6406	739.7012	-438.0782	-92.88256	-1889.754	-507.4733	-67.97156	90.03564	246.2633	-17.08185	-6.049822	-5.338078	82.91815	-130.605	-56.22775	-31.6726	-4.270463	-6.049822	93.95018	-17.43772	-4.626335	-8.185054	-5.338078	82.91815	-4.626335	-8.185054
22.9	-12.81139	-685.3594	539.7012	361.9218	7.117439	-1589.754	92.52673	-67.97156	190.0356	-53.73666	-17.08185	-6.049822	-5.338078	-17.08185	-130.605	143.7722	68.3274	-4.270463	-6.049822	-6.049822	-17.43772	-4.626335	91.81495	-5.338078	-17.08185	-4.626335	91.81495
23.19	-12.81139	-185.3594	-460.2988	-138.0782	7.117439	-1889.754	-307.4733	-67.97156	-909.9644	46.26334	-17.08185	-6.049822	-5.338078	-17.08185	69.39502	-156.2278	-31.6726	-4.270463	-6.049822	-6.049822	-17.43772	-4.626335	-8.185054	-5.338078	-17.08185	-4.626335	-8.185054
23.47	-12.81139	-485.3594	-861.2988	-138.0782	7.117439	-1089.754	292.5267	32.02844	-409.9644	246.2633	-17.08185	-6.049822	-5.338078	-17.08185	-130.605	-156.2278	-31.6726	-4.270463	-6.049822	-6.049822	-17.43772	-4.626335	-8.185054	-5.338078	-17.08185	-4.626335	-8.185054
23.76	-12.81139	814.6406	-360.2988	-138.0782	7.117439	-989.7544	-207.4733	132.0284	-709.9644	-53.73666	-17.08185	-6.049822	-5.338078	-17.08185	-30.60498	143.7722	-31.6726	-4.270463	-6.049822	-6.049822	-17.43772	-4.626335	-8.185054	-5.338078	-17.08185	-4.626335	-8.185054
24.04	-12.81139	614.6406	-160.2988	61.92175	7.117439	-1089.754	-1007.473	-67.97156	-109.9644	46.26334	-17.08185	-6.049822	-5.338078	-17.08185	-130.605	-156.2278	68.3274	-4.270463	-6.049822	-6.049822	-17.43772	-4.626335	-8.185054	-5.338078	-17.08185	-4.626335	-8.185054
24.33	87.18861	1114.641	-861.2988	361.9218	207.1174	-1589.754	192.5267	132.0284	-509.9644	-53.73666	-17.08185	-6.049822	-5.338078	-17.08185	169.395	343.7722	-31.6726	-4.270463	93.95018	-6.049822	-17.43772	-4.626335	-8.185054	-5.338078	-17.08185	-4.626335	-8.185054
24.61	-12.81139	814.6406	-560.2988	-438.0782	107.1174	-1589.754	692.5267	132.0284	-509.9644	46.26334	-17.08185	-6.049822	-5.338078	-17.08185	-30.60498	-156.2278	-31.6726	-4.270463	-6.049822	-6.049822	-17.43772	-4.626335	-8.185054	-5.338078	-17.08185	-4.626335	-8.185054
24.9	-12.81139	414.6406	-460.2988	61.92175	-92.88256	-789.7544	-707.4733	-167.9716	-409.9644	-53.73666	-17.08185	-6.049822	-5.338078	-17.08185	-130.605	43.77225	-31.6726	-4.270463	-6.049822	-6.049822	82.56228	-4.626335	-8.185054	-5.338078	-17.08185	-4.626335	-8.185054
25.18	87.18861	514.6406	-660.2988	261.9218	107.1174	-1689.754	-507.4733	32.02844	-109.9644	-53.73666	-17.08185	-6.049822	-5.338078	-17.08185	69.39502	143.7722	-31.6726	-4.270463	-6.049822	-6.049822	-17.43772	-4.626335	-8.185054	-5.338078	-17.08185	-4.626335	-8.185054
25.47	-12.81139	-485.3594	-961.2988	261.9218	-92.88256	11.24561	-507.4733	332.0284	90.03564	-53.73666	-17.08185	-6.049822	-5.338078	-17.08185	-30.60498	-56.22775	-31.6726	-4.270463	-6.049822	-6.049822	-17.43772	-4.626335	-8.185054	-5.338078	-17.08185	-4.626335	-8.185054
25.75	-12.81139	114.6406	-60.29883	-38.07825	7.117439	-689.7544	92.52673	32.02844	290.0356	-53.73666	182.9182	-6.049822	-5.338078	-17.08185	-130.605	143.7722	68.3274	-4.270463	-6.049822	-6.049822	-17.43772	-4.626335	-8.185054	-5.338078	-17.08185	-4.626335	-8.185054
26.04	-12.81139	814.6406	-1661.299	361.9218	-92.88256	-1689.754	-407.4733	832.0284	190.0356	146.2633	-17.08185	-6.049822	94.66192	-17.08185	-130.605	-156.2278	-31.6726	-4.270463	-6.049822	-6.049822	-17.43772	-4.626335	-8.185054	94.66192	-17.08185	-4.626335	-8.185054
26.32	-12.81139	14.64062	-360.2988	-438.0782	7.117439	-388.7544	192.5267	232.0284	90.03564	146.2633	82.91815	-6.049822	-5.338078	-17.08185	-130.605	43.77225	-31.6726	-4.270463	-6.049822	-6.049822	-17.43772	-4.626335	-8.185054	-5.338078	-17.08185	-4.626335	-8.185054
26.61	-12.81139	1314.641	-1961.299	-438.0782	-92.88256	-1589.754	-807.4733	-67.97156	490.0356	-53.73666	-17.08185	-6.049822	94.66192	82.91815	69.39502	243.7722	-31.6726	-4.270463	-6.049822	-6.049822	-17.43772	-4.626335	-8.185054	94.66192	82.91815	-4.626335	-8.185054
26.89	-12.81139	314.6406	-961.2988	61.92175	107.1174	-2389.754	-807.4733	332.0284	1190.036	-53.73666	82.91815	-6.049822	-5.338078	-17.08185	-30.60498	-256.2278	-31.6726	-4.270463	-6.049822	-6.049822	-17.43772	-4.626335	-8.185054	-5.338078	-17.08185	-4.626335	-8.185054
27.18	-12.81139	1214.641	-460.2988	61.92175	-92.88256	-1189.754	92.52673	-67.97156	-9.964355	-53.73666	-17.08185	-6.049822	-5.338078	-17.08185	-30.60498	-156.2278	-31.6726	-4.270463	-6.049822	-6.049822	-17.43772	-4.626335	-8.185054	-5.338078	-17.08185	-4.626335	-8.185054
27.46	-12.81139	214.6406	-2161.299	161.9218	107.1174	-2389.754	492.5267	-267.9716	190.0356	-53.73666	-17.08185	-6.049822	-5.338078	-17.08185	-30.60498	43.77225	-31.6726	-4.270463	-6.049822	-6.049822	-17.43772	-4.626335	-8.185054	-5.338078	-17.08185	-4.626335	-8.185054
27.75	-12.81139	314.6406	-560.2988	61.92175	-92.88256	-889.7544	-407.4733	-167.9716	-9.964355	-53.73666	82.91815	-6.049822	-5.338078	-17.08185	-30.60498	143.7722	-31.6726	-4.270463	-6.049822	-6.049822	-17.43772	-4.626335	91.81495	-5.338078	-17.08185	-4.626335	91.81495
28.03	-12.81139	-385.3594	-1261.299	-138.0782	7.117439	-588.7544	-307.4733	432.0284	-209.9644	46.26334	-17.08185	-6.049822	-5.338078	-17.08185	69.39502	143.7722	-31.6726	-4.270463	-6.049822	-6.049822	-17.43772	-4.626335	-8.185054	-5.338078	-17.08185	-4.626335	-8.185054
28.32	-12.81139	1214.641	-360.2988	-438.0782	207.1174	-2789.754	-707.4733	-167.9716	-609.9644	-53.73666	-17.08185	-6.049822	-5.338078	-17.08185	-30.60498	-156.2278	-31.6726	-4.270463	-6.049822	-6.049822	-17.43772	-4.626335	-8.185054	-5.338078	-17.08185	-4.626335	-8.185054
28.6	-12.81139	2715.641	-460.2988	61.92175	-92.88256	-2389.754	-607.4733	32.02844	390.0356	-53.73666	-17.08185	-6.049822	-5.338078	-17.08185	-30.60498	343.7722	-31.6726	-4.270463	-6.049822	-6.049822	-17.43772	-4.626335	-8.185054	-5.338078	-17.08185	-4.626335	-8.185054
28.89	-12.81139	1014.641	-1261.299	261.9218	7.117439	-1289.754	492.5267	-267.9716	190.0356	46.26334	-17.08185	-6.049822	-5.338078	-17.08185	169.395	-156.2278	-31.6726	-4.270463	-6.049822	-6.049822	-17.43772	-4.626335	-8.185054	-5.338078	-17.08185	-4.626335	-8.185054
29.17	-12.81139	414.6406	-861.2988	61.92175	7.117439	-1589.754	-507.4733	232.0284	90.03564	246.2633	-17.08185	-6.049822	94.66192	-17.08185	-30.60498	243.7722	-31.6726	-4.270463	-6.049822	-6.049822	-17.43772	-4.626335	-8.185054	94.66192	-17.08185	-4.626335	-8.185054
29.46	87.18861	-785.3594	-1361.299	-238.0782	-92.88256	-989.7544	-507.4733	-467.9716	-9.964355	-53.73666	-17.08185	-6.049822	-5.338078	-17.08185	-30.60498	43.77225	-31.6726	-4.270463	-6.049822	93.95018	-17.43772	-4.626335	-8.185054	-5.338078	-17.08185	-4.626335	-8.185054
29.74	-12.81139	414.6406	-1661.299	461.9218	7.117439	-1189.754	-407.4733	132.0284	-9.964355	-53.73666	-17.08185	-6.049822	-5.338078	-17.08185	69.39502	43.77225	-31.6726	-4.270463	93.95018	-6.049822	-17.43772	-4.626335	91.81495	-5.338078	-17.08185	-4.626335	91.81495
30.03	-12.81139	-785.3594	-160.2988	-238.0782	7.117439	-488.7544	-207.4733	-67.97156	190.0356	-53.73666	-17.08185	-6.049822	-5.338078	-17.08185	-30.60498	-156.2278	-31.6726	-4.270463	-6.049822	-6.049822	-17.43772	-4.626335	-8.185054	-5.338078	-17.08185	-4.626335	-8.185054
30.31	-12.81139	-585.3594	-460.2988	-238.0782	107.1174	-989.7544	-7.473267	-167.9716	-309.9644	-53.73666	-17.08185	-6.049822	-5.338078	-17.08185	-130.605	243.7722	-31.6726	-4.270463	-6.049822	-6.049822	-17.43772	-4.626335	-8.185054	-5.338078	-17.08185	-4.626335	-8.185054
30.6	-12.81139	1014.641	-560.2988	561.9218	-92.88256	-689.7544	592.5267	-67.97156	390.0356	1346.263	1782.918	-6.049822	-5.338078	282.9182	8752723	1.893327e+07	468.3274	-4.270463	93.95018	5194.95	8183.562	-4.626335	791.8149	-5.338078	282.9182	-4.626335	791.8149
30.88	-12.81139	113701.6	-60.29883	37891.92	7.117439	-388.7544	18300.53	732.0284	590.0356	10148.26	12685.92	93.95018	-5.338078	382.9182	3.640984e+07	9.973628e+07	1268.327	595.7296	93.95018	20001.95	9784.562	-4.626335	3191.815	-5.338078	382.9182	-4.626335	3191.815
31.17	187.1886	168321.6	-160.2988	86012.92	507.1174	511.2456	38725.53	1432.028	2590.036	21055.26	31302.92	293.9502	-5.338078	2782.918	7.629398e+07	1.902458e+08	3168.327	1495.729	-6.049822	31613.95	11785.56	-4.626335	3691.815	-5.338078	2782.918	-4.626335	3691.815
31.45	87.18861	210752.6	-60.29883	132014.9	407.1174	2411.246	61372.53	1232.028	3090.036	28162.26	44922.92	193.9502	-5.338078	3182.918	9.839031e+07	2.743777e+08	3468.327	2295.729	293.9502	38723.95	11084.56	-4.626335	4891.815	-5.338078	3182.918	-4.626335	4891.815
31.74	487.1886	271651.6	2839.701	143276.9	707.1174	3912.246	68491.52	1832.028	2990.036	25859.26	46625.92	893.9502	-5.338078	2782.918	9.321887e+07	2.403226e+08	3068.327	1695.729	893.9502	44232.95	6083.562	-4.626335	3491.815	-5.338078	2782.918	-4.626335	3491.815
32.03	1387.189	559956.6	2940.701	136639.9	2107.117	6613.246	103112.5	2432.028	2290.036	24959.26	49130.92	1293.95	-5.338078	3082.918	1.036564e+08	3.024248e+08	3668.327	2495.729	1093.95	86242.95	8283.562	95.37366	4591.815	-5.338078	3082.918	95.37366	4591.815
32.31	4287.188	1139800	739.7012	156556.9	5808.118	12917.25	149348.5	2432.028	3691.036	23157.26	58450.92	3493.95	-5.338078	2482.918	1.147068e+08	2.843943e+08	3668.327	2495.729	593.9502	136365	9084.562	-4.626335	4691.815	-5.338078	2482.918	-4.626335	4691.815
32.6	7388.188	1245702	1439.701	152833.9	11310.12	14718.25	144017.5	2132.028	3591.036	16351.26	54441.92	3893.95	94.66192	2782.918	1.090028e+08	3.064316e+08	3268.327	1695.729	893.9502	159300	6283.562	295.3737	3691.815	94.66192	2782.918	295.3737	3691.815
32.88	11490.19	1215460	1739.701	128194.9	15112.12	17821.25	138385.5	1832.028	1890.036	15451.26	56446.92	4193.95	-5.338078	1982.918	1.21587e+08	3.585237e+08	3868.327	1595.729	593.9502	156281	8583.562	295.3737	2991.815	-5.338078	1982.918	295.3737	2991.815
33.17	11089.19	1188083	1639.701	133321.9	18314.12	15119.25	142810.5	2332.028	3491.036	13250.26	64565.92	2693.95	-5.338078	2182.918	1.279249e+08	3.645347e+08	3268.327	1595.729	1293.95	153061	11285.56	95.37366	2891.815	-5.338078	2182.918	95.37366	2891.815
33.46	9289.188	953805.6	2339.701	127993.9	16713.12	13317.25	125415.5	2332.028	4591.036	11549.26	54541.92	5494.95	-5.338078	1182.918	1.225647e+08	2.863977e+08	1468.327	1695.729	393.9502	121589	10784.56	195.3737	2991.815	-5.338078	1182.918	195.3737	2991.815
33.74	7688.188	782259.6	2439.701	97555.92	19615.12	13017.25	95582.52	2932.028	3390.036	8648.264	52437.92	2693.95	94.66192	1782.918	1.183202e+08	3.444984e+08	1368.327	2395.729	693.9502	105014	10184.56	95.37366	1491.815	94.66192	1782.918	95.37366	1491.815
34.03	6688.188	645503.6	2039.701	83203.92	20716.12	13517.25	93674.52	2932.028	3991.036	6447.263	53239.92	3693.95	-5.338078	1082.918	1.221998e+08	3.264664e+08	2368.327	2995.729	493.9502	95174.95	9584.562	95.37366	1891.815	-5.338078	1082.918	95.37366	1891.815
34.31	10289.19	539815.6	3340.701	74475.92	28523.12	9415.246	94277.52	2232.028	3390.036	8948.264	57548.92	2293.95	94.66192	1182.918	1.260983e+08	3.384877e+08	1968.327	2695.729	593.9502	74103.95	11285.56	195.3737	1591.815	94.66192	1182.918	195.3737	1591.815
34.6	8588.188	451468.6	2739.701	55725.92	26721.12	12016.25	82534.52	2132.028	2490.036	7147.263	47427.92	2393.95	-5.338078	1282.918	1.302935e+08	3.82568e+08	1868.327	2595.729	293.9502	62571.95	9284.562	-4.626335	691.8149	-5.338078	1282.918	-4.626335	691.8149
34.89	7088.188	553616.6	3540.701	55324.92	24019.12	9114.246	74408.52	2132.028	2690.036	9348.264	45123.92	1193.95	-5.338078	1282.918	1.280856e+08	3.424948e+08	1568.327	2795.729	93.95018	49843.95	8183.562	95.37366	2191.815	-5.338078	1282.918	95.37366	2191.815
35.17	6588.188	290263.6	2439.701	62742.92	23218.12	5713.246	60069.53	3232.028	3891.036	12149.26	40915.92	1493.95	-5.338078	1782.918	1.31376e+08	3.024248e+08	1568.327	1895.729	-6.049822	41928.95	10384.56	-4.626335	1091.815	-5.338078	1782.918	-4.626335	1091.815
35.46	5088.188	241031.6	3540.701	80393.92	14411.12	3112.246	51750.53	2032.028	2990.036	14850.26	52136.92	293.9502	-5.338078	2682.918	1.448318e+08	3.62531e+08	3968.327	2195.729	93.95018	36420.95	13185.56	-4.626335	2291.815	-5.338078	2682.918	-4.626335	2291.815
35.74	4387.188	226291.6	3340.701	102977.9	12710.12	5212.246	55157.53	2632.028	5091.036	25059.26	55043.92	793.9502	-5.338078	2782.918	1.40473e+08	3.665384e+08	3468.327	1995.729	93.95018	36420.95	10584.56	-4.626335	3391.815	-5.338078	2782.918	-4.626335	3391.815
36.03	2987.189	187764.6	3040.701	128596.9	9709.117	2711.246	63578.53	2732.028	3491.036	23357.26	47828.92	793.9502	94.66192	2882.918	1.193002e+08	3.705457e+08	3768.327	2695.729	293.9502	38122.95	9184.562	-4.626335	3991.815	94.66192	2882.918	-4.626335	3991.815
36.32	3487.189	157951.6	3340.701	139756.9	7208.118	2711.246	59467.53	3032.028	3891.036	29263.26	55043.92	693.9502	-5.338078	3782.918	1.305421e+08	3.705457e+08	2968.327	1995.729	-6.049822	35118.95	9984.562	-4.626335	4191.815	-5.338078	3782.918	-4.626335	4191.815
36.6	1687.189	161374.6	3740.701	149513.9	5408.118	2011.246	53353.53	3132.028	3290.036	32768.26	54141.92	293.9502	-5.338078	2782.918	1.355627e+08	3.665384e+08	4868.328	1495.729	393.9502	34917.95	9484.562	-4.626335	6492.815	-5.338078	2782.918	-4.626335	6492.815
36.89	1487.189	109380.6	1039.701	155952.9	6108.118	1711.246	56360.53	1532.028	3591.036	32667.26	61959.92	593.9502	-5.338078	2782.918	1.359436e+08	3.184524e+08	5169.328	2295.729	193.9502	35919.95	9684.562	-4.626335	5492.815	-5.338078	2782.918	-4.626335	5492.815
37.17	1687.189	104760.6	3540.701	186361.9	2607.117	1611.246	58164.53	2732.028	2390.036	39177.26	71885.92	-6.049822	-5.338078	3482.918	1.43026e+08	4.026059e+08	5569.328	3595.729	93.95018	33315.95	11385.56	-4.626335	6792.815	-5.338078	3482.918	-4.626335	6792.815
37.46	1687.189	97328.64	2839.701	211561.9	3407.117	1611.246	58866.53	2532.028	2790.036	43183.26	76499.92	193.9502	-5.338078	3982.918	1.349036e+08	3.765569e+08	5669.328	2895.729	193.9502	35218.95	10784.56	-4.626335	7192.815	-5.338078	3982.918	-4.626335	7192.815
37.75	787.1886	68124.64	3340.701	217310.9	2507.117	-889.7544	56460.53	2932.028	3090.036	42983.26	78204.92	593.9502	-5.338078	4782.918	1.44406e+08	3.865756e+08	4168.328	3495.729	-6.049822	32214.95	13886.56	-4.626335	6592.815	-5.338078	4782.918	-4.626335	6592.815
38.03	3087.189	56993.64	4440.701	228510.9	2507.117	-288.7544	58766.53	2932.028	3591.036	41180.26	89341.92	393.9502	-5.338078	3382.918	1.395637e+08	3.885793e+08	4968.328	3495.729	93.95018	29911.95	11185.56	-4.626335	5092.815	-5.338078	3382.918	-4.626335	5092.815
38.32	3487.189	60101.64	2940.701	200571.9	5508.118	1311.246	44335.53	2232.028	2990.036	39778.26	77703.92	393.9502	-5.338078	4182.918	1.39989e+08	3.565201e+08	3368.327	3395.729	293.9502	22403.95	11885.56	-4.626335	4191.815	-5.338078	4182.918	-4.626335	4191.815
38.6	4587.188	61004.64	3840.701	174576.9	12710.12	211.2456	39927.53	2832.028	4291.036	32968.26	83321.92	193.9502	-5.338078	2982.918	1.477554e+08	3.885793e+08	3068.327	3095.729	93.95018	19000.95	11185.56	-4.626335	3491.815	-5.338078	2982.918	-4.626335	3491.815
38.89	5488.188	43964.64	3840.701	138349.9	17213.12	11.24561	34919.53	2832.028	3991.036	25159.26	62560.92	393.9502	-5.338078	3882.918	1.460803e+08	4.266523e+08	2568.327	1995.729	293.9502	15198.95	10584.56	-4.626335	2491.815	-5.338078	3882.918	-4.626335	2491.815
39.18	11590.19	31041.64	2239.701	110911.9	26121.12	-989.7544	26909.53	2332.028	3891.036	19654.26	62961.92	93.95018	-5.338078	1482.918	1.425417e+08	3.62531e+08	1768.327	1995.729	-6.049822	11095.95	11185.56	-4.626335	1891.815	-5.338078	1482.918	-4.626335	1891.815
39.46	15592.19	27536.64	1639.701	96250.92	36534.12	-789.7544	22404.53	2332.028	2690.036	15651.26	59352.92	-6.049822	-5.338078	982.9182	1.491297e+08	4.486958e+08	2068.327	2295.729	93.95018	11396.95	14586.56	95.37366	1491.815	-5.338078	982.9182	95.37366	1491.815
39.75	22397.19	23231.64	2739.701	77986.92	49556.12	211.2456	18200.53	2932.028	2790.036	14250.26	59052.92	193.9502	94.66192	1782.918	1.314052e+08	3.68542e+08	1268.327	2195.729	-6.049822	9895.95	9484.562	-4.626335	1891.815	94.66192	1782.918	-4.626335	1891.815
40.03	21496.19	19927.64	1539.701	72870.92	48354.12	-789.7544	15898.53	2332.028	3290.036	15651.26	54642.92	293.9502	-5.338078	1782.918	1.25266e+08	3.925868e+08	1768.327	1795.729	193.9502	8895.95	12085.56	-4.626335	1291.815	-5.338078	1782.918	-4.626335	1291.815
40.32	18994.19	24132.64	3140.701	81497.92	42343.12	-1089.754	18801.53	2932.028	4091.036	16752.26	49731.92	293.9502	-5.338078	1782.918	1.312882e+08	3.805643e+08	1468.327	2095.729	93.95018	10395.95	10384.56	-4.626335	1991.815	-5.338078	1782.918	-4.626335	1991.815
40.61	16292.19	44164.64	2139.701	91733.92	33329.12	-889.7544	23705.53	1332.028	3891.036	26060.26	56947.92	193.9502	-5.338078	2382.918	1.331906e+08	3.565201e+08	1468.327	2195.729	-6.049822	10595.95	9684.562	-4.626335	2391.815	-5.338078	2382.918	-4.626335	2391.815
40.89	12190.19	24031.64	2839.701	86915.92	31126.12	-889.7544	29011.53	2832.028	2190.036	25859.26	51134.92	93.95018	-5.338078	2582.918	1.347865e+08	3.384877e+08	1768.327	2195.729	293.9502	13797.95	9784.562	-4.626335	2191.815	-5.338078	2582.918	-4.626335	2191.815
41.18	10789.19	24031.64	3740.701	79290.92	16913.12	-88.75439	33117.53	1532.028	2990.036	34770.26	54742.92	93.95018	-5.338078	2482.918	1.378338e+08	3.725494e+08	2168.327	1095.729	293.9502	19601.95	11985.56	-4.626335	3191.815	-5.338078	2482.918	-4.626335	3191.815
41.46	8588.188	31341.64	3540.701	80393.92	15212.12	11.24561	37824.53	2732.028	4291.036	36573.26	59753.92	-6.049822	-5.338078	3882.918	1.401503e+08	3.264664e+08	2468.327	1495.729	-6.049822	19801.95	10784.56	-4.626335	4091.815	-5.338078	3882.918	-4.626335	4091.815
41.75	6588.188	31942.64	1539.701	76080.92	11210.12	-288.7544	42732.53	2632.028	2890.036	39878.26	60255.92	93.95018	94.66192	4882.918	1.348743e+08	4.527039e+08	2368.327	1595.729	93.95018	33215.95	11185.56	-4.626335	4191.815	94.66192	4882.918	-4.626335	4191.815
42.04	5388.188	38353.64	3240.701	70864.92	11310.12	-1789.754	38925.53	2232.028	3991.036	43384.26	59152.92	-6.049822	-5.338078	3382.918	1.296939e+08	4.206406e+08	2268.327	2495.729	93.95018	35518.95	12785.56	-4.626335	5292.815	-5.338078	3382.918	-4.626335	5292.815
42.32	7088.188	34146.64	3440.701	64146.92	7808.118	-188.7544	50547.53	2932.028	2690.036	45287.26	62460.92	193.9502	-5.338078	4482.918	1.36471e+08	4.00602e+08	3468.327	1695.729	-6.049822	51145.95	11084.56	-4.626335	6392.815	-5.338078	4482.918	-4.626335	6392.815
42.61	5888.188	41158.64	4240.701	68959.92	5108.118	311.2456	53153.53	2532.028	4391.036	54806.26	62259.92	93.95018	94.66192	4182.918	1.402969e+08	3.164489e+08	3768.327	1895.729	-6.049822	59965.95	11084.56	-4.626335	6292.815	94.66192	4182.918	-4.626335	6292.815
42.9	7288.188	42761.64	1839.701	69761.92	7108.118	-88.75439	53153.53	3232.028	4191.036	54606.26	60555.92	193.9502	-5.338078	3782.918	1.245939e+08	3.90583e+08	1768.327	1595.729	293.9502	68286.95	9684.562	-4.626335	5492.815	-5.338078	3782.918	-4.626335	5492.815
43.18	13391.19	40858.64	3040.701	81798.92	4107.118	-1289.754	52651.53	2532.028	3791.036	52000.26	61257.92	393.9502	94.66192	3482.918	1.352844e+08	3.304735e+08	3968.327	2495.729	193.9502	76309.95	10584.56	195.3737	5692.815	94.66192	3482.918	195.3737	5692.815
43.47	21997.19	62508.64	3340.701	86213.92	5108.118	1511.246	51349.53	1632.028	2590.036	48193.26	61758.92	593.9502	-5.338078	4282.918	1.296354e+08	3.384877e+08	2968.327	2795.729	93.95018	65479.95	9284.562	195.3737	4391.815	-5.338078	4282.918	195.3737	4391.815
43.75	21897.19	107371.6	2940.701	76381.92	7208.118	511.2456	54455.53	2832.028	2290.036	47291.26	63563.92	893.9502	-5.338078	5083.918	1.317564e+08	3.505092e+08	1968.327	2395.729	93.95018	67584.95	9384.562	95.37366	4991.815	-5.338078	5083.918	95.37366	4991.815
44.04	27002.19	219327.6	1839.701	71867.92	10109.12	2911.246	69093.52	4232.028	4291.036	47391.26	59152.92	693.9502	-5.338078	4482.918	1.373208e+08	3.845718e+08	2368.327	2895.729	193.9502	62772.95	11185.56	95.37366	5092.815	-5.338078	4482.918	95.37366	5092.815
44.33	28403.19	328238.6	3940.701	66552.92	9809.117	4012.246	74007.52	3332.028	3991.036	42682.26	58651.92	293.9502	-5.338078	3882.918	1.311858e+08	4.026059e+08	2968.327	1495.729	393.9502	63473.95	10184.56	-4.626335	4091.815	-5.338078	3882.918	-4.626335	4091.815
44.61	26701.19	439759.6	3440.701	64346.92	11110.12	10315.25	92068.52	2932.028	3591.036	39177.26	53840.92	1093.95	-5.338078	3682.918	1.34274e+08	3.144455e+08	3168.327	1895.729	-6.049822	61970.95	10084.56	-4.626335	3691.815	-5.338078	3682.918	-4.626335	3691.815
44.9	25100.19	441998.6	3640.701	52218.92	14511.12	10115.25	88054.52	1332.028	3290.036	30565.26	56446.92	793.9502	-5.338078	3582.918	1.322539e+08	3.565201e+08	3268.327	795.7296	93.95018	54452.95	12185.56	-4.626335	4991.815	-5.338078	3582.918	-4.626335	4991.815
45.18	25500.19	450144.6	4140.701	52218.92	24719.12	5212.246	91868.52	2732.028	3791.036	29363.26	59453.92	793.9502	-5.338078	4082.918	1.376579e+08	4.00602e+08	4068.327	1495.729	-6.049822	56858.95	11485.56	-4.626335	4591.815	-5.338078	4082.918	-4.626335	4591.815
45.47	35512.19	370838.6	4340.701	58933.92	55368.12	3912.246	79424.52	1432.028	3691.036	33669.26	63162.92	793.9502	-5.338078	2982.918	1.370277e+08	3.585237e+08	3868.327	2795.729	93.95018	51646.95	11485.56	95.37366	3891.815	-5.338078	2982.918	95.37366	3891.815
45.76	42924.19	293602.6	3640.701	57930.92	94486.12	3112.246	60770.53	2332.028	3591.036	34069.26	61357.92	693.9502	-5.338078	3182.918	1.224771e+08	3.404912e+08	2668.327	1595.729	93.95018	47739.95	10884.56	-4.626335	3691.815	-5.338078	3182.918	-4.626335	3691.815
46.04	45328.19	240021.6	1639.701	64246.92	135071.1	3812.246	54656.53	2732.028	2990.036	29463.26	64465.92	993.9502	-5.338078	2182.918	1.319759e+08	3.705457e+08	3668.327	2395.729	293.9502	39224.95	8784.562	-4.626335	2891.815	-5.338078	2182.918	-4.626335	2891.815
46.33	93361.19	173760.6	3340.701	64647.92	155892.1	511.2456	54255.53	1932.028	2490.036	27862.26	68175.92	793.9502	-5.338078	2582.918	1.351526e+08	4.36672e+08	2268.327	3295.729	93.95018	33916.95	10784.56	-4.626335	3291.815	-5.338078	2582.918	-4.626335	3291.815
46.62	64570.19	108476.6	3440.701	74675.92	172199.1	2011.246	48543.53	1632.028	4191.036	24959.26	78004.92	2093.95	-5.338078	2582.918	1.482257e+08	3.505092e+08	2368.327	2595.729	193.9502	32714.95	12885.56	-4.626335	3791.815	-5.338078	2582.918	-4.626335	3791.815
46.9	72492.19	148894.6	4440.701	75979.92	183781.1	411.2456	40528.53	2632.028	2590.036	20454.26	78706.92	2693.95	-5.338078	2182.918	1.252511e+08	2.944112e+08	3168.327	1995.729	193.9502	28910.95	8183.562	-4.626335	4491.815	-5.338078	2182.918	-4.626335	4491.815
47.19	74799.19	76350.64	2539.701	72669.92	164245.1	211.2456	31014.53	2632.028	3190.036	16752.26	88338.92	3893.95	-5.338078	1682.918	1.362072e+08	3.545164e+08	2968.327	2595.729	-6.049822	40726.95	9284.562	-4.626335	4391.815	-5.338078	1682.918	-4.626335	4391.815
47.47	87440.19	67723.64	2739.701	90127.92	190531.1	211.2456	27710.53	2732.028	5091.036	15051.26	98275.92	7794.95	-5.338078	1282.918	1.422628e+08	3.885793e+08	1968.327	3195.729	393.9502	39624.95	12285.56	-4.626335	5492.815	-5.338078	1282.918	-4.626335	5492.815
47.76	86035.19	91705.64	3440.701	85711.92	291295.1	-889.7544	25006.53	2232.028	4491.036	13850.26	98476.92	8695.95	-5.338078	1382.918	1.416319e+08	3.725494e+08	2068.327	2595.729	93.95018	40526.95	9484.562	-4.626335	7292.815	-5.338078	1382.918	-4.626335	7292.815
48.05	100087.2	74845.64	2039.701	80895.92	397240.1	-1189.754	18801.53	2632.028	3390.036	15151.26	102191.9	12396.95	194.6619	1482.918	1.212888e+08	4.166328e+08	2068.327	4095.729	493.9502	47939.95	11985.56	-4.626335	8492.815	194.6619	1482.918	-4.626335	8492.815
48.33	105509.2	59901.64	2139.701	87618.92	551833.1	-689.7544	21303.53	3232.028	2490.036	14550.26	105404.9	10695.95	94.66192	1682.918	1.387866e+08	3.765569e+08	1568.327	5096.729	593.9502	73701.95	10884.56	-4.626335	7692.815	94.66192	1682.918	-4.626335	7692.815
48.62	124999.2	38353.64	1039.701	83203.92	655286.1	-388.7544	21803.53	2132.028	3290.036	16752.26	103295.9	9595.95	-5.338078	682.9182	1.093574e+08	3.545164e+08	1468.327	5296.729	293.9502	91460.95	11285.56	95.37366	6892.815	-5.338078	682.9182	95.37366	6892.815
48.9	135051.2	42060.64	2739.701	75979.92	712212.1	1611.246	21303.53	2832.028	3290.036	22456.26	96669.92	8194.95	-5.338078	582.9182	1.394171e+08	3.605274e+08	1568.327	4395.729	493.9502	103608	11084.56	95.37366	6992.815	-5.338078	582.9182	95.37366	6992.815
49.19	132839.2	29339.64	3340.701	72870.92	715298.1	211.2456	21803.53	2632.028	3991.036	29163.26	105203.9	7194.95	94.66192	1782.918	1.469912e+08	4.226444e+08	1268.327	4295.729	393.9502	103207	13486.56	-4.626335	6492.815	94.66192	1782.918	-4.626335	6492.815
49.48	121883.2	28738.64	3340.701	79992.92	690927.1	1411.246	24606.53	2432.028	5891.036	37875.26	93758.92	6394.95	-5.338078	1582.918	1.367493e+08	4.126251e+08	2168.327	2695.729	93.95018	108328	10684.56	-4.626335	5892.815	-5.338078	1582.918	-4.626335	5892.815
49.76	110531.2	28838.64	3340.701	75378.92	579038.1	-1189.754	26008.53	2432.028	3691.036	36673.26	87635.92	5894.95	-5.338078	2382.918	1.343472e+08	3.164489e+08	3368.327	2395.729	93.95018	105416	11585.56	-4.626335	6392.815	-5.338078	2382.918	-4.626335	6392.815
50.05	117161.2	38553.64	2839.701	98961.92	520063.1	-88.75439	30713.53	3232.028	4091.036	47090.26	94059.92	5394.95	-5.338078	2682.918	1.490343e+08	4.066135e+08	3168.327	3595.729	-6.049822	89955.95	10584.56	-4.626335	9393.815	-5.338078	2682.918	-4.626335	9393.815
50.33	115855.2	27035.64	2940.701	90629.92	484050.1	211.2456	34819.53	3832.028	4291.036	42382.26	100484.9	3393.95	-5.338078	2482.918	1.362219e+08	3.304735e+08	2968.327	3395.729	-6.049822	74404.95	10584.56	-4.626335	6692.815	-5.338078	2482.918	-4.626335	6692.815
50.62	117663.2	28037.64	2639.701	79089.92	437402.1	-889.7544	31915.53	2732.028	2490.036	37274.26	97472.92	4693.95	-5.338078	3082.918	1.394757e+08	3.705457e+08	3968.327	3295.729	93.95018	102504	10684.56	-4.626335	8092.815	-5.338078	3082.918	-4.626335	8092.815
50.91	121080.2	39455.64	2539.701	71867.92	398052.1	811.2456	30713.53	1432.028	3190.036	33769.26	94059.92	3993.95	-5.338078	3182.918	1.373355e+08	4.026059e+08	3568.327	2895.729	-6.049822	141192	10584.56	-4.626335	6492.815	-5.338078	3182.918	-4.626335	6492.815
51.19	128517.2	46168.64	1739.701	65449.92	314980.1	1811.246	34118.53	3332.028	3791.036	27561.26	88338.92	3793.95	-5.338078	3182.918	1.3609e+08	3.785605e+08	3968.327	3195.729	-6.049822	372447.9	10784.56	-4.626335	7492.815	-5.338078	3182.918	-4.626335	7492.815
51.48	117362.2	57294.64	3940.701	52619.92	251264.1	4112.246	40528.53	2032.028	4291.036	28162.26	94360.92	4393.95	-5.338078	2882.918	1.429379e+08	4.00602e+08	3168.327	1395.729	193.9502	719706.9	9584.562	-4.626335	8993.815	-5.338078	2882.918	-4.626335	8993.815
51.76	119974.2	91002.64	2139.701	56026.92	201718.1	4312.246	44535.53	3032.028	4491.036	25759.26	93456.92	4993.95	-5.338078	3482.918	1.451524e+08	3.865756e+08	5569.328	2895.729	393.9502	983776.9	12685.56	-4.626335	11794.82	-5.338078	3482.918	-4.626335	11794.82
52.05	97276.19	94516.64	4140.701	57129.92	179047.1	4612.246	48042.53	3332.028	4891.036	23857.26	84725.92	5294.95	-5.338078	3882.918	1.380097e+08	3.725494e+08	5469.328	995.7296	393.9502	1009263	10884.56	95.37366	10493.82	-5.338078	3882.918	95.37366	10493.82
52.33	94666.19	88292.64	3340.701	53821.92	146335.1	4012.246	47741.53	2932.028	4491.036	25960.26	85428.92	7094.95	-5.338078	3382.918	1.40957e+08	3.925868e+08	5969.328	2295.729	393.9502	1098092	11585.56	-4.626335	10593.82	-5.338078	3382.918	-4.626335	10593.82
52.62	95268.19	82972.64	639.7012	56427.92	135373.1	4312.246	49745.53	2132.028	3691.036	26360.26	82418.92	12196.95	94.66192	3182.918	1.439068e+08	3.985982e+08	4968.328	3095.729	693.9502	1187755	12185.56	-4.626335	9893.815	94.66192	3182.918	-4.626335	9893.815
52.91	106614.2	66118.64	3240.701	59735.92	165453.1	2711.246	44335.53	2032.028	3791.036	23057.26	97070.92	15698.95	-5.338078	3682.918	1.371977e+08	3.845718e+08	5569.328	3095.729	1093.95	1149005	9984.562	95.37366	9793.815	-5.338078	3682.918	95.37366	9793.815
53.19	107016.2	51580.64	3040.701	60036.92	158307.1	2711.246	36922.53	2332.028	3791.036	19153.26	95364.92	17799.95	-5.338078	2982.918	1.322832e+08	3.605274e+08	3968.327	2995.729	1193.95	899903.9	9584.562	-4.626335	10993.82	-5.338078	2982.918	-4.626335	10993.82
53.48	99384.19	47671.64	2139.701	67655.92	186199.1	1611.246	30613.53	3232.028	3691.036	21555.26	82217.92	13096.95	-5.338078	3682.918	1.244186e+08	3.785605e+08	5069.328	3295.729	693.9502	774198.9	11285.56	-4.626335	9193.815	-5.338078	3682.918	-4.626335	9193.815
53.76	101593.2	38553.64	2639.701	109003.9	205247.1	1311.246	28310.53	1732.028	5591.036	20354.26	101789.9	12696.95	-5.338078	2682.918	1.429526e+08	4.34668e+08	4568.328	3195.729	693.9502	579738.9	11285.56	95.37366	9193.815	-5.338078	2682.918	95.37366	9193.815
54.05	97878.19	31742.64	939.7012	145590.9	236219.1	1211.246	23905.53	3032.028	3390.036	23457.26	96869.92	7894.95	-5.338078	3082.918	1.287288e+08	3.62531e+08	3368.327	3995.729	393.9502	456829.9	9784.562	-4.626335	7992.815	-5.338078	3082.918	-4.626335	7992.815
54.34	90450.19	26535.64	3240.701	135432.9	225722.1	-588.7544	22504.53	2432.028	3190.036	26260.26	103596.9	9395.95	-5.338078	3082.918	1.377898e+08	3.485056e+08	3268.327	2795.729	493.9502	421415.9	10884.56	-4.626335	9593.815	-5.338078	3082.918	-4.626335	9593.815
54.62	88945.19	19927.64	2839.701	150217.9	281585.1	411.2456	20702.53	3032.028	3190.036	31666.26	99881.92	7594.95	-5.338078	2382.918	1.391864e+08	3.585237e+08	2168.327	3395.729	393.9502	461718.9	10984.56	-4.626335	7492.815	-5.338078	2382.918	-4.626335	7492.815
54.91	94164.19	21529.64	2940.701	134528.9	319132.1	-789.7544	24506.53	2532.028	3691.036	26260.26	104299.9	12696.95	-5.338078	1882.918	1.392851e+08	3.505092e+08	3268.327	4395.729	793.9502	679915.9	10984.56	-4.626335	9093.815	-5.338078	1882.918	-4.626335	9093.815
55.19	114951.2	23631.64	2639.701	104584.9	305463.1	2911.246	23305.53	4032.028	3491.036	24458.26	103797.9	24705.95	-5.338078	2282.918	1.466386e+08	4.446879e+08	2068.327	4395.729	1293.95	952084.9	11785.56	-4.626335	11394.82	-5.338078	2282.918	-4.626335	11394.82
55.48	122486.2	52081.64	5240.701	79892.92	259750.1	2411.246	27009.53	3232.028	3491.036	18953.26	105705.9	25706.95	-5.338078	982.9182	1.413531e+08	3.925868e+08	2368.327	4195.729	2293.95	1152459	10784.56	-4.626335	10493.82	-5.338078	982.9182	-4.626335	10493.82
55.76	111435.2	145573.6	3340.701	63544.92	226933.1	3012.246	29412.53	2432.028	5591.036	19153.26	101387.9	25206.95	-5.338078	1982.918	1.443326e+08	4.00602e+08	3268.327	4995.729	1293.95	1319100	10484.56	-4.626335	12394.82	-5.338078	1982.918	-4.626335	12394.82
56.05	112138.2	213879.6	3440.701	59234.92	177939.1	6813.246	35220.53	2732.028	3791.036	19654.26	98777.92	30411.95	-5.338078	2482.918	1.388892e+08	3.985982e+08	3168.327	3895.729	1293.95	1456734	10284.56	-4.626335	13395.82	-5.338078	2482.918	-4.626335	13395.82
56.34	97075.19	299675.6	3240.701	56627.92	146133.1	5913.246	45236.53	1932.028	4391.036	18253.26	89843.92	25906.95	-5.338078	1982.918	1.404583e+08	3.605274e+08	5069.328	3395.729	1093.95	1566694	12185.56	-4.626335	10593.82	-5.338078	1982.918	-4.626335	10593.82
56.62	86537.19	331278.6	2339.701	55425.92	119894.1	11116.25	45136.53	3332.028	2390.036	26560.26	89843.92	23104.95	-5.338078	2182.918	1.363831e+08	3.485056e+08	5369.328	3095.729	993.9502	1549893	9784.562	-4.626335	10793.82	-5.338078	2182.918	-4.626335	10793.82
56.91	73996.19	301902.6	2139.701	51416.92	104023.1	9915.246	46238.53	2432.028	2490.036	21655.26	81615.92	19100.95	-5.338078	2082.918	1.382002e+08	3.144455e+08	5669.328	1995.729	1293.95	1582334	10584.56	-4.626335	11294.82	-5.338078	2082.918	-4.626335	11294.82
57.19	73695.19	272055.6	2139.701	51115.92	101714.1	9715.246	44535.53	1932.028	3691.036	24658.26	76098.92	15198.95	-5.338078	2382.918	1.254701e+08	3.404912e+08	5869.328	3095.729	1993.95	1475064	9884.562	95.37366	8192.815	-5.338078	2382.918	95.37366	8192.815
57.48	66375.19	211559.6	1339.701	47308.92	89869.12	10815.25	47240.53	2732.028	2490.036	22957.26	78806.92	17599.95	94.66192	2682.918	1.345668e+08	4.00602e+08	5969.328	2395.729	2393.95	1503060	10584.56	295.3737	9193.815	94.66192	2682.918	295.3737	9193.815
57.77	58856.19	178696.6	1139.701	51817.92	86356.12	9214.246	45938.53	2732.028	5191.036	24458.26	78806.92	15598.95	94.66192	2082.918	1.356799e+08	3.32477e+08	3768.327	2295.729	4293.95	1366022	11385.56	295.3737	9493.815	94.66192	2082.918	295.3737	9493.815
58.05	65172.19	219731.6	1839.701	45404.92	78631.12	11316.25	55458.53	2732.028	3390.036	24358.26	75596.92	16699.95	-5.338078	2682.918	1.36134e+08	3.364841e+08	5569.328	1995.729	2793.95	1178219	13886.56	195.3737	9693.815	-5.338078	2682.918	195.3737	9693.815
58.34	54647.19	124052.6	3840.701	45003.92	72913.12	7013.246	49645.53	2132.028	4991.036	24258.26	73791.92	13497.95	-5.338078	3182.918	1.38728e+08	3.204559e+08	4668.328	2395.729	3293.95	1112614	11785.56	-4.626335	9193.815	-5.338078	3182.918	-4.626335	9193.815
58.62	57152.19	117117.6	2940.701	41798.92	68601.12	6513.246	54756.53	2832.028	3491.036	20855.26	63763.92	9495.95	194.6619	3282.918	1.380976e+08	3.665384e+08	5169.328	2395.729	1693.95	1006349	13586.56	195.3737	9793.815	194.6619	3282.918	195.3737	9793.815
58.91	58856.19	106367.6	1139.701	44903.92	69805.12	7413.246	47040.53	1332.028	3591.036	25059.26	65067.92	9095.95	-5.338078	3582.918	1.27501e+08	3.46502e+08	4868.328	2195.729	2393.95	825294.9	12785.56	95.37366	8492.815	-5.338078	3582.918	95.37366	8492.815
59.2	55148.19	144366.6	2139.701	47007.92	67197.12	3412.246	49946.53	2432.028	3791.036	23357.26	68275.92	8695.95	-5.338078	4082.918	1.333223e+08	3.765569e+08	4868.328	2395.729	2093.95	729483.9	12985.56	-4.626335	9993.815	-5.338078	4082.918	-4.626335	9993.815
59.48	73996.19	120936.6	2039.701	42599.92	60881.12	2811.246	48743.53	1532.028	3090.036	19454.26	75696.92	7694.95	94.66192	3882.918	1.329857e+08	3.545164e+08	3968.327	2695.729	293.9502	590792.9	9884.562	-4.626335	7292.815	94.66192	3882.918	-4.626335	7292.815
59.77	84429.19	193509.6	2539.701	37090.92	57072.12	4012.246	48342.53	2832.028	3491.036	16652.26	70983.92	8294.95	-5.338078	3282.918	1.272379e+08	3.424948e+08	4368.328	2695.729	693.9502	488724.9	8784.562	-4.626335	6592.815	-5.338078	3282.918	-4.626335	6592.815
60.05	97677.19	150001.6	3640.701	33885.92	88865.12	2411.246	45637.53	2432.028	3491.036	16351.26	74994.92	9295.95	-5.338078	2782.918	1.319759e+08	3.2847e+08	3968.327	2495.729	793.9502	398342.9	6283.562	95.37366	9993.815	-5.338078	2782.918	95.37366	9993.815
60.34	103802.2	115811.6	3540.701	34286.92	135675.1	3512.246	35620.53	1132.028	2890.036	14050.26	86431.92	7794.95	-5.338078	1882.918	1.271064e+08	3.62531e+08	3168.327	3195.729	1293.95	378842.9	6883.562	95.37366	8693.815	-5.338078	1882.918	95.37366	8693.815
60.63	100890.2	82772.64	3840.701	37290.92	149151.1	711.2456	32115.53	2932.028	3491.036	18653.26	82819.92	10595.95	-5.338078	3082.918	1.224625e+08	3.505092e+08	3168.327	1995.729	393.9502	330868.9	4182.562	-4.626335	8192.815	-5.338078	3082.918	-4.626335	8192.815
60.91	98280.19	82270.64	2239.701	49111.92	184587.1	1711.246	28611.53	2532.028	3190.036	23057.26	81013.92	7494.95	-5.338078	2282.918	1.270772e+08	3.785605e+08	3168.327	1895.729	493.9502	310307.9	3282.562	-4.626335	6992.815	-5.338078	2282.918	-4.626335	6992.815
61.2	95067.19	63210.64	3640.701	50715.92	207163.1	2711.246	32916.53	1732.028	2190.036	33068.26	83923.92	5294.95	-5.338078	1882.918	1.363684e+08	3.264664e+08	2368.327	2695.729	793.9502	337557.9	2382.562	-4.626335	8292.815	-5.338078	1882.918	-4.626335	8292.815
61.49	88343.19	71534.64	3140.701	51316.92	195570.1	1611.246	27910.53	2632.028	3791.036	28662.26	76499.92	4193.95	-5.338078	2782.918	1.157555e+08	3.645347e+08	2968.327	2195.729	493.9502	331375.9	3082.562	-4.626335	6392.815	-5.338078	2782.918	-4.626335	6392.815
61.77	87440.19	44765.64	1639.701	52819.92	169077.1	1311.246	26208.53	2632.028	2390.036	37875.26	70381.92	3193.95	-5.338078	1982.918	1.133528e+08	3.424948e+08	2468.327	2295.729	293.9502	472211.9	3182.562	-4.626335	5392.815	-5.338078	1982.918	-4.626335	5392.815
62.06	67578.19	30340.64	2739.701	60837.92	150057.1	1411.246	27910.53	1832.028	2190.036	33969.26	68977.92	3293.95	-5.338078	1682.918	1.132218e+08	2.643612e+08	2768.327	2395.729	293.9502	545378.9	3182.562	-4.626335	6792.815	-5.338078	1682.918	-4.626335	6792.815
62.34	60260.19	109481.6	2639.701	52719.92	177435.1	811.2456	28510.53	1432.028	3090.036	32467.26	66370.92	4093.95	-5.338078	1582.918	1.152166e+08	3.62531e+08	3268.327	2795.729	193.9502	583627.9	5983.562	-4.626335	7192.815	-5.338078	1582.918	-4.626335	7192.815
62.63	81921.19	26735.64	3140.701	62040.92	334633.1	3212.246	24506.53	2532.028	3491.036	34570.26	71183.92	4793.95	-5.338078	1782.918	1.198074e+08	3.264664e+08	2668.327	1895.729	193.9502	539349.9	7483.562	-4.626335	8192.815	-5.338078	1782.918	-4.626335	8192.815
62.92	98782.19	47872.64	2239.701	58933.92	482521.1	1611.246	23205.53	1932.028	890.0356	33268.26	79107.92	4393.95	-5.338078	1182.918	1.093574e+08	3.965944e+08	2068.327	4195.729	193.9502	459477.9	7383.562	-4.626335	6192.815	-5.338078	1182.918	-4.626335	6192.815
63.2	121984.2	36650.64	1839.701	57229.92	615289.1	911.2456	19902.53	1632.028	3290.036	27361.26	76298.92	6594.95	-5.338078	1082.918	1.346547e+08	3.545164e+08	1568.327	3695.729	93.95018	346883.9	9184.562	95.37366	6292.815	-5.338078	1082.918	95.37366	6292.815
63.49	127210.2	22830.64	4440.701	54222.92	736295.1	-789.7544	17700.53	1332.028	2890.036	25659.26	89040.92	5294.95	-5.338078	2282.918	1.313467e+08	3.665384e+08	2168.327	3595.729	293.9502	258928	8483.562	-4.626335	4591.815	-5.338078	2282.918	-4.626335	4591.815
63.77	122888.2	47471.64	1739.701	60136.92	658263.1	111.2456	22404.53	1832.028	4191.036	20855.26	89141.92	6194.95	-5.338078	1982.918	1.431637e+08	3.745531e+08	1968.327	3395.729	293.9502	211989	9984.562	-4.626335	3391.815	-5.338078	1982.918	-4.626335	3391.815
64.06	118166.2	21228.64	2539.701	58933.92	588454.1	-388.7544	26608.53	2232.028	3691.036	19854.26	91148.92	4493.95	-5.338078	1282.918	1.359875e+08	3.725494e+08	2068.327	3395.729	93.95018	161011	11585.56	-4.626335	4691.815	-5.338078	1282.918	-4.626335	4691.815
64.35	104806.2	20728.64	2439.701	60036.92	466623.1	-1089.754	20902.53	2832.028	3591.036	21355.26	81314.92	3293.95	-5.338078	1782.918	1.325173e+08	3.885793e+08	2668.327	3495.729	393.9502	144611	11385.56	95.37366	3891.815	-5.338078	1782.918	95.37366	3891.815
64.63	102698.2	44264.64	3240.701	69460.92	400999.1	211.2456	30012.53	2932.028	3290.036	22456.26	82719.92	1693.95	-5.338078	2282.918	1.349329e+08	3.565201e+08	2668.327	2595.729	93.95018	124101	11685.56	-4.626335	3591.815	-5.338078	2282.918	-4.626335	3591.815
64.92	85332.19	21829.64	1439.701	71566.92	340714.1	-88.75439	31314.53	2032.028	2490.036	25859.26	71685.92	1393.95	-5.338078	1382.918	1.394024e+08	4.086173e+08	2268.327	2595.729	93.95018	112446	10884.56	95.37366	4291.815	-5.338078	1382.918	95.37366	4291.815
65.2	73395.19	18525.64	1939.701	63544.92	271676.1	-588.7544	32616.53	2632.028	3190.036	23958.26	72387.92	3093.95	-5.338078	1782.918	1.32532e+08	3.424948e+08	3268.327	3295.729	193.9502	96579.95	10784.56	-4.626335	3991.815	-5.338078	1782.918	-4.626335	3991.815
65.49	63768.19	19526.64	3440.701	64848.92	208574.1	1911.246	27009.53	2232.028	3491.036	21455.26	70481.92	1693.95	-5.338078	2982.918	1.324295e+08	4.266523e+08	3568.327	2795.729	93.95018	77914.95	9984.562	-4.626335	3091.815	-5.338078	2982.918	-4.626335	3091.815
65.78	52943.19	41559.64	1539.701	53019.92	161125.1	-388.7544	31114.53	3332.028	2290.036	24758.26	59152.92	1293.95	-5.338078	3182.918	1.244624e+08	3.62531e+08	2968.327	1095.729	-6.049822	102905	10484.56	-4.626335	3091.815	-5.338078	3182.918	-4.626335	3091.815
66.06	47131.19	29939.64	3240.701	58432.92	124215.1	-288.7544	35019.53	2932.028	4191.036	26260.26	65869.92	1293.95	-5.338078	3382.918	1.304397e+08	3.444984e+08	3668.327	2395.729	393.9502	103006	8083.562	-4.626335	4691.815	-5.338078	3382.918	-4.626335	4691.815
66.35	42223.19	35849.64	1039.701	61138.92	95389.12	-88.75439	35620.53	2432.028	1890.036	29463.26	60756.92	1393.95	-5.338078	2782.918	1.167316e+08	3.104385e+08	2368.327	2395.729	-6.049822	97483.95	6783.562	-4.626335	2991.815	-5.338078	2782.918	-4.626335	2991.815
66.64	31307.19	24832.64	3040.701	56928.92	80436.12	211.2456	34318.53	2832.028	2890.036	32968.26	59954.92	693.9502	-5.338078	2682.918	1.099626e+08	3.004214e+08	2368.327	1395.729	193.9502	78315.95	5183.562	-4.626335	3291.815	-5.338078	2682.918	-4.626335	3291.815
66.92	27602.19	28337.64	239.7012	48510.92	70406.12	1011.246	33617.53	2332.028	2290.036	31566.26	51635.92	893.9502	-5.338078	3682.918	1.036709e+08	3.104385e+08	2668.327	2095.729	193.9502	128323	5083.562	-4.626335	3291.815	-5.338078	3682.918	-4.626335	3291.815
67.21	25100.19	32243.64	1739.701	42900.92	56270.12	2811.246	30213.53	1632.028	1590.036	24758.26	45724.92	2093.95	-5.338078	2182.918	9.469566e+07	3.12442e+08	2468.327	2195.729	93.95018	318307.9	6883.562	-4.626335	2791.815	-5.338078	2182.918	-4.626335	2791.815
67.49	18594.19	33845.64	2839.701	33885.92	50458.12	2311.246	29311.53	1932.028	2390.036	18753.26	45624.92	1393.95	-5.338078	2282.918	8.984771e+07	2.303068e+08	1468.327	1495.729	-6.049822	599906.9	7083.562	95.37366	3291.815	-5.338078	2282.918	95.37366	3291.815
67.78	17193.19	32143.64	2339.701	34386.92	38537.12	9915.246	27609.53	1632.028	2790.036	22456.26	48729.92	1993.95	-5.338078	1182.918	9.360974e+07	2.583515e+08	1168.327	2095.729	193.9502	991783.9	8483.562	-4.626335	4491.815	-5.338078	1182.918	-4.626335	4491.815
68.07	19495.19	25734.64	2139.701	38693.92	28924.12	21124.25	28711.53	2432.028	2690.036	30765.26	52738.92	1993.95	-5.338078	2282.918	1.090174e+08	3.264664e+08	1668.327	1995.729	93.95018	1232232	11985.56	-4.626335	4191.815	-5.338078	2282.918	-4.626335	4191.815
68.35	28203.19	37451.64	3040.701	64948.92	26821.12	38549.25	40728.53	1732.028	3290.036	37975.26	64164.92	4393.95	-5.338078	3082.918	1.22156e+08	3.024248e+08	2168.327	2595.729	-6.049822	1236327	11185.56	-4.626335	6192.815	-5.338078	3082.918	-4.626335	6192.815
68.64	32007.19	63511.64	1539.701	71867.92	25320.12	26230.25	36622.53	1232.028	3190.036	33268.26	60956.92	2293.95	-5.338078	2682.918	1.269165e+08	2.98418e+08	1668.327	3295.729	293.9502	1180105	10184.56	-4.626335	5792.815	-5.338078	2682.918	-4.626335	5792.815
68.92	30506.19	23631.64	2539.701	63444.92	22517.12	21224.25	33417.53	1832.028	2890.036	27962.26	65267.92	2193.95	-5.338078	4682.918	1.241266e+08	3.424948e+08	2068.327	2895.729	-6.049822	1123484	10784.56	-4.626335	5592.815	-5.338078	4682.918	-4.626335	5592.815
69.21	34811.19	17925.64	2539.701	58031.92	38036.12	14518.25	31314.53	2832.028	3491.036	26560.26	63462.92	4493.95	-5.338078	2882.918	1.190345e+08	3.304735e+08	2068.327	3095.729	-6.049822	1127039	11785.56	-4.626335	6292.815	-5.338078	2882.918	-4.626335	6292.815
69.49	42323.19	18926.64	2339.701	57429.92	65092.12	10916.25	32416.53	2232.028	3290.036	28662.26	68275.92	3493.95	-5.338078	2382.918	1.260691e+08	3.024248e+08	2768.327	2695.729	93.95018	961224.9	11485.56	95.37366	5192.815	-5.338078	2382.918	95.37366	5192.815
69.78	58956.19	18826.64	1739.701	60938.92	104525.1	6113.246	29712.53	3132.028	3390.036	23557.26	69077.92	3893.95	-5.338078	2882.918	1.313613e+08	3.785605e+08	2868.327	2995.729	93.95018	759868.9	12485.56	95.37366	5092.815	-5.338078	2882.918	95.37366	5092.815
70.07	59859.19	19326.64	2439.701	66452.92	149554.1	4612.246	30513.53	2332.028	3190.036	25259.26	80010.92	2293.95	-5.338078	1982.918	1.301911e+08	3.665384e+08	1968.327	3795.729	93.95018	657323.9	12685.56	-4.626335	5192.815	-5.338078	1982.918	-4.626335	5192.815
70.35	63969.19	19526.64	2039.701	64146.92	157603.1	4012.246	29111.53	3032.028	2690.036	23857.26	72487.92	4693.95	-5.338078	1182.918	1.40385e+08	3.565201e+08	2268.327	3095.729	93.95018	475880.9	13786.56	-4.626335	3691.815	-5.338078	1182.918	-4.626335	3691.815
70.64	70887.19	21428.64	1239.701	66452.92	190934.1	2911.246	28611.53	1932.028	2890.036	19354.26	78304.92	3293.95	-5.338078	1982.918	1.330589e+08	3.545164e+08	2168.327	2495.729	193.9502	407487.9	9384.562	-4.626335	3091.815	-5.338078	1982.918	-4.626335	3091.815
70.92	72392.19	16223.64	1739.701	54823.92	230364.1	4412.246	24806.53	2632.028	3991.036	15851.26	72286.92	3693.95	-5.338078	1682.918	1.280856e+08	3.344805e+08	1568.327	2495.729	-6.049822	294113.9	9584.562	-4.626335	3191.815	-5.338078	1682.918	-4.626335	3191.815
71.21	83326.19	15823.64	1339.701	47007.92	334734.1	611.2456	20402.53	3032.028	2490.036	14150.26	68977.92	5794.95	-5.338078	1682.918	1.316832e+08	3.545164e+08	2368.327	2995.729	293.9502	274087.9	10084.56	-4.626335	3691.815	-5.338078	1682.918	-4.626335	3691.815
71.5	85734.19	10719.64	1239.701	43100.92	460206.1	1311.246	17600.53	1632.028	3190.036	12249.26	75195.92	4693.95	-5.338078	1182.918	1.246669e+08	2.924078e+08	1668.327	3395.729	93.95018	220058	11985.56	-4.626335	3691.815	-5.338078	1182.918	-4.626335	3691.815
71.78	118568.2	13821.64	2839.701	48811.92	654055.1	1211.246	16199.53	2932.028	2790.036	18453.26	89141.92	6394.95	-5.338078	1082.918	1.334248e+08	3.62531e+08	1668.327	4095.729	93.95018	211283	10384.56	-4.626335	5292.815	-5.338078	1082.918	-4.626335	5292.815
72.07	120879.2	8818.641	2039.701	49312.92	808165.1	-488.7544	18901.53	2732.028	4091.036	19153.26	91951.92	5094.95	-5.338078	1582.918	1.267265e+08	3.545164e+08	1268.327	3495.729	193.9502	195757	10884.56	-4.626335	5092.815	-5.338078	1582.918	-4.626335	5092.815
72.35	124798.2	29739.64	1439.701	55124.92	756278.1	1811.246	13597.53	1532.028	3090.036	19354.26	81113.92	7394.95	-5.338078	1682.918	1.286411e+08	3.665384e+08	2868.327	5896.729	293.9502	204830	8583.562	-4.626335	6792.815	-5.338078	1682.918	-4.626335	6792.815
72.64	119673.2	103956.6	2839.701	59234.92	779681.1	1011.246	20802.53	2232.028	4691.036	24158.26	91248.92	12396.95	-5.338078	1382.918	1.224333e+08	3.364841e+08	2068.327	3895.729	393.9502	240849	10184.56	-4.626335	5792.815	-5.338078	1382.918	-4.626335	5792.815
72.93	112540.2	184842.6	2839.701	51115.92	656723.1	5713.246	15998.53	2132.028	3090.036	22456.26	64565.92	8594.95	94.66192	582.9182	1.11941e+08	3.064316e+08	2568.327	3195.729	193.9502	238123	8884.562	-4.626335	6892.815	94.66192	582.9182	-4.626335	6892.815
73.21	99886.19	274988.6	2539.701	48310.92	563182.1	4612.246	14597.53	1832.028	2490.036	19053.26	62961.92	7994.95	-5.338078	782.9182	8.447202e+07	2.743777e+08	3268.327	1495.729	-6.049822	188401	5083.562	-4.626335	3391.815	-5.338078	782.9182	-4.626335	3391.815
73.5	68280.19	190384.6	1539.701	34486.92	375101.1	3812.246	8794.526	1332.028	1590.036	11649.26	36409.92	4093.95	-5.338078	782.9182	6.350928e+07	2.022638e+08	2468.327	2095.729	293.9502	128222	4382.562	95.37366	2891.815	-5.338078	782.9182	95.37366	2891.815
73.78	53444.19	137727.6	839.7012	27377.92	294229.1	711.2456	6994.527	832.0284	1290.036	10548.26	30701.92	3593.95	-5.338078	882.9182	5.028408e+07	1.314646e+08	1068.327	895.7296	293.9502	93367.95	2682.562	95.37366	2591.815	-5.338078	882.9182	95.37366	2591.815
74.07	41221.19	86284.64	1439.701	19870.92	217651.1	911.2456	4793.527	-167.9716	690.0356	7047.263	27397.92	2293.95	-5.338078	582.9182	3.840484e+07	1.0329e+08	868.3274	1095.729	193.9502	72498.95	2882.562	-4.626335	1491.815	-5.338078	582.9182	-4.626335	1491.815
74.35	30906.19	56592.64	839.7012	14666.92	180054.1	911.2456	3893.527	432.0284	1190.036	5047.263	20691.92	2693.95	-5.338078	482.9182	2.871112e+07	8.364328e+07	568.3274	795.7296	-6.049822	64977.95	2782.562	-4.626335	591.8149	-5.338078	482.9182	-4.626335	591.8149
74.64	21596.19	53184.64	-160.2988	11964.92	140803.1	611.2456	2692.527	532.0284	1790.036	6047.263	15987.92	1493.95	-5.338078	382.9182	2.488933e+07	7.162081e+07	968.3274	695.7296	-6.049822	48740.95	1682.562	-4.626335	891.8149	-5.338078	382.9182	-4.626335	891.8149
74.93	19294.19	46369.64	39.70117	9063.922	114268.1	1111.246	1092.527	632.0284	590.0356	4746.263	10684.92	1493.95	-5.338078	82.91815	1.946919e+07	5.822822e+07	568.3274	795.7296	-6.049822	43631.95	1482.562	-4.626335	891.8149	-5.338078	82.91815	-4.626335	891.8149
75.21	16993.19	45968.64	-60.29883	6962.922	86055.12	-488.7544	1692.527	232.0284	690.0356	2546.263	11185.92	1293.95	-5.338078	482.9182	1.620975e+07	4.34668e+07	368.3274	795.7296	-6.049822	33716.95	1582.562	-4.626335	391.8149	-5.338078	482.9182	-4.626335	391.8149
75.5	11790.19	25133.64	-660.2988	5962.922	72412.12	11.24561	1792.527	432.0284	290.0356	2646.263	8583.918	993.9502	-5.338078	382.9182	1.36893e+07	3.65237e+07	468.3274	895.7296	-6.049822	24505.95	1682.562	-4.626335	591.8149	-5.338078	382.9182	-4.626335	591.8149
75.78	9589.188	18025.64	-460.2988	3261.922	59779.12	-1289.754	2392.527	132.0284	90.03564	1446.263	6883.918	493.9502	-5.338078	182.9182	1.077461e+07	3.035071e+07	68.3274	295.7295	193.9502	19000.95	282.5623	-4.626335	691.8149	-5.338078	182.9182	-4.626335	691.8149
76.07	7988.188	12820.64	-1061.299	4962.922	46851.12	811.2456	992.5267	232.0284	590.0356	1946.263	5583.918	493.9502	-5.338078	182.9182	8993026	2.448774e+07	168.3274	-4.270463	-6.049822	21402.95	382.5623	-4.626335	-8.185054	-5.338078	182.9182	-4.626335	-8.185054
76.35	6688.188	10819.64	-260.2988	2961.922	42443.12	-1589.754	1092.527	432.0284	190.0356	1746.263	5183.918	393.9502	94.66192	-17.08185	7226470	2.09689e+07	68.3274	195.7295	-6.049822	16699.95	182.5623	-4.626335	-8.185054	94.66192	-17.08185	-4.626335	-8.185054
76.64	5088.188	12220.64	-1061.299	2461.922	38437.12	511.2456	392.5267	332.0284	690.0356	946.2634	4282.918	293.9502	-5.338078	-17.08185	6958030	1.283338e+07	68.3274	195.7295	-6.049822	10295.95	582.5623	-4.626335	291.8149	-5.338078	-17.08185	-4.626335	291.8149
76.93	3387.189	8017.641	-160.2988	2461.922	26021.12	-1089.754	792.5267	-67.97156	-209.9644	646.2634	3482.918	293.9502	-5.338078	-17.08185	6505968	1.303228e+07	168.3274	195.7295	93.95018	11196.95	282.5623	95.37366	591.8149	-5.338078	-17.08185	95.37366	591.8149
77.21	4887.188	34947.64	-460.2988	2161.922	20716.12	-689.7544	1092.527	632.0284	390.0356	846.2634	2682.918	393.9502	-5.338078	-17.08185	3484290	1.09444e+07	-31.6726	95.72954	-6.049822	9495.95	382.5623	95.37366	-8.185054	-5.338078	-17.08185	95.37366	-8.185054
77.5	4487.188	5916.641	-1661.299	961.9218	17413.12	-1589.754	-7.473267	232.0284	-9.964355	1446.263	2282.918	293.9502	-5.338078	-17.08185	4317112	9297689	-31.6726	95.72954	-6.049822	8795.95	182.5623	-4.626335	91.81495	-5.338078	-17.08185	-4.626335	91.81495
77.78	2287.189	5816.641	-360.2988	961.9218	11710.12	-889.7544	-307.4733	-167.9716	-309.9644	646.2634	1982.918	-6.049822	-5.338078	-17.08185	3159686	7424778	268.3274	195.7295	-6.049822	7294.95	82.56228	-4.626335	-8.185054	-5.338078	-17.08185	-4.626335	-8.185054
78.07	1987.189	2415.641	-961.2988	961.9218	10909.12	-889.7544	692.5267	-67.97156	90.03564	346.2633	1382.918	-6.049822	-5.338078	-17.08185	2552894	6942522	-31.6726	95.72954	-6.049822	4893.95	82.56228	-4.626335	91.81495	-5.338078	-17.08185	-4.626335	91.81495
78.36	1387.189	1914.641	-1161.299	361.9218	12110.12	-689.7544	92.52673	-267.9716	-209.9644	546.2634	1082.918	93.95018	-5.338078	82.91815	2397684	6814877	68.3274	95.72954	93.95018	6794.95	82.56228	-4.626335	91.81495	-5.338078	82.91815	-4.626335	91.81495
78.64	1187.189	4015.641	-1961.299	-138.0782	7308.118	-889.7544	1492.527	32.02844	190.0356	46.26334	782.9182	693.9502	-5.338078	-17.08185	1932099	4773182	68.3274	95.72954	-6.049822	3993.95	-17.43772	-4.626335	-8.185054	-5.338078	-17.08185	-4.626335	-8.185054
78.93	1787.189	3115.641	-1561.299	-138.0782	7708.118	-989.7544	-7.473267	32.02844	190.0356	46.26334	1282.918	-6.049822	-5.338078	82.91815	1438362	3511889	68.3274	-4.270463	-6.049822	4393.95	182.5623	-4.626335	-8.185054	-5.338078	82.91815	-4.626335	-8.185054
79.21	1487.189	814.6406	-460.2988	761.9218	4307.118	-1089.754	92.52673	-67.97156	-209.9644	546.2634	782.9182	293.9502	-5.338078	-17.08185	1367834	2831828	-31.6726	-4.270463	-6.049822	2293.95	182.5623	-4.626335	91.81495	-5.338078	-17.08185	-4.626335	91.81495
79.5	787.1886	714.6406	-1461.299	-138.0782	4207.118	-1789.754	392.5267	332.0284	-9.964355	346.2633	282.9182	93.95018	-5.338078	-17.08185	1172647	2690164	68.3274	195.7295	-6.049822	2393.95	82.56228	-4.626335	-8.185054	-5.338078	-17.08185	-4.626335	-8.185054
79.79	1087.189	1814.641	-560.2988	261.9218	7208.118	-889.7544	-307.4733	32.02844	-309.9644	246.2633	382.9182	-6.049822	-5.338078	-17.08185	902385.4	2775162	-31.6726	-4.270463	-6.049822	1693.95	-17.43772	-4.626335	91.81495	-5.338078	-17.08185	-4.626335	91.81495
80.07	487.1886	3315.641	-560.2988	661.9218	4807.118	-2089.754	92.52673	-367.9716	-409.9644	46.26334	482.9182	93.95018	-5.338078	-17.08185	1522998	2321867	-31.6726	95.72954	-6.049822	1493.95	82.56228	-4.626335	-8.185054	-5.338078	-17.08185	-4.626335	-8.185054
80.36	487.1886	14.64062	-961.2988	361.9218	4507.118	-2589.754	-107.4733	-67.97156	-409.9644	246.2633	82.91815	-6.049822	-5.338078	-17.08185	663153.4	1217205	68.3274	-4.270463	-6.049822	2593.95	-17.43772	-4.626335	-8.185054	-5.338078	-17.08185	-4.626335	-8.185054
80.65	-12.81139	1914.641	-1361.299	361.9218	3107.117	-989.7544	-7.473267	232.0284	690.0356	-53.73666	282.9182	-6.049822	-5.338078	182.9182	498390.4	1670358	-31.6726	-4.270463	-6.049822	1393.95	-17.43772	-4.626335	-8.185054	-5.338078	182.9182	-4.626335	-8.185054
80.94	687.1886	714.6406	-1661.299	-138.0782	2707.117	-1789.754	292.5267	-267.9716	290.0356	46.26334	182.9182	93.95018	-5.338078	-17.08185	440010.4	1443774	-31.6726	-4.270463	93.95018	1393.95	-17.43772	-4.626335	-8.185054	-5.338078	-17.08185	-4.626335	-8.185054
81.22	787.1886	1414.641	-961.2988	1061.922	1607.117	-989.7544	-707.4733	432.0284	390.0356	246.2633	82.91815	-6.049822	-5.338078	-17.08185	327401.4	1528742	-31.6726	-4.270463	-6.049822	893.9502	82.56228	-4.626335	-8.185054	-5.338078	-17.08185	-4.626335	-8.185054
81.52	187.1886	514.6406	-1361.299	61.92175	1107.117	-1789.754	-107.4733	32.02844	-309.9644	46.26334	582.9182	-6.049822	-5.338078	-17.08185	281880.4	976490.8	-31.6726	-4.270463	-6.049822	393.9502	-17.43772	-4.626335	-8.185054	-5.338078	-17.08185	-4.626335	-8.185054
81.81	187.1886	-185.3594	-1661.299	161.9218	2607.117	-1089.754	-607.4733	132.0284	-209.9644	-53.73666	82.91815	-6.049822	-5.338078	-17.08185	285491.4	1415452	-31.6726	95.72954	-6.049822	493.9502	-17.43772	-4.626335	-8.185054	-5.338078	-17.08185	-4.626335	-8.185054
82.1	487.1886	814.6406	-60.29883	61.92175	2207.117	-1489.754	92.52673	-67.97156	790.0356	-53.73666	182.9182	-6.049822	-5.338078	-17.08185	215293.4	735793.8	-31.6726	-4.270463	-6.049822	1193.95	-17.43772	-4.626335	-8.185054	-5.338078	-17.08185	-4.626335	-8.185054
82.39	187.1886	214.6406	-1261.299	761.9218	1807.117	-2189.754	-407.4733	32.02844	-209.9644	46.26334	82.91815	-6.049822	-5.338078	-17.08185	179109.4	254447.8	-31.6726	-4.270463	-6.049822	693.9502	-17.43772	-4.626335	91.81495	-5.338078	-17.08185	-4.626335	91.81495
82.67	87.18861	714.6406	439.7012	361.9218	407.1174	-1489.754	-107.4733	-467.9716	-309.9644	346.2633	182.9182	-6.049822	-5.338078	-17.08185	215898.4	339385.8	68.3274	-4.270463	-6.049822	393.9502	82.56228	-4.626335	-8.185054	-5.338078	-17.08185	-4.626335	-8.185054
82.96	387.1886	-1185.359	-1361.299	61.92175	607.1174	-2089.754	-7.473267	32.02844	290.0356	46.26334	82.91815	-6.049822	-5.338078	-17.08185	117847.4	84576.77	-31.6726	-4.270463	-6.049822	-6.049822	-17.43772	-4.626335	-8.185054	-5.338078	-17.08185	-4.626335	-8.185054
83.25	87.18861	1314.641	-961.2988	161.9218	407.1174	-288.7544	-107.4733	32.02844	590.0356	-53.73666	82.91815	93.95018	-5.338078	-17.08185	187369.4	424326.8	68.3274	-4.270463	-6.049822	493.9502	-17.43772	-4.626335	-8.185054	-5.338078	-17.08185	-4.626335	-8.185054
83.54	-12.81139	214.6406	-961.2988	-238.0782	207.1174	-588.7544	-1107.473	-267.9716	-109.9644	46.26334	182.9182	-6.049822	94.66192	-17.08185	67561.4	396012.8	68.3274	-4.270463	-6.049822	393.9502	-17.43772	-4.626335	-8.185054	94.66192	-17.08185	-4.626335	-8.185054
83.82	387.1886	414.6406	-961.2988	-238.0782	107.1174	-1189.754	-507.4733	-67.97156	90.03564	146.2633	182.9182	-6.049822	-5.338078	82.91815	159276.4	238277.8	-31.6726	-4.270463	-6.049822	-6.049822	-17.43772	-4.626335	91.81495	-5.338078	82.91815	-4.626335	91.81495
84.11	-12.81139	614.6406	-861.2988	761.9218	407.1174	-1789.754	292.5267	32.02844	-709.9644	-53.73666	182.9182	-6.049822	-5.338078	-17.08185	86318.4	155354.8	-31.6726	95.72954	-6.049822	-6.049822	-17.43772	-4.626335	-8.185054	-5.338078	-17.08185	-4.626335	-8.185054
84.4	-12.81139	414.6406	-60.29883	-238.0782	607.1174	-2089.754	-7.473267	132.0284	-109.9644	-53.73666	82.91815	-6.049822	-5.338078	-17.08185	55631.39	197822.8	-31.6726	-4.270463	-6.049822	93.95018	-17.43772	-4.626335	-8.185054	-5.338078	-17.08185	-4.626335	-8.185054
84.69	87.18861	314.6406	-560.2988	-38.07825	107.1174	-1189.754	392.5267	232.0284	590.0356	-53.73666	82.91815	-6.049822	-5.338078	-17.08185	90433.4	127043.8	-31.6726	-4.270463	-6.049822	293.9502	82.56228	-4.626335	91.81495	-5.338078	-17.08185	-4.626335	91.81495
84.98	287.1886	814.6406	239.7012	-238.0782	307.1174	-1089.754	-207.4733	32.02844	90.03564	46.26334	82.91815	-6.049822	-5.338078	-17.08185	89128.4	56264.77	-31.6726	-4.270463	-6.049822	-6.049822	-17.43772	-4.626335	-8.185054	-5.338078	-17.08185	-4.626335	-8.185054
85.27	-12.81139	-485.3594	-2161.299	-338.0782	207.1174	-388.7544	-407.4733	-267.9716	590.0356	-53.73666	-17.08185	-6.049822	-5.338078	-17.08185	92340.4	205285.8	-31.6726	-4.270463	-6.049822	-6.049822	-17.43772	-4.626335	-8.185054	-5.338078	-17.08185	-4.626335	-8.185054
85.55	-12.81139	1214.641	-861.2988	161.9218	407.1174	-1189.754	92.52673	-167.9716	-309.9644	-53.73666	-17.08185	-6.049822	-5.338078	-17.08185	21979.39	107073.8	68.3274	-4.270463	-6.049822	93.95018	-17.43772	-4.626335	-8.185054	-5.338078	-17.08185	-4.626335	-8.185054
85.84	187.1886	-585.3594	-1861.299	461.9218	7.117439	-1989.754	-1107.473	-267.9716	690.0356	46.26334	82.91815	-6.049822	-5.338078	-17.08185	26583.39	197822.8	-31.6726	-4.270463	-6.049822	93.95018	-17.43772	-4.626335	-8.185054	-5.338078	-17.08185	-4.626335	-8.185054
86.13	187.1886	-385.3594	-1661.299	-238.0782	-92.88256	-1989.754	-307.4733	-167.9716	290.0356	-53.73666	82.91815	-6.049822	-5.338078	-17.08185	72474.4	268603.8	-31.6726	-4.270463	-6.049822	93.95018	-17.43772	-4.626335	-8.185054	-5.338078	-17.08185	-4.626335	-8.185054
86.43	-12.81139	2214.641	-1361.299	-338.0782	607.1174	-1589.754	92.52673	432.0284	490.0356	-53.73666	-17.08185	-6.049822	-5.338078	-17.08185	31189.39	254447.8	-31.6726	-4.270463	-6.049822	-6.049822	-17.43772	-4.626335	-8.185054	-5.338078	-17.08185	-4.626335	-8.185054
86.71	-12.81139	714.6406	-1361.299	161.9218	407.1174	111.2456	-507.4733	-167.9716	-209.9644	-53.73666	82.91815	-6.049822	94.66192	-17.08185	42806.39	33666.77	68.3274	-4.270463	-6.049822	-6.049822	-17.43772	-4.626335	-8.185054	94.66192	-17.08185	-4.626335	-8.185054
87	87.18861	114.6406	-961.2988	-438.0782	407.1174	-1189.754	92.52673	-267.9716	490.0356	46.26334	-17.08185	93.95018	-5.338078	-17.08185	26783.39	95326.77	-31.6726	-4.270463	-6.049822	-6.049822	-17.43772	-4.626335	-8.185054	-5.338078	-17.08185	-4.626335	-8.185054
87.28	-12.81139	214.6406	-1161.299	61.92175	7.117439	-88.75439	-407.4733	32.02844	-409.9644	246.2633	82.91815	-6.049822	-5.338078	-17.08185	28485.39	36771.77	-31.6726	-4.270463	-6.049822	-6.049822	-17.43772	-4.626335	-8.185054	-5.338078	-17.08185	-4.626335	-8.185054
87.57	-12.81139	1014.641	-1261.299	-538.0782	-92.88256	-1289.754	-207.4733	-167.9716	-9.964355	146.2633	-17.08185	-6.049822	-5.338078	-17.08185	76687.4	29661.77	-31.6726	-4.270463	-6.049822	-6.049822	-17.43772	-4.626335	-8.185054	-5.338078	-17.08185	-4.626335	-8.185054
87.86	87.18861	-385.3594	-60.29883	-538.0782	-92.88256	-789.7544	-307.4733	-167.9716	-609.9644	-53.73666	-17.08185	-6.049822	-5.338078	-17.08185	10571.39	13798.77	-31.6726	-4.270463	93.95018	93.95018	-17.43772	-4.626335	-8.185054	-5.338078	-17.08185	-4.626335	-8.185054
88.15	-12.81139	-185.3594	-160.2988	-438.0782	-92.88256	-1889.754	-307.4733	-67.97156	90.03564	46.26334	-17.08185	-6.049822	-5.338078	-17.08185	32390.39	81677.77	-31.6726	-4.270463	-6.049822	93.95018	-17.43772	-4.626335	-8.185054	-5.338078	-17.08185	-4.626335	-8.185054
88.43	-12.81139	14.64062	-1161.299	661.9218	7.117439	-1489.754	492.5267	332.0284	-409.9644	46.26334	-17.08185	-6.049822	-5.338078	-17.08185	54529.39	1343.772	-31.6726	-4.270463	-6.049822	-6.049822	-17.43772	-4.626335	-8.185054	-5.338078	-17.08185	-4.626335	-8.185054
88.72	-12.81139	2014.641	-1161.299	-438.0782	7.117439	-2089.754	-307.4733	-367.9716	90.03564	46.26334	82.91815	-6.049822	-5.338078	-17.08185	75383.4	111292.8	-31.6726	95.72954	-6.049822	-6.049822	-17.43772	-4.626335	-8.185054	-5.338078	-17.08185	-4.626335	-8.185054
89	-12.81139	114.6406	-460.2988	261.9218	-92.88256	-1389.754	-107.4733	32.02844	590.0356	-53.73666	-17.08185	-6.049822	-5.338078	-17.08185	16975.39	14648.77	-31.6726	-4.270463	-6.049822	-6.049822	-17.43772	-4.626335	-8.185054	-5.338078	-17.08185	-4.626335	-8.185054
