ElapsedTime_s	Ti49_CPS	Al27_CPS	S33_CPS	Sc45_CPS	V51_CPS	Mn55_CPS	Fe57_CPS	Co59_CPS	Ni60_CPS	Ga71_CPS	Zr90_CPS	Nb93_CPS	Mo97_CPS	In113_CPS	Sn119_CPS	Sn118_CPS	Sb121_CPS	Hf177_CPS	Ta181_CPS	W183_CPS	Pb206_CPS	Th232_CPS	U238_CPS	Tc97_CPS	Cd113_CPS	U232_CPS	Pu238_CPS
0	-12.81139	114.6406	-1861.299	-38.07825	107.1174	-889.7544	-607.4733	-367.9716	390.0356	-53.73666	-17.08185	-6.049822	-5.338078	-17.08185	369.395	127043.8	68.3274	-4.270463	-6.049822	193.9502	-17.43772	-4.626335	-8.185054	-5.338078	-17.08185	-4.626335	-8.185054
																											
13.15	-12.81139	414.6406	-60.29883	361.9218	107.1174	-689.7544	-307.4733	32.02844	-509.9644	-53.73666	-17.08185	-6.049822	-5.338078	-17.08185	-130.605	343.7722	68.3274	-4.270463	-6.049822	-6.049822	-17.43772	-4.626335	-8.185054	-5.338078	-17.08185	-4.626335	-8.185054
13.44	-12.81139	14.64062	-1161.299	61.92175	7.117439	-789.7544	692.5267	132.0284	-809.9644	46.26334	-17.08185	-6.049822	-5.338078	82.91815	169.395	14147.77	-31.6726	-4.270463	-6.049822	-6.049822	-17.43772	-4.626335	-8.185054	-5.338078	82.91815	-4.626335	-8.185054
13.72	-12.81139	14.64062	-360.2988	261.9218	-92.88256	-1089.754	-507.4733	-367.9716	-709.9644	46.26334	-17.08185	-6.049822	-5.338078	-17.08185	269.395	143.7722	-31.6726	95.72954	-6.049822	-6.049822	82.56228	-4.626335	-8.185054	-5.338078	-17.08185	-4.626335	-8.185054
14.01	-12.81139	-285.3594	739.7012	61.92175	-92.88256	-1189.754	92.52673	32.02844	-309.9644	-53.73666	-17.08185	-6.049822	-5.338078	-17.08185	3869.395	-156.2278	-31.6726	-4.270463	-6.049822	-6.049822	-17.43772	-4.626335	-8.185054	-5.338078	-17.08185	-4.626335	-8.185054
14.29	-12.81139	1314.641	639.7012	61.92175	7.117439	-588.7544	-807.4733	-267.9716	90.03564	-53.73666	-17.08185	-6.049822	-5.338078	-17.08185	69.39502	-156.2278	-31.6726	-4.270463	-6.049822	93.95018	-17.43772	-4.626335	-8.185054	-5.338078	-17.08185	-4.626335	-8.185054
14.58	-12.81139	-85.35938	-761.2988	-238.0782	107.1174	-88.75439	-207.4733	-267.9716	-509.9644	-53.73666	82.91815	-6.049822	-5.338078	-17.08185	-30.60498	143.7722	-31.6726	-4.270463	-6.049822	-6.049822	-17.43772	-4.626335	-8.185054	-5.338078	-17.08185	-4.626335	-8.185054
14.87	87.18861	614.6406	639.7012	161.9218	7.117439	-1389.754	-407.4733	-667.9716	-509.9644	-53.73666	82.91815	-6.049822	-5.338078	-17.08185	69.39502	43.77225	-31.6726	-4.270463	-6.049822	-6.049822	-17.43772	-4.626335	-8.185054	-5.338078	-17.08185	-4.626335	-8.185054
15.15	-12.81139	214.6406	-160.2988	161.9218	7.117439	-889.7544	292.5267	432.0284	-109.9644	-53.73666	-17.08185	-6.049822	-5.338078	-17.08185	169.395	143.7722	-31.6726	-4.270463	-6.049822	-6.049822	-17.43772	-4.626335	-8.185054	-5.338078	-17.08185	-4.626335	-8.185054
15.44	-12.81139	-1386.359	-961.2988	161.9218	-92.88256	-1489.754	92.52673	332.0284	390.0356	-53.73666	-17.08185	-6.049822	-5.338078	-17.08185	-130.605	443.7722	-31.6726	-4.270463	-6.049822	-6.049822	-17.43772	-4.626335	-8.185054	-5.338078	-17.08185	-4.626335	-8.185054
15.72	-12.81139	-585.3594	-360.2988	-38.07825	-92.88256	-488.7544	-307.4733	-67.97156	-209.9644	246.2633	182.9182	-6.049822	-5.338078	-17.08185	169.395	-156.2278	68.3274	-4.270463	-6.049822	-6.049822	-17.43772	-4.626335	91.81495	-5.338078	-17.08185	-4.626335	91.81495
16	-12.81139	2415.641	-560.2988	161.9218	-92.88256	-989.7544	-7.473267	32.02844	690.0356	-53.73666	-17.08185	-6.049822	-5.338078	-17.08185	-30.60498	243.7722	68.3274	-4.270463	-6.049822	-6.049822	-17.43772	-4.626335	-8.185054	-5.338078	-17.08185	-4.626335	-8.185054
16.29	-12.81139	-185.3594	-360.2988	561.9218	-92.88256	-789.7544	92.52673	-67.97156	290.0356	-53.73666	-17.08185	93.95018	-5.338078	-17.08185	-30.60498	143.7722	-31.6726	-4.270463	-6.049822	493.9502	-17.43772	-4.626335	-8.185054	-5.338078	-17.08185	-4.626335	-8.185054
16.57	-12.81139	1014.641	39.70117	-138.0782	7.117439	-1189.754	392.5267	32.02844	490.0356	-53.73666	-17.08185	93.95018	-5.338078	-17.08185	-30.60498	43.77225	-31.6726	-4.270463	-6.049822	-6.049822	-17.43772	95.37366	-8.185054	-5.338078	-17.08185	95.37366	-8.185054
16.86	-12.81139	-1886.359	-761.2988	-538.0782	-92.88256	-1789.754	-207.4733	132.0284	-309.9644	-53.73666	-17.08185	-6.049822	-5.338078	-17.08185	369.395	343.7722	68.3274	-4.270463	-6.049822	-6.049822	-17.43772	-4.626335	-8.185054	-5.338078	-17.08185	-4.626335	-8.185054
17.15	87.18861	14.64062	139.7012	-238.0782	107.1174	-1089.754	-207.4733	732.0284	-109.9644	146.2633	-17.08185	-6.049822	-5.338078	-17.08185	2369.395	-56.22775	68.3274	-4.270463	-6.049822	-6.049822	-17.43772	-4.626335	-8.185054	-5.338078	-17.08185	-4.626335	-8.185054
17.43	-12.81139	-85.35938	739.7012	-38.07825	7.117439	511.2456	-607.4733	32.02844	-409.9644	46.26334	-17.08185	-6.049822	-5.338078	82.91815	-30.60498	-56.22775	-31.6726	-4.270463	-6.049822	-6.049822	-17.43772	-4.626335	-8.185054	-5.338078	82.91815	-4.626335	-8.185054
17.72	-12.81139	-85.35938	-1561.299	-138.0782	7.117439	-1889.754	-307.4733	-267.9716	390.0356	-53.73666	82.91815	-6.049822	94.66192	-17.08185	269.395	-156.2278	-31.6726	-4.270463	-6.049822	-6.049822	-17.43772	95.37366	-8.185054	94.66192	-17.08185	95.37366	-8.185054
18	-12.81139	-385.3594	1039.701	561.9218	-92.88256	-1289.754	-507.4733	32.02844	-409.9644	-53.73666	-17.08185	-6.049822	-5.338078	-17.08185	369.395	-56.22775	-31.6726	-4.270463	-6.049822	-6.049822	-17.43772	95.37366	-8.185054	-5.338078	-17.08185	95.37366	-8.185054
18.29	-12.81139	-85.35938	-761.2988	-438.0782	-92.88256	-488.7544	-207.4733	-167.9716	390.0356	46.26334	-17.08185	-6.049822	-5.338078	-17.08185	25883.39	43.77225	168.3274	-4.270463	-6.049822	-6.049822	-17.43772	-4.626335	-8.185054	-5.338078	-17.08185	-4.626335	-8.185054
18.57	-12.81139	-385.3594	839.7012	-38.07825	-92.88256	511.2456	-107.4733	-67.97156	-409.9644	46.26334	-17.08185	-6.049822	-5.338078	-17.08185	469.395	43.77225	168.3274	-4.270463	-6.049822	-6.049822	-17.43772	-4.626335	-8.185054	-5.338078	-17.08185	-4.626335	-8.185054
18.86	-12.81139	14.64062	-60.29883	61.92175	-92.88256	-989.7544	792.5267	-167.9716	-509.9644	-53.73666	-17.08185	-6.049822	-5.338078	-17.08185	269.395	143.7722	-31.6726	-4.270463	-6.049822	-6.049822	-17.43772	-4.626335	-8.185054	-5.338078	-17.08185	-4.626335	-8.185054
19.14	-12.81139	-285.3594	439.7012	61.92175	7.117439	811.2456	-507.4733	232.0284	490.0356	46.26334	-17.08185	-6.049822	-5.338078	-17.08185	10471.39	-56.22775	-31.6726	-4.270463	-6.049822	-6.049822	-17.43772	-4.626335	-8.185054	-5.338078	-17.08185	-4.626335	-8.185054
19.43	-12.81139	-285.3594	139.7012	-338.0782	7.117439	-1789.754	192.5267	-67.97156	-409.9644	46.26334	-17.08185	-6.049822	-5.338078	-17.08185	-130.605	-156.2278	-31.6726	-4.270463	-6.049822	-6.049822	-17.43772	-4.626335	-8.185054	-5.338078	-17.08185	-4.626335	-8.185054
19.71	-12.81139	114.6406	-460.2988	-238.0782	107.1174	811.2456	-207.4733	332.0284	-609.9644	-53.73666	82.91815	-6.049822	-5.338078	-17.08185	-130.605	443.7722	68.3274	-4.270463	-6.049822	-6.049822	-17.43772	-4.626335	-8.185054	-5.338078	-17.08185	-4.626335	-8.185054
20	87.18861	114.6406	1339.701	361.9218	7.117439	-789.7544	-507.4733	-67.97156	-9.964355	-53.73666	-17.08185	-6.049822	94.66192	-17.08185	169.395	43.77225	-31.6726	-4.270463	-6.049822	-6.049822	-17.43772	-4.626335	-8.185054	94.66192	-17.08185	-4.626335	-8.185054
20.28	-12.81139	714.6406	-160.2988	761.9218	-92.88256	-588.7544	-207.4733	132.0284	-509.9644	46.26334	-17.08185	-6.049822	-5.338078	-17.08185	-130.605	-56.22775	-31.6726	-4.270463	-6.049822	-6.049822	-17.43772	-4.626335	-8.185054	-5.338078	-17.08185	-4.626335	-8.185054
20.57	-12.81139	-185.3594	-1061.299	-538.0782	7.117439	-488.7544	-7.473267	332.0284	390.0356	-53.73666	-17.08185	-6.049822	94.66192	-17.08185	69.39502	243.7722	-31.6726	-4.270463	-6.049822	-6.049822	-17.43772	-4.626335	-8.185054	94.66192	-17.08185	-4.626335	-8.185054
20.85	-12.81139	-1285.359	-460.2988	-438.0782	-92.88256	-1789.754	492.5267	-367.9716	190.0356	-53.73666	-17.08185	-6.049822	-5.338078	-17.08185	-130.605	-156.2278	-31.6726	-4.270463	-6.049822	-6.049822	-17.43772	-4.626335	-8.185054	-5.338078	-17.08185	-4.626335	-8.185054
21.14	-12.81139	14.64062	239.7012	461.9218	207.1174	511.2456	-107.4733	232.0284	-209.9644	246.2633	-17.08185	-6.049822	-5.338078	82.91815	-130.605	41177.77	-31.6726	-4.270463	-6.049822	-6.049822	-17.43772	-4.626335	-8.185054	-5.338078	82.91815	-4.626335	-8.185054
21.42	-12.81139	1614.641	-360.2988	-238.0782	-92.88256	-388.7544	-207.4733	32.02844	390.0356	146.2633	-17.08185	-6.049822	-5.338078	-17.08185	-130.605	-56.22775	268.3274	-4.270463	-6.049822	693.9502	-17.43772	-4.626335	-8.185054	-5.338078	-17.08185	-4.626335	-8.185054
21.71	-12.81139	-85.35938	939.7012	561.9218	7.117439	-88.75439	-307.4733	232.0284	90.03564	46.26334	-17.08185	-6.049822	-5.338078	-17.08185	-130.605	143.7722	-31.6726	-4.270463	-6.049822	-6.049822	-17.43772	-4.626335	91.81495	-5.338078	-17.08185	-4.626335	91.81495
21.99	-12.81139	514.6406	-761.2988	161.9218	107.1174	-889.7544	-607.4733	232.0284	-109.9644	-53.73666	-17.08185	-6.049822	-5.338078	-17.08185	-30.60498	-156.2278	-31.6726	-4.270463	-6.049822	-6.049822	82.56228	-4.626335	-8.185054	-5.338078	-17.08185	-4.626335	-8.185054
22.28	-12.81139	1414.641	-160.2988	161.9218	7.117439	-1589.754	92.52673	532.0284	-109.9644	46.26334	82.91815	-6.049822	-5.338078	-17.08185	-30.60498	-156.2278	-31.6726	-4.270463	-6.049822	-6.049822	-17.43772	-4.626335	-8.185054	-5.338078	-17.08185	-4.626335	-8.185054
22.56	-12.81139	1314.641	-761.2988	61.92175	107.1174	-889.7544	-307.4733	32.02844	-9.964355	-53.73666	-17.08185	-6.049822	-5.338078	-17.08185	69.39502	-156.2278	-31.6726	-4.270463	-6.049822	-6.049822	-17.43772	-4.626335	-8.185054	-5.338078	-17.08185	-4.626335	-8.185054
22.85	-12.81139	-485.3594	239.7012	-138.0782	7.117439	-1389.754	-707.4733	-367.9716	590.0356	-53.73666	-17.08185	-6.049822	-5.338078	-17.08185	69.39502	-56.22775	-31.6726	-4.270463	-6.049822	-6.049822	-17.43772	-4.626335	-8.185054	-5.338078	-17.08185	-4.626335	-8.185054
23.13	-12.81139	-1085.359	-160.2988	661.9218	7.117439	-789.7544	592.5267	32.02844	890.0356	46.26334	-17.08185	-6.049822	-5.338078	-17.08185	-130.605	43.77225	-31.6726	-4.270463	-6.049822	-6.049822	-17.43772	-4.626335	-8.185054	-5.338078	-17.08185	-4.626335	-8.185054
23.42	-12.81139	-1185.359	639.7012	161.9218	7.117439	-488.7544	-507.4733	32.02844	-409.9644	-53.73666	-17.08185	-6.049822	-5.338078	-17.08185	69.39502	-56.22775	-31.6726	-4.270463	-6.049822	-6.049822	-17.43772	-4.626335	-8.185054	-5.338078	-17.08185	-4.626335	-8.185054
23.7	-12.81139	-385.3594	-961.2988	-538.0782	-92.88256	-1189.754	-707.4733	-67.97156	-9.964355	-53.73666	-17.08185	-6.049822	-5.338078	-17.08185	169.395	-156.2278	-31.6726	-4.270463	-6.049822	-6.049822	82.56228	-4.626335	-8.185054	-5.338078	-17.08185	-4.626335	-8.185054
23.99	-12.81139	-1285.359	-2361.299	-138.0782	-92.88256	-2189.754	292.5267	-67.97156	-409.9644	46.26334	82.91815	-6.049822	-5.338078	-17.08185	-30.60498	-56.22775	-31.6726	-4.270463	-6.049822	-6.049822	-17.43772	-4.626335	-8.185054	-5.338078	-17.08185	-4.626335	-8.185054
24.27	-12.81139	514.6406	-1261.299	161.9218	-92.88256	-889.7544	-907.4733	-167.9716	290.0356	46.26334	-17.08185	-6.049822	-5.338078	-17.08185	-130.605	-156.2278	68.3274	-4.270463	-6.049822	-6.049822	-17.43772	-4.626335	-8.185054	-5.338078	-17.08185	-4.626335	-8.185054
24.56	187.1886	-985.3594	139.7012	261.9218	-92.88256	-989.7544	-107.4733	-367.9716	-109.9644	-53.73666	-17.08185	-6.049822	-5.338078	-17.08185	-30.60498	543.7722	-31.6726	-4.270463	-6.049822	-6.049822	-17.43772	-4.626335	-8.185054	-5.338078	-17.08185	-4.626335	-8.185054
24.84	-12.81139	914.6406	39.70117	-238.0782	107.1174	111.2456	-507.4733	-167.9716	-109.9644	-53.73666	-17.08185	-6.049822	-5.338078	-17.08185	-30.60498	-156.2278	-31.6726	-4.270463	-6.049822	-6.049822	-17.43772	-4.626335	-8.185054	-5.338078	-17.08185	-4.626335	-8.185054
25.13	-12.81139	-785.3594	-560.2988	-438.0782	207.1174	-1189.754	-207.4733	-367.9716	-9.964355	146.2633	-17.08185	-6.049822	-5.338078	-17.08185	-30.60498	-156.2278	-31.6726	-4.270463	-6.049822	-6.049822	-17.43772	-4.626335	-8.185054	-5.338078	-17.08185	-4.626335	-8.185054
25.41	-12.81139	714.6406	-460.2988	-238.0782	107.1174	-488.7544	-307.4733	-267.9716	290.0356	46.26334	-17.08185	-6.049822	-5.338078	-17.08185	69.39502	143.7722	-31.6726	-4.270463	-6.049822	-6.049822	-17.43772	-4.626335	-8.185054	-5.338078	-17.08185	-4.626335	-8.185054
25.7	87.18861	-785.3594	639.7012	161.9218	-92.88256	-1089.754	-107.4733	-67.97156	-209.9644	-53.73666	-17.08185	-6.049822	-5.338078	-17.08185	69.39502	143.7722	-31.6726	-4.270463	-6.049822	-6.049822	82.56228	-4.626335	-8.185054	-5.338078	-17.08185	-4.626335	-8.185054
25.98	-12.81139	114.6406	-360.2988	161.9218	107.1174	-889.7544	-407.4733	432.0284	-509.9644	-53.73666	-17.08185	-6.049822	-5.338078	-17.08185	169.395	43.77225	-31.6726	-4.270463	93.95018	-6.049822	-17.43772	-4.626335	-8.185054	-5.338078	-17.08185	-4.626335	-8.185054
26.27	-12.81139	-1185.359	-260.2988	161.9218	-92.88256	-1089.754	-907.4733	-67.97156	-709.9644	46.26334	-17.08185	-6.049822	-5.338078	-17.08185	169.395	-156.2278	68.3274	-4.270463	-6.049822	-6.049822	-17.43772	-4.626335	-8.185054	-5.338078	-17.08185	-4.626335	-8.185054
26.55	-12.81139	-385.3594	-260.2988	-438.0782	-92.88256	-588.7544	-107.4733	-167.9716	-209.9644	46.26334	-17.08185	-6.049822	-5.338078	-17.08185	-30.60498	-256.2278	-31.6726	-4.270463	-6.049822	-6.049822	-17.43772	-4.626335	-8.185054	-5.338078	-17.08185	-4.626335	-8.185054
26.84	87.18861	-285.3594	39.70117	-338.0782	307.1174	-388.7544	-1107.473	-267.9716	190.0356	-53.73666	-17.08185	-6.049822	-5.338078	-17.08185	-130.605	-56.22775	-31.6726	-4.270463	-6.049822	-6.049822	82.56228	-4.626335	-8.185054	-5.338078	-17.08185	-4.626335	-8.185054
27.12	-12.81139	-185.3594	-360.2988	561.9218	-92.88256	-1489.754	-607.4733	-167.9716	-209.9644	46.26334	82.91815	-6.049822	-5.338078	-17.08185	69.39502	-156.2278	-31.6726	-4.270463	93.95018	-6.049822	-17.43772	-4.626335	-8.185054	-5.338078	-17.08185	-4.626335	-8.185054
27.41	-12.81139	-185.3594	239.7012	161.9218	107.1174	-88.75439	-107.4733	-167.9716	-109.9644	46.26334	-17.08185	-6.049822	-5.338078	-17.08185	69.39502	-56.22775	168.3274	-4.270463	-6.049822	-6.049822	-17.43772	-4.626335	-8.185054	-5.338078	-17.08185	-4.626335	-8.185054
27.69	-12.81139	-185.3594	-560.2988	561.9218	-92.88256	-789.7544	92.52673	232.0284	-9.964355	-53.73666	-17.08185	-6.049822	-5.338078	-17.08185	-30.60498	343.7722	68.3274	-4.270463	-6.049822	-6.049822	-17.43772	-4.626335	-8.185054	-5.338078	-17.08185	-4.626335	-8.185054
27.98	-12.81139	-885.3594	239.7012	-538.0782	-92.88256	-1289.754	-807.4733	-367.9716	90.03564	46.26334	-17.08185	-6.049822	-5.338078	-17.08185	69.39502	-56.22775	-31.6726	-4.270463	-6.049822	-6.049822	82.56228	-4.626335	-8.185054	-5.338078	-17.08185	-4.626335	-8.185054
28.26	-12.81139	-1486.359	-160.2988	61.92175	-92.88256	-1189.754	-107.4733	-167.9716	-109.9644	146.2633	-17.08185	-6.049822	-5.338078	-17.08185	169.395	143.7722	-31.6726	-4.270463	-6.049822	93.95018	-17.43772	-4.626335	-8.185054	-5.338078	-17.08185	-4.626335	-8.185054
28.55	-12.81139	614.6406	639.7012	-238.0782	-92.88256	-188.7544	392.5267	-67.97156	-409.9644	-53.73666	-17.08185	-6.049822	-5.338078	-17.08185	-130.605	-156.2278	-31.6726	-4.270463	-6.049822	-6.049822	-17.43772	-4.626335	-8.185054	-5.338078	-17.08185	-4.626335	-8.185054
28.83	-12.81139	-185.3594	-460.2988	61.92175	7.117439	11.24561	92.52673	-67.97156	-109.9644	146.2633	-17.08185	-6.049822	-5.338078	-17.08185	-30.60498	-156.2278	-31.6726	-4.270463	-6.049822	-6.049822	-17.43772	-4.626335	-8.185054	-5.338078	-17.08185	-4.626335	-8.185054
29.12	-12.81139	414.6406	-260.2988	61.92175	107.1174	-889.7544	-1007.473	232.0284	-109.9644	-53.73666	-17.08185	-6.049822	-5.338078	-17.08185	-130.605	343.7722	-31.6726	-4.270463	-6.049822	-6.049822	-17.43772	-4.626335	-8.185054	-5.338078	-17.08185	-4.626335	-8.185054
29.4	-12.81139	-985.3594	239.7012	-38.07825	-92.88256	-2489.754	-7.473267	-67.97156	-9.964355	-53.73666	-17.08185	-6.049822	-5.338078	-17.08185	69.39502	-56.22775	-31.6726	-4.270463	-6.049822	-6.049822	-17.43772	-4.626335	-8.185054	-5.338078	-17.08185	-4.626335	-8.185054
29.69	-12.81139	-685.3594	239.7012	161.9218	7.117439	-488.7544	-7.473267	-167.9716	-109.9644	-53.73666	82.91815	-6.049822	-5.338078	-17.08185	-30.60498	43.77225	68.3274	-4.270463	-6.049822	-6.049822	-17.43772	-4.626335	-8.185054	-5.338078	-17.08185	-4.626335	-8.185054
29.97	-12.81139	214.6406	1339.701	-138.0782	7.117439	-1989.754	492.5267	-267.9716	-409.9644	-53.73666	-17.08185	-6.049822	-5.338078	-17.08185	369.395	443.7722	-31.6726	-4.270463	-6.049822	-6.049822	-17.43772	-4.626335	-8.185054	-5.338078	-17.08185	-4.626335	-8.185054
30.26	-12.81139	-985.3594	-460.2988	-438.0782	207.1174	-689.7544	92.52673	32.02844	-409.9644	46.26334	-17.08185	-6.049822	-5.338078	-17.08185	-30.60498	143.7722	-31.6726	-4.270463	-6.049822	-6.049822	-17.43772	95.37366	-8.185054	-5.338078	-17.08185	95.37366	-8.185054
30.54	-12.81139	1514.641	239.7012	561.9218	7.117439	-1489.754	-107.4733	-267.9716	90.03564	146.2633	-17.08185	-6.049822	-5.338078	-17.08185	-30.60498	-156.2278	-31.6726	-4.270463	-6.049822	-6.049822	-17.43772	-4.626335	-8.185054	-5.338078	-17.08185	-4.626335	-8.185054
30.83	-12.81139	-585.3594	-60.29883	261.9218	107.1174	-1989.754	-607.4733	-167.9716	-9.964355	46.26334	-17.08185	-6.049822	-5.338078	-17.08185	169.395	-156.2278	-31.6726	-4.270463	-6.049822	-6.049822	-17.43772	-4.626335	91.81495	-5.338078	-17.08185	-4.626335	91.81495
31.11	87.18861	614.6406	-260.2988	761.9218	-92.88256	-388.7544	192.5267	732.0284	-809.9644	146.2633	-17.08185	-6.049822	-5.338078	-17.08185	-130.605	343.7722	-31.6726	-4.270463	-6.049822	-6.049822	82.56228	-4.626335	-8.185054	-5.338078	-17.08185	-4.626335	-8.185054
31.4	87.18861	214.6406	-460.2988	-138.0782	-92.88256	-989.7544	192.5267	-267.9716	-809.9644	46.26334	-17.08185	-6.049822	-5.338078	-17.08185	-30.60498	143.7722	-31.6726	-4.270463	-6.049822	-6.049822	82.56228	-4.626335	91.81495	-5.338078	-17.08185	-4.626335	91.81495
31.68	-12.81139	-1085.359	239.7012	-238.0782	7.117439	-989.7544	292.5267	32.02844	690.0356	146.2633	-17.08185	-6.049822	-5.338078	-17.08185	69.39502	43.77225	68.3274	-4.270463	-6.049822	-6.049822	-17.43772	-4.626335	-8.185054	-5.338078	-17.08185	-4.626335	-8.185054
31.97	87.18861	814.6406	-861.2988	-438.0782	-92.88256	-1089.754	-1207.473	232.0284	490.0356	146.2633	-17.08185	-6.049822	-5.338078	-17.08185	269.395	-56.22775	-31.6726	-4.270463	-6.049822	-6.049822	-17.43772	95.37366	-8.185054	-5.338078	-17.08185	95.37366	-8.185054
32.25	-12.81139	1614.641	-1261.299	61.92175	107.1174	-1589.754	-207.4733	-67.97156	90.03564	-53.73666	-17.08185	93.95018	-5.338078	-17.08185	69.39502	-156.2278	-31.6726	-4.270463	-6.049822	-6.049822	-17.43772	-4.626335	-8.185054	-5.338078	-17.08185	-4.626335	-8.185054
32.54	-12.81139	-385.3594	-560.2988	61.92175	-92.88256	-1389.754	-1107.473	-167.9716	590.0356	46.26334	-17.08185	-6.049822	-5.338078	-17.08185	-30.60498	43.77225	-31.6726	-4.270463	-6.049822	-6.049822	-17.43772	-4.626335	-8.185054	-5.338078	-17.08185	-4.626335	-8.185054
32.82	-12.81139	114.6406	1039.701	261.9218	-92.88256	-388.7544	92.52673	-267.9716	-9.964355	-53.73666	-17.08185	-6.049822	-5.338078	82.91815	69.39502	243.7722	68.3274	-4.270463	-6.049822	-6.049822	-17.43772	-4.626335	-8.185054	-5.338078	82.91815	-4.626335	-8.185054
33.11	-12.81139	1114.641	-160.2988	261.9218	-92.88256	-1289.754	-907.4733	-167.9716	490.0356	-53.73666	-17.08185	-6.049822	-5.338078	-17.08185	-130.605	343.7722	-31.6726	-4.270463	-6.049822	-6.049822	-17.43772	-4.626335	-8.185054	-5.338078	-17.08185	-4.626335	-8.185054
33.39	-12.81139	1314.641	-961.2988	61.92175	7.117439	-989.7544	-907.4733	132.0284	-509.9644	-53.73666	-17.08185	-6.049822	-5.338078	-17.08185	-130.605	-56.22775	-31.6726	-4.270463	-6.049822	-6.049822	-17.43772	-4.626335	-8.185054	-5.338078	-17.08185	-4.626335	-8.185054
33.68	87.18861	-185.3594	-660.2988	161.9218	7.117439	11.24561	-307.4733	-167.9716	-309.9644	-53.73666	-17.08185	-6.049822	-5.338078	-17.08185	-130.605	243.7722	-31.6726	-4.270463	-6.049822	-6.049822	-17.43772	-4.626335	-8.185054	-5.338078	-17.08185	-4.626335	-8.185054
33.96	87.18861	81166.64	439.7012	-238.0782	307.1174	4612.246	27209.53	-367.9716	-209.9644	446.2633	1082.918	-6.049822	-5.338078	-17.08185	3230250	7864540	-31.6726	95.72954	393.9502	3493.95	2682.562	95.37366	91.81495	-5.338078	-17.08185	95.37366	91.81495
34.25	987.1886	1901003	-260.2988	2661.922	3207.117	35444.25	138284.5	-67.97156	-109.9644	1946.263	4582.918	493.9502	-5.338078	-17.08185	7749278	2.018582e+07	-31.6726	295.7295	293.9502	4593.95	2482.562	-4.626335	391.8149	-5.338078	-17.08185	-4.626335	391.8149
34.54	1087.189	4246968	639.7012	2461.922	3307.117	42857.25	232788.5	132.0284	90.03564	2446.263	4382.918	893.9502	-5.338078	-17.08185	5545528	1.406957e+07	68.3274	295.7295	393.9502	5194.95	3682.562	195.3737	491.8149	-5.338078	-17.08185	195.3737	491.8149
34.82	387.1886		1339.701	2161.922	1807.117	58693.25	311849.5	632.0284	390.0356	3446.263	5283.918	493.9502	-5.338078	-17.08185	3314928	1.119999e+07	-31.6726	-4.270463	393.9502	2093.95	1382.562	-4.626335	291.8149	-5.338078	-17.08185	-4.626335	291.8149
35.11	487.1886		239.7012	1061.922	1807.117	88788.24	408534.5	-267.9716	890.0356	3646.263	5883.918	893.9502	194.6619	-17.08185	2496454	7055988	-31.6726	295.7295	193.9502	2693.95	1682.562	-4.626335	291.8149	194.6619	-17.08185	-4.626335	291.8149
35.4	587.1886		339.7012	1461.922	1507.117	92402.24	460734.5	232.0284	-509.9644	2846.263	6683.918	593.9502	-5.338078	-17.08185	1847453	5623745	68.3274	195.7295	93.95018	1893.95	2882.562	-4.626335	391.8149	-5.338078	-17.08185	-4.626335	391.8149
35.69	587.1886		839.7012	2361.922	807.1174	104352.2	534281.5	-267.9716	90.03564	5047.263	8183.918	1593.95	94.66192	82.91815	1537104	3667755	68.3274	495.7295	393.9502	1093.95	2682.562	95.37366	591.8149	94.66192	82.91815	95.37366	591.8149
35.97	287.1886		1339.701	861.9218	1107.117	100234.2	508755.5	532.0284	190.0356	4046.263	7883.918	1093.95	-5.338078	82.91815	966918.4	2902661	-31.6726	95.72954	493.9502	693.9502	2082.562	95.37366	791.8149	-5.338078	82.91815	95.37366	791.8149
36.26	487.1886		2339.701	1461.922	1907.117	103548.2	476527.5	132.0284	390.0356	3846.263	9384.918	1793.95	-5.338078	282.9182	989995.4	2803494	68.3274	295.7295	293.9502	1093.95	1982.562	195.3737	691.8149	-5.338078	282.9182	195.3737	691.8149
36.55	887.1886		3640.701	2061.922	1507.117	109977.2	472348.5	332.0284	-9.964355	4146.263	7783.918	1293.95	94.66192	-17.08185	790269.4	1741169	-31.6726	395.7295	293.9502	693.9502	1982.562	-4.626335	591.8149	94.66192	-17.08185	-4.626335	591.8149
36.83	587.1886		1839.701	761.9218	607.1174	150496.2	512531.5	232.0284	290.0356	5247.263	7783.918	1293.95	-5.338078	82.91815	559769.4	1755331	-31.6726	95.72954	493.9502	193.9502	1982.562	95.37366	91.81495	-5.338078	82.91815	95.37366	91.81495
37.12	287.1886		1539.701	2161.922	1007.117	114197.2	500286.5	-167.9716	-309.9644	4746.263	4982.918	1293.95	94.66192	-17.08185	570815.4	1457936	-31.6726	295.7295	293.9502	893.9502	1482.562	-4.626335	791.8149	94.66192	-17.08185	-4.626335	791.8149
37.4	587.1886		3940.701	1361.922	707.1174	118819.2	546849.5	532.0284	790.0356	4746.263	7483.918	2393.95	294.6619	82.91815	511961.4	1155144	68.3274	-4.270463	93.95018	393.9502	2282.562	95.37366	291.8149	294.6619	82.91815	95.37366	291.8149
37.69	187.1886		3140.701	1761.922	707.1174	111183.2	564128.5	-67.97156	390.0356	6247.263	7483.918	793.9502	-5.338078	82.91815	535710.4	1273846	68.3274	95.72954	393.9502	493.9502	1782.562	95.37366	791.8149	-5.338078	82.91815	95.37366	791.8149
37.98	687.1886		1939.701	1961.922	1907.117	115905.2	505795.5	-267.9716	190.0356	4746.263	7583.918	1593.95	-5.338078	-17.08185	597426.4	1542903	-31.6726	495.7295	693.9502	693.9502	1982.562	95.37366	691.8149	-5.338078	-17.08185	95.37366	691.8149
38.27	887.1886		2339.701	1461.922	1407.117	107767.2	466540.5	32.02844	-9.964355	4846.263	5983.918	1993.95	-5.338078	82.91815	1876130	5737169	-31.6726	595.7296	393.9502	2993.95	2882.562	95.37366	191.8149	-5.338078	82.91815	95.37366	191.8149
38.55	1487.189		3640.701	3161.922	3907.117	112690.2	468068.5	132.0284	590.0356	5847.263	12985.92	1393.95	-5.338078	82.91815	1.574234e+07	4.474237e+07	68.3274	895.7296	393.9502	15798.95	7783.562	95.37366	891.8149	-5.338078	82.91815	95.37366	891.8149
38.84	2787.189		2039.701	11864.92	9809.117	101439.2	447088.5	-67.97156	-309.9644	6547.263	24394.92	1593.95	-5.338078	82.91815	3.926019e+07	1.087876e+08	168.3274	995.7296	1093.95	20902.95	8283.562	95.37366	791.8149	-5.338078	82.91815	95.37366	791.8149
39.12	4187.188		1739.701	11364.92	10009.12	74137.24	367603.5	232.0284	690.0356	6247.263	26997.92	1293.95	194.6619	482.9182	4.856828e+07	1.18144e+08	568.3274	1195.729	593.9502	22103.95	8684.562	95.37366	691.8149	194.6619	482.9182	95.37366	691.8149
39.41	4687.188		2639.701	19369.92	10709.12	63606.25	314684.5	1432.028	2290.036	9148.264	34706.92	493.9502	94.66192	882.9182	7.578977e+07	2.222944e+08	668.3274	1995.729	293.9502	24105.95	10384.56	95.37366	991.8149	94.66192	882.9182	95.37366	991.8149
39.7	4787.188		2739.701	22072.92	9409.117	48469.25	295349.5	1032.028	890.0356	8347.264	38512.92	693.9502	-5.338078	982.9182	9.266886e+07	2.423258e+08	468.3274	1195.729	93.95018	31112.95	9984.562	-4.626335	591.8149	-5.338078	982.9182	-4.626335	591.8149
39.98	3787.189	4103006	3740.701	34787.92	11310.12	37948.25	196274.5	1532.028	2490.036	12949.26	40114.92	593.9502	-5.338078	1582.918	1.035547e+08	2.884011e+08	1268.327	1195.729	393.9502	45234.95	8383.562	-4.626335	891.8149	-5.338078	1582.918	-4.626335	891.8149
40.27	3187.189	3499880	4840.701	47708.92	9209.117	29635.25	167464.5	2832.028	2390.036	11249.26	38311.92	493.9502	-5.338078	2082.918	1.090174e+08	3.104385e+08	2268.327	1195.729	293.9502	57058.95	9384.562	-4.626335	1491.815	-5.338078	2082.918	-4.626335	1491.815
40.55	2287.189	2822718	3340.701	64146.92	7608.118	25429.25	152568.5	3032.028	2290.036	13650.26	39814.92	693.9502	-5.338078	2282.918	1.158138e+08	3.144455e+08	1868.327	1495.729	393.9502	80823.95	9784.562	-4.626335	2191.815	-5.338078	2282.918	-4.626335	2191.815
40.84	2787.189	2373110	3440.701	87116.92	5608.118	27933.25	129939.5	2632.028	3390.036	23757.26	39413.92	893.9502	-5.338078	2182.918	1.192241e+08	3.585237e+08	3368.327	1295.729	293.9502	206645	10984.56	95.37366	3891.815	-5.338078	2182.918	95.37366	3891.815
41.13	1287.189	1984447	2940.701	108099.9	4707.118	24829.25	114864.5	1832.028	5091.036	22456.26	48329.92	193.9502	-5.338078	2882.918	1.251342e+08	3.585237e+08	3168.327	2195.729	193.9502	311826.9	10784.56	-4.626335	4291.815	-5.338078	2882.918	-4.626335	4291.815
41.41	1087.189	1617068	5240.701	128797.9	4207.118	20624.25	103514.5	1632.028	3390.036	21856.26	58350.92	793.9502	-5.338078	3382.918	1.292552e+08	3.485056e+08	4868.328	2495.729	193.9502	379654.9	11985.56	95.37366	3991.815	-5.338078	3382.918	95.37366	3991.815
41.7	1287.189	1272510	3340.701	163199.9	3507.117	13417.25	89057.52	1932.028	3891.036	21756.26	61959.92	393.9502	-5.338078	3382.918	1.282464e+08	3.965944e+08	3268.327	1395.729	293.9502	279446.9	9984.562	-4.626335	3391.815	-5.338078	3382.918	-4.626335	3391.815
41.98	1087.189	1078869	3040.701	251429.9	3607.117	13517.25	75712.52	2732.028	3190.036	22656.26	72086.92	293.9502	-5.338078	4582.918	1.35885e+08	3.965944e+08	4868.328	2395.729	193.9502	219150	10684.56	-4.626335	3991.815	-5.338078	4582.918	-4.626335	3991.815
42.27	787.1886	784323.6	2739.701	255066.9	2907.117	9415.246	67488.52	2232.028	3591.036	25459.26	72086.92	193.9502	-5.338078	4282.918	1.310687e+08	3.705457e+08	3668.327	2195.729	193.9502	160004	12685.56	-4.626335	3591.815	-5.338078	4282.918	-4.626335	3591.815
42.56	787.1886	746069.6	3640.701	284381.9	3207.117	8714.246	60971.53	2732.028	3290.036	21555.26	76900.92	393.9502	-5.338078	4582.918	1.342886e+08	3.90583e+08	3968.327	2695.729	193.9502	126111	11084.56	95.37366	3291.815	-5.338078	4582.918	95.37366	3291.815
42.84	987.1886	782672.6	3840.701	331052.9	2107.117	8614.246	55157.53	3432.028	1490.036	20554.26	76298.92	693.9502	94.66192	2582.918	1.431637e+08	4.166328e+08	4268.328	2095.729	293.9502	131941	12885.56	-4.626335	4091.815	94.66192	2582.918	-4.626335	4091.815
43.13	987.1886	531539.6	3340.701	319098.9	1907.117	6513.246	65282.53	2732.028	3591.036	25859.26	84324.92	293.9502	-5.338078	5583.918	1.232774e+08	3.945906e+08	4268.328	2395.729	93.95018	131740	11084.56	-4.626335	3991.815	-5.338078	5583.918	-4.626335	3991.815
43.41	387.1886	377945.6	5641.701	315958.9	2707.117	6613.246	62575.53	2432.028	4091.036	27161.26	79408.92	193.9502	-5.338078	3082.918	1.133345e+08	3.785605e+08	5669.328	3595.729	93.95018	123900	9984.562	-4.626335	4291.815	-5.338078	3082.918	-4.626335	4291.815
43.7	1287.189	352267.6	5641.701	300165.9	2307.117	4912.246	65683.52	2532.028	4291.036	32868.26	81113.92	793.9502	94.66192	3982.918	1.458159e+08	4.266523e+08	3568.327	2295.729	193.9502	111944	10784.56	-4.626335	5292.815	94.66192	3982.918	-4.626335	5292.815
43.98	587.1886	329454.6	3840.701	285393.9	3707.117	5913.246	60770.53	2332.028	3791.036	33669.26	79007.92	893.9502	-5.338078	2082.918	1.412504e+08	3.444984e+08	4368.328	3195.729	293.9502	112446	10884.56	-4.626335	5192.815	-5.338078	2082.918	-4.626335	5192.815
44.27	1787.189	240728.6	3940.701	270225.9	2107.117	3112.246	60369.53	2232.028	4191.036	31566.26	77703.92	593.9502	-5.338078	2982.918	1.307615e+08	3.545164e+08	4868.328	3995.729	93.95018	102303	11485.56	-4.626335	4191.815	-5.338078	2982.918	-4.626335	4191.815
44.56	2387.189	231136.6	5140.701	271539.9	3207.117	1511.246	51750.53	2732.028	4091.036	34971.26	86532.92	693.9502	-5.338078	2282.918	1.321661e+08	3.665384e+08	4368.328	4895.729	393.9502	91059.95	11084.56	-4.626335	4091.815	-5.338078	2282.918	-4.626335	4091.815
44.84	3287.189	172853.6	4540.701	271539.9	2907.117	1711.246	51750.53	3632.028	2890.036	30264.26	86833.92	893.9502	-5.338078	2082.918	1.343764e+08	3.925868e+08	2868.327	4995.729	93.95018	90958.95	9984.562	-4.626335	3291.815	-5.338078	2082.918	-4.626335	3291.815
45.13	4287.188	109983.6	5240.701	240623.9	9009.117	2911.246	46238.53	2732.028	3891.036	27761.26	87936.92	793.9502	-5.338078	3082.918	1.372182e+08	3.565201e+08	3568.327	3895.729	193.9502	92966.95	11385.56	-4.626335	4291.815	-5.338078	3082.918	-4.626335	4291.815
45.41	5188.188	140342.6	2739.701	223969.9	16613.12	3112.246	44635.53	2632.028	5491.036	27161.26	76700.92	1193.95	-5.338078	2282.918	1.338347e+08	3.805643e+08	3568.327	3995.729	93.95018	128222	10784.56	-4.626335	2991.815	-5.338078	2282.918	-4.626335	2991.815
45.7	5388.188	112395.6	4140.701	183943.9	16913.12	1411.246	37122.53	2432.028	2190.036	25859.26	77903.92	1393.95	-5.338078	1882.918	1.381269e+08	4.066135e+08	1968.327	3295.729	193.9502	176414	10584.56	-4.626335	2491.815	-5.338078	1882.918	-4.626335	2491.815
45.99	8889.188	97127.64	4240.701	148406.9	20315.12	1011.246	36522.53	2532.028	4791.036	24058.26	70983.92	1893.95	-5.338078	3082.918	1.570846e+08	3.68542e+08	2568.327	3395.729	293.9502	311117.9	11084.56	-4.626335	2691.815	-5.338078	3082.918	-4.626335	2691.815
46.27	11790.19	74042.64	3640.701	129702.9	22817.12	511.2456	37924.53	2432.028	4091.036	24558.26	74393.92	2393.95	-5.338078	1682.918	1.391864e+08	3.965944e+08	2168.327	3195.729	293.9502	388285.9	11885.56	95.37366	3991.815	-5.338078	1682.918	95.37366	3991.815
46.56	11990.19	67321.64	5641.701	108601.9	26121.12	2511.246	38024.53	2832.028	4891.036	21856.26	73089.92	3093.95	194.6619	1182.918	1.232774e+08	3.62531e+08	2368.327	2695.729	593.9502	506982.9	11084.56	-4.626335	2991.815	194.6619	1182.918	-4.626335	2991.815
46.85	12590.19	55991.64	1939.701	97455.92	22817.12	3612.246	34619.53	3132.028	3491.036	22756.26	68275.92	2493.95	-5.338078	2182.918	1.450081e+08	4.266523e+08	2468.327	2195.729	593.9502	736381.9	10184.56	-4.626335	4191.815	-5.338078	2182.918	-4.626335	4191.815
47.13	13791.19	68024.64	3140.701	87417.92	22117.12	6313.246	45337.53	3132.028	4291.036	20955.26	63964.92	4393.95	-5.338078	1682.918	1.34274e+08	3.945906e+08	1568.327	2195.729	3193.95	700368.9	8684.562	-4.626335	3391.815	-5.338078	1682.918	-4.626335	3391.815
47.42	10189.19	69428.64	3640.701	64447.92	15912.12	3612.246	43934.53	3332.028	15296.04	18853.26	58551.92	5294.95	-5.338078	1082.918	1.26332e+08	3.645347e+08	1468.327	2495.729	2093.95	662661.9	8684.562	-4.626335	3491.815	-5.338078	1082.918	-4.626335	3491.815
47.7	10789.19	61104.64	4340.701	55926.92	14311.12	4012.246	54856.53	1832.028	3691.036	16652.26	49130.92	7394.95	-5.338078	1282.918	1.215286e+08	3.024248e+08	2568.327	1895.729	2193.95	626137.9	9584.562	295.3737	3791.815	-5.338078	1282.918	295.3737	3791.815
47.99	10789.19	97328.64	3940.701	61539.92	14011.12	5913.246	68892.52	2232.028	3891.036	19253.26	55043.92	8695.95	494.6619	1882.918	1.23966e+08	3.264664e+08	1468.327	2195.729	1893.95	571962.9	14286.56	95.37366	3291.815	494.6619	1882.918	95.37366	3291.815
48.27	11990.19	80263.64	4240.701	54222.92	11510.12	6413.246	57061.53	2132.028	4391.036	23057.26	55844.92	7294.95	94.66192	1482.918	1.309371e+08	3.745531e+08	2268.327	1695.729	1593.95	512901.9	12985.56	-4.626335	4791.815	94.66192	1482.918	-4.626335	4791.815
48.56	8288.188	73139.64	4640.701	54823.92	10309.12	5513.246	50848.53	2232.028	3090.036	19153.26	48229.92	7094.95	94.66192	1282.918	1.196761e+08	3.244629e+08	2468.327	1495.729	593.9502	380974.9	15187.56	295.3737	4691.815	94.66192	1282.918	295.3737	4691.815
48.85	5588.188	58998.64	3640.701	50715.92	7508.118	4612.246	47140.53	2332.028	2490.036	24858.26	52738.92	4393.95	94.66192	1782.918	1.431637e+08	3.444984e+08	2368.327	1995.729	1293.95	349418.9	13085.56	-4.626335	3791.815	94.66192	1782.918	-4.626335	3791.815
49.13	5488.188	48172.64	4340.701	51115.92	6308.118	2511.246	46439.53	1432.028	3390.036	31666.26	57348.92	3893.95	-5.338078	2582.918	1.299717e+08	3.645347e+08	2568.327	1295.729	593.9502	333503.9	14786.56	-4.626335	3491.815	-5.338078	2582.918	-4.626335	3491.815
49.42	6588.188	43663.64	4040.701	53921.92	4607.118	1611.246	46539.53	1732.028	5491.036	36072.26	57348.92	2793.95	94.66192	3382.918	1.412944e+08	3.725494e+08	2568.327	1395.729	1293.95	296035.9	14586.56	-4.626335	3891.815	94.66192	3382.918	-4.626335	3891.815
49.71	4987.188	57194.64	3340.701	43701.92	3307.117	1411.246	48743.53	2932.028	2390.036	39477.26	53940.92	2493.95	-5.338078	2182.918	1.133345e+08	3.364841e+08	2968.327	1595.729	693.9502	263676.9	13386.56	-4.626335	5392.815	-5.338078	2182.918	-4.626335	5392.815
49.99	6388.188	44164.64	3440.701	53220.92	3207.117	1011.246	51048.53	2832.028	5391.036	41881.26	56045.92	2593.95	-5.338078	3282.918	1.347132e+08	3.224594e+08	4168.328	2195.729	493.9502	281671.9	12985.56	-4.626335	5192.815	-5.338078	3282.918	-4.626335	5192.815
50.28	5988.188	62909.64	4240.701	55525.92	4007.117	-488.7544	59367.53	3232.028	3190.036	50898.26	63763.92	1693.95	-5.338078	4082.918	1.41175e+08	4.186367e+08	4468.328	2895.729	593.9502	286728.9	14186.56	-4.626335	5792.815	-5.338078	4082.918	-4.626335	5792.815
50.57	7288.188	50678.64	3740.701	64146.92	2207.117	-88.75439	57362.53	3132.028	2890.036	54906.26	72186.92	1493.95	194.6619	2982.918	1.47141e+08	4.146289e+08	3868.327	2495.729	293.9502	289055.9	14886.56	-4.626335	5592.815	194.6619	2982.918	-4.626335	5592.815
50.85	14291.19	37051.64	3640.701	76381.92	5008.118	1211.246	54756.53	1532.028	4691.036	48393.26	66871.92	793.9502	-5.338078	4382.918	1.373648e+08	3.785605e+08	2468.327	2095.729	693.9502	245191	14086.56	195.3737	5992.815	-5.338078	4382.918	195.3737	5992.815
51.14	15592.19	33645.64	3340.701	62742.92	5408.118	-288.7544	46739.53	2532.028	3491.036	46790.26	56746.92	1193.95	-5.338078	3482.918	1.368519e+08	3.304735e+08	4068.327	1495.729	393.9502	232975	14886.56	-4.626335	4591.815	-5.338078	3482.918	-4.626335	4591.815
51.42	24799.19	33244.64	3040.701	67555.92	4607.118	811.2456	45437.53	2032.028	4491.036	44185.26	56847.92	1293.95	-5.338078	3282.918	1.391531e+08	3.344805e+08	2668.327	2095.729	-6.049822	188704	13586.56	-4.626335	3991.815	-5.338078	3282.918	-4.626335	3991.815
51.71	32408.19	34346.64	4240.701	66552.92	5108.118	-989.7544	46439.53	1732.028	3691.036	40879.26	63864.92	1993.95	-5.338078	4182.918	1.403996e+08	4.306601e+08	2868.327	2295.729	93.95018	153765	11385.56	-4.626335	4791.815	-5.338078	4182.918	-4.626335	4791.815
52	30906.19	32143.64	3040.701	58231.92	7908.118	511.2456	40828.53	2032.028	2590.036	34570.26	58350.92	693.9502	-5.338078	3882.918	1.305421e+08	3.444984e+08	3268.327	1995.729	193.9502	144611	11585.56	-4.626335	4091.815	-5.338078	3882.918	-4.626335	4091.815
52.28	26301.19	32143.64	2439.701	51717.92	8408.117	-588.7544	40828.53	2232.028	3991.036	32667.26	56746.92	1093.95	-5.338078	2882.918	1.297524e+08	3.444984e+08	3268.327	1395.729	93.95018	142801	10784.56	-4.626335	3891.815	-5.338078	2882.918	-4.626335	3891.815
52.57	24499.19	25834.64	4340.701	51516.92	9209.117	511.2456	39827.53	2332.028	3390.036	29964.26	51335.92	1093.95	-5.338078	3382.918	1.388012e+08	3.605274e+08	2568.327	1495.729	93.95018	175810	12785.56	-4.626335	3791.815	-5.338078	3382.918	-4.626335	3791.815
52.85	27602.19	24232.64	4140.701	52017.92	12110.12	-88.75439	40728.53	2232.028	2790.036	27661.26	52637.92	1293.95	-5.338078	2782.918	1.423949e+08	3.565201e+08	3968.327	1695.729	93.95018	260242	10084.56	-4.626335	3591.815	-5.338078	2782.918	-4.626335	3591.815
53.14	32708.19	27236.64	5040.701	55725.92	19014.12	1611.246	38825.53	2232.028	4091.036	28963.26	56646.92	1893.95	-5.338078	3282.918	1.39813e+08	2.924078e+08	3668.327	2295.729	193.9502	383512.9	14386.56	95.37366	4691.815	-5.338078	3282.918	95.37366	4691.815
53.43	39118.19	22229.64	3940.701	49813.92	30225.12	111.2456	41329.53	2032.028	2590.036	27561.26	60656.92	4893.95	-5.338078	2882.918	1.511184e+08	3.705457e+08	3268.327	1395.729	-6.049822	627880.9	13085.56	-4.626335	3891.815	-5.338078	2882.918	-4.626335	3891.815
53.71	51139.19	19026.64	4540.701	50213.92	56070.12	-488.7544	34118.53	3532.028	4891.036	25159.26	73289.92	7794.95	-5.338078	1382.918	1.415732e+08	3.505092e+08	3068.327	2295.729	393.9502	738337.9	10984.56	-4.626335	4791.815	-5.338078	1382.918	-4.626335	4791.815
54	63467.19	22430.64	3840.701	53621.92	83848.12	1211.246	33517.53	1932.028	4491.036	23857.26	72988.92	16098.95	-5.338078	2482.918	1.457865e+08	3.68542e+08	2068.327	3495.729	1593.95	857243.9	12585.56	-4.626335	5192.815	-5.338078	2482.918	-4.626335	5192.815
54.28	81018.19	19126.64	3440.701	49211.92	168775.1	1411.246	30513.53	2632.028	3691.036	20254.26	86130.92	20601.95	-5.338078	1782.918	1.570846e+08	3.705457e+08	3268.327	4595.729	1493.95	797411.9	11585.56	195.3737	5192.815	-5.338078	1782.918	195.3737	5192.815
54.57	97778.19	31442.64	2039.701	50113.92	322171.1	111.2456	27209.53	1632.028	3190.036	18153.26	86933.92	24405.95	-5.338078	1282.918	1.380976e+08	3.304735e+08	3368.327	2795.729	1993.95	634648.9	11084.56	-4.626335	4791.815	-5.338078	1282.918	-4.626335	4791.815
54.86	113946.2	18425.64	4140.701	54022.92	475692.1	2011.246	20402.53	2932.028	3691.036	18553.26	90345.92	23604.95	-5.338078	982.9182	1.451696e+08	3.585237e+08	3168.327	3895.729	1093.95	496270.9	12385.56	-4.626335	5692.815	-5.338078	982.9182	-4.626335	5692.815
55.14	136458.2	28638.64	2839.701	55926.92	641742.1	711.2456	20402.53	1932.028	2890.036	19654.26	91650.92	17399.95	94.66192	1482.918	1.292432e+08	3.46502e+08	2468.327	4095.729	1193.95	401187.9	11685.56	-4.626335	6592.815	94.66192	1482.918	-4.626335	6592.815
55.43	147722.2	15823.64	5441.701	63143.92	710155.1	1111.246	20902.53	2932.028	4591.036	23557.26	94460.92	15498.95	-5.338078	1782.918	1.327515e+08	3.805643e+08	1868.327	3795.729	793.9502	355199.9	8684.562	-4.626335	7592.815	-5.338078	1782.918	-4.626335	7592.815
55.72	126406.2	12320.64	2439.701	58632.92	612215.1	-1989.754	18801.53	2332.028	3090.036	22656.26	85528.92	14097.95	-5.338078	2482.918	1.18947e+08	2.863977e+08	1668.327	3395.729	1193.95	346072.9	5783.562	95.37366	4291.815	-5.338078	2482.918	95.37366	4291.815
56	106915.2	10819.64	3140.701	53821.92	549584.1	1211.246	16199.53	1732.028	3491.036	22756.26	70882.92	13697.95	-5.338078	1582.918	1.074765e+08	2.803876e+08	1468.327	1995.729	493.9502	326005.9	5383.562	-4.626335	4091.815	-5.338078	1582.918	-4.626335	4091.815
56.29	95569.19	13621.64	3240.701	47608.92	423160.1	3412.246	15098.53	2032.028	2890.036	17052.26	58450.92	10995.95	-5.338078	782.9182	8.429875e+07	2.162851e+08	1368.327	2495.729	193.9502	343233.9	5483.562	-4.626335	3991.815	-5.338078	782.9182	-4.626335	3991.815
56.58	66475.19	12820.64	3340.701	30481.92	316803.1	28133.25	14197.53	1832.028	1290.036	14350.26	48429.92	8795.95	-5.338078	582.9182	6.692746e+07	1.80231e+08	868.3274	1895.729	193.9502	97895.95	2882.562	295.3737	2591.815	-5.338078	582.9182	295.3737	2591.815
56.87	53043.19	64213.64	1739.701	27077.92	255406.1	71028.24	20802.53	1032.028	2090.036	10348.26	49130.92	6394.95	94.66192	882.9182	5.51214e+07	1.441796e+08	768.3274	1395.729	593.9502	175911	2582.562	-4.626335	1491.815	94.66192	882.9182	-4.626335	1491.815
57.15	41521.19	26034.64	339.7012	19770.92	188314.1	5613.246	8094.527	632.0284	990.0356	8147.263	31302.92	5994.95	-5.338078	582.9182	4.845392e+07	1.195447e+08	1968.327	795.7296	293.9502	209266	1582.562	95.37366	2591.815	-5.338078	582.9182	95.37366	2591.815
57.44	28804.19	122042.6	1339.701	17368.92	149151.1	3012.246	5193.527	532.0284	1290.036	5947.263	25295.92	4993.95	-5.338078	282.9182	3.417392e+07	9.622975e+07	668.3274	495.7295	293.9502	116264	2382.562	95.37366	1491.815	-5.338078	282.9182	95.37366	1491.815
57.72	26201.19	47271.64	1239.701	14466.92	117985.1	2411.246	6894.527	632.0284	90.03564	6047.263	16588.92	4193.95	-5.338078	482.9182	2.663633e+07	7.54503e+07	468.3274	495.7295	93.95018	84034.95	1182.562	-4.626335	991.8149	-5.338078	482.9182	-4.626335	991.8149
58.01	18694.19	34847.64	-260.2988	8463.922	95289.12	1411.246	3493.527	-367.9716	1090.036	3646.263	15687.92	2993.95	-5.338078	82.91815	2.046179e+07	6.354176e+07	368.3274	695.7296	93.95018	69891.95	682.5623	-4.626335	491.8149	-5.338078	82.91815	-4.626335	491.8149
58.29	17293.19	18425.64	1439.701	8263.922	75421.12	11416.25	3493.527	332.0284	90.03564	4146.263	12585.92	2293.95	-5.338078	82.91815	1.786744e+07	4.779699e+07	368.3274	195.7295	-6.049822	62070.95	982.5623	-4.626335	1191.815	-5.338078	82.91815	-4.626335	1191.815
58.58	14591.19	15523.64	539.7012	7262.922	59879.12	1911.246	2792.527	532.0284	390.0356	3246.263	8483.918	1493.95	-5.338078	82.91815	1.550158e+07	3.846926e+07	-31.6726	195.7295	93.95018	38823.95	1082.562	-4.626335	691.8149	-5.338078	82.91815	-4.626335	691.8149
58.86	11490.19	15022.64	739.7012	4362.922	47452.12	911.2456	2892.527	132.0284	290.0356	2046.263	6783.918	1393.95	-5.338078	82.91815	1.148184e+07	2.99938e+07	68.3274	395.7295	-6.049822	32414.95	782.5623	-4.626335	591.8149	-5.338078	82.91815	-4.626335	591.8149
59.15	8989.188	12320.64	-260.2988	4962.922	42643.12	-88.75439	1092.527	332.0284	590.0356	1846.263	7083.918	1593.95	-5.338078	182.9182	9431270	2.468729e+07	168.3274	-4.270463	93.95018	25906.95	382.5623	-4.626335	291.8149	-5.338078	182.9182	-4.626335	291.8149
59.44	7688.188	10819.64	2539.701	2461.922	28724.12	11.24561	2192.527	432.0284	290.0356	1046.263	4682.918	1393.95	-5.338078	182.9182	7763410	2.354714e+07	-31.6726	295.7295	-6.049822	23204.95	382.5623	-4.626335	291.8149	-5.338078	182.9182	-4.626335	291.8149
59.72	4987.188	54888.64	-1061.299	2861.922	23518.12	-88.75439	992.5267	332.0284	590.0356	746.2634	5083.918	693.9502	-5.338078	-17.08185	7297114	1.726862e+07	68.3274	-4.270463	-6.049822	20501.95	382.5623	-4.626335	191.8149	-5.338078	-17.08185	-4.626335	191.8149
60.01	4287.188	7717.641	-2161.299	3261.922	22918.12	11.24561	492.5267	32.02844	490.0356	846.2634	2882.918	1793.95	-5.338078	182.9182	5856230	1.675658e+07	68.3274	95.72954	-6.049822	16899.95	182.5623	95.37366	191.8149	-5.338078	182.9182	95.37366	191.8149
60.29	2987.189	7217.641	-360.2988	2261.922	14711.12	1911.246	10695.53	32.02844	290.0356	1146.263	3282.918	793.9502	-5.338078	-17.08185	5616140	1.30749e+07	-31.6726	295.7295	-6.049822	16498.95	282.5623	-4.626335	191.8149	-5.338078	-17.08185	-4.626335	191.8149
60.58	4387.188	12020.64	439.7012	1161.922	14111.12	411.2456	2092.527	232.0284	490.0356	546.2634	3582.918	1093.95	-5.338078	-17.08185	8455900	2.43167e+07	-31.6726	95.72954	-6.049822	30311.95	482.5623	-4.626335	191.8149	-5.338078	-17.08185	-4.626335	191.8149
60.86	5688.188	15122.64	-560.2988	3161.922	18514.12	5913.246	11796.53	-467.9716	590.0356	1146.263	7483.918	4093.95	-5.338078	482.9182	2.02207e+07	5.651633e+07	368.3274	295.7295	-6.049822	76610.95	982.5623	95.37366	1291.815	-5.338078	482.9182	95.37366	1291.815
61.15	7088.188	30941.64	639.7012	5862.922	23518.12	8414.246	18600.53	832.0284	1290.036	846.2634	12985.92	5394.95	94.66192	182.9182	2.939351e+07	8.542622e+07	568.3274	995.7296	-6.049822	181551	782.5623	-4.626335	991.8149	94.66192	182.9182	-4.626335	991.8149
61.44	6988.188	22830.64	439.7012	6362.922	19615.12	7914.246	23705.53	32.02844	690.0356	546.2634	22292.92	6794.95	-5.338078	82.91815	4.294053e+07	1.080288e+08	468.3274	595.7296	-6.049822	298768.9	1282.562	-4.626335	1191.815	-5.338078	82.91815	-4.626335	1191.815
61.72	9189.188	71334.64	1539.701	5262.922	16012.12	11316.25	23605.53	1132.028	390.0356	746.2634	16888.92	6694.95	-5.338078	82.91815	3.320594e+07	9.300271e+07	568.3274	1095.729	93.95018	288751.9	582.5623	-4.626335	1091.815	-5.338078	82.91815	-4.626335	1091.815
62.01	8989.188	44765.64	539.7012	3661.922	12710.12	9515.246	24306.53	532.0284	1090.036	546.2634	14386.92	6194.95	-5.338078	182.9182	2.648006e+07	7.856026e+07	268.3274	-4.270463	-6.049822	216225	782.5623	95.37366	391.8149	-5.338078	182.9182	95.37366	391.8149
62.3	6588.188	244263.6	-160.2988	2561.922	11610.12	12717.25	223225.5	32.02844	790.0356	846.2634	11885.92	4693.95	-5.338078	282.9182	2.064616e+07	5.878944e+07	668.3274	95.72954	-6.049822	159602	482.5623	95.37366	191.8149	-5.338078	282.9182	95.37366	191.8149
62.59	4087.189	440980.6	-460.2988	2061.922	7908.118	12216.25	14597.53	-167.9716	590.0356	846.2634	7683.918	5094.95	-5.338078	82.91815	1.511922e+07	4.434102e+07	68.3274	95.72954	-6.049822	112446	482.5623	95.37366	391.8149	-5.338078	82.91815	95.37366	391.8149
62.87	4187.188	423681.6	1239.701	2161.922	6108.118	7714.246	12596.53	232.0284	-109.9644	746.2634	6483.918	2093.95	-5.338078	82.91815	1.217506e+07	3.39789e+07	-31.6726	-4.270463	-6.049822	91962.95	682.5623	195.3737	491.8149	-5.338078	82.91815	195.3737	491.8149
63.16	2087.189	362921.6	839.7012	1461.922	3607.117	5713.246	5793.527	32.02844	390.0356	146.2633	6083.918	2793.95	-5.338078	-17.08185	1.005338e+07	2.79958e+07	268.3274	95.72954	-6.049822	70492.95	282.5623	95.37366	191.8149	-5.338078	-17.08185	95.37366	191.8149
63.44	2087.189	225080.6	1539.701	2261.922	3607.117	3112.246	5693.527	332.0284	190.0356	146.2633	3582.918	1693.95	-5.338078	-17.08185	7452540	2.069836e+07	68.3274	395.7295	-6.049822	59564.95	482.5623	-4.626335	191.8149	-5.338078	-17.08185	-4.626335	191.8149
63.73	887.1886	196836.6	1139.701	1261.922	4807.118	5913.246	6193.527	-267.9716	-309.9644	446.2633	3182.918	1693.95	-5.338078	182.9182	6435338	1.503609e+07	68.3274	95.72954	93.95018	50644.95	82.56228	95.37366	91.81495	-5.338078	182.9182	95.37366	91.81495
64.02	1287.189	192803.6	-160.2988	861.9218	5308.118	2211.246	4293.527	-167.9716	-709.9644	446.2633	3182.918	1293.95	-5.338078	-17.08185	5051286	1.469494e+07	-31.6726	95.72954	-6.049822	37521.95	82.56228	-4.626335	191.8149	-5.338078	-17.08185	-4.626335	191.8149
64.3	1687.189	200264.6	-260.2988	461.9218	3607.117	1711.246	5793.527	32.02844	490.0356	-53.73666	1782.918	1093.95	-5.338078	82.91815	4147708	1.080241e+07	168.3274	195.7295	93.95018	33215.95	182.5623	-4.626335	91.81495	-5.338078	82.91815	-4.626335	91.81495
64.59	1587.189	120534.6	-360.2988	1061.922	1907.117	1411.246	4193.527	332.0284	790.0356	646.2634	3282.918	893.9502	-5.338078	-17.08185	6717866	1.874827e+07	268.3274	195.7295	-6.049822	90657.95	1282.562	-4.626335	291.8149	-5.338078	-17.08185	-4.626335	291.8149
64.87	4287.188	80163.64	-560.2988	1061.922	9609.117	1011.246	5493.527	232.0284	-109.9644	646.2634	13486.92	5594.95	-5.338078	-17.08185	2.775884e+07	6.537237e+07	368.3274	1095.729	-6.049822	384731.9	2382.562	-4.626335	1291.815	-5.338078	-17.08185	-4.626335	1291.815
65.16	10789.19	86385.64	1639.701	4262.922	16713.12	6913.246	5093.527	1232.028	1990.036	2046.263	27597.92	10895.95	-5.338078	82.91815	5.656815e+07	1.141387e+08	1568.327	1295.729	393.9502	952811.9	3782.562	-4.626335	2391.815	-5.338078	82.91815	-4.626335	2391.815
65.45	25100.19	81567.64	739.7012	7062.922	27622.12	5412.246	6894.527	2232.028	1790.036	2046.263	53439.92	33415.95	94.66192	482.9182	8.162849e+07	2.383194e+08	2468.327	1495.729	1393.95	1530130	3682.562	-4.626335	4991.815	94.66192	482.9182	-4.626335	4991.815
65.73	44226.19	79962.64	3040.701	8463.922	43545.12	5713.246	13397.53	1132.028	1790.036	2446.263	59252.92	50143.95	-5.338078	182.9182	9.560811e+07	2.383194e+08	1768.327	2895.729	1093.95	1563184	3782.562	95.37366	5292.815	-5.338078	182.9182	95.37366	5292.815
66.02	58155.19	59399.64	2239.701	10364.92	58175.12	4812.246	11596.53	2032.028	2190.036	2946.263	68977.92	64877.95	-5.338078	182.9182	9.570951e+07	2.583515e+08	1768.327	2695.729	1093.95	1698283	5983.562	95.37366	7592.815	-5.338078	182.9182	95.37366	7592.815
66.3	82724.19	59500.64	1839.701	16667.92	98300.12	4712.246	14097.53	1332.028	2390.036	7047.263	77502.92	74303.95	-5.338078	382.9182	1.081742e+08	2.54345e+08	1168.327	3795.729	293.9502	1700207	7683.562	95.37366	10593.82	-5.338078	382.9182	95.37366	10593.82
66.59	104304.2	63109.64	1939.701	25976.92	143418.1	2211.246	14197.53	2332.028	2490.036	10848.26	76800.92	64075.95	-5.338078	682.9182	1.114172e+08	3.004214e+08	1968.327	2595.729	1193.95	1466586	8884.562	-4.626335	7992.815	-5.338078	682.9182	-4.626335	7992.815
66.88	115955.2	49676.64	2940.701	37891.92	187911.1	2211.246	17099.53	1832.028	3390.036	15251.26	81214.92	55655.95	-5.338078	1282.918	1.204782e+08	3.144455e+08	1868.327	3295.729	993.9502	1256286	10284.56	95.37366	9193.815	-5.338078	1282.918	95.37366	9193.815
67.16	123290.2	52683.64	3840.701	30981.92	218559.1	3112.246	16098.53	2432.028	2490.036	15451.26	92352.92	47137.95	-5.338078	1482.918	1.16819e+08	3.2847e+08	2268.327	2095.729	993.9502	1160101	8784.562	-4.626335	9593.815	-5.338078	1482.918	-4.626335	9593.815
67.45	135352.2	42260.64	939.7012	28779.92	188214.1	3912.246	18100.53	3332.028	3190.036	11549.26	92252.92	41728.95	194.6619	1482.918	1.32649e+08	3.485056e+08	2168.327	3595.729	1893.95	1083057	9084.562	95.37366	10193.82	194.6619	1482.918	95.37366	10193.82
67.73	136458.2	39255.64	3140.701	32183.92	150861.1	20123.25	24706.53	932.0284	3791.036	11149.26	95062.92	42429.95	-5.338078	1182.918	1.264635e+08	3.384877e+08	2868.327	3095.729	1893.95	985232.9	9384.562	-4.626335	11494.82	-5.338078	1182.918	-4.626335	11494.82
68.02	137363.2	59199.64	3740.701	35888.92	128839.1	4612.246	30713.53	2532.028	2990.036	10148.26	88438.92	40826.95	-5.338078	2982.918	1.151874e+08	3.404912e+08	3268.327	2495.729	1693.95	907573.9	9684.562	-4.626335	10593.82	-5.338078	2982.918	-4.626335	10593.82
68.31	109828.2	41559.64	4640.701	35988.92	109346.1	5613.246	33217.53	1532.028	2090.036	15751.26	83020.92	32214.95	194.6619	2382.918	1.451524e+08	3.12442e+08	3168.327	2095.729	1393.95	839661.9	9584.562	-4.626335	9293.815	194.6619	2382.918	-4.626335	9293.815
68.6	95871.19	90099.64	2539.701	43400.92	107538.1	7113.246	42431.53	2632.028	2290.036	25759.26	79107.92	26207.95	-5.338078	3382.918	1.212514e+08	3.084351e+08	4968.328	2495.729	5494.95	772445.9	11185.56	195.3737	9593.815	-5.338078	3382.918	195.3737	9593.815
68.88	84730.19	199659.6	3340.701	48410.92	91976.12	6313.246	55157.53	1432.028	3190.036	29163.26	72286.92	20301.95	194.6619	3382.918	1.21835e+08	3.204559e+08	5069.328	2095.729	1293.95	849071.9	11985.56	-4.626335	9693.815	194.6619	3382.918	-4.626335	9693.815
69.17	76805.19	457069.6	3840.701	48710.92	82844.12	7013.246	60570.53	2332.028	3991.036	29463.26	70080.92	15998.95	-5.338078	2282.918	1.223458e+08	3.745531e+08	5269.328	2195.729	593.9502	1064276	11785.56	-4.626335	11294.82	-5.338078	2282.918	-4.626335	11294.82
69.45	73695.19	527350.6	3040.701	47809.92	77527.12	8014.246	59367.53	2132.028	3791.036	27461.26	73891.92	17499.95	-5.338078	3182.918	1.269603e+08	3.605274e+08	5469.328	1495.729	493.9502	1373094	12585.56	-4.626335	11093.82	-5.338078	3182.918	-4.626335	11093.82
69.74	65272.19	561081.6	2539.701	48510.92	68000.12	16420.25	60770.53	2232.028	2990.036	30465.26	79207.92	15598.95	-5.338078	2682.918	1.316247e+08	3.064316e+08	5769.328	2395.729	793.9502	1591276	11385.56	-4.626335	11794.82	-5.338078	2682.918	-4.626335	11794.82
70.03	60761.19	595779.6	4640.701	42499.92	71108.12	38549.25	51549.53	2032.028	4491.036	25159.26	84023.92	17499.95	-5.338078	2582.918	1.315808e+08	3.12442e+08	3268.327	2495.729	1793.95	1891760	13386.56	-4.626335	9493.815	-5.338078	2582.918	-4.626335	9493.815
70.31	58556.19	429581.6	2539.701	49512.92	69103.12	55585.25	45036.53	2332.028	4991.036	19954.26	84525.92	20101.95	-5.338078	2182.918	1.310395e+08	3.424948e+08	4668.328	2795.729	993.9502	1923986	9284.562	-4.626335	9193.815	-5.338078	2182.918	-4.626335	9193.815
70.6	61663.19	370026.6	3440.701	60336.92	79835.12	56988.25	40929.53	3332.028	2690.036	26360.26	82919.92	16699.95	-5.338078	2382.918	1.279102e+08	3.424948e+08	4968.328	2695.729	1693.95	1696145	12785.56	95.37366	10493.82	-5.338078	2382.918	95.37366	10493.82
70.89	63869.19	239314.6	2539.701	59334.92	76223.12	39050.25	50146.53	1532.028	4891.036	34470.26	85528.92	14998.95	-5.338078	2382.918	1.392411e+08	3.745531e+08	4868.328	1695.729	693.9502	1627286	12185.56	-4.626335	10193.82	-5.338078	2382.918	-4.626335	10193.82
71.17	56751.19	223061.6	2940.701	65650.92	65092.12	32539.25	47140.53	2232.028	3290.036	31466.26	83020.92	14197.95	-5.338078	2682.918	1.266242e+08	3.545164e+08	6369.328	2195.729	2693.95	1606079	9284.562	-4.626335	11994.82	-5.338078	2682.918	-4.626335	11994.82
71.46	57453.19	229723.6	1539.701	62943.92	72312.12	23527.25	57262.53	2632.028	4491.036	30364.26	83020.92	15098.95	-5.338078	3382.918	1.326344e+08	3.144455e+08	5969.328	2895.729	1193.95	1761757	11685.56	95.37366	10393.82	-5.338078	3382.918	95.37366	10393.82
71.75	54346.19	134107.6	2439.701	69460.92	78129.12	21425.25	50747.53	1232.028	3390.036	35972.26	76298.92	15398.95	-5.338078	3382.918	1.261421e+08	3.545164e+08	5569.328	1895.729	993.9502	1947182	11084.56	-4.626335	8092.815	-5.338078	3382.918	-4.626335	8092.815
72.03	51941.19	119228.6	3740.701	66653.92	66796.12	17521.25	48342.53	2132.028	4491.036	29363.26	80110.92	16498.95	94.66192	3182.918	1.248275e+08	3.344805e+08	3068.327	2495.729	3093.95	2045594	11285.56	-4.626335	11494.82	94.66192	3182.918	-4.626335	11494.82
72.32	52342.19	133704.6	2739.701	69861.92	64691.12	21525.25	51549.53	2132.028	2490.036	19354.26	84525.92	27909.95	-5.338078	3482.918	1.373794e+08	3.985982e+08	4168.328	2395.729	6894.95	2284076	10884.56	95.37366	10693.82	-5.338078	3482.918	95.37366	10693.82
72.6	69183.19	100441.6	5240.701	60637.92	66596.12	15619.25	54355.53	3032.028	2690.036	23757.26	80913.92	32614.95	94.66192	2582.918	1.243018e+08	3.424948e+08	3668.327	1895.729	5394.95	2080940	9184.562	-4.626335	7892.815	94.66192	2582.918	-4.626335	7892.815
72.89	74799.19	75748.64	3340.701	56126.92	77026.12	16920.25	46739.53	1832.028	4591.036	17152.26	87234.92	34617.95	-5.338078	3282.918	1.220539e+08	2.884011e+08	3468.327	2095.729	7494.95	1797577	10084.56	-4.626335	9593.815	-5.338078	3282.918	-4.626335	9593.815
73.18	76103.19	111691.6	4340.701	53520.92	105429.1	11416.25	48543.53	2132.028	3390.036	14951.26	82719.92	37721.95	94.66192	1882.918	1.137167e+08	3.485056e+08	1568.327	2095.729	7794.95	1536291	6283.562	-4.626335	8893.815	94.66192	1882.918	-4.626335	8893.815
73.46	75300.19	1077930	2639.701	56327.92	139295.1	12717.25	33918.53	2532.028	2490.036	13950.26	75897.92	35018.95	-5.338078	2082.918	1.108498e+08	2.76381e+08	2068.327	3795.729	6694.95	1223099	5283.562	-4.626335	7892.815	-5.338078	2082.918	-4.626335	7892.815
73.75	62665.19	69428.64	2639.701	52919.92	159817.1	8714.246	23305.53	2432.028	1890.036	10048.26	70682.92	37721.95	-5.338078	982.9182	9.598474e+07	2.76381e+08	1968.327	1995.729	4493.95	1024672	4882.562	-4.626335	8092.815	-5.338078	982.9182	-4.626335	8092.815
74.03	54847.19	74644.64	639.7012	40495.92	145128.1	5913.246	18500.53	732.0284	2190.036	7947.263	49130.92	30712.95	-5.338078	1482.918	8.105141e+07	1.80231e+08	1768.327	1995.729	3693.95	761517.9	3482.562	95.37366	6492.815	-5.338078	1482.918	95.37366	6492.815
74.32	42723.19	57695.64	2339.701	32083.92	98802.12	9515.246	13297.53	1132.028	1490.036	7047.263	37210.92	19901.95	-5.338078	782.9182	6.00657e+07	1.682136e+08	1368.327	995.7296	2193.95	570427.9	1882.562	-4.626335	4391.815	-5.338078	782.9182	-4.626335	4391.815
74.61	29404.19	40657.64	739.7012	23173.92	68401.12	5713.246	11195.53	232.0284	990.0356	5647.263	29700.92	12496.95	-5.338078	882.9182	4.345437e+07	1.187982e+08	668.3274	595.7296	3493.95	474962.9	1782.562	-4.626335	3691.815	-5.338078	882.9182	-4.626335	3691.815
74.89	20395.19	31442.64	-360.2988	18168.92	50258.12	2411.246	8094.527	532.0284	-9.964355	3646.263	23193.92	15098.95	-5.338078	482.9182	3.464378e+07	1.006972e+08	1168.327	995.7296	1993.95	382294.9	1382.562	-4.626335	2391.815	-5.338078	482.9182	-4.626335	2391.815
75.18	19695.19	25633.64	-160.2988	14066.92	43545.12	1911.246	8894.526	532.0284	690.0356	3546.263	17688.92	8394.95	-5.338078	282.9182	2.674998e+07	7.547922e+07	568.3274	1095.729	1493.95	299881.9	1182.562	-4.626335	1991.815	-5.338078	282.9182	-4.626335	1991.815
75.46	11190.19	21128.64	2539.701	8563.922	31327.12	1111.246	5393.527	132.0284	490.0356	2246.263	16487.92	6894.95	-5.338078	282.9182	2.050433e+07	6.489662e+07	268.3274	695.7296	593.9502	220664	1882.562	-4.626335	1291.815	-5.338078	282.9182	-4.626335	1291.815
75.75	12390.19	13721.64	1539.701	9263.922	24119.12	2611.246	5593.527	732.0284	190.0356	1246.263	9984.918	7094.95	-5.338078	182.9182	1.745649e+07	4.449869e+07	668.3274	395.7295	1093.95	205636	582.5623	-4.626335	791.8149	-5.338078	182.9182	-4.626335	791.8149
76.03	8388.188	12920.64	-260.2988	7963.922	19415.12	11.24561	3993.527	332.0284	290.0356	1546.263	9384.918	4093.95	-5.338078	382.9182	1.401488e+07	4.034431e+07	568.3274	295.7295	393.9502	151351	582.5623	-4.626335	1091.815	-5.338078	382.9182	-4.626335	1091.815
76.32	6788.188	12420.64	-260.2988	4862.922	14912.12	611.2456	3193.527	132.0284	-509.9644	1346.263	8784.918	3893.95	-5.338078	282.9182	1.163745e+07	3.139308e+07	168.3274	295.7295	293.9502	130836	682.5623	95.37366	1091.815	-5.338078	282.9182	95.37366	1091.815
76.6	7388.188	23931.64	339.7012	6062.922	12110.12	1311.246	4093.527	-167.9716	690.0356	1446.263	6183.918	2393.95	-5.338078	82.91815	8272166	2.622707e+07	68.3274	195.7295	93.95018	100194	382.5623	-4.626335	691.8149	-5.338078	82.91815	-4.626335	691.8149
76.89	5888.188	17825.64	1239.701	4062.922	11910.12	1011.246	2292.527	532.0284	-209.9644	946.2634	4682.918	2593.95	-5.338078	82.91815	7396020	2.217944e+07	168.3274	-4.270463	193.9502	71595.95	282.5623	-4.626335	991.8149	-5.338078	82.91815	-4.626335	991.8149
77.18	4087.189	17124.64	-961.2988	4562.922	9709.117	-1389.754	2392.527	-67.97156	490.0356	1046.263	4982.918	893.9502	-5.338078	-17.08185	5602018	1.741087e+07	468.3274	95.72954	293.9502	76309.95	182.5623	-4.626335	91.81495	-5.338078	-17.08185	-4.626335	91.81495
77.46	2987.189	19927.64	739.7012	2661.922	7708.118	11.24561	2292.527	532.0284	-709.9644	746.2634	3482.918	2593.95	-5.338078	82.91815	4867728	1.479444e+07	-31.6726	-4.270463	-6.049822	53350.95	282.5623	-4.626335	391.8149	-5.338078	82.91815	-4.626335	391.8149
77.75	2887.189	20828.64	39.70117	1661.922	4107.118	-1489.754	1592.527	-67.97156	90.03564	746.2634	3182.918	1293.95	-5.338078	82.91815	4867728	1.303228e+07	-31.6726	-4.270463	193.9502	43932.95	82.56228	-4.626335	891.8149	-5.338078	82.91815	-4.626335	891.8149
78.03	2287.189	22029.64	239.7012	2161.922	5208.118	-188.7544	1092.527	-467.9716	490.0356	946.2634	1982.918	1193.95	-5.338078	-17.08185	4670062	1.000738e+07	-31.6726	195.7295	93.95018	48240.95	182.5623	95.37366	491.8149	-5.338078	-17.08185	95.37366	491.8149
78.32	1187.189	14522.64	-1661.299	1061.922	3907.117	1211.246	792.5267	-367.9716	-9.964355	846.2634	1382.918	1393.95	-5.338078	82.91815	2778664	9013852	-31.6726	295.7295	-6.049822	28709.95	82.56228	-4.626335	391.8149	-5.338078	82.91815	-4.626335	391.8149
78.61	1687.189	18425.64	-360.2988	1061.922	2407.117	-1489.754	-107.4733	-167.9716	-9.964355	346.2633	2182.918	893.9502	-5.338078	-17.08185	3159686	5283496	-31.6726	-4.270463	-6.049822	35218.95	82.56228	-4.626335	391.8149	-5.338078	-17.08185	-4.626335	391.8149
78.9	1187.189	17925.64	-460.2988	1661.922	2607.117	-88.75439	992.5267	-367.9716	90.03564	246.2633	1882.918	993.9502	-5.338078	-17.08185	1889775	6644691	-31.6726	95.72954	93.95018	19601.95	82.56228	-4.626335	191.8149	-5.338078	-17.08185	-4.626335	191.8149
79.18	787.1886	9018.641	-761.2988	761.9218	2607.117	11.24561	392.5267	32.02844	-9.964355	146.2633	1182.918	393.9502	-5.338078	-17.08185	2623446	4064535	68.3274	-4.270463	-6.049822	13597.95	-17.43772	-4.626335	391.8149	-5.338078	-17.08185	-4.626335	391.8149
79.47	887.1886	7217.641	-1161.299	1061.922	1507.117	-488.7544	-107.4733	432.0284	-209.9644	346.2633	1182.918	93.95018	-5.338078	82.91815	1142154	5056680	-31.6726	-4.270463	93.95018	20001.95	282.5623	-4.626335	91.81495	-5.338078	82.91815	-4.626335	91.81495
79.76	1287.189	8417.641	-2161.299	361.9218	1907.117	-88.75439	792.5267	-167.9716	-409.9644	146.2633	382.9182	493.9502	-5.338078	-17.08185	958799.4	3242682	68.3274	-4.270463	93.95018	16198.95	-17.43772	-4.626335	91.81495	-5.338078	-17.08185	-4.626335	91.81495
80.05	487.1886	12220.64	-1661.299	861.9218	1207.117	711.2456	192.5267	-67.97156	90.03564	146.2633	1082.918	393.9502	-5.338078	82.91815	1198573	2491846	68.3274	-4.270463	93.95018	13397.95	82.56228	-4.626335	591.8149	-5.338078	82.91815	-4.626335	591.8149
80.34	887.1886	2815.641	639.7012	1261.922	907.1174	-1089.754	-207.4733	432.0284	-409.9644	46.26334	1282.918	193.9502	-5.338078	-17.08185	887243.4	3356030	68.3274	-4.270463	-6.049822	9395.95	182.5623	-4.626335	91.81495	-5.338078	-17.08185	-4.626335	91.81495
80.62	787.1886	314.6406	-60.29883	361.9218	407.1174	-1289.754	-207.4733	-167.9716	90.03564	146.2633	882.9182	193.9502	-5.338078	82.91815	909004.4	2166061	-31.6726	-4.270463	-6.049822	10795.95	82.56228	-4.626335	91.81495	-5.338078	82.91815	-4.626335	91.81495
80.91	187.1886	7717.641	-560.2988	161.9218	1207.117	-689.7544	292.5267	-167.9716	-709.9644	-53.73666	582.9182	293.9502	-5.338078	-17.08185	634426.4	2959329	168.3274	-4.270463	-6.049822	9795.95	-17.43772	-4.626335	-8.185054	-5.338078	-17.08185	-4.626335	-8.185054
81.21	387.1886	4916.641	639.7012	-138.0782	1107.117	-488.7544	-707.4733	-267.9716	-9.964355	46.26334	82.91815	393.9502	-5.338078	-17.08185	648529.4	1698682	-31.6726	-4.270463	-6.049822	4793.95	-17.43772	95.37366	-8.185054	-5.338078	-17.08185	95.37366	-8.185054
81.5	187.1886	2014.641	-260.2988	461.9218	807.1174	11.24561	-7.473267	-267.9716	90.03564	-53.73666	882.9182	93.95018	-5.338078	-17.08185	352387.4	1967771	-31.6726	-4.270463	-6.049822	4093.95	82.56228	-4.626335	91.81495	-5.338078	-17.08185	-4.626335	91.81495
81.79	487.1886	914.6406	-460.2988	61.92175	907.1174	-889.7544	-207.4733	132.0284	290.0356	146.2633	182.9182	193.9502	-5.338078	-17.08185	415394.4	1769493	-31.6726	-4.270463	93.95018	2493.95	-17.43772	-4.626335	-8.185054	-5.338078	-17.08185	-4.626335	-8.185054
82.09	87.18861	1314.641	-1161.299	-138.0782	1107.117	-1889.754	192.5267	-267.9716	-409.9644	146.2633	-17.08185	93.95018	-5.338078	-17.08185	484726.4	934013.8	-31.6726	-4.270463	-6.049822	993.9502	-17.43772	-4.626335	91.81495	-5.338078	-17.08185	-4.626335	91.81495
82.38	87.18861	2214.641	-761.2988	161.9218	307.1174	-1989.754	-807.4733	-467.9716	-409.9644	46.26334	182.9182	-6.049822	-5.338078	-17.08185	197275.4	1783656	-31.6726	-4.270463	193.9502	6094.95	82.56228	-4.626335	-8.185054	-5.338078	-17.08185	-4.626335	-8.185054
82.67	87.18861	-185.3594	-260.2988	461.9218	607.1174	-689.7544	192.5267	32.02844	-109.9644	46.26334	82.91815	-6.049822	-5.338078	-17.08185	329630.4	545743.8	-31.6726	-4.270463	-6.049822	2193.95	182.5623	-4.626335	91.81495	-5.338078	-17.08185	-4.626335	91.81495
82.96	287.1886	514.6406	1339.701	761.9218	307.1174	211.2456	-907.4733	32.02844	190.0356	-53.73666	182.9182	293.9502	94.66192	-17.08185	148510.4	877378.8	-31.6726	-4.270463	-6.049822	1393.95	-17.43772	-4.626335	-8.185054	94.66192	-17.08185	-4.626335	-8.185054
83.26	87.18861	314.6406	-961.2988	261.9218	207.1174	-689.7544	92.52673	-67.97156	690.0356	46.26334	282.9182	93.95018	-5.338078	-17.08185	191904.4	339385.8	-31.6726	-4.270463	-6.049822	1793.95	-17.43772	-4.626335	-8.185054	-5.338078	-17.08185	-4.626335	-8.185054
83.54	87.18861	3515.641	639.7012	261.9218	307.1174	-1689.754	-507.4733	32.02844	-109.9644	146.2633	-17.08185	293.9502	-5.338078	-17.08185	59540.39	749951.8	-31.6726	-4.270463	-6.049822	2293.95	-17.43772	-4.626335	-8.185054	-5.338078	-17.08185	-4.626335	-8.185054
83.83	687.1886	114.6406	-260.2988	61.92175	407.1174	-989.7544	292.5267	232.0284	-609.9644	46.26334	-17.08185	-6.049822	-5.338078	-17.08185	120761.4	410169.8	-31.6726	-4.270463	-6.049822	2293.95	-17.43772	-4.626335	-8.185054	-5.338078	-17.08185	-4.626335	-8.185054
84.12	187.1886	-585.3594	-60.29883	61.92175	407.1174	-1589.754	-307.4733	-67.97156	390.0356	246.2633	82.91815	93.95018	-5.338078	-17.08185	98570.4	296916.8	-31.6726	-4.270463	-6.049822	493.9502	-17.43772	-4.626335	-8.185054	-5.338078	-17.08185	-4.626335	-8.185054
84.41	-12.81139	-85.35938	-660.2988	-238.0782	-92.88256	-689.7544	292.5267	-67.97156	-9.964355	46.26334	82.91815	93.95018	-5.338078	-17.08185	68162.4	509269.8	-31.6726	-4.270463	-6.049822	293.9502	-17.43772	-4.626335	-8.185054	-5.338078	-17.08185	-4.626335	-8.185054
84.7	-12.81139	14.64062	-861.2988	-38.07825	-92.88256	-1989.754	-507.4733	-67.97156	190.0356	-53.73666	-17.08185	93.95018	-5.338078	-17.08185	112824.4	254447.8	-31.6726	-4.270463	-6.049822	793.9502	-17.43772	-4.626335	-8.185054	-5.338078	-17.08185	-4.626335	-8.185054
84.99	-12.81139	-485.3594	-460.2988	361.9218	-92.88256	-689.7544	-707.4733	132.0284	-9.964355	-53.73666	82.91815	-6.049822	-5.338078	-17.08185	59440.39	316944.8	-31.6726	-4.270463	-6.049822	493.9502	-17.43772	-4.626335	-8.185054	-5.338078	-17.08185	-4.626335	-8.185054
85.27	-12.81139	514.6406	-961.2988	-138.0782	207.1174	-588.7544	492.5267	-267.9716	290.0356	-53.73666	82.91815	-6.049822	-5.338078	-17.08185	110413.4	99341.77	-31.6726	-4.270463	-6.049822	493.9502	-17.43772	-4.626335	91.81495	-5.338078	-17.08185	-4.626335	91.81495
85.56	87.18861	-185.3594	139.7012	561.9218	7.117439	-2189.754	92.52673	132.0284	490.0356	-53.73666	-17.08185	93.95018	-5.338078	-17.08185	40202.39	110589.8	-31.6726	-4.270463	-6.049822	1893.95	-17.43772	-4.626335	-8.185054	-5.338078	-17.08185	-4.626335	-8.185054
85.85	187.1886	1314.641	839.7012	61.92175	107.1174	-1389.754	-507.4733	-267.9716	-109.9644	46.26334	-17.08185	93.95018	-5.338078	-17.08185	116942.4	197822.8	-31.6726	-4.270463	-6.049822	193.9502	-17.43772	95.37366	91.81495	-5.338078	-17.08185	95.37366	91.81495
86.13	-12.81139	-685.3594	-1661.299	-538.0782	7.117439	311.2456	-407.4733	-367.9716	190.0356	-53.73666	-17.08185	-6.049822	-5.338078	-17.08185	60342.39	190368.8	-31.6726	-4.270463	-6.049822	-6.049822	-17.43772	-4.626335	-8.185054	-5.338078	-17.08185	-4.626335	-8.185054
86.42	87.18861	1114.641	-861.2988	-238.0782	-92.88256	-989.7544	292.5267	-267.9716	-109.9644	146.2633	82.91815	93.95018	-5.338078	-17.08185	18576.39	110790.8	-31.6726	-4.270463	-6.049822	193.9502	-17.43772	-4.626335	-8.185054	-5.338078	-17.08185	-4.626335	-8.185054
86.7	-12.81139	114.6406	-1561.299	-138.0782	7.117439	311.2456	592.5267	32.02844	690.0356	-53.73666	-17.08185	-6.049822	-5.338078	-17.08185	119253.4	144159.8	-31.6726	-4.270463	-6.049822	1593.95	-17.43772	-4.626335	91.81495	-5.338078	-17.08185	-4.626335	91.81495
86.99	87.18861	-1285.359	-160.2988	-338.0782	107.1174	511.2456	-307.4733	-367.9716	390.0356	46.26334	-17.08185	-6.049822	-5.338078	-17.08185	101877.4	537583.8	-31.6726	-4.270463	-6.049822	93.95018	-17.43772	-4.626335	-8.185054	-5.338078	-17.08185	-4.626335	-8.185054
87.27	87.18861	14.64062	1439.701	-338.0782	207.1174	11.24561	-207.4733	132.0284	-509.9644	-53.73666	82.91815	-6.049822	-5.338078	-17.08185	10271.39	68638.77	-31.6726	-4.270463	-6.049822	2493.95	-17.43772	-4.626335	-8.185054	-5.338078	-17.08185	-4.626335	-8.185054
87.56	-12.81139	-1085.359	-1261.299	-138.0782	-92.88256	-689.7544	-407.4733	-67.97156	-309.9644	-53.73666	-17.08185	-6.049822	-5.338078	-17.08185	40702.39	44082.77	-31.6726	-4.270463	-6.049822	93.95018	-17.43772	-4.626335	91.81495	-5.338078	-17.08185	-4.626335	91.81495
87.84	-12.81139	114.6406	-761.2988	461.9218	107.1174	11.24561	-307.4733	-167.9716	290.0356	-53.73666	82.91815	-6.049822	-5.338078	-17.08185	35294.39	67335.77	-31.6726	-4.270463	-6.049822	-6.049822	-17.43772	-4.626335	-8.185054	-5.338078	-17.08185	-4.626335	-8.185054
88.13	-12.81139	814.6406	39.70117	-38.07825	-92.88256	-1789.754	-807.4733	-467.9716	-9.964355	46.26334	-17.08185	-6.049822	-5.338078	82.91815	36296.39	42109.77	-31.6726	-4.270463	-6.049822	-6.049822	-17.43772	-4.626335	-8.185054	-5.338078	82.91815	-4.626335	-8.185054
88.42	87.18861	-185.3594	-460.2988	61.92175	7.117439	-1189.754	-307.4733	232.0284	90.03564	-53.73666	-17.08185	-6.049822	-5.338078	-17.08185	89529.4	17549.77	-31.6726	-4.270463	93.95018	493.9502	-17.43772	-4.626335	-8.185054	-5.338078	-17.08185	-4.626335	-8.185054
88.71	-12.81139	-185.3594	-60.29883	-238.0782	-92.88256	-1989.754	292.5267	-267.9716	-109.9644	-53.73666	-17.08185	-6.049822	-5.338078	82.91815	-130.605	18850.77	-31.6726	-4.270463	-6.049822	193.9502	-17.43772	-4.626335	-8.185054	-5.338078	82.91815	-4.626335	-8.185054
88.99	-12.81139	814.6406	439.7012	61.92175	7.117439	-689.7544	492.5267	-67.97156	290.0356	-53.73666	-17.08185	-6.049822	-5.338078	-17.08185	3569.395	98739.77	-31.6726	195.7295	-6.049822	493.9502	-17.43772	-4.626335	-8.185054	-5.338078	-17.08185	-4.626335	-8.185054
89.28	-12.81139	114.6406	-360.2988	61.92175	207.1174	-288.7544	-107.4733	-367.9716	-309.9644	146.2633	-17.08185	-6.049822	-5.338078	-17.08185	1169.395	90407.77	-31.6726	-4.270463	-6.049822	493.9502	-17.43772	-4.626335	-8.185054	-5.338078	-17.08185	-4.626335	-8.185054
89.56	-12.81139	-385.3594	-260.2988	-138.0782	207.1174	-1789.754	-307.4733	-67.97156	-209.9644	-53.73666	182.9182	-6.049822	-5.338078	-17.08185	55832.39	4343.772	-31.6726	-4.270463	-6.049822	-6.049822	-17.43772	-4.626335	91.81495	-5.338078	-17.08185	-4.626335	91.81495
89.85	87.18861	314.6406	39.70117	-338.0782	-92.88256	-588.7544	-207.4733	32.02844	-609.9644	-53.73666	-17.08185	-6.049822	-5.338078	-17.08185	14173.39	68337.77	-31.6726	-4.270463	-6.049822	-6.049822	-17.43772	-4.626335	-8.185054	-5.338078	-17.08185	-4.626335	-8.185054
90.13	-12.81139	614.6406	-861.2988	-338.0782	-92.88256	-689.7544	-7.473267	32.02844	-209.9644	-53.73666	-17.08185	-6.049822	-5.338078	-17.08185	38098.39	8645.772	-31.6726	-4.270463	-6.049822	493.9502	-17.43772	-4.626335	-8.185054	-5.338078	-17.08185	-4.626335	-8.185054
90.43	-12.81139	914.6406	539.7012	161.9218	-92.88256	-1489.754	192.5267	-167.9716	-209.9644	-53.73666	-17.08185	-6.049822	-5.338078	82.91815	19176.39	-356.2278	68.3274	-4.270463	-6.049822	393.9502	-17.43772	95.37366	-8.185054	-5.338078	82.91815	95.37366	-8.185054
90.71	-12.81139	-685.3594	-1861.299	261.9218	7.117439	-88.75439	-507.4733	332.0284	-409.9644	46.26334	-17.08185	-6.049822	94.66192	-17.08185	44609.39	8945.772	-31.6726	-4.270463	-6.049822	393.9502	-17.43772	-4.626335	-8.185054	94.66192	-17.08185	-4.626335	-8.185054
91	87.18861	-985.3594	-260.2988	-238.0782	7.117439	-388.7544	-507.4733	-167.9716	-409.9644	-53.73666	82.91815	-6.049822	-5.338078	-17.08185	15674.39	24656.77	-31.6726	-4.270463	-6.049822	193.9502	82.56228	-4.626335	-8.185054	-5.338078	-17.08185	-4.626335	-8.185054
91.28	-12.81139	414.6406	-961.2988	-138.0782	-92.88256	-1389.754	-107.4733	32.02844	90.03564	-53.73666	-17.08185	-6.049822	-5.338078	-17.08185	2269.395	1843.772	-31.6726	-4.270463	-6.049822	93.95018	-17.43772	-4.626335	-8.185054	-5.338078	-17.08185	-4.626335	-8.185054
91.57	-12.81139	-485.3594	-60.29883	-438.0782	107.1174	-1589.754	-307.4733	432.0284	-609.9644	-53.73666	-17.08185	93.95018	-5.338078	-17.08185	8871.395	56264.77	-31.6726	95.72954	-6.049822	-6.049822	-17.43772	-4.626335	-8.185054	-5.338078	-17.08185	-4.626335	-8.185054
91.86	-12.81139	-885.3594	39.70117	-538.0782	7.117439	511.2456	-507.4733	32.02844	-509.9644	-53.73666	182.9182	-6.049822	-5.338078	-17.08185	10671.39	50294.77	-31.6726	-4.270463	-6.049822	-6.049822	-17.43772	-4.626335	-8.185054	-5.338078	-17.08185	-4.626335	-8.185054
92.14	-12.81139	-485.3594	-1161.299	61.92175	-92.88256	-288.7544	-507.4733	-167.9716	990.0356	-53.73666	82.91815	-6.049822	-5.338078	-17.08185	15074.39	143.7722	-31.6726	-4.270463	-6.049822	-6.049822	-17.43772	-4.626335	-8.185054	-5.338078	-17.08185	-4.626335	-8.185054
92.43	-12.81139	1114.641	-861.2988	361.9218	7.117439	-1289.754	-607.4733	232.0284	290.0356	146.2633	-17.08185	-6.049822	-5.338078	-17.08185	69.39502	-156.2278	-31.6726	-4.270463	-6.049822	-6.049822	-17.43772	-4.626335	191.8149	-5.338078	-17.08185	-4.626335	191.8149
92.71	-12.81139	-585.3594	-961.2988	161.9218	-92.88256	-689.7544	92.52673	132.0284	90.03564	46.26334	-17.08185	-6.049822	-5.338078	-17.08185	-30.60498	343.7722	68.3274	-4.270463	-6.049822	-6.049822	-17.43772	-4.626335	-8.185054	-5.338078	-17.08185	-4.626335	-8.185054
93	87.18861	1014.641	-360.2988	-38.07825	-92.88256	-1689.754	-307.4733	-167.9716	790.0356	346.2633	-17.08185	-6.049822	-5.338078	-17.08185	69.39502	-356.2278	-31.6726	-4.270463	-6.049822	93.95018	-17.43772	-4.626335	-8.185054	-5.338078	-17.08185	-4.626335	-8.185054
