ElapsedTime_s	Ti49_CPS	Al27_CPS	S33_CPS	Sc45_CPS	V51_CPS	Mn55_CPS	Fe57_CPS	Co59_CPS	Ni60_CPS	Ga71_CPS	Zr90_CPS	Nb93_CPS	Mo97_CPS	In113_CPS	Sn119_CPS	Sn118_CPS	Sb121_CPS	Hf177_CPS	Ta181_CPS	W183_CPS	Pb206_CPS	Th232_CPS	U238_CPS	Tc97_CPS	Cd113_CPS	U232_CPS	Pu238_CPS
0	87.18861	1314.641	-360.2988	461.9218	7.117439	-1589.754	-307.4733	-167.9716	-609.9644	-53.73666	-17.08185	-6.049822	-5.338078	-17.08185	31289.39	87397.77	-31.6726	-4.270463	-6.049822	93.95018	-17.43772	-4.626335	-8.185054	-5.338078	-17.08185	-4.626335	-8.185054
																											
9.19	-12.81139	614.6406	-2361.299	161.9218	-92.88256	-1289.754	-107.4733	232.0284	1390.036	246.2633	-17.08185	-6.049822	-5.338078	-17.08185	-130.605	-256.2278	-31.6726	-4.270463	-6.049822	-6.049822	-17.43772	-4.626335	-8.185054	-5.338078	-17.08185	-4.626335	-8.185054
9.48	-12.81139	214.6406	-761.2988	-138.0782	-92.88256	-1189.754	-207.4733	532.0284	-109.9644	46.26334	-17.08185	-6.049822	-5.338078	-17.08185	2669.395	143.7722	68.3274	-4.270463	-6.049822	93.95018	-17.43772	-4.626335	-8.185054	-5.338078	-17.08185	-4.626335	-8.185054
9.76	-12.81139	-485.3594	-160.2988	-438.0782	7.117439	-1589.754	-407.4733	132.0284	90.03564	46.26334	-17.08185	-6.049822	94.66192	-17.08185	169.395	43.77225	68.3274	-4.270463	-6.049822	693.9502	-17.43772	-4.626335	-8.185054	94.66192	-17.08185	-4.626335	-8.185054
10.05	-12.81139	-185.3594	-1961.299	-138.0782	107.1174	-388.7544	492.5267	132.0284	290.0356	46.26334	-17.08185	-6.049822	-5.338078	-17.08185	7670.395	1143.772	-31.6726	-4.270463	-6.049822	-6.049822	-17.43772	-4.626335	-8.185054	-5.338078	-17.08185	-4.626335	-8.185054
10.33	-12.81139	514.6406	39.70117	261.9218	-92.88256	-1489.754	92.52673	332.0284	990.0356	46.26334	-17.08185	-6.049822	-5.338078	-17.08185	11272.39	-56.22775	-31.6726	-4.270463	-6.049822	-6.049822	-17.43772	-4.626335	91.81495	-5.338078	-17.08185	-4.626335	91.81495
10.62	-12.81139	214.6406	-160.2988	361.9218	7.117439	-1289.754	-807.4733	632.0284	-309.9644	46.26334	-17.08185	-6.049822	-5.338078	-17.08185	1469.395	8745.772	-31.6726	-4.270463	-6.049822	-6.049822	-17.43772	-4.626335	-8.185054	-5.338078	-17.08185	-4.626335	-8.185054
10.9	87.18861	14.64062	-1961.299	-338.0782	-92.88256	-689.7544	492.5267	232.0284	190.0356	46.26334	-17.08185	-6.049822	-5.338078	-17.08185	-130.605	-56.22775	-31.6726	-4.270463	-6.049822	-6.049822	-17.43772	-4.626335	-8.185054	-5.338078	-17.08185	-4.626335	-8.185054
11.19	-12.81139	114.6406	339.7012	61.92175	107.1174	-1489.754	-107.4733	-67.97156	790.0356	-53.73666	-17.08185	-6.049822	-5.338078	-17.08185	-30.60498	-256.2278	-31.6726	-4.270463	-6.049822	-6.049822	-17.43772	-4.626335	-8.185054	-5.338078	-17.08185	-4.626335	-8.185054
11.47	-12.81139	-585.3594	-1061.299	261.9218	-92.88256	-1089.754	-207.4733	432.0284	-309.9644	-53.73666	182.9182	-6.049822	-5.338078	-17.08185	-130.605	143.7722	-31.6726	-4.270463	-6.049822	-6.049822	-17.43772	-4.626335	-8.185054	-5.338078	-17.08185	-4.626335	-8.185054
11.76	-12.81139	-685.3594	-1461.299	-238.0782	-92.88256	-1089.754	292.5267	232.0284	290.0356	46.26334	-17.08185	-6.049822	-5.338078	-17.08185	269.395	743.7722	-31.6726	-4.270463	-6.049822	-6.049822	-17.43772	-4.626335	-8.185054	-5.338078	-17.08185	-4.626335	-8.185054
12.04	-12.81139	1714.641	-861.2988	61.92175	207.1174	-1189.754	-707.4733	-167.9716	390.0356	-53.73666	-17.08185	-6.049822	-5.338078	-17.08185	-130.605	43.77225	68.3274	-4.270463	-6.049822	-6.049822	-17.43772	-4.626335	-8.185054	-5.338078	-17.08185	-4.626335	-8.185054
12.33	87.18861	1914.641	-961.2988	-38.07825	-92.88256	-1089.754	-207.4733	132.0284	690.0356	146.2633	-17.08185	-6.049822	-5.338078	-17.08185	-130.605	343.7722	-31.6726	-4.270463	-6.049822	-6.049822	-17.43772	-4.626335	-8.185054	-5.338078	-17.08185	-4.626335	-8.185054
12.61	-12.81139	-685.3594	-60.29883	61.92175	7.117439	-1589.754	-307.4733	32.02844	-509.9644	146.2633	-17.08185	-6.049822	-5.338078	-17.08185	4869.395	-56.22775	-31.6726	-4.270463	-6.049822	393.9502	-17.43772	-4.626335	-8.185054	-5.338078	-17.08185	-4.626335	-8.185054
12.9	-12.81139	414.6406	-861.2988	-238.0782	-92.88256	-789.7544	-207.4733	232.0284	-709.9644	46.26334	-17.08185	93.95018	-5.338078	-17.08185	169.395	243.7722	-31.6726	-4.270463	-6.049822	-6.049822	-17.43772	-4.626335	-8.185054	-5.338078	-17.08185	-4.626335	-8.185054
13.18	-12.81139	514.6406	339.7012	61.92175	-92.88256	-689.7544	-307.4733	-67.97156	-309.9644	-53.73666	-17.08185	-6.049822	-5.338078	-17.08185	-30.60498	243.7722	-31.6726	-4.270463	-6.049822	-6.049822	-17.43772	-4.626335	-8.185054	-5.338078	-17.08185	-4.626335	-8.185054
13.47	-12.81139	1514.641	-761.2988	-438.0782	-92.88256	-1889.754	92.52673	132.0284	290.0356	-53.73666	-17.08185	-6.049822	-5.338078	82.91815	5470.395	-56.22775	-31.6726	-4.270463	-6.049822	-6.049822	-17.43772	-4.626335	-8.185054	-5.338078	82.91815	-4.626335	-8.185054
13.75	-12.81139	-85.35938	-961.2988	361.9218	-92.88256	-388.7544	192.5267	232.0284	-109.9644	-53.73666	-17.08185	-6.049822	-5.338078	-17.08185	369.395	143.7722	-31.6726	-4.270463	-6.049822	-6.049822	-17.43772	95.37366	-8.185054	-5.338078	-17.08185	95.37366	-8.185054
14.04	87.18861	-585.3594	-1461.299	61.92175	-92.88256	11.24561	-307.4733	232.0284	-109.9644	146.2633	-17.08185	-6.049822	94.66192	-17.08185	-130.605	143.7722	-31.6726	-4.270463	93.95018	-6.049822	-17.43772	-4.626335	-8.185054	94.66192	-17.08185	-4.626335	-8.185054
14.32	-12.81139	-485.3594	539.7012	-138.0782	7.117439	-789.7544	-207.4733	532.0284	-109.9644	-53.73666	-17.08185	-6.049822	-5.338078	-17.08185	-30.60498	8244.772	-31.6726	-4.270463	-6.049822	-6.049822	-17.43772	-4.626335	-8.185054	-5.338078	-17.08185	-4.626335	-8.185054
14.61	-12.81139	-185.3594	139.7012	161.9218	7.117439	-2189.754	292.5267	332.0284	390.0356	-53.73666	-17.08185	-6.049822	-5.338078	-17.08185	2569.395	-256.2278	-31.6726	-4.270463	-6.049822	-6.049822	-17.43772	-4.626335	-8.185054	-5.338078	-17.08185	-4.626335	-8.185054
14.89	-12.81139	114.6406	-2161.299	-238.0782	7.117439	-2089.754	592.5267	-267.9716	90.03564	-53.73666	-17.08185	-6.049822	-5.338078	-17.08185	-130.605	-256.2278	-31.6726	-4.270463	-6.049822	-6.049822	-17.43772	95.37366	-8.185054	-5.338078	-17.08185	95.37366	-8.185054
15.18	-12.81139	14.64062	-1161.299	261.9218	7.117439	-789.7544	-107.4733	732.0284	190.0356	-53.73666	-17.08185	-6.049822	-5.338078	-17.08185	-130.605	43.77225	-31.6726	-4.270463	-6.049822	-6.049822	-17.43772	-4.626335	-8.185054	-5.338078	-17.08185	-4.626335	-8.185054
15.46	-12.81139	-585.3594	-660.2988	-338.0782	-92.88256	-689.7544	-707.4733	-67.97156	-309.9644	-53.73666	-17.08185	-6.049822	94.66192	-17.08185	-30.60498	443.7722	168.3274	-4.270463	-6.049822	-6.049822	82.56228	-4.626335	-8.185054	94.66192	-17.08185	-4.626335	-8.185054
15.75	-12.81139	914.6406	-761.2988	261.9218	-92.88256	-1789.754	-607.4733	132.0284	-9.964355	-53.73666	-17.08185	-6.049822	-5.338078	-17.08185	-30.60498	143.7722	-31.6726	-4.270463	-6.049822	-6.049822	-17.43772	-4.626335	-8.185054	-5.338078	-17.08185	-4.626335	-8.185054
16.03	-12.81139	314.6406	-1061.299	-838.0782	107.1174	-388.7544	-107.4733	332.0284	990.0356	-53.73666	-17.08185	-6.049822	-5.338078	-17.08185	-130.605	-56.22775	-31.6726	-4.270463	-6.049822	93.95018	-17.43772	-4.626335	-8.185054	-5.338078	-17.08185	-4.626335	-8.185054
16.32	-12.81139	14.64062	-660.2988	-238.0782	-92.88256	-1589.754	-807.4733	332.0284	-9.964355	-53.73666	-17.08185	-6.049822	-5.338078	-17.08185	169.395	-256.2278	-31.6726	-4.270463	-6.049822	-6.049822	-17.43772	-4.626335	-8.185054	-5.338078	-17.08185	-4.626335	-8.185054
16.6	-12.81139	1814.641	-560.2988	-538.0782	-92.88256	-1389.754	-7.473267	132.0284	90.03564	46.26334	-17.08185	-6.049822	-5.338078	-17.08185	-130.605	-56.22775	-31.6726	-4.270463	-6.049822	-6.049822	-17.43772	-4.626335	-8.185054	-5.338078	-17.08185	-4.626335	-8.185054
16.88	87.18861	414.6406	-861.2988	461.9218	-92.88256	-1489.754	92.52673	-67.97156	90.03564	146.2633	-17.08185	-6.049822	-5.338078	-17.08185	-30.60498	22854.77	-31.6726	-4.270463	-6.049822	-6.049822	82.56228	-4.626335	-8.185054	-5.338078	-17.08185	-4.626335	-8.185054
17.17	-12.81139	214.6406	-1461.299	-538.0782	-92.88256	-1989.754	-7.473267	32.02844	190.0356	146.2633	-17.08185	-6.049822	-5.338078	-17.08185	-30.60498	-56.22775	-31.6726	-4.270463	-6.049822	93.95018	-17.43772	-4.626335	-8.185054	-5.338078	-17.08185	-4.626335	-8.185054
17.45	-12.81139	1514.641	-1161.299	661.9218	-92.88256	-88.75439	-207.4733	432.0284	290.0356	46.26334	-17.08185	-6.049822	-5.338078	-17.08185	-30.60498	78367.77	168.3274	-4.270463	-6.049822	-6.049822	-17.43772	-4.626335	-8.185054	-5.338078	-17.08185	-4.626335	-8.185054
17.74	-12.81139	514.6406	-1661.299	561.9218	-92.88256	-2089.754	392.5267	332.0284	390.0356	-53.73666	-17.08185	-6.049822	-5.338078	-17.08185	-30.60498	8645.772	-31.6726	-4.270463	-6.049822	-6.049822	-17.43772	-4.626335	-8.185054	-5.338078	-17.08185	-4.626335	-8.185054
18.02	-12.81139	1114.641	-1361.299	-38.07825	7.117439	-789.7544	-607.4733	-467.9716	-309.9644	46.26334	-17.08185	-6.049822	-5.338078	82.91815	-130.605	43.77225	-31.6726	-4.270463	-6.049822	-6.049822	-17.43772	95.37366	-8.185054	-5.338078	82.91815	95.37366	-8.185054
18.31	87.18861	414.6406	-560.2988	-38.07825	-92.88256	-1789.754	-607.4733	232.0284	-809.9644	-53.73666	-17.08185	-6.049822	94.66192	-17.08185	69.39502	43.77225	-31.6726	-4.270463	-6.049822	-6.049822	-17.43772	-4.626335	-8.185054	94.66192	-17.08185	-4.626335	-8.185054
18.6	-12.81139	14.64062	-160.2988	-138.0782	-92.88256	-1289.754	-907.4733	-167.9716	490.0356	46.26334	-17.08185	-6.049822	-5.338078	-17.08185	69.39502	243.7722	-31.6726	-4.270463	-6.049822	93.95018	-17.43772	-4.626335	-8.185054	-5.338078	-17.08185	-4.626335	-8.185054
18.88	-12.81139	1414.641	-1161.299	-538.0782	-92.88256	-1989.754	192.5267	-167.9716	390.0356	46.26334	82.91815	-6.049822	-5.338078	-17.08185	169.395	143.7722	-31.6726	-4.270463	-6.049822	-6.049822	82.56228	-4.626335	-8.185054	-5.338078	-17.08185	-4.626335	-8.185054
19.17	-12.81139	-885.3594	-761.2988	161.9218	7.117439	-1789.754	-7.473267	-267.9716	-309.9644	-53.73666	-17.08185	-6.049822	-5.338078	82.91815	-30.60498	43.77225	-31.6726	-4.270463	-6.049822	93.95018	-17.43772	-4.626335	-8.185054	-5.338078	82.91815	-4.626335	-8.185054
19.45	-12.81139	14.64062	-961.2988	-638.0782	7.117439	-1489.754	-7.473267	532.0284	-809.9644	-53.73666	-17.08185	-6.049822	-5.338078	-17.08185	-30.60498	-256.2278	68.3274	-4.270463	-6.049822	193.9502	-17.43772	-4.626335	91.81495	-5.338078	-17.08185	-4.626335	91.81495
19.73	-12.81139	814.6406	-1061.299	361.9218	107.1174	-989.7544	-707.4733	132.0284	190.0356	-53.73666	-17.08185	-6.049822	-5.338078	-17.08185	169.395	-56.22775	-31.6726	-4.270463	-6.049822	-6.049822	82.56228	-4.626335	-8.185054	-5.338078	-17.08185	-4.626335	-8.185054
20.02	-12.81139	114.6406	-1161.299	61.92175	-92.88256	-488.7544	-707.4733	-267.9716	590.0356	-53.73666	-17.08185	-6.049822	-5.338078	-17.08185	-130.605	-156.2278	-31.6726	-4.270463	-6.049822	-6.049822	-17.43772	-4.626335	-8.185054	-5.338078	-17.08185	-4.626335	-8.185054
20.31	-12.81139	1214.641	-961.2988	161.9218	7.117439	-889.7544	-307.4733	-167.9716	90.03564	-53.73666	-17.08185	93.95018	-5.338078	-17.08185	-30.60498	-56.22775	-31.6726	-4.270463	-6.049822	-6.049822	182.5623	-4.626335	-8.185054	-5.338078	-17.08185	-4.626335	-8.185054
20.59	-12.81139	-85.35938	-460.2988	161.9218	7.117439	-789.7544	-707.4733	32.02844	-109.9644	-53.73666	-17.08185	-6.049822	-5.338078	-17.08185	69.39502	15148.77	-31.6726	95.72954	-6.049822	-6.049822	-17.43772	-4.626335	-8.185054	-5.338078	-17.08185	-4.626335	-8.185054
20.88	-12.81139	1514.641	-861.2988	261.9218	107.1174	-689.7544	-7.473267	132.0284	90.03564	-53.73666	-17.08185	-6.049822	-5.338078	-17.08185	-30.60498	-256.2278	-31.6726	-4.270463	-6.049822	-6.049822	-17.43772	-4.626335	-8.185054	-5.338078	-17.08185	-4.626335	-8.185054
21.16	-12.81139	1414.641	1139.701	61.92175	-92.88256	-1489.754	-907.4733	132.0284	-509.9644	-53.73666	-17.08185	-6.049822	-5.338078	82.91815	-130.605	-156.2278	-31.6726	-4.270463	-6.049822	-6.049822	-17.43772	-4.626335	-8.185054	-5.338078	82.91815	-4.626335	-8.185054
21.46	-12.81139	1414.641	-1361.299	161.9218	7.117439	-789.7544	-307.4733	-267.9716	290.0356	-53.73666	-17.08185	-6.049822	-5.338078	82.91815	-30.60498	-356.2278	-31.6726	-4.270463	-6.049822	-6.049822	-17.43772	-4.626335	-8.185054	-5.338078	82.91815	-4.626335	-8.185054
21.74	-12.81139	-685.3594	-1361.299	-238.0782	7.117439	-1189.754	-307.4733	-267.9716	790.0356	146.2633	-17.08185	-6.049822	-5.338078	-17.08185	69.39502	-156.2278	-31.6726	-4.270463	-6.049822	-6.049822	-17.43772	-4.626335	91.81495	-5.338078	-17.08185	-4.626335	91.81495
22.02	87.18861	-1886.359	-60.29883	161.9218	7.117439	-1189.754	-207.4733	-167.9716	-309.9644	-53.73666	-17.08185	-6.049822	-5.338078	-17.08185	-130.605	40877.77	-31.6726	-4.270463	-6.049822	-6.049822	-17.43772	-4.626335	-8.185054	-5.338078	-17.08185	-4.626335	-8.185054
22.31	-12.81139	-85.35938	-961.2988	161.9218	7.117439	-789.7544	-507.4733	-167.9716	-609.9644	-53.73666	-17.08185	-6.049822	-5.338078	-17.08185	17976.39	-256.2278	-31.6726	-4.270463	-6.049822	793.9502	-17.43772	-4.626335	-8.185054	-5.338078	-17.08185	-4.626335	-8.185054
22.6	-12.81139	914.6406	-160.2988	-238.0782	-92.88256	-1289.754	-1407.473	332.0284	-609.9644	146.2633	-17.08185	-6.049822	-5.338078	-17.08185	-130.605	-256.2278	-31.6726	-4.270463	-6.049822	-6.049822	-17.43772	-4.626335	-8.185054	-5.338078	-17.08185	-4.626335	-8.185054
22.88	-12.81139	1214.641	-761.2988	-38.07825	-92.88256	-1889.754	-707.4733	-467.9716	190.0356	-53.73666	82.91815	-6.049822	-5.338078	-17.08185	269.395	-56.22775	68.3274	-4.270463	-6.049822	-6.049822	-17.43772	-4.626335	-8.185054	-5.338078	-17.08185	-4.626335	-8.185054
23.17	-12.81139	1614.641	-360.2988	-338.0782	-92.88256	-1589.754	-307.4733	232.0284	890.0356	-53.73666	-17.08185	-6.049822	-5.338078	-17.08185	-30.60498	-256.2278	68.3274	-4.270463	-6.049822	-6.049822	-17.43772	-4.626335	-8.185054	-5.338078	-17.08185	-4.626335	-8.185054
23.45	87.18861	1214.641	-560.2988	-38.07825	-92.88256	-1389.754	-707.4733	-267.9716	-209.9644	-53.73666	82.91815	-6.049822	-5.338078	-17.08185	-30.60498	143.7722	-31.6726	-4.270463	-6.049822	-6.049822	-17.43772	-4.626335	-8.185054	-5.338078	-17.08185	-4.626335	-8.185054
23.73	-12.81139	1114.641	-460.2988	561.9218	107.1174	-1489.754	-507.4733	-167.9716	-9.964355	146.2633	-17.08185	-6.049822	-5.338078	-17.08185	69.39502	43.77225	-31.6726	-4.270463	-6.049822	-6.049822	-17.43772	-4.626335	-8.185054	-5.338078	-17.08185	-4.626335	-8.185054
24.02	87.18861	314.6406	-1061.299	61.92175	207.1174	-989.7544	192.5267	132.0284	290.0356	46.26334	-17.08185	-6.049822	-5.338078	-17.08185	269.395	-256.2278	-31.6726	-4.270463	-6.049822	-6.049822	-17.43772	-4.626335	-8.185054	-5.338078	-17.08185	-4.626335	-8.185054
24.31	87.18861	314.6406	-1461.299	1061.922	7.117439	-288.7544	-7.473267	-67.97156	290.0356	46.26334	-17.08185	-6.049822	-5.338078	-17.08185	-130.605	43.77225	-31.6726	-4.270463	-6.049822	-6.049822	-17.43772	-4.626335	-8.185054	-5.338078	-17.08185	-4.626335	-8.185054
24.59	-12.81139	-385.3594	339.7012	161.9218	307.1174	-689.7544	-107.4733	32.02844	90.03564	46.26334	-17.08185	-6.049822	-5.338078	-17.08185	-130.605	43.77225	-31.6726	-4.270463	-6.049822	493.9502	-17.43772	-4.626335	-8.185054	-5.338078	-17.08185	-4.626335	-8.185054
24.88	-12.81139	1314.641	-260.2988	-38.07825	-92.88256	-488.7544	-807.4733	32.02844	1190.036	-53.73666	-17.08185	-6.049822	-5.338078	82.91815	-130.605	-356.2278	-31.6726	-4.270463	-6.049822	-6.049822	-17.43772	-4.626335	-8.185054	-5.338078	82.91815	-4.626335	-8.185054
25.16	-12.81139	-1686.359	-861.2988	161.9218	107.1174	-1989.754	92.52673	-167.9716	1090.036	146.2633	-17.08185	-6.049822	-5.338078	-17.08185	-30.60498	243.7722	-31.6726	-4.270463	-6.049822	-6.049822	-17.43772	-4.626335	-8.185054	-5.338078	-17.08185	-4.626335	-8.185054
25.44	-12.81139	-385.3594	-1361.299	461.9218	7.117439	-588.7544	-707.4733	-67.97156	490.0356	-53.73666	-17.08185	-6.049822	-5.338078	-17.08185	69.39502	-56.22775	-31.6726	-4.270463	-6.049822	-6.049822	-17.43772	-4.626335	-8.185054	-5.338078	-17.08185	-4.626335	-8.185054
25.73	187.1886	1014.641	-2261.299	-138.0782	7.117439	-2189.754	-307.4733	732.0284	-409.9644	-53.73666	-17.08185	-6.049822	-5.338078	-17.08185	-130.605	43.77225	-31.6726	-4.270463	-6.049822	-6.049822	-17.43772	-4.626335	-8.185054	-5.338078	-17.08185	-4.626335	-8.185054
26.01	187.1886	914.6406	-1461.299	-338.0782	7.117439	-1689.754	992.5267	132.0284	90.03564	46.26334	-17.08185	93.95018	-5.338078	-17.08185	69.39502	143.7722	-31.6726	-4.270463	-6.049822	-6.049822	-17.43772	-4.626335	-8.185054	-5.338078	-17.08185	-4.626335	-8.185054
26.3	-12.81139	14.64062	539.7012	-38.07825	-92.88256	-1989.754	-307.4733	132.0284	-209.9644	-53.73666	-17.08185	-6.049822	-5.338078	-17.08185	-30.60498	-356.2278	-31.6726	-4.270463	-6.049822	-6.049822	-17.43772	-4.626335	-8.185054	-5.338078	-17.08185	-4.626335	-8.185054
26.58	-12.81139	1014.641	-1661.299	-538.0782	-92.88256	-1589.754	-1007.473	32.02844	690.0356	-53.73666	-17.08185	-6.049822	-5.338078	-17.08185	-30.60498	44383.77	-31.6726	-4.270463	-6.049822	-6.049822	-17.43772	-4.626335	-8.185054	-5.338078	-17.08185	-4.626335	-8.185054
26.87	-12.81139	14.64062	-360.2988	361.9218	7.117439	-2789.754	-107.4733	32.02844	-309.9644	46.26334	-17.08185	-6.049822	-5.338078	82.91815	-130.605	-156.2278	68.3274	-4.270463	-6.049822	-6.049822	-17.43772	-4.626335	-8.185054	-5.338078	82.91815	-4.626335	-8.185054
27.15	-12.81139	-685.3594	339.7012	161.9218	7.117439	-1789.754	-207.4733	-167.9716	590.0356	-53.73666	-17.08185	-6.049822	-5.338078	-17.08185	-30.60498	43.77225	68.3274	-4.270463	-6.049822	-6.049822	-17.43772	-4.626335	-8.185054	-5.338078	-17.08185	-4.626335	-8.185054
27.44	87.18861	-885.3594	-1361.299	-38.07825	-92.88256	411.2456	592.5267	232.0284	390.0356	46.26334	-17.08185	-6.049822	94.66192	82.91815	-30.60498	-156.2278	-31.6726	-4.270463	-6.049822	93.95018	-17.43772	-4.626335	-8.185054	94.66192	82.91815	-4.626335	-8.185054
27.72	-12.81139	-885.3594	-761.2988	-238.0782	-92.88256	-1589.754	-607.4733	32.02844	690.0356	-53.73666	-17.08185	-6.049822	-5.338078	-17.08185	269.395	-356.2278	-31.6726	-4.270463	-6.049822	-6.049822	-17.43772	-4.626335	-8.185054	-5.338078	-17.08185	-4.626335	-8.185054
28.01	-12.81139	1014.641	-460.2988	-138.0782	107.1174	-1289.754	-7.473267	-167.9716	390.0356	-53.73666	-17.08185	-6.049822	-5.338078	-17.08185	-130.605	-156.2278	-31.6726	-4.270463	-6.049822	-6.049822	82.56228	-4.626335	-8.185054	-5.338078	-17.08185	-4.626335	-8.185054
28.29	-12.81139	314.6406	-660.2988	361.9218	7.117439	511.2456	-407.4733	332.0284	-109.9644	-53.73666	-17.08185	-6.049822	-5.338078	-17.08185	69.39502	-256.2278	68.3274	-4.270463	-6.049822	-6.049822	-17.43772	-4.626335	-8.185054	-5.338078	-17.08185	-4.626335	-8.185054
28.58	-12.81139	14.64062	-260.2988	-138.0782	-92.88256	611.2456	-407.4733	-167.9716	-509.9644	46.26334	-17.08185	-6.049822	-5.338078	-17.08185	169.395	43.77225	-31.6726	-4.270463	-6.049822	-6.049822	-17.43772	-4.626335	-8.185054	-5.338078	-17.08185	-4.626335	-8.185054
28.86	-12.81139	-285.3594	539.7012	-438.0782	7.117439	-88.75439	92.52673	32.02844	-9.964355	-53.73666	-17.08185	-6.049822	94.66192	-17.08185	69.39502	243.7722	-31.6726	-4.270463	-6.049822	-6.049822	82.56228	-4.626335	91.81495	94.66192	-17.08185	-4.626335	91.81495
29.15	-12.81139	414.6406	-1361.299	261.9218	7.117439	-1289.754	192.5267	432.0284	890.0356	46.26334	82.91815	-6.049822	-5.338078	82.91815	-30.60498	-56.22775	-31.6726	-4.270463	-6.049822	-6.049822	-17.43772	-4.626335	-8.185054	-5.338078	82.91815	-4.626335	-8.185054
29.43	-12.81139	-285.3594	-60.29883	-138.0782	107.1174	-689.7544	392.5267	-67.97156	790.0356	-53.73666	-17.08185	-6.049822	-5.338078	-17.08185	-130.605	-56.22775	-31.6726	-4.270463	-6.049822	-6.049822	-17.43772	95.37366	-8.185054	-5.338078	-17.08185	95.37366	-8.185054
29.72	-12.81139	814.6406	-660.2988	461.9218	7.117439	-588.7544	292.5267	-267.9716	690.0356	-53.73666	-17.08185	-6.049822	-5.338078	-17.08185	69.39502	-156.2278	-31.6726	-4.270463	-6.049822	-6.049822	-17.43772	-4.626335	-8.185054	-5.338078	-17.08185	-4.626335	-8.185054
30	-12.81139	114.6406	139.7012	261.9218	307.1174	-1489.754	692.5267	132.0284	-409.9644	-53.73666	-17.08185	-6.049822	94.66192	-17.08185	69.39502	-256.2278	-31.6726	-4.270463	-6.049822	-6.049822	-17.43772	-4.626335	91.81495	94.66192	-17.08185	-4.626335	91.81495
30.29	-12.81139	-185.3594	-1661.299	-138.0782	-92.88256	-1589.754	-1107.473	-67.97156	490.0356	-53.73666	-17.08185	-6.049822	-5.338078	-17.08185	69.39502	343.7722	-31.6726	-4.270463	-6.049822	193.9502	-17.43772	-4.626335	-8.185054	-5.338078	-17.08185	-4.626335	-8.185054
30.58	-12.81139	2915.641	-60.29883	3161.922	307.1174	-889.7544	1092.527	-67.97156	-9.964355	846.2634	5483.918	-6.049822	-5.338078	682.9182	1.513338e+07	4.157579e+07	68.3274	95.72954	-6.049822	16799.95	11885.56	-4.626335	491.8149	-5.338078	682.9182	-4.626335	491.8149
30.86	387.1886	20628.64	-660.2988	39394.92	607.1174	611.2456	11596.53	332.0284	390.0356	4646.263	27597.92	93.95018	-5.338078	1082.918	6.04386e+07	1.62205e+08	868.3274	595.7296	-6.049822	40826.95	10384.56	-4.626335	1091.815	-5.338078	1082.918	-4.626335	1091.815
31.15	887.1886	38654.64	1039.701	89324.92	1007.117	1311.246	22003.53	1832.028	1690.036	4446.263	43820.92	893.9502	-5.338078	1882.918	8.929822e+07	2.222944e+08	968.3274	1795.729	93.95018	57359.95	12485.56	195.3737	1891.815	-5.338078	1882.918	195.3737	1891.815
31.43	987.1886	60001.64	1239.701	100165.9	3107.117	2711.246	25207.53	1732.028	2190.036	5047.263	49331.92	1193.95	-5.338078	1082.918	1.008555e+08	2.222944e+08	1168.327	995.7296	93.95018	66181.95	12885.56	-4.626335	1391.815	-5.338078	1082.918	-4.626335	1391.815
31.72	2487.189	87589.64	1839.701	101270.9	7308.118	3312.246	35921.53	1432.028	3090.036	4746.263	46826.92	993.9502	-5.338078	582.9182	1.068807e+08	2.82391e+08	768.3274	1595.729	293.9502	73802.95	10384.56	95.37366	1091.815	-5.338078	582.9182	95.37366	1091.815
32.01	2087.189	104960.6	2639.701	90227.92	7808.118	2011.246	32315.53	2432.028	1690.036	5147.263	48830.92	1193.95	-5.338078	1682.918	1.070551e+08	2.62358e+08	1168.327	1495.729	-6.049822	67885.95	9884.562	95.37366	691.8149	-5.338078	1682.918	95.37366	691.8149
32.29	3287.189	119127.6	1839.701	82902.92	12610.12	4412.246	38024.53	2732.028	2990.036	4046.263	52637.92	1793.95	94.66192	682.9182	1.25923e+08	3.12442e+08	1268.327	2995.729	293.9502	60867.95	11285.56	195.3737	1191.815	94.66192	682.9182	195.3737	1191.815
32.58	3187.189	105161.6	1439.701	69360.92	14611.12	2911.246	39326.53	2532.028	3791.036	4446.263	54441.92	1793.95	-5.338078	982.9182	1.230609e+08	3.164489e+08	968.3274	3495.729	293.9502	62772.95	10784.56	-4.626335	491.8149	-5.338078	982.9182	-4.626335	491.8149
32.86	4887.188	168422.6	2940.701	61840.92	18214.12	3612.246	30012.53	1532.028	2390.036	5247.263	60355.92	1293.95	94.66192	582.9182	1.230609e+08	3.525128e+08	468.3274	4395.729	-6.049822	50143.95	8784.562	-4.626335	491.8149	94.66192	582.9182	-4.626335	491.8149
33.15	5388.188	84879.64	1539.701	59234.92	17113.12	1911.246	24005.53	2132.028	4191.036	4346.263	58150.92	793.9502	94.66192	1582.918	1.285973e+08	3.665384e+08	568.3274	4595.729	193.9502	42930.95	13486.56	-4.626335	791.8149	94.66192	1582.918	-4.626335	791.8149
33.44	4587.188	58898.64	1639.701	60737.92	18814.12	1911.246	21603.53	2132.028	3390.036	5847.263	66270.92	393.9502	-5.338078	1782.918	1.33498e+08	3.925868e+08	668.3274	4195.729	93.95018	39725.95	12285.56	-4.626335	491.8149	-5.338078	1782.918	-4.626335	491.8149
33.72	6088.188	70832.64	3740.701	68056.92	15212.12	2411.246	23405.53	2232.028	2790.036	4946.263	73891.92	1093.95	-5.338078	1982.918	1.260398e+08	3.725494e+08	568.3274	4995.729	193.9502	45234.95	11585.56	95.37366	891.8149	-5.338078	1982.918	95.37366	891.8149
34.01	5388.188	94918.64	3340.701	75879.92	10209.12	3912.246	30713.53	2232.028	3090.036	5947.263	68375.92	1293.95	-5.338078	1882.918	1.241996e+08	3.12442e+08	268.3274	5196.729	-6.049822	43631.95	8984.562	95.37366	391.8149	-5.338078	1882.918	95.37366	391.8149
34.3	4887.188	96524.64	4840.701	73271.92	13110.12	11116.25	68391.52	2932.028	2990.036	6047.263	65568.92	1593.95	-5.338078	1982.918	1.321515e+08	4.046097e+08	768.3274	3495.729	293.9502	64175.95	9384.562	-4.626335	491.8149	-5.338078	1982.918	-4.626335	491.8149
34.58	6688.188	128375.6	2940.701	73873.92	13411.12	10815.25	92671.52	1832.028	4091.036	6447.263	64966.92	893.9502	-5.338078	1182.918	1.243748e+08	3.12442e+08	1068.327	4395.729	93.95018	57259.95	9884.562	-4.626335	791.8149	-5.338078	1182.918	-4.626335	791.8149
34.87	6688.188	124555.6	1939.701	60136.92	15112.12	8914.246	63177.53	2532.028	4291.036	8447.264	54341.92	1193.95	-5.338078	1782.918	1.376726e+08	3.505092e+08	1268.327	3795.729	93.95018	61068.95	11685.56	95.37366	2091.815	-5.338078	1782.918	95.37366	2091.815
35.15	5788.188	99939.64	3740.701	70162.92	13811.12	12016.25	55859.53	2232.028	2590.036	11048.26	52537.92	693.9502	-5.338078	2482.918	1.371303e+08	3.404912e+08	1568.327	2695.729	293.9502	44032.95	12385.56	95.37366	1691.815	-5.338078	2482.918	95.37366	1691.815
35.44	4187.188	91805.64	1739.701	81397.92	10609.12	5813.246	53954.53	2432.028	3691.036	16051.26	51635.92	993.9502	-5.338078	2382.918	1.398276e+08	3.785605e+08	2668.327	2595.729	293.9502	36920.95	12685.56	-4.626335	2091.815	-5.338078	2382.918	-4.626335	2091.815
35.73	3687.189	68425.64	3440.701	104684.9	9609.117	2911.246	48944.53	2132.028	4291.036	19854.26	52437.92	593.9502	-5.338078	2682.918	1.461097e+08	3.645347e+08	2768.327	2595.729	193.9502	38623.95	11985.56	-4.626335	3591.815	-5.338078	2682.918	-4.626335	3591.815
36.01	1787.189	51279.64	3140.701	114829.9	6808.118	1711.246	47340.53	2532.028	2790.036	19754.26	47327.92	293.9502	-5.338078	3082.918	1.356799e+08	3.384877e+08	3268.327	1995.729	93.95018	36820.95	10484.56	-4.626335	3191.815	-5.338078	3082.918	-4.626335	3191.815
36.3	1687.189	52382.64	4940.701	119250.9	5408.118	3412.246	49244.53	2832.028	3591.036	26560.26	54441.92	693.9502	-5.338078	3582.918	1.426297e+08	3.485056e+08	4968.328	2795.729	393.9502	45635.95	13185.56	-4.626335	5392.815	-5.338078	3582.918	-4.626335	5392.815
36.58	1487.189	56592.64	2339.701	152531.9	4507.118	2411.246	55157.53	3232.028	1990.036	28262.26	51335.92	-6.049822	-5.338078	3882.918	1.384787e+08	3.545164e+08	4568.328	2095.729	193.9502	52248.95	10784.56	-4.626335	6692.815	-5.338078	3882.918	-4.626335	6692.815
36.87	687.1886	59399.64	4040.701	164105.9	3007.117	1111.246	54355.53	2032.028	4991.036	35972.26	60054.92	93.95018	-5.338078	3082.918	1.319466e+08	3.765569e+08	2768.327	2195.729	93.95018	45234.95	11285.56	-4.626335	6392.815	-5.338078	3082.918	-4.626335	6392.815
37.15	1187.189	52182.64	1839.701	172360.9	2407.117	1211.246	54455.53	2532.028	3290.036	34971.26	63162.92	393.9502	-5.338078	4882.918	1.410744e+08	4.687363e+08	6869.328	2795.729	-6.049822	49241.95	12385.56	95.37366	8893.815	-5.338078	4882.918	95.37366	8893.815
37.44	1087.189	49676.64	3640.701	189787.9	2207.117	1911.246	58465.53	2932.028	3491.036	36172.26	65768.92	493.9502	-5.338078	3582.918	1.3864e+08	3.845718e+08	3968.327	1795.729	93.95018	47538.95	10884.56	-4.626335	5892.815	-5.338078	3582.918	-4.626335	5892.815
37.73	1187.189	49375.64	1939.701	200772.9	1707.117	611.2456	50447.53	2232.028	2590.036	40679.26	63864.92	893.9502	-5.338078	4282.918	1.353723e+08	3.505092e+08	3868.327	3295.729	-6.049822	51446.95	9084.562	-4.626335	5792.815	-5.338078	4282.918	-4.626335	5792.815
38.01	1487.189	52282.64	3840.701	213477.9	1407.117	111.2456	52050.53	2132.028	3491.036	42382.26	83622.92	293.9502	-5.338078	3682.918	1.366761e+08	3.725494e+08	3668.327	3395.729	93.95018	50344.95	11285.56	-4.626335	6292.815	-5.338078	3682.918	-4.626335	6292.815
38.3	2087.189	40757.64	539.7012	208334.9	1607.117	211.2456	50747.53	2132.028	5591.036	42783.26	88639.92	293.9502	-5.338078	2882.918	1.454927e+08	3.705457e+08	4468.328	4995.729	93.95018	40626.95	9884.562	-4.626335	6892.815	-5.338078	2882.918	-4.626335	6892.815
38.58	2687.189	40557.64	3140.701	198655.9	3507.117	1411.246	42331.53	2032.028	3190.036	35872.26	86030.92	193.9502	-5.338078	2882.918	1.449787e+08	3.304735e+08	3868.327	3795.729	93.95018	30712.95	12585.56	-4.626335	5692.815	-5.338078	2882.918	-4.626335	5692.815
38.87	3587.189	29138.64	4240.701	171555.9	8208.117	-1389.754	40328.53	2632.028	3991.036	33969.26	78706.92	293.9502	-5.338078	2082.918	1.352112e+08	3.485056e+08	1868.327	3295.729	-6.049822	28009.95	11685.56	95.37366	4591.815	-5.338078	2082.918	95.37366	4591.815
39.16	5788.188	89396.64	3040.701	128194.9	16513.12	-1089.754	28310.53	2432.028	2290.036	23857.26	67573.92	93.95018	-5.338078	1982.918	1.363391e+08	3.32477e+08	1668.327	2495.729	193.9502	19701.95	9484.562	-4.626335	1991.815	-5.338078	1982.918	-4.626335	1991.815
39.44	8689.188	49175.64	2339.701	108099.9	24920.12	-588.7544	22904.53	2532.028	5091.036	20554.26	60054.92	93.95018	-5.338078	2082.918	1.435838e+08	4.386759e+08	868.3274	2395.729	293.9502	17099.95	11985.56	-4.626335	2791.815	-5.338078	2082.918	-4.626335	2791.815
39.73	13891.19	16924.64	4940.701	84206.92	35733.12	-1989.754	20102.53	2432.028	2990.036	18653.26	60355.92	193.9502	-5.338078	1182.918	1.352991e+08	3.885793e+08	2168.327	1595.729	93.95018	14397.95	13286.56	-4.626335	1791.815	-5.338078	1182.918	-4.626335	1791.815
40.02	18994.19	17725.64	2239.701	72268.92	43245.12	1211.246	19401.53	2632.028	3090.036	12249.26	60154.92	393.9502	-5.338078	1082.918	1.383908e+08	4.086173e+08	1568.327	1995.729	93.95018	14897.95	9784.562	-4.626335	1291.815	-5.338078	1082.918	-4.626335	1291.815
40.3	17393.19	18025.64	3640.701	76180.92	40740.12	-588.7544	22704.53	2432.028	4591.036	20254.26	53038.92	293.9502	-5.338078	1382.918	1.369691e+08	3.665384e+08	1468.327	1395.729	93.95018	16899.95	11485.56	-4.626335	1691.815	-5.338078	1382.918	-4.626335	1691.815
40.59	16993.19	23831.64	1439.701	81397.92	42543.12	-789.7544	22204.53	2732.028	3791.036	21856.26	49431.92	193.9502	-5.338078	1582.918	1.351087e+08	3.645347e+08	1668.327	2595.729	193.9502	18700.95	12785.56	-4.626335	1991.815	-5.338078	1582.918	-4.626335	1991.815
40.87	13791.19	18425.64	3540.701	101973.9	28824.12	11.24561	26808.53	2532.028	3691.036	27161.26	54842.92	793.9502	-5.338078	1682.918	1.491297e+08	3.665384e+08	1668.327	1595.729	93.95018	20501.95	10984.56	-4.626335	2391.815	-5.338078	1682.918	-4.626335	2391.815
41.16	10589.19	17524.64	2739.701	91632.92	23118.12	311.2456	32616.53	3732.028	2890.036	26961.26	53640.92	193.9502	-5.338078	2282.918	1.395784e+08	3.545164e+08	1868.327	1495.729	-6.049822	20802.95	12385.56	-4.626335	2191.815	-5.338078	2282.918	-4.626335	2191.815
41.45	8889.188	17024.64	3540.701	86915.92	17513.12	-288.7544	32416.53	2132.028	3290.036	34169.26	54441.92	293.9502	-5.338078	2182.918	1.133345e+08	3.90583e+08	2268.327	1495.729	93.95018	30812.95	11885.56	-4.626335	3891.815	-5.338078	2182.918	-4.626335	3891.815
41.73	8889.188	15022.64	2339.701	81096.92	14811.12	-1789.754	30713.53	2632.028	3090.036	29664.26	53339.92	293.9502	-5.338078	3982.918	1.452871e+08	3.46502e+08	1968.327	1195.729	-6.049822	47137.95	10984.56	-4.626335	3991.815	-5.338078	3982.918	-4.626335	3991.815
42.02	8989.188	22830.64	4040.701	76983.92	10509.12	-188.7544	41329.53	2132.028	3190.036	39177.26	61758.92	393.9502	-5.338078	4082.918	1.033918e+08	3.945906e+08	3068.327	1595.729	93.95018	60065.95	12885.56	-4.626335	3791.815	-5.338078	4082.918	-4.626335	3791.815
42.31	5688.188	25734.64	2940.701	67555.92	8809.117	-689.7544	40828.53	2532.028	3190.036	44486.26	58651.92	1193.95	-5.338078	4082.918	1.345522e+08	3.104385e+08	3268.327	1495.729	93.95018	81726.95	10884.56	-4.626335	6092.815	-5.338078	4082.918	-4.626335	6092.815
42.59	5788.188	23431.64	4540.701	66552.92	7708.118	211.2456	43333.53	1932.028	4091.036	44185.26	61257.92	893.9502	-5.338078	3982.918	1.348011e+08	3.304735e+08	3468.327	2095.729	193.9502	109734	11185.56	-4.626335	5392.815	-5.338078	3982.918	-4.626335	5392.815
42.88	6388.188	29839.64	4140.701	55224.92	6108.118	-789.7544	45437.53	2432.028	3390.036	49896.26	55945.92	893.9502	94.66192	5083.918	1.308054e+08	3.785605e+08	2668.327	1395.729	293.9502	120484	12585.56	-4.626335	4991.815	94.66192	5083.918	-4.626335	4991.815
43.16	5788.188	28337.64	4140.701	63645.92	6408.118	-288.7544	46539.53	3132.028	2890.036	45588.26	56847.92	393.9502	-5.338078	3982.918	1.31215e+08	3.565201e+08	3868.327	2395.729	-6.049822	126915	11385.56	-4.626335	4591.815	-5.338078	3982.918	-4.626335	4591.815
43.45	8088.188	29939.64	3240.701	70563.92	4907.118	-188.7544	45637.53	3332.028	3791.036	49695.26	62861.92	893.9502	-5.338078	4782.918	1.402529e+08	3.545164e+08	2768.327	2395.729	-6.049822	169366	11785.56	-4.626335	6892.815	-5.338078	4782.918	-4.626335	6892.815
43.74	14891.19	32043.64	3140.701	77785.92	4207.118	611.2456	48443.53	1932.028	4591.036	49295.26	65167.92	993.9502	-5.338078	3982.918	1.321515e+08	3.585237e+08	3168.327	3195.729	-6.049822	187293	12185.56	95.37366	4591.815	-5.338078	3982.918	95.37366	4591.815
44.02	15092.19	26034.64	3940.701	74174.92	5008.118	-789.7544	44535.53	2132.028	4091.036	49495.26	55945.92	993.9502	-5.338078	4982.918	1.326783e+08	3.545164e+08	3868.327	2295.729	193.9502	177321	10284.56	-4.626335	4891.815	-5.338078	4982.918	-4.626335	4891.815
44.31	24299.19	27836.64	1439.701	64046.92	6108.118	811.2456	41229.53	2432.028	3791.036	36272.26	60355.92	693.9502	-5.338078	4382.918	1.341275e+08	3.68542e+08	3068.327	1595.729	-6.049822	175810	10684.56	-4.626335	5092.815	-5.338078	4382.918	-4.626335	5092.815
44.59	20896.19	28137.64	4940.701	59935.92	8308.117	13918.25	39927.53	2132.028	4391.036	34370.26	54241.92	1893.95	-5.338078	2982.918	1.345082e+08	3.565201e+08	3368.327	1695.729	193.9502	171581	13085.56	-4.626335	4391.815	-5.338078	2982.918	-4.626335	4391.815
44.88	20195.19	29339.64	4040.701	54122.92	10109.12	5412.246	39626.53	2732.028	2390.036	32768.26	49130.92	2193.95	-5.338078	3782.918	1.317271e+08	3.62531e+08	4968.328	1895.729	93.95018	177019	11685.56	-4.626335	5792.815	-5.338078	3782.918	-4.626335	5792.815
45.17	20295.19	26334.64	2739.701	45204.92	12810.12	7213.246	48242.53	2332.028	2790.036	29964.26	52537.92	1993.95	-5.338078	4282.918	1.32971e+08	3.505092e+08	4068.327	1395.729	193.9502	160105	12185.56	-4.626335	4591.815	-5.338078	4282.918	-4.626335	4591.815
45.45	25000.19	25834.64	3740.701	45504.92	14511.12	8414.246	41630.53	3232.028	2590.036	29564.26	50733.92	693.9502	-5.338078	3882.918	1.365589e+08	3.545164e+08	2968.327	1895.729	93.95018	155174	9884.562	-4.626335	6492.815	-5.338078	3882.918	-4.626335	6492.815
45.74	27002.19	26134.64	4340.701	48510.92	46350.12	4912.246	43934.53	1832.028	3791.036	28863.26	53339.92	1493.95	-5.338078	2182.918	1.38552e+08	3.745531e+08	4868.328	1695.729	-6.049822	141493	11185.56	-4.626335	5492.815	-5.338078	2182.918	-4.626335	5492.815
46.02	35612.19	25033.64	2839.701	56327.92	84349.12	3812.246	41029.53	1232.028	3791.036	29664.26	59052.92	1693.95	-5.338078	2082.918	1.398276e+08	4.026059e+08	4668.328	3095.729	93.95018	114054	12685.56	-4.626335	4791.815	-5.338078	2082.918	-4.626335	4791.815
46.31	47632.19	27636.64	3240.701	59534.92	129542.1	2611.246	36121.53	1732.028	2490.036	27862.26	70782.92	1593.95	-5.338078	3182.918	1.285534e+08	3.605274e+08	4368.328	1695.729	-6.049822	106822	10884.56	-4.626335	3691.815	-5.338078	3182.918	-4.626335	3691.815
46.59	50538.19	25533.64	1739.701	61238.92	144725.1	1311.246	33717.53	2232.028	3190.036	26160.26	65969.92	1893.95	-5.338078	2582.918	1.381856e+08	3.424948e+08	4968.328	2595.729	193.9502	89453.95	11385.56	-4.626335	3991.815	-5.338078	2582.918	-4.626335	3991.815
46.88	63768.19	27035.64	2940.701	65449.92	203029.1	2711.246	40127.53	3432.028	3791.036	20855.26	72487.92	2893.95	94.66192	2482.918	1.424243e+08	4.066135e+08	4668.328	2995.729	-6.049822	83934.95	14086.56	-4.626335	3691.815	94.66192	2482.918	-4.626335	3691.815
47.16	84229.19	31842.64	4040.701	62642.92	273091.1	1111.246	29812.53	2332.028	3491.036	21555.26	81414.92	4693.95	-5.338078	1982.918	1.390358e+08	3.925868e+08	2868.327	2995.729	493.9502	142499	10684.56	95.37366	3991.815	-5.338078	1982.918	95.37366	3991.815
47.45	98581.19	185144.6	4140.701	63244.92	393176.1	3312.246	34418.53	2532.028	3491.036	19153.26	78505.92	7794.95	-5.338078	1982.918	1.353576e+08	3.745531e+08	3168.327	2795.729	493.9502	191726	10084.56	-4.626335	5092.815	-5.338078	1982.918	-4.626335	5092.815
47.74	105007.2	254265.6	1939.701	51115.92	464382.1	3212.246	29912.53	2732.028	3791.036	18653.26	81314.92	14998.95	94.66192	1782.918	1.396223e+08	3.525128e+08	3268.327	3295.729	993.9502	378842.9	10084.56	95.37366	6292.815	94.66192	1782.918	95.37366	6292.815
48.02	111234.2	356934.6	3640.701	59935.92	534359.1	3812.246	31114.53	2732.028	6391.036	17052.26	85026.92	24605.95	94.66192	882.9182	1.418226e+08	3.485056e+08	2968.327	3495.729	1793.95	586698.9	11084.56	-4.626335	6992.815	94.66192	882.9182	-4.626335	6992.815
48.31	116860.2	381601.6	2940.701	58331.92	579550.1	3612.246	29311.53	1932.028	3891.036	16652.26	87736.92	32815.95	-5.338078	1182.918	1.361926e+08	3.2847e+08	2868.327	5496.729	1593.95	643264.9	9684.562	95.37366	8492.815	-5.338078	1182.918	95.37366	8492.815
48.59	120477.2	264068.6	2039.701	52418.92	522513.1	3212.246	32215.53	2232.028	2290.036	17352.26	74794.92	35118.95	94.66192	1082.918	1.37995e+08	3.645347e+08	2268.327	3895.729	1593.95	667589.9	9584.562	95.37366	7392.815	94.66192	1082.918	95.37366	7392.815
48.88	111736.2	157247.6	3940.701	51817.92	537220.1	3012.246	24906.53	2332.028	3491.036	18653.26	79207.92	35819.95	-5.338078	782.9182	1.297524e+08	3.444984e+08	1868.327	3795.729	993.9502	599598.9	11185.56	-4.626335	6192.815	-5.338078	782.9182	-4.626335	6192.815
49.17	125702.2	193005.6	2839.701	48610.92	579959.1	2711.246	26608.53	2332.028	3591.036	19253.26	86732.92	35919.95	-5.338078	982.9182	1.232774e+08	3.945906e+08	2068.327	3995.729	1293.95	625112.9	11885.56	-4.626335	7592.815	-5.338078	982.9182	-4.626335	7592.815
49.45	131030.2	108979.6	1539.701	47007.92	569728.1	2111.246	21503.53	2132.028	3290.036	22156.26	77703.92	36620.95	94.66192	1682.918	1.382442e+08	3.565201e+08	1368.327	3895.729	893.9502	686594.9	9884.562	-4.626335	8492.815	94.66192	1682.918	-4.626335	8492.815
49.74	128316.2	119027.6	2639.701	45805.92	559296.1	2711.246	22704.53	2632.028	1690.036	21655.26	87936.92	38923.95	-5.338078	1582.918	1.409277e+08	3.645347e+08	3268.327	3395.729	693.9502	781005.9	10984.56	-4.626335	9393.815	-5.338078	1582.918	-4.626335	9393.815
50.02	128014.2	80464.64	1439.701	47408.92	494553.1	1811.246	24406.53	1232.028	4091.036	24558.26	92453.92	36219.95	-5.338078	1882.918	1.491225e+08	3.765569e+08	2868.327	3995.729	493.9502	826948.9	13486.56	-4.626335	7992.815	-5.338078	1882.918	-4.626335	7992.815
50.31	122587.2	83876.64	4140.701	48209.92	420007.1	3212.246	26808.53	2732.028	3390.036	23157.26	87635.92	43731.95	-5.338078	682.9182	1.380097e+08	3.665384e+08	2468.327	3895.729	1393.95	992823.9	12185.56	-4.626335	8893.815	-5.338078	682.9182	-4.626335	8893.815
50.6	133141.2	68324.64	5441.701	49011.92	354707.1	2811.246	24206.53	4032.028	3190.036	23157.26	92955.92	43431.95	-5.338078	1482.918	1.405903e+08	3.90583e+08	3868.327	3695.729	2693.95	1150575	13085.56	95.37366	11194.82	-5.338078	1482.918	95.37366	11194.82
50.88	123994.2	95621.64	3040.701	43000.92	282192.1	3812.246	23105.53	2332.028	3991.036	15151.26	93958.92	48540.95	-5.338078	1182.918	1.451549e+08	3.865756e+08	3168.327	5796.729	1693.95	1319100	11785.56	95.37366	13995.82	-5.338078	1182.918	95.37366	13995.82
51.17	134247.2	199558.6	1839.701	32584.92	233594.1	4712.246	25607.53	2232.028	4291.036	14450.26	101387.9	52949.95	-5.338078	882.9182	1.479024e+08	4.326641e+08	3068.327	4095.729	3193.95	1564566	10784.56	195.3737	14695.82	-5.338078	882.9182	195.3737	14695.82
51.45	136157.2	87991.64	2139.701	23974.92	205045.1	6313.246	24406.53	2732.028	4891.036	14550.26	96769.92	65579.95	-5.338078	682.9182	1.46859e+08	3.645347e+08	3268.327	4995.729	3493.95	1855595	10184.56	95.37366	14996.82	-5.338078	682.9182	95.37366	14996.82
51.74	136961.2	138532.6	4140.701	22572.92	170588.1	8114.246	19701.53	2832.028	4291.036	9848.264	104902.9	67283.95	-5.338078	682.9182	1.347279e+08	3.505092e+08	2968.327	4495.729	2793.95	1715073	10484.56	95.37366	14195.82	-5.338078	682.9182	95.37366	14195.82
52.03	120678.2	65015.64	4140.701	20871.92	132055.1	8314.246	19501.53	3332.028	2790.036	8247.264	98978.92	82930.95	-5.338078	382.9182	1.443766e+08	3.46502e+08	3468.327	3595.729	3793.95	1785346	14286.56	295.3737	14895.82	-5.338078	382.9182	295.3737	14895.82
52.31	122285.2	55389.64	3340.701	18168.92	124919.1	11016.25	18901.53	2932.028	4691.036	7047.263	96066.92	74404.95	-5.338078	482.9182	1.392118e+08	3.404912e+08	3168.327	4995.729	2593.95	1826892	12585.56	495.3737	13395.82	-5.338078	482.9182	495.3737	13395.82
52.6	131733.2	78758.64	1639.701	14766.92	98300.12	39050.25	24306.53	2432.028	2490.036	6247.263	95263.92	75206.95	94.66192	782.9182	1.377752e+08	4.026059e+08	3068.327	3795.729	4093.95	2213862	13786.56	95.37366	16196.82	94.66192	782.9182	95.37366	16196.82
52.89	131633.2	92307.64	4140.701	12865.92	94787.12	90695.24	28410.53	3632.028	3591.036	6047.263	91650.92	68888.95	-5.338078	882.9182	1.319173e+08	3.2847e+08	2468.327	4195.729	3593.95	1468979	11185.56	95.37366	11794.82	-5.338078	882.9182	95.37366	11794.82
53.17	117864.2	122444.6	3540.701	11464.92	82343.12	136212.2	39426.53	2132.028	1390.036	4046.263	88739.92	61869.95	-5.338078	982.9182	1.314638e+08	3.645347e+08	3768.327	3095.729	2693.95	2657181	10084.56	-4.626335	12994.82	-5.338078	982.9182	-4.626335	12994.82
53.46	115353.2	238204.6	4840.701	12765.92	90471.12	139531.2	40628.53	2832.028	2990.036	5747.263	86833.92	60366.95	-5.338078	982.9182	1.451524e+08	3.885793e+08	3268.327	3795.729	3993.95	2537669	10284.56	95.37366	15296.82	-5.338078	982.9182	95.37366	15296.82
53.74	123592.2	156643.6	2739.701	12665.92	98601.12	112589.2	37623.53	1932.028	1890.036	6247.263	89241.92	62972.95	-5.338078	882.9182	1.362805e+08	3.645347e+08	3368.327	4995.729	4693.95	2073021	10984.56	195.3737	12194.82	-5.338078	882.9182	195.3737	12194.82
54.03	111636.2	114505.6	2439.701	14966.92	110150.1	85978.24	36221.53	2332.028	3290.036	4946.263	85528.92	57960.95	-5.338078	82.91815	1.292698e+08	3.46502e+08	2868.327	3595.729	2593.95	1756078	11485.56	95.37366	11494.82	-5.338078	82.91815	95.37366	11494.82
54.32	123994.2	102751.6	1039.701	15266.92	135474.1	72532.24	30012.53	2432.028	3991.036	7047.263	89341.92	54953.95	394.6619	1282.918	1.350794e+08	3.845718e+08	2468.327	3495.729	3293.95	1570310	11885.56	95.37366	12394.82	394.6619	1282.918	95.37366	12394.82
54.6	138872.2	123952.6	2539.701	11664.92	138188.1	51976.25	29412.53	3832.028	3190.036	5047.263	88840.92	61869.95	-5.338078	882.9182	1.352844e+08	4.186367e+08	3368.327	4595.729	2893.95	1495103	11084.56	95.37366	13495.82	-5.338078	882.9182	95.37366	13495.82
54.89	149231.2	198953.6	1239.701	12565.92	152471.1	45963.25	31815.53	3132.028	4091.036	6447.263	102191.9	65278.95	-5.338078	582.9182	1.461831e+08	3.845718e+08	2068.327	4695.729	6694.95	1422653	11885.56	-4.626335	13795.82	-5.338078	582.9182	-4.626335	13795.82
55.17	164124.2	164294.6	3340.701	13966.92	139194.1	34542.25	28510.53	1532.028	5191.036	5947.263	101588.9	68386.95	-5.338078	682.9182	1.30586e+08	3.90583e+08	4568.328	3895.729	2593.95	1430482	13686.56	395.3737	14795.82	-5.338078	682.9182	395.3737	14795.82
55.46	180033.2	170033.6	3840.701	15967.92	164849.1	33741.25	36121.53	2932.028	2690.036	6347.263	106709.9	61970.95	-5.338078	882.9182	1.37951e+08	3.845718e+08	4868.328	5196.729	2893.95	1235277	9584.562	95.37366	13295.82	-5.338078	882.9182	95.37366	13295.82
55.74	164225.2	145976.6	2839.701	16267.92	147843.1	27832.25	27009.53	2732.028	1590.036	7447.263	100885.9	53951.95	-5.338078	1982.918	1.401063e+08	4.026059e+08	5269.328	5096.729	3293.95	1054265	13185.56	195.3737	11194.82	-5.338078	1982.918	195.3737	11194.82
56.03	159897.2	148189.6	2839.701	18869.92	160924.1	19323.25	26909.53	2532.028	2890.036	7247.263	93356.92	45835.95	-5.338078	1182.918	1.279249e+08	3.424948e+08	6469.328	3495.729	1993.95	888610.9	13786.56	-4.626335	10793.82	-5.338078	1182.918	-4.626335	10793.82
56.32	144503.2	120936.6	1639.701	17868.92	156999.1	16220.25	27609.53	2632.028	2290.036	6947.263	86030.92	34717.95	-5.338078	1482.918	1.322978e+08	3.545164e+08	4168.328	3095.729	1893.95	687416.9	15687.56	-4.626335	9193.815	-5.338078	1482.918	-4.626335	9193.815
56.6	140280.2	131191.6	3740.701	21871.92	170789.1	11216.25	29612.53	2632.028	2790.036	10548.26	91048.92	29110.95	-5.338078	1582.918	1.344936e+08	4.046097e+08	3968.327	3295.729	2093.95	572883.9	16387.56	-4.626335	7892.815	-5.338078	1582.918	-4.626335	7892.815
56.89	149734.2	116514.6	3040.701	23373.92	169782.1	17721.25	31414.53	2432.028	2590.036	8648.264	92453.92	33616.95	-5.338078	2182.918	1.426738e+08	3.765569e+08	4368.328	2695.729	2393.95	695639.9	17988.56	195.3737	10393.82	-5.338078	2182.918	195.3737	10393.82
57.17	151344.2	108074.6	3640.701	25875.92	181162.1	24228.25	28811.53	4232.028	4591.036	11749.26	97171.92	35919.95	-5.338078	3082.918	1.423802e+08	3.90583e+08	3868.327	4995.729	2593.95	786576.9	15987.56	95.37366	14095.82	-5.338078	3082.918	95.37366	14095.82
57.46	157582.2	89998.64	2639.701	25375.92	183982.1	14418.25	69394.52	2032.028	5191.036	12249.26	106910.9	38122.95	-5.338078	2282.918	1.392558e+08	3.525128e+08	4668.328	4095.729	2493.95	944608.9	13786.56	-4.626335	17597.81	-5.338078	2282.918	-4.626335	17597.81
57.75	155871.2	69227.64	3840.701	30381.92	175824.1	13017.25	25907.53	2932.028	3491.036	15451.26	98476.92	33916.95	-5.338078	1382.918	1.285388e+08	3.505092e+08	3968.327	3895.729	2793.95	1023630	13286.56	195.3737	23002.81	-5.338078	1382.918	195.3737	23002.81
58.03	157280.2	53585.64	2539.701	37090.92	154785.1	9615.246	27009.53	2432.028	3591.036	16752.26	96568.92	28209.95	-5.338078	2682.918	1.223749e+08	3.204559e+08	2968.327	3295.729	1893.95	1165545	14286.56	95.37366	22901.81	-5.338078	2682.918	95.37366	22901.81
58.32	148527.2	53284.64	2539.701	62843.92	158005.1	9615.246	28410.53	1932.028	4291.036	21856.26	108115.9	24805.95	-5.338078	1282.918	1.113459e+08	3.865756e+08	3768.327	4995.729	1993.95	1284675	14586.56	-4.626335	25804.81	-5.338078	1282.918	-4.626335	25804.81
58.61	145107.2	67923.64	2639.701	73973.92	151364.1	6413.246	28110.53	3032.028	3390.036	23257.26	108618.9	22503.95	-5.338078	1982.918	1.336737e+08	3.505092e+08	4268.328	3295.729	1193.95	1248826	14486.56	-4.626335	23102.81	-5.338078	1982.918	-4.626335	23102.81
58.89	162010.2	35448.64	2539.701	87116.92	174414.1	8014.246	29812.53	1932.028	3991.036	26760.26	112836.9	18700.95	-5.338078	2182.918	1.320783e+08	3.545164e+08	4068.327	3795.729	893.9502	1105717	12285.56	-4.626335	23502.81	-5.338078	2182.918	-4.626335	23502.81
59.18	139475.2	29238.64	1939.701	91532.92	194260.1	4912.246	27509.53	2232.028	3290.036	28262.26	114745.9	17599.95	-5.338078	2282.918	1.390212e+08	4.206406e+08	3068.327	3995.729	793.9502	975148.9	12985.56	-4.626335	19098.81	-5.338078	2282.918	-4.626335	19098.81
59.46	139877.2	63711.64	3840.701	108802.9	235411.1	7313.246	28811.53	3532.028	3891.036	27161.26	122682.9	11095.95	-5.338078	2782.918	1.437159e+08	3.785605e+08	3068.327	5296.729	293.9502	781211.9	11485.56	-4.626335	20800.81	-5.338078	2782.918	-4.626335	20800.81
59.75	116257.2	29439.64	2539.701	113724.9	264197.1	3712.246	25807.53	3132.028	4491.036	27561.26	121878.9	9895.95	-5.338078	2082.918	1.332204e+08	3.665384e+08	3568.327	4795.729	593.9502	614862.9	9784.562	95.37366	18098.81	-5.338078	2082.918	95.37366	18098.81
60.04	106513.2	22329.64	1739.701	122264.9	226832.1	5613.246	21002.53	2732.028	3591.036	29363.26	103998.9	10195.95	-5.338078	3582.918	1.287435e+08	3.62531e+08	1968.327	4295.729	793.9502	520965.9	10284.56	-4.626335	16496.81	-5.338078	3582.918	-4.626335	16496.81
60.32	102698.2	25033.64	2940.701	103680.9	224713.1	2411.246	26408.53	2632.028	4291.036	31866.26	102191.9	8494.95	-5.338078	2282.918	1.195886e+08	3.845718e+08	2568.327	3195.729	293.9502	453469.9	8283.562	95.37366	11394.82	-5.338078	2282.918	95.37366	11394.82
60.61	87440.19	22930.64	3540.701	94142.92	184385.1	4912.246	27309.53	2332.028	2590.036	29664.26	87234.92	8895.95	94.66192	1782.918	1.132945e+08	2.803876e+08	2268.327	3395.729	393.9502	405150.9	8483.562	-4.626335	8793.815	94.66192	1782.918	-4.626335	8793.815
60.9	72191.19	27035.64	2039.701	76983.92	168272.1	7113.246	23705.53	3832.028	3491.036	25759.26	75195.92	23804.95	-5.338078	1382.918	1.067935e+08	3.204559e+08	2868.327	3195.729	593.9502	498616.9	8984.562	195.3737	12394.82	-5.338078	1382.918	195.3737	12394.82
61.18	82423.19	25533.64	1639.701	64246.92	185594.1	5613.246	21403.53	2032.028	3390.036	19253.26	77502.92	47137.95	-5.338078	882.9182	1.079416e+08	3.024248e+08	1568.327	4795.729	2393.95	676936.9	11585.56	-4.626335	10093.82	-5.338078	882.9182	-4.626335	10093.82
61.47	108221.2	23431.64	2039.701	57429.92	214726.1	4512.246	21403.53	2832.028	3090.036	21355.26	85528.92	133349	-5.338078	1382.918	1.206679e+08	3.525128e+08	2268.327	3695.729	4093.95	782552.9	8583.562	-4.626335	11794.82	-5.338078	1382.918	-4.626335	11794.82
61.75	120276.2	25033.64	3540.701	52919.92	255305.1	5312.246	22003.53	1732.028	2190.036	22756.26	79709.92	76008.95	-5.338078	1582.918	1.213827e+08	3.12442e+08	2768.327	3595.729	3093.95	717648.9	6583.562	1795.374	10393.82	-5.338078	1582.918	1795.374	10393.82
62.04	107518.2	30340.64	2039.701	55124.92	239348.1	3712.246	20602.53	1732.028	3491.036	21355.26	81816.92	68386.95	-5.338078	882.9182	1.0768e+08	2.663645e+08	1368.327	2895.729	2593.95	623677.9	7383.562	3695.374	9793.815	-5.338078	882.9182	3695.374	9793.815
62.33	89246.19	37351.64	1239.701	50113.92	225319.1	4212.246	19801.53	1332.028	3090.036	17952.26	72587.92	63975.95	-5.338078	1182.918	1.003043e+08	2.944112e+08	1268.327	2995.729	4393.95	637725.9	9384.562	3795.374	8492.815	-5.338078	1182.918	3795.374	8492.815
62.61	77607.19	27135.64	1939.701	38192.92	177536.1	4112.246	17199.53	2032.028	2190.036	15351.26	70080.92	65980.95	-5.338078	682.9182	1.031483e+08	2.723744e+08	1768.327	3695.729	2293.95	1089634	10384.56	3295.374	7092.815	-5.338078	682.9182	3295.374	7092.815
62.9	79413.19	38253.64	4540.701	33785.92	138691.1	3312.246	20102.53	2232.028	2990.036	9848.264	76900.92	59664.95	-5.338078	582.9182	1.175914e+08	2.743777e+08	1668.327	2695.729	2493.95	1413347	9284.562	1795.374	8693.815	-5.338078	582.9182	1795.374	8693.815
63.18	71489.19	39655.64	1539.701	25675.92	115072.1	2011.246	19001.53	1432.028	2290.036	12149.26	72888.92	46236.95	94.66192	1082.918	1.109808e+08	2.884011e+08	2168.327	2795.729	2093.95	1299198	10584.56	1395.374	6592.815	94.66192	1082.918	1395.374	6592.815
63.47	61863.19	42160.64	1839.701	23273.92	86657.12	3612.246	20502.53	3132.028	3591.036	12449.26	76499.92	38623.95	-5.338078	1082.918	1.332204e+08	3.62531e+08	3068.327	3295.729	1593.95	1201383	11385.56	595.3737	6792.815	-5.338078	1082.918	595.3737	6792.815
63.76	48935.19	50778.64	1939.701	28278.92	71108.12	2511.246	26008.53	1332.028	3390.036	12749.26	68977.92	26807.95	94.66192	1782.918	1.299863e+08	3.244629e+08	2068.327	1995.729	693.9502	980137.9	11885.56	1295.374	6992.815	94.66192	1782.918	1295.374	6992.815
64.05	46530.19	50979.64	3340.701	29780.92	61583.12	3812.246	31915.53	2632.028	2990.036	14650.26	69378.92	22103.95	-5.338078	2882.918	1.452871e+08	3.32477e+08	2868.327	2595.729	993.9502	847830.9	10984.56	595.3737	6392.815	-5.338078	2882.918	595.3737	6392.815
64.33	38917.19	52582.64	2239.701	28579.92	45448.12	5012.246	35420.53	2232.028	2890.036	16351.26	58751.92	18200.95	-5.338078	2582.918	1.356652e+08	4.186367e+08	3268.327	1795.729	693.9502	725057.9	11084.56	495.3737	6692.815	-5.338078	2582.918	495.3737	6692.815
64.62	39618.19	59700.64	1539.701	35187.92	46250.12	5012.246	31715.53	2632.028	4791.036	15951.26	60956.92	13497.95	-5.338078	2882.918	9.941482e+07	3.725494e+08	3068.327	2095.729	393.9502	618347.9	11385.56	95.37366	6592.815	-5.338078	2882.918	95.37366	6592.815
64.91	36013.19	65617.64	3240.701	38693.92	31026.12	2111.246	37223.53	2732.028	2890.036	14750.26	62360.92	10995.95	-5.338078	2682.918	1.292552e+08	3.2847e+08	2968.327	1095.729	893.9502	522088.9	10784.56	795.3737	5592.815	-5.338078	2682.918	795.3737	5592.815
65.19	32909.19	61806.64	2839.701	48009.92	28724.12	1111.246	34919.53	2232.028	3290.036	15351.26	58651.92	10595.95	194.6619	3982.918	1.32532e+08	3.144455e+08	3568.327	1795.729	693.9502	511268.9	13586.56	495.3737	5592.815	194.6619	3982.918	495.3737	5592.815
65.48	29504.19	64814.64	2839.701	53320.92	26421.12	3312.246	32716.53	1832.028	3090.036	12749.26	57949.92	7994.95	-5.338078	3182.918	1.383761e+08	3.525128e+08	1468.327	1795.729	393.9502	723205.9	10384.56	95.37366	4391.815	-5.338078	3182.918	95.37366	4391.815
65.76	33009.19	82270.64	2239.701	50113.92	25020.12	411.2456	32916.53	2332.028	3390.036	12549.26	65969.92	11396.95	-5.338078	3382.918	1.383468e+08	4.00602e+08	3068.327	3295.729	193.9502	930286.9	11485.56	95.37366	5192.815	-5.338078	3382.918	95.37366	5192.815
66.05	34110.19	86586.64	1139.701	46907.92	21817.12	3712.246	26108.53	1432.028	2890.036	9148.264	64465.92	11296.95	-5.338078	2182.918	1.379071e+08	3.765569e+08	1768.327	3195.729	393.9502	1298040	11985.56	295.3737	5592.815	-5.338078	2182.918	295.3737	5592.815
66.33	31507.19	76149.64	1739.701	43501.92	19515.12	2911.246	25006.53	3032.028	4191.036	11649.26	61057.92	13897.95	-5.338078	1482.918	1.355773e+08	3.585237e+08	1968.327	3295.729	493.9502	1714431	10484.56	-4.626335	4791.815	-5.338078	1482.918	-4.626335	4791.815
66.62	41221.19	111993.6	2739.701	51115.92	15212.12	4412.246	34018.53	2132.028	3090.036	13350.26	72788.92	15098.95	-5.338078	1982.918	1.365442e+08	3.725494e+08	1868.327	3195.729	93.95018	2107101	12685.56	95.37366	6692.815	-5.338078	1982.918	95.37366	6692.815
66.91	39819.19	109079.6	2539.701	51817.92	12810.12	2511.246	33517.53	2432.028	3290.036	15551.26	72888.92	16298.95	-5.338078	2682.918	1.321661e+08	3.62531e+08	1368.327	4595.729	93.95018	1990070	11084.56	-4.626335	5792.815	-5.338078	2682.918	-4.626335	5792.815
67.19	35512.19	165603.6	1539.701	56427.92	10109.12	6513.246	53453.53	2832.028	1790.036	20755.26	66470.92	11296.95	-5.338078	2882.918	1.207846e+08	3.224594e+08	2168.327	3295.729	93.95018	1863340	12085.56	195.3737	5592.815	-5.338078	2882.918	195.3737	5592.815
67.48	33309.19	358760.6	1539.701	64547.92	9209.117	7914.246	71600.52	2132.028	4691.036	22356.26	64064.92	9295.95	-5.338078	2282.918	1.205804e+08	2.803876e+08	2168.327	2995.729	593.9502	1549468	8083.562	-4.626335	4891.815	-5.338078	2282.918	-4.626335	4891.815
67.76	25600.19	930962.6	2940.701	70062.92	10409.12	19823.25	119988.5	1132.028	5391.036	18353.26	65768.92	11296.95	94.66192	2882.918	1.124794e+08	3.004214e+08	1268.327	2495.729	693.9502	1289515	10484.56	195.3737	4091.815	94.66192	2882.918	195.3737	4091.815
68.05	26001.19	1311667	2339.701	63845.92	10909.12	23026.25	145626.5	2132.028	3591.036	18953.26	66069.92	19801.95	-5.338078	2782.918	1.21587e+08	3.304735e+08	1168.327	3995.729	793.9502	1145552	11285.56	-4.626335	4391.815	-5.338078	2782.918	-4.626335	4391.815
68.34	29504.19	1435637	2139.701	50715.92	15012.12	25529.25	134262.5	2032.028	2890.036	13650.26	62660.92	20301.95	-5.338078	1682.918	1.26259e+08	3.144455e+08	1168.327	3095.729	893.9502	1153296	11785.56	-4.626335	4291.815	-5.338078	1682.918	-4.626335	4291.815
68.62	26401.19	1162307	3640.701	38392.92	13311.12	21224.25	115869.5	2132.028	3290.036	10848.26	57849.92	20101.95	-5.338078	1482.918	1.24258e+08	3.104385e+08	1568.327	2795.729	193.9502	1337648	11985.56	-4.626335	5192.815	-5.338078	1482.918	-4.626335	5192.815
68.91	21396.19	875705.6	3540.701	31482.92	12510.12	12116.25	77518.52	4032.028	1990.036	11349.26	56947.92	19100.95	-5.338078	1882.918	1.336737e+08	3.404912e+08	2968.327	2795.729	793.9502	1726308	13386.56	195.3737	4191.815	-5.338078	1882.918	195.3737	4191.815
69.19	20696.19	673843.6	2039.701	29279.92	12610.12	11616.25	80327.52	2232.028	2990.036	8547.264	68576.92	16599.95	-5.338078	582.9182	1.307615e+08	3.985982e+08	1168.327	3395.729	1493.95	1976775	12085.56	-4.626335	5192.815	-5.338078	582.9182	-4.626335	5192.815
69.48	15692.19	611044.6	2940.701	22472.92	11310.12	6813.246	53453.53	2032.028	2890.036	7447.263	58751.92	11196.95	-5.338078	682.9182	1.24258e+08	3.444984e+08	1368.327	2895.729	1293.95	2143945	11485.56	-4.626335	5992.815	-5.338078	682.9182	-4.626335	5992.815
69.77	17093.19	478062.6	2039.701	20771.92	11910.12	8114.246	44936.53	2032.028	2890.036	7047.263	71685.92	11596.95	-5.338078	982.9182	1.333223e+08	3.264664e+08	1268.327	4495.729	1693.95	2365995	11385.56	95.37366	6392.815	-5.338078	982.9182	95.37366	6392.815
70.05	19995.19	396432.6	1639.701	18669.92	11210.12	7714.246	43133.53	1932.028	1990.036	6147.263	70882.92	11696.95	-5.338078	782.9182	1.281149e+08	3.545164e+08	1368.327	2795.729	1093.95	2374222	9884.562	95.37366	6092.815	-5.338078	782.9182	95.37366	6092.815
70.34	20295.19	358963.6	1939.701	18268.92	11210.12	7614.246	52651.53	2532.028	3190.036	6147.263	66671.92	11896.95	-5.338078	382.9182	1.23382e+08	2.964146e+08	1368.327	2395.729	1093.95	2311536	9884.562	-4.626335	5992.815	-5.338078	382.9182	-4.626335	5992.815
70.63	18994.19	493971.6	2539.701	14066.92	10309.12	12517.25	64580.53	1832.028	3290.036	4946.263	63864.92	12396.95	-5.338078	682.9182	1.196761e+08	2.884011e+08	1168.327	2695.729	693.9502	2256208	8984.562	-4.626335	5992.815	-5.338078	682.9182	-4.626335	5992.815
70.91	24099.19	548095.6	3240.701	12265.92	13010.12	10315.25	62375.53	1732.028	3290.036	4146.263	66170.92	21903.95	94.66192	582.9182	1.198511e+08	3.344805e+08	1068.327	3395.729	993.9502	2282327	8183.562	-4.626335	5992.815	94.66192	582.9182	-4.626335	5992.815
71.21	38116.19	491420.6	2539.701	17068.92	25520.12	10415.25	53654.53	13636.03	2690.036	5247.263	66069.92	31012.95	-5.338078	182.9182	1.15323e+08	3.665384e+08	1468.327	3295.729	993.9502	1451167	8583.562	95.37366	7592.815	-5.338078	182.9182	95.37366	7592.815
71.5	57353.19	357644.6	2439.701	13865.92	42944.12	60096.25	43433.53	3332.028	3591.036	4646.263	73189.92	45635.95	-5.338078	582.9182	1.13906e+08	2.603547e+08	1468.327	3495.729	1993.95	2047653	4282.562	195.3737	7592.815	-5.338078	582.9182	195.3737	7592.815
71.78	61262.19	273167.6	2940.701	13165.92	52462.12	11116.25	35420.53	2332.028	2790.036	4846.263	68576.92	50845.95	-5.338078	682.9182	1.102535e+08	2.76381e+08	968.3274	4495.729	2293.95	2072587	5283.562	295.3737	11694.82	-5.338078	682.9182	295.3737	11694.82
72.07	78610.19	220336.6	2439.701	12965.92	49556.12	14018.25	35720.53	2132.028	3390.036	3246.263	73791.92	54152.95	-5.338078	482.9182	1.149107e+08	2.643612e+08	1568.327	2995.729	2393.95	2122962	4582.562	-4.626335	9593.815	-5.338078	482.9182	-4.626335	9593.815
72.35	87139.19	237800.6	2039.701	12265.92	43645.12	12116.25	26808.53	2132.028	3090.036	3846.263	79809.92	67685.95	-5.338078	582.9182	1.101807e+08	3.545164e+08	868.3274	3495.729	2493.95	2313835	7083.562	95.37366	11294.82	-5.338078	582.9182	95.37366	11294.82
72.64	90751.19	144366.6	2239.701	9563.922	40039.12	10215.25	28510.53	1532.028	3190.036	3446.263	73590.92	69590.95	-5.338078	282.9182	1.203907e+08	3.084351e+08	1568.327	2495.729	1693.95	2452572	6283.562	195.3737	10093.82	-5.338078	282.9182	195.3737	10093.82
72.92	74598.19	117017.6	3040.701	8863.922	32929.12	10916.25	23004.53	2832.028	2690.036	2746.263	64064.92	54252.95	-5.338078	282.9182	9.820187e+07	2.76381e+08	1668.327	2895.729	1693.95	1997099	5883.562	-4.626335	9293.815	-5.338078	282.9182	-4.626335	9293.815
73.21	59959.19	91103.64	539.7012	5962.922	25420.12	6813.246	18600.53	1432.028	1790.036	2346.263	51134.92	39023.95	-5.338078	482.9182	7.563132e+07	1.82234e+08	668.3274	1095.729	1093.95	1565524	3582.562	-4.626335	6092.815	-5.338078	482.9182	-4.626335	6092.815
73.5	50538.19	53284.64	1039.701	5662.922	20415.12	6113.246	21703.53	732.0284	1090.036	1246.263	37210.92	32815.95	-5.338078	182.9182	5.688336e+07	1.381712e+08	1068.327	1895.729	1093.95	1226983	2782.562	-4.626335	4591.815	-5.338078	182.9182	-4.626335	4591.815
73.78	33409.19	66118.64	939.7012	3661.922	15712.12	3312.246	13497.53	832.0284	1290.036	1346.263	29900.92	21502.95	-5.338078	-17.08185	4.18132e+07	1.20628e+08	468.3274	1495.729	1393.95	891407.9	2082.562	-4.626335	3691.815	-5.338078	-17.08185	-4.626335	3691.815
74.07	28203.19	43763.64	-160.2988	3361.922	12610.12	2611.246	8994.526	132.0284	590.0356	1146.263	24995.92	18100.95	-5.338078	-17.08185	3.482889e+07	9.470309e+07	468.3274	495.7295	593.9502	752037.9	2082.562	-4.626335	3391.815	-5.338078	-17.08185	-4.626335	3391.815
74.35	22897.19	37952.64	539.7012	2961.922	7708.118	2211.246	7694.527	1332.028	1090.036	446.2633	19690.92	12396.95	-5.338078	82.91815	2.802887e+07	8.177433e+07	468.3274	995.7296	593.9502	584343.9	2182.562	-4.626335	1391.815	-5.338078	82.91815	-4.626335	1391.815
74.64	16693.19	39355.64	-1261.299	3461.922	6108.118	1011.246	6393.527	332.0284	690.0356	1146.263	12985.92	12996.95	-5.338078	-17.08185	2.450596e+07	5.998413e+07	368.3274	795.7296	393.9502	435656.9	782.5623	-4.626335	1991.815	-5.338078	-17.08185	-4.626335	1991.815
74.92	12690.19	19026.64	-360.2988	2561.922	6108.118	11.24561	3092.527	132.0284	-209.9644	746.2634	12685.92	10895.95	-5.338078	-17.08185	1.883124e+07	5.253468e+07	168.3274	495.7295	193.9502	377319.9	1482.562	-4.626335	1191.815	-5.338078	-17.08185	-4.626335	1191.815
75.21	12890.19	16523.64	-1261.299	1361.922	5008.118	1311.246	5293.527	432.0284	190.0356	446.2633	10384.92	7994.95	-5.338078	182.9182	1.594063e+07	3.805431e+07	68.3274	195.7295	193.9502	277525.9	582.5623	-4.626335	1391.815	-5.338078	182.9182	-4.626335	1391.815
75.49	9989.188	16023.64	-761.2988	861.9218	3807.117	2211.246	3092.527	332.0284	-209.9644	246.2633	7783.918	5494.95	-5.338078	-17.08185	1.218921e+07	3.360734e+07	268.3274	695.7296	293.9502	239940	282.5623	-4.626335	1691.815	-5.338078	-17.08185	-4.626335	1691.815
75.78	7188.188	9318.641	-560.2988	461.9218	3107.117	3712.246	2992.527	232.0284	1190.036	446.2633	6483.918	6694.95	-5.338078	-17.08185	9827148	3.050776e+07	68.3274	-4.270463	293.9502	221874	782.5623	-4.626335	591.8149	-5.338078	-17.08185	-4.626335	591.8149
76.07	6788.188	14622.64	339.7012	61.92175	3307.117	-1189.754	1792.527	632.0284	890.0356	146.2633	5783.918	4993.95	-5.338078	-17.08185	8328698	2.404591e+07	68.3274	195.7295	393.9502	181551	982.5623	-4.626335	691.8149	-5.338078	-17.08185	-4.626335	691.8149
76.35	5088.188	22129.64	339.7012	1461.922	2907.117	-288.7544	1392.527	32.02844	90.03564	246.2633	3882.918	3593.95	-5.338078	-17.08185	6746120	1.947409e+07	168.3274	-4.270463	-6.049822	152357	382.5623	-4.626335	591.8149	-5.338078	-17.08185	-4.626335	591.8149
76.64	4487.188	8117.641	-2161.299	261.9218	2907.117	-288.7544	892.5267	-67.97156	-309.9644	46.26334	3482.918	2293.95	-5.338078	82.91815	5898600	1.678502e+07	168.3274	295.7295	93.95018	104010	782.5623	-4.626335	391.8149	-5.338078	82.91815	-4.626335	391.8149
76.92	3987.189	8317.641	-2661.299	861.9218	1607.117	211.2456	692.5267	-67.97156	290.0356	346.2633	2582.918	1693.95	-5.338078	82.91815	4740656	1.451016e+07	68.3274	395.7295	-6.049822	102102	82.56228	-4.626335	391.8149	-5.338078	82.91815	-4.626335	391.8149
77.21	4287.188	5116.641	-360.2988	-38.07825	707.1174	-1489.754	692.5267	532.0284	-109.9644	246.2633	3282.918	1093.95	-5.338078	-17.08185	3752466	1.154081e+07	-31.6726	95.72954	93.95018	78416.95	182.5623	-4.626335	191.8149	-5.338078	-17.08185	-4.626335	191.8149
77.49	3087.189	5516.641	-660.2988	61.92175	1407.117	-1089.754	692.5267	532.0284	-109.9644	146.2633	2082.918	1393.95	-5.338078	-17.08185	2933890	7850354	168.3274	-4.270463	-6.049822	54552.95	282.5623	-4.626335	-8.185054	-5.338078	-17.08185	-4.626335	-8.185054
77.78	2087.189	17024.64	-961.2988	261.9218	507.1174	511.2456	492.5267	132.0284	-109.9644	46.26334	1282.918	993.9502	-5.338078	82.91815	2792776	7850354	68.3274	95.72954	-6.049822	49943.95	82.56228	-4.626335	391.8149	-5.338078	82.91815	-4.626335	391.8149
78.07	1087.189	2415.641	-761.2988	-338.0782	507.1174	-1289.754	992.5267	432.0284	90.03564	146.2633	1582.918	1393.95	-5.338078	-17.08185	2581114	6148361	68.3274	195.7295	193.9502	45534.95	282.5623	-4.626335	191.8149	-5.338078	-17.08185	-4.626335	191.8149
78.35	687.1886	4015.641	-1161.299	161.9218	807.1174	-488.7544	992.5267	732.0284	190.0356	146.2633	1482.918	893.9502	-5.338078	-17.08185	1748703	5722990	68.3274	-4.270463	-6.049822	41127.95	-17.43772	-4.626335	191.8149	-5.338078	-17.08185	-4.626335	191.8149
78.64	1487.189	1614.641	-2361.299	561.9218	307.1174	-1289.754	-807.4733	-67.97156	-509.9644	146.2633	882.9182	693.9502	-5.338078	-17.08185	1621742	4376322	68.3274	95.72954	-6.049822	32915.95	-17.43772	-4.626335	191.8149	-5.338078	-17.08185	-4.626335	191.8149
78.93	1487.189	4015.641	-961.2988	-138.0782	1107.117	-1289.754	292.5267	132.0284	590.0356	-53.73666	1282.918	993.9502	-5.338078	-17.08185	1424257	3922822	-31.6726	-4.270463	93.95018	23804.95	182.5623	-4.626335	91.81495	-5.338078	-17.08185	-4.626335	91.81495
79.22	487.1886	2615.641	-660.2988	-338.0782	307.1174	-88.75439	592.5267	32.02844	-409.9644	46.26334	1182.918	93.95018	-5.338078	-17.08185	816595.4	3851968	168.3274	95.72954	-6.049822	26907.95	-17.43772	-4.626335	191.8149	-5.338078	-17.08185	-4.626335	191.8149
79.51	287.1886	3715.641	-861.2988	461.9218	407.1174	-1589.754	-407.4733	-467.9716	-509.9644	246.2633	682.9182	93.95018	-5.338078	-17.08185	1170363	2534342	68.3274	-4.270463	93.95018	25506.95	-17.43772	-4.626335	-8.185054	-5.338078	-17.08185	-4.626335	-8.185054
79.8	887.1886	2315.641	-1261.299	361.9218	107.1174	-1289.754	292.5267	-367.9716	-709.9644	-53.73666	982.9182	93.95018	-5.338078	-17.08185	1085736	2647667	-31.6726	-4.270463	93.95018	12596.95	-17.43772	-4.626335	91.81495	-5.338078	-17.08185	-4.626335	91.81495
80.08	487.1886	1614.641	-961.2988	-638.0782	307.1174	-2489.754	-107.4733	132.0284	490.0356	-53.73666	282.9182	193.9502	-5.338078	-17.08185	786348.4	1925282	-31.6726	95.72954	-6.049822	16398.95	-17.43772	-4.626335	91.81495	-5.338078	-17.08185	-4.626335	91.81495
80.37	1387.189	1414.641	-1161.299	-38.07825	107.1174	-1089.754	-207.4733	132.0284	990.0356	-53.73666	582.9182	293.9502	-5.338078	-17.08185	479302.4	1656196	-31.6726	-4.270463	-6.049822	9195.95	-17.43772	-4.626335	91.81495	-5.338078	-17.08185	-4.626335	91.81495
80.66	187.1886	914.6406	-260.2988	-238.0782	307.1174	-1389.754	192.5267	-67.97156	-109.9644	146.2633	282.9182	293.9502	-5.338078	82.91815	467808.4	2166061	-31.6726	-4.270463	-6.049822	14097.95	82.56228	-4.626335	-8.185054	-5.338078	82.91815	-4.626335	-8.185054
80.94	187.1886	714.6406	-660.2988	61.92175	-92.88256	-2489.754	1092.527	332.0284	490.0356	46.26334	282.9182	493.9502	-5.338078	-17.08185	378616.4	1188885	-31.6726	-4.270463	-6.049822	10795.95	-17.43772	-4.626335	91.81495	-5.338078	-17.08185	-4.626335	91.81495
81.23	287.1886	614.6406	-660.2988	561.9218	107.1174	211.2456	-507.4733	632.0284	590.0356	-53.73666	482.9182	293.9502	-5.338078	-17.08185	364408.4	1259686	68.3274	-4.270463	-6.049822	7094.95	-17.43772	-4.626335	-8.185054	-5.338078	-17.08185	-4.626335	-8.185054
81.52	87.18861	2114.641	39.70117	-238.0782	-92.88256	-1189.754	-307.4733	-267.9716	90.03564	-53.73666	282.9182	293.9502	-5.338078	-17.08185	279019.4	1330488	-31.6726	95.72954	-6.049822	4093.95	-17.43772	-4.626335	-8.185054	-5.338078	-17.08185	-4.626335	-8.185054
81.8	87.18861	2114.641	-2561.299	361.9218	307.1174	-1689.754	-207.4733	-167.9716	390.0356	-53.73666	482.9182	93.95018	-5.338078	-17.08185	327705.4	1018969	68.3274	-4.270463	93.95018	7594.95	-17.43772	-4.626335	91.81495	-5.338078	-17.08185	-4.626335	91.81495
82.09	-12.81139	814.6406	-360.2988	-138.0782	107.1174	-2489.754	-107.4733	-67.97156	490.0356	-53.73666	282.9182	193.9502	-5.338078	-17.08185	254156.4	495112.8	-31.6726	-4.270463	193.9502	3193.95	-17.43772	-4.626335	-8.185054	-5.338078	-17.08185	-4.626335	-8.185054
82.38	-12.81139	1214.641	-2461.299	-338.0782	-92.88256	-1689.754	-107.4733	-267.9716	190.0356	46.26334	82.91815	293.9502	-5.338078	-17.08185	254156.4	495112.8	68.3274	-4.270463	-6.049822	2293.95	82.56228	-4.626335	-8.185054	-5.338078	-17.08185	-4.626335	-8.185054
82.68	-12.81139	-85.35938	-660.2988	-38.07825	-92.88256	-2489.754	92.52673	332.0284	290.0356	-53.73666	82.91815	-6.049822	-5.338078	-17.08185	260723.4	707476.8	-31.6726	-4.270463	-6.049822	2593.95	-17.43772	-4.626335	-8.185054	-5.338078	-17.08185	-4.626335	-8.185054
82.97	87.18861	-985.3594	-260.2988	61.92175	307.1174	-689.7544	692.5267	-167.9716	390.0356	46.26334	-17.08185	-6.049822	-5.338078	-17.08185	199261.4	1047288	68.3274	-4.270463	-6.049822	6094.95	-17.43772	-4.626335	91.81495	-5.338078	-17.08185	-4.626335	91.81495
83.25	87.18861	1714.641	-861.2988	161.9218	207.1174	-2389.754	292.5267	-267.9716	-709.9644	46.26334	82.91815	-6.049822	-5.338078	-17.08185	193113.4	141198.8	-31.6726	-4.270463	-6.049822	5894.95	-17.43772	-4.626335	-8.185054	-5.338078	-17.08185	-4.626335	-8.185054
83.54	-12.81139	-985.3594	-1161.299	-338.0782	107.1174	-889.7544	5493.527	-467.9716	90.03564	-53.73666	-17.08185	-6.049822	-5.338078	-17.08185	146095.4	211978.8	-31.6726	-4.270463	-6.049822	2793.95	-17.43772	-4.626335	-8.185054	-5.338078	-17.08185	-4.626335	-8.185054
83.83	87.18861	1314.641	39.70117	261.9218	207.1174	-1589.754	-407.4733	-267.9716	-309.9644	-53.73666	82.91815	-6.049822	-5.338078	-17.08185	126690.4	268603.8	-31.6726	-4.270463	-6.049822	1293.95	-17.43772	-4.626335	-8.185054	-5.338078	-17.08185	-4.626335	-8.185054
84.12	187.1886	2515.641	139.7012	-238.0782	307.1174	-789.7544	92.52673	-267.9716	-609.9644	146.2633	182.9182	-6.049822	-5.338078	-17.08185	68964.4	254447.8	-31.6726	-4.270463	93.95018	1093.95	-17.43772	-4.626335	-8.185054	-5.338078	-17.08185	-4.626335	-8.185054
84.41	-12.81139	-185.3594	439.7012	-238.0782	-92.88256	-588.7544	-607.4733	32.02844	190.0356	-53.73666	-17.08185	-6.049822	-5.338078	-17.08185	60743.39	112887.8	-31.6726	-4.270463	-6.049822	2593.95	-17.43772	-4.626335	-8.185054	-5.338078	-17.08185	-4.626335	-8.185054
84.7	87.18861	214.6406	-961.2988	-38.07825	107.1174	-1289.754	-807.4733	-367.9716	190.0356	-53.73666	182.9182	-6.049822	-5.338078	-17.08185	81101.4	197822.8	-31.6726	-4.270463	-6.049822	1193.95	-17.43772	-4.626335	-8.185054	-5.338078	-17.08185	-4.626335	-8.185054
84.99	87.18861	914.6406	-560.2988	-238.0782	-92.88256	-889.7544	292.5267	-267.9716	-409.9644	-53.73666	-17.08185	-6.049822	-5.338078	-17.08185	64352.39	132696.8	-31.6726	-4.270463	-6.049822	193.9502	-17.43772	-4.626335	-8.185054	-5.338078	-17.08185	-4.626335	-8.185054
85.27	-12.81139	-185.3594	-2961.299	661.9218	-92.88256	-789.7544	-807.4733	-67.97156	-409.9644	46.26334	82.91815	-6.049822	-5.338078	-17.08185	98570.4	183315.8	-31.6726	-4.270463	-6.049822	1993.95	82.56228	-4.626335	-8.185054	-5.338078	-17.08185	-4.626335	-8.185054
85.56	-12.81139	914.6406	-861.2988	-238.0782	107.1174	-789.7544	-507.4733	132.0284	90.03564	146.2633	82.91815	-6.049822	-5.338078	-17.08185	99869.4	64828.77	-31.6726	-4.270463	-6.049822	1193.95	-17.43772	-4.626335	-8.185054	-5.338078	-17.08185	-4.626335	-8.185054
85.84	-12.81139	614.6406	-560.2988	61.92175	-92.88256	-1489.754	-207.4733	32.02844	90.03564	46.26334	-17.08185	-6.049822	-5.338078	-17.08185	115737.4	113703.8	-31.6726	-4.270463	-6.049822	393.9502	-17.43772	-4.626335	-8.185054	-5.338078	-17.08185	-4.626335	-8.185054
86.13	287.1886	2014.641	-761.2988	261.9218	107.1174	-1689.754	-1007.473	332.0284	590.0356	-53.73666	-17.08185	93.95018	-5.338078	-17.08185	19477.39	7044.772	-31.6726	-4.270463	-6.049822	593.9502	-17.43772	-4.626335	-8.185054	-5.338078	-17.08185	-4.626335	-8.185054
86.41	-12.81139	-485.3594	-660.2988	-438.0782	7.117439	-2089.754	392.5267	32.02844	290.0356	46.26334	82.91815	-6.049822	-5.338078	-17.08185	39300.39	122846.8	68.3274	-4.270463	-6.049822	993.9502	-17.43772	-4.626335	-8.185054	-5.338078	-17.08185	-4.626335	-8.185054
86.7	-12.81139	1014.641	-60.29883	-338.0782	7.117439	-789.7544	-207.4733	532.0284	-209.9644	46.26334	-17.08185	-6.049822	-5.338078	-17.08185	40402.39	106872.8	-31.6726	-4.270463	-6.049822	93.95018	-17.43772	-4.626335	-8.185054	-5.338078	-17.08185	-4.626335	-8.185054
86.99	-12.81139	314.6406	-861.2988	-538.0782	-92.88256	-288.7544	-507.4733	532.0284	90.03564	46.26334	82.91815	-6.049822	-5.338078	-17.08185	65655.4	112887.8	-31.6726	-4.270463	-6.049822	-6.049822	-17.43772	-4.626335	-8.185054	-5.338078	-17.08185	-4.626335	-8.185054
87.28	87.18861	-785.3594	-260.2988	161.9218	-92.88256	-889.7544	-107.4733	-167.9716	-709.9644	-53.73666	-17.08185	-6.049822	-5.338078	82.91815	36896.39	155354.8	-31.6726	-4.270463	-6.049822	293.9502	-17.43772	-4.626335	-8.185054	-5.338078	82.91815	-4.626335	-8.185054
87.56	87.18861	714.6406	-1061.299	-38.07825	7.117439	-889.7544	-307.4733	-267.9716	-9.964355	46.26334	-17.08185	-6.049822	-5.338078	-17.08185	16274.39	98739.77	-31.6726	-4.270463	-6.049822	493.9502	-17.43772	-4.626335	-8.185054	-5.338078	-17.08185	-4.626335	-8.185054
87.85	-12.81139	14.64062	-861.2988	-338.0782	107.1174	-2189.754	-307.4733	-267.9716	90.03564	46.26334	82.91815	-6.049822	-5.338078	-17.08185	173872.4	27954.77	-31.6726	95.72954	-6.049822	-6.049822	-17.43772	-4.626335	-8.185054	-5.338078	-17.08185	-4.626335	-8.185054
88.14	-12.81139	-885.3594	-1461.299	-38.07825	-92.88256	-1589.754	-607.4733	-167.9716	290.0356	-53.73666	-17.08185	-6.049822	-5.338078	82.91815	2569.395	6344.772	-31.6726	-4.270463	-6.049822	93.95018	-17.43772	-4.626335	-8.185054	-5.338078	82.91815	-4.626335	-8.185054
88.43	-12.81139	-1586.359	-160.2988	561.9218	107.1174	-1889.754	-307.4733	332.0284	-209.9644	-53.73666	-17.08185	-6.049822	-5.338078	-17.08185	26583.39	509269.8	-31.6726	-4.270463	-6.049822	793.9502	-17.43772	-4.626335	-8.185054	-5.338078	-17.08185	-4.626335	-8.185054
88.72	87.18861	-685.3594	-460.2988	361.9218	7.117439	11.24561	-607.4733	32.02844	-109.9644	146.2633	-17.08185	-6.049822	-5.338078	-17.08185	169.395	68538.77	-31.6726	-4.270463	-6.049822	893.9502	-17.43772	-4.626335	-8.185054	-5.338078	-17.08185	-4.626335	-8.185054
89	-12.81139	914.6406	-260.2988	-338.0782	7.117439	-388.7544	-607.4733	532.0284	490.0356	-53.73666	-17.08185	-6.049822	-5.338078	-17.08185	4469.395	103960.8	-31.6726	-4.270463	-6.049822	1693.95	-17.43772	-4.626335	-8.185054	-5.338078	-17.08185	-4.626335	-8.185054
