ElapsedTime_s	Ti49_CPS	Al27_CPS	S33_CPS	Sc45_CPS	V51_CPS	Mn55_CPS	Fe57_CPS	Co59_CPS	Ni60_CPS	Ga71_CPS	Zr90_CPS	Nb93_CPS	Mo97_CPS	In113_CPS	Sn119_CPS	Sn118_CPS	Sb121_CPS	Hf177_CPS	Ta181_CPS	W183_CPS	Pb206_CPS	Th232_CPS	U238_CPS	Tc97_CPS	Cd113_CPS	U232_CPS	Pu238_CPS
0	-12.81139	414.6406	-1261.299	-638.0782	-92.88256	-889.7544	-607.4733	-267.9716	290.0356	46.26334	-17.08185	-6.049822	-5.338078	-17.08185	4869.395	6044.772	-31.6726	-4.270463	-6.049822	-6.049822	-17.43772	-4.626335	-8.185054	-5.338078	-17.08185	-4.626335	-8.185054
																											
10.15	-12.81139	714.6406	-660.2988	161.9218	-92.88256	711.2456	-707.4733	-67.97156	-209.9644	-53.73666	-17.08185	-6.049822	-5.338078	-17.08185	-130.605	-256.2278	-31.6726	-4.270463	-6.049822	-6.049822	-17.43772	-4.626335	-8.185054	-5.338078	-17.08185	-4.626335	-8.185054
10.44	-12.81139	-685.3594	-961.2988	61.92175	7.117439	-889.7544	-7.473267	32.02844	-509.9644	-53.73666	-17.08185	-6.049822	-5.338078	-17.08185	-130.605	-356.2278	68.3274	-4.270463	-6.049822	-6.049822	-17.43772	-4.626335	-8.185054	-5.338078	-17.08185	-4.626335	-8.185054
10.73	-12.81139	-385.3594	-160.2988	161.9218	7.117439	-1289.754	92.52673	-67.97156	-309.9644	-53.73666	-17.08185	-6.049822	-5.338078	-17.08185	1869.395	43.77225	-31.6726	-4.270463	93.95018	-6.049822	-17.43772	-4.626335	-8.185054	-5.338078	-17.08185	-4.626335	-8.185054
11.01	-12.81139	1614.641	139.7012	-138.0782	7.117439	-989.7544	-507.4733	-367.9716	390.0356	-53.73666	-17.08185	-6.049822	-5.338078	-17.08185	4069.395	143.7722	-31.6726	-4.270463	-6.049822	-6.049822	-17.43772	-4.626335	-8.185054	-5.338078	-17.08185	-4.626335	-8.185054
11.3	-12.81139	614.6406	-160.2988	-138.0782	-92.88256	-689.7544	-307.4733	332.0284	190.0356	-53.73666	-17.08185	-6.049822	-5.338078	-17.08185	69.39502	-256.2278	-31.6726	-4.270463	-6.049822	-6.049822	-17.43772	-4.626335	-8.185054	-5.338078	-17.08185	-4.626335	-8.185054
11.59	-12.81139	514.6406	239.7012	-238.0782	7.117439	-989.7544	392.5267	-167.9716	-9.964355	146.2633	-17.08185	-6.049822	94.66192	-17.08185	169.395	543.7722	-31.6726	-4.270463	-6.049822	-6.049822	-17.43772	-4.626335	-8.185054	94.66192	-17.08185	-4.626335	-8.185054
11.87	-12.81139	1514.641	-1561.299	-38.07825	107.1174	211.2456	-407.4733	-367.9716	-609.9644	246.2633	-17.08185	-6.049822	-5.338078	-17.08185	-130.605	43.77225	-31.6726	-4.270463	-6.049822	-6.049822	-17.43772	95.37366	-8.185054	-5.338078	-17.08185	95.37366	-8.185054
12.16	287.1886	514.6406	39.70117	-138.0782	7.117439	-989.7544	92.52673	232.0284	590.0356	46.26334	-17.08185	-6.049822	-5.338078	-17.08185	869.395	43.77225	68.3274	-4.270463	-6.049822	-6.049822	-17.43772	-4.626335	-8.185054	-5.338078	-17.08185	-4.626335	-8.185054
12.44	187.1886	-85.35938	239.7012	-238.0782	-92.88256	-1489.754	-307.4733	-267.9716	-409.9644	46.26334	-17.08185	93.95018	-5.338078	-17.08185	-30.60498	-56.22775	168.3274	-4.270463	-6.049822	-6.049822	-17.43772	-4.626335	-8.185054	-5.338078	-17.08185	-4.626335	-8.185054
12.73	-12.81139	1114.641	439.7012	-138.0782	-92.88256	-989.7544	192.5267	32.02844	-109.9644	46.26334	-17.08185	-6.049822	-5.338078	-17.08185	169.395	343.7722	-31.6726	-4.270463	-6.049822	-6.049822	82.56228	-4.626335	-8.185054	-5.338078	-17.08185	-4.626335	-8.185054
13.01	-12.81139	1114.641	-560.2988	361.9218	-92.88256	-989.7544	92.52673	332.0284	-109.9644	46.26334	-17.08185	-6.049822	-5.338078	82.91815	-30.60498	343.7722	-31.6726	-4.270463	-6.049822	-6.049822	-17.43772	-4.626335	-8.185054	-5.338078	82.91815	-4.626335	-8.185054
13.29	-12.81139	214.6406	-460.2988	-238.0782	-92.88256	411.2456	-7.473267	-167.9716	-109.9644	-53.73666	-17.08185	-6.049822	-5.338078	-17.08185	169.395	-56.22775	-31.6726	-4.270463	-6.049822	-6.049822	-17.43772	-4.626335	-8.185054	-5.338078	-17.08185	-4.626335	-8.185054
13.58	-12.81139	-685.3594	-761.2988	61.92175	307.1174	-689.7544	-307.4733	-167.9716	290.0356	-53.73666	-17.08185	-6.049822	-5.338078	-17.08185	-30.60498	143.7722	-31.6726	-4.270463	-6.049822	-6.049822	-17.43772	-4.626335	-8.185054	-5.338078	-17.08185	-4.626335	-8.185054
13.86	-12.81139	414.6406	-1261.299	761.9218	7.117439	-789.7544	-807.4733	332.0284	-809.9644	-53.73666	-17.08185	-6.049822	-5.338078	-17.08185	-130.605	443.7722	-31.6726	-4.270463	-6.049822	-6.049822	-17.43772	-4.626335	91.81495	-5.338078	-17.08185	-4.626335	91.81495
14.15	87.18861	114.6406	-961.2988	261.9218	7.117439	-1489.754	-207.4733	932.0284	-109.9644	-53.73666	-17.08185	-6.049822	-5.338078	-17.08185	-30.60498	43.77225	-31.6726	-4.270463	-6.049822	93.95018	-17.43772	-4.626335	-8.185054	-5.338078	-17.08185	-4.626335	-8.185054
14.43	87.18861	-185.3594	239.7012	561.9218	-92.88256	-1489.754	-607.4733	132.0284	-309.9644	-53.73666	-17.08185	-6.049822	-5.338078	-17.08185	-130.605	343.7722	-31.6726	-4.270463	-6.049822	93.95018	-17.43772	-4.626335	-8.185054	-5.338078	-17.08185	-4.626335	-8.185054
14.72	-12.81139	914.6406	-260.2988	61.92175	7.117439	-689.7544	-1007.473	-67.97156	-9.964355	-53.73666	-17.08185	-6.049822	-5.338078	-17.08185	-130.605	-156.2278	168.3274	-4.270463	-6.049822	-6.049822	-17.43772	-4.626335	-8.185054	-5.338078	-17.08185	-4.626335	-8.185054
15	-12.81139	-685.3594	-260.2988	-438.0782	-92.88256	-1589.754	-407.4733	-267.9716	-9.964355	46.26334	82.91815	-6.049822	-5.338078	-17.08185	-130.605	343.7722	68.3274	-4.270463	-6.049822	-6.049822	-17.43772	-4.626335	-8.185054	-5.338078	-17.08185	-4.626335	-8.185054
15.29	-12.81139	814.6406	-1061.299	61.92175	7.117439	-1589.754	-707.4733	-67.97156	390.0356	46.26334	-17.08185	-6.049822	-5.338078	-17.08185	-130.605	443.7722	-31.6726	-4.270463	-6.049822	-6.049822	-17.43772	-4.626335	-8.185054	-5.338078	-17.08185	-4.626335	-8.185054
15.58	-12.81139	-885.3594	-761.2988	61.92175	107.1174	-288.7544	-707.4733	132.0284	-9.964355	146.2633	-17.08185	-6.049822	-5.338078	-17.08185	-130.605	43.77225	-31.6726	-4.270463	-6.049822	-6.049822	-17.43772	-4.626335	-8.185054	-5.338078	-17.08185	-4.626335	-8.185054
15.86	-12.81139	-85.35938	-1961.299	-238.0782	7.117439	-1789.754	-307.4733	332.0284	-409.9644	-53.73666	-17.08185	-6.049822	-5.338078	-17.08185	-30.60498	-156.2278	-31.6726	-4.270463	93.95018	193.9502	-17.43772	-4.626335	-8.185054	-5.338078	-17.08185	-4.626335	-8.185054
16.14	-12.81139	-585.3594	-460.2988	361.9218	7.117439	-1189.754	-7.473267	-367.9716	390.0356	46.26334	82.91815	-6.049822	-5.338078	-17.08185	69.39502	43.77225	-31.6726	-4.270463	-6.049822	-6.049822	-17.43772	-4.626335	-8.185054	-5.338078	-17.08185	-4.626335	-8.185054
16.43	-12.81139	1014.641	-1161.299	61.92175	7.117439	-989.7544	-207.4733	432.0284	190.0356	-53.73666	-17.08185	-6.049822	-5.338078	-17.08185	-130.605	-156.2278	-31.6726	-4.270463	-6.049822	-6.049822	-17.43772	-4.626335	-8.185054	-5.338078	-17.08185	-4.626335	-8.185054
16.72	-12.81139	114.6406	-1461.299	-138.0782	7.117439	-2389.754	-507.4733	432.0284	90.03564	-53.73666	-17.08185	-6.049822	94.66192	-17.08185	69.39502	43.77225	168.3274	-4.270463	-6.049822	-6.049822	-17.43772	-4.626335	-8.185054	94.66192	-17.08185	-4.626335	-8.185054
17	-12.81139	1214.641	-861.2988	-38.07825	7.117439	-1389.754	-107.4733	32.02844	190.0356	46.26334	82.91815	93.95018	-5.338078	-17.08185	69.39502	4143.772	-31.6726	95.72954	-6.049822	-6.049822	-17.43772	-4.626335	91.81495	-5.338078	-17.08185	-4.626335	91.81495
17.29	-12.81139	814.6406	-1761.299	-138.0782	-92.88256	-288.7544	-107.4733	-67.97156	-9.964355	-53.73666	-17.08185	-6.049822	-5.338078	-17.08185	69.39502	4043.772	-31.6726	95.72954	-6.049822	-6.049822	-17.43772	-4.626335	-8.185054	-5.338078	-17.08185	-4.626335	-8.185054
17.57	-12.81139	714.6406	-360.2988	-38.07825	7.117439	-1289.754	292.5267	232.0284	-209.9644	-53.73666	-17.08185	93.95018	94.66192	-17.08185	69.39502	-56.22775	-31.6726	-4.270463	-6.049822	-6.049822	-17.43772	-4.626335	-8.185054	94.66192	-17.08185	-4.626335	-8.185054
17.86	-12.81139	1114.641	-861.2988	161.9218	-92.88256	-1589.754	-507.4733	-267.9716	-309.9644	146.2633	-17.08185	-6.049822	-5.338078	-17.08185	-30.60498	-156.2278	-31.6726	-4.270463	-6.049822	-6.049822	-17.43772	-4.626335	-8.185054	-5.338078	-17.08185	-4.626335	-8.185054
18.14	-12.81139	814.6406	-60.29883	361.9218	107.1174	-1689.754	392.5267	32.02844	-209.9644	46.26334	82.91815	-6.049822	-5.338078	-17.08185	-30.60498	43.77225	-31.6726	-4.270463	93.95018	-6.049822	-17.43772	-4.626335	-8.185054	-5.338078	-17.08185	-4.626335	-8.185054
18.42	-12.81139	414.6406	-260.2988	261.9218	7.117439	411.2456	-207.4733	-67.97156	590.0356	46.26334	82.91815	-6.049822	-5.338078	-17.08185	-30.60498	-156.2278	68.3274	-4.270463	-6.049822	-6.049822	-17.43772	-4.626335	-8.185054	-5.338078	-17.08185	-4.626335	-8.185054
18.71	87.18861	614.6406	39.70117	-338.0782	-92.88256	-488.7544	-107.4733	32.02844	190.0356	146.2633	-17.08185	-6.049822	-5.338078	-17.08185	-30.60498	56264.77	-31.6726	-4.270463	-6.049822	-6.049822	-17.43772	-4.626335	-8.185054	-5.338078	-17.08185	-4.626335	-8.185054
19	-12.81139	-885.3594	-1661.299	-438.0782	-92.88256	611.2456	-207.4733	-167.9716	-809.9644	46.26334	-17.08185	-6.049822	-5.338078	-17.08185	-130.605	243.7722	-31.6726	-4.270463	-6.049822	-6.049822	-17.43772	-4.626335	-8.185054	-5.338078	-17.08185	-4.626335	-8.185054
19.28	-12.81139	-285.3594	-1361.299	261.9218	7.117439	511.2456	492.5267	-267.9716	-609.9644	46.26334	82.91815	-6.049822	-5.338078	-17.08185	-130.605	343.7722	-31.6726	-4.270463	-6.049822	-6.049822	-17.43772	-4.626335	-8.185054	-5.338078	-17.08185	-4.626335	-8.185054
19.57	-12.81139	614.6406	-560.2988	361.9218	7.117439	-88.75439	-507.4733	132.0284	-409.9644	146.2633	82.91815	-6.049822	-5.338078	-17.08185	69.39502	-56.22775	-31.6726	-4.270463	-6.049822	-6.049822	-17.43772	-4.626335	-8.185054	-5.338078	-17.08185	-4.626335	-8.185054
19.85	-12.81139	14.64062	539.7012	-238.0782	107.1174	211.2456	-7.473267	-67.97156	-909.9644	-53.73666	-17.08185	-6.049822	-5.338078	-17.08185	-30.60498	-56.22775	-31.6726	-4.270463	-6.049822	-6.049822	-17.43772	-4.626335	-8.185054	-5.338078	-17.08185	-4.626335	-8.185054
20.14	-12.81139	1114.641	-1561.299	-38.07825	7.117439	311.2456	-207.4733	-167.9716	-309.9644	-53.73666	82.91815	-6.049822	-5.338078	-17.08185	-30.60498	343.7722	-31.6726	-4.270463	-6.049822	-6.049822	-17.43772	-4.626335	-8.185054	-5.338078	-17.08185	-4.626335	-8.185054
20.42	-12.81139	214.6406	-1261.299	-38.07825	-92.88256	11.24561	292.5267	-267.9716	-9.964355	-53.73666	-17.08185	93.95018	-5.338078	-17.08185	-30.60498	-156.2278	68.3274	-4.270463	-6.049822	-6.049822	-17.43772	-4.626335	-8.185054	-5.338078	-17.08185	-4.626335	-8.185054
20.71	-12.81139	-385.3594	-1461.299	-38.07825	-92.88256	-989.7544	-7.473267	-267.9716	-209.9644	46.26334	-17.08185	-6.049822	94.66192	-17.08185	-130.605	43.77225	68.3274	-4.270463	-6.049822	-6.049822	-17.43772	-4.626335	-8.185054	94.66192	-17.08185	-4.626335	-8.185054
20.99	-12.81139	-285.3594	-460.2988	-38.07825	-92.88256	-2089.754	692.5267	-67.97156	-509.9644	46.26334	-17.08185	-6.049822	-5.338078	-17.08185	-130.605	343.7722	-31.6726	-4.270463	-6.049822	-6.049822	82.56228	-4.626335	-8.185054	-5.338078	-17.08185	-4.626335	-8.185054
21.28	87.18861	214.6406	-1061.299	-38.07825	7.117439	111.2456	92.52673	-67.97156	390.0356	-53.73666	-17.08185	-6.049822	-5.338078	-17.08185	-30.60498	-156.2278	-31.6726	-4.270463	-6.049822	93.95018	-17.43772	-4.626335	-8.185054	-5.338078	-17.08185	-4.626335	-8.185054
21.56	-12.81139	-85.35938	139.7012	-338.0782	7.117439	-689.7544	-107.4733	232.0284	-209.9644	-53.73666	-17.08185	-6.049822	-5.338078	-17.08185	69.39502	31163.77	-31.6726	-4.270463	-6.049822	-6.049822	-17.43772	-4.626335	-8.185054	-5.338078	-17.08185	-4.626335	-8.185054
21.85	87.18861	-185.3594	-60.29883	-538.0782	-92.88256	-488.7544	-407.4733	-367.9716	90.03564	146.2633	-17.08185	-6.049822	-5.338078	-17.08185	169.395	-156.2278	-31.6726	-4.270463	-6.049822	-6.049822	-17.43772	-4.626335	-8.185054	-5.338078	-17.08185	-4.626335	-8.185054
22.13	-12.81139	114.6406	-1261.299	-338.0782	107.1174	-1289.754	-307.4733	32.02844	490.0356	-53.73666	-17.08185	-6.049822	-5.338078	-17.08185	-130.605	43.77225	-31.6726	-4.270463	-6.049822	-6.049822	-17.43772	-4.626335	-8.185054	-5.338078	-17.08185	-4.626335	-8.185054
22.42	-12.81139	714.6406	-460.2988	-138.0782	107.1174	-889.7544	92.52673	-267.9716	90.03564	46.26334	-17.08185	-6.049822	-5.338078	82.91815	-30.60498	-56.22775	-31.6726	-4.270463	-6.049822	-6.049822	82.56228	95.37366	-8.185054	-5.338078	82.91815	95.37366	-8.185054
22.7	-12.81139	214.6406	-1061.299	561.9218	-92.88256	-488.7544	192.5267	232.0284	290.0356	-53.73666	-17.08185	-6.049822	-5.338078	-17.08185	69.39502	-56.22775	-31.6726	-4.270463	-6.049822	-6.049822	-17.43772	-4.626335	-8.185054	-5.338078	-17.08185	-4.626335	-8.185054
22.99	-12.81139	-685.3594	2139.701	-138.0782	-92.88256	-789.7544	192.5267	332.0284	1090.036	-53.73666	-17.08185	-6.049822	-5.338078	82.91815	169.395	143.7722	168.3274	-4.270463	93.95018	-6.049822	-17.43772	-4.626335	-8.185054	-5.338078	82.91815	-4.626335	-8.185054
23.27	187.1886	214.6406	39.70117	61.92175	-92.88256	-488.7544	-807.4733	232.0284	-309.9644	-53.73666	-17.08185	-6.049822	-5.338078	-17.08185	-130.605	-56.22775	-31.6726	-4.270463	-6.049822	-6.049822	82.56228	-4.626335	-8.185054	-5.338078	-17.08185	-4.626335	-8.185054
23.56	-12.81139	-285.3594	-861.2988	661.9218	7.117439	-889.7544	292.5267	232.0284	-209.9644	-53.73666	-17.08185	-6.049822	-5.338078	-17.08185	-30.60498	-356.2278	-31.6726	-4.270463	-6.049822	-6.049822	-17.43772	-4.626335	191.8149	-5.338078	-17.08185	-4.626335	191.8149
23.84	-12.81139	514.6406	-1061.299	-538.0782	-92.88256	-1489.754	-1007.473	32.02844	-409.9644	46.26334	-17.08185	-6.049822	-5.338078	-17.08185	-130.605	65129.77	-31.6726	-4.270463	-6.049822	-6.049822	182.5623	95.37366	-8.185054	-5.338078	-17.08185	95.37366	-8.185054
24.13	-12.81139	114.6406	-1161.299	-138.0782	7.117439	-1489.754	-607.4733	-67.97156	690.0356	-53.73666	-17.08185	-6.049822	94.66192	-17.08185	-130.605	243.7722	-31.6726	-4.270463	-6.049822	-6.049822	182.5623	-4.626335	-8.185054	94.66192	-17.08185	-4.626335	-8.185054
24.41	-12.81139	-585.3594	-961.2988	-38.07825	7.117439	411.2456	-207.4733	-67.97156	-9.964355	146.2633	-17.08185	-6.049822	-5.338078	-17.08185	-130.605	343.7722	-31.6726	-4.270463	-6.049822	-6.049822	-17.43772	-4.626335	-8.185054	-5.338078	-17.08185	-4.626335	-8.185054
24.7	-12.81139	2114.641	-660.2988	-238.0782	7.117439	-889.7544	-107.4733	-567.9716	-709.9644	-53.73666	82.91815	-6.049822	-5.338078	-17.08185	269.395	-256.2278	-31.6726	-4.270463	-6.049822	-6.049822	-17.43772	-4.626335	-8.185054	-5.338078	-17.08185	-4.626335	-8.185054
24.98	-12.81139	-185.3594	-660.2988	361.9218	-92.88256	-1089.754	292.5267	32.02844	490.0356	-53.73666	-17.08185	-6.049822	-5.338078	-17.08185	169.395	-56.22775	-31.6726	-4.270463	-6.049822	-6.049822	-17.43772	-4.626335	-8.185054	-5.338078	-17.08185	-4.626335	-8.185054
25.27	-12.81139	114.6406	739.7012	61.92175	-92.88256	-388.7544	392.5267	-167.9716	-709.9644	-53.73666	-17.08185	-6.049822	-5.338078	-17.08185	69.39502	-56.22775	-31.6726	-4.270463	-6.049822	-6.049822	-17.43772	-4.626335	-8.185054	-5.338078	-17.08185	-4.626335	-8.185054
25.55	-12.81139	-185.3594	39.70117	-538.0782	-92.88256	-1289.754	1292.527	-267.9716	-409.9644	-53.73666	-17.08185	-6.049822	-5.338078	-17.08185	169.395	143.7722	-31.6726	-4.270463	-6.049822	-6.049822	-17.43772	-4.626335	-8.185054	-5.338078	-17.08185	-4.626335	-8.185054
25.84	87.18861	14.64062	-1261.299	361.9218	7.117439	-1389.754	-507.4733	432.0284	-709.9644	-53.73666	-17.08185	-6.049822	-5.338078	-17.08185	3269.395	-56.22775	-31.6726	-4.270463	-6.049822	-6.049822	-17.43772	-4.626335	-8.185054	-5.338078	-17.08185	-4.626335	-8.185054
26.12	-12.81139	314.6406	-1361.299	-338.0782	-92.88256	-1289.754	92.52673	-567.9716	290.0356	46.26334	82.91815	-6.049822	-5.338078	-17.08185	169.395	43.77225	-31.6726	-4.270463	-6.049822	-6.049822	-17.43772	-4.626335	-8.185054	-5.338078	-17.08185	-4.626335	-8.185054
26.41	-12.81139	14.64062	139.7012	-38.07825	-92.88256	-88.75439	-207.4733	132.0284	-609.9644	46.26334	-17.08185	-6.049822	-5.338078	-17.08185	-130.605	-156.2278	68.3274	-4.270463	-6.049822	-6.049822	-17.43772	-4.626335	-8.185054	-5.338078	-17.08185	-4.626335	-8.185054
26.69	87.18861	214.6406	239.7012	-38.07825	-92.88256	-889.7544	-407.4733	-467.9716	-309.9644	46.26334	-17.08185	-6.049822	-5.338078	-17.08185	169.395	243.7722	68.3274	-4.270463	-6.049822	-6.049822	-17.43772	-4.626335	-8.185054	-5.338078	-17.08185	-4.626335	-8.185054
26.98	-12.81139	1014.641	-861.2988	-438.0782	-92.88256	111.2456	492.5267	432.0284	-9.964355	146.2633	-17.08185	-6.049822	-5.338078	-17.08185	-30.60498	-356.2278	-31.6726	-4.270463	-6.049822	-6.049822	-17.43772	-4.626335	-8.185054	-5.338078	-17.08185	-4.626335	-8.185054
27.26	-12.81139	-485.3594	-2361.299	661.9218	-92.88256	-488.7544	-407.4733	-267.9716	-109.9644	-53.73666	-17.08185	-6.049822	94.66192	-17.08185	369.395	-56.22775	-31.6726	-4.270463	-6.049822	-6.049822	-17.43772	-4.626335	-8.185054	94.66192	-17.08185	-4.626335	-8.185054
27.55	-12.81139	1314.641	-560.2988	-338.0782	7.117439	-288.7544	-207.4733	-467.9716	-509.9644	-53.73666	-17.08185	-6.049822	-5.338078	-17.08185	-30.60498	-156.2278	-31.6726	-4.270463	-6.049822	-6.049822	82.56228	-4.626335	-8.185054	-5.338078	-17.08185	-4.626335	-8.185054
27.83	-12.81139	714.6406	-961.2988	-38.07825	7.117439	-188.7544	392.5267	-67.97156	190.0356	46.26334	-17.08185	-6.049822	-5.338078	82.91815	-130.605	-156.2278	-31.6726	-4.270463	-6.049822	-6.049822	-17.43772	-4.626335	-8.185054	-5.338078	82.91815	-4.626335	-8.185054
28.12	-12.81139	414.6406	-460.2988	-238.0782	-92.88256	-588.7544	-307.4733	-67.97156	-209.9644	46.26334	-17.08185	-6.049822	-5.338078	-17.08185	69.39502	-56.22775	-31.6726	-4.270463	-6.049822	-6.049822	-17.43772	-4.626335	-8.185054	-5.338078	-17.08185	-4.626335	-8.185054
28.4	-12.81139	814.6406	-961.2988	261.9218	-92.88256	-488.7544	-107.4733	32.02844	-209.9644	246.2633	-17.08185	-6.049822	-5.338078	-17.08185	-30.60498	-56.22775	-31.6726	-4.270463	-6.049822	-6.049822	-17.43772	-4.626335	-8.185054	-5.338078	-17.08185	-4.626335	-8.185054
28.69	-12.81139	714.6406	339.7012	-38.07825	107.1174	711.2456	-307.4733	32.02844	290.0356	-53.73666	-17.08185	-6.049822	-5.338078	-17.08185	69.39502	43.77225	-31.6726	-4.270463	-6.049822	-6.049822	-17.43772	-4.626335	91.81495	-5.338078	-17.08185	-4.626335	91.81495
28.97	187.1886	214.6406	-861.2988	561.9218	7.117439	-889.7544	-107.4733	-167.9716	490.0356	-53.73666	82.91815	-6.049822	-5.338078	-17.08185	-30.60498	43.77225	-31.6726	-4.270463	-6.049822	-6.049822	82.56228	-4.626335	-8.185054	-5.338078	-17.08185	-4.626335	-8.185054
29.26	-12.81139	1214.641	-160.2988	561.9218	107.1174	-1589.754	-507.4733	-67.97156	290.0356	46.26334	-17.08185	-6.049822	-5.338078	-17.08185	60543.39	143.7722	-31.6726	-4.270463	-6.049822	-6.049822	-17.43772	-4.626335	-8.185054	-5.338078	-17.08185	-4.626335	-8.185054
29.54	-12.81139	314.6406	39.70117	-38.07825	-92.88256	111.2456	-7.473267	32.02844	90.03564	46.26334	-17.08185	-6.049822	-5.338078	82.91815	69.39502	-56.22775	-31.6726	-4.270463	-6.049822	-6.049822	-17.43772	-4.626335	-8.185054	-5.338078	82.91815	-4.626335	-8.185054
29.83	-12.81139	14.64062	-460.2988	761.9218	107.1174	-1989.754	-407.4733	132.0284	-509.9644	-53.73666	-17.08185	-6.049822	-5.338078	-17.08185	-130.605	-256.2278	-31.6726	-4.270463	-6.049822	-6.049822	-17.43772	95.37366	-8.185054	-5.338078	-17.08185	95.37366	-8.185054
30.11	-12.81139	-185.3594	239.7012	-38.07825	-92.88256	411.2456	-807.4733	232.0284	90.03564	46.26334	82.91815	-6.049822	-5.338078	-17.08185	-130.605	143.7722	-31.6726	-4.270463	-6.049822	-6.049822	-17.43772	-4.626335	-8.185054	-5.338078	-17.08185	-4.626335	-8.185054
30.4	-12.81139	-85.35938	1039.701	-238.0782	-92.88256	-588.7544	-607.4733	-467.9716	190.0356	-53.73666	-17.08185	-6.049822	-5.338078	-17.08185	-30.60498	143.7722	-31.6726	-4.270463	-6.049822	-6.049822	-17.43772	-4.626335	91.81495	-5.338078	-17.08185	-4.626335	91.81495
30.68	-12.81139	114.6406	-360.2988	261.9218	-92.88256	-1189.754	-307.4733	432.0284	-209.9644	46.26334	-17.08185	-6.049822	-5.338078	-17.08185	-30.60498	143.7722	-31.6726	-4.270463	-6.049822	-6.049822	-17.43772	-4.626335	-8.185054	-5.338078	-17.08185	-4.626335	-8.185054
30.97	-12.81139	1314.641	-160.2988	-238.0782	107.1174	511.2456	-307.4733	-167.9716	-9.964355	46.26334	-17.08185	93.95018	-5.338078	-17.08185	69.39502	-156.2278	-31.6726	-4.270463	-6.049822	93.95018	-17.43772	-4.626335	-8.185054	-5.338078	-17.08185	-4.626335	-8.185054
31.25	-12.81139	43162.64	-961.2988	-438.0782	7.117439	1011.246	22904.53	-267.9716	-109.9644	346.2633	282.9182	293.9502	-5.338078	-17.08185	20778.39	45385.77	268.3274	-4.270463	193.9502	293.9502	882.5623	-4.626335	-8.185054	-5.338078	-17.08185	-4.626335	-8.185054
31.54	-12.81139	2140501	-1261.299	1061.922	207.1174	26330.25	155385.5	32.02844	-409.9644	846.2634	2382.918	593.9502	-5.338078	-17.08185	31889.39	128776.8	-31.6726	195.7295	793.9502	393.9502	1082.562	295.3737	191.8149	-5.338078	-17.08185	295.3737	191.8149
31.83	687.1886		739.7012	1161.922	207.1174	55785.25	274512.5	32.02844	590.0356	2746.263	3082.918	693.9502	-5.338078	-17.08185	38599.39	282759.8	68.3274	-4.270463	393.9502	-6.049822	1482.562	-4.626335	191.8149	-5.338078	-17.08185	-4.626335	191.8149
32.11	187.1886		439.7012	761.9218	607.1174	74438.24	343664.5	-367.9716	-209.9644	3146.263	4782.918	593.9502	-5.338078	-17.08185	35394.39	216580.8	68.3274	295.7295	293.9502	293.9502	1782.562	-4.626335	291.8149	-5.338078	-17.08185	-4.626335	291.8149
32.4	887.1886		939.7012	1361.922	907.1174	98928.24	483764.5	-267.9716	290.0356	3146.263	4882.918	893.9502	-5.338078	182.9182	47715.39	84576.77	-31.6726	195.7295	393.9502	-6.049822	1782.562	95.37366	491.8149	-5.338078	182.9182	95.37366	491.8149
32.69	287.1886		839.7012	1461.922	907.1174	111484.2	469902.5	632.0284	90.03564	4846.263	6383.918	893.9502	194.6619	-17.08185	44609.39	134707.8	68.3274	295.7295	293.9502	393.9502	1382.562	95.37366	191.8149	194.6619	-17.08185	95.37366	191.8149
32.98	587.1886		-761.2988	1361.922	1407.117	109274.2	493961.5	232.0284	190.0356	3946.263	5683.918	993.9502	-5.338078	-17.08185	46312.39	197822.8	-31.6726	595.7296	793.9502	193.9502	1582.562	195.3737	291.8149	-5.338078	-17.08185	195.3737	291.8149
33.27	287.1886		3140.701	2061.922	807.1174	110580.2	571902.5	132.0284	390.0356	3946.263	6983.918	1293.95	-5.338078	-17.08185	100571.4	122343.8	168.3274	295.7295	-6.049822	193.9502	1482.562	195.3737	1091.815	-5.338078	-17.08185	195.3737	1091.815
33.56	287.1886		839.7012	1461.922	1207.117	107265.2	448375.5	32.02844	-9.964355	3146.263	6783.918	993.9502	-5.338078	82.91815	47514.39	217085.8	-31.6726	295.7295	693.9502	193.9502	1882.562	-4.626335	591.8149	-5.338078	82.91815	-4.626335	591.8149
33.85	187.1886		3140.701	1461.922	1207.117	119020.2	624031.5	32.02844	-109.9644	5047.263	6683.918	2093.95	194.6619	82.91815	109509.4	150497.8	168.3274	295.7295	293.9502	193.9502	1382.562	-4.626335	291.8149	194.6619	82.91815	-4.626335	291.8149
34.14	587.1886		1139.701	1261.922	1507.117	122437.2	706180.5	132.0284	-209.9644	5347.263	7483.918	1593.95	94.66192	-17.08185	84470.4	161465.8	-31.6726	595.7296	593.9502	693.9502	1082.562	195.3737	591.8149	94.66192	-17.08185	195.3737	591.8149
34.43	387.1886		439.7012	961.9218	1007.117	135608.2	827320.5	-167.9716	-709.9644	4446.263	7383.918	893.9502	94.66192	-17.08185	136139.4	141198.8	168.3274	-4.270463	593.9502	593.9502	1182.562	195.3737	391.8149	94.66192	-17.08185	195.3737	391.8149
34.72	187.1886		2539.701	1761.922	1107.117	137418.2	789421.5	32.02844	-409.9644	5847.263	7383.918	1793.95	-5.338078	-17.08185	77088.4	185330.8	68.3274	95.72954	593.9502	493.9502	1582.562	95.37366	491.8149	-5.338078	-17.08185	95.37366	491.8149
35.01	387.1886		1039.701	1661.922	1107.117	150295.2	649839.5	-67.97156	-909.9644	4446.263	6783.918	1993.95	-5.338078	-17.08185	101776.4	243224.8	68.3274	195.7295	293.9502	293.9502	2182.562	95.37366	891.8149	-5.338078	-17.08185	95.37366	891.8149
35.3	387.1886		3440.701	661.9218	607.1174	122437.2	681713.5	-367.9716	-209.9644	4446.263	6383.918	1193.95	-5.338078	-17.08185	136843.4	305199.8	-31.6726	95.72954	793.9502	293.9502	1382.562	-4.626335	691.8149	-5.338078	-17.08185	-4.626335	691.8149
35.59	587.1886		1839.701	2261.922	1307.117	127162.2	614285.5	132.0284	-309.9644	5047.263	6083.918	1393.95	-5.338078	-17.08185	264664.4	623634.8	-31.6726	195.7295	293.9502	593.9502	1782.562	295.3737	1091.815	-5.338078	-17.08185	295.3737	1091.815
35.88	587.1886		1539.701	1761.922	1307.117	117915.2	483254.5	132.0284	290.0356	4446.263	5783.918	1793.95	-5.338078	-17.08185	3512518	9368652	-31.6726	295.7295	393.9502	6094.95	3282.562	-4.626335	1091.815	-5.338078	-17.08185	-4.626335	1091.815
36.16	1487.189		1939.701	2261.922	2707.117	126358.2	532646.5	-267.9716	590.0356	6347.263	10784.92	1993.95	194.6619	282.9182	2.217822e+07	5.53228e+07	168.3274	-4.270463	293.9502	23004.95	8984.562	495.3737	1191.815	194.6619	282.9182	495.3737	1191.815
36.45	3087.189		2339.701	3761.922	8508.117	114197.2	620853.5	932.0284	1590.036	6347.263	15387.92	2393.95	-5.338078	782.9182	4.055786e+07	1.175692e+08	-31.6726	695.7296	493.9502	19000.95	9184.562	-4.626335	1091.815	-5.338078	782.9182	-4.626335	1091.815
36.73	4187.188		4140.701	5462.922	9709.117	100636.2	419107.5	432.0284	1090.036	5747.263	17988.92	1293.95	-5.338078	282.9182	4.932599e+07	1.561964e+08	168.3274	395.7295	893.9502	16899.95	6883.562	95.37366	791.8149	-5.338078	282.9182	95.37366	791.8149
37.02	2687.189		3640.701	6662.922	10009.12	76846.24	374606.5	932.0284	2290.036	5147.263	20891.92	1093.95	-5.338078	482.9182	7.42344e+07	2.062698e+08	468.3274	995.7296	93.95018	11896.95	8884.562	95.37366	791.8149	-5.338078	482.9182	95.37366	791.8149
37.3	4087.189		3040.701	11464.92	13110.12	56988.25	277444.5	1632.028	1890.036	5847.263	23093.92	1093.95	-5.338078	382.9182	8.424099e+07	2.182882e+08	168.3274	595.7296	393.9502	10595.95	8984.562	95.37366	1291.815	-5.338078	382.9182	95.37366	1291.815
37.59	3887.189	4296934	3540.701	21071.92	12310.12	46765.25	222797.5	2232.028	3090.036	7747.263	27998.92	1093.95	-5.338078	582.9182	1.029596e+08	3.024248e+08	1268.327	1295.729	593.9502	11996.95	9684.562	195.3737	991.8149	-5.338078	582.9182	195.3737	991.8149
37.88	4087.189	3749425	3240.701	32684.92	8408.117	39250.25	186701.5	1832.028	3090.036	11449.26	28799.92	393.9502	-5.338078	1482.918	1.060816e+08	2.643612e+08	1468.327	495.7295	293.9502	16498.95	9884.562	95.37366	991.8149	-5.338078	1482.918	95.37366	991.8149
38.16	1887.189	3121914	3440.701	40896.92	6408.118	31037.25	157096.5	1832.028	3390.036	13450.26	35007.92	693.9502	-5.338078	1582.918	1.192678e+08	2.884011e+08	2068.327	1195.729	193.9502	25106.95	11185.56	-4.626335	2791.815	-5.338078	1582.918	-4.626335	2791.815
38.45	1387.189	2438929	2339.701	55826.92	6008.118	20724.25	152668.5	2332.028	2290.036	15351.26	39113.92	493.9502	-5.338078	1482.918	1.188304e+08	3.184524e+08	2268.327	1495.729	193.9502	27708.95	8083.562	195.3737	2291.815	-5.338078	1482.918	195.3737	2291.815
38.74	987.1886	2009976	2039.701	68257.92	3507.117	28033.25	117778.5	2532.028	3791.036	19354.26	37310.92	393.9502	-5.338078	1382.918	1.178392e+08	3.12442e+08	3968.327	795.7296	193.9502	43932.95	9884.562	-4.626335	2591.815	-5.338078	1382.918	-4.626335	2591.815
39.02	1087.189	1445059	5040.701	93138.92	4107.118	15919.25	110645.5	1532.028	2490.036	20655.26	40114.92	193.9502	94.66192	2382.918	1.232069e+08	3.044282e+08	3968.327	1295.729	293.9502	48540.95	12385.56	195.3737	4591.815	94.66192	2382.918	195.3737	4591.815
39.31	1087.189	1538943	4640.701	99061.92	2007.117	16320.25	97489.52	3132.028	3791.036	30264.26	46425.92	293.9502	-5.338078	2482.918	1.377458e+08	3.985982e+08	4368.328	1295.729	393.9502	69189.95	12685.56	-4.626335	5192.815	-5.338078	2482.918	-4.626335	5192.815
39.59	587.1886	1551593	3840.701	109404.9	2407.117	15519.25	100301.5	3132.028	3190.036	26760.26	54842.92	293.9502	-5.338078	3382.918	1.397836e+08	3.945906e+08	3868.327	1995.729	293.9502	80823.95	10684.56	-4.626335	4191.815	-5.338078	3382.918	-4.626335	4191.815
39.88	487.1886	965234.6	3940.701	118647.9	807.1174	12216.25	93674.52	3132.028	3390.036	33769.26	56947.92	93.95018	-5.338078	2182.918	1.374088e+08	4.026059e+08	5569.328	1995.729	493.9502	86643.95	13486.56	-4.626335	7992.815	-5.338078	2182.918	-4.626335	7992.815
40.17	887.1886	1053515	3940.701	126686.9	1507.117	7013.246	78421.52	2432.028	2090.036	31966.26	63763.92	193.9502	-5.338078	3382.918	1.342007e+08	3.244629e+08	4468.328	2395.729	293.9502	88449.95	12285.56	-4.626335	5092.815	-5.338078	3382.918	-4.626335	5092.815
40.45	987.1886	742154.6	4540.701	156355.9	1907.117	9014.246	93674.52	2832.028	2890.036	38876.26	74092.92	193.9502	-5.338078	2882.918	1.478289e+08	4.166328e+08	4868.328	2295.729	193.9502	106922	12585.56	-4.626335	5292.815	-5.338078	2882.918	-4.626335	5292.815
40.74	1087.189	568651.6	3440.701	164004.9	907.1174	4812.246	71700.52	3032.028	2990.036	37074.26	77201.92	193.9502	-5.338078	3382.918	1.389625e+08	3.82568e+08	4368.328	3795.729	-6.049822	104612	11585.56	-4.626335	5892.815	-5.338078	3382.918	-4.626335	5892.815
41.02	1387.189	475004.6	3840.701	161689.9	207.1174	4412.246	70396.52	2232.028	3491.036	38075.26	76399.92	193.9502	-5.338078	2982.918	1.39901e+08	3.68542e+08	5769.328	2795.729	293.9502	110036	9584.562	-4.626335	5892.815	-5.338078	2982.918	-4.626335	5892.815
41.31	1087.189	418900.6	2139.701	165514.9	707.1174	3812.246	73305.52	1632.028	3691.036	37975.26	79609.92	493.9502	-5.338078	3782.918	1.394464e+08	3.32477e+08	4368.328	3695.729	193.9502	119077	9484.562	-4.626335	5492.815	-5.338078	3782.918	-4.626335	5492.815
41.6	1987.189	351659.6	2739.701	181626.9	507.1174	2711.246	59668.53	2832.028	3991.036	41581.26	85227.92	493.9502	-5.338078	3882.918	1.40561e+08	3.705457e+08	4868.328	4195.729	193.9502	121790	11685.56	-4.626335	7892.815	-5.338078	3882.918	-4.626335	7892.815
41.88	3087.189	381093.6	2539.701	176892.9	4107.118	1711.246	58465.53	1732.028	3591.036	40980.26	87736.92	-6.049822	-5.338078	1582.918	1.407076e+08	3.384877e+08	4468.328	4095.729	193.9502	105516	12485.56	-4.626335	4191.815	-5.338078	1582.918	-4.626335	4191.815
42.17	4387.188	241637.6	5240.701	153638.9	5308.118	611.2456	46339.53	3932.028	2990.036	31666.26	80612.92	-6.049822	-5.338078	1582.918	1.359143e+08	3.565201e+08	3868.327	3195.729	93.95018	84536.95	10684.56	-4.626335	3191.815	-5.338078	1582.918	-4.626335	3191.815
42.45	6588.188	214484.6	2439.701	134427.9	13611.12	211.2456	46339.53	2832.028	2990.036	30064.26	79107.92	193.9502	-5.338078	1582.918	1.474027e+08	3.945906e+08	2968.327	3595.729	-6.049822	77613.95	10784.56	-4.626335	3391.815	-5.338078	1582.918	-4.626335	3391.815
42.74	8989.188	190989.6	3240.701	127692.9	15612.12	10115.25	45036.53	3032.028	4691.036	29664.26	70782.92	93.95018	-5.338078	1482.918	1.368812e+08	3.885793e+08	2468.327	2195.729	293.9502	62371.95	9284.562	-4.626335	2791.815	-5.338078	1482.918	-4.626335	2791.815
43.03	9689.188	121539.6	4940.701	101872.9	17613.12	711.2456	31614.53	2332.028	3791.036	25859.26	63061.92	293.9502	-5.338078	1182.918	1.298255e+08	3.705457e+08	2368.327	2995.729	393.9502	63173.95	11185.56	-4.626335	1991.815	-5.338078	1182.918	-4.626335	1991.815
43.31	9889.188	106869.6	2039.701	95949.92	19615.12	1611.246	27509.53	2532.028	2590.036	25059.26	61157.92	-6.049822	-5.338078	1082.918	1.332491e+08	2.964146e+08	1668.327	2595.729	293.9502	74604.95	12085.56	-4.626335	2691.815	-5.338078	1082.918	-4.626335	2691.815
43.6	9589.188	110787.6	4040.701	79390.92	16012.12	2111.246	31314.53	2732.028	3491.036	28863.26	69178.92	793.9502	-5.338078	1982.918	1.485197e+08	3.785605e+08	2868.327	2295.729	-6.049822	82629.95	9784.562	-4.626335	3091.815	-5.338078	1982.918	-4.626335	3091.815
43.88	7588.188	78055.64	2839.701	77283.92	17813.12	1111.246	30914.53	3132.028	3090.036	28162.26	56746.92	493.9502	-5.338078	1482.918	1.356799e+08	3.645347e+08	1368.327	2095.729	93.95018	95877.95	11285.56	-4.626335	2391.815	-5.338078	1482.918	-4.626335	2391.815
44.17	7188.188	88894.64	3340.701	67655.92	17313.12	1411.246	47641.53	3332.028	2490.036	31566.26	58651.92	593.9502	-5.338078	2282.918	1.362805e+08	3.485056e+08	3268.327	1895.729	93.95018	106621	10984.56	-4.626335	3991.815	-5.338078	2282.918	-4.626335	3991.815
44.46	7488.188	76350.64	4640.701	69260.92	14711.12	1011.246	37523.53	1932.028	4191.036	26560.26	62460.92	1593.95	-5.338078	1982.918	1.413531e+08	3.705457e+08	2868.327	1495.729	193.9502	146824	11185.56	-4.626335	4391.815	-5.338078	1982.918	-4.626335	4391.815
44.74	6088.188	317295.6	2639.701	59033.92	13110.12	3412.246	37623.53	3132.028	3090.036	31866.26	57147.92	993.9502	-5.338078	2182.918	1.413531e+08	3.885793e+08	3268.327	2095.729	393.9502	159904	9584.562	-4.626335	3991.815	-5.338078	2182.918	-4.626335	3991.815
45.03	5688.188	69829.64	3840.701	54523.92	13211.12	1111.246	42131.53	2732.028	2590.036	35772.26	58951.92	1393.95	-5.338078	1882.918	1.376432e+08	3.925868e+08	3168.327	2095.729	193.9502	176314	11585.56	95.37366	5492.815	-5.338078	1882.918	95.37366	5492.815
45.31	4987.188	66018.64	4440.701	52819.92	12310.12	1511.246	39426.53	2532.028	2290.036	37674.26	66771.92	993.9502	94.66192	3382.918	1.351233e+08	3.945906e+08	2768.327	1895.729	93.95018	209367	12485.56	95.37366	4791.815	94.66192	3382.918	95.37366	4791.815
45.6	7088.188	66319.64	3840.701	50213.92	10809.12	711.2456	38725.53	1532.028	3090.036	39377.26	64164.92	1493.95	-5.338078	2982.918	1.41089e+08	3.46502e+08	4468.328	2495.729	193.9502	220462	10584.56	95.37366	5392.815	-5.338078	2982.918	95.37366	5392.815
45.89	7188.188	52182.64	4140.701	49412.92	9009.117	3412.246	45236.53	1432.028	3090.036	43584.26	66370.92	1393.95	-5.338078	2582.918	1.431637e+08	4.026059e+08	3868.327	2495.729	-6.049822	227424	12585.56	95.37366	5392.815	-5.338078	2582.918	95.37366	5392.815
46.17	7588.188	142455.6	3440.701	56828.92	8508.117	1611.246	49445.53	2832.028	4491.036	38876.26	65067.92	1093.95	-5.338078	3982.918	1.366614e+08	3.965944e+08	3368.327	1995.729	393.9502	232874	9384.562	95.37366	6092.815	-5.338078	3982.918	95.37366	6092.815
46.46	9989.188	57896.64	7441.701	67154.92	10509.12	-88.75439	48443.53	1932.028	3390.036	44586.26	59252.92	1493.95	-5.338078	3082.918	1.432755e+08	3.144455e+08	2668.327	2595.729	1193.95	217335	11185.56	-4.626335	6492.815	-5.338078	3082.918	-4.626335	6492.815
46.74	20195.19	57795.64	3240.701	70764.92	15412.12	711.2456	50246.53	2932.028	3491.036	44185.26	60756.92	2293.95	-5.338078	3482.918	1.312318e+08	4.727445e+08	3068.327	2395.729	693.9502	211888	9284.562	-4.626335	4691.815	-5.338078	3482.918	-4.626335	4691.815
47.03	23698.19	50678.64	3140.701	65951.92	14511.12	2611.246	50347.53	2232.028	5091.036	39778.26	63563.92	3793.95	-5.338078	2982.918	1.390065e+08	4.106212e+08	3168.327	3995.729	1593.95	188099	10284.56	-4.626335	4391.815	-5.338078	2982.918	-4.626335	4391.815
47.32	28003.19	43362.64	3540.701	75177.92	17713.12	2311.246	49645.53	2532.028	2290.036	39177.26	61658.92	2793.95	-5.338078	4782.918	1.590733e+08	4.026059e+08	2668.327	2395.729	1393.95	177623	11084.56	195.3737	4391.815	-5.338078	4782.918	195.3737	4391.815
47.6	30305.19	47772.64	2539.701	66151.92	20015.12	2211.246	49244.53	1932.028	3090.036	38175.26	66069.92	2193.95	94.66192	3482.918	1.338933e+08	4.066135e+08	3768.327	1295.729	2393.95	147629	10884.56	195.3737	4691.815	94.66192	3482.918	195.3737	4691.815
47.89	32108.19	34647.64	4440.701	66151.92	20215.12	811.2456	48643.53	1532.028	4391.036	36973.26	63061.92	2093.95	-5.338078	3482.918	1.348597e+08	3.845718e+08	2968.327	2095.729	1093.95	132042	12285.56	-4.626335	3791.815	-5.338078	3482.918	-4.626335	3791.815
48.17	28203.19	27937.64	3740.701	57329.92	22017.12	911.2456	38425.53	3632.028	2890.036	33168.26	64666.92	993.9502	-5.338078	3182.918	1.37526e+08	3.505092e+08	2668.327	2295.729	1493.95	117168	11485.56	395.3737	4291.815	-5.338078	3182.918	395.3737	4291.815
48.46	31106.19	61505.64	3440.701	65951.92	31427.12	711.2456	46339.53	1832.028	2690.036	34770.26	67774.92	1693.95	-5.338078	3582.918	1.428499e+08	3.46502e+08	4468.328	2695.729	493.9502	96278.95	11885.56	-4.626335	7692.815	-5.338078	3582.918	-4.626335	7692.815
48.75	30305.19	37351.64	2940.701	53420.92	30626.12	11.24561	48142.53	2332.028	2590.036	32467.26	66571.92	1193.95	-5.338078	3482.918	1.363098e+08	3.645347e+08	3168.327	1895.729	2593.95	83733.95	9784.562	95.37366	3291.815	-5.338078	3482.918	95.37366	3291.815
49.03	39118.19	28337.64	539.7012	62040.92	49957.12	1111.246	41430.53	2632.028	4291.036	29664.26	68375.92	1193.95	-5.338078	2482.918	1.34025e+08	3.985982e+08	3268.327	1795.729	293.9502	98487.95	11485.56	-4.626335	3691.815	-5.338078	2482.918	-4.626335	3691.815
49.32	42723.19	26935.64	3540.701	60236.92	94887.12	411.2456	40027.53	2032.028	4591.036	29063.26	66270.92	1993.95	-5.338078	3182.918	1.3757e+08	3.725494e+08	1468.327	2095.729	493.9502	183263	9984.562	95.37366	4091.815	-5.338078	3182.918	95.37366	4091.815
49.6	53945.19	20127.64	2339.701	55826.92	139596.1	-188.7544	36021.53	2632.028	3591.036	24258.26	70983.92	4893.95	-5.338078	1882.918	1.630508e+08	4.126251e+08	3168.327	3095.729	693.9502	498616.9	11084.56	95.37366	3591.815	-5.338078	1882.918	95.37366	3591.815
49.89	60560.19	17925.64	4040.701	54122.92	170890.1	-388.7544	33818.53	2632.028	2990.036	20354.26	82217.92	6094.95	-5.338078	2282.918	1.407223e+08	4.026059e+08	3368.327	1695.729	393.9502	654551.9	11385.56	-4.626335	5392.815	-5.338078	2282.918	-4.626335	5392.815
50.18	54647.19	20227.64	1639.701	47308.92	146636.1	511.2456	33317.53	2632.028	2790.036	18153.26	78706.92	11996.95	-5.338078	1382.918	1.402823e+08	4.146289e+08	2668.327	2195.729	593.9502	857553.9	10584.56	-4.626335	4291.815	-5.338078	1382.918	-4.626335	4291.815
50.46	52943.19	19426.64	1039.701	42499.92	117985.1	1211.246	33217.53	2832.028	2890.036	18053.26	86130.92	10695.95	94.66192	2982.918	1.3757e+08	3.665384e+08	3968.327	2995.729	293.9502	812278.9	10884.56	-4.626335	4691.815	94.66192	2982.918	-4.626335	4691.815
50.75	47532.19	22430.64	2739.701	39594.92	85353.12	-188.7544	34719.53	1332.028	4291.036	19153.26	72387.92	7694.95	-5.338078	2882.918	1.173116e+08	3.725494e+08	3268.327	1995.729	493.9502	656707.9	13586.56	-4.626335	5092.815	-5.338078	2882.918	-4.626335	5092.815
51.04	42924.19	19026.64	4140.701	42799.92	84349.12	211.2456	40027.53	3032.028	3591.036	18953.26	67172.92	6394.95	-5.338078	2682.918	1.37526e+08	3.805643e+08	2968.327	1895.729	693.9502	508207.9	12385.56	95.37366	3591.815	-5.338078	2682.918	95.37366	3591.815
51.32	43926.19	22530.64	1839.701	46406.92	63387.12	11.24561	37223.53	2832.028	3791.036	21756.26	69880.92	5594.95	-5.338078	2482.918	1.40473e+08	3.064316e+08	3668.327	2495.729	193.9502	374274.9	11585.56	-4.626335	4291.815	-5.338078	2482.918	-4.626335	4291.815
51.61	40219.19	19526.64	1439.701	49712.92	68702.12	1811.246	39326.53	2432.028	4491.036	21655.26	68977.92	2793.95	-5.338078	2482.918	1.434664e+08	3.545164e+08	2868.327	2595.729	193.9502	277626.9	16387.56	-4.626335	4391.815	-5.338078	2482.918	-4.626335	4391.815
51.89	42924.19	21128.64	4840.701	58732.92	94787.12	911.2456	43834.53	1932.028	4891.036	24358.26	71484.92	3693.95	-5.338078	1882.918	1.371977e+08	4.527039e+08	4768.328	2195.729	193.9502	244383	12885.56	95.37366	5092.815	-5.338078	1882.918	95.37366	5092.815
52.18	44627.19	20327.64	4040.701	60436.92	97296.12	-789.7544	38625.53	2732.028	5291.036	26961.26	71484.92	3193.95	-5.338078	3182.918	1.3423e+08	3.68542e+08	2668.327	2295.729	193.9502	203922	10384.56	-4.626335	3191.815	-5.338078	3182.918	-4.626335	3191.815
52.47	45028.19	18325.64	3140.701	60837.92	106433.1	311.2456	37122.53	2632.028	3791.036	24158.26	66170.92	2393.95	-5.338078	2382.918	1.353284e+08	3.444984e+08	2968.327	3195.729	293.9502	211586	12385.56	-4.626335	3591.815	-5.338078	2382.918	-4.626335	3591.815
52.75	51239.19	18225.64	2339.701	76682.92	123813.1	1111.246	37022.53	2532.028	4191.036	23857.26	82317.92	7394.95	-5.338078	2382.918	1.451402e+08	3.805643e+08	3568.327	2695.729	293.9502	364532.9	11885.56	-4.626335	5392.815	-5.338078	2382.918	-4.626335	5392.815
53.04	60059.19	20127.64	2639.701	76180.92	130045.1	1011.246	30413.53	1732.028	4391.036	20354.26	83220.92	13597.95	-5.338078	1682.918	1.469912e+08	3.865756e+08	2568.327	3095.729	793.9502	553146.9	13085.56	95.37366	5692.815	-5.338078	1682.918	95.37366	5692.815
53.32	65272.19	20828.64	4540.701	76882.92	154584.1	2711.246	29211.53	3132.028	4591.036	19454.26	88137.92	14897.95	-5.338078	1182.918	1.323417e+08	3.525128e+08	2168.327	3095.729	693.9502	698312.9	9884.562	-4.626335	4991.815	-5.338078	1182.918	-4.626335	4991.815
53.61	74498.19	24132.64	2839.701	70664.92	195973.1	611.2456	23905.53	2332.028	4791.036	17252.26	95062.92	19601.95	-5.338078	1882.918	1.51255e+08	3.925868e+08	2568.327	3795.729	493.9502	846072.9	11585.56	95.37366	5992.815	-5.338078	1882.918	95.37366	5992.815
53.9	86236.19	21028.64	4040.701	68457.92	199803.1	1611.246	28110.53	1732.028	4191.036	21155.26	87936.92	24405.95	-5.338078	2282.918	1.319905e+08	3.845718e+08	1668.327	3495.729	593.9502	791322.9	10084.56	-4.626335	6292.815	-5.338078	2282.918	-4.626335	6292.815
54.18	92960.19	36850.64	2839.701	77685.92	246416.1	911.2456	25507.53	2732.028	4391.036	32467.26	95665.92	24005.95	-5.338078	2082.918	1.433196e+08	3.925868e+08	2468.327	3495.729	693.9502	823434.9	12685.56	-4.626335	5192.815	-5.338078	2082.918	-4.626335	5192.815
54.47	78811.19	21028.64	4040.701	102977.9	192949.1	1211.246	26608.53	2832.028	5091.036	32367.26	92152.92	17199.95	-5.338078	2682.918	1.398276e+08	3.645347e+08	2468.327	3995.729	1993.95	921468.9	13486.56	-4.626335	7292.815	-5.338078	2682.918	-4.626335	7292.815
54.76	71188.19	64915.64	1639.701	126586.9	152874.1	2411.246	32416.53	3932.028	3791.036	36673.26	94561.92	13597.95	-5.338078	2582.918	1.475496e+08	3.82568e+08	1968.327	2795.729	3393.95	1328689	11785.56	-4.626335	4291.815	-5.338078	2582.918	-4.626335	4291.815
55.04	62866.19	68926.64	3440.701	125581.9	114268.1	4712.246	39827.53	3532.028	4491.036	30465.26	101688.9	11396.95	-5.338078	2282.918	1.323124e+08	3.705457e+08	2068.327	3995.729	2993.95	1499983	10884.56	-4.626335	6692.815	-5.338078	2282.918	-4.626335	6692.815
55.33	59959.19	254770.6	4240.701	125179.9	94686.12	14018.25	68190.52	2832.028	4291.036	33268.26	92453.92	10095.95	194.6619	2282.918	1.329271e+08	3.82568e+08	2468.327	4295.729	3593.95	1649365	11385.56	-4.626335	5692.815	194.6619	2282.918	-4.626335	5692.815
55.61	58956.19	416052.6	4040.701	113523.9	86156.12	12116.25	81330.52	3232.028	3090.036	36072.26	86030.92	8995.95	-5.338078	2782.918	1.330442e+08	3.82568e+08	3068.327	4195.729	2393.95	1497330	11485.56	-4.626335	6792.815	-5.338078	2782.918	-4.626335	6792.815
55.9	56250.19	376320.6	2339.701	117642.9	116880.1	14818.25	86749.52	2632.028	3190.036	45087.26	91449.92	6994.95	-5.338078	2082.918	1.368372e+08	3.46502e+08	2668.327	3495.729	1293.95	1338808	11285.56	195.3737	6992.815	-5.338078	2082.918	195.3737	6992.815
56.18	55348.19	333609.6	3740.701	107797.9	143116.1	8514.246	75411.52	2032.028	3491.036	41981.26	82919.92	6994.95	-5.338078	2182.918	1.286996e+08	3.244629e+08	1668.327	2495.729	1493.95	1025609	13686.56	95.37366	4791.815	-5.338078	2182.918	95.37366	4791.815
56.47	61663.19	336853.6	1539.701	101872.9	192849.1	6513.246	64480.53	2332.028	2490.036	43885.26	78505.92	5094.95	-5.338078	2482.918	1.25105e+08	3.364841e+08	1268.327	2395.729	493.9502	823331.9	10284.56	-4.626335	5892.815	-5.338078	2482.918	-4.626335	5892.815
56.76	84329.19	230328.6	839.7012	93640.92	257629.1	4212.246	59467.53	1932.028	4391.036	40779.26	85127.92	6594.95	-5.338078	2082.918	1.335126e+08	4.386759e+08	2868.327	2995.729	893.9502	663687.9	8984.562	295.3737	5792.815	-5.338078	2082.918	295.3737	5792.815
57.04	85031.19	129682.6	2439.701	94443.92	321158.1	4512.246	49946.53	1532.028	3791.036	37274.26	78505.92	8594.95	-5.338078	3082.918	1.328539e+08	3.665384e+08	2268.327	3695.729	93.95018	632597.9	10884.56	195.3737	4991.815	-5.338078	3082.918	195.3737	4991.815
57.33	102095.2	144165.6	3240.701	78588.92	336660.1	5312.246	47841.53	2432.028	4091.036	34870.26	79007.92	11496.95	-5.338078	3082.918	1.193002e+08	3.605274e+08	2168.327	2895.729	593.9502	642033.9	10284.56	295.3737	6492.815	-5.338078	3082.918	295.3737	6492.815
57.61	118668.2	159763.6	2539.701	74274.92	458067.1	4712.246	38825.53	2032.028	4691.036	28462.26	89040.92	14397.95	-5.338078	1582.918	1.330149e+08	3.68542e+08	1768.327	3495.729	293.9502	576975.9	13185.56	-4.626335	5592.815	-5.338078	1582.918	-4.626335	5592.815
57.9	122989.2	98533.64	1539.701	67956.92	527210.1	3412.246	41129.53	1332.028	3390.036	28062.26	84926.92	16799.95	-5.338078	1482.918	1.375113e+08	3.885793e+08	2068.327	4095.729	693.9502	532505.9	10984.56	95.37366	4591.815	-5.338078	1482.918	95.37366	4591.815
58.19	129924.2	62708.64	2639.701	64146.92	622156.1	4412.246	26508.53	3032.028	3390.036	21055.26	84424.92	16398.95	-5.338078	982.9182	1.34845e+08	3.044282e+08	2168.327	3595.729	493.9502	429247.9	13185.56	-4.626335	5392.815	-5.338078	982.9182	-4.626335	5392.815
58.47	135051.2	72638.64	4840.701	59334.92	612317.1	2311.246	26909.53	3332.028	3891.036	19253.26	91850.92	12996.95	-5.338078	1382.918	1.431637e+08	3.745531e+08	1468.327	3395.729	393.9502	333503.9	10584.56	-4.626335	4391.815	-5.338078	1382.918	-4.626335	4391.815
58.76	133744.2	81969.64	2639.701	59635.92	591525.1	1911.246	26708.53	2532.028	4591.036	18753.26	94460.92	11095.95	-5.338078	1282.918	1.31654e+08	3.865756e+08	2568.327	3495.729	293.9502	288650.9	11285.56	95.37366	2691.815	-5.338078	1282.918	95.37366	2691.815
59.04	124597.2	71334.64	3840.701	60537.92	541102.1	3012.246	28110.53	2332.028	2290.036	14150.26	87033.92	8695.95	-5.338078	1082.918	1.327222e+08	3.164489e+08	1268.327	3395.729	293.9502	228938	9984.562	95.37366	3891.815	-5.338078	1082.918	95.37366	3891.815
59.33	122084.2	61405.64	3040.701	63143.92	505570.1	1311.246	26308.53	3332.028	3891.036	19253.26	82016.92	8895.95	-5.338078	1482.918	1.354309e+08	3.68542e+08	1968.327	2795.729	693.9502	193540	9784.562	-4.626335	4091.815	-5.338078	1482.918	-4.626335	4091.815
59.62	116257.2	76350.64	3340.701	60537.92	464484.1	1611.246	25607.53	2832.028	2990.036	17252.26	86632.92	7094.95	-5.338078	1382.918	1.321807e+08	3.344805e+08	1568.327	3695.729	-6.049822	163426	10084.56	-4.626335	4591.815	-5.338078	1382.918	-4.626335	4591.815
59.9	114147.2	29539.64	2739.701	59033.92	416347.1	811.2456	24906.53	2132.028	3791.036	18253.26	87234.92	5894.95	-5.338078	1482.918	1.324002e+08	3.404912e+08	3168.327	3795.729	93.95018	136164	9084.562	-4.626335	3591.815	-5.338078	1482.918	-4.626335	3591.815
60.19	100489.2	50377.64	1139.701	59133.92	372462.1	1611.246	24306.53	1932.028	2790.036	20354.26	82117.92	5694.95	-5.338078	1782.918	1.47141e+08	3.404912e+08	2668.327	3395.729	393.9502	122594	14086.56	95.37366	2891.815	-5.338078	1782.918	95.37366	2891.815
60.48	93763.19	36349.64	2339.701	61539.92	333315.1	1811.246	28911.53	3532.028	3991.036	21455.26	75195.92	4493.95	-5.338078	2182.918	1.351672e+08	3.004214e+08	2868.327	2795.729	193.9502	97985.95	9884.562	-4.626335	3691.815	-5.338078	2182.918	-4.626335	3691.815
60.76	98782.19	23831.64	1739.701	54523.92	311841.1	3712.246	28110.53	3232.028	3491.036	20655.26	77201.92	3193.95	-5.338078	1782.918	1.390212e+08	3.264664e+08	2768.327	2795.729	93.95018	90858.95	10584.56	-4.626335	3291.815	-5.338078	1782.918	-4.626335	3291.815
61.05	88744.19	63009.64	2639.701	63544.92	279664.1	811.2456	29011.53	3032.028	3290.036	22356.26	81615.92	3393.95	-5.338078	1682.918	1.364124e+08	3.444984e+08	3368.327	2495.729	93.95018	75407.95	9284.562	-4.626335	1891.815	-5.338078	1682.918	-4.626335	1891.815
61.33	79814.19	26334.64	2239.701	57530.92	251567.1	-88.75439	31014.53	2332.028	2690.036	21355.26	82618.92	3793.95	-5.338078	2282.918	1.276033e+08	3.505092e+08	2768.327	1895.729	493.9502	94270.95	11385.56	95.37366	2991.815	-5.338078	2282.918	95.37366	2991.815
61.62	81720.19	35748.64	2439.701	68157.92	251163.1	111.2456	33016.53	1932.028	2590.036	26961.26	79709.92	2193.95	-5.338078	1782.918	1.391864e+08	3.945906e+08	2768.327	2095.729	93.95018	93869.95	9384.562	-4.626335	3091.815	-5.338078	1782.918	-4.626335	3091.815
61.91	75501.19	22530.64	2539.701	64747.92	261872.1	1611.246	37022.53	2732.028	3390.036	23057.26	80211.92	3193.95	-5.338078	1782.918	1.41045e+08	3.805643e+08	2668.327	3095.729	93.95018	115761	10384.56	-4.626335	3391.815	-5.338078	1782.918	-4.626335	3391.815
62.19	75100.19	106166.6	1739.701	68859.92	260761.1	1411.246	32215.53	2132.028	3190.036	21655.26	81414.92	5594.95	-5.338078	2282.918	1.381709e+08	3.485056e+08	1668.327	3095.729	993.9502	217536	10984.56	-4.626335	3191.815	-5.338078	2282.918	-4.626335	3191.815
62.48	69183.19	34246.64	3240.701	67655.92	279866.1	111.2456	29812.53	2632.028	3691.036	20254.26	82016.92	6994.95	-5.338078	1882.918	1.378924e+08	3.344805e+08	1568.327	3395.729	1193.95	368996.9	9384.562	-4.626335	3891.815	-5.338078	1882.918	-4.626335	3891.815
62.76	72993.19	38654.64	1639.701	68658.92	263590.1	-288.7544	26808.53	632.0284	4091.036	17452.26	85026.92	10495.95	-5.338078	1182.918	1.397543e+08	3.725494e+08	1968.327	3695.729	3393.95	733910.9	9784.562	-4.626335	5292.815	-5.338078	1182.918	-4.626335	5292.815
63.05	67378.19	24432.64	3140.701	56527.92	231172.1	2711.246	27109.53	2232.028	2390.036	16251.26	81013.92	15698.95	-5.338078	1382.918	1.37951e+08	3.364841e+08	1168.327	3395.729	2793.95	1250717	11285.56	-4.626335	4191.815	-5.338078	1382.918	-4.626335	4191.815
63.34	67478.19	79360.64	3340.701	44102.92	173004.1	2911.246	24005.53	2732.028	5191.036	12549.26	81214.92	20101.95	-5.338078	782.9182	1.382149e+08	3.645347e+08	1968.327	3895.729	1193.95	1727057	12085.56	95.37366	5892.815	-5.338078	782.9182	95.37366	5892.815
63.62	60159.19	108476.6	2039.701	34186.92	140803.1	3112.246	20402.53	3032.028	3290.036	10448.26	76298.92	19701.95	-5.338078	982.9182	1.451524e+08	3.945906e+08	1468.327	3795.729	1193.95	1916006	10884.56	-4.626335	6992.815	-5.338078	982.9182	-4.626335	6992.815
63.91	62665.19	17925.64	3040.701	33184.92	122808.1	2811.246	20402.53	3632.028	3791.036	9648.264	70882.92	22803.95	94.66192	882.9182	1.350061e+08	3.845718e+08	1868.327	2995.729	893.9502	2168536	10584.56	-4.626335	5792.815	94.66192	882.9182	-4.626335	5792.815
64.19	58956.19	22630.64	4240.701	28078.92	90471.12	3912.246	20502.53	2232.028	3691.036	8447.264	66370.92	24905.95	-5.338078	382.9182	1.298109e+08	3.705457e+08	1468.327	3395.729	1093.95	2376307	12285.56	-4.626335	6692.815	-5.338078	382.9182	-4.626335	6692.815
64.48	55048.19	40657.64	2839.701	27177.92	79534.12	4712.246	15498.53	2732.028	3591.036	5747.263	68777.92	25406.95	94.66192	582.9182	1.356799e+08	3.485056e+08	1868.327	3795.729	493.9502	2567275	9584.562	-4.626335	6492.815	94.66192	582.9182	-4.626335	6492.815
64.77	52542.19	24532.64	2639.701	22872.92	73014.12	4012.246	15798.53	2932.028	4291.036	6847.263	72788.92	23404.95	-5.338078	1082.918	1.312736e+08	4.066135e+08	1468.327	2595.729	293.9502	2478887	9984.562	-4.626335	4991.815	-5.338078	1082.918	-4.626335	4991.815
65.05	46530.19	25934.64	3340.701	21071.92	71309.12	3712.246	15098.53	2732.028	4091.036	5947.263	65167.92	21803.95	-5.338078	582.9182	1.258791e+08	3.665384e+08	1168.327	3095.729	393.9502	2624926	10384.56	-4.626335	6292.815	-5.338078	582.9182	-4.626335	6292.815
65.34	52242.19	15923.64	3040.701	20470.92	64290.12	5112.246	30012.53	2632.028	2890.036	6047.263	65167.92	25606.95	-5.338078	82.91815	1.550959e+08	3.68542e+08	1068.327	3195.729	193.9502	1727264	10284.56	-4.626335	6092.815	-5.338078	82.91815	-4.626335	6092.815
65.62	51340.19	8117.641	1639.701	18369.92	57473.12	4212.246	16999.53	2132.028	4291.036	5647.263	70882.92	24105.95	-5.338078	382.9182	1.396223e+08	3.364841e+08	968.3274	2795.729	393.9502	2990121	11285.56	-4.626335	7492.815	-5.338078	382.9182	-4.626335	7492.815
65.91	47733.19	7217.641	1839.701	16867.92	46350.12	2911.246	14998.53	2032.028	3591.036	4846.263	67272.92	24005.95	-5.338078	282.9182	1.292432e+08	3.384877e+08	668.3274	2495.729	193.9502	2720476	8684.562	-4.626335	5692.815	-5.338078	282.9182	-4.626335	5692.815
66.2	39719.19	45467.64	2639.701	16867.92	38937.12	5112.246	17299.53	2632.028	4691.036	4746.263	60555.92	23904.95	-5.338078	582.9182	1.314784e+08	4.106212e+08	568.3274	2795.729	293.9502	2718364	12285.56	-4.626335	5692.815	-5.338078	582.9182	-4.626335	5692.815
66.48	39318.19	9418.641	2839.701	13365.92	34932.12	5613.246	15898.53	2132.028	2790.036	5947.263	57248.92	18500.95	-5.338078	382.9182	1.344643e+08	3.505092e+08	1968.327	1795.729	193.9502	2794625	10784.56	-4.626335	5792.815	-5.338078	382.9182	-4.626335	5792.815
66.77	31206.19	10018.64	2940.701	12765.92	29725.12	3712.246	15098.53	2532.028	4291.036	4946.263	53940.92	19200.95	-5.338078	582.9182	1.353723e+08	3.144455e+08	868.3274	1795.729	293.9502	2669384	9984.562	-4.626335	6392.815	-5.338078	582.9182	-4.626335	6392.815
67.06	27702.19	50578.64	4340.701	11064.92	21316.12	5012.246	15698.53	2432.028	3591.036	5747.263	54942.92	19401.95	-5.338078	182.9182	1.338201e+08	4.066135e+08	2568.327	1595.729	93.95018	2581980	11084.56	-4.626335	5092.815	-5.338078	182.9182	-4.626335	5092.815
67.34	26801.19	18525.64	1839.701	10464.92	22317.12	5112.246	13797.53	1332.028	3591.036	4346.263	54541.92	18800.95	-5.338078	182.9182	1.367787e+08	3.68542e+08	1968.327	1895.729	193.9502	2551363	12085.56	-4.626335	6992.815	-5.338078	182.9182	-4.626335	6992.815
67.63	25600.19	16223.64	2039.701	11264.92	22017.12	4412.246	14297.53	2932.028	2890.036	4146.263	52637.92	17399.95	-5.338078	182.9182	1.338347e+08	3.945906e+08	2968.327	1895.729	493.9502	2583196	9884.562	-4.626335	6492.815	-5.338078	182.9182	-4.626335	6492.815
67.92	29304.19	9118.641	1939.701	8563.922	24119.12	4012.246	12696.53	2532.028	3390.036	2746.263	54341.92	22803.95	-5.338078	382.9182	1.291382e+08	3.605274e+08	2068.327	1395.729	1193.95	2510853	11385.56	-4.626335	8192.815	-5.338078	382.9182	-4.626335	8192.815
68.2	41421.19	8718.641	4140.701	12565.92	52162.12	3112.246	11496.53	2932.028	3090.036	3046.263	63362.92	29010.95	-5.338078	282.9182	1.306006e+08	3.585237e+08	1868.327	2995.729	793.9502	2595365	7683.562	-4.626335	8192.815	-5.338078	282.9182	-4.626335	8192.815
68.49	47632.19	11720.64	3840.701	17268.92	88464.12	2011.246	9495.526	1732.028	2190.036	4646.263	66370.92	35919.95	-5.338078	482.9182	1.279395e+08	3.62531e+08	1468.327	1995.729	1093.95	2285170	8383.562	95.37366	7192.815	-5.338078	482.9182	95.37366	7192.815
68.77	62966.19	8217.641	3040.701	31682.92	188113.1	2311.246	11396.53	2432.028	2890.036	5447.263	74192.92	38623.95	94.66192	782.9182	1.294745e+08	3.184524e+08	1768.327	3095.729	1293.95	1891329	12485.56	195.3737	8492.815	94.66192	782.9182	195.3737	8492.815
69.06	62966.19	17725.64	2139.701	48009.92	265611.1	1811.246	8894.526	3132.028	2990.036	4346.263	84123.92	31212.95	-5.338078	282.9182	1.327954e+08	3.82568e+08	2068.327	3495.729	493.9502	1426990	10084.56	95.37366	5692.815	-5.338078	282.9182	95.37366	5692.815
69.34	70787.19	17024.64	3340.701	69761.92	378553.1	711.2456	7094.527	4032.028	4291.036	4046.263	101287.9	19901.95	-5.338078	582.9182	1.451524e+08	3.204559e+08	2068.327	3795.729	693.9502	1101748	11885.56	-4.626335	7192.815	-5.338078	582.9182	-4.626335	7192.815
69.63	68080.19	31341.64	2439.701	90930.92	403844.1	1111.246	6894.527	2532.028	4291.036	4246.263	96869.92	20902.95	-5.338078	582.9182	1.312297e+08	3.785605e+08	1168.327	3695.729	793.9502	783171.9	10784.56	-4.626335	7392.815	-5.338078	582.9182	-4.626335	7392.815
69.92	68280.19	30841.64	2639.701	117140.9	421329.1	611.2456	8194.526	2532.028	2990.036	4346.263	99279.92	15898.95	-5.338078	1182.918	1.361486e+08	3.605274e+08	1468.327	3395.729	793.9502	658862.9	7983.562	-4.626335	6592.815	-5.338078	1182.918	-4.626335	6592.815
70.2	73695.19	14822.64	3840.701	119451.9	372158.1	-288.7544	9495.526	2032.028	3991.036	6447.263	97472.92	15698.95	94.66192	982.9182	1.317417e+08	3.765569e+08	868.3274	3095.729	793.9502	524947.9	10884.56	-4.626335	5592.815	94.66192	982.9182	-4.626335	5592.815
70.49	59758.19	24332.64	2940.701	106994.9	341120.1	411.2456	9395.526	1232.028	3691.036	7147.263	92854.92	10895.95	-5.338078	1182.918	1.324588e+08	3.46502e+08	1668.327	1995.729	193.9502	394583.9	10484.56	-4.626335	5692.815	-5.338078	1182.918	-4.626335	5692.815
70.77	58556.19	20928.64	639.7012	105789.9	279765.1	1211.246	14798.53	2732.028	3190.036	9548.264	88840.92	11296.95	-5.338078	1882.918	1.248859e+08	3.224594e+08	1068.327	2695.729	693.9502	337455.9	11185.56	-4.626335	4691.815	-5.338078	1882.918	-4.626335	4691.815
71.06	53544.19	28037.64	3540.701	89926.92	213112.1	811.2456	16799.53	1732.028	3290.036	13350.26	83822.92	8895.95	-5.338078	1482.918	1.20945e+08	3.044282e+08	1868.327	3195.729	793.9502	304537.9	8183.562	-4.626335	4091.815	-5.338078	1482.918	-4.626335	4091.815
71.35	48334.19	35648.64	1539.701	79089.92	165252.1	3012.246	19902.53	2532.028	2090.036	13250.26	61758.92	6494.95	-5.338078	1782.918	1.019727e+08	2.44329e+08	768.3274	1995.729	793.9502	278941.9	7783.562	-4.626335	3591.815	-5.338078	1782.918	-4.626335	3591.815
71.63	40520.19	28537.64	2940.701	62642.92	126728.1	2511.246	18801.53	1732.028	3290.036	15051.26	56045.92	5994.95	-5.338078	882.9182	8.973202e+07	2.283037e+08	1168.327	2095.729	593.9502	243979	6283.562	-4.626335	4091.815	-5.338078	882.9182	-4.626335	4091.815
71.92	34611.19	27636.64	3040.701	51917.92	92980.12	1811.246	15598.53	1032.028	2990.036	13950.26	48429.92	6194.95	-5.338078	682.9182	7.49832e+07	1.882428e+08	1068.327	1495.729	193.9502	241454	4682.562	95.37366	2391.815	-5.338078	682.9182	95.37366	2391.815
72.21	24399.19	19927.64	2239.701	41597.92	76524.12	311.2456	15398.53	1132.028	2490.036	10848.26	33905.92	4393.95	-5.338078	982.9182	5.609539e+07	1.62205e+08	1168.327	895.7296	93.95018	215015	4382.562	-4.626335	3091.815	-5.338078	982.9182	-4.626335	3091.815
72.49	22397.19	19927.64	2539.701	36289.92	50959.12	811.2456	11896.53	1732.028	990.0356	8948.264	28098.92	4893.95	-5.338078	382.9182	4.836815e+07	1.431442e+08	668.3274	1195.729	193.9502	215822	3282.562	-4.626335	1691.815	-5.338078	382.9182	-4.626335	1691.815
72.78	14091.19	15623.64	1339.701	26276.92	49556.12	4612.246	9094.526	732.0284	1790.036	7447.263	27497.92	4393.95	-5.338078	982.9182	4.436805e+07	1.240412e+08	868.3274	1195.729	893.9502	206947	5783.562	-4.626335	1391.815	-5.338078	982.9182	-4.626335	1391.815
73.06	11089.19	23431.64	439.7012	22172.92	40240.12	3812.246	12496.53	132.0284	590.0356	6647.263	23193.92	4693.95	-5.338078	282.9182	3.364719e+07	9.37002e+07	968.3274	1295.729	12996.95	163225	1982.562	-4.626335	891.8149	-5.338078	282.9182	-4.626335	891.8149
73.35	11089.19	17925.64	739.7012	15667.92	27322.12	1811.246	7794.527	-167.9716	1090.036	3246.263	17888.92	2393.95	-5.338078	282.9182	2.67784e+07	7.750402e+07	468.3274	1095.729	193.9502	122493	1682.562	95.37366	1091.815	-5.338078	282.9182	95.37366	1091.815
73.63	6788.188	8417.641	239.7012	13365.92	24819.12	711.2456	7794.527	332.0284	190.0356	2546.263	11185.92	1993.95	-5.338078	182.9182	2.02207e+07	5.857358e+07	268.3274	395.7295	593.9502	93467.95	1782.562	-4.626335	891.8149	-5.338078	182.9182	-4.626335	891.8149
73.92	6688.188	12320.64	-360.2988	11364.92	19014.12	2111.246	13697.53	232.0284	890.0356	2446.263	11385.92	893.9502	-5.338078	382.9182	1.622392e+07	5.142865e+07	368.3274	295.7295	16999.95	73401.95	882.5623	95.37366	891.8149	-5.338078	382.9182	95.37366	891.8149
74.21	5488.188	9218.641	-1061.299	10364.92	14611.12	711.2456	3193.527	-67.97156	-109.9644	1446.263	8784.918	1993.95	-5.338078	-17.08185	1.435464e+07	3.793985e+07	368.3274	195.7295	893.9502	68086.95	1882.562	-4.626335	391.8149	-5.338078	-17.08185	-4.626335	391.8149
74.49	3687.189	17625.64	839.7012	6462.922	15212.12	-889.7544	3893.527	632.0284	2890.036	1446.263	8583.918	993.9502	-5.338078	182.9182	9798870	3.04792e+07	68.3274	195.7295	593.9502	50744.95	1582.562	-4.626335	591.8149	-5.338078	182.9182	-4.626335	591.8149
74.78	3887.189	6716.641	1639.701	4162.922	13211.12	711.2456	3293.527	32.02844	-9.964355	1346.263	6183.918	1393.95	94.66192	282.9182	8399365	2.614151e+07	168.3274	95.72954	3993.95	45835.95	1082.562	-4.626335	291.8149	94.66192	282.9182	-4.626335	291.8149
75.06	3387.189	9318.641	-460.2988	4762.922	8809.117	-188.7544	1392.527	532.0284	690.0356	846.2634	4082.918	1493.95	-5.338078	-17.08185	7989514	2.307693e+07	68.3274	295.7295	893.9502	38523.95	782.5623	-4.626335	191.8149	-5.338078	-17.08185	-4.626335	191.8149
75.35	2087.189	9518.641	239.7012	3461.922	7508.118	811.2456	1392.527	432.0284	-309.9644	546.2634	3982.918	993.9502	-5.338078	82.91815	6308210	1.678502e+07	-31.6726	295.7295	1293.95	24105.95	1382.562	-4.626335	491.8149	-5.338078	82.91815	-4.626335	491.8149
75.64	1787.189	15723.64	-961.2988	3061.922	9409.117	-488.7544	392.5267	532.0284	690.0356	746.2634	2582.918	993.9502	-5.338078	82.91815	4613588	1.415484e+07	68.3274	95.72954	593.9502	25506.95	682.5623	-4.626335	491.8149	-5.338078	82.91815	-4.626335	491.8149
75.92	2087.189	7117.641	-1061.299	2161.922	5808.118	-488.7544	1392.527	-67.97156	-309.9644	246.2633	2682.918	793.9502	-5.338078	-17.08185	4218292	1.110059e+07	-31.6726	-4.270463	593.9502	17599.95	782.5623	-4.626335	-8.185054	-5.338078	-17.08185	-4.626335	-8.185054
76.21	1887.189	2515.641	-2061.299	2061.922	4907.118	-388.7544	1292.527	232.0284	-209.9644	346.2633	2382.918	693.9502	-5.338078	82.91815	3568976	1.198108e+07	268.3274	95.72954	1093.95	23604.95	382.5623	-4.626335	391.8149	-5.338078	82.91815	-4.626335	391.8149
76.49	987.1886	3015.641	-560.2988	1761.922	6108.118	1011.246	1392.527	-67.97156	-509.9644	246.2633	1482.918	493.9502	-5.338078	-17.08185	3089122	7282932	-31.6726	95.72954	993.9502	15598.95	682.5623	-4.626335	291.8149	-5.338078	-17.08185	-4.626335	291.8149
76.78	1487.189	13921.64	-1461.299	1561.922	3307.117	-388.7544	92.52673	132.0284	90.03564	246.2633	1882.918	-6.049822	-5.338078	82.91815	2496454	6346884	-31.6726	95.72954	793.9502	18800.95	482.5623	-4.626335	191.8149	-5.338078	82.91815	-4.626335	191.8149
77.07	487.1886	13421.64	-160.2988	761.9218	3707.117	-1089.754	892.5267	-67.97156	-409.9644	446.2633	1482.918	593.9502	-5.338078	-17.08185	1522998	5028330	-31.6726	-4.270463	93.95018	10295.95	682.5623	-4.626335	191.8149	-5.338078	-17.08185	-4.626335	191.8149
77.36	887.1886	1214.641	-160.2988	1061.922	3107.117	-88.75439	-107.4733	-167.9716	-309.9644	546.2634	882.9182	193.9502	-5.338078	-17.08185	2341248	7751048	-31.6726	95.72954	393.9502	5494.95	82.56228	-4.626335	291.8149	-5.338078	-17.08185	-4.626335	291.8149
77.65	587.1886	4015.641	-60.29883	1161.922	2807.117	-88.75439	-107.4733	-367.9716	-209.9644	246.2633	882.9182	393.9502	-5.338078	-17.08185	1551210	4631441	-31.6726	95.72954	1293.95	8795.95	182.5623	-4.626335	-8.185054	-5.338078	-17.08185	-4.626335	-8.185054
77.94	387.1886	-285.3594	1039.701	1061.922	1407.117	-488.7544	492.5267	-67.97156	-709.9644	146.2633	782.9182	193.9502	-5.338078	-17.08185	1029319	3285187	68.3274	-4.270463	-6.049822	5994.95	482.5623	-4.626335	91.81495	-5.338078	-17.08185	-4.626335	91.81495
78.22	487.1886	4816.641	-460.2988	561.9218	1007.117	-1489.754	-207.4733	32.02844	90.03564	246.2633	1082.918	193.9502	-5.338078	-17.08185	958799.4	2930995	-31.6726	-4.270463	593.9502	10695.95	382.5623	-4.626335	191.8149	-5.338078	-17.08185	-4.626335	191.8149
78.52	287.1886	1014.641	-861.2988	461.9218	1307.117	-1389.754	492.5267	32.02844	390.0356	246.2633	682.9182	-6.049822	-5.338078	-17.08185	1170363	3426874	-31.6726	-4.270463	193.9502	5694.95	82.56228	-4.626335	-8.185054	-5.338078	-17.08185	-4.626335	-8.185054
78.8	287.1886	2214.641	639.7012	-238.0782	1107.117	-188.7544	-107.4733	232.0284	90.03564	346.2633	282.9182	-6.049822	-5.338078	82.91815	674757.4	1953608	-31.6726	95.72954	-6.049822	2793.95	82.56228	-4.626335	-8.185054	-5.338078	82.91815	-4.626335	-8.185054
79.09	687.1886	614.6406	-1061.299	-238.0782	407.1174	-588.7544	1092.527	-67.97156	190.0356	146.2633	282.9182	93.95018	-5.338078	-17.08185	561303.4	1783656	-31.6726	-4.270463	-6.049822	1393.95	-17.43772	-4.626335	-8.185054	-5.338078	-17.08185	-4.626335	-8.185054
79.37	387.1886	314.6406	239.7012	-638.0782	907.1174	-889.7544	592.5267	532.0284	-509.9644	-53.73666	282.9182	193.9502	94.66192	-17.08185	637908.4	1571226	-31.6726	95.72954	-6.049822	3693.95	82.56228	-4.626335	91.81495	94.66192	-17.08185	-4.626335	91.81495
79.67	-12.81139	414.6406	-60.29883	361.9218	1107.117	-2289.754	392.5267	32.02844	690.0356	246.2633	482.9182	-6.049822	-5.338078	-17.08185	395779.4	919854.8	-31.6726	-4.270463	-6.049822	2693.95	-17.43772	-4.626335	-8.185054	-5.338078	-17.08185	-4.626335	-8.185054
79.96	487.1886	-385.3594	-1861.299	-38.07825	807.1174	-488.7544	192.5267	132.0284	-509.9644	146.2633	182.9182	-6.049822	-5.338078	-17.08185	309981.4	1231365	268.3274	95.72954	-6.049822	3993.95	82.56228	-4.626335	-8.185054	-5.338078	-17.08185	-4.626335	-8.185054
80.24	187.1886	1214.641	-260.2988	161.9218	7.117439	411.2456	-307.4733	232.0284	-509.9644	-53.73666	182.9182	-6.049822	-5.338078	-17.08185	367249.4	1429614	68.3274	-4.270463	-6.049822	1193.95	-17.43772	-4.626335	-8.185054	-5.338078	-17.08185	-4.626335	-8.185054
80.53	187.1886	1314.641	-560.2988	761.9218	107.1174	-1789.754	292.5267	232.0284	-9.964355	46.26334	82.91815	-6.049822	-5.338078	-17.08185	234565.4	665003.8	-31.6726	-4.270463	-6.049822	2193.95	-17.43772	-4.626335	-8.185054	-5.338078	-17.08185	-4.626335	-8.185054
80.82	187.1886	2014.641	-1661.299	261.9218	207.1174	-2689.754	-7.473267	-267.9716	90.03564	-53.73666	82.91815	-6.049822	-5.338078	-17.08185	158169.4	863219.8	-31.6726	-4.270463	-6.049822	2093.95	-17.43772	-4.626335	91.81495	-5.338078	-17.08185	-4.626335	91.81495
81.11	187.1886	1514.641	839.7012	-238.0782	107.1174	-789.7544	-107.4733	-467.9716	90.03564	46.26334	-17.08185	-6.049822	-5.338078	82.91815	161590.4	523426.8	-31.6726	-4.270463	-6.049822	93.95018	-17.43772	-4.626335	-8.185054	-5.338078	82.91815	-4.626335	-8.185054
81.4	-12.81139	-985.3594	-961.2988	-438.0782	107.1174	-789.7544	-307.4733	-167.9716	-109.9644	46.26334	-17.08185	-6.049822	-5.338078	-17.08185	56834.39	339385.8	68.3274	-4.270463	-6.049822	993.9502	-17.43772	-4.626335	-8.185054	-5.338078	-17.08185	-4.626335	-8.185054
81.68	87.18861	1114.641	-1661.299	-538.0782	107.1174	111.2456	-607.4733	232.0284	490.0356	46.26334	-17.08185	-6.049822	-5.338078	-17.08185	87522.4	594214.8	68.3274	-4.270463	-6.049822	193.9502	-17.43772	-4.626335	-8.185054	-5.338078	-17.08185	-4.626335	-8.185054
81.97	87.18861	1514.641	239.7012	-238.0782	7.117439	-2089.754	392.5267	32.02844	190.0356	146.2633	82.91815	-6.049822	-5.338078	-17.08185	208637.4	650845.8	-31.6726	-4.270463	-6.049822	1993.95	182.5623	-4.626335	-8.185054	-5.338078	-17.08185	-4.626335	-8.185054
82.27	87.18861	314.6406	139.7012	661.9218	507.1174	-789.7544	-307.4733	32.02844	-509.9644	46.26334	82.91815	-6.049822	-5.338078	-17.08185	74280.4	438483.8	-31.6726	-4.270463	-6.049822	1393.95	-17.43772	-4.626335	-8.185054	-5.338078	-17.08185	-4.626335	-8.185054
82.56	187.1886	414.6406	-560.2988	-138.0782	7.117439	-1489.754	392.5267	-67.97156	390.0356	46.26334	82.91815	-6.049822	-5.338078	-17.08185	154972.4	480954.8	-31.6726	-4.270463	-6.049822	1493.95	-17.43772	-4.626335	91.81495	-5.338078	-17.08185	-4.626335	91.81495
82.85	87.18861	814.6406	-961.2988	861.9218	107.1174	-889.7544	-7.473267	-167.9716	790.0356	-53.73666	-17.08185	93.95018	-5.338078	-17.08185	140262.4	480954.8	-31.6726	-4.270463	-6.049822	93.95018	-17.43772	-4.626335	-8.185054	-5.338078	-17.08185	-4.626335	-8.185054
83.13	87.18861	-285.3594	-1161.299	-38.07825	207.1174	-588.7544	-807.4733	-167.9716	-9.964355	-53.73666	282.9182	-6.049822	-5.338078	-17.08185	65254.39	267066.8	68.3274	-4.270463	-6.049822	693.9502	-17.43772	-4.626335	291.8149	-5.338078	-17.08185	-4.626335	291.8149
83.42	-12.81139	14.64062	-460.2988	-538.0782	-92.88256	-288.7544	92.52673	32.02844	190.0356	146.2633	-17.08185	-6.049822	-5.338078	-17.08185	42004.39	183666.8	-31.6726	-4.270463	-6.049822	393.9502	82.56228	-4.626335	-8.185054	-5.338078	-17.08185	-4.626335	-8.185054
83.71	187.1886	-785.3594	-560.2988	361.9218	107.1174	-288.7544	-807.4733	132.0284	190.0356	46.26334	-17.08185	-6.049822	-5.338078	-17.08185	117746.4	58713.77	-31.6726	-4.270463	-6.049822	393.9502	82.56228	-4.626335	-8.185054	-5.338078	-17.08185	-4.626335	-8.185054
83.99	-12.81139	714.6406	-2161.299	361.9218	307.1174	-388.7544	-407.4733	232.0284	290.0356	146.2633	-17.08185	-6.049822	-5.338078	182.9182	55932.39	60617.77	-31.6726	-4.270463	-6.049822	93.95018	-17.43772	-4.626335	-8.185054	-5.338078	182.9182	-4.626335	-8.185054
84.28	87.18861	314.6406	-1261.299	61.92175	307.1174	-1889.754	-307.4733	32.02844	-709.9644	-53.73666	182.9182	-6.049822	-5.338078	82.91815	67059.4	251707.8	-31.6726	-4.270463	-6.049822	93.95018	-17.43772	-4.626335	-8.185054	-5.338078	82.91815	-4.626335	-8.185054
84.56	87.18861	-385.3594	-1761.299	361.9218	307.1174	-889.7544	-7.473267	-467.9716	290.0356	-53.73666	-17.08185	-6.049822	-5.338078	82.91815	21378.39	155326.8	-31.6726	-4.270463	-6.049822	93.95018	-17.43772	-4.626335	-8.185054	-5.338078	82.91815	-4.626335	-8.185054
84.85	-12.81139	-1686.359	-2061.299	-238.0782	107.1174	-1789.754	-307.4733	432.0284	-509.9644	46.26334	82.91815	-6.049822	-5.338078	-17.08185	71672.4	155354.8	-31.6726	-4.270463	-6.049822	493.9502	-17.43772	-4.626335	-8.185054	-5.338078	-17.08185	-4.626335	-8.185054
85.14	-12.81139	-785.3594	-260.2988	461.9218	7.117439	-1589.754	-707.4733	-267.9716	-9.964355	-53.73666	82.91815	-6.049822	-5.338078	-17.08185	3369.395	32765.77	68.3274	-4.270463	-6.049822	293.9502	-17.43772	-4.626335	-8.185054	-5.338078	-17.08185	-4.626335	-8.185054
85.42	-12.81139	714.6406	-961.2988	561.9218	207.1174	311.2456	-1107.473	-67.97156	190.0356	46.26334	-17.08185	-6.049822	-5.338078	-17.08185	16174.39	69039.77	-31.6726	-4.270463	-6.049822	493.9502	-17.43772	-4.626335	-8.185054	-5.338078	-17.08185	-4.626335	-8.185054
85.72	187.1886	214.6406	939.7012	561.9218	7.117439	-789.7544	-7.473267	432.0284	-109.9644	-53.73666	82.91815	-6.049822	-5.338078	-17.08185	32691.39	56264.77	-31.6726	-4.270463	-6.049822	693.9502	-17.43772	-4.626335	-8.185054	-5.338078	-17.08185	-4.626335	-8.185054
86	387.1886	214.6406	-961.2988	161.9218	-92.88256	-1289.754	-607.4733	-367.9716	-509.9644	246.2633	82.91815	-6.049822	-5.338078	-17.08185	25782.39	353542.8	-31.6726	-4.270463	-6.049822	193.9502	-17.43772	-4.626335	-8.185054	-5.338078	-17.08185	-4.626335	-8.185054
86.29	87.18861	-985.3594	-1161.299	661.9218	7.117439	411.2456	-407.4733	-367.9716	590.0356	146.2633	-17.08185	-6.049822	-5.338078	82.91815	16274.39	43782.77	-31.6726	95.72954	-6.049822	293.9502	-17.43772	-4.626335	-8.185054	-5.338078	82.91815	-4.626335	-8.185054
86.57	-12.81139	-585.3594	39.70117	-338.0782	207.1174	-288.7544	-7.473267	-167.9716	-109.9644	46.26334	-17.08185	-6.049822	-5.338078	-17.08185	26783.39	7844.772	-31.6726	-4.270463	-6.049822	393.9502	-17.43772	-4.626335	-8.185054	-5.338078	-17.08185	-4.626335	-8.185054
86.86	87.18861	214.6406	-160.2988	-338.0782	7.117439	-989.7544	392.5267	432.0284	1290.036	146.2633	82.91815	-6.049822	-5.338078	-17.08185	3569.395	46387.77	-31.6726	-4.270463	-6.049822	-6.049822	-17.43772	-4.626335	91.81495	-5.338078	-17.08185	-4.626335	91.81495
87.15	-12.81139	-585.3594	-560.2988	461.9218	207.1174	-1889.754	-207.4733	232.0284	-809.9644	-53.73666	-17.08185	-6.049822	-5.338078	-17.08185	21578.39	69541.77	-31.6726	-4.270463	-6.049822	-6.049822	-17.43772	-4.626335	-8.185054	-5.338078	-17.08185	-4.626335	-8.185054
87.43	-12.81139	-385.3594	839.7012	-338.0782	-92.88256	-2289.754	-7.473267	232.0284	290.0356	-53.73666	-17.08185	-6.049822	-5.338078	-17.08185	169.395	4443.772	-31.6726	-4.270463	-6.049822	93.95018	-17.43772	-4.626335	-8.185054	-5.338078	-17.08185	-4.626335	-8.185054
87.72	-12.81139	614.6406	-1261.299	-438.0782	-92.88256	-1589.754	-107.4733	-67.97156	90.03564	-53.73666	-17.08185	-6.049822	-5.338078	82.91815	50019.39	37271.77	-31.6726	-4.270463	-6.049822	93.95018	-17.43772	-4.626335	-8.185054	-5.338078	82.91815	-4.626335	-8.185054
88	-12.81139	314.6406	-1861.299	61.92175	-92.88256	-889.7544	-307.4733	-167.9716	-109.9644	46.26334	-17.08185	-6.049822	-5.338078	-17.08185	90232.4	27954.77	-31.6726	-4.270463	-6.049822	-6.049822	-17.43772	-4.626335	-8.185054	-5.338078	-17.08185	-4.626335	-8.185054
88.29	87.18861	-1786.359	-1461.299	261.9218	7.117439	-2489.754	292.5267	232.0284	90.03564	46.26334	-17.08185	-6.049822	-5.338078	-17.08185	16274.39	28860.77	-31.6726	-4.270463	-6.049822	-6.049822	82.56228	-4.626335	-8.185054	-5.338078	-17.08185	-4.626335	-8.185054
88.57	-12.81139	-485.3594	-761.2988	261.9218	-92.88256	211.2456	-507.4733	232.0284	890.0356	-53.73666	-17.08185	-6.049822	-5.338078	-17.08185	2269.395	2943.772	-31.6726	-4.270463	-6.049822	-6.049822	-17.43772	-4.626335	-8.185054	-5.338078	-17.08185	-4.626335	-8.185054
88.86	87.18861	1114.641	-260.2988	161.9218	7.117439	-689.7544	392.5267	-367.9716	-709.9644	-53.73666	-17.08185	-6.049822	-5.338078	-17.08185	117043.4	31363.77	-31.6726	-4.270463	-6.049822	293.9502	-17.43772	-4.626335	91.81495	-5.338078	-17.08185	-4.626335	91.81495
89.14	-12.81139	814.6406	-861.2988	61.92175	7.117439	11.24561	-107.4733	-67.97156	690.0356	46.26334	-17.08185	-6.049822	-5.338078	-17.08185	3869.395	46687.77	68.3274	-4.270463	-6.049822	-6.049822	-17.43772	-4.626335	-8.185054	-5.338078	-17.08185	-4.626335	-8.185054
89.43	-12.81139	-585.3594	-660.2988	261.9218	7.117439	-488.7544	92.52673	332.0284	590.0356	-53.73666	-17.08185	-6.049822	-5.338078	-17.08185	28069.39	3343.772	-31.6726	-4.270463	-6.049822	-6.049822	-17.43772	-4.626335	-8.185054	-5.338078	-17.08185	-4.626335	-8.185054
89.71	-12.81139	1114.641	-660.2988	61.92175	7.117439	-588.7544	-107.4733	-167.9716	290.0356	-53.73666	-17.08185	-6.049822	-5.338078	-17.08185	72274.4	10745.77	-31.6726	-4.270463	-6.049822	-6.049822	82.56228	-4.626335	-8.185054	-5.338078	-17.08185	-4.626335	-8.185054
90	-12.81139	514.6406	-1361.299	-138.0782	7.117439	-889.7544	792.5267	-267.9716	-209.9644	-53.73666	-17.08185	-6.049822	-5.338078	-17.08185	869.395	52599.77	-31.6726	-4.270463	-6.049822	93.95018	82.56228	-4.626335	-8.185054	-5.338078	-17.08185	-4.626335	-8.185054
