ElapsedTime_s	Ti49_CPS	Al27_CPS	S33_CPS	Sc45_CPS	V51_CPS	Mn55_CPS	Fe57_CPS	Co59_CPS	Ni60_CPS	Ga71_CPS	Zr90_CPS	Nb93_CPS	Mo97_CPS	In113_CPS	Sn119_CPS	Sn118_CPS	Sb121_CPS	Hf177_CPS	Ta181_CPS	W183_CPS	Pb206_CPS	Th232_CPS	U238_CPS	Tc97_CPS	Cd113_CPS	U232_CPS	Pu238_CPS
0	-12.81139	-785.3594	-60.29883	261.9218	7.117439	-1189.754	92.52673	232.0284	-209.9644	46.26334	-17.08185	-6.049822	-5.338078	-17.08185	54128.39	-56.22775	-31.6726	-4.270463	-6.049822	-6.049822	-17.43772	-4.626335	91.81495	-5.338078	-17.08185	-4.626335	91.81495
																											
8.18	87.18861	1614.641	239.7012	-138.0782	7.117439	-488.7544	-207.4733	-67.97156	490.0356	-53.73666	-17.08185	-6.049822	-5.338078	-17.08185	22379.39	-56.22775	-31.6726	-4.270463	-6.049822	-6.049822	-17.43772	-4.626335	-8.185054	-5.338078	-17.08185	-4.626335	-8.185054
8.47	87.18861	2214.641	39.70117	61.92175	7.117439	-989.7544	-307.4733	232.0284	90.03564	46.26334	-17.08185	-6.049822	-5.338078	-17.08185	69.39502	-356.2278	-31.6726	95.72954	-6.049822	-6.049822	-17.43772	-4.626335	-8.185054	-5.338078	-17.08185	-4.626335	-8.185054
8.75	-12.81139	914.6406	-1061.299	61.92175	-92.88256	-288.7544	-507.4733	32.02844	190.0356	-53.73666	-17.08185	-6.049822	-5.338078	-17.08185	-30.60498	-56.22775	68.3274	-4.270463	-6.049822	-6.049822	-17.43772	-4.626335	-8.185054	-5.338078	-17.08185	-4.626335	-8.185054
9.04	-12.81139	-185.3594	539.7012	-238.0782	-92.88256	-1489.754	-307.4733	532.0284	190.0356	-53.73666	182.9182	-6.049822	94.66192	-17.08185	69.39502	5844.772	-31.6726	-4.270463	-6.049822	-6.049822	-17.43772	-4.626335	-8.185054	94.66192	-17.08185	-4.626335	-8.185054
9.32	-12.81139	-185.3594	-360.2988	361.9218	-92.88256	-488.7544	692.5267	132.0284	-9.964355	-53.73666	82.91815	93.95018	-5.338078	-17.08185	-30.60498	-56.22775	-31.6726	-4.270463	-6.049822	-6.049822	-17.43772	-4.626335	-8.185054	-5.338078	-17.08185	-4.626335	-8.185054
9.61	-12.81139	-385.3594	-660.2988	-238.0782	107.1174	-1289.754	292.5267	-367.9716	390.0356	-53.73666	-17.08185	-6.049822	94.66192	-17.08185	7170.395	43.77225	-31.6726	-4.270463	93.95018	-6.049822	82.56228	-4.626335	-8.185054	94.66192	-17.08185	-4.626335	-8.185054
9.9	-12.81139	214.6406	-961.2988	261.9218	-92.88256	-2389.754	-107.4733	32.02844	590.0356	-53.73666	82.91815	-6.049822	94.66192	-17.08185	-30.60498	-256.2278	-31.6726	-4.270463	-6.049822	-6.049822	-17.43772	-4.626335	-8.185054	94.66192	-17.08185	-4.626335	-8.185054
10.18	-12.81139	514.6406	39.70117	-338.0782	7.117439	-188.7544	292.5267	-67.97156	490.0356	146.2633	82.91815	-6.049822	-5.338078	-17.08185	-30.60498	43.77225	-31.6726	-4.270463	-6.049822	-6.049822	-17.43772	-4.626335	-8.185054	-5.338078	-17.08185	-4.626335	-8.185054
10.47	-12.81139	-85.35938	439.7012	-538.0782	-92.88256	-1089.754	-507.4733	232.0284	590.0356	-53.73666	-17.08185	-6.049822	-5.338078	-17.08185	69.39502	-156.2278	68.3274	-4.270463	-6.049822	-6.049822	-17.43772	-4.626335	-8.185054	-5.338078	-17.08185	-4.626335	-8.185054
10.75	-12.81139	614.6406	-660.2988	361.9218	-92.88256	-2389.754	-507.4733	-167.9716	190.0356	-53.73666	-17.08185	-6.049822	-5.338078	-17.08185	-130.605	-356.2278	-31.6726	-4.270463	-6.049822	-6.049822	-17.43772	95.37366	-8.185054	-5.338078	-17.08185	95.37366	-8.185054
11.03	-12.81139	-1886.359	-961.2988	-38.07825	-92.88256	-288.7544	-7.473267	232.0284	-109.9644	46.26334	-17.08185	-6.049822	-5.338078	-17.08185	1869.395	-156.2278	168.3274	95.72954	-6.049822	-6.049822	-17.43772	-4.626335	-8.185054	-5.338078	-17.08185	-4.626335	-8.185054
11.32	-12.81139	-285.3594	-1361.299	61.92175	7.117439	111.2456	492.5267	-167.9716	290.0356	46.26334	82.91815	-6.049822	-5.338078	-17.08185	-130.605	-56.22775	-31.6726	-4.270463	-6.049822	-6.049822	-17.43772	-4.626335	-8.185054	-5.338078	-17.08185	-4.626335	-8.185054
11.6	-12.81139	1414.641	-961.2988	-138.0782	7.117439	-588.7544	-407.4733	132.0284	-409.9644	-53.73666	-17.08185	-6.049822	-5.338078	82.91815	-130.605	243.7722	-31.6726	-4.270463	-6.049822	-6.049822	-17.43772	-4.626335	-8.185054	-5.338078	82.91815	-4.626335	-8.185054
11.89	-12.81139	814.6406	-861.2988	-438.0782	-92.88256	11.24561	-207.4733	-367.9716	790.0356	46.26334	-17.08185	-6.049822	94.66192	-17.08185	69.39502	243.7722	68.3274	-4.270463	-6.049822	-6.049822	-17.43772	-4.626335	-8.185054	94.66192	-17.08185	-4.626335	-8.185054
12.17	87.18861	814.6406	139.7012	-38.07825	107.1174	411.2456	-107.4733	-267.9716	-309.9644	46.26334	-17.08185	-6.049822	94.66192	-17.08185	-30.60498	-56.22775	-31.6726	-4.270463	-6.049822	-6.049822	-17.43772	-4.626335	-8.185054	94.66192	-17.08185	-4.626335	-8.185054
12.46	-12.81139	114.6406	-961.2988	-338.0782	-92.88256	-1989.754	-107.4733	-167.9716	-509.9644	46.26334	82.91815	-6.049822	-5.338078	-17.08185	-30.60498	13847.77	-31.6726	-4.270463	-6.049822	-6.049822	-17.43772	-4.626335	-8.185054	-5.338078	-17.08185	-4.626335	-8.185054
12.74	-12.81139	14.64062	1639.701	61.92175	-92.88256	-588.7544	192.5267	132.0284	190.0356	146.2633	-17.08185	-6.049822	-5.338078	-17.08185	-130.605	443.7722	-31.6726	-4.270463	-6.049822	-6.049822	-17.43772	95.37366	-8.185054	-5.338078	-17.08185	95.37366	-8.185054
13.03	-12.81139	1214.641	339.7012	161.9218	-92.88256	-1689.754	392.5267	-67.97156	-509.9644	-53.73666	-17.08185	-6.049822	-5.338078	-17.08185	69.39502	-156.2278	-31.6726	-4.270463	-6.049822	-6.049822	-17.43772	-4.626335	-8.185054	-5.338078	-17.08185	-4.626335	-8.185054
13.31	87.18861	-185.3594	39.70117	61.92175	-92.88256	-488.7544	-7.473267	-167.9716	1090.036	-53.73666	-17.08185	-6.049822	-5.338078	-17.08185	-30.60498	-156.2278	-31.6726	-4.270463	-6.049822	-6.049822	-17.43772	-4.626335	91.81495	-5.338078	-17.08185	-4.626335	91.81495
13.6	87.18861	414.6406	-1361.299	-338.0782	-92.88256	-889.7544	-307.4733	-367.9716	-109.9644	-53.73666	82.91815	-6.049822	-5.338078	-17.08185	-30.60498	-156.2278	68.3274	-4.270463	-6.049822	-6.049822	-17.43772	-4.626335	-8.185054	-5.338078	-17.08185	-4.626335	-8.185054
13.89	-12.81139	1314.641	1039.701	-338.0782	-92.88256	-689.7544	-307.4733	32.02844	-209.9644	46.26334	82.91815	-6.049822	-5.338078	-17.08185	69.39502	-56.22775	-31.6726	-4.270463	-6.049822	-6.049822	-17.43772	-4.626335	-8.185054	-5.338078	-17.08185	-4.626335	-8.185054
14.17	-12.81139	1314.641	639.7012	161.9218	7.117439	-1289.754	-307.4733	132.0284	-109.9644	146.2633	-17.08185	-6.049822	-5.338078	-17.08185	69.39502	143.7722	-31.6726	-4.270463	-6.049822	-6.049822	-17.43772	-4.626335	-8.185054	-5.338078	-17.08185	-4.626335	-8.185054
14.46	-12.81139	714.6406	-761.2988	261.9218	207.1174	-1889.754	-707.4733	32.02844	-409.9644	46.26334	-17.08185	-6.049822	-5.338078	-17.08185	-130.605	-56.22775	-31.6726	-4.270463	-6.049822	-6.049822	-17.43772	-4.626335	-8.185054	-5.338078	-17.08185	-4.626335	-8.185054
14.74	-12.81139	-285.3594	139.7012	-438.0782	107.1174	-1389.754	-607.4733	-167.9716	-109.9644	-53.73666	-17.08185	-6.049822	-5.338078	-17.08185	69.39502	43.77225	-31.6726	-4.270463	-6.049822	-6.049822	-17.43772	-4.626335	-8.185054	-5.338078	-17.08185	-4.626335	-8.185054
15.03	-12.81139	614.6406	-560.2988	-438.0782	7.117439	-1189.754	-407.4733	32.02844	-109.9644	146.2633	-17.08185	-6.049822	-5.338078	-17.08185	-130.605	-56.22775	-31.6726	-4.270463	-6.049822	-6.049822	-17.43772	-4.626335	-8.185054	-5.338078	-17.08185	-4.626335	-8.185054
15.31	-12.81139	-785.3594	-1461.299	161.9218	-92.88256	-588.7544	-107.4733	-167.9716	290.0356	46.26334	-17.08185	-6.049822	-5.338078	-17.08185	69.39502	143.7722	-31.6726	-4.270463	-6.049822	-6.049822	-17.43772	-4.626335	-8.185054	-5.338078	-17.08185	-4.626335	-8.185054
15.6	-12.81139	1814.641	-160.2988	-238.0782	-92.88256	-1389.754	-207.4733	432.0284	190.0356	46.26334	-17.08185	-6.049822	-5.338078	-17.08185	-30.60498	243.7722	-31.6726	-4.270463	-6.049822	-6.049822	-17.43772	-4.626335	-8.185054	-5.338078	-17.08185	-4.626335	-8.185054
15.88	87.18861	114.6406	-460.2988	461.9218	107.1174	-1389.754	-7.473267	-567.9716	-209.9644	-53.73666	82.91815	-6.049822	-5.338078	-17.08185	169.395	-356.2278	-31.6726	-4.270463	-6.049822	-6.049822	-17.43772	-4.626335	-8.185054	-5.338078	-17.08185	-4.626335	-8.185054
16.17	-12.81139	814.6406	-360.2988	-138.0782	7.117439	-1189.754	492.5267	32.02844	90.03564	146.2633	82.91815	-6.049822	-5.338078	-17.08185	69.39502	43.77225	-31.6726	-4.270463	-6.049822	-6.049822	-17.43772	-4.626335	-8.185054	-5.338078	-17.08185	-4.626335	-8.185054
16.45	-12.81139	-1686.359	-1961.299	-238.0782	-92.88256	-1389.754	-707.4733	932.0284	890.0356	46.26334	-17.08185	-6.049822	-5.338078	-17.08185	-130.605	-156.2278	-31.6726	-4.270463	-6.049822	-6.049822	-17.43772	-4.626335	-8.185054	-5.338078	-17.08185	-4.626335	-8.185054
16.73	-12.81139	-685.3594	-761.2988	-38.07825	7.117439	-1089.754	-207.4733	-467.9716	-409.9644	-53.73666	-17.08185	-6.049822	-5.338078	-17.08185	169.395	-156.2278	-31.6726	-4.270463	-6.049822	-6.049822	-17.43772	-4.626335	-8.185054	-5.338078	-17.08185	-4.626335	-8.185054
17.02	-12.81139	914.6406	539.7012	-338.0782	7.117439	-1489.754	-307.4733	132.0284	-9.964355	-53.73666	-17.08185	-6.049822	-5.338078	-17.08185	-130.605	-156.2278	-31.6726	-4.270463	-6.049822	-6.049822	-17.43772	-4.626335	-8.185054	-5.338078	-17.08185	-4.626335	-8.185054
17.3	87.18861	714.6406	-761.2988	-138.0782	7.117439	-1289.754	92.52673	132.0284	690.0356	-53.73666	-17.08185	-6.049822	-5.338078	-17.08185	-30.60498	75558.77	-31.6726	-4.270463	-6.049822	-6.049822	-17.43772	-4.626335	-8.185054	-5.338078	-17.08185	-4.626335	-8.185054
17.59	-12.81139	-85.35938	39.70117	-138.0782	7.117439	-989.7544	-707.4733	-167.9716	-9.964355	46.26334	-17.08185	-6.049822	-5.338078	-17.08185	-30.60498	43.77225	68.3274	-4.270463	-6.049822	-6.049822	-17.43772	-4.626335	-8.185054	-5.338078	-17.08185	-4.626335	-8.185054
17.88	-12.81139	1514.641	-1561.299	-538.0782	7.117439	-1589.754	392.5267	-267.9716	-9.964355	-53.73666	-17.08185	93.95018	-5.338078	-17.08185	23080.39	-156.2278	-31.6726	-4.270463	-6.049822	-6.049822	-17.43772	-4.626335	-8.185054	-5.338078	-17.08185	-4.626335	-8.185054
18.16	-12.81139	814.6406	-961.2988	-538.0782	107.1174	-1889.754	-807.4733	-167.9716	390.0356	46.26334	-17.08185	-6.049822	-5.338078	-17.08185	69.39502	-56.22775	-31.6726	-4.270463	-6.049822	-6.049822	-17.43772	-4.626335	-8.185054	-5.338078	-17.08185	-4.626335	-8.185054
18.45	-12.81139	414.6406	439.7012	-38.07825	7.117439	-188.7544	492.5267	-167.9716	-809.9644	-53.73666	-17.08185	-6.049822	-5.338078	-17.08185	-30.60498	4243.772	68.3274	-4.270463	-6.049822	-6.049822	-17.43772	-4.626335	-8.185054	-5.338078	-17.08185	-4.626335	-8.185054
18.73	-12.81139	2114.641	-1661.299	61.92175	-92.88256	-989.7544	-307.4733	-167.9716	-9.964355	-53.73666	-17.08185	-6.049822	-5.338078	-17.08185	-30.60498	43.77225	-31.6726	-4.270463	93.95018	93.95018	-17.43772	95.37366	-8.185054	-5.338078	-17.08185	95.37366	-8.185054
19.01	-12.81139	1514.641	-761.2988	-238.0782	-92.88256	-889.7544	-7.473267	432.0284	-809.9644	246.2633	182.9182	-6.049822	-5.338078	-17.08185	-30.60498	143.7722	-31.6726	-4.270463	-6.049822	-6.049822	82.56228	-4.626335	-8.185054	-5.338078	-17.08185	-4.626335	-8.185054
19.3	-12.81139	714.6406	-360.2988	-138.0782	-92.88256	-689.7544	-607.4733	332.0284	-309.9644	-53.73666	-17.08185	-6.049822	-5.338078	-17.08185	-30.60498	143.7722	68.3274	-4.270463	-6.049822	-6.049822	82.56228	-4.626335	-8.185054	-5.338078	-17.08185	-4.626335	-8.185054
19.58	-12.81139	14.64062	-1561.299	-38.07825	107.1174	-789.7544	92.52673	232.0284	-109.9644	-53.73666	-17.08185	-6.049822	-5.338078	-17.08185	169.395	-256.2278	-31.6726	-4.270463	-6.049822	-6.049822	-17.43772	-4.626335	-8.185054	-5.338078	-17.08185	-4.626335	-8.185054
19.87	-12.81139	214.6406	-260.2988	61.92175	7.117439	-1089.754	592.5267	-267.9716	690.0356	46.26334	-17.08185	-6.049822	-5.338078	-17.08185	69.39502	-56.22775	-31.6726	-4.270463	-6.049822	93.95018	-17.43772	-4.626335	-8.185054	-5.338078	-17.08185	-4.626335	-8.185054
20.15	-12.81139	1214.641	-460.2988	161.9218	107.1174	-1989.754	-107.4733	-167.9716	290.0356	46.26334	-17.08185	-6.049822	-5.338078	82.91815	-130.605	-56.22775	-31.6726	-4.270463	-6.049822	-6.049822	-17.43772	-4.626335	-8.185054	-5.338078	82.91815	-4.626335	-8.185054
20.44	-12.81139	2114.641	-1161.299	-38.07825	7.117439	-1089.754	-507.4733	-567.9716	-9.964355	-53.73666	-17.08185	-6.049822	-5.338078	-17.08185	-30.60498	-56.22775	-31.6726	-4.270463	-6.049822	-6.049822	82.56228	-4.626335	-8.185054	-5.338078	-17.08185	-4.626335	-8.185054
20.72	-12.81139	1514.641	-1261.299	-338.0782	-92.88256	411.2456	492.5267	432.0284	-609.9644	-53.73666	-17.08185	-6.049822	-5.338078	-17.08185	-30.60498	-256.2278	68.3274	-4.270463	-6.049822	-6.049822	-17.43772	-4.626335	-8.185054	-5.338078	-17.08185	-4.626335	-8.185054
21.01	-12.81139	814.6406	-60.29883	-138.0782	-92.88256	-188.7544	-607.4733	-67.97156	-509.9644	46.26334	-17.08185	93.95018	-5.338078	-17.08185	69.39502	29861.77	-31.6726	-4.270463	-6.049822	-6.049822	-17.43772	-4.626335	-8.185054	-5.338078	-17.08185	-4.626335	-8.185054
21.29	-12.81139	14.64062	-1261.299	-38.07825	-92.88256	611.2456	-307.4733	-67.97156	290.0356	146.2633	-17.08185	-6.049822	-5.338078	-17.08185	16374.39	-56.22775	-31.6726	-4.270463	93.95018	-6.049822	-17.43772	-4.626335	-8.185054	-5.338078	-17.08185	-4.626335	-8.185054
21.58	-12.81139	2615.641	-861.2988	61.92175	-92.88256	-1189.754	-507.4733	-167.9716	-409.9644	46.26334	-17.08185	-6.049822	-5.338078	-17.08185	-30.60498	143.7722	-31.6726	-4.270463	-6.049822	-6.049822	-17.43772	-4.626335	-8.185054	-5.338078	-17.08185	-4.626335	-8.185054
21.86	87.18861	214.6406	-961.2988	-338.0782	-92.88256	-2489.754	92.52673	132.0284	-309.9644	46.26334	-17.08185	-6.049822	-5.338078	-17.08185	269.395	-56.22775	-31.6726	-4.270463	-6.049822	-6.049822	-17.43772	-4.626335	-8.185054	-5.338078	-17.08185	-4.626335	-8.185054
22.15	87.18861	414.6406	-360.2988	-238.0782	-92.88256	-1489.754	-7.473267	32.02844	290.0356	146.2633	-17.08185	-6.049822	-5.338078	82.91815	-30.60498	-56.22775	68.3274	-4.270463	-6.049822	-6.049822	-17.43772	-4.626335	-8.185054	-5.338078	82.91815	-4.626335	-8.185054
22.43	-12.81139	-185.3594	-260.2988	-38.07825	-92.88256	-2089.754	-507.4733	32.02844	790.0356	-53.73666	82.91815	-6.049822	-5.338078	-17.08185	-30.60498	-156.2278	-31.6726	-4.270463	-6.049822	-6.049822	-17.43772	-4.626335	-8.185054	-5.338078	-17.08185	-4.626335	-8.185054
22.72	-12.81139	-685.3594	-560.2988	-138.0782	-92.88256	11.24561	-707.4733	-367.9716	-9.964355	-53.73666	-17.08185	-6.049822	-5.338078	-17.08185	-130.605	-56.22775	-31.6726	-4.270463	-6.049822	-6.049822	-17.43772	-4.626335	-8.185054	-5.338078	-17.08185	-4.626335	-8.185054
23	87.18861	1514.641	-360.2988	-238.0782	7.117439	-1489.754	-507.4733	-67.97156	-809.9644	46.26334	-17.08185	-6.049822	-5.338078	-17.08185	-130.605	-156.2278	-31.6726	-4.270463	-6.049822	-6.049822	-17.43772	-4.626335	-8.185054	-5.338078	-17.08185	-4.626335	-8.185054
23.29	-12.81139	-185.3594	-1261.299	361.9218	-92.88256	-1089.754	-407.4733	-167.9716	190.0356	-53.73666	-17.08185	-6.049822	-5.338078	-17.08185	-130.605	143.7722	-31.6726	-4.270463	-6.049822	-6.049822	-17.43772	-4.626335	-8.185054	-5.338078	-17.08185	-4.626335	-8.185054
23.58	-12.81139	314.6406	139.7012	-238.0782	7.117439	-2189.754	-407.4733	-67.97156	290.0356	-53.73666	-17.08185	-6.049822	-5.338078	-17.08185	-130.605	-156.2278	68.3274	-4.270463	-6.049822	-6.049822	-17.43772	-4.626335	-8.185054	-5.338078	-17.08185	-4.626335	-8.185054
23.86	-12.81139	914.6406	739.7012	-438.0782	7.117439	-588.7544	192.5267	32.02844	-209.9644	146.2633	-17.08185	-6.049822	-5.338078	-17.08185	-130.605	-256.2278	-31.6726	-4.270463	-6.049822	-6.049822	182.5623	-4.626335	-8.185054	-5.338078	-17.08185	-4.626335	-8.185054
24.15	87.18861	-1285.359	-1061.299	61.92175	-92.88256	-789.7544	-907.4733	32.02844	390.0356	346.2633	-17.08185	-6.049822	-5.338078	-17.08185	-130.605	-56.22775	-31.6726	95.72954	-6.049822	-6.049822	-17.43772	-4.626335	-8.185054	-5.338078	-17.08185	-4.626335	-8.185054
24.43	-12.81139	-985.3594	-260.2988	161.9218	7.117439	-1189.754	-107.4733	-67.97156	-109.9644	-53.73666	-17.08185	-6.049822	-5.338078	-17.08185	69.39502	-256.2278	-31.6726	-4.270463	-6.049822	-6.049822	-17.43772	-4.626335	-8.185054	-5.338078	-17.08185	-4.626335	-8.185054
24.72	-12.81139	14.64062	139.7012	61.92175	-92.88256	-488.7544	-607.4733	132.0284	290.0356	-53.73666	-17.08185	-6.049822	-5.338078	-17.08185	-30.60498	-256.2278	-31.6726	-4.270463	-6.049822	-6.049822	-17.43772	95.37366	-8.185054	-5.338078	-17.08185	95.37366	-8.185054
25	-12.81139	914.6406	-1761.299	361.9218	7.117439	-1889.754	-107.4733	232.0284	290.0356	-53.73666	-17.08185	-6.049822	-5.338078	-17.08185	-130.605	-156.2278	-31.6726	-4.270463	93.95018	-6.049822	-17.43772	-4.626335	-8.185054	-5.338078	-17.08185	-4.626335	-8.185054
25.29	-12.81139	-185.3594	-1061.299	-138.0782	7.117439	-1989.754	192.5267	-67.97156	590.0356	-53.73666	-17.08185	-6.049822	-5.338078	-17.08185	169.395	-256.2278	-31.6726	-4.270463	-6.049822	-6.049822	-17.43772	-4.626335	-8.185054	-5.338078	-17.08185	-4.626335	-8.185054
25.57	87.18861	1014.641	-1061.299	61.92175	-92.88256	-989.7544	192.5267	232.0284	90.03564	46.26334	-17.08185	-6.049822	-5.338078	-17.08185	-30.60498	-56.22775	-31.6726	-4.270463	-6.049822	-6.049822	82.56228	-4.626335	-8.185054	-5.338078	-17.08185	-4.626335	-8.185054
25.85	-12.81139	1614.641	-1461.299	661.9218	-92.88256	-1389.754	-407.4733	532.0284	690.0356	-53.73666	82.91815	-6.049822	-5.338078	-17.08185	-30.60498	143.7722	-31.6726	-4.270463	-6.049822	-6.049822	-17.43772	-4.626335	-8.185054	-5.338078	-17.08185	-4.626335	-8.185054
26.14	87.18861	1214.641	539.7012	261.9218	207.1174	-288.7544	292.5267	332.0284	-309.9644	46.26334	-17.08185	-6.049822	-5.338078	-17.08185	-30.60498	-256.2278	-31.6726	-4.270463	-6.049822	-6.049822	-17.43772	-4.626335	-8.185054	-5.338078	-17.08185	-4.626335	-8.185054
26.42	-12.81139	614.6406	-961.2988	161.9218	207.1174	-588.7544	-7.473267	-167.9716	90.03564	-53.73666	-17.08185	-6.049822	-5.338078	-17.08185	-130.605	143.7722	-31.6726	-4.270463	-6.049822	-6.049822	-17.43772	-4.626335	-8.185054	-5.338078	-17.08185	-4.626335	-8.185054
26.71	-12.81139	714.6406	-1761.299	161.9218	207.1174	-689.7544	-207.4733	232.0284	-509.9644	46.26334	-17.08185	-6.049822	-5.338078	82.91815	-130.605	43.77225	-31.6726	-4.270463	-6.049822	-6.049822	-17.43772	-4.626335	-8.185054	-5.338078	82.91815	-4.626335	-8.185054
26.99	-12.81139	14.64062	-1161.299	-38.07825	-92.88256	-1089.754	192.5267	332.0284	590.0356	-53.73666	-17.08185	-6.049822	-5.338078	-17.08185	-130.605	443.7722	-31.6726	-4.270463	93.95018	-6.049822	-17.43772	-4.626335	91.81495	-5.338078	-17.08185	-4.626335	91.81495
27.28	-12.81139	114.6406	-1061.299	-38.07825	-92.88256	-1289.754	-407.4733	232.0284	390.0356	246.2633	-17.08185	-6.049822	-5.338078	-17.08185	-30.60498	143.7722	-31.6726	-4.270463	-6.049822	-6.049822	-17.43772	-4.626335	-8.185054	-5.338078	-17.08185	-4.626335	-8.185054
27.57	-12.81139	1414.641	-360.2988	-538.0782	107.1174	-1289.754	-307.4733	-67.97156	190.0356	46.26334	-17.08185	-6.049822	-5.338078	-17.08185	69.39502	9945.772	-31.6726	-4.270463	-6.049822	-6.049822	-17.43772	-4.626335	-8.185054	-5.338078	-17.08185	-4.626335	-8.185054
27.85	-12.81139	214.6406	-260.2988	461.9218	7.117439	-1489.754	192.5267	132.0284	-209.9644	46.26334	-17.08185	93.95018	-5.338078	-17.08185	-130.605	143.7722	-31.6726	-4.270463	-6.049822	-6.049822	-17.43772	-4.626335	-8.185054	-5.338078	-17.08185	-4.626335	-8.185054
28.14	-12.81139	614.6406	1039.701	-38.07825	107.1174	-288.7544	-807.4733	732.0284	790.0356	46.26334	-17.08185	-6.049822	-5.338078	82.91815	-130.605	-156.2278	-31.6726	-4.270463	-6.049822	-6.049822	-17.43772	-4.626335	-8.185054	-5.338078	82.91815	-4.626335	-8.185054
28.42	-12.81139	1314.641	239.7012	-338.0782	7.117439	-388.7544	-207.4733	-467.9716	190.0356	46.26334	-17.08185	-6.049822	-5.338078	-17.08185	69.39502	-156.2278	-31.6726	-4.270463	-6.049822	-6.049822	-17.43772	-4.626335	-8.185054	-5.338078	-17.08185	-4.626335	-8.185054
28.71	87.18861	214.6406	-861.2988	-138.0782	7.117439	-1389.754	-407.4733	132.0284	1090.036	146.2633	282.9182	-6.049822	-5.338078	-17.08185	1720489	3129338	-31.6726	95.72954	-6.049822	2393.95	3582.562	95.37366	291.8149	-5.338078	-17.08185	95.37366	291.8149
28.99	187.1886	187260.6	-861.2988	19770.92	507.1174	3012.246	42231.53	32.02844	290.0356	6247.263	11585.92	293.9502	-5.338078	1082.918	3.314901e+07	9.092557e+07	1268.327	395.7295	93.95018	18300.95	10684.56	-4.626335	2391.815	-5.338078	1082.918	-4.626335	2391.815
29.28	287.1886	486627.6	-360.2988	72569.92	707.1174	7814.246	87150.52	1232.028	1390.036	15951.26	32303.92	493.9502	-5.338078	2982.918	6.332267e+07	1.581993e+08	2568.327	295.7295	93.95018	29210.95	13986.56	-4.626335	2591.815	-5.338078	2982.918	-4.626335	2591.815
29.56	287.1886	591887.6	-60.29883	107998.9	307.1174	11216.25	114965.5	1432.028	290.0356	22656.26	43119.92	993.9502	-5.338078	2182.918	8.439982e+07	2.44329e+08	2468.327	695.7296	93.95018	30812.95	11385.56	-4.626335	5292.815	-5.338078	2182.918	-4.626335	5292.815
29.85	1187.189	906170.6	739.7012	135131.9	1007.117	12617.25	122199.5	1432.028	2190.036	22756.26	46525.92	893.9502	94.66192	2882.918	9.34505e+07	2.643612e+08	3168.327	495.7295	393.9502	39624.95	8884.562	295.3737	4491.815	94.66192	2882.918	295.3737	4491.815
30.14	1787.189	1040170	2539.701	136840.9	1307.117	11816.25	124812.5	2132.028	2490.036	19954.26	49832.92	893.9502	-5.338078	3782.918	1.014068e+08	2.383194e+08	3468.327	695.7296	693.9502	63273.95	8183.562	-4.626335	3191.815	-5.338078	3782.918	-4.626335	3191.815
30.42	2887.189	1115849	3640.701	160079.9	3207.117	16019.25	156895.5	1832.028	2190.036	18853.26	50934.92	3693.95	-5.338078	2482.918	1.043388e+08	2.663645e+08	2468.327	595.7296	293.9502	100094	6383.562	-4.626335	3991.815	-5.338078	2482.918	-4.626335	3991.815
30.71	6088.188	1436907	1839.701	166823.9	7408.118	24028.25	177232.5	2432.028	2790.036	14650.26	58651.92	3293.95	-5.338078	3182.918	1.125522e+08	3.444984e+08	3968.327	1995.729	693.9502	157489	8684.562	95.37366	2491.815	-5.338078	3182.918	95.37366	2491.815
30.99	8488.188	1490208	4640.701	164105.9	10409.12	23827.25	198391.5	2932.028	3290.036	16852.26	52838.92	3393.95	94.66192	1982.918	1.157264e+08	3.565201e+08	2968.327	2495.729	993.9502	166044	6183.562	-4.626335	2191.815	94.66192	1982.918	-4.626335	2191.815
31.28	5688.188	1343078	3140.701	132014.9	14211.12	21525.25	167766.5	2332.028	2790.036	12849.26	64565.92	3893.95	-5.338078	1582.918	1.278518e+08	3.785605e+08	2768.327	2795.729	593.9502	158193	7683.562	-4.626335	1791.815	-5.338078	1582.918	-4.626335	1791.815
31.57	6288.188	1085342	1839.701	115231.9	16513.12	17521.25	143212.5	1432.028	4191.036	10048.26	56546.92	3793.95	-5.338078	2082.918	1.275595e+08	3.565201e+08	1968.327	1895.729	693.9502	135058	7883.562	-4.626335	1891.815	-5.338078	2082.918	-4.626335	1891.815
31.85	7188.188	945496.6	4040.701	94242.92	19815.12	14618.25	116874.5	1732.028	2890.036	8748.264	53138.92	3993.95	-5.338078	1282.918	1.246815e+08	3.485056e+08	2068.327	3195.729	693.9502	112346	9784.562	-4.626335	2291.815	-5.338078	1282.918	-4.626335	2291.815
32.14	5588.188	713326.6	2539.701	76782.92	24619.12	14618.25	100100.5	1932.028	2090.036	6747.263	55644.92	3693.95	-5.338078	1582.918	1.278225e+08	3.705457e+08	1168.327	3295.729	693.9502	102705	9784.562	-4.626335	891.8149	-5.338078	1582.918	-4.626335	891.8149
32.42	8388.188	599569.6	2639.701	70463.92	30826.12	15519.25	92269.52	3132.028	2990.036	6347.263	53640.92	2493.95	-5.338078	782.9182	1.245355e+08	4.066135e+08	1168.327	3795.729	393.9502	75306.95	9184.562	-4.626335	1391.815	-5.338078	782.9182	-4.626335	1391.815
32.71	7488.188	496725.6	3140.701	58331.92	29324.12	11316.25	88756.52	1932.028	2990.036	8247.264	49832.92	1193.95	-5.338078	1082.918	1.309225e+08	3.525128e+08	1568.327	2995.729	493.9502	60667.95	10684.56	95.37366	1391.815	-5.338078	1082.918	95.37366	1391.815
32.99	6188.188	382515.6	3640.701	55224.92	25220.12	6613.246	64881.53	3132.028	4391.036	7147.263	44522.92	1593.95	-5.338078	1582.918	1.327954e+08	3.505092e+08	768.3274	2395.729	93.95018	50544.95	10384.56	-4.626335	791.8149	-5.338078	1582.918	-4.626335	791.8149
33.28	5088.188	455338.6	4240.701	67655.92	21917.12	11516.25	66485.52	2132.028	3791.036	15651.26	50533.92	993.9502	-5.338078	1882.918	1.393437e+08	3.705457e+08	2568.327	1795.729	193.9502	40225.95	9784.562	95.37366	1391.815	-5.338078	1882.918	95.37366	1391.815
33.57	4887.188	268213.6	3740.701	82601.92	17313.12	4212.246	51850.53	3332.028	4491.036	16351.26	46125.92	593.9502	-5.338078	1482.918	1.265804e+08	3.745531e+08	2168.327	2095.729	593.9502	38623.95	11084.56	95.37366	2291.815	-5.338078	1482.918	95.37366	2291.815
33.85	3287.189	234771.6	1639.701	103680.9	14211.12	4112.246	65784.52	3232.028	4291.036	21455.26	56245.92	593.9502	-5.338078	1782.918	1.369545e+08	3.90583e+08	3268.327	2595.729	193.9502	31212.95	12585.56	-4.626335	3391.815	-5.338078	1782.918	-4.626335	3391.815
34.14	2987.189	171947.6	2839.701	117140.9	9709.117	2711.246	52852.53	3832.028	3491.036	21956.26	51134.92	393.9502	-5.338078	2382.918	1.343764e+08	3.665384e+08	2568.327	1695.729	193.9502	35919.95	9384.562	95.37366	4391.815	-5.338078	2382.918	95.37366	4391.815
34.42	1887.189	168321.6	3140.701	134528.9	9209.117	711.2456	65382.53	1832.028	3491.036	26060.26	50533.92	593.9502	-5.338078	3582.918	1.31376e+08	3.785605e+08	4968.328	2195.729	93.95018	31012.95	9484.562	-4.626335	5192.815	-5.338078	3582.918	-4.626335	5192.815
34.71	1887.189	143360.6	3040.701	151424.9	6108.118	2711.246	59567.53	2632.028	3891.036	30465.26	58951.92	493.9502	-5.338078	4082.918	1.37145e+08	3.68542e+08	3768.327	1395.729	93.95018	36319.95	12285.56	-4.626335	5892.815	-5.338078	4082.918	-4.626335	5892.815
35	687.1886	128878.6	4140.701	177496.9	5008.118	1311.246	57763.53	3032.028	3991.036	35672.26	58250.92	693.9502	-5.338078	3482.918	1.342007e+08	4.106212e+08	4368.328	2895.729	93.95018	39224.95	10184.56	-4.626335	6092.815	-5.338078	3482.918	-4.626335	6092.815
35.28	1387.189	113399.6	2639.701	189988.9	4607.118	911.2456	57362.53	2632.028	3991.036	40279.26	75997.92	193.9502	-5.338078	4282.918	1.377019e+08	4.206406e+08	5969.328	2695.729	193.9502	34116.95	11084.56	-4.626335	6092.815	-5.338078	4282.918	-4.626335	6092.815
35.57	1487.189	113399.6	3640.701	206822.9	4307.118	-588.7544	57863.53	2832.028	3290.036	40479.26	78706.92	193.9502	-5.338078	3982.918	1.393437e+08	3.745531e+08	3668.327	2995.729	-6.049822	37721.95	10084.56	-4.626335	7092.815	-5.338078	3982.918	-4.626335	7092.815
35.85	2387.189	81367.64	2940.701	223666.9	2307.117	-88.75439	54656.53	2732.028	3891.036	45588.26	81314.92	393.9502	-5.338078	3182.918	1.349768e+08	4.066135e+08	4568.328	4995.729	93.95018	33015.95	11985.56	-4.626335	5792.815	-5.338078	3182.918	-4.626335	5792.815
36.14	1787.189	76049.64	4340.701	219328.9	2207.117	911.2456	49946.53	2532.028	2890.036	42682.26	81013.92	393.9502	-5.338078	4882.918	1.352405e+08	3.90583e+08	3668.327	2995.729	193.9502	24905.95	10184.56	-4.626335	4991.815	-5.338078	4882.918	-4.626335	4991.815
36.43	2687.189	76851.64	3340.701	204805.9	4007.117	11.24561	42732.53	1932.028	3090.036	41280.26	77602.92	193.9502	-5.338078	1982.918	1.38508e+08	3.545164e+08	2468.327	2495.729	293.9502	23304.95	10784.56	-4.626335	3891.815	-5.338078	1982.918	-4.626335	3891.815
36.71	4187.188	57595.64	1939.701	160179.9	9509.117	-789.7544	40628.53	3032.028	2890.036	30164.26	76399.92	193.9502	-5.338078	1382.918	1.361047e+08	3.785605e+08	2568.327	3795.729	-6.049822	17399.95	10484.56	-4.626335	3191.815	-5.338078	1382.918	-4.626335	3191.815
37	6288.188	49676.64	2239.701	132617.9	21216.12	-288.7544	31414.53	2232.028	4591.036	21655.26	70481.92	93.95018	-5.338078	1582.918	1.371977e+08	4.286562e+08	2668.327	2495.729	293.9502	15598.95	12885.56	-4.626335	2191.815	-5.338078	1582.918	-4.626335	2191.815
37.28	10589.19	37251.64	4740.701	98459.92	26421.12	-88.75439	25107.53	2232.028	3691.036	20755.26	60255.92	193.9502	-5.338078	2382.918	1.408103e+08	3.885793e+08	2268.327	2395.729	193.9502	11396.95	8784.562	-4.626335	1991.815	-5.338078	2382.918	-4.626335	1991.815
37.57	17493.19	29439.64	3140.701	90428.92	36734.12	-588.7544	19601.53	1832.028	1890.036	17952.26	62660.92	-6.049822	-5.338078	1082.918	1.298109e+08	3.505092e+08	668.3274	2095.729	93.95018	13196.95	11185.56	-4.626335	1491.815	-5.338078	1082.918	-4.626335	1491.815
37.86	22197.19	28537.64	2139.701	79390.92	44146.12	-188.7544	19701.53	2832.028	3090.036	14350.26	57949.92	193.9502	-5.338078	1182.918	1.352091e+08	4.00602e+08	1668.327	1295.729	-6.049822	10295.95	10084.56	-4.626335	1791.815	-5.338078	1182.918	-4.626335	1791.815
38.14	23598.19	24232.64	1739.701	78788.92	48254.12	-488.7544	20302.53	3332.028	3090.036	14650.26	56245.92	93.95018	-5.338078	1882.918	1.434223e+08	3.745531e+08	1668.327	1995.729	-6.049822	8695.95	10284.56	-4.626335	991.8149	-5.338078	1882.918	-4.626335	991.8149
38.43	22197.19	32043.64	3640.701	84206.92	43044.12	-889.7544	22904.53	3532.028	4291.036	19654.26	52738.92	393.9502	-5.338078	2482.918	1.427031e+08	3.264664e+08	1668.327	2595.729	93.95018	8094.95	11285.56	-4.626335	1891.815	-5.338078	2482.918	-4.626335	1891.815
38.72	16292.19	22029.64	2839.701	96953.92	34431.12	1711.246	29912.53	3032.028	3290.036	26260.26	49531.92	93.95018	-5.338078	1682.918	1.414852e+08	3.805643e+08	1268.327	1795.729	93.95018	12196.95	11585.56	-4.626335	1791.815	-5.338078	1682.918	-4.626335	1791.815
39	11089.19	21228.64	3840.701	90729.92	23618.12	1111.246	33117.53	2632.028	2290.036	28362.26	54441.92	193.9502	-5.338078	2182.918	1.370277e+08	3.585237e+08	1568.327	2295.729	93.95018	13997.95	8984.562	-4.626335	2391.815	-5.338078	2182.918	-4.626335	2391.815
39.29	11790.19	26435.64	2839.701	89123.92	20515.12	-1289.754	36421.53	3332.028	4391.036	35872.26	56947.92	193.9502	-5.338078	4382.918	1.380097e+08	3.725494e+08	1568.327	1795.729	93.95018	16298.95	9284.562	-4.626335	2691.815	-5.338078	4382.918	-4.626335	2691.815
39.57	7288.188	27035.64	4640.701	82902.92	12910.12	11.24561	35620.53	2632.028	3491.036	38275.26	56947.92	93.95018	-5.338078	3682.918	1.403556e+08	3.384877e+08	3168.327	1295.729	-6.049822	24005.95	10784.56	-4.626335	4391.815	-5.338078	3682.918	-4.626335	4391.815
39.86	7488.188	36550.64	4140.701	74174.92	11510.12	511.2456	42231.53	3032.028	4691.036	41881.26	58751.92	193.9502	-5.338078	2582.918	1.376139e+08	3.845718e+08	2668.327	1495.729	293.9502	34817.95	8984.562	-4.626335	3891.815	-5.338078	2582.918	-4.626335	3891.815
40.15	7288.188	30340.64	4540.701	73271.92	12210.12	-1189.754	48242.53	2432.028	3891.036	48393.26	61457.92	293.9502	-5.338078	4182.918	1.332204e+08	3.90583e+08	3668.327	1595.729	293.9502	40526.95	11285.56	-4.626335	5192.815	-5.338078	4182.918	-4.626335	5192.815
40.43	6488.188	35949.64	3940.701	68157.92	8609.117	111.2456	52251.53	3332.028	2690.036	54606.26	64465.92	93.95018	-5.338078	3882.918	1.437747e+08	4.206406e+08	3868.327	1495.729	-6.049822	64276.95	10884.56	-4.626335	6892.815	-5.338078	3882.918	-4.626335	6892.815
40.72	6688.188	38654.64	3140.701	70764.92	6108.118	-188.7544	51148.53	4533.028	4691.036	60118.26	64465.92	193.9502	-5.338078	3682.918	1.371303e+08	3.565201e+08	2868.327	2195.729	193.9502	78015.95	12285.56	-4.626335	8192.815	-5.338078	3682.918	-4.626335	8192.815
41	8789.188	41459.64	4040.701	73973.92	5708.118	-1289.754	58264.53	2832.028	3190.036	52401.26	64666.92	493.9502	-5.338078	4282.918	1.37526e+08	3.68542e+08	2868.327	1495.729	393.9502	85238.95	9684.562	-4.626335	5392.815	-5.338078	4282.918	-4.626335	5392.815
41.29	15192.19	63109.64	4140.701	82300.92	6308.118	-1289.754	52952.53	2532.028	3491.036	57011.26	62660.92	1393.95	-5.338078	3982.918	1.375407e+08	3.985982e+08	2968.327	2595.729	293.9502	97985.95	9484.562	-4.626335	5892.815	-5.338078	3982.918	-4.626335	5892.815
41.57	24399.19	131593.6	2339.701	97254.92	6708.118	2611.246	62074.53	2332.028	2590.036	54706.26	64565.92	1393.95	-5.338078	4882.918	1.308786e+08	3.344805e+08	2968.327	1695.729	293.9502	89051.95	10984.56	95.37366	5092.815	-5.338078	4882.918	95.37366	5092.815
41.86	28203.19	215796.6	2439.701	85812.92	8909.117	1411.246	72302.52	1932.028	3190.036	54706.26	66571.92	1493.95	-5.338078	4582.918	1.320344e+08	3.865756e+08	2968.327	3595.729	293.9502	76811.95	9584.562	-4.626335	4191.815	-5.338078	4582.918	-4.626335	4191.815
42.15	29705.19	285709.6	2439.701	80494.92	7608.118	4512.246	71800.52	2232.028	4391.036	41581.26	58951.92	1093.95	-5.338078	3782.918	1.249298e+08	3.424948e+08	2768.327	2095.729	193.9502	65779.95	9784.562	-4.626335	4591.815	-5.338078	3782.918	-4.626335	4591.815
42.43	30405.19	266494.6	3540.701	68056.92	9309.117	6713.246	69494.52	3332.028	4091.036	30865.26	57749.92	1793.95	-5.338078	3682.918	1.387133e+08	4.246484e+08	3368.327	1795.729	193.9502	68286.95	11685.56	-4.626335	4391.815	-5.338078	3682.918	-4.626335	4391.815
42.72	32909.19	294007.6	7041.701	71165.92	10409.12	3312.246	60470.53	2732.028	5091.036	35972.26	61558.92	1293.95	-5.338078	3882.918	1.369398e+08	3.485056e+08	2968.327	2295.729	-6.049822	61869.95	12685.56	-4.626335	3491.815	-5.338078	3882.918	-4.626335	3491.815
43	26901.19	185950.6	2739.701	75578.92	19315.12	1211.246	60670.53	2532.028	2790.036	28863.26	63663.92	1293.95	-5.338078	3982.918	1.382149e+08	3.785605e+08	3668.327	1895.729	-6.049822	57659.95	10184.56	-4.626335	3691.815	-5.338078	3982.918	-4.626335	3691.815
43.29	25700.19	177084.6	1239.701	67856.92	21817.12	1511.246	45838.53	2332.028	2190.036	26560.26	64966.92	793.9502	-5.338078	3782.918	1.308786e+08	3.424948e+08	3068.327	1695.729	93.95018	55855.95	9084.562	-4.626335	2591.815	-5.338078	3782.918	-4.626335	2591.815
43.58	29104.19	147888.6	3140.701	70263.92	70005.12	1611.246	40628.53	2632.028	3991.036	29063.26	60054.92	693.9502	-5.338078	4082.918	1.338201e+08	3.444984e+08	3168.327	3595.729	93.95018	56757.95	9784.562	95.37366	2991.815	-5.338078	4082.918	95.37366	2991.815
43.86	39919.19	89195.64	4340.701	64146.92	110551.1	1411.246	39126.53	2532.028	3991.036	24658.26	70481.92	1193.95	-5.338078	3282.918	1.322832e+08	3.384877e+08	2268.327	2195.729	393.9502	56156.95	9884.562	-4.626335	3191.815	-5.338078	3282.918	-4.626335	3191.815
44.15	47432.19	86586.64	2039.701	72669.92	175421.1	-889.7544	40428.53	2332.028	3691.036	24358.26	79007.92	1993.95	-5.338078	2882.918	1.382735e+08	4.146289e+08	2568.327	3195.729	93.95018	62772.95	11185.56	-4.626335	3091.815	-5.338078	2882.918	-4.626335	3091.815
44.44	54747.19	67723.64	1839.701	71667.92	196174.1	-488.7544	36722.53	2732.028	3691.036	22856.26	78104.92	1693.95	-5.338078	2182.918	1.35592e+08	3.805643e+08	3368.327	3095.729	-6.049822	51346.95	7683.562	-4.626335	3791.815	-5.338078	2182.918	-4.626335	3791.815
44.72	57954.19	72638.64	3140.701	73472.92	216945.1	211.2456	32516.53	3032.028	3290.036	24959.26	76198.92	793.9502	-5.338078	1682.918	1.324295e+08	3.424948e+08	2368.327	2595.729	93.95018	52949.95	8984.562	-4.626335	3491.815	-5.338078	1682.918	-4.626335	3491.815
45.01	60560.19	44865.64	1539.701	75879.92	206356.1	-588.7544	36121.53	2232.028	4891.036	22056.26	87535.92	1993.95	-5.338078	1882.918	1.193002e+08	4.066135e+08	3168.327	3395.729	-6.049822	61769.95	12585.56	-4.626335	3391.815	-5.338078	1882.918	-4.626335	3391.815
45.3	76905.19	44865.64	2739.701	77986.92	215634.1	1311.246	34118.53	2132.028	3090.036	21856.26	78605.92	2393.95	-5.338078	1682.918	1.401796e+08	4.146289e+08	3068.327	2895.729	93.95018	61268.95	10684.56	-4.626335	2891.815	-5.338078	1682.918	-4.626335	2891.815
45.58	75300.19	47371.64	3240.701	69159.92	216138.1	-488.7544	31414.53	1932.028	3491.036	20554.26	82117.92	2593.95	-5.338078	1182.918	1.445528e+08	3.585237e+08	2068.327	2395.729	93.95018	63674.95	11885.56	-4.626335	3891.815	-5.338078	1182.918	-4.626335	3891.815
45.87	79714.19	59801.64	2539.701	74274.92	215129.1	-889.7544	31314.53	2032.028	3290.036	16652.26	77703.92	2693.95	-5.338078	1782.918	1.382588e+08	3.725494e+08	2168.327	2495.729	193.9502	67785.95	11585.56	-4.626335	2391.815	-5.338078	1782.918	-4.626335	2391.815
46.15	86838.19	59600.64	2339.701	64346.92	224713.1	-1089.754	28410.53	3032.028	3591.036	17452.26	80211.92	3193.95	-5.338078	1282.918	1.401503e+08	3.82568e+08	2468.327	2895.729	393.9502	58962.95	10684.56	-4.626335	3991.815	-5.338078	1282.918	-4.626335	3991.815
46.44	92960.19	35348.64	2739.701	55525.92	294836.1	211.2456	28210.53	3032.028	3691.036	12749.26	73590.92	2893.95	-5.338078	1182.918	1.350354e+08	3.605274e+08	1668.327	3695.729	93.95018	54152.95	11285.56	-4.626335	3791.815	-5.338078	1182.918	-4.626335	3791.815
46.72	101794.2	34246.64	2439.701	56728.92	411670.1	-488.7544	24406.53	2932.028	3991.036	14350.26	80010.92	3093.95	-5.338078	1082.918	1.321807e+08	3.865756e+08	1268.327	2695.729	193.9502	50243.95	9984.562	-4.626335	4291.815	-5.338078	1082.918	-4.626335	4291.815
47.01	117261.2	30741.64	2439.701	56828.92	571569.1	-1589.754	23805.53	2532.028	3190.036	15851.26	89542.92	3593.95	-5.338078	1382.918	1.345375e+08	3.244629e+08	1668.327	4995.729	193.9502	50143.95	12885.56	95.37366	6992.815	-5.338078	1382.918	95.37366	6992.815
47.3	135654.2	24832.64	2639.701	62141.92	720031.1	-488.7544	23805.53	2032.028	2290.036	22456.26	94761.92	4493.95	-5.338078	1782.918	1.332199e+08	3.444984e+08	2068.327	4395.729	93.95018	48139.95	10684.56	-4.626335	6892.815	-5.338078	1782.918	-4.626335	6892.815
47.58	128014.2	25734.64	1139.701	74575.92	695141.1	-88.75439	25507.53	2432.028	3891.036	30064.26	90345.92	3493.95	-5.338078	2982.918	1.382442e+08	3.404912e+08	2768.327	4495.729	293.9502	55655.95	12185.56	-4.626335	8793.815	-5.338078	2982.918	-4.626335	8793.815
47.87	122888.2	19026.64	2539.701	80092.92	645537.1	711.2456	28310.53	1932.028	4091.036	40178.26	93657.92	3593.95	-5.338078	2082.918	1.428499e+08	3.785605e+08	2968.327	3795.729	593.9502	52548.95	10484.56	-4.626335	7592.815	-5.338078	2082.918	-4.626335	7592.815
48.15	114951.2	20928.64	2539.701	97756.92	540898.1	-1089.754	31815.53	2632.028	3491.036	44886.26	95866.92	2993.95	-5.338078	1982.918	1.402676e+08	4.326641e+08	2568.327	4095.729	293.9502	53049.95	11185.56	-4.626335	6492.815	-5.338078	1982.918	-4.626335	6492.815
48.44	112238.2	15823.64	2439.701	85310.92	476609.1	-188.7544	29111.53	1932.028	3991.036	34270.26	91850.92	3993.95	-5.338078	2382.918	1.339372e+08	3.805643e+08	1768.327	3795.729	293.9502	60366.95	9784.562	95.37366	7392.815	-5.338078	2382.918	95.37366	7392.815
48.73	114147.2	22129.64	1539.701	82400.92	467642.1	-188.7544	27409.53	2932.028	2890.036	29664.26	98375.92	4793.95	-5.338078	2282.918	1.299278e+08	3.32477e+08	4868.328	3495.729	193.9502	124403	11485.56	95.37366	9193.815	-5.338078	2282.918	95.37366	9193.815
49.01	121180.2	45066.64	3140.701	70363.92	395208.1	1611.246	24706.53	2532.028	4291.036	24458.26	99881.92	8194.95	-5.338078	2182.918	1.354602e+08	3.605274e+08	4568.328	3895.729	693.9502	208359	11185.56	195.3737	6692.815	-5.338078	2182.918	195.3737	6692.815
49.3	123793.2	60803.64	3640.701	60637.92	315284.1	911.2456	29111.53	3132.028	3290.036	24558.26	97070.92	8995.95	-5.338078	3282.918	1.407516e+08	3.585237e+08	5169.328	3095.729	393.9502	262060	11285.56	-4.626335	9793.815	-5.338078	3282.918	-4.626335	9793.815
49.59	122486.2	82471.64	3140.701	56126.92	261569.1	611.2456	35720.53	2632.028	3691.036	23657.26	100283.9	9695.95	-5.338078	3482.918	1.371977e+08	3.62531e+08	5369.328	3795.729	293.9502	421314.9	13486.56	-4.626335	11994.82	-5.338078	3482.918	-4.626335	11994.82
49.87	112942.2	143561.6	4740.701	64747.92	214625.1	3412.246	46940.53	3332.028	3991.036	26660.26	94259.92	9395.95	-5.338078	3782.918	1.570846e+08	4.106212e+08	6569.328	1995.729	393.9502	474453.9	12685.56	-4.626335	10093.82	-5.338078	3782.918	-4.626335	10093.82
50.16	110732.2	172249.6	4440.701	57329.92	178039.1	5713.246	44335.53	1332.028	4691.036	24058.26	81615.92	8695.95	-5.338078	4782.918	1.390652e+08	3.485056e+08	7669.328	2495.729	293.9502	497392.9	7783.562	95.37366	8292.815	-5.338078	4782.918	95.37366	8292.815
50.44	94566.19	172450.6	2339.701	57028.92	157804.1	6513.246	43533.53	2132.028	2990.036	26961.26	85127.92	7494.95	-5.338078	3082.918	1.550959e+08	4.266523e+08	7869.328	2795.729	393.9502	607383.9	9784.562	-4.626335	9193.815	-5.338078	3082.918	-4.626335	9193.815
50.73	87741.19	164092.6	2039.701	53320.92	129844.1	5012.246	49144.53	3432.028	4291.036	26160.26	77201.92	7394.95	-5.338078	2582.918	1.41175e+08	3.945906e+08	8069.328	2295.729	493.9502	909854.9	11685.56	195.3737	12294.82	-5.338078	2582.918	195.3737	12294.82
51.02	88343.19	160065.6	1739.701	50314.92	122004.1	6013.246	47340.53	3032.028	3491.036	26760.26	80010.92	11996.95	-5.338078	2782.918	1.427031e+08	3.785605e+08	6769.328	2695.729	893.9502	1091931	10384.56	95.37366	8392.815	-5.338078	2782.918	95.37366	8392.815
51.3	85232.19	125058.6	3240.701	50314.92	96393.12	3912.246	39927.53	2532.028	1790.036	21255.26	77101.92	13397.95	-5.338078	3482.918	1.273987e+08	3.845718e+08	6769.328	2795.729	493.9502	1128607	10784.56	-4.626335	11694.82	-5.338078	3482.918	-4.626335	11694.82
51.59	91655.19	98934.64	2339.701	55625.92	101212.1	4012.246	34919.53	2732.028	3190.036	19253.26	86732.92	19801.95	-5.338078	2682.918	1.348011e+08	3.985982e+08	4868.328	2595.729	1193.95	1300356	11685.56	-4.626335	9993.815	-5.338078	2682.918	-4.626335	9993.815
51.87	92960.19	77453.64	3840.701	78788.92	136278.1	3212.246	32616.53	2132.028	3891.036	20254.26	102793.9	19401.95	-5.338078	2682.918	1.396077e+08	3.90583e+08	3868.327	3795.729	593.9502	1165336	10484.56	-4.626335	11894.82	-5.338078	2682.918	-4.626335	11894.82
52.16	98581.19	67723.64	3340.701	93238.92	193655.1	4012.246	29311.53	1732.028	3090.036	22056.26	91248.92	18700.95	-5.338078	2582.918	1.34435e+08	3.525128e+08	4468.328	3195.729	593.9502	851036.9	9484.562	-4.626335	9993.815	-5.338078	2582.918	-4.626335	9993.815
52.45	95871.19	52582.64	1639.701	112920.9	284417.1	2811.246	24406.53	1432.028	3290.036	19554.26	102391.9	15098.95	-5.338078	2982.918	1.371596e+08	3.805643e+08	2768.327	3595.729	593.9502	808147.9	11285.56	-4.626335	8993.815	-5.338078	2982.918	-4.626335	8993.815
52.73	98280.19	40557.64	2739.701	117943.9	385965.1	811.2456	17500.53	3032.028	3591.036	18553.26	101688.9	21202.95	-5.338078	1782.918	1.337176e+08	3.885793e+08	2068.327	3595.729	593.9502	681559.9	10884.56	-4.626335	10593.82	-5.338078	1782.918	-4.626335	10593.82
53.02	99083.19	32543.64	3040.701	110610.9	404352.1	3212.246	19201.53	2132.028	3491.036	15551.26	100082.9	29310.95	-5.338078	1382.918	1.366321e+08	3.545164e+08	3068.327	3895.729	1093.95	899800.9	12385.56	95.37366	12594.82	-5.338078	1382.918	95.37366	12594.82
53.3	118969.2	30741.64	3540.701	99161.92	381294.1	3512.246	17700.53	2132.028	3090.036	13750.26	92653.92	46436.95	-5.338078	2082.918	1.376726e+08	3.90583e+08	3468.327	4495.729	2193.95	1073352	11485.56	95.37366	13795.82	-5.338078	2082.918	95.37366	13795.82
53.59	119371.2	41659.64	3140.701	82500.92	321664.1	3612.246	19701.53	2832.028	3791.036	12849.26	105103.9	54152.95	-5.338078	982.9182	1.383321e+08	3.925868e+08	3368.327	3695.729	1693.95	1384287	11485.56	-4.626335	11194.82	-5.338078	982.9182	-4.626335	11194.82
53.88	108221.2	31442.64	639.7012	56527.92	255204.1	3812.246	21103.53	4032.028	4391.036	11249.26	98777.92	52648.95	-5.338078	1782.918	1.357971e+08	3.725494e+08	2568.327	4095.729	2293.95	1619611	11985.56	-4.626335	12494.82	-5.338078	1782.918	-4.626335	12494.82
54.16	95369.19	32343.64	1839.701	55324.92	209583.1	4512.246	19401.53	1932.028	3390.036	10648.26	90546.92	47338.95	-5.338078	1082.918	1.461391e+08	4.266523e+08	3968.327	3495.729	2193.95	2073021	10984.56	-4.626335	13895.82	-5.338078	1082.918	-4.626335	13895.82
54.45	93963.19	42160.64	4640.701	50715.92	157905.1	6013.246	26708.53	2532.028	3390.036	13450.26	86933.92	44933.95	-5.338078	1282.918	1.318881e+08	3.82568e+08	4068.327	2595.729	2093.95	2096351	10684.56	195.3737	10593.82	-5.338078	1282.918	195.3737	10593.82
54.73	85734.19	54688.64	1739.701	49111.92	134468.1	5613.246	27309.53	2632.028	3991.036	16251.26	88739.92	40426.95	-5.338078	1882.918	1.331028e+08	3.46502e+08	5569.328	2495.729	1293.95	2127310	12185.56	-4.626335	13595.82	-5.338078	1882.918	-4.626335	13595.82
55.02	75701.19	101545.6	3340.701	50314.92	121301.1	7914.246	39426.53	2232.028	4491.036	24658.26	82919.92	31513.95	-5.338078	3382.918	1.364417e+08	4.00602e+08	7169.328	2395.729	1193.95	2078445	12685.56	95.37366	10893.82	-5.338078	3382.918	95.37366	10893.82
55.31	71690.19	126666.6	1939.701	54222.92	109647.1	8514.246	40828.53	2632.028	3190.036	21856.26	79910.92	26607.95	-5.338078	2082.918	1.332204e+08	2.904044e+08	7569.328	2695.729	593.9502	2073889	11985.56	-4.626335	13595.82	-5.338078	2082.918	-4.626335	13595.82
55.59	64671.19	147787.6	1539.701	53721.92	96794.12	9915.246	47641.53	3132.028	3691.036	23157.26	83220.92	22603.95	-5.338078	1682.918	1.429966e+08	4.026059e+08	8770.327	1895.729	1393.95	2045486	12185.56	-4.626335	13094.82	-5.338078	1682.918	-4.626335	13094.82
55.88	64370.19	185245.6	2639.701	51917.92	82443.12	11516.25	46238.53	2232.028	3791.036	23958.26	83020.92	19100.95	-5.338078	2782.918	1.403703e+08	3.404912e+08	7169.328	2995.729	2493.95	1881099	11785.56	-4.626335	11194.82	-5.338078	2782.918	-4.626335	11194.82
56.16	66074.19	141147.6	2539.701	50113.92	76625.12	12717.25	45537.53	2232.028	4191.036	24959.26	75596.92	15698.95	-5.338078	2682.918	1.208283e+08	3.264664e+08	6369.328	3295.729	2793.95	1728663	13986.56	95.37366	11594.82	-5.338078	2682.918	95.37366	11594.82
56.45	63668.19	118926.6	3140.701	47107.92	84149.12	6113.246	41830.53	2032.028	3691.036	23357.26	72688.92	13196.95	-5.338078	3182.918	1.291236e+08	3.665384e+08	5869.328	2095.729	693.9502	1494360	10884.56	495.3737	12394.82	-5.338078	3182.918	495.3737	12394.82
56.73	63869.19	97428.64	3040.701	55725.92	77427.12	7814.246	59066.53	2632.028	3190.036	26360.26	77000.92	12896.95	-5.338078	3082.918	1.365149e+08	3.585237e+08	6169.328	2695.729	1093.95	1220686	12685.56	-4.626335	10793.82	-5.338078	3082.918	-4.626335	10793.82
57.02	52542.19	75647.64	1339.701	49813.92	79233.12	8314.246	53453.53	2732.028	4091.036	22256.26	65969.92	10795.95	-5.338078	3882.918	1.337176e+08	3.745531e+08	5569.328	1795.729	693.9502	1002707	10784.56	-4.626335	11394.82	-5.338078	3882.918	-4.626335	11394.82
57.31	54246.19	79661.64	2339.701	46506.92	68100.12	5913.246	51750.53	1732.028	2590.036	21555.26	58651.92	10095.95	-5.338078	2282.918	1.217621e+08	3.545164e+08	5369.328	2795.729	493.9502	793695.9	9784.562	95.37366	9493.815	-5.338078	2282.918	95.37366	9493.815
57.59	59458.19	160468.6	1439.701	41697.92	57874.12	3612.246	44335.53	2932.028	4691.036	17752.26	63462.92	9795.95	94.66192	2882.918	1.154059e+08	3.224594e+08	5069.328	1295.729	993.9502	702630.9	8383.562	95.37366	7692.815	94.66192	2882.918	95.37366	7692.815
57.88	62365.19	298663.6	1739.701	36790.92	55268.12	3612.246	41029.53	1832.028	2090.036	16051.26	65568.92	8995.95	-5.338078	1982.918	1.208283e+08	3.064316e+08	3368.327	2195.729	593.9502	584957.9	8984.562	-4.626335	7892.815	-5.338078	1982.918	-4.626335	7892.815
58.16	84931.19	344965.6	2639.701	34787.92	73816.12	3512.246	41430.53	2332.028	3190.036	14450.26	75396.92	17199.95	-5.338078	2982.918	1.282903e+08	3.945906e+08	4168.328	2595.729	693.9502	512085.9	10284.56	595.3737	9393.815	-5.338078	2982.918	595.3737	9393.815
58.45	103903.2	274785.6	2239.701	31682.92	117282.1	4712.246	36421.53	3232.028	4291.036	15451.26	90947.92	16398.95	94.66192	1782.918	1.280125e+08	3.364841e+08	3568.327	2295.729	693.9502	496168.9	9784.562	995.3737	7992.815	94.66192	1782.918	995.3737	7992.815
58.74	109426.2	218520.6	2339.701	30381.92	148950.1	1111.246	34318.53	2832.028	3290.036	14550.26	85026.92	13597.95	-5.338078	1982.918	1.180578e+08	3.444984e+08	2668.327	2895.729	893.9502	470275.9	7483.562	395.3737	6792.815	-5.338078	1982.918	395.3737	6792.815
59.02	98179.19	201171.6	1139.701	27577.92	143921.1	2811.246	28410.53	2632.028	2890.036	12849.26	69980.92	11396.95	-5.338078	1582.918	1.020888e+08	3.044282e+08	3368.327	1295.729	1493.95	428535.9	5783.562	295.3737	6792.815	-5.338078	1582.918	295.3737	6792.815
59.31	83125.19	165804.6	3240.701	24574.92	136177.1	3512.246	28911.53	1532.028	3190.036	10548.26	67573.92	10795.95	-5.338078	1282.918	9.287149e+07	2.363163e+08	3568.327	2295.729	893.9502	332084.9	5283.562	495.3737	6392.815	-5.338078	1282.918	495.3737	6392.815
59.59	72191.19	144266.6	3040.701	24074.92	127733.1	13517.25	20202.53	1232.028	2490.036	10948.26	52537.92	7994.95	-5.338078	1182.918	7.639482e+07	2.242975e+08	1868.327	1795.729	593.9502	273481.9	5283.562	195.3737	4991.815	-5.338078	1182.918	195.3737	4991.815
59.88	58255.19	130788.6	3940.701	21371.92	104525.1	3812.246	29612.53	1432.028	1090.036	9148.264	38912.92	4993.95	-5.338078	2482.918	5.913364e+07	1.62205e+08	3268.327	1195.729	1093.95	217436	3282.562	195.3737	27506.81	-5.338078	2482.918	195.3737	27506.81
60.17	39118.19	93713.64	839.7012	14166.92	69403.12	2311.246	13597.53	532.0284	1190.036	6347.263	28598.92	4693.95	-5.338078	182.9182	4.762493e+07	1.221494e+08	1368.327	695.7296	493.9502	183666	3082.562	-4.626335	2691.815	-5.338078	182.9182	-4.626335	2691.815
60.45	35913.19	94617.64	2239.701	12365.92	66496.12	3812.246	7994.527	432.0284	1590.036	5947.263	29700.92	3993.95	-5.338078	382.9182	4.207003e+07	1.155216e+08	1568.327	895.7296	593.9502	157489	4182.562	-4.626335	2591.815	-5.338078	382.9182	-4.626335	2591.815
60.74	39418.19	62809.64	639.7012	16567.92	126326.1	4212.246	9395.526	432.0284	590.0356	7347.263	31702.92	2993.95	-5.338078	882.9182	5.662546e+07	1.541936e+08	1368.327	995.7296	193.9502	131037	6083.562	-4.626335	2091.815	-5.338078	882.9182	-4.626335	2091.815
61.03	64971.19	50077.64	-160.2988	24274.92	319942.1	711.2456	12696.53	1632.028	1390.036	12049.26	47928.92	4493.95	-5.338078	582.9182	8.15852e+07	2.263006e+08	1568.327	3195.729	493.9502	127719	8283.562	95.37366	3191.815	-5.338078	582.9182	95.37366	3191.815
61.31	102196.2	44665.64	239.7012	30581.92	547642.1	7914.246	11896.53	632.0284	1690.036	11949.26	60154.92	4893.95	-5.338078	582.9182	9.623102e+07	2.563482e+08	2168.327	2295.729	493.9502	122996	9584.562	-4.626335	3791.815	-5.338078	582.9182	-4.626335	3791.815
61.6	102095.2	64012.64	1539.701	35488.92	531091.1	711.2456	15898.53	2132.028	3290.036	10048.26	68676.92	6494.95	-5.338078	582.9182	1.073312e+08	3.004214e+08	1868.327	1495.729	193.9502	117369	8383.562	95.37366	2591.815	-5.338078	582.9182	95.37366	2591.815
61.88	92458.19	38854.64	2339.701	35688.92	470087.1	1511.246	18901.53	2032.028	1890.036	11449.26	67874.92	4793.95	-5.338078	1082.918	1.202449e+08	3.264664e+08	1768.327	1895.729	293.9502	118474	10784.56	295.3737	3591.815	-5.338078	1082.918	295.3737	3591.815
62.17	96975.19	51279.64	639.7012	46506.92	392770.1	1111.246	22704.53	832.0284	2290.036	12149.26	72587.92	3293.95	-5.338078	1882.918	1.151146e+08	3.064316e+08	2668.327	3395.729	193.9502	116666	7383.562	-4.626335	2491.815	-5.338078	1882.918	-4.626335	2491.815
62.46	86737.19	37952.64	2339.701	46306.92	340005.1	-288.7544	22003.53	2032.028	2990.036	16351.26	67774.92	3293.95	-5.338078	1682.918	1.270188e+08	3.444984e+08	2368.327	1495.729	593.9502	117067	9084.562	-4.626335	4291.815	-5.338078	1682.918	-4.626335	4291.815
62.74	79814.19	29839.64	3340.701	60136.92	319132.1	1311.246	27309.53	2532.028	3691.036	18453.26	67473.92	3093.95	-5.338078	1782.918	1.272087e+08	3.32477e+08	2568.327	2195.729	93.95018	96479.95	9184.562	-4.626335	3891.815	-5.338078	1782.918	-4.626335	3891.815
63.03	69082.19	55489.64	2339.701	53621.92	240863.1	1611.246	26708.53	3232.028	4491.036	18853.26	65067.92	2093.95	-5.338078	1782.918	1.300448e+08	3.084351e+08	2668.327	3195.729	193.9502	91460.95	10884.56	195.3737	2491.815	-5.338078	1782.918	195.3737	2491.815
63.31	56551.19	57695.64	2639.701	51015.92	193554.1	-1189.754	29912.53	1932.028	3290.036	18753.26	61057.92	1593.95	-5.338078	1682.918	1.285534e+08	3.90583e+08	3068.327	2395.729	193.9502	84937.95	11585.56	-4.626335	3691.815	-5.338078	1682.918	-4.626335	3691.815
63.6	55048.19	28838.64	2739.701	49312.92	150761.1	1311.246	31514.53	2232.028	3991.036	25659.26	62961.92	1393.95	-5.338078	2582.918	1.328539e+08	3.545164e+08	3368.327	2695.729	193.9502	122594	11685.56	95.37366	3291.815	-5.338078	2582.918	95.37366	3291.815
63.89	47933.19	66820.64	1739.701	60837.92	122406.1	811.2456	35921.53	1732.028	3190.036	27261.26	65969.92	2193.95	-5.338078	2982.918	1.315076e+08	3.064316e+08	3068.327	1595.729	-6.049822	131338	9684.562	-4.626335	3991.815	-5.338078	2982.918	-4.626335	3991.815
64.17	44026.19	30240.64	3140.701	59434.92	97096.12	-288.7544	37723.53	1932.028	4391.036	34370.26	62059.92	3493.95	-5.338078	2282.918	1.360314e+08	4.00602e+08	2168.327	3295.729	93.95018	131640	9584.562	-4.626335	3491.815	-5.338078	2282.918	-4.626335	3491.815
64.46	37014.19	59801.64	1739.701	63845.92	82242.12	-689.7544	36221.53	3332.028	3691.036	35171.26	63262.92	2893.95	-5.338078	2782.918	1.245501e+08	3.444984e+08	2268.327	2895.729	93.95018	128323	9584.562	-4.626335	4291.815	-5.338078	2782.918	-4.626335	4291.815
64.74	30405.19	34046.64	2239.701	58131.92	63688.12	-588.7544	36822.53	2932.028	3290.036	32667.26	56145.92	5194.95	-5.338078	3582.918	1.239076e+08	3.384877e+08	2968.327	1695.729	293.9502	127820	8684.562	195.3737	3691.815	-5.338078	3582.918	195.3737	3691.815
65.03	24299.19	33545.64	3640.701	53721.92	52562.12	2211.246	33317.53	3232.028	3491.036	35471.26	60555.92	6194.95	-5.338078	2882.918	1.276033e+08	3.224594e+08	2668.327	2495.729	293.9502	125408	9184.562	95.37366	4091.815	-5.338078	2882.918	95.37366	4091.815
65.32	26101.19	28337.64	939.7012	54222.92	65794.12	611.2456	37223.53	1132.028	4291.036	37274.26	63262.92	5394.95	-5.338078	3482.918	1.28188e+08	2.82391e+08	2768.327	2795.729	393.9502	165339	8884.562	-4.626335	4691.815	-5.338078	3482.918	-4.626335	4691.815
65.6	22297.19	31742.64	2940.701	59234.92	44747.12	1611.246	38224.53	1732.028	2890.036	38275.26	58651.92	4393.95	-5.338078	2782.918	1.297377e+08	3.545164e+08	2968.327	1995.729	-6.049822	265799.9	9284.562	95.37366	4191.815	-5.338078	2782.918	95.37366	4191.815
65.89	22597.19	29739.64	2339.701	51717.92	35232.12	211.2456	41329.53	3532.028	2990.036	38676.26	58250.92	2793.95	-5.338078	2082.918	1.258207e+08	3.765569e+08	3168.327	2195.729	193.9502	333705.9	10084.56	-4.626335	6292.815	-5.338078	2082.918	-4.626335	6292.815
66.17	26001.19	32443.64	2039.701	62241.92	30025.12	-388.7544	42231.53	2632.028	3290.036	44285.26	64666.92	3593.95	-5.338078	3182.918	1.372622e+08	3.765569e+08	3368.327	2595.729	193.9502	335124.9	8684.562	-4.626335	5292.815	-5.338078	3182.918	-4.626335	5292.815
66.46	28904.19	27836.64	2839.701	82601.92	23718.12	2911.246	47942.53	2932.028	2590.036	45788.26	67072.92	3193.95	-5.338078	2982.918	1.317125e+08	3.2847e+08	3568.327	1995.729	93.95018	350533.9	9484.562	-4.626335	7292.815	-5.338078	2982.918	-4.626335	7292.815
66.74	30606.19	32744.64	3440.701	84808.92	20315.12	10215.25	44635.53	2132.028	3190.036	46790.26	58951.92	2493.95	-5.338078	5183.918	1.326783e+08	3.585237e+08	2168.327	3295.729	-6.049822	389504.9	11084.56	-4.626335	5992.815	-5.338078	5183.918	-4.626335	5992.815
67.03	34711.19	26635.64	2439.701	84607.92	19815.12	10015.25	46238.53	1732.028	3190.036	46990.26	60555.92	2893.95	-5.338078	3382.918	1.267996e+08	3.525128e+08	2768.327	3495.729	193.9502	367779.9	10784.56	-4.626335	6492.815	-5.338078	3382.918	-4.626335	6492.815
67.32	39618.19	29939.64	1339.701	85310.92	21416.12	8614.246	40828.53	2332.028	3591.036	44686.26	65768.92	2193.95	-5.338078	3882.918	1.345815e+08	3.865756e+08	2868.327	2495.729	193.9502	322561.9	11285.56	-4.626335	5592.815	-5.338078	3882.918	-4.626335	5592.815
67.6	42223.19	28037.64	2539.701	77785.92	27122.12	7013.246	35921.53	2332.028	3791.036	39177.26	63162.92	2693.95	-5.338078	2882.918	1.295769e+08	3.68542e+08	1768.327	2095.729	193.9502	257311	8884.562	95.37366	4491.815	-5.338078	2882.918	95.37366	4491.815
67.89	40320.19	31041.64	1839.701	82300.92	48254.12	4512.246	38925.53	2232.028	2790.036	34971.26	70682.92	3393.95	-5.338078	2182.918	1.316247e+08	3.224594e+08	2268.327	1595.729	93.95018	189913	10884.56	-4.626335	3891.815	-5.338078	2182.918	-4.626335	3891.815
68.17	43926.19	24232.64	2940.701	72569.92	76625.12	3612.246	34318.53	1432.028	3691.036	32367.26	66470.92	2293.95	-5.338078	2982.918	1.278518e+08	3.364841e+08	2568.327	2395.729	93.95018	143404	12585.56	-4.626335	2691.815	-5.338078	2982.918	-4.626335	2691.815
68.46	46130.19	24933.64	1539.701	77083.92	112158.1	3312.246	35220.53	2732.028	3491.036	33268.26	75095.92	1893.95	-5.338078	3082.918	1.348011e+08	3.90583e+08	1968.327	2295.729	293.9502	127719	11885.56	-4.626335	4991.815	-5.338078	3082.918	-4.626335	4991.815
68.75	53845.19	22129.64	3240.701	75177.92	150761.1	2011.246	33818.53	1832.028	2990.036	31866.26	72988.92	1693.95	-5.338078	2482.918	1.30001e+08	3.384877e+08	3568.327	2395.729	-6.049822	111241	9484.562	-4.626335	3691.815	-5.338078	2482.918	-4.626335	3691.815
69.03	60460.19	24332.64	2940.701	76882.92	169279.1	1011.246	32115.53	2732.028	3491.036	24959.26	76599.92	1193.95	94.66192	2482.918	1.393291e+08	3.68542e+08	3268.327	3295.729	93.95018	95676.95	10784.56	-4.626335	2991.815	94.66192	2482.918	-4.626335	2991.815
69.32	62264.19	23931.64	2940.701	68257.92	184184.1	2511.246	32516.53	2132.028	3390.036	23057.26	72587.92	1693.95	-5.338078	2282.918	1.372036e+08	3.82568e+08	2168.327	2495.729	193.9502	94371.95	10084.56	-4.626335	3491.815	-5.338078	2282.918	-4.626335	3491.815
69.6	72492.19	19727.64	2039.701	71667.92	225722.1	-1089.754	29111.53	2832.028	3090.036	22856.26	79408.92	3193.95	-5.338078	1482.918	1.370864e+08	3.985982e+08	2168.327	2295.729	193.9502	84435.95	10984.56	-4.626335	2791.815	-5.338078	1482.918	-4.626335	2791.815
69.89	80216.19	20628.64	2839.701	63444.92	279158.1	111.2456	25507.53	2832.028	3491.036	17052.26	79007.92	3793.95	-5.338078	782.9182	1.350061e+08	3.264664e+08	1668.327	3195.729	193.9502	71395.95	10784.56	-4.626335	2691.815	-5.338078	782.9182	-4.626335	2691.815
70.18	89246.19	14522.64	1839.701	52117.92	354707.1	911.2456	19101.53	1832.028	3290.036	16051.26	72387.92	3493.95	-5.338078	1182.918	1.239368e+08	3.364841e+08	1268.327	3095.729	193.9502	62671.95	12585.56	-4.626335	2591.815	-5.338078	1182.918	-4.626335	2591.815
70.46	114750.2	16123.64	1839.701	50915.92	599820.1	111.2456	18400.53	2332.028	3290.036	17052.26	86833.92	3593.95	-5.338078	2682.918	1.260398e+08	3.364841e+08	2168.327	3895.729	93.95018	57659.95	11185.56	-4.626335	3991.815	-5.338078	2682.918	-4.626335	3991.815
70.75	122486.2	24332.64	2739.701	52819.92	721781.1	-188.7544	16098.53	3532.028	3290.036	18453.26	92152.92	5694.95	-5.338078	882.9182	1.306006e+08	3.024248e+08	2168.327	4095.729	493.9502	61970.95	12285.56	-4.626335	4591.815	-5.338078	882.9182	-4.626335	4591.815
71.03	136861.2	40056.64	2339.701	52619.92	784736.1	511.2456	19301.53	2432.028	3591.036	20855.26	91650.92	5094.95	-5.338078	882.9182	1.253095e+08	3.264664e+08	1568.327	4395.729	-6.049822	64777.95	9384.562	-4.626335	6092.815	-5.338078	882.9182	-4.626335	6092.815
71.32	109125.2	35648.64	1939.701	46606.92	733824.1	-588.7544	14197.53	1832.028	1290.036	13450.26	68075.92	5894.95	-5.338078	582.9182	9.291491e+07	2.363163e+08	1368.327	2395.729	93.95018	48841.95	6383.562	-4.626335	3591.815	-5.338078	582.9182	-4.626335	3591.815
71.61	79915.19	29639.64	2239.701	32984.92	502815.1	711.2456	11396.53	1632.028	690.0356	10348.26	50834.92	1793.95	-5.338078	682.9182	6.465788e+07	1.662107e+08	868.3274	1995.729	193.9502	35518.95	5083.562	-4.626335	1891.815	-5.338078	682.9182	-4.626335	1891.815
71.89	60761.19	19126.64	2839.701	26776.92	349129.1	111.2456	9695.526	732.0284	1490.036	7447.263	39714.92	2293.95	-5.338078	1182.918	5.338894e+07	1.341657e+08	368.3274	1495.729	-6.049822	26507.95	5483.562	-4.626335	2091.815	-5.338078	1182.918	-4.626335	2091.815
72.18	39719.19	13821.64	539.7012	18168.92	281180.1	-789.7544	7394.527	1032.028	1790.036	8547.264	28298.92	1893.95	-5.338078	382.9182	3.906059e+07	1.138698e+08	468.3274	1595.729	-6.049822	29410.95	2682.562	-4.626335	1791.815	-5.338078	382.9182	-4.626335	1791.815
72.46	34711.19	13121.64	339.7012	18068.92	221686.1	-288.7544	5893.527	1032.028	790.0356	5547.263	21491.92	2193.95	-5.338078	-17.08185	3.168332e+07	9.306082e+07	768.3274	495.7295	93.95018	14197.95	1882.562	-4.626335	1691.815	-5.338078	-17.08185	-4.626335	1691.815
72.75	26301.19	7117.641	1239.701	11964.92	149252.1	-889.7544	4793.527	332.0284	490.0356	3746.263	18989.92	1293.95	-5.338078	682.9182	2.537215e+07	7.111533e+07	868.3274	495.7295	-6.049822	16098.95	3182.562	-4.626335	891.8149	-5.338078	682.9182	-4.626335	891.8149
73.03	21797.19	6116.641	339.7012	11264.92	136680.1	-588.7544	3693.527	332.0284	1090.036	3346.263	14786.92	793.9502	-5.338078	282.9182	2.229173e+07	6.005611e+07	268.3274	695.7296	-6.049822	8795.95	1882.562	-4.626335	391.8149	-5.338078	282.9182	-4.626335	391.8149
73.32	16893.19	4115.641	839.7012	10264.92	98099.12	-1389.754	1792.527	132.0284	-309.9644	2746.263	12385.92	793.9502	-5.338078	382.9182	1.755568e+07	4.930375e+07	168.3274	795.7296	-6.049822	9495.95	1582.562	-4.626335	491.8149	-5.338078	382.9182	-4.626335	491.8149
73.61	15292.19	4816.641	239.7012	6062.922	84450.12	-989.7544	2292.527	632.0284	-309.9644	1946.263	8684.918	593.9502	94.66192	82.91815	1.46378e+07	3.927069e+07	168.3274	395.7295	-6.049822	8094.95	882.5623	-4.626335	691.8149	94.66192	82.91815	-4.626335	691.8149
73.89	13291.19	3815.641	-360.2988	4262.922	63087.12	-1889.754	2092.527	-67.97156	-209.9644	1546.263	9984.918	393.9502	94.66192	-17.08185	1.14394e+07	3.117887e+07	-31.6726	295.7295	-6.049822	5194.95	482.5623	-4.626335	291.8149	94.66192	-17.08185	-4.626335	291.8149
74.18	6988.188	3215.641	-861.2988	5262.922	62886.12	-1889.754	592.5267	32.02844	-109.9644	2046.263	6283.918	493.9502	-5.338078	-17.08185	9657481	2.557116e+07	168.3274	195.7295	-6.049822	6494.95	882.5623	-4.626335	-8.185054	-5.338078	-17.08185	-4.626335	-8.185054
74.46	7888.188	3315.641	-761.2988	3361.922	49656.12	-1089.754	2092.527	-67.97156	-9.964355	1246.263	5383.918	293.9502	-5.338078	-17.08185	7381892	1.958796e+07	368.3274	95.72954	-6.049822	3793.95	382.5623	-4.626335	191.8149	-5.338078	-17.08185	-4.626335	191.8149
74.75	5988.188	1414.641	839.7012	3461.922	37535.12	411.2456	2292.527	32.02844	790.0356	346.2633	3882.918	293.9502	-5.338078	82.91815	6096336	1.89475e+07	68.3274	195.7295	-6.049822	3893.95	482.5623	-4.626335	91.81495	-5.338078	82.91815	-4.626335	91.81495
75.04	5488.188	3215.641	-360.2988	3461.922	32328.12	-1289.754	192.5267	-167.9716	-9.964355	946.2634	3882.918	93.95018	-5.338078	82.91815	5460796	1.372851e+07	-31.6726	195.7295	-6.049822	3293.95	282.5623	-4.626335	291.8149	-5.338078	82.91815	-4.626335	291.8149
75.32	3687.189	2114.641	-1761.299	1861.922	20415.12	111.2456	-1007.473	432.0284	-209.9644	746.2634	2582.918	393.9502	-5.338078	-17.08185	4091242	1.14414e+07	68.3274	95.72954	-6.049822	2793.95	182.5623	-4.626335	-8.185054	-5.338078	-17.08185	-4.626335	-8.185054
75.61	3687.189	914.6406	439.7012	761.9218	21416.12	-2289.754	192.5267	132.0284	-209.9644	1246.263	2382.918	293.9502	-5.338078	-17.08185	3625434	1.067463e+07	68.3274	95.72954	-6.049822	1693.95	282.5623	95.37366	191.8149	-5.338078	-17.08185	95.37366	191.8149
75.9	2687.189	2114.641	-460.2988	1061.922	21016.12	-689.7544	292.5267	-67.97156	1090.036	1146.263	1382.918	93.95018	-5.338078	-17.08185	2891556	8375298	268.3274	195.7295	-6.049822	893.9502	-17.43772	-4.626335	91.81495	-5.338078	-17.08185	-4.626335	91.81495
76.18	1687.189	1014.641	-1061.299	461.9218	15112.12	-1789.754	592.5267	632.0284	90.03564	246.2633	2182.918	293.9502	-5.338078	182.9182	2270700	7580816	-31.6726	195.7295	-6.049822	3193.95	382.5623	-4.626335	291.8149	-5.338078	182.9182	-4.626335	291.8149
76.47	1587.189	214.6406	-1561.299	361.9218	13411.12	-288.7544	192.5267	32.02844	290.0356	346.2633	1482.918	93.95018	-5.338078	-17.08185	2538784	5439440	-31.6726	-4.270463	-6.049822	1493.95	282.5623	-4.626335	91.81495	-5.338078	-17.08185	-4.626335	91.81495
76.76	1587.189	1414.641	-1161.299	761.9218	11110.12	311.2456	-407.4733	232.0284	490.0356	146.2633	1382.918	-6.049822	-5.338078	82.91815	1664062	5453616	-31.6726	195.7295	-6.049822	1193.95	-17.43772	-4.626335	91.81495	-5.338078	82.91815	-4.626335	91.81495
77.04	987.1886	-85.35938	439.7012	661.9218	8609.117	-488.7544	-7.473267	-467.9716	-209.9644	346.2633	582.9182	-6.049822	-5.338078	82.91815	1819238	4163737	-31.6726	-4.270463	-6.049822	1193.95	82.56228	-4.626335	191.8149	-5.338078	82.91815	-4.626335	191.8149
77.34	1387.189	1814.641	-961.2988	861.9218	5908.118	-889.7544	-307.4733	-67.97156	590.0356	646.2634	582.9182	-6.049822	-5.338078	-17.08185	1128049	4149565	-31.6726	-4.270463	-6.049822	993.9502	82.56228	-4.626335	-8.185054	-5.338078	-17.08185	-4.626335	-8.185054
77.63	987.1886	1214.641	139.7012	161.9218	5208.118	-1589.754	92.52673	32.02844	690.0356	346.2633	782.9182	-6.049822	-5.338078	182.9182	1099841	3653585	-31.6726	-4.270463	-6.049822	993.9502	82.56228	-4.626335	191.8149	-5.338078	182.9182	-4.626335	191.8149
77.92	487.1886	1714.641	-1961.299	361.9218	3407.117	-1389.754	-207.4733	-367.9716	690.0356	246.2633	382.9182	-6.049822	-5.338078	-17.08185	1085736	3072668	-31.6726	-4.270463	-6.049822	293.9502	-17.43772	-4.626335	91.81495	-5.338078	-17.08185	-4.626335	91.81495
78.21	687.1886	614.6406	-761.2988	161.9218	4907.118	-1189.754	392.5267	-267.9716	390.0356	146.2633	282.9182	-6.049822	-5.338078	-17.08185	747248.4	1684520	68.3274	-4.270463	-6.049822	93.95018	-17.43772	-4.626335	-8.185054	-5.338078	-17.08185	-4.626335	-8.185054
78.5	187.1886	314.6406	-560.2988	561.9218	1507.117	-288.7544	-307.4733	32.02844	590.0356	46.26334	182.9182	-6.049822	-5.338078	-17.08185	704939.4	1996098	-31.6726	-4.270463	-6.049822	493.9502	182.5623	-4.626335	91.81495	-5.338078	-17.08185	-4.626335	91.81495
78.8	487.1886	114.6406	-660.2988	461.9218	1907.117	-1089.754	892.5267	132.0284	-9.964355	-53.73666	82.91815	-6.049822	-5.338078	-17.08185	493404.4	1727006	168.3274	-4.270463	-6.049822	593.9502	82.56228	-4.626335	91.81495	-5.338078	-17.08185	-4.626335	91.81495
79.09	187.1886	414.6406	-1061.299	461.9218	4407.118	-989.7544	-507.4733	-67.97156	-409.9644	46.26334	82.91815	-6.049822	-5.338078	-17.08185	539429.4	1203045	-31.6726	-4.270463	-6.049822	693.9502	-17.43772	-4.626335	-8.185054	-5.338078	-17.08185	-4.626335	-8.185054
79.38	287.1886	-1085.359	-60.29883	361.9218	3107.117	-2389.754	-907.4733	532.0284	390.0356	46.26334	182.9182	93.95018	-5.338078	-17.08185	418952.4	1500419	-31.6726	-4.270463	-6.049822	393.9502	82.56228	-4.626335	-8.185054	-5.338078	-17.08185	-4.626335	-8.185054
79.67	787.1886	714.6406	-2161.299	1061.922	1707.117	-889.7544	-407.4733	432.0284	90.03564	146.2633	82.91815	-6.049822	-5.338078	-17.08185	620324.4	2208553	68.3274	-4.270463	-6.049822	93.95018	-17.43772	-4.626335	-8.185054	-5.338078	-17.08185	-4.626335	-8.185054
79.96	687.1886	1214.641	-761.2988	261.9218	707.1174	-1689.754	-607.4733	-67.97156	290.0356	46.26334	182.9182	-6.049822	-5.338078	-17.08185	310083.4	594214.8	68.3274	-4.270463	-6.049822	293.9502	-17.43772	-4.626335	-8.185054	-5.338078	-17.08185	-4.626335	-8.185054
80.25	187.1886	1714.641	-1761.299	361.9218	1207.117	-689.7544	-1107.473	-67.97156	390.0356	246.2633	682.9182	-6.049822	-5.338078	-17.08185	306336.4	594214.8	-31.6726	-4.270463	-6.049822	393.9502	-17.43772	-4.626335	-8.185054	-5.338078	-17.08185	-4.626335	-8.185054
80.54	287.1886	-85.35938	-861.2988	-338.0782	207.1174	-1489.754	992.5267	132.0284	-309.9644	146.2633	-17.08185	-6.049822	-5.338078	-17.08185	255974.4	976490.8	-31.6726	-4.270463	-6.049822	-6.049822	-17.43772	-4.626335	-8.185054	-5.338078	-17.08185	-4.626335	-8.185054
80.83	87.18861	1414.641	739.7012	61.92175	807.1174	-689.7544	592.5267	-267.9716	290.0356	246.2633	82.91815	-6.049822	-5.338078	-17.08185	91135.4	636687.8	-31.6726	-4.270463	-6.049822	193.9502	-17.43772	-4.626335	-8.185054	-5.338078	-17.08185	-4.626335	-8.185054
81.12	87.18861	314.6406	-961.2988	-238.0782	807.1174	-1689.754	-107.4733	32.02844	90.03564	46.26334	182.9182	-6.049822	-5.338078	82.91815	372729.4	735793.8	-31.6726	-4.270463	-6.049822	93.95018	-17.43772	-4.626335	-8.185054	-5.338078	82.91815	-4.626335	-8.185054
81.41	187.1886	114.6406	-961.2988	661.9218	1007.117	-1689.754	-7.473267	132.0284	-509.9644	-53.73666	282.9182	-6.049822	-5.338078	-17.08185	197275.4	523426.8	68.3274	-4.270463	-6.049822	-6.049822	-17.43772	-4.626335	-8.185054	-5.338078	-17.08185	-4.626335	-8.185054
81.7	287.1886	114.6406	-2061.299	61.92175	207.1174	-1389.754	-707.4733	-367.9716	-9.964355	-53.73666	182.9182	-6.049822	-5.338078	-17.08185	141167.4	95125.77	-31.6726	-4.270463	-6.049822	93.95018	-17.43772	-4.626335	-8.185054	-5.338078	-17.08185	-4.626335	-8.185054
81.98	-12.81139	-685.3594	-761.2988	161.9218	207.1174	511.2456	-207.4733	-167.9716	190.0356	46.26334	-17.08185	-6.049822	-5.338078	-17.08185	121062.4	735793.8	-31.6726	-4.270463	-6.049822	93.95018	-17.43772	-4.626335	-8.185054	-5.338078	-17.08185	-4.626335	-8.185054
82.27	-12.81139	-485.3594	-360.2988	61.92175	707.1174	-889.7544	-207.4733	-67.97156	-109.9644	146.2633	-17.08185	93.95018	-5.338078	82.91815	178706.4	296916.8	68.3274	-4.270463	-6.049822	93.95018	82.56228	-4.626335	-8.185054	-5.338078	82.91815	-4.626335	-8.185054
82.57	287.1886	414.6406	-660.2988	61.92175	207.1174	-1889.754	-307.4733	-67.97156	790.0356	46.26334	82.91815	-6.049822	-5.338078	-17.08185	77188.4	480954.8	-31.6726	-4.270463	-6.049822	93.95018	-17.43772	-4.626335	-8.185054	-5.338078	-17.08185	-4.626335	-8.185054
82.85	187.1886	214.6406	-1061.299	-438.0782	307.1174	-1789.754	-507.4733	232.0284	390.0356	146.2633	-17.08185	-6.049822	-5.338078	-17.08185	74781.4	311072.8	68.3274	-4.270463	-6.049822	-6.049822	82.56228	-4.626335	-8.185054	-5.338078	-17.08185	-4.626335	-8.185054
83.15	-12.81139	514.6406	-660.2988	-138.0782	7.117439	-588.7544	-7.473267	-267.9716	-709.9644	-53.73666	-17.08185	-6.049822	-5.338078	-17.08185	112671.4	268603.8	-31.6726	-4.270463	-6.049822	193.9502	-17.43772	-4.626335	-8.185054	-5.338078	-17.08185	-4.626335	-8.185054
83.43	187.1886	1014.641	-1161.299	461.9218	7.117439	-1289.754	-507.4733	332.0284	-309.9644	46.26334	-17.08185	-6.049822	-5.338078	-17.08185	20578.39	164485.8	-31.6726	-4.270463	-6.049822	93.95018	-17.43772	-4.626335	-8.185054	-5.338078	-17.08185	-4.626335	-8.185054
83.72	187.1886	214.6406	-1261.299	-38.07825	507.1174	-2089.754	-507.4733	-167.9716	-9.964355	46.26334	82.91815	-6.049822	-5.338078	-17.08185	32590.39	141198.8	-31.6726	-4.270463	-6.049822	-6.049822	-17.43772	-4.626335	-8.185054	-5.338078	-17.08185	-4.626335	-8.185054
84.01	87.18861	14.64062	-1261.299	-138.0782	107.1174	-1089.754	-107.4733	-367.9716	790.0356	46.26334	282.9182	-6.049822	-5.338078	-17.08185	28069.39	92816.77	-31.6726	-4.270463	-6.049822	293.9502	-17.43772	-4.626335	-8.185054	-5.338078	-17.08185	-4.626335	-8.185054
84.29	187.1886	214.6406	1139.701	-38.07825	-92.88256	-588.7544	292.5267	-167.9716	390.0356	-53.73666	-17.08185	-6.049822	-5.338078	-17.08185	34092.39	149088.8	-31.6726	-4.270463	-6.049822	-6.049822	-17.43772	-4.626335	-8.185054	-5.338078	-17.08185	-4.626335	-8.185054
84.58	-12.81139	-1085.359	-961.2988	-338.0782	207.1174	-1989.754	-207.4733	-267.9716	390.0356	46.26334	82.91815	-6.049822	-5.338078	82.91815	53627.39	85189.77	68.3274	-4.270463	-6.049822	-6.049822	-17.43772	-4.626335	-8.185054	-5.338078	82.91815	-4.626335	-8.185054
84.86	87.18861	-85.35938	-460.2988	-638.0782	7.117439	-689.7544	-407.4733	-67.97156	290.0356	146.2633	82.91815	-6.049822	-5.338078	-17.08185	67861.4	47990.77	-31.6726	-4.270463	-6.049822	-6.049822	-17.43772	-4.626335	-8.185054	-5.338078	-17.08185	-4.626335	-8.185054
85.15	-12.81139	-585.3594	-1361.299	-38.07825	7.117439	-2189.754	692.5267	-267.9716	-9.964355	46.26334	82.91815	-6.049822	-5.338078	-17.08185	169.395	117420.8	-31.6726	95.72954	-6.049822	-6.049822	-17.43772	-4.626335	-8.185054	-5.338078	-17.08185	-4.626335	-8.185054
85.43	-12.81139	114.6406	-761.2988	461.9218	1107.117	-1089.754	-1007.473	-67.97156	-109.9644	-53.73666	82.91815	-6.049822	94.66192	-17.08185	84512.4	116315.8	-31.6726	-4.270463	-6.049822	-6.049822	-17.43772	-4.626335	-8.185054	94.66192	-17.08185	-4.626335	-8.185054
85.72	-12.81139	714.6406	-460.2988	-338.0782	7.117439	311.2456	92.52673	-167.9716	-9.964355	146.2633	-17.08185	-6.049822	-5.338078	-17.08185	36296.39	185229.8	-31.6726	-4.270463	-6.049822	-6.049822	82.56228	-4.626335	-8.185054	-5.338078	-17.08185	-4.626335	-8.185054
86	87.18861	-685.3594	139.7012	-338.0782	-92.88256	-1189.754	-107.4733	332.0284	-509.9644	-53.73666	82.91815	-6.049822	-5.338078	-17.08185	83810.4	34668.77	-31.6726	-4.270463	-6.049822	-6.049822	-17.43772	-4.626335	-8.185054	-5.338078	-17.08185	-4.626335	-8.185054
86.29	-12.81139	1714.641	-260.2988	-138.0782	407.1174	11.24561	-707.4733	-267.9716	-609.9644	-53.73666	82.91815	-6.049822	-5.338078	-17.08185	148610.4	-356.2278	-31.6726	-4.270463	-6.049822	-6.049822	-17.43772	-4.626335	-8.185054	-5.338078	-17.08185	-4.626335	-8.185054
86.57	-12.81139	714.6406	-1061.299	-638.0782	707.1174	-1289.754	292.5267	-167.9716	490.0356	-53.73666	82.91815	-6.049822	194.6619	-17.08185	-130.605	27358.77	68.3274	-4.270463	-6.049822	-6.049822	82.56228	-4.626335	-8.185054	194.6619	-17.08185	-4.626335	-8.185054
86.86	87.18861	1614.641	-160.2988	-38.07825	7.117439	811.2456	-807.4733	132.0284	790.0356	-53.73666	-17.08185	-6.049822	-5.338078	-17.08185	68964.4	343.7722	-31.6726	-4.270463	-6.049822	-6.049822	-17.43772	-4.626335	-8.185054	-5.338078	-17.08185	-4.626335	-8.185054
87.14	-12.81139	1214.641	-1061.299	361.9218	207.1174	-1189.754	92.52673	232.0284	490.0356	46.26334	-17.08185	-6.049822	-5.338078	-17.08185	-30.60498	32064.77	-31.6726	-4.270463	-6.049822	-6.049822	-17.43772	-4.626335	-8.185054	-5.338078	-17.08185	-4.626335	-8.185054
87.43	-12.81139	314.6406	-260.2988	61.92175	107.1174	-1589.754	-107.4733	332.0284	-109.9644	-53.73666	-17.08185	-6.049822	-5.338078	-17.08185	9871.395	-56.22775	-31.6726	-4.270463	-6.049822	-6.049822	-17.43772	-4.626335	-8.185054	-5.338078	-17.08185	-4.626335	-8.185054
87.71	-12.81139	414.6406	-1061.299	161.9218	107.1174	-1789.754	-307.4733	-167.9716	-109.9644	46.26334	-17.08185	-6.049822	-5.338078	-17.08185	-30.60498	31163.77	-31.6726	-4.270463	-6.049822	-6.049822	-17.43772	-4.626335	-8.185054	-5.338078	-17.08185	-4.626335	-8.185054
88	87.18861	-485.3594	-260.2988	-138.0782	-92.88256	-789.7544	-1007.473	232.0284	-309.9644	-53.73666	182.9182	-6.049822	-5.338078	-17.08185	6370.395	13647.77	-31.6726	-4.270463	-6.049822	-6.049822	-17.43772	-4.626335	-8.185054	-5.338078	-17.08185	-4.626335	-8.185054
