ElapsedTime_s	Ti49_CPS	Al27_CPS	S33_CPS	Sc45_CPS	V51_CPS	Mn55_CPS	Fe57_CPS	Co59_CPS	Ni60_CPS	Ga71_CPS	Zr90_CPS	Nb93_CPS	Mo97_CPS	In113_CPS	Sn119_CPS	Sn118_CPS	Sb121_CPS	Hf177_CPS	Ta181_CPS	W183_CPS	Pb206_CPS	Th232_CPS	U238_CPS	Tc97_CPS	Cd113_CPS	U232_CPS	Pu238_CPS
0	-12.81139	914.6406	-360.2988	-238.0782	-92.88256	-1289.754	-207.4733	-167.9716	1090.036	46.26334	-17.08185	-6.049822	-5.338078	-17.08185	41504.39	142550.8	-31.6726	-4.270463	-6.049822	-6.049822	-17.43772	-4.626335	-8.185054	-5.338078	-17.08185	-4.626335	-8.185054
																											
8.16	-12.81139	614.6406	-360.2988	-138.0782	7.117439	-789.7544	-607.4733	-267.9716	790.0356	-53.73666	-17.08185	-6.049822	-5.338078	-17.08185	6970.395	28460.77	-31.6726	-4.270463	-6.049822	-6.049822	-17.43772	-4.626335	-8.185054	-5.338078	-17.08185	-4.626335	-8.185054
8.45	-12.81139	-85.35938	-360.2988	-138.0782	7.117439	-1689.754	-807.4733	32.02844	90.03564	-53.73666	-17.08185	-6.049822	-5.338078	-17.08185	-30.60498	43.77225	-31.6726	-4.270463	-6.049822	-6.049822	82.56228	-4.626335	-8.185054	-5.338078	-17.08185	-4.626335	-8.185054
8.74	-12.81139	-685.3594	-160.2988	61.92175	-92.88256	-2189.754	-607.4733	-267.9716	190.0356	46.26334	-17.08185	-6.049822	-5.338078	-17.08185	-130.605	127043.8	68.3274	-4.270463	-6.049822	-6.049822	-17.43772	-4.626335	-8.185054	-5.338078	-17.08185	-4.626335	-8.185054
9.02	-12.81139	1814.641	-260.2988	-238.0782	7.117439	-1689.754	-707.4733	-167.9716	-109.9644	46.26334	-17.08185	-6.049822	-5.338078	-17.08185	169.395	16649.77	-31.6726	-4.270463	-6.049822	93.95018	-17.43772	-4.626335	-8.185054	-5.338078	-17.08185	-4.626335	-8.185054
9.3	-12.81139	1914.641	339.7012	261.9218	-92.88256	-889.7544	392.5267	832.0284	-209.9644	46.26334	82.91815	-6.049822	-5.338078	-17.08185	-130.605	-256.2278	68.3274	-4.270463	-6.049822	-6.049822	-17.43772	-4.626335	-8.185054	-5.338078	-17.08185	-4.626335	-8.185054
9.59	-12.81139	114.6406	-1561.299	-238.0782	-92.88256	-1589.754	-207.4733	432.0284	-9.964355	46.26334	-17.08185	-6.049822	-5.338078	-17.08185	19677.39	-156.2278	68.3274	-4.270463	-6.049822	-6.049822	-17.43772	-4.626335	-8.185054	-5.338078	-17.08185	-4.626335	-8.185054
9.88	-12.81139	2415.641	-1461.299	-338.0782	107.1174	-88.75439	-7.473267	-267.9716	-409.9644	46.26334	82.91815	-6.049822	-5.338078	-17.08185	18276.39	-156.2278	-31.6726	-4.270463	-6.049822	-6.049822	-17.43772	-4.626335	-8.185054	-5.338078	-17.08185	-4.626335	-8.185054
10.16	-12.81139	-585.3594	239.7012	-138.0782	-92.88256	-1689.754	392.5267	432.0284	-409.9644	-53.73666	-17.08185	-6.049822	-5.338078	-17.08185	-130.605	-156.2278	-31.6726	-4.270463	-6.049822	-6.049822	-17.43772	-4.626335	-8.185054	-5.338078	-17.08185	-4.626335	-8.185054
10.44	-12.81139	314.6406	-761.2988	-238.0782	-92.88256	-1389.754	-407.4733	332.0284	690.0356	246.2633	-17.08185	-6.049822	-5.338078	-17.08185	10171.39	43.77225	-31.6726	-4.270463	-6.049822	-6.049822	-17.43772	-4.626335	-8.185054	-5.338078	-17.08185	-4.626335	-8.185054
10.73	87.18861	214.6406	139.7012	-438.0782	-92.88256	-1789.754	-307.4733	432.0284	-709.9644	146.2633	-17.08185	-6.049822	-5.338078	-17.08185	-130.605	-156.2278	-31.6726	-4.270463	-6.049822	-6.049822	-17.43772	-4.626335	-8.185054	-5.338078	-17.08185	-4.626335	-8.185054
11.01	87.18861	-985.3594	-1261.299	-138.0782	-92.88256	-388.7544	392.5267	32.02844	790.0356	46.26334	-17.08185	93.95018	-5.338078	-17.08185	-30.60498	43.77225	-31.6726	-4.270463	-6.049822	-6.049822	-17.43772	-4.626335	91.81495	-5.338078	-17.08185	-4.626335	91.81495
11.3	87.18861	1414.641	-260.2988	161.9218	-92.88256	111.2456	-7.473267	-67.97156	790.0356	246.2633	-17.08185	-6.049822	-5.338078	-17.08185	269.395	43.77225	68.3274	-4.270463	-6.049822	-6.049822	-17.43772	-4.626335	-8.185054	-5.338078	-17.08185	-4.626335	-8.185054
11.58	-12.81139	914.6406	339.7012	-238.0782	7.117439	-1689.754	-7.473267	32.02844	290.0356	146.2633	82.91815	-6.049822	-5.338078	-17.08185	7970.395	-156.2278	68.3274	-4.270463	-6.049822	-6.049822	-17.43772	-4.626335	-8.185054	-5.338078	-17.08185	-4.626335	-8.185054
11.87	-12.81139	-985.3594	139.7012	-238.0782	107.1174	-1889.754	-307.4733	432.0284	390.0356	46.26334	-17.08185	-6.049822	-5.338078	-17.08185	-130.605	10345.77	-31.6726	-4.270463	-6.049822	93.95018	-17.43772	-4.626335	-8.185054	-5.338078	-17.08185	-4.626335	-8.185054
12.16	-12.81139	-185.3594	-1861.299	-38.07825	207.1174	-1489.754	-507.4733	-467.9716	-209.9644	-53.73666	-17.08185	-6.049822	-5.338078	-17.08185	269.395	-256.2278	-31.6726	-4.270463	-6.049822	-6.049822	-17.43772	-4.626335	-8.185054	-5.338078	-17.08185	-4.626335	-8.185054
12.44	-12.81139	214.6406	-1761.299	-238.0782	7.117439	611.2456	-807.4733	-167.9716	-9.964355	-53.73666	-17.08185	-6.049822	-5.338078	-17.08185	-30.60498	143.7722	-31.6726	-4.270463	-6.049822	-6.049822	-17.43772	-4.626335	-8.185054	-5.338078	-17.08185	-4.626335	-8.185054
12.72	-12.81139	-185.3594	1439.701	61.92175	7.117439	-1489.754	-207.4733	232.0284	-609.9644	246.2633	82.91815	-6.049822	-5.338078	-17.08185	169.395	-56.22775	68.3274	95.72954	-6.049822	-6.049822	-17.43772	-4.626335	-8.185054	-5.338078	-17.08185	-4.626335	-8.185054
13.01	-12.81139	14.64062	-660.2988	-138.0782	-92.88256	-88.75439	-807.4733	-67.97156	-9.964355	-53.73666	-17.08185	-6.049822	-5.338078	82.91815	11472.39	43.77225	-31.6726	-4.270463	-6.049822	-6.049822	82.56228	95.37366	-8.185054	-5.338078	82.91815	95.37366	-8.185054
13.29	-12.81139	-1085.359	-1161.299	361.9218	-92.88256	111.2456	792.5267	-267.9716	-9.964355	-53.73666	-17.08185	-6.049822	-5.338078	-17.08185	-130.605	143.7722	-31.6726	-4.270463	-6.049822	-6.049822	-17.43772	-4.626335	-8.185054	-5.338078	-17.08185	-4.626335	-8.185054
13.58	-12.81139	1014.641	-560.2988	-38.07825	7.117439	-989.7544	-807.4733	-167.9716	-309.9644	46.26334	82.91815	-6.049822	94.66192	-17.08185	269.395	143.7722	-31.6726	-4.270463	-6.049822	-6.049822	82.56228	-4.626335	-8.185054	94.66192	-17.08185	-4.626335	-8.185054
13.87	-12.81139	414.6406	-761.2988	161.9218	7.117439	511.2456	92.52673	332.0284	-409.9644	-53.73666	-17.08185	-6.049822	-5.338078	-17.08185	-130.605	-56.22775	-31.6726	-4.270463	-6.049822	-6.049822	-17.43772	-4.626335	-8.185054	-5.338078	-17.08185	-4.626335	-8.185054
14.15	-12.81139	2715.641	-1061.299	761.9218	-92.88256	-689.7544	-207.4733	-67.97156	1090.036	-53.73666	82.91815	-6.049822	-5.338078	-17.08185	-130.605	743.7722	-31.6726	-4.270463	-6.049822	-6.049822	-17.43772	-4.626335	-8.185054	-5.338078	-17.08185	-4.626335	-8.185054
14.43	-12.81139	14.64062	39.70117	-338.0782	7.117439	111.2456	292.5267	32.02844	-409.9644	-53.73666	-17.08185	-6.049822	-5.338078	-17.08185	-130.605	-256.2278	-31.6726	-4.270463	-6.049822	-6.049822	-17.43772	-4.626335	-8.185054	-5.338078	-17.08185	-4.626335	-8.185054
14.72	-12.81139	114.6406	139.7012	261.9218	207.1174	-488.7544	-507.4733	-167.9716	290.0356	-53.73666	-17.08185	-6.049822	-5.338078	82.91815	-30.60498	-356.2278	-31.6726	-4.270463	-6.049822	-6.049822	-17.43772	-4.626335	-8.185054	-5.338078	82.91815	-4.626335	-8.185054
15	-12.81139	1814.641	-360.2988	-138.0782	7.117439	-989.7544	-407.4733	32.02844	90.03564	-53.73666	-17.08185	-6.049822	-5.338078	-17.08185	169.395	58111.77	-31.6726	-4.270463	-6.049822	-6.049822	82.56228	-4.626335	-8.185054	-5.338078	-17.08185	-4.626335	-8.185054
15.29	-12.81139	414.6406	-1861.299	-38.07825	7.117439	-1589.754	-507.4733	-67.97156	-409.9644	-53.73666	-17.08185	-6.049822	-5.338078	-17.08185	7470.395	69340.77	-31.6726	-4.270463	-6.049822	-6.049822	-17.43772	-4.626335	-8.185054	-5.338078	-17.08185	-4.626335	-8.185054
15.57	-12.81139	-585.3594	-761.2988	261.9218	-92.88256	-2189.754	192.5267	-167.9716	-909.9644	46.26334	-17.08185	-6.049822	-5.338078	-17.08185	-30.60498	-156.2278	-31.6726	-4.270463	-6.049822	-6.049822	-17.43772	-4.626335	-8.185054	-5.338078	-17.08185	-4.626335	-8.185054
15.86	-12.81139	914.6406	839.7012	-38.07825	107.1174	-1589.754	-307.4733	532.0284	90.03564	46.26334	-17.08185	-6.049822	-5.338078	-17.08185	369.395	87096.77	-31.6726	-4.270463	-6.049822	-6.049822	-17.43772	-4.626335	-8.185054	-5.338078	-17.08185	-4.626335	-8.185054
16.14	-12.81139	414.6406	839.7012	261.9218	107.1174	-789.7544	392.5267	32.02844	290.0356	46.26334	-17.08185	-6.049822	-5.338078	-17.08185	69.39502	-156.2278	-31.6726	-4.270463	-6.049822	-6.049822	-17.43772	-4.626335	-8.185054	-5.338078	-17.08185	-4.626335	-8.185054
16.43	-12.81139	614.6406	-1261.299	-238.0782	7.117439	-1689.754	-607.4733	-267.9716	590.0356	-53.73666	-17.08185	-6.049822	-5.338078	-17.08185	269.395	26457.77	-31.6726	-4.270463	-6.049822	-6.049822	-17.43772	-4.626335	-8.185054	-5.338078	-17.08185	-4.626335	-8.185054
16.71	-12.81139	714.6406	-761.2988	-338.0782	107.1174	-1689.754	-207.4733	132.0284	-9.964355	46.26334	82.91815	-6.049822	-5.338078	-17.08185	-30.60498	243.7722	-31.6726	-4.270463	-6.049822	-6.049822	-17.43772	-4.626335	-8.185054	-5.338078	-17.08185	-4.626335	-8.185054
17	-12.81139	1214.641	-560.2988	-238.0782	7.117439	-1989.754	392.5267	-167.9716	-609.9644	-53.73666	-17.08185	-6.049822	-5.338078	-17.08185	69.39502	-56.22775	-31.6726	-4.270463	93.95018	-6.049822	82.56228	-4.626335	-8.185054	-5.338078	-17.08185	-4.626335	-8.185054
17.28	87.18861	2615.641	-160.2988	-138.0782	7.117439	-1189.754	392.5267	-67.97156	590.0356	146.2633	-17.08185	-6.049822	-5.338078	-17.08185	-30.60498	343.7722	168.3274	-4.270463	-6.049822	-6.049822	82.56228	-4.626335	-8.185054	-5.338078	-17.08185	-4.626335	-8.185054
17.57	-12.81139	1514.641	539.7012	661.9218	7.117439	-2289.754	292.5267	132.0284	-109.9644	-53.73666	-17.08185	-6.049822	94.66192	-17.08185	169.395	-356.2278	-31.6726	-4.270463	-6.049822	-6.049822	-17.43772	-4.626335	-8.185054	94.66192	-17.08185	-4.626335	-8.185054
17.86	-12.81139	814.6406	-660.2988	161.9218	7.117439	-789.7544	-307.4733	232.0284	590.0356	-53.73666	82.91815	-6.049822	-5.338078	-17.08185	69.39502	-156.2278	-31.6726	-4.270463	-6.049822	-6.049822	-17.43772	-4.626335	-8.185054	-5.338078	-17.08185	-4.626335	-8.185054
18.14	-12.81139	814.6406	-861.2988	61.92175	107.1174	-889.7544	392.5267	232.0284	-209.9644	46.26334	82.91815	-6.049822	-5.338078	-17.08185	169.395	143.7722	-31.6726	-4.270463	-6.049822	-6.049822	-17.43772	-4.626335	-8.185054	-5.338078	-17.08185	-4.626335	-8.185054
18.42	-12.81139	-885.3594	-460.2988	-238.0782	7.117439	-1389.754	192.5267	-67.97156	-209.9644	-53.73666	-17.08185	-6.049822	-5.338078	-17.08185	-30.60498	-156.2278	-31.6726	-4.270463	-6.049822	-6.049822	-17.43772	-4.626335	-8.185054	-5.338078	-17.08185	-4.626335	-8.185054
18.71	-12.81139	814.6406	139.7012	-138.0782	7.117439	-789.7544	-207.4733	232.0284	-9.964355	-53.73666	-17.08185	-6.049822	-5.338078	-17.08185	14874.39	43.77225	-31.6726	-4.270463	-6.049822	-6.049822	-17.43772	-4.626335	-8.185054	-5.338078	-17.08185	-4.626335	-8.185054
18.99	-12.81139	2515.641	-660.2988	61.92175	-92.88256	-1689.754	-207.4733	732.0284	-9.964355	46.26334	-17.08185	-6.049822	-5.338078	82.91815	169.395	50194.77	68.3274	-4.270463	-6.049822	-6.049822	-17.43772	-4.626335	-8.185054	-5.338078	82.91815	-4.626335	-8.185054
19.28	-12.81139	214.6406	1339.701	-338.0782	-92.88256	-88.75439	692.5267	-67.97156	790.0356	-53.73666	-17.08185	-6.049822	-5.338078	82.91815	-30.60498	143.7722	-31.6726	-4.270463	-6.049822	-6.049822	-17.43772	-4.626335	-8.185054	-5.338078	82.91815	-4.626335	-8.185054
19.57	-12.81139	414.6406	-60.29883	-138.0782	-92.88256	-388.7544	-607.4733	-67.97156	-209.9644	-53.73666	-17.08185	-6.049822	-5.338078	-17.08185	-130.605	243.7722	-31.6726	95.72954	-6.049822	-6.049822	82.56228	-4.626335	-8.185054	-5.338078	-17.08185	-4.626335	-8.185054
19.85	87.18861	1214.641	239.7012	561.9218	-92.88256	-1889.754	-7.473267	232.0284	-409.9644	46.26334	-17.08185	-6.049822	-5.338078	-17.08185	69.39502	143.7722	-31.6726	-4.270463	-6.049822	-6.049822	-17.43772	95.37366	-8.185054	-5.338078	-17.08185	95.37366	-8.185054
20.14	87.18861	1014.641	-560.2988	-38.07825	7.117439	-1089.754	-7.473267	-67.97156	-509.9644	46.26334	-17.08185	-6.049822	-5.338078	-17.08185	-130.605	43.77225	68.3274	95.72954	-6.049822	-6.049822	-17.43772	-4.626335	91.81495	-5.338078	-17.08185	-4.626335	91.81495
20.42	-12.81139	1214.641	-1461.299	261.9218	7.117439	-88.75439	592.5267	-167.9716	890.0356	46.26334	-17.08185	-6.049822	-5.338078	-17.08185	-30.60498	-156.2278	-31.6726	-4.270463	-6.049822	-6.049822	-17.43772	-4.626335	-8.185054	-5.338078	-17.08185	-4.626335	-8.185054
20.7	-12.81139	514.6406	-961.2988	-338.0782	107.1174	-188.7544	-107.4733	-167.9716	-309.9644	-53.73666	82.91815	-6.049822	-5.338078	-17.08185	-130.605	37972.77	-31.6726	-4.270463	-6.049822	-6.049822	82.56228	-4.626335	-8.185054	-5.338078	-17.08185	-4.626335	-8.185054
20.99	-12.81139	1114.641	-1161.299	661.9218	-92.88256	-1089.754	-107.4733	32.02844	90.03564	-53.73666	-17.08185	-6.049822	-5.338078	-17.08185	-30.60498	2443.772	-31.6726	-4.270463	-6.049822	93.95018	-17.43772	-4.626335	-8.185054	-5.338078	-17.08185	-4.626335	-8.185054
21.27	-12.81139	-785.3594	439.7012	-338.0782	-92.88256	-288.7544	-307.4733	-67.97156	-409.9644	-53.73666	-17.08185	-6.049822	-5.338078	-17.08185	-130.605	343.7722	-31.6726	-4.270463	-6.049822	-6.049822	-17.43772	-4.626335	-8.185054	-5.338078	-17.08185	-4.626335	-8.185054
21.57	-12.81139	914.6406	39.70117	-238.0782	-92.88256	-1289.754	-807.4733	32.02844	-209.9644	-53.73666	-17.08185	-6.049822	-5.338078	-17.08185	-130.605	-356.2278	-31.6726	-4.270463	-6.049822	-6.049822	-17.43772	-4.626335	-8.185054	-5.338078	-17.08185	-4.626335	-8.185054
21.85	-12.81139	114.6406	-961.2988	161.9218	7.117439	-1789.754	92.52673	-267.9716	390.0356	46.26334	-17.08185	-6.049822	-5.338078	82.91815	69.39502	-256.2278	168.3274	-4.270463	-6.049822	-6.049822	-17.43772	-4.626335	-8.185054	-5.338078	82.91815	-4.626335	-8.185054
22.14	87.18861	1014.641	239.7012	-138.0782	-92.88256	-689.7544	392.5267	32.02844	-509.9644	-53.73666	82.91815	-6.049822	-5.338078	82.91815	-130.605	-356.2278	-31.6726	-4.270463	-6.049822	-6.049822	-17.43772	-4.626335	-8.185054	-5.338078	82.91815	-4.626335	-8.185054
22.42	-12.81139	-785.3594	239.7012	-538.0782	307.1174	-1689.754	-7.473267	-67.97156	-709.9644	-53.73666	-17.08185	-6.049822	-5.338078	-17.08185	-30.60498	-56.22775	-31.6726	-4.270463	-6.049822	-6.049822	-17.43772	-4.626335	-8.185054	-5.338078	-17.08185	-4.626335	-8.185054
22.71	-12.81139	-385.3594	-1561.299	261.9218	7.117439	-288.7544	892.5267	-167.9716	-309.9644	-53.73666	-17.08185	-6.049822	-5.338078	-17.08185	-130.605	-356.2278	-31.6726	-4.270463	93.95018	-6.049822	-17.43772	-4.626335	-8.185054	-5.338078	-17.08185	-4.626335	-8.185054
22.99	-12.81139	14.64062	-460.2988	-138.0782	7.117439	-1489.754	-1007.473	-67.97156	590.0356	-53.73666	-17.08185	93.95018	-5.338078	-17.08185	-130.605	143.7722	-31.6726	-4.270463	-6.049822	-6.049822	-17.43772	-4.626335	-8.185054	-5.338078	-17.08185	-4.626335	-8.185054
23.28	-12.81139	514.6406	-460.2988	361.9218	7.117439	-188.7544	-107.4733	-167.9716	-509.9644	146.2633	-17.08185	-6.049822	-5.338078	-17.08185	8070.395	143.7722	-31.6726	-4.270463	-6.049822	-6.049822	82.56228	95.37366	-8.185054	-5.338078	-17.08185	95.37366	-8.185054
23.56	-12.81139	-285.3594	-1161.299	261.9218	-92.88256	-1689.754	-207.4733	-67.97156	-609.9644	146.2633	-17.08185	-6.049822	-5.338078	-17.08185	-30.60498	43.77225	-31.6726	-4.270463	-6.049822	-6.049822	-17.43772	-4.626335	-8.185054	-5.338078	-17.08185	-4.626335	-8.185054
23.85	-12.81139	614.6406	-60.29883	261.9218	-92.88256	-989.7544	-407.4733	632.0284	-309.9644	-53.73666	-17.08185	-6.049822	-5.338078	-17.08185	69.39502	343.7722	-31.6726	-4.270463	-6.049822	-6.049822	-17.43772	-4.626335	-8.185054	-5.338078	-17.08185	-4.626335	-8.185054
24.13	-12.81139	2114.641	639.7012	461.9218	-92.88256	-2089.754	-207.4733	-267.9716	-109.9644	46.26334	-17.08185	-6.049822	-5.338078	-17.08185	-130.605	-256.2278	-31.6726	-4.270463	-6.049822	-6.049822	-17.43772	-4.626335	-8.185054	-5.338078	-17.08185	-4.626335	-8.185054
24.42	-12.81139	-185.3594	-560.2988	61.92175	107.1174	-1589.754	-707.4733	232.0284	-409.9644	146.2633	-17.08185	-6.049822	-5.338078	-17.08185	-30.60498	-256.2278	168.3274	-4.270463	-6.049822	-6.049822	-17.43772	-4.626335	-8.185054	-5.338078	-17.08185	-4.626335	-8.185054
24.7	87.18861	1614.641	-160.2988	-338.0782	7.117439	-789.7544	-507.4733	-67.97156	1090.036	46.26334	82.91815	-6.049822	-5.338078	-17.08185	-30.60498	143.7722	-31.6726	-4.270463	-6.049822	-6.049822	-17.43772	-4.626335	-8.185054	-5.338078	-17.08185	-4.626335	-8.185054
24.99	-12.81139	114.6406	-1661.299	-438.0782	-92.88256	-1289.754	92.52673	232.0284	-9.964355	46.26334	-17.08185	-6.049822	-5.338078	-17.08185	-30.60498	243.7722	-31.6726	-4.270463	-6.049822	-6.049822	-17.43772	-4.626335	-8.185054	-5.338078	-17.08185	-4.626335	-8.185054
25.27	-12.81139	-185.3594	-1161.299	-138.0782	7.117439	-1189.754	192.5267	32.02844	-109.9644	-53.73666	-17.08185	-6.049822	-5.338078	-17.08185	169.395	-56.22775	-31.6726	-4.270463	-6.049822	193.9502	-17.43772	-4.626335	191.8149	-5.338078	-17.08185	-4.626335	191.8149
25.56	-12.81139	-85.35938	-1361.299	-138.0782	-92.88256	-1589.754	92.52673	-67.97156	-309.9644	46.26334	-17.08185	-6.049822	-5.338078	-17.08185	-130.605	143.7722	-31.6726	-4.270463	93.95018	-6.049822	-17.43772	-4.626335	-8.185054	-5.338078	-17.08185	-4.626335	-8.185054
25.85	87.18861	1914.641	-460.2988	-238.0782	-92.88256	-2689.754	392.5267	132.0284	-609.9644	46.26334	-17.08185	-6.049822	-5.338078	-17.08185	69.39502	143.7722	-31.6726	-4.270463	-6.049822	-6.049822	82.56228	-4.626335	-8.185054	-5.338078	-17.08185	-4.626335	-8.185054
26.13	-12.81139	-185.3594	-460.2988	161.9218	7.117439	-1789.754	-7.473267	32.02844	590.0356	-53.73666	-17.08185	-6.049822	-5.338078	-17.08185	-130.605	-56.22775	-31.6726	-4.270463	-6.049822	-6.049822	82.56228	-4.626335	-8.185054	-5.338078	-17.08185	-4.626335	-8.185054
26.41	-12.81139	1114.641	139.7012	-238.0782	107.1174	-88.75439	-507.4733	-67.97156	90.03564	-53.73666	82.91815	-6.049822	-5.338078	-17.08185	-30.60498	-56.22775	-31.6726	-4.270463	-6.049822	-6.049822	-17.43772	-4.626335	-8.185054	-5.338078	-17.08185	-4.626335	-8.185054
26.7	-12.81139	914.6406	-1261.299	461.9218	7.117439	-1889.754	-907.4733	-167.9716	190.0356	-53.73666	-17.08185	-6.049822	-5.338078	-17.08185	169.395	-256.2278	68.3274	-4.270463	-6.049822	-6.049822	-17.43772	-4.626335	-8.185054	-5.338078	-17.08185	-4.626335	-8.185054
26.98	-12.81139	914.6406	-60.29883	61.92175	207.1174	-989.7544	-407.4733	-167.9716	190.0356	46.26334	-17.08185	-6.049822	-5.338078	-17.08185	-130.605	43.77225	-31.6726	-4.270463	-6.049822	-6.049822	-17.43772	-4.626335	-8.185054	-5.338078	-17.08185	-4.626335	-8.185054
27.27	87.18861	-385.3594	-1661.299	-38.07825	7.117439	-989.7544	-7.473267	232.0284	-209.9644	-53.73666	-17.08185	-6.049822	-5.338078	-17.08185	369.395	-256.2278	-31.6726	-4.270463	-6.049822	-6.049822	-17.43772	-4.626335	-8.185054	-5.338078	-17.08185	-4.626335	-8.185054
27.55	-12.81139	314.6406	-1061.299	61.92175	-92.88256	-1189.754	492.5267	432.0284	290.0356	46.26334	-17.08185	-6.049822	-5.338078	-17.08185	69.39502	-156.2278	-31.6726	-4.270463	-6.049822	-6.049822	82.56228	-4.626335	-8.185054	-5.338078	-17.08185	-4.626335	-8.185054
27.84	-12.81139	14.64062	-1561.299	-138.0782	-92.88256	-1789.754	-807.4733	-267.9716	290.0356	-53.73666	-17.08185	-6.049822	-5.338078	82.91815	-30.60498	243.7722	-31.6726	-4.270463	-6.049822	-6.049822	-17.43772	-4.626335	-8.185054	-5.338078	82.91815	-4.626335	-8.185054
28.13	-12.81139	-2086.359	-460.2988	-238.0782	-92.88256	-1089.754	-107.4733	-67.97156	-409.9644	46.26334	-17.08185	-6.049822	194.6619	-17.08185	169.395	-56.22775	68.3274	-4.270463	-6.049822	-6.049822	-17.43772	-4.626335	-8.185054	194.6619	-17.08185	-4.626335	-8.185054
28.41	-12.81139	-1486.359	-660.2988	61.92175	7.117439	-2289.754	-507.4733	32.02844	190.0356	-53.73666	-17.08185	-6.049822	-5.338078	-17.08185	-30.60498	-156.2278	-31.6726	-4.270463	-6.049822	-6.049822	82.56228	-4.626335	-8.185054	-5.338078	-17.08185	-4.626335	-8.185054
28.7	-12.81139	314.6406	-460.2988	461.9218	207.1174	-789.7544	-607.4733	-267.9716	-9.964355	46.26334	-17.08185	-6.049822	-5.338078	-17.08185	-130.605	43.77225	-31.6726	-4.270463	-6.049822	-6.049822	-17.43772	-4.626335	-8.185054	-5.338078	-17.08185	-4.626335	-8.185054
28.98	-12.81139	-985.3594	-861.2988	61.92175	7.117439	-1089.754	-407.4733	-367.9716	90.03564	46.26334	-17.08185	-6.049822	-5.338078	-17.08185	-30.60498	43.77225	-31.6726	-4.270463	-6.049822	-6.049822	-17.43772	-4.626335	-8.185054	-5.338078	-17.08185	-4.626335	-8.185054
29.26	187.1886	414.6406	-1161.299	161.9218	107.1174	-488.7544	-207.4733	32.02844	190.0356	-53.73666	82.91815	-6.049822	-5.338078	-17.08185	-30.60498	-56.22775	-31.6726	-4.270463	-6.049822	-6.049822	-17.43772	-4.626335	-8.185054	-5.338078	-17.08185	-4.626335	-8.185054
29.55	-12.81139	714.6406	-1261.299	261.9218	-92.88256	-1889.754	-307.4733	-67.97156	-309.9644	-53.73666	-17.08185	-6.049822	-5.338078	-17.08185	69.39502	-56.22775	-31.6726	-4.270463	-6.049822	-6.049822	-17.43772	-4.626335	-8.185054	-5.338078	-17.08185	-4.626335	-8.185054
29.83	-12.81139	120534.6	-761.2988	161.9218	-92.88256	411.2456	22904.53	-167.9716	-9.964355	446.2633	582.9182	93.95018	-5.338078	82.91815	303198.4	837140.8	-31.6726	-4.270463	193.9502	793.9502	682.5623	-4.626335	-8.185054	-5.338078	82.91815	-4.626335	-8.185054
30.12	387.1886	3036020	-160.2988	-238.0782	607.1174	23427.25	237634.5	332.0284	590.0356	2246.263	3282.918	393.9502	94.66192	-17.08185	410006.4	973135.8	-31.6726	95.72954	93.95018	893.9502	1282.562	-4.626335	391.8149	94.66192	-17.08185	-4.626335	391.8149
30.4	87.18861	4838742	239.7012	361.9218	607.1174	38048.25	322584.5	-567.9716	-709.9644	2446.263	4582.918	593.9502	-5.338078	-17.08185	249408.4	798816.8	-31.6726	-4.270463	393.9502	1193.95	882.5623	-4.626335	491.8149	-5.338078	-17.08185	-4.626335	491.8149
30.7	287.1886		1939.701	61.92175	707.1174	58693.25	479483.5	-67.97156	490.0356	3646.263	5783.918	693.9502	-5.338078	82.91815	290347.4	608371.8	-31.6726	95.72954	293.9502	793.9502	782.5623	195.3737	391.8149	-5.338078	82.91815	195.3737	391.8149
30.98	387.1886		2839.701	861.9218	107.1174	66013.24	508959.5	-67.97156	-9.964355	3846.263	5483.918	1093.95	-5.338078	-17.08185	249408.4	627633.8	68.3274	395.7295	393.9502	893.9502	1182.562	195.3737	191.8149	-5.338078	-17.08185	195.3737	191.8149
31.27	187.1886		1139.701	261.9218	307.1174	78552.24	578758.5	232.0284	-9.964355	5447.263	7083.918	593.9502	94.66192	-17.08185	244864.4	905695.8	68.3274	295.7295	193.9502	693.9502	1682.562	95.37366	891.8149	94.66192	-17.08185	95.37366	891.8149
31.56	387.1886		3040.701	661.9218	607.1174	76344.24	592782.5	-267.9716	590.0356	4846.263	4582.918	1093.95	-5.338078	82.91815	174376.4	500205.8	268.3274	95.72954	393.9502	193.9502	1382.562	195.3737	291.8149	-5.338078	82.91815	195.3737	291.8149
31.85	487.1886		1639.701	761.9218	607.1174	75742.24	693738.5	432.0284	-109.9644	4046.263	6083.918	293.9502	-5.338078	82.91815	174980.4	546969.8	168.3274	495.7295	593.9502	693.9502	582.5623	95.37366	191.8149	-5.338078	82.91815	95.37366	191.8149
32.13	87.18861		2539.701	761.9218	507.1174	86781.24	703711.5	232.0284	390.0356	4146.263	6083.918	1193.95	-5.338078	82.91815	208335.4	407137.8	68.3274	395.7295	93.95018	293.9502	1282.562	-4.626335	291.8149	-5.338078	82.91815	-4.626335	291.8149
32.42	287.1886		1439.701	361.9218	507.1174	93306.24	797884.5	-67.97156	790.0356	5647.263	6283.918	1093.95	-5.338078	-17.08185	158169.4	537583.8	-31.6726	595.7296	393.9502	893.9502	1482.562	-4.626335	691.8149	-5.338078	-17.08185	-4.626335	691.8149
32.7	187.1886		1139.701	261.9218	307.1174	92000.24	726244.5	132.0284	490.0356	5447.263	5083.918	993.9502	-5.338078	-17.08185	146598.4	415676.8	168.3274	495.7295	93.95018	593.9502	1082.562	95.37366	191.8149	-5.338078	-17.08185	95.37366	191.8149
32.99	87.18861		2839.701	1061.922	107.1174	88788.24	785190.5	-367.9716	-1009.964	5147.263	4782.918	1193.95	-5.338078	-17.08185	234666.4	657178.8	-31.6726	395.7295	193.9502	5294.95	1882.562	95.37366	591.8149	-5.338078	-17.08185	95.37366	591.8149
33.27	1087.189		2139.701	561.9218	807.1174	85275.24	802116.5	-467.9716	-309.9644	6647.263	5183.918	493.9502	-5.338078	-17.08185	868502.4	1939445	168.3274	395.7295	693.9502	14297.95	782.5623	-4.626335	91.81495	-5.338078	-17.08185	-4.626335	91.81495
33.56	1087.189		839.7012	561.9218	507.1174	100535.2	840758.5	32.02844	-309.9644	7047.263	7083.918	893.9502	-5.338078	-17.08185	1316974	3653585	168.3274	395.7295	93.95018	29210.95	882.5623	195.3737	1191.815	-5.338078	-17.08185	195.3737	1191.815
33.85	1387.189		639.7012	661.9218	907.1174	83569.24	732799.5	32.02844	-9.964355	6647.263	6183.918	693.9502	94.66192	-17.08185	2101396	5127558	168.3274	295.7295	293.9502	45434.95	1482.562	95.37366	1391.815	94.66192	-17.08185	95.37366	1391.815
34.14	2487.189		1539.701	1161.922	607.1174	116206.2	866828.5	-167.9716	-109.9644	5947.263	9884.918	1493.95	-5.338078	82.91815	3568976	7907100	268.3274	495.7295	493.9502	70392.95	1882.562	-4.626335	1291.815	-5.338078	82.91815	-4.626335	1291.815
34.43	2487.189		1239.701	1661.922	1107.117	99531.24	884845.5	-67.97156	-9.964355	7547.263	8283.918	2393.95	-5.338078	82.91815	3950082	9936409	168.3274	95.72954	393.9502	71094.95	1282.562	195.3737	1191.815	-5.338078	82.91815	195.3737	1191.815
34.71	2487.189		1539.701	1261.922	1507.117	100736.2	876870.5	432.0284	290.0356	7047.263	5983.918	1393.95	-5.338078	82.91815	5008926	1.254926e+07	68.3274	395.7295	593.9502	65378.95	1182.562	95.37366	1491.815	-5.338078	82.91815	95.37366	1491.815
35	2487.189		3740.701	2861.922	1907.117	93607.24	781786.5	332.0284	90.03564	7247.263	8684.918	1193.95	-5.338078	182.9182	7113440	1.805105e+07	368.3274	695.7296	993.9502	56958.95	3682.562	95.37366	991.8149	-5.338078	182.9182	95.37366	991.8149
35.28	2187.189		4340.701	6562.922	3707.117	96920.24	835279.5	532.0284	690.0356	9748.264	15887.92	1293.95	94.66192	182.9182	2.102911e+07	6.162567e+07	668.3274	895.7296	593.9502	45334.95	7483.562	395.3737	1591.815	94.66192	182.9182	395.3737	1591.815
35.57	3487.189		4540.701	8463.922	6908.118	87684.24	688906.5	232.0284	790.0356	7747.263	19490.92	1393.95	-5.338078	482.9182	4.20843e+07	9.854281e+07	368.3274	995.7296	293.9502	35418.95	8884.562	95.37366	1491.815	-5.338078	482.9182	95.37366	1491.815
35.85	4887.188		939.7012	15466.92	8108.118	62302.25	569959.5	1132.028	1490.036	9748.264	29900.92	693.9502	-5.338078	282.9182	6.743041e+07	1.541936e+08	568.3274	2195.729	693.9502	31913.95	9784.562	395.3737	1491.815	-5.338078	282.9182	395.3737	1491.815
36.14	5388.188		2940.701	20971.92	11710.12	56688.25	471125.5	1032.028	1090.036	10448.26	29299.92	393.9502	-5.338078	582.9182	7.737466e+07	2.483354e+08	368.3274	1595.729	393.9502	23504.95	7983.562	95.37366	1791.815	-5.338078	582.9182	95.37366	1791.815
36.43	6188.188	4990886	2839.701	25175.92	14011.12	47466.25	338088.5	1432.028	2590.036	12549.26	34706.92	893.9502	94.66192	1182.918	1.070551e+08	2.563482e+08	768.3274	2695.729	493.9502	21202.95	10184.56	-4.626335	1491.815	94.66192	1182.918	-4.626335	1491.815
36.71	7188.188	3945713	3040.701	33585.92	13911.12	35143.25	294323.5	1832.028	3290.036	13750.26	35708.92	493.9502	-5.338078	1282.918	1.055732e+08	2.743777e+08	868.3274	1395.729	93.95018	28209.95	11585.56	195.3737	1391.815	-5.338078	1282.918	195.3737	1391.815
37	3787.189	3433542	3040.701	47007.92	7508.118	24328.25	283107.5	1732.028	2790.036	16952.26	39113.92	393.9502	94.66192	2682.918	1.221123e+08	3.46502e+08	1668.327	1195.729	193.9502	16198.95	13686.56	-4.626335	3291.815	94.66192	2682.918	-4.626335	3291.815
37.29	3387.189	2455988	3140.701	80694.92	7708.118	24428.25	225522.5	2832.028	2290.036	23157.26	44722.92	193.9502	-5.338078	2682.918	1.311858e+08	3.12442e+08	3368.327	1495.729	93.95018	20802.95	11785.56	-4.626335	3891.815	-5.338078	2682.918	-4.626335	3891.815
37.57	2087.189	2030114	4040.701	106893.9	3907.117	17621.25	187910.5	2632.028	2290.036	27461.26	47928.92	193.9502	94.66192	3582.918	1.237616e+08	3.745531e+08	3168.327	1495.729	193.9502	22203.95	11585.56	95.37366	3591.815	94.66192	3582.918	95.37366	3591.815
37.86	787.1886	1740699	3140.701	114427.9	4007.117	13117.25	151360.5	3032.028	2990.036	27561.26	46325.92	293.9502	-5.338078	3382.918	1.234988e+08	3.46502e+08	4868.328	1295.729	193.9502	20001.95	11485.56	-4.626335	4191.815	-5.338078	3382.918	-4.626335	4191.815
38.14	1787.189	1456392	4040.701	137343.9	3307.117	10415.25	173707.5	2932.028	3290.036	28662.26	52738.92	393.9502	-5.338078	3482.918	1.354162e+08	3.444984e+08	3368.327	1495.729	93.95018	26007.95	11885.56	-4.626335	4891.815	-5.338078	3482.918	-4.626335	4891.815
38.43	987.1886	1411302	4340.701	156959.9	1107.117	8014.246	141301.5	2032.028	3691.036	31966.26	56947.92	193.9502	-5.338078	4382.918	1.245647e+08	3.084351e+08	4968.328	2895.729	93.95018	26107.95	10884.56	95.37366	6792.815	-5.338078	4382.918	95.37366	6792.815
38.71	587.1886	942796.6	2339.701	159072.9	2207.117	6613.246	117074.5	2432.028	3290.036	36573.26	55043.92	93.95018	-5.338078	3382.918	1.205658e+08	3.46502e+08	3568.327	2495.729	93.95018	26307.95	11685.56	-4.626335	6492.815	-5.338078	3382.918	-4.626335	6492.815
39	587.1886	880676.6	3040.701	170649.9	1207.117	5813.246	96385.52	2832.028	2590.036	38576.26	66069.92	-6.049822	-5.338078	3682.918	1.35094e+08	3.525128e+08	6069.328	2495.729	93.95018	27708.95	11685.56	-4.626335	6992.815	-5.338078	3682.918	-4.626335	6992.815
39.29	1287.189	540633.6	2940.701	174777.9	2407.117	5513.246	92068.52	2832.028	2490.036	40579.26	66671.92	193.9502	-5.338078	2382.918	1.285973e+08	3.505092e+08	3268.327	2795.729	-6.049822	24805.95	9884.562	95.37366	6492.815	-5.338078	2382.918	95.37366	6492.815
39.57	987.1886	650019.6	6441.701	206519.9	1007.117	4212.246	83839.52	2732.028	2690.036	43784.26	74593.92	93.95018	-5.338078	4882.918	1.40341e+08	3.645347e+08	3868.327	3695.729	-6.049822	29811.95	13986.56	-4.626335	5692.815	-5.338078	4882.918	-4.626335	5692.815
39.86	1787.189	609200.6	4640.701	221346.9	1307.117	2111.246	77919.52	1332.028	4991.036	42482.26	85729.92	93.95018	-5.338078	2882.918	1.389185e+08	3.645347e+08	5369.328	4395.729	-6.049822	28309.95	14987.56	-4.626335	7592.815	-5.338078	2882.918	-4.626335	7592.815
40.14	3387.189	468684.6	3840.701	214385.9	1407.117	1911.246	69293.52	1832.028	4291.036	40279.26	81615.92	93.95018	-5.338078	2282.918	1.313174e+08	4.086173e+08	4268.328	4795.729	193.9502	22103.95	11785.56	-4.626335	3891.815	-5.338078	2282.918	-4.626335	3891.815
40.43	3887.189	339591.6	3340.701	177899.9	5708.118	1311.246	58766.53	2132.028	3691.036	32567.26	76700.92	-6.049822	-5.338078	2882.918	1.328832e+08	3.424948e+08	3268.327	4895.729	-6.049822	20802.95	12385.56	-4.626335	3591.815	-5.338078	2882.918	-4.626335	3591.815
40.72	3487.189	799393.6	4940.701	142572.9	8909.117	2911.246	56661.53	1632.028	2690.036	33068.26	69278.92	-6.049822	-5.338078	2382.918	1.338494e+08	3.645347e+08	1968.327	3195.729	93.95018	16298.95	13085.56	-4.626335	2491.815	-5.338078	2382.918	-4.626335	2491.815
41	6888.188	292590.6	3940.701	121460.9	23418.12	2211.246	42732.53	2632.028	2490.036	22056.26	63262.92	193.9502	-5.338078	2582.918	1.310395e+08	3.965944e+08	2168.327	2295.729	-6.049822	12496.95	12485.56	-4.626335	1991.815	-5.338078	2582.918	-4.626335	1991.815
41.29	10189.19	129180.6	2039.701	95748.92	29224.12	1811.246	27409.53	3032.028	3791.036	17852.26	59453.92	-6.049822	-5.338078	1082.918	1.254848e+08	3.304735e+08	1768.327	1295.729	93.95018	7094.95	12485.56	-4.626335	1891.815	-5.338078	1082.918	-4.626335	1891.815
41.57	13090.19	193711.6	1139.701	80895.92	34231.12	-288.7544	29211.53	3332.028	3591.036	15351.26	54842.92	93.95018	-5.338078	1582.918	1.330735e+08	3.585237e+08	1468.327	1995.729	93.95018	8594.95	10184.56	195.3737	1691.815	-5.338078	1582.918	195.3737	1691.815
41.86	19995.19	141046.6	2839.701	67054.92	44246.12	111.2456	26308.53	3032.028	4391.036	14250.26	56746.92	93.95018	-5.338078	1582.918	1.329564e+08	3.224594e+08	668.3274	2795.729	93.95018	7194.95	11084.56	-4.626335	1191.815	-5.338078	1582.918	-4.626335	1191.815
42.15	21897.19	191392.6	2739.701	66653.92	44647.12	811.2456	25207.53	1732.028	4791.036	13550.26	54241.92	93.95018	94.66192	1482.918	1.381709e+08	3.384877e+08	1668.327	1695.729	-6.049822	7094.95	12085.56	-4.626335	1091.815	94.66192	1482.918	-4.626335	1091.815
42.43	22097.19	101345.6	3940.701	71466.92	48855.12	-188.7544	37423.53	2132.028	4591.036	14350.26	58951.92	293.9502	-5.338078	1282.918	1.444941e+08	3.364841e+08	1068.327	1095.729	93.95018	8494.95	14386.56	-4.626335	1791.815	-5.338078	1282.918	-4.626335	1791.815
42.72	20295.19	100441.6	3340.701	81096.92	43545.12	-388.7544	31614.53	2332.028	4191.036	22156.26	54141.92	193.9502	-5.338078	2682.918	1.433196e+08	3.945906e+08	1968.327	1095.729	193.9502	9495.95	18689.56	-4.626335	3091.815	-5.338078	2682.918	-4.626335	3091.815
43.01	12690.19	69227.64	3540.701	91231.92	29825.12	-989.7544	30613.53	2932.028	4691.036	28062.26	54541.92	93.95018	-5.338078	1982.918	1.41175e+08	3.46502e+08	2368.327	2295.729	93.95018	12696.95	20691.56	95.37366	2391.815	-5.338078	1982.918	95.37366	2391.815
43.29	11089.19	119529.6	1739.701	88521.92	22617.12	-388.7544	34018.53	3232.028	3891.036	28662.26	60455.92	293.9502	-5.338078	3682.918	1.368226e+08	4.046097e+08	2268.327	1595.729	-6.049822	16999.95	19590.56	-4.626335	2791.815	-5.338078	3682.918	-4.626335	2791.815
43.58	9789.188	61706.64	3840.701	92536.92	18014.12	-588.7544	36622.53	1332.028	4491.036	28462.26	62660.92	93.95018	-5.338078	3182.918	1.323271e+08	3.745531e+08	1868.327	1895.729	-6.049822	16198.95	14987.56	-4.626335	2891.815	-5.338078	3182.918	-4.626335	2891.815
43.86	8388.188	106166.6	4340.701	85812.92	10109.12	-1489.754	29812.53	2832.028	3991.036	28062.26	66069.92	-6.049822	-5.338078	4682.918	1.25266e+08	3.46502e+08	2568.327	1795.729	93.95018	26307.95	14786.56	-4.626335	1691.815	-5.338078	4682.918	-4.626335	1691.815
44.15	6188.188	73741.64	2739.701	85310.92	10309.12	-1789.754	29612.53	2432.028	3591.036	28763.26	64064.92	293.9502	-5.338078	4282.918	1.299425e+08	3.344805e+08	2268.327	2195.729	193.9502	35919.95	14086.56	95.37366	3091.815	-5.338078	4282.918	95.37366	3091.815
44.44	5888.188	77554.64	2940.701	84507.92	6208.118	511.2456	44635.53	2232.028	3190.036	33669.26	68375.92	193.9502	-5.338078	3282.918	1.35343e+08	3.68542e+08	2168.327	2495.729	-6.049822	53851.95	11084.56	-4.626335	3591.815	-5.338078	3282.918	-4.626335	3591.815
44.72	6088.188	100842.6	2239.701	79290.92	7108.118	-488.7544	39727.53	2632.028	4591.036	33068.26	68476.92	-6.049822	-5.338078	5383.918	1.410744e+08	4.066135e+08	2268.327	3095.729	93.95018	68286.95	16487.56	-4.626335	3591.815	-5.338078	5383.918	-4.626335	3591.815
45.01	5488.188	42962.64	939.7012	75077.92	11710.12	-1389.754	39526.53	3332.028	2390.036	33969.26	59453.92	993.9502	-5.338078	4782.918	1.427178e+08	3.485056e+08	3068.327	2595.729	-6.049822	81726.95	15787.56	-4.626335	4791.815	-5.338078	4782.918	-4.626335	4791.815
45.29	5288.188	38954.64	4640.701	66653.92	4007.117	-689.7544	42632.53	2932.028	2390.036	36072.26	69679.92	93.95018	-5.338078	4682.918	1.362072e+08	3.444984e+08	2968.327	2395.729	93.95018	88048.95	12585.56	-4.626335	4891.815	-5.338078	4682.918	-4.626335	4891.815
45.58	4887.188	28738.64	2539.701	67054.92	9709.117	411.2456	41730.53	2332.028	3290.036	40579.26	66370.92	-6.049822	94.66192	4382.918	1.354162e+08	3.605274e+08	3068.327	2695.729	193.9502	95375.95	12385.56	-4.626335	3791.815	94.66192	4382.918	-4.626335	3791.815
45.87	3687.189	31642.64	2639.701	56627.92	3507.117	1011.246	40828.53	2532.028	4191.036	42883.26	61758.92	-6.049822	-5.338078	3282.918	1.369252e+08	3.985982e+08	2968.327	2495.729	93.95018	96981.95	14786.56	-4.626335	5392.815	-5.338078	3282.918	-4.626335	5392.815
46.15	4087.189	32243.64	3740.701	55826.92	2507.117	-588.7544	41329.53	2632.028	3791.036	43384.26	62059.92	93.95018	-5.338078	3982.918	1.39901e+08	3.424948e+08	3668.327	1395.729	-6.049822	95375.95	14987.56	-4.626335	3591.815	-5.338078	3982.918	-4.626335	3591.815
46.44	3087.189	27436.64	3140.701	52218.92	3107.117	-989.7544	37723.53	2232.028	3591.036	37074.26	61157.92	93.95018	-5.338078	2982.918	1.307323e+08	4.36672e+08	2768.327	2195.729	-6.049822	90256.95	11885.56	-4.626335	5292.815	-5.338078	2982.918	-4.626335	5292.815
46.72	3887.189	41659.64	4740.701	55826.92	3007.117	-2089.754	39526.53	2632.028	2590.036	40879.26	58350.92	-6.049822	-5.338078	2882.918	1.383175e+08	3.545164e+08	3068.327	1895.729	193.9502	96680.95	13085.56	-4.626335	4091.815	-5.338078	2882.918	-4.626335	4091.815
47.01	3087.189	39555.64	1039.701	53621.92	1207.117	-989.7544	35921.53	4132.028	3090.036	36573.26	58049.92	93.95018	-5.338078	3182.918	1.451109e+08	3.545164e+08	2368.327	1895.729	93.95018	89453.95	11084.56	-4.626335	4191.815	-5.338078	3182.918	-4.626335	4191.815
47.3	3187.189	25033.64	4840.701	52919.92	1607.117	-188.7544	38324.53	2932.028	2690.036	36072.26	56145.92	193.9502	-5.338078	2982.918	1.360168e+08	3.12442e+08	3568.327	1095.729	-6.049822	82529.95	14987.56	-4.626335	3791.815	-5.338078	2982.918	-4.626335	3791.815
47.58	3587.189	21428.64	4340.701	55024.92	1007.117	-1089.754	32816.53	2332.028	3991.036	38275.26	55443.92	193.9502	-5.338078	3482.918	1.323563e+08	3.90583e+08	2368.327	1695.729	93.95018	69991.95	11985.56	-4.626335	5392.815	-5.338078	3482.918	-4.626335	5392.815
47.87	3187.189	21128.64	4540.701	60336.92	2207.117	-1389.754	37022.53	2032.028	2390.036	37374.26	55343.92	-6.049822	-5.338078	3182.918	1.381856e+08	3.885793e+08	2668.327	1195.729	193.9502	66080.95	12485.56	-4.626335	4291.815	-5.338078	3182.918	-4.626335	4291.815
48.16	3987.189	26334.64	1539.701	66853.92	1307.117	-1389.754	36922.53	2532.028	2890.036	37875.26	56245.92	-6.049822	-5.338078	2582.918	1.39725e+08	3.82568e+08	3168.327	1195.729	93.95018	73401.95	12685.56	-4.626335	2791.815	-5.338078	2582.918	-4.626335	2791.815
48.44	2987.189	27035.64	3340.701	61539.92	2107.117	-889.7544	35420.53	532.0284	5091.036	35972.26	53940.92	-6.049822	-5.338078	3182.918	1.40913e+08	3.525128e+08	1368.327	1795.729	-6.049822	67885.95	12285.56	-4.626335	4191.815	-5.338078	3182.918	-4.626335	4191.815
48.73	2987.189	17124.64	2940.701	74976.92	3307.117	11.24561	36321.53	2032.028	3791.036	36172.26	54541.92	-6.049822	-5.338078	2482.918	1.342007e+08	3.32477e+08	2568.327	2095.729	193.9502	59865.95	11985.56	-4.626335	2991.815	-5.338078	2482.918	-4.626335	2991.815
49.01	3087.189	20327.64	4840.701	75578.92	4907.118	-1389.754	31414.53	2632.028	3791.036	37474.26	48429.92	93.95018	-5.338078	2582.918	1.336444e+08	3.525128e+08	2468.327	1295.729	-6.049822	55454.95	12285.56	95.37366	2891.815	-5.338078	2582.918	95.37366	2891.815
49.3	4187.188	17725.64	3840.701	83504.92	8208.117	-789.7544	29812.53	2132.028	3390.036	31866.26	52738.92	-6.049822	-5.338078	1982.918	1.422041e+08	3.765569e+08	2568.327	1095.729	193.9502	43531.95	12885.56	-4.626335	1891.815	-5.338078	1982.918	-4.626335	1891.815
49.59	9889.188	26935.64	4040.701	81296.92	13211.12	-989.7544	29512.53	3932.028	3491.036	31866.26	50733.92	93.95018	-5.338078	2382.918	1.413825e+08	3.525128e+08	2268.327	1295.729	-6.049822	40225.95	12285.56	-4.626335	2791.815	-5.338078	2382.918	-4.626335	2791.815
49.87	9189.188	18225.64	2639.701	83203.92	21416.12	-1989.754	26108.53	2332.028	2790.036	28562.26	48729.92	93.95018	-5.338078	1682.918	1.380097e+08	4.00602e+08	1768.327	2295.729	93.95018	29711.95	12685.56	95.37366	1691.815	-5.338078	1682.918	95.37366	1691.815
50.16	14191.19	16924.64	3840.701	86715.92	32628.12	-1089.754	27710.53	3232.028	3591.036	28262.26	45924.92	193.9502	-5.338078	2482.918	1.423362e+08	3.304735e+08	1368.327	1895.729	293.9502	24705.95	13586.56	-4.626335	1991.815	-5.338078	2482.918	-4.626335	1991.815
50.44	19595.19	19727.64	4140.701	73973.92	35733.12	-1889.754	19701.53	3332.028	2790.036	21756.26	48429.92	193.9502	-5.338078	1882.918	1.319173e+08	3.745531e+08	1768.327	1495.729	-6.049822	20902.95	11485.56	-4.626335	1591.815	-5.338078	1882.918	-4.626335	1591.815
50.73	18894.19	11319.64	2539.701	72168.92	41942.12	-789.7544	23505.53	2432.028	2590.036	19654.26	46425.92	93.95018	-5.338078	1582.918	1.335712e+08	3.745531e+08	1468.327	1095.729	193.9502	17399.95	12085.56	-4.626335	1491.815	-5.338078	1582.918	-4.626335	1491.815
51.01	19795.19	14922.64	1339.701	60537.92	46851.12	-288.7544	16299.53	2032.028	3491.036	16051.26	43620.92	193.9502	-5.338078	1382.918	1.610621e+08	3.505092e+08	968.3274	1095.729	-6.049822	14998.95	12385.56	-4.626335	791.8149	-5.338078	1382.918	-4.626335	791.8149
51.3	26301.19	34647.64	3240.701	59935.92	54567.12	-1389.754	15898.53	2332.028	4091.036	15351.26	42418.92	493.9502	-5.338078	1182.918	1.30235e+08	3.645347e+08	1168.327	1595.729	193.9502	13497.95	12785.56	-4.626335	1091.815	-5.338078	1182.918	-4.626335	1091.815
51.59	29304.19	9518.641	2839.701	51917.92	53264.12	111.2456	15098.53	2232.028	4091.036	13950.26	44121.92	193.9502	-5.338078	982.9182	1.271649e+08	3.424948e+08	1068.327	995.7296	-6.049822	12996.95	11685.56	-4.626335	1091.815	-5.338078	982.9182	-4.626335	1091.815
51.87	28904.19	8718.641	1439.701	51216.92	63588.12	-1189.754	11696.53	2432.028	2190.036	10448.26	49130.92	193.9502	-5.338078	882.9182	1.365149e+08	3.90583e+08	968.3274	1995.729	193.9502	9695.95	14386.56	-4.626335	991.8149	-5.338078	882.9182	-4.626335	991.8149
52.16	30806.19	8517.641	2139.701	44603.92	61483.12	-488.7544	10795.53	3032.028	3390.036	10548.26	48128.92	193.9502	-5.338078	1382.918	1.302496e+08	4.00602e+08	668.3274	2395.729	93.95018	9495.95	12785.56	95.37366	591.8149	-5.338078	1382.918	95.37366	591.8149
52.45	29705.19	9318.641	3940.701	40696.92	58175.12	-188.7544	7594.527	1032.028	2590.036	11649.26	43720.92	193.9502	-5.338078	482.9182	1.327222e+08	3.925868e+08	1068.327	1995.729	93.95018	7694.95	12285.56	-4.626335	491.8149	-5.338078	482.9182	-4.626335	491.8149
52.73	30105.19	6716.641	4140.701	38693.92	63789.12	-1089.754	13197.53	2632.028	2990.036	9248.264	47828.92	493.9502	-5.338078	882.9182	1.356799e+08	3.304735e+08	1068.327	1995.729	93.95018	7494.95	11585.56	-4.626335	991.8149	-5.338078	882.9182	-4.626335	991.8149
53.02	31006.19	8417.641	3440.701	36289.92	62485.12	-1789.754	10095.53	2732.028	1890.036	9348.264	46826.92	-6.049822	-5.338078	982.9182	1.337176e+08	3.785605e+08	1068.327	2595.729	93.95018	6694.95	12485.56	-4.626335	891.8149	-5.338078	982.9182	-4.626335	891.8149
53.3	34210.19	8718.641	2439.701	33184.92	71209.12	-288.7544	8994.526	2832.028	3491.036	6647.263	54040.92	-6.049822	-5.338078	782.9182	1.408543e+08	3.705457e+08	1168.327	2095.729	-6.049822	6694.95	13786.56	-4.626335	391.8149	-5.338078	782.9182	-4.626335	391.8149
53.59	35612.19	5916.641	3440.701	42098.92	71810.12	-188.7544	8894.526	2232.028	3290.036	6847.263	56245.92	293.9502	-5.338078	482.9182	1.25266e+08	4.36672e+08	568.3274	2795.729	-6.049822	5394.95	13286.56	-4.626335	791.8149	-5.338078	482.9182	-4.626335	791.8149
53.87	30405.19	4715.641	3640.701	36489.92	65593.12	-1089.754	9595.526	2532.028	2490.036	6947.263	49230.92	393.9502	-5.338078	682.9182	1.348743e+08	3.585237e+08	568.3274	1495.729	-6.049822	4893.95	13085.56	-4.626335	591.8149	-5.338078	682.9182	-4.626335	591.8149
54.16	26301.19	11619.64	2339.701	36890.92	58576.12	-789.7544	9595.526	1732.028	2690.036	10248.26	46525.92	193.9502	-5.338078	882.9182	1.303959e+08	3.264664e+08	768.3274	2595.729	93.95018	6794.95	9984.562	-4.626335	491.8149	-5.338078	882.9182	-4.626335	491.8149
54.45	26501.19	7017.641	1839.701	38993.92	65092.12	-889.7544	16299.53	2432.028	2590.036	8848.264	50934.92	93.95018	-5.338078	482.9182	1.409277e+08	3.90583e+08	1468.327	1995.729	-6.049822	11296.95	10584.56	95.37366	991.8149	-5.338078	482.9182	95.37366	991.8149
54.73	27002.19	9018.641	1939.701	46807.92	56772.12	11.24561	10295.53	2532.028	4091.036	10748.26	56345.92	-6.049822	-5.338078	382.9182	1.335712e+08	3.46502e+08	568.3274	1895.729	193.9502	16999.95	11485.56	-4.626335	1191.815	-5.338078	382.9182	-4.626335	1191.815
55.02	25700.19	10619.64	2940.701	61639.92	52061.12	511.2456	14297.53	1932.028	3591.036	15251.26	61758.92	93.95018	-5.338078	582.9182	1.416465e+08	3.90583e+08	1268.327	2095.729	93.95018	25006.95	13085.56	-4.626335	1491.815	-5.338078	582.9182	-4.626335	1491.815
55.31	18894.19	8618.641	2639.701	62642.92	49155.12	-488.7544	15298.53	2132.028	3891.036	14250.26	57448.92	193.9502	-5.338078	1082.918	1.324002e+08	3.304735e+08	1968.327	3095.729	-6.049822	30011.95	12285.56	-4.626335	1991.815	-5.338078	1082.918	-4.626335	1991.815
55.59	16593.19	11920.64	1239.701	74174.92	42243.12	-288.7544	21303.53	3132.028	3090.036	17952.26	57448.92	193.9502	-5.338078	1282.918	1.276179e+08	3.805643e+08	2368.327	2495.729	-6.049822	41327.95	13486.56	-4.626335	2091.815	-5.338078	1282.918	-4.626335	2091.815
55.88	17793.19	12220.64	2339.701	84708.92	41041.12	-1189.754	23405.53	2532.028	3390.036	19954.26	69679.92	393.9502	-5.338078	1082.918	1.298109e+08	3.565201e+08	1568.327	3795.729	93.95018	52047.95	12085.56	-4.626335	2291.815	-5.338078	1082.918	-4.626335	2291.815
56.16	13190.19	14121.64	3640.701	94945.92	33029.12	-188.7544	30813.53	1532.028	2690.036	23757.26	69478.92	93.95018	-5.338078	1782.918	1.412944e+08	3.725494e+08	1468.327	4095.729	93.95018	69590.95	13786.56	-4.626335	3191.815	-5.338078	1782.918	-4.626335	3191.815
56.45	14091.19	25333.64	2039.701	105086.9	33730.12	-88.75439	23405.53	2932.028	4391.036	20755.26	63162.92	393.9502	-5.338078	982.9182	1.352551e+08	3.144455e+08	2768.327	3495.729	-6.049822	74303.95	10784.56	-4.626335	3691.815	-5.338078	982.9182	-4.626335	3691.815
56.74	10089.19	17825.64	3440.701	116336.9	24519.12	-1689.754	29912.53	1732.028	3991.036	32467.26	78405.92	93.95018	-5.338078	1582.918	1.443179e+08	4.066135e+08	4268.328	4295.729	193.9502	96077.95	11885.56	-4.626335	4191.815	-5.338078	1582.918	-4.626335	4191.815
57.02	8288.188	21829.64	2039.701	134729.9	19715.12	211.2456	30914.53	2532.028	3691.036	34169.26	77301.92	193.9502	-5.338078	1382.918	1.346986e+08	3.865756e+08	3368.327	3195.729	193.9502	94270.95	13386.56	-4.626335	3991.815	-5.338078	1382.918	-4.626335	3991.815
57.31	5688.188	20728.64	2439.701	139052.9	15312.12	611.2456	33217.53	1332.028	2690.036	34169.26	86231.92	193.9502	-5.338078	2682.918	1.390798e+08	3.705457e+08	3668.327	3395.729	93.95018	118876	15087.56	-4.626335	5692.815	-5.338078	2682.918	-4.626335	5692.815
57.6	5288.188	25834.64	2839.701	164809.9	15112.12	-88.75439	37723.53	2032.028	2590.036	39678.26	84324.92	-6.049822	94.66192	3182.918	1.35094e+08	3.344805e+08	4168.328	3795.729	93.95018	118474	13486.56	-4.626335	4891.815	94.66192	3182.918	-4.626335	4891.815
57.88	5088.188	27436.64	2839.701	161286.9	10009.12	111.2456	37122.53	2832.028	3190.036	38976.26	80211.92	193.9502	-5.338078	2182.918	1.28378e+08	3.705457e+08	3568.327	2195.729	193.9502	120685	13386.56	-4.626335	6892.815	-5.338078	2182.918	-4.626335	6892.815
58.17	6088.188	75948.64	3340.701	170951.9	8609.117	-1389.754	47340.53	1432.028	2890.036	36473.26	78304.92	-6.049822	-5.338078	3382.918	1.388452e+08	3.82568e+08	5269.328	5296.729	93.95018	126212	12685.56	-4.626335	5392.815	-5.338078	3382.918	-4.626335	5392.815
58.45	3587.189	30140.64	4140.701	185353.9	6908.118	-88.75439	44635.53	2832.028	2090.036	39077.26	79910.92	293.9502	-5.338078	1782.918	1.382295e+08	3.645347e+08	4468.328	3995.729	93.95018	179637	13586.56	-4.626335	5692.815	-5.338078	1782.918	-4.626335	5692.815
58.74	3287.189	51781.64	2339.701	176590.9	6408.118	111.2456	50848.53	1232.028	2690.036	38175.26	82618.92	493.9502	-5.338078	3482.918	1.338494e+08	3.585237e+08	4568.328	4395.729	193.9502	256402	12485.56	-4.626335	7792.815	-5.338078	3482.918	-4.626335	7792.815
59.03	4087.189	103856.6	1239.701	155751.9	5108.118	1111.246	58866.53	2632.028	4591.036	36272.26	80110.92	1393.95	-5.338078	2782.918	1.399156e+08	3.785605e+08	4668.328	4195.729	193.9502	295226.9	14086.56	-4.626335	6592.815	-5.338078	2782.918	-4.626335	6592.815
59.31	3087.189	165703.6	4040.701	149815.9	5508.118	6413.246	80929.52	1132.028	2690.036	33268.26	72788.92	1993.95	-5.338078	2682.918	1.363098e+08	3.965944e+08	5569.328	3195.729	193.9502	320332.9	11685.56	-4.626335	6792.815	-5.338078	2682.918	-4.626335	6792.815
59.6	3987.189	279640.6	4840.701	151726.9	4807.118	8614.246	87150.52	3032.028	3491.036	32968.26	67573.92	1793.95	-5.338078	2882.918	1.283195e+08	3.805643e+08	4568.328	1895.729	93.95018	249432	12785.56	-4.626335	5492.815	-5.338078	2882.918	-4.626335	5492.815
59.88	2487.189	257498.6	2639.701	134829.9	4107.118	6813.246	87552.52	2032.028	2990.036	29864.26	69579.92	2093.95	-5.338078	2882.918	1.265512e+08	3.725494e+08	4468.328	2895.729	93.95018	214914	12985.56	295.3737	4591.815	-5.338078	2882.918	295.3737	4591.815
60.17	1887.189	241940.6	2839.701	141064.9	2607.117	6413.246	89057.52	3032.028	4191.036	31466.26	69679.92	993.9502	-5.338078	2082.918	1.266388e+08	3.605274e+08	4268.328	3495.729	193.9502	183566	9884.562	-4.626335	5492.815	-5.338078	2082.918	-4.626335	5492.815
60.46	2687.189	265180.6	2239.701	155651.9	4807.118	6713.246	79725.52	2132.028	4091.036	34470.26	74192.92	1193.95	94.66192	2982.918	1.31654e+08	3.565201e+08	5169.328	2995.729	393.9502	173897	10684.56	-4.626335	5992.815	94.66192	2982.918	-4.626335	5992.815
60.74	2787.189	270842.6	3840.701	144282.9	8508.117	4512.246	70196.52	2432.028	3691.036	30264.26	74092.92	1093.95	-5.338078	2882.918	1.316978e+08	3.665384e+08	4668.328	3295.729	193.9502	164332	14186.56	-4.626335	4991.815	-5.338078	2882.918	-4.626335	4991.815
61.03	5188.188	275695.6	1939.701	148507.9	11910.12	1511.246	68591.52	3232.028	2890.036	27461.26	93657.92	893.9502	-5.338078	2382.918	1.318442e+08	3.62531e+08	3268.327	4995.729	193.9502	149339	10184.56	-4.626335	3691.815	-5.338078	2382.918	-4.626335	3691.815
61.31	6488.188	235578.6	1739.701	152330.9	16012.12	2611.246	47841.53	2632.028	3591.036	22756.26	96869.92	493.9502	-5.338078	1882.918	1.342886e+08	3.725494e+08	2868.327	4695.729	93.95018	137773	12185.56	-4.626335	3791.815	-5.338078	1882.918	-4.626335	3791.815
61.6	6488.188	183129.6	2039.701	157160.9	24019.12	3012.246	39827.53	2732.028	4091.036	18253.26	95665.92	993.9502	-5.338078	1982.918	1.284072e+08	3.184524e+08	1368.327	4395.729	-6.049822	111542	14386.56	-4.626335	3491.815	-5.338078	1982.918	-4.626335	3491.815
61.89	6388.188	140443.6	3640.701	157563.9	34831.12	111.2456	35520.53	2932.028	3991.036	12849.26	91148.92	593.9502	-5.338078	2282.918	1.294014e+08	3.965944e+08	2968.327	5796.729	-6.049822	85539.95	13085.56	-4.626335	2791.815	-5.338078	2282.918	-4.626335	2791.815
62.17	6188.188	116012.6	1939.701	157563.9	32829.12	-989.7544	27910.53	2132.028	2390.036	12049.26	89743.92	793.9502	-5.338078	1882.918	1.32371e+08	3.945906e+08	1468.327	3095.729	293.9502	65278.95	11885.56	-4.626335	2191.815	-5.338078	1882.918	-4.626335	2191.815
62.46	8288.188	89998.64	3540.701	170145.9	43946.12	1411.246	20902.53	2932.028	3491.036	8447.264	85929.92	493.9502	-5.338078	2082.918	1.335712e+08	3.585237e+08	2068.327	4195.729	93.95018	54552.95	12685.56	-4.626335	1191.815	-5.338078	2082.918	-4.626335	1191.815
62.74	6088.188	73240.64	1939.701	149312.9	40840.12	911.2456	16599.53	2732.028	3691.036	8547.264	79910.92	93.95018	-5.338078	1582.918	1.319905e+08	3.865756e+08	868.3274	3895.729	393.9502	42429.95	12485.56	-4.626335	1791.815	-5.338078	1582.918	-4.626335	1791.815
63.03	6388.188	42260.64	2639.701	151626.9	44146.12	-88.75439	14898.53	1032.028	3591.036	8247.264	73590.92	693.9502	-5.338078	1282.918	1.30981e+08	3.565201e+08	1068.327	2695.729	93.95018	37421.95	12485.56	-4.626335	1591.815	-5.338078	1282.918	-4.626335	1591.815
63.32	6288.188	44966.64	4140.701	150620.9	48755.12	111.2456	16699.53	2032.028	3591.036	8948.264	72587.92	93.95018	-5.338078	1382.918	1.294014e+08	3.985982e+08	1268.327	2395.729	93.95018	31513.95	11785.56	-4.626335	1791.815	-5.338078	1382.918	-4.626335	1791.815
63.6	6388.188	41659.64	3940.701	150418.9	46851.12	-88.75439	12696.53	2032.028	3991.036	10548.26	63262.92	793.9502	-5.338078	1582.918	1.297816e+08	3.90583e+08	1068.327	2495.729	93.95018	39424.95	11485.56	-4.626335	1691.815	-5.338078	1582.918	-4.626335	1691.815
63.89	10289.19	35748.64	1939.701	127591.9	53264.12	1311.246	14297.53	2732.028	4291.036	8748.264	67373.92	593.9502	-5.338078	1482.918	1.328247e+08	4.00602e+08	1468.327	1995.729	93.95018	41728.95	12185.56	-4.626335	1391.815	-5.338078	1482.918	-4.626335	1391.815
64.17	13691.19	45667.64	2139.701	108601.9	60180.12	-588.7544	16699.53	1932.028	3290.036	9548.264	59152.92	793.9502	-5.338078	1082.918	1.311273e+08	3.525128e+08	1068.327	2395.729	93.95018	41628.95	12985.56	-4.626335	1691.815	-5.338078	1082.918	-4.626335	1691.815
64.46	17693.19	68726.64	2839.701	84607.92	60781.12	611.2456	13397.53	932.0284	2090.036	9848.264	49932.92	493.9502	-5.338078	1482.918	1.314784e+08	3.364841e+08	868.3274	2695.729	93.95018	39825.95	13686.56	-4.626335	1091.815	-5.338078	1482.918	-4.626335	1091.815
64.75	24399.19	28037.64	3240.701	80193.92	66696.12	-889.7544	14497.53	3332.028	2990.036	9948.264	52938.92	893.9502	-5.338078	782.9182	1.295915e+08	3.725494e+08	1468.327	1995.729	93.95018	48340.95	11685.56	-4.626335	2491.815	-5.338078	782.9182	-4.626335	2491.815
65.03	23498.19	27536.64	1739.701	75077.92	64089.12	-488.7544	15498.53	2432.028	3090.036	12649.26	41917.92	693.9502	-5.338078	882.9182	1.337322e+08	3.605274e+08	1268.327	1795.729	-6.049822	52849.95	12085.56	-4.626335	1691.815	-5.338078	882.9182	-4.626335	1691.815
65.32	20896.19	18726.64	239.7012	69962.92	56471.12	-789.7544	14898.53	3332.028	4591.036	16451.26	44021.92	193.9502	-5.338078	982.9182	1.432021e+08	3.665384e+08	1268.327	2395.729	-6.049822	60967.95	12085.56	-4.626335	1991.815	-5.338078	982.9182	-4.626335	1991.815
65.6	18994.19	21529.64	1139.701	75979.92	44747.12	-288.7544	18400.53	2232.028	4291.036	19253.26	45924.92	593.9502	-5.338078	1782.918	1.336298e+08	3.885793e+08	1768.327	1995.729	93.95018	66080.95	13185.56	-4.626335	2591.815	-5.338078	1782.918	-4.626335	2591.815
65.89	13491.19	20127.64	1539.701	71566.92	36434.12	-1289.754	21403.53	2932.028	3090.036	21255.26	44121.92	93.95018	-5.338078	1682.918	1.331174e+08	3.785605e+08	2268.327	2095.729	-6.049822	75206.95	9784.562	-4.626335	2991.815	-5.338078	1682.918	-4.626335	2991.815
66.18	10589.19	20427.64	2339.701	76983.92	25921.12	-1389.754	24306.53	1932.028	3491.036	27962.26	45123.92	493.9502	-5.338078	2382.918	1.344643e+08	3.32477e+08	3068.327	2395.729	93.95018	83633.95	12985.56	-4.626335	2691.815	-5.338078	2382.918	-4.626335	2691.815
66.46	8989.188	19727.64	4040.701	67154.92	17213.12	211.2456	27609.53	1332.028	2690.036	27862.26	50132.92	193.9502	-5.338078	1682.918	1.363391e+08	3.404912e+08	2568.327	1295.729	-6.049822	102303	11084.56	95.37366	2691.815	-5.338078	1682.918	95.37366	2691.815
66.75	7288.188	20628.64	1039.701	67655.92	18214.12	411.2456	24906.53	1532.028	2690.036	33769.26	46926.92	193.9502	-5.338078	1882.918	1.359582e+08	3.865756e+08	2268.327	2095.729	93.95018	127820	10484.56	-4.626335	5192.815	-5.338078	1882.918	-4.626335	5192.815
67.04	7188.188	60903.64	3540.701	58833.92	12410.12	-88.75439	34018.53	3532.028	4491.036	31266.26	46826.92	-6.049822	94.66192	2682.918	1.421748e+08	4.106212e+08	2168.327	1895.729	293.9502	148735	13586.56	95.37366	3491.815	94.66192	2682.918	95.37366	3491.815
67.32	7888.188	25333.64	1939.701	54723.92	9209.117	711.2456	31915.53	2632.028	3491.036	33969.26	46826.92	93.95018	-5.338078	2782.918	1.386253e+08	3.82568e+08	2968.327	1195.729	93.95018	173897	12985.56	-4.626335	4691.815	-5.338078	2782.918	-4.626335	4691.815
67.61	4687.188	35548.64	4140.701	50915.92	5608.118	-1589.754	37122.53	3032.028	4991.036	41781.26	50733.92	393.9502	-5.338078	3482.918	1.411917e+08	4.246484e+08	3068.327	1695.729	93.95018	221471	13185.56	-4.626335	4591.815	-5.338078	3482.918	-4.626335	4591.815
67.89	5988.188	28537.64	2739.701	48009.92	9809.117	11.24561	35019.53	2432.028	4291.036	44085.26	55945.92	-6.049822	-5.338078	4182.918	1.374967e+08	3.985982e+08	3368.327	1095.729	-6.049822	251755	10884.56	-4.626335	5392.815	-5.338078	4182.918	-4.626335	5392.815
68.18	4287.188	26535.64	2940.701	46406.92	7508.118	-789.7544	41029.53	2432.028	1990.036	39678.26	52938.92	93.95018	-5.338078	3182.918	1.254701e+08	3.485056e+08	2868.327	2295.729	-6.049822	285413.9	9484.562	-4.626335	5492.815	-5.338078	3182.918	-4.626335	5492.815
68.46	4887.188	28037.64	739.7012	48911.92	4607.118	-689.7544	36421.53	2032.028	3891.036	42883.26	52938.92	-6.049822	-5.338078	2882.918	1.307615e+08	3.104385e+08	3168.327	2195.729	93.95018	321345.9	12785.56	-4.626335	7092.815	-5.338078	2882.918	-4.626335	7092.815
68.75	6088.188	29639.64	2439.701	54222.92	4507.118	-1089.754	48142.53	2132.028	3390.036	49796.26	54742.92	193.9502	-5.338078	4082.918	1.321807e+08	3.585237e+08	3668.327	1995.729	193.9502	343537.9	10784.56	-4.626335	7592.815	-5.338078	4082.918	-4.626335	7592.815
69.04	10589.19	35448.64	2940.701	57630.92	3907.117	-288.7544	46038.53	2132.028	3390.036	46489.26	56646.92	893.9502	-5.338078	3982.918	1.263174e+08	3.645347e+08	2868.327	1795.729	1193.95	351852.9	12785.56	-4.626335	6392.815	-5.338078	3982.918	-4.626335	6392.815
69.32	18594.19	46769.64	2539.701	57530.92	6508.118	1911.246	41129.53	2732.028	4191.036	48293.26	62059.92	2493.95	94.66192	3782.918	1.407223e+08	4.026059e+08	3868.327	2295.729	1893.95	410841.9	11885.56	-4.626335	5692.815	94.66192	3782.918	-4.626335	5692.815
69.61	29605.19	54788.64	2940.701	62742.92	12510.12	-288.7544	45637.53	1332.028	2790.036	47591.26	53640.92	1493.95	94.66192	3582.918	1.321368e+08	3.665384e+08	4668.328	3095.729	1293.95	409418.9	9784.562	95.37366	5192.815	94.66192	3582.918	95.37366	5192.815
69.9	32007.19	46870.64	3040.701	62843.92	8709.117	2111.246	40027.53	1432.028	2890.036	45888.26	57047.92	1793.95	-5.338078	2582.918	1.310834e+08	3.865756e+08	3568.327	2795.729	1293.95	388590.9	10984.56	-4.626335	5692.815	-5.338078	2582.918	-4.626335	5692.815
70.18	32408.19	43162.64	4840.701	63344.92	9209.117	-188.7544	34919.53	2232.028	1590.036	39978.26	56847.92	1693.95	-5.338078	3182.918	1.382295e+08	3.545164e+08	3768.327	2095.729	1693.95	398138.9	10484.56	95.37366	4391.815	-5.338078	3182.918	95.37366	4391.815
70.47	46029.19	37251.64	2940.701	55525.92	10809.12	1011.246	31314.53	2532.028	1890.036	36373.26	50533.92	1893.95	-5.338078	3582.918	1.303812e+08	3.945906e+08	2868.327	1895.729	593.9502	344450.9	13786.56	-4.626335	4091.815	-5.338078	3582.918	-4.626335	4091.815
70.75	33910.19	31041.64	3140.701	46406.92	6708.118	-689.7544	30413.53	1832.028	4391.036	35071.26	49631.92	2493.95	-5.338078	2482.918	1.348743e+08	3.585237e+08	3668.327	1695.729	393.9502	304942.9	11585.56	95.37366	4191.815	-5.338078	2482.918	95.37366	4191.815
71.04	31907.19	29238.64	3540.701	41998.92	6508.118	411.2456	29712.53	2332.028	3090.036	30665.26	50232.92	1593.95	-5.338078	2082.918	1.309225e+08	3.62531e+08	3068.327	1295.729	293.9502	238022	10284.56	-4.626335	3591.815	-5.338078	2082.918	-4.626335	3591.815
71.33	25200.19	44164.64	3240.701	38192.92	6408.118	-588.7544	39727.53	1932.028	3190.036	26460.26	45123.92	1893.95	-5.338078	2482.918	1.315662e+08	3.545164e+08	2668.327	1195.729	93.95018	198176	11385.56	-4.626335	3491.815	-5.338078	2482.918	-4.626335	3491.815
71.61	28103.19	21328.64	2039.701	32183.92	5808.118	311.2456	32716.53	2332.028	3891.036	25759.26	45123.92	893.9502	-5.338078	4182.918	1.329857e+08	3.605274e+08	4268.328	1395.729	393.9502	193440	11885.56	-4.626335	4291.815	-5.338078	4182.918	-4.626335	4291.815
71.9	22998.19	21428.64	1839.701	37891.92	9209.117	711.2456	35220.53	1832.028	3491.036	24158.26	43119.92	1493.95	-5.338078	2582.918	1.350208e+08	3.404912e+08	4268.328	1295.729	193.9502	164836	9384.562	-4.626335	5692.815	-5.338078	2582.918	-4.626335	5692.815
72.18	22497.19	14522.64	1739.701	36289.92	11110.12	-989.7544	29612.53	2132.028	2190.036	22756.26	44321.92	593.9502	-5.338078	2482.918	1.077382e+08	2.803876e+08	2868.327	695.7296	193.9502	125810	7383.562	-4.626335	3991.815	-5.338078	2482.918	-4.626335	3991.815
72.47	12490.19	12820.64	1339.701	26476.92	7108.118	-989.7544	20102.53	1632.028	1790.036	16251.26	25095.92	293.9502	-5.338078	1782.918	7.49544e+07	1.842369e+08	1868.327	895.7296	193.9502	93267.95	4282.562	-4.626335	2691.815	-5.338078	1782.918	-4.626335	2691.815
72.76	10489.19	13121.64	1539.701	15567.92	3907.117	111.2456	15598.53	1532.028	1690.036	12349.26	22292.92	393.9502	-5.338078	882.9182	5.66971e+07	1.533986e+08	1568.327	395.7295	393.9502	73300.95	2382.562	-4.626335	1691.815	-5.338078	882.9182	-4.626335	1691.815
73.04	7688.188	8417.641	2039.701	14466.92	3707.117	-1189.754	10595.53	232.0284	2790.036	9248.264	13486.92	193.9502	-5.338078	682.9182	4.201296e+07	1.160188e+08	1368.327	295.7295	93.95018	60165.95	2482.562	-4.626335	1191.815	-5.338078	682.9182	-4.626335	1191.815
73.33	6688.188	4015.641	1539.701	10464.92	2607.117	-1889.754	9595.526	632.0284	390.0356	7347.263	10484.92	393.9502	-5.338078	782.9182	3.277897e+07	9.184052e+07	968.3274	95.72954	-6.049822	44432.95	1882.562	-4.626335	1291.815	-5.338078	782.9182	-4.626335	1291.815
73.61	5388.188	4715.641	-160.2988	10464.92	1407.117	-989.7544	8394.526	232.0284	-209.9644	6047.263	12685.92	393.9502	-5.338078	482.9182	2.788674e+07	7.831426e+07	468.3274	295.7295	-6.049822	39725.95	1282.562	-4.626335	1491.815	-5.338078	482.9182	-4.626335	1491.815
73.9	2587.189	4415.641	1739.701	6362.922	1307.117	-1289.754	6193.527	-67.97156	-109.9644	3046.263	8183.918	993.9502	-5.338078	782.9182	2.034833e+07	5.81275e+07	868.3274	-4.270463	-6.049822	29010.95	1382.562	-4.626335	291.8149	-5.338078	782.9182	-4.626335	291.8149
74.18	4087.189	2515.641	639.7012	4462.922	1107.117	-1089.754	3493.527	332.0284	890.0356	3446.263	7083.918	193.9502	-5.338078	282.9182	1.80375e+07	4.753875e+07	568.3274	95.72954	-6.049822	25006.95	782.5623	-4.626335	191.8149	-5.338078	282.9182	-4.626335	191.8149
74.47	2887.189	2515.641	239.7012	4862.922	707.1174	-2289.754	1392.527	732.0284	90.03564	3346.263	4882.918	-6.049822	-5.338078	182.9182	1.281181e+07	3.824031e+07	468.3274	95.72954	-6.049822	18300.95	1482.562	-4.626335	691.8149	-5.338078	182.9182	-4.626335	691.8149
74.76	1587.189	3315.641	-961.2988	3361.922	407.1174	-1989.754	3793.527	-367.9716	-9.964355	2846.263	4982.918	-6.049822	-5.338078	382.9182	1.151013e+07	3.109319e+07	668.3274	195.7295	193.9502	13196.95	1482.562	-4.626335	491.8149	-5.338078	382.9182	-4.626335	491.8149
75.04	1287.189	2014.641	1339.701	2961.922	907.1174	-1789.754	1292.527	232.0284	-9.964355	1346.263	3182.918	-6.049822	-5.338078	82.91815	9106116	2.517196e+07	268.3274	195.7295	93.95018	14097.95	682.5623	-4.626335	391.8149	-5.338078	82.91815	-4.626335	391.8149
75.33	1687.189	3115.641	-160.2988	3661.922	407.1174	-889.7544	2392.527	432.0284	90.03564	2146.263	3182.918	-6.049822	94.66192	-17.08185	8540703	2.095466e+07	368.3274	-4.270463	-6.049822	12496.95	782.5623	-4.626335	291.8149	94.66192	-17.08185	-4.626335	291.8149
75.61	987.1886	414.6406	-1561.299	1661.922	507.1174	-789.7544	892.5267	132.0284	490.0356	1246.263	1782.918	-6.049822	-5.338078	82.91815	6251708	1.842098e+07	168.3274	-4.270463	93.95018	8895.95	1082.562	-4.626335	191.8149	-5.338078	82.91815	-4.626335	191.8149
75.9	887.1886	214.6406	-961.2988	3061.922	707.1174	-388.7544	1392.527	-167.9716	90.03564	846.2634	1882.918	-6.049822	-5.338078	182.9182	5305460	1.452437e+07	168.3274	95.72954	-6.049822	7794.95	382.5623	95.37366	91.81495	-5.338078	182.9182	95.37366	91.81495
76.18	787.1886	1914.641	-460.2988	961.9218	407.1174	-1689.754	592.5267	132.0284	290.0356	946.2634	2282.918	93.95018	-5.338078	82.91815	4528878	1.298965e+07	-31.6726	-4.270463	-6.049822	8194.95	482.5623	-4.626335	-8.185054	-5.338078	82.91815	-4.626335	-8.185054
76.47	387.1886	914.6406	-1561.299	1161.922	307.1174	-188.7544	1192.527	432.0284	-109.9644	346.2633	1182.918	-6.049822	-5.338078	182.9182	3794812	1.040488e+07	68.3274	95.72954	-6.049822	4593.95	582.5623	-4.626335	191.8149	-5.338078	182.9182	-4.626335	191.8149
76.76	187.1886	514.6406	-1161.299	461.9218	507.1174	-1589.754	1592.527	32.02844	190.0356	346.2633	1082.918	-6.049822	-5.338078	-17.08185	3145572	9283496	68.3274	-4.270463	-6.049822	3293.95	282.5623	-4.626335	291.8149	-5.338078	-17.08185	-4.626335	291.8149
77.04	687.1886	514.6406	-1861.299	1561.922	407.1174	-1789.754	792.5267	-167.9716	290.0356	246.2633	682.9182	-6.049822	-5.338078	-17.08185	3286702	6120002	-31.6726	-4.270463	-6.049822	3593.95	482.5623	-4.626335	91.81495	-5.338078	-17.08185	-4.626335	91.81495
77.33	787.1886	-685.3594	-1261.299	861.9218	-92.88256	-989.7544	1092.527	-67.97156	90.03564	446.2633	782.9182	-6.049822	-5.338078	82.91815	2623446	7892913	-31.6726	95.72954	-6.049822	2893.95	-17.43772	-4.626335	-8.185054	-5.338078	82.91815	-4.626335	-8.185054
77.62	387.1886	614.6406	-160.2988	961.9218	7.117439	-1989.754	-207.4733	32.02844	490.0356	446.2633	582.9182	-6.049822	94.66192	-17.08185	1833346	5737169	-31.6726	-4.270463	-6.049822	2193.95	182.5623	-4.626335	-8.185054	94.66192	-17.08185	-4.626335	-8.185054
77.91	187.1886	1414.641	-1361.299	261.9218	-92.88256	-1589.754	-307.4733	-267.9716	90.03564	446.2633	682.9182	-6.049822	-5.338078	-17.08185	1551210	3951164	-31.6726	-4.270463	-6.049822	2093.95	-17.43772	-4.626335	-8.185054	-5.338078	-17.08185	-4.626335	-8.185054
78.19	187.1886	314.6406	-1361.299	561.9218	107.1174	-1689.754	492.5267	-167.9716	90.03564	346.2633	282.9182	-6.049822	-5.338078	-17.08185	958799.4	4759008	-31.6726	-4.270463	-6.049822	3193.95	-17.43772	-4.626335	-8.185054	-5.338078	-17.08185	-4.626335	-8.185054
78.49	387.1886	1014.641	-2761.299	-138.0782	307.1174	-789.7544	-207.4733	-67.97156	90.03564	-53.73666	182.9182	-6.049822	-5.338078	-17.08185	1508892	2166061	-31.6726	-4.270463	-6.049822	2293.95	82.56228	-4.626335	-8.185054	-5.338078	-17.08185	-4.626335	-8.185054
78.77	87.18861	614.6406	-861.2988	161.9218	107.1174	-2489.754	-507.4733	-467.9716	-109.9644	346.2633	182.9182	-6.049822	-5.338078	82.91815	846982.4	2548507	-31.6726	-4.270463	-6.049822	1793.95	-17.43772	-4.626335	-8.185054	-5.338078	82.91815	-4.626335	-8.185054
79.06	87.18861	1214.641	-460.2988	-38.07825	-92.88256	611.2456	-107.4733	-367.9716	-309.9644	46.26334	82.91815	-6.049822	-5.338078	82.91815	670649.4	1755331	-31.6726	-4.270463	93.95018	793.9502	-17.43772	-4.626335	-8.185054	-5.338078	82.91815	-4.626335	-8.185054
79.35	187.1886	814.6406	-2461.299	561.9218	7.117439	-989.7544	-107.4733	32.02844	1090.036	246.2633	182.9182	-6.049822	-5.338078	82.91815	758714.4	1981934	68.3274	-4.270463	-6.049822	1493.95	182.5623	-4.626335	-8.185054	-5.338078	82.91815	-4.626335	-8.185054
79.63	-12.81139	-685.3594	-1161.299	261.9218	7.117439	-488.7544	-1007.473	-67.97156	-9.964355	446.2633	82.91815	-6.049822	-5.338078	82.91815	555168.4	1755331	-31.6726	-4.270463	-6.049822	1693.95	-17.43772	-4.626335	-8.185054	-5.338078	82.91815	-4.626335	-8.185054
79.92	187.1886	614.6406	-1861.299	461.9218	407.1174	-1989.754	792.5267	332.0284	-709.9644	46.26334	82.91815	-6.049822	-5.338078	-17.08185	407668.4	2265210	-31.6726	-4.270463	-6.049822	493.9502	82.56228	-4.626335	-8.185054	-5.338078	-17.08185	-4.626335	-8.185054
80.22	87.18861	-785.3594	-861.2988	561.9218	-92.88256	-1089.754	-107.4733	-167.9716	-509.9644	246.2633	-17.08185	-6.049822	-5.338078	-17.08185	451098.4	1443774	-31.6726	95.72954	-6.049822	1193.95	82.56228	-4.626335	-8.185054	-5.338078	-17.08185	-4.626335	-8.185054
80.51	87.18861	114.6406	-1161.299	-238.0782	-92.88256	-1389.754	592.5267	-467.9716	-209.9644	46.26334	82.91815	-6.049822	-5.338078	-17.08185	407363.4	764109.8	-31.6726	-4.270463	-6.049822	593.9502	82.56228	-4.626335	-8.185054	-5.338078	-17.08185	-4.626335	-8.185054
80.8	187.1886	414.6406	39.70117	261.9218	7.117439	-1589.754	492.5267	32.02844	-309.9644	-53.73666	82.91815	-6.049822	-5.338078	182.9182	285188.4	721635.8	68.3274	-4.270463	93.95018	93.95018	-17.43772	-4.626335	-8.185054	-5.338078	182.9182	-4.626335	-8.185054
81.09	187.1886	1214.641	-460.2988	161.9218	-92.88256	-889.7544	-407.4733	-267.9716	90.03564	-53.73666	-17.08185	-6.049822	-5.338078	82.91815	302287.4	565898.8	-31.6726	-4.270463	93.95018	193.9502	-17.43772	-4.626335	-8.185054	-5.338078	82.91815	-4.626335	-8.185054
81.38	-12.81139	314.6406	-861.2988	-238.0782	207.1174	-1889.754	-107.4733	-267.9716	-309.9644	-53.73666	82.91815	-6.049822	-5.338078	-17.08185	260117.4	905695.8	-31.6726	-4.270463	93.95018	393.9502	-17.43772	-4.626335	-8.185054	-5.338078	-17.08185	-4.626335	-8.185054
81.66	-12.81139	-85.35938	-460.2988	661.9218	-92.88256	-989.7544	-107.4733	-67.97156	990.0356	346.2633	82.91815	-6.049822	-5.338078	-17.08185	189687.4	523426.8	-31.6726	-4.270463	-6.049822	93.95018	-17.43772	-4.626335	-8.185054	-5.338078	-17.08185	-4.626335	-8.185054
81.95	187.1886	214.6406	-2061.299	661.9218	7.117439	-1489.754	-207.4733	32.02844	190.0356	46.26334	82.91815	-6.049822	-5.338078	-17.08185	225886.4	551741.8	-31.6726	-4.270463	-6.049822	193.9502	-17.43772	95.37366	-8.185054	-5.338078	-17.08185	95.37366	-8.185054
82.25	187.1886	-585.3594	-1261.299	-38.07825	407.1174	-1189.754	-807.4733	-567.9716	-9.964355	146.2633	-17.08185	-6.049822	-5.338078	-17.08185	70370.4	480954.8	68.3274	-4.270463	-6.049822	93.95018	-17.43772	-4.626335	-8.185054	-5.338078	-17.08185	-4.626335	-8.185054
82.53	-12.81139	-485.3594	-961.2988	-38.07825	-92.88256	-689.7544	-1007.473	132.0284	-9.964355	146.2633	-17.08185	-6.049822	-5.338078	-17.08185	117043.4	302871.8	68.3274	-4.270463	-6.049822	93.95018	-17.43772	-4.626335	-8.185054	-5.338078	-17.08185	-4.626335	-8.185054
82.82	-12.81139	814.6406	-1761.299	261.9218	107.1174	-1589.754	292.5267	332.0284	-9.964355	246.2633	82.91815	-6.049822	-5.338078	-17.08185	130711.4	495112.8	-31.6726	-4.270463	-6.049822	593.9502	82.56228	-4.626335	-8.185054	-5.338078	-17.08185	-4.626335	-8.185054
83.11	-12.81139	1114.641	-160.2988	-138.0782	107.1174	-889.7544	-1007.473	-267.9716	-409.9644	46.26334	82.91815	-6.049822	-5.338078	-17.08185	116541.4	290323.8	68.3274	-4.270463	-6.049822	93.95018	-17.43772	-4.626335	-8.185054	-5.338078	-17.08185	-4.626335	-8.185054
83.39	87.18861	2014.641	-1561.299	-38.07825	-92.88256	-789.7544	-607.4733	-67.97156	390.0356	-53.73666	82.91815	-6.049822	-5.338078	-17.08185	133023.4	211436.8	68.3274	95.72954	-6.049822	93.95018	-17.43772	-4.626335	-8.185054	-5.338078	-17.08185	-4.626335	-8.185054
83.68	-12.81139	814.6406	-1861.299	61.92175	207.1174	-789.7544	192.5267	432.0284	-209.9644	46.26334	82.91815	-6.049822	-5.338078	-17.08185	22980.39	183666.8	-31.6726	-4.270463	-6.049822	93.95018	82.56228	-4.626335	-8.185054	-5.338078	-17.08185	-4.626335	-8.185054
83.98	187.1886	1914.641	-1961.299	661.9218	207.1174	-689.7544	-707.4733	132.0284	-809.9644	-53.73666	282.9182	-6.049822	-5.338078	-17.08185	13969.39	325229.8	-31.6726	-4.270463	-6.049822	93.95018	-17.43772	-4.626335	-8.185054	-5.338078	-17.08185	-4.626335	-8.185054
84.26	-12.81139	1914.641	-861.2988	661.9218	107.1174	-288.7544	-907.4733	32.02844	-309.9644	-53.73666	-17.08185	-6.049822	94.66192	-17.08185	194927.4	121539.8	-31.6726	-4.270463	-6.049822	393.9502	82.56228	-4.626335	-8.185054	94.66192	-17.08185	-4.626335	-8.185054
84.55	-12.81139	1014.641	-761.2988	661.9218	-92.88256	-1189.754	-807.4733	-267.9716	-709.9644	-53.73666	382.9182	-6.049822	-5.338078	-17.08185	22980.39	197822.8	-31.6726	-4.270463	-6.049822	-6.049822	-17.43772	-4.626335	-8.185054	-5.338078	-17.08185	-4.626335	-8.185054
84.83	-12.81139	14.64062	-560.2988	-838.0782	7.117439	-1789.754	-7.473267	-167.9716	-9.964355	46.26334	82.91815	-6.049822	-5.338078	-17.08185	26683.39	86393.77	-31.6726	-4.270463	-6.049822	-6.049822	-17.43772	95.37366	-8.185054	-5.338078	-17.08185	95.37366	-8.185054
85.13	-12.81139	-1185.359	-560.2988	61.92175	7.117439	-1089.754	-307.4733	32.02844	-609.9644	146.2633	182.9182	-6.049822	94.66192	-17.08185	33391.39	211978.8	-31.6726	-4.270463	-6.049822	93.95018	-17.43772	-4.626335	-8.185054	94.66192	-17.08185	-4.626335	-8.185054
85.42	87.18861	1914.641	-1461.299	261.9218	7.117439	-488.7544	192.5267	-167.9716	-1009.964	-53.73666	-17.08185	-6.049822	-5.338078	-17.08185	70368.4	84576.77	-31.6726	-4.270463	-6.049822	93.95018	82.56228	-4.626335	-8.185054	-5.338078	-17.08185	-4.626335	-8.185054
85.7	-12.81139	1614.641	-1261.299	61.92175	7.117439	-1089.754	-507.4733	32.02844	-209.9644	146.2633	-17.08185	-6.049822	-5.338078	-17.08185	49618.39	87096.77	-31.6726	-4.270463	-6.049822	-6.049822	82.56228	95.37366	-8.185054	-5.338078	-17.08185	95.37366	-8.185054
85.99	87.18861	-985.3594	-360.2988	261.9218	7.117439	-1789.754	-507.4733	432.0284	90.03564	46.26334	-17.08185	-6.049822	-5.338078	-17.08185	71873.4	45485.77	-31.6726	-4.270463	-6.049822	-6.049822	-17.43772	95.37366	-8.185054	-5.338078	-17.08185	95.37366	-8.185054
86.27	-12.81139	314.6406	-560.2988	61.92175	-92.88256	-2189.754	-407.4733	232.0284	190.0356	-53.73666	-17.08185	-6.049822	-5.338078	-17.08185	31990.39	13047.77	-31.6726	-4.270463	-6.049822	-6.049822	-17.43772	-4.626335	-8.185054	-5.338078	-17.08185	-4.626335	-8.185054
86.56	-12.81139	-1786.359	-2261.299	-38.07825	107.1174	-1089.754	-107.4733	-467.9716	790.0356	-53.73666	282.9182	-6.049822	-5.338078	-17.08185	20578.39	2043.772	-31.6726	-4.270463	-6.049822	-6.049822	-17.43772	-4.626335	-8.185054	-5.338078	-17.08185	-4.626335	-8.185054
86.84	-12.81139	514.6406	539.7012	-38.07825	-92.88256	-1689.754	-407.4733	232.0284	290.0356	46.26334	-17.08185	-6.049822	94.66192	-17.08185	69.39502	367699.8	-31.6726	-4.270463	-6.049822	93.95018	-17.43772	-4.626335	-8.185054	94.66192	-17.08185	-4.626335	-8.185054
87.13	-12.81139	314.6406	-1161.299	161.9218	7.117439	-1089.754	-107.4733	432.0284	890.0356	46.26334	82.91815	-6.049822	-5.338078	82.91815	60944.39	21653.77	-31.6726	-4.270463	-6.049822	-6.049822	-17.43772	-4.626335	-8.185054	-5.338078	82.91815	-4.626335	-8.185054
87.42	-12.81139	414.6406	-660.2988	-138.0782	7.117439	-1289.754	-907.4733	32.02844	190.0356	-53.73666	-17.08185	-6.049822	94.66192	-17.08185	1269.395	197822.8	68.3274	-4.270463	-6.049822	-6.049822	-17.43772	-4.626335	-8.185054	94.66192	-17.08185	-4.626335	-8.185054
87.71	-12.81139	-285.3594	-1061.299	261.9218	7.117439	-1989.754	92.52673	-267.9716	-609.9644	-53.73666	82.91815	-6.049822	-5.338078	-17.08185	56533.39	26257.77	-31.6726	-4.270463	-6.049822	-6.049822	-17.43772	-4.626335	-8.185054	-5.338078	-17.08185	-4.626335	-8.185054
88	-12.81139	1514.641	-360.2988	161.9218	-92.88256	-288.7544	-1107.473	32.02844	90.03564	46.26334	-17.08185	-6.049822	-5.338078	-17.08185	8571.395	42109.77	-31.6726	-4.270463	-6.049822	-6.049822	82.56228	-4.626335	-8.185054	-5.338078	-17.08185	-4.626335	-8.185054
