ElapsedTime_s	Ti49_CPS	Al27_CPS	S33_CPS	Sc45_CPS	V51_CPS	Mn55_CPS	Fe57_CPS	Co59_CPS	Ni60_CPS	Ga71_CPS	Zr90_CPS	Nb93_CPS	Mo97_CPS	In113_CPS	Sn119_CPS	Sn118_CPS	Sb121_CPS	Hf177_CPS	Ta181_CPS	W183_CPS	Pb206_CPS	Th232_CPS	U238_CPS	Tc97_CPS	Cd113_CPS	U232_CPS	Pu238_CPS
0	-12.81139	-985.3594	-460.2988	461.9218	7.117439	-1689.754	492.5267	232.0284	-609.9644	46.26334	82.91815	-6.049822	-5.338078	-17.08185	269.395	643.7722	68.3274	-4.270463	-6.049822	-6.049822	-17.43772	-4.626335	-8.185054	-5.338078	-17.08185	-4.626335	-8.185054
																											
55.21	-12.81139	-685.3594	1639.701	61.92175	7.117439	-188.7544	-107.4733	-567.9716	-609.9644	-53.73666	-17.08185	-6.049822	-5.338078	-17.08185	-30.60498	243.7722	-31.6726	-4.270463	-6.049822	-6.049822	-17.43772	-4.626335	91.81495	-5.338078	-17.08185	-4.626335	91.81495
55.5	-12.81139	-385.3594	139.7012	-238.0782	207.1174	511.2456	-307.4733	-467.9716	-9.964355	-53.73666	-17.08185	-6.049822	-5.338078	-17.08185	169.395	-56.22775	-31.6726	-4.270463	-6.049822	-6.049822	-17.43772	-4.626335	-8.185054	-5.338078	-17.08185	-4.626335	-8.185054
55.78	-12.81139	-585.3594	-260.2988	961.9218	-92.88256	211.2456	592.5267	132.0284	390.0356	-53.73666	82.91815	-6.049822	-5.338078	-17.08185	69.39502	343.7722	-31.6726	-4.270463	-6.049822	-6.049822	-17.43772	-4.626335	-8.185054	-5.338078	-17.08185	-4.626335	-8.185054
56.07	87.18861	-1486.359	39.70117	-438.0782	-92.88256	-288.7544	192.5267	232.0284	590.0356	-53.73666	-17.08185	-6.049822	-5.338078	-17.08185	69.39502	143.7722	68.3274	-4.270463	-6.049822	-6.049822	-17.43772	-4.626335	-8.185054	-5.338078	-17.08185	-4.626335	-8.185054
56.35	-12.81139	114.6406	339.7012	261.9218	7.117439	-1489.754	-207.4733	-267.9716	-9.964355	-53.73666	-17.08185	-6.049822	-5.338078	-17.08185	169.395	143.7722	-31.6726	-4.270463	-6.049822	-6.049822	-17.43772	-4.626335	-8.185054	-5.338078	-17.08185	-4.626335	-8.185054
56.64	-12.81139	114.6406	739.7012	161.9218	207.1174	811.2456	-807.4733	632.0284	690.0356	-53.73666	-17.08185	-6.049822	-5.338078	-17.08185	669.395	43.77225	-31.6726	-4.270463	-6.049822	-6.049822	-17.43772	-4.626335	-8.185054	-5.338078	-17.08185	-4.626335	-8.185054
56.92	-12.81139	-185.3594	1239.701	-238.0782	7.117439	111.2456	-7.473267	-67.97156	190.0356	46.26334	-17.08185	-6.049822	-5.338078	-17.08185	-130.605	243.7722	-31.6726	-4.270463	-6.049822	-6.049822	-17.43772	-4.626335	-8.185054	-5.338078	-17.08185	-4.626335	-8.185054
57.21	-12.81139	-2086.359	2139.701	161.9218	-92.88256	-1889.754	392.5267	-267.9716	90.03564	-53.73666	82.91815	-6.049822	-5.338078	-17.08185	269.395	43.77225	-31.6726	-4.270463	-6.049822	-6.049822	-17.43772	-4.626335	-8.185054	-5.338078	-17.08185	-4.626335	-8.185054
57.49	-12.81139	1314.641	1039.701	161.9218	7.117439	-1289.754	-207.4733	-167.9716	90.03564	46.26334	-17.08185	-6.049822	194.6619	-17.08185	469.395	43.77225	-31.6726	-4.270463	-6.049822	-6.049822	-17.43772	-4.626335	-8.185054	194.6619	-17.08185	-4.626335	-8.185054
57.78	-12.81139	-285.3594	-460.2988	-238.0782	-92.88256	-989.7544	292.5267	432.0284	-9.964355	246.2633	-17.08185	-6.049822	-5.338078	-17.08185	-30.60498	43.77225	-31.6726	-4.270463	-6.049822	-6.049822	-17.43772	-4.626335	-8.185054	-5.338078	-17.08185	-4.626335	-8.185054
58.06	87.18861	-285.3594	-160.2988	-138.0782	107.1174	-388.7544	-307.4733	332.0284	-209.9644	46.26334	-17.08185	-6.049822	-5.338078	-17.08185	69.39502	543.7722	-31.6726	-4.270463	-6.049822	-6.049822	-17.43772	-4.626335	-8.185054	-5.338078	-17.08185	-4.626335	-8.185054
58.35	-12.81139	1014.641	1539.701	-238.0782	-92.88256	-789.7544	-407.4733	-267.9716	-509.9644	-53.73666	-17.08185	-6.049822	-5.338078	-17.08185	-30.60498	143.7722	-31.6726	-4.270463	-6.049822	-6.049822	-17.43772	-4.626335	-8.185054	-5.338078	-17.08185	-4.626335	-8.185054
58.63	87.18861	1114.641	239.7012	-38.07825	107.1174	-188.7544	-707.4733	-167.9716	-809.9644	-53.73666	-17.08185	-6.049822	-5.338078	-17.08185	-130.605	-56.22775	68.3274	-4.270463	-6.049822	-6.049822	-17.43772	95.37366	-8.185054	-5.338078	-17.08185	95.37366	-8.185054
58.92	-12.81139	214.6406	-360.2988	-238.0782	7.117439	611.2456	-107.4733	232.0284	-209.9644	-53.73666	-17.08185	-6.049822	-5.338078	-17.08185	369.395	43.77225	-31.6726	-4.270463	-6.049822	-6.049822	-17.43772	-4.626335	-8.185054	-5.338078	-17.08185	-4.626335	-8.185054
59.2	-12.81139	-285.3594	39.70117	861.9218	7.117439	-689.7544	-607.4733	-267.9716	90.03564	-53.73666	-17.08185	93.95018	-5.338078	-17.08185	-30.60498	-56.22775	-31.6726	-4.270463	-6.049822	-6.049822	-17.43772	-4.626335	-8.185054	-5.338078	-17.08185	-4.626335	-8.185054
59.49	87.18861	114.6406	439.7012	-138.0782	107.1174	-1189.754	-807.4733	132.0284	290.0356	46.26334	-17.08185	-6.049822	94.66192	-17.08185	269.395	-156.2278	268.3274	-4.270463	-6.049822	-6.049822	82.56228	-4.626335	-8.185054	94.66192	-17.08185	-4.626335	-8.185054
59.77	-12.81139	-185.3594	-761.2988	161.9218	-92.88256	-689.7544	-107.4733	-167.9716	390.0356	46.26334	-17.08185	-6.049822	-5.338078	-17.08185	-130.605	143.7722	-31.6726	-4.270463	-6.049822	-6.049822	-17.43772	-4.626335	-8.185054	-5.338078	-17.08185	-4.626335	-8.185054
60.06	-12.81139	-1386.359	639.7012	261.9218	7.117439	-188.7544	-7.473267	132.0284	90.03564	46.26334	-17.08185	-6.049822	194.6619	-17.08185	69.39502	443.7722	68.3274	-4.270463	-6.049822	-6.049822	-17.43772	95.37366	-8.185054	194.6619	-17.08185	95.37366	-8.185054
60.34	-12.81139	-385.3594	239.7012	261.9218	-92.88256	-1089.754	-407.4733	632.0284	190.0356	-53.73666	-17.08185	-6.049822	-5.338078	-17.08185	-130.605	343.7722	68.3274	-4.270463	-6.049822	-6.049822	-17.43772	-4.626335	-8.185054	-5.338078	-17.08185	-4.626335	-8.185054
60.63	-12.81139	-685.3594	1339.701	-38.07825	207.1174	-1389.754	-507.4733	-67.97156	-309.9644	-53.73666	-17.08185	-6.049822	-5.338078	-17.08185	69.39502	143.7722	-31.6726	-4.270463	-6.049822	-6.049822	-17.43772	-4.626335	191.8149	-5.338078	-17.08185	-4.626335	191.8149
60.91	-12.81139	814.6406	-60.29883	461.9218	7.117439	-1489.754	292.5267	132.0284	190.0356	146.2633	-17.08185	-6.049822	-5.338078	82.91815	69.39502	443.7722	-31.6726	-4.270463	-6.049822	-6.049822	-17.43772	95.37366	-8.185054	-5.338078	82.91815	95.37366	-8.185054
61.2	-12.81139	-685.3594	-660.2988	-138.0782	-92.88256	-789.7544	-207.4733	-267.9716	290.0356	-53.73666	-17.08185	-6.049822	-5.338078	-17.08185	-30.60498	-156.2278	-31.6726	-4.270463	-6.049822	-6.049822	-17.43772	-4.626335	-8.185054	-5.338078	-17.08185	-4.626335	-8.185054
61.48	-12.81139	-385.3594	939.7012	-38.07825	107.1174	-288.7544	-507.4733	-467.9716	-609.9644	46.26334	-17.08185	-6.049822	-5.338078	-17.08185	69.39502	143.7722	168.3274	-4.270463	-6.049822	-6.049822	-17.43772	-4.626335	-8.185054	-5.338078	-17.08185	-4.626335	-8.185054
61.77	-12.81139	714.6406	539.7012	-38.07825	7.117439	-1089.754	-707.4733	-167.9716	390.0356	146.2633	-17.08185	-6.049822	-5.338078	-17.08185	169.395	-156.2278	-31.6726	-4.270463	-6.049822	-6.049822	-17.43772	-4.626335	-8.185054	-5.338078	-17.08185	-4.626335	-8.185054
62.05	-12.81139	-285.3594	2139.701	-338.0782	-92.88256	-588.7544	92.52673	-67.97156	-309.9644	-53.73666	-17.08185	-6.049822	-5.338078	-17.08185	-30.60498	-256.2278	-31.6726	-4.270463	-6.049822	-6.049822	-17.43772	-4.626335	91.81495	-5.338078	-17.08185	-4.626335	91.81495
62.34	-12.81139	-285.3594	39.70117	461.9218	-92.88256	-1289.754	92.52673	432.0284	-509.9644	-53.73666	-17.08185	-6.049822	-5.338078	-17.08185	-130.605	143.7722	68.3274	-4.270463	-6.049822	-6.049822	-17.43772	-4.626335	-8.185054	-5.338078	-17.08185	-4.626335	-8.185054
62.62	-12.81139	1814.641	-761.2988	-138.0782	-92.88256	111.2456	-207.4733	32.02844	-509.9644	46.26334	-17.08185	-6.049822	-5.338078	-17.08185	-130.605	243.7722	-31.6726	-4.270463	-6.049822	-6.049822	-17.43772	-4.626335	-8.185054	-5.338078	-17.08185	-4.626335	-8.185054
62.91	-12.81139	1314.641	-160.2988	-638.0782	-92.88256	411.2456	-707.4733	-267.9716	290.0356	46.26334	-17.08185	-6.049822	-5.338078	-17.08185	69.39502	-56.22775	-31.6726	-4.270463	-6.049822	-6.049822	-17.43772	-4.626335	191.8149	-5.338078	-17.08185	-4.626335	191.8149
63.19	-12.81139	814.6406	1139.701	-138.0782	-92.88256	-1789.754	292.5267	432.0284	190.0356	46.26334	-17.08185	-6.049822	-5.338078	-17.08185	-30.60498	-256.2278	-31.6726	-4.270463	-6.049822	-6.049822	82.56228	-4.626335	-8.185054	-5.338078	-17.08185	-4.626335	-8.185054
63.48	-12.81139	-1085.359	-560.2988	561.9218	-92.88256	-889.7544	92.52673	-267.9716	190.0356	46.26334	-17.08185	-6.049822	-5.338078	-17.08185	-130.605	143.7722	-31.6726	-4.270463	93.95018	-6.049822	-17.43772	-4.626335	-8.185054	-5.338078	-17.08185	-4.626335	-8.185054
63.76	-12.81139	-385.3594	539.7012	-138.0782	7.117439	-1389.754	292.5267	232.0284	-9.964355	46.26334	-17.08185	-6.049822	-5.338078	-17.08185	-30.60498	-56.22775	-31.6726	-4.270463	-6.049822	-6.049822	-17.43772	-4.626335	91.81495	-5.338078	-17.08185	-4.626335	91.81495
64.05	-12.81139	-1185.359	1039.701	-338.0782	-92.88256	-188.7544	-307.4733	-567.9716	690.0356	46.26334	-17.08185	-6.049822	-5.338078	-17.08185	169.395	143.7722	-31.6726	-4.270463	193.9502	-6.049822	-17.43772	-4.626335	-8.185054	-5.338078	-17.08185	-4.626335	-8.185054
64.33	-12.81139	714.6406	239.7012	61.92175	-92.88256	-1589.754	192.5267	-267.9716	-609.9644	-53.73666	-17.08185	-6.049822	94.66192	-17.08185	-30.60498	43.77225	-31.6726	-4.270463	-6.049822	-6.049822	-17.43772	-4.626335	-8.185054	94.66192	-17.08185	-4.626335	-8.185054
64.62	-12.81139	-1085.359	-761.2988	561.9218	207.1174	-488.7544	192.5267	132.0284	-209.9644	-53.73666	-17.08185	-6.049822	-5.338078	82.91815	69.39502	443.7722	-31.6726	-4.270463	-6.049822	-6.049822	-17.43772	-4.626335	91.81495	-5.338078	82.91815	-4.626335	91.81495
64.9	-12.81139	-385.3594	539.7012	-138.0782	7.117439	-1189.754	292.5267	-67.97156	-109.9644	46.26334	82.91815	-6.049822	-5.338078	-17.08185	-130.605	43.77225	-31.6726	-4.270463	-6.049822	-6.049822	-17.43772	-4.626335	-8.185054	-5.338078	-17.08185	-4.626335	-8.185054
65.19	-12.81139	-585.3594	1139.701	-38.07825	107.1174	-689.7544	-307.4733	-167.9716	90.03564	-53.73666	-17.08185	-6.049822	-5.338078	-17.08185	69.39502	-56.22775	-31.6726	-4.270463	-6.049822	-6.049822	-17.43772	-4.626335	-8.185054	-5.338078	-17.08185	-4.626335	-8.185054
65.47	-12.81139	-685.3594	-260.2988	261.9218	-92.88256	-188.7544	-207.4733	32.02844	90.03564	46.26334	-17.08185	-6.049822	-5.338078	-17.08185	69.39502	243.7722	-31.6726	-4.270463	-6.049822	-6.049822	-17.43772	95.37366	-8.185054	-5.338078	-17.08185	95.37366	-8.185054
65.76	-12.81139	314.6406	39.70117	-538.0782	7.117439	1211.246	-7.473267	-167.9716	390.0356	-53.73666	-17.08185	-6.049822	-5.338078	-17.08185	-130.605	143.7722	-31.6726	-4.270463	-6.049822	-6.049822	-17.43772	-4.626335	-8.185054	-5.338078	-17.08185	-4.626335	-8.185054
66.04	-12.81139	814.6406	-460.2988	361.9218	107.1174	111.2456	-407.4733	-167.9716	-309.9644	-53.73666	-17.08185	-6.049822	-5.338078	-17.08185	69.39502	43.77225	-31.6726	-4.270463	-6.049822	-6.049822	-17.43772	-4.626335	-8.185054	-5.338078	-17.08185	-4.626335	-8.185054
66.33	-12.81139	-285.3594	1539.701	61.92175	7.117439	-1289.754	-207.4733	-267.9716	-9.964355	-53.73666	-17.08185	-6.049822	-5.338078	-17.08185	69.39502	43.77225	68.3274	-4.270463	-6.049822	-6.049822	-17.43772	-4.626335	-8.185054	-5.338078	-17.08185	-4.626335	-8.185054
66.61	87.18861	-585.3594	-560.2988	161.9218	-92.88256	311.2456	-707.4733	-167.9716	-9.964355	-53.73666	-17.08185	-6.049822	-5.338078	82.91815	69.39502	143.7722	-31.6726	-4.270463	-6.049822	-6.049822	-17.43772	-4.626335	-8.185054	-5.338078	82.91815	-4.626335	-8.185054
66.9	87.18861	1014.641	-160.2988	61.92175	7.117439	-488.7544	-207.4733	-167.9716	-9.964355	-53.73666	-17.08185	-6.049822	-5.338078	-17.08185	69.39502	-56.22775	68.3274	-4.270463	-6.049822	-6.049822	-17.43772	-4.626335	-8.185054	-5.338078	-17.08185	-4.626335	-8.185054
67.18	-12.81139	214.6406	2539.701	-438.0782	-92.88256	-889.7544	-907.4733	-267.9716	190.0356	-53.73666	-17.08185	-6.049822	-5.338078	-17.08185	-30.60498	143.7722	-31.6726	-4.270463	-6.049822	-6.049822	-17.43772	-4.626335	-8.185054	-5.338078	-17.08185	-4.626335	-8.185054
67.47	187.1886	914.6406	1339.701	361.9218	-92.88256	11.24561	-407.4733	-167.9716	-709.9644	146.2633	-17.08185	-6.049822	-5.338078	-17.08185	-30.60498	-156.2278	-31.6726	95.72954	-6.049822	-6.049822	82.56228	-4.626335	-8.185054	-5.338078	-17.08185	-4.626335	-8.185054
67.75	-12.81139	-785.3594	-160.2988	-238.0782	-92.88256	-488.7544	-7.473267	132.0284	-409.9644	-53.73666	-17.08185	-6.049822	-5.338078	-17.08185	169.395	-256.2278	-31.6726	-4.270463	-6.049822	-6.049822	82.56228	-4.626335	-8.185054	-5.338078	-17.08185	-4.626335	-8.185054
68.04	87.18861	-85.35938	1539.701	-838.0782	7.117439	-388.7544	-507.4733	432.0284	-209.9644	-53.73666	-17.08185	-6.049822	-5.338078	-17.08185	269.395	443.7722	68.3274	-4.270463	-6.049822	-6.049822	-17.43772	-4.626335	-8.185054	-5.338078	-17.08185	-4.626335	-8.185054
68.32	-12.81139	614.6406	739.7012	361.9218	7.117439	-1489.754	-807.4733	-167.9716	190.0356	246.2633	-17.08185	-6.049822	-5.338078	-17.08185	69.39502	143.7722	-31.6726	-4.270463	-6.049822	-6.049822	-17.43772	-4.626335	-8.185054	-5.338078	-17.08185	-4.626335	-8.185054
68.61	-12.81139	-885.3594	439.7012	-38.07825	107.1174	-989.7544	-707.4733	-267.9716	-709.9644	-53.73666	-17.08185	-6.049822	94.66192	82.91815	-30.60498	43.77225	-31.6726	-4.270463	93.95018	-6.049822	-17.43772	-4.626335	-8.185054	94.66192	82.91815	-4.626335	-8.185054
68.89	-12.81139	-1285.359	139.7012	161.9218	7.117439	-388.7544	-507.4733	232.0284	-109.9644	46.26334	-17.08185	-6.049822	-5.338078	-17.08185	69.39502	343.7722	-31.6726	-4.270463	-6.049822	-6.049822	-17.43772	-4.626335	-8.185054	-5.338078	-17.08185	-4.626335	-8.185054
69.18	-12.81139	-185.3594	339.7012	61.92175	7.117439	-1889.754	-107.4733	-67.97156	-109.9644	46.26334	-17.08185	-6.049822	-5.338078	-17.08185	-130.605	143.7722	68.3274	-4.270463	-6.049822	-6.049822	-17.43772	-4.626335	-8.185054	-5.338078	-17.08185	-4.626335	-8.185054
69.46	87.18861	-885.3594	-160.2988	461.9218	207.1174	-1489.754	-407.4733	432.0284	290.0356	146.2633	82.91815	-6.049822	-5.338078	-17.08185	69.39502	343.7722	-31.6726	-4.270463	-6.049822	-6.049822	-17.43772	-4.626335	-8.185054	-5.338078	-17.08185	-4.626335	-8.185054
69.75	-12.81139	-1285.359	39.70117	161.9218	-92.88256	-88.75439	292.5267	232.0284	790.0356	46.26334	-17.08185	93.95018	-5.338078	-17.08185	-30.60498	243.7722	-31.6726	-4.270463	-6.049822	-6.049822	-17.43772	-4.626335	-8.185054	-5.338078	-17.08185	-4.626335	-8.185054
70.03	-12.81139	214.6406	-360.2988	161.9218	7.117439	-488.7544	492.5267	-67.97156	90.03564	-53.73666	-17.08185	-6.049822	-5.338078	-17.08185	-130.605	243.7722	-31.6726	-4.270463	-6.049822	-6.049822	-17.43772	-4.626335	-8.185054	-5.338078	-17.08185	-4.626335	-8.185054
70.32	-12.81139	514.6406	339.7012	861.9218	-92.88256	-1189.754	-207.4733	-267.9716	90.03564	46.26334	-17.08185	-6.049822	-5.338078	-17.08185	-130.605	-156.2278	-31.6726	-4.270463	-6.049822	-6.049822	-17.43772	-4.626335	-8.185054	-5.338078	-17.08185	-4.626335	-8.185054
70.6	-12.81139	-485.3594	239.7012	561.9218	7.117439	-388.7544	192.5267	-67.97156	-209.9644	46.26334	-17.08185	-6.049822	-5.338078	-17.08185	-30.60498	43.77225	-31.6726	-4.270463	-6.049822	-6.049822	-17.43772	95.37366	-8.185054	-5.338078	-17.08185	95.37366	-8.185054
70.89	-12.81139	914.6406	139.7012	61.92175	7.117439	311.2456	-1207.473	-67.97156	-609.9644	46.26334	-17.08185	-6.049822	-5.338078	-17.08185	69.39502	143.7722	-31.6726	-4.270463	93.95018	-6.049822	-17.43772	-4.626335	-8.185054	-5.338078	-17.08185	-4.626335	-8.185054
71.17	-12.81139	-585.3594	-260.2988	61.92175	107.1174	-1089.754	-407.4733	232.0284	-409.9644	-53.73666	-17.08185	-6.049822	-5.338078	-17.08185	-30.60498	143.7722	168.3274	-4.270463	-6.049822	-6.049822	-17.43772	-4.626335	-8.185054	-5.338078	-17.08185	-4.626335	-8.185054
71.46	-12.81139	-385.3594	1439.701	261.9218	-92.88256	911.2456	-7.473267	132.0284	-109.9644	46.26334	82.91815	-6.049822	-5.338078	-17.08185	69.39502	-56.22775	-31.6726	-4.270463	-6.049822	-6.049822	-17.43772	-4.626335	-8.185054	-5.338078	-17.08185	-4.626335	-8.185054
71.74	-12.81139	514.6406	1239.701	-138.0782	-92.88256	-1289.754	-107.4733	-67.97156	-109.9644	-53.73666	-17.08185	-6.049822	-5.338078	-17.08185	69.39502	-156.2278	-31.6726	-4.270463	-6.049822	-6.049822	-17.43772	-4.626335	-8.185054	-5.338078	-17.08185	-4.626335	-8.185054
72.03	87.18861	614.6406	139.7012	61.92175	7.117439	-1289.754	-407.4733	32.02844	-209.9644	-53.73666	-17.08185	-6.049822	94.66192	-17.08185	69.39502	-156.2278	-31.6726	-4.270463	-6.049822	-6.049822	-17.43772	-4.626335	-8.185054	94.66192	-17.08185	-4.626335	-8.185054
72.31	-12.81139	-885.3594	739.7012	-338.0782	7.117439	-989.7544	192.5267	32.02844	-109.9644	-53.73666	82.91815	-6.049822	-5.338078	-17.08185	69.39502	-56.22775	-31.6726	-4.270463	-6.049822	-6.049822	-17.43772	-4.626335	-8.185054	-5.338078	-17.08185	-4.626335	-8.185054
72.6	-12.81139	-485.3594	-961.2988	461.9218	7.117439	-488.7544	-107.4733	332.0284	-9.964355	-53.73666	-17.08185	-6.049822	-5.338078	-17.08185	-30.60498	-56.22775	-31.6726	-4.270463	-6.049822	-6.049822	82.56228	-4.626335	-8.185054	-5.338078	-17.08185	-4.626335	-8.185054
72.88	-12.81139	-685.3594	1339.701	61.92175	-92.88256	911.2456	492.5267	232.0284	790.0356	146.2633	-17.08185	-6.049822	-5.338078	-17.08185	-130.605	243.7722	-31.6726	-4.270463	-6.049822	-6.049822	-17.43772	-4.626335	-8.185054	-5.338078	-17.08185	-4.626335	-8.185054
73.17	-12.81139	14.64062	-360.2988	261.9218	107.1174	-588.7544	592.5267	-167.9716	-709.9644	-53.73666	-17.08185	-6.049822	-5.338078	-17.08185	169.395	-256.2278	-31.6726	-4.270463	-6.049822	-6.049822	-17.43772	-4.626335	-8.185054	-5.338078	-17.08185	-4.626335	-8.185054
73.45	87.18861	314.6406	739.7012	-38.07825	-92.88256	-88.75439	-507.4733	-167.9716	-409.9644	-53.73666	-17.08185	-6.049822	-5.338078	-17.08185	-30.60498	243.7722	-31.6726	-4.270463	-6.049822	-6.049822	-17.43772	-4.626335	-8.185054	-5.338078	-17.08185	-4.626335	-8.185054
73.74	-12.81139	-1386.359	-1861.299	-138.0782	-92.88256	-588.7544	-107.4733	-267.9716	-609.9644	46.26334	82.91815	-6.049822	-5.338078	-17.08185	-30.60498	-56.22775	-31.6726	-4.270463	-6.049822	-6.049822	-17.43772	-4.626335	-8.185054	-5.338078	-17.08185	-4.626335	-8.185054
74.02	-12.81139	114.6406	-60.29883	-338.0782	-92.88256	-1289.754	-507.4733	-167.9716	-109.9644	-53.73666	-17.08185	-6.049822	-5.338078	-17.08185	-30.60498	443.7722	-31.6726	-4.270463	-6.049822	-6.049822	-17.43772	-4.626335	-8.185054	-5.338078	-17.08185	-4.626335	-8.185054
74.31	-12.81139	914.6406	439.7012	61.92175	-92.88256	-1789.754	692.5267	32.02844	-209.9644	46.26334	-17.08185	-6.049822	-5.338078	-17.08185	169.395	143.7722	-31.6726	-4.270463	-6.049822	-6.049822	82.56228	-4.626335	-8.185054	-5.338078	-17.08185	-4.626335	-8.185054
74.59	-12.81139	-1786.359	539.7012	-138.0782	-92.88256	11.24561	-307.4733	-267.9716	-209.9644	146.2633	-17.08185	-6.049822	-5.338078	-17.08185	-30.60498	243.7722	-31.6726	-4.270463	-6.049822	-6.049822	-17.43772	-4.626335	-8.185054	-5.338078	-17.08185	-4.626335	-8.185054
74.88	-12.81139	-285.3594	439.7012	361.9218	7.117439	-1889.754	-407.4733	-67.97156	-109.9644	46.26334	-17.08185	-6.049822	94.66192	82.91815	169.395	-56.22775	-31.6726	-4.270463	-6.049822	-6.049822	-17.43772	-4.626335	-8.185054	94.66192	82.91815	-4.626335	-8.185054
75.16	-12.81139	-785.3594	-660.2988	-438.0782	-92.88256	-588.7544	-7.473267	-167.9716	-909.9644	-53.73666	-17.08185	-6.049822	-5.338078	-17.08185	269.395	43.77225	-31.6726	-4.270463	-6.049822	-6.049822	-17.43772	-4.626335	-8.185054	-5.338078	-17.08185	-4.626335	-8.185054
75.45	-12.81139	-1386.359	-60.29883	-38.07825	7.117439	111.2456	492.5267	532.0284	190.0356	146.2633	-17.08185	-6.049822	-5.338078	-17.08185	-30.60498	-256.2278	168.3274	-4.270463	-6.049822	-6.049822	-17.43772	-4.626335	-8.185054	-5.338078	-17.08185	-4.626335	-8.185054
75.73	87.18861	-85.35938	639.7012	-238.0782	-92.88256	-488.7544	392.5267	-67.97156	-9.964355	-53.73666	-17.08185	-6.049822	-5.338078	-17.08185	-30.60498	-156.2278	-31.6726	-4.270463	-6.049822	293.9502	82.56228	-4.626335	-8.185054	-5.338078	-17.08185	-4.626335	-8.185054
76.02	387.1886	159461.6	1439.701	-338.0782	107.1174	2011.246	12796.53	-167.9716	390.0356	546.2634	4982.918	593.9502	-5.338078	-17.08185	1.121308e+07	2.980823e+07	-31.6726	495.7295	-6.049822	94973.95	82.56228	-4.626335	291.8149	-5.338078	-17.08185	-4.626335	291.8149
76.31	2287.189	421239.6	1439.701	561.9218	307.1174	4712.246	23605.53	332.0284	590.0356	1046.263	24894.92	1393.95	-5.338078	-17.08185	4.76678e+07	9.611498e+07	268.3274	2495.729	93.95018	513513.9	182.5623	-4.626335	1691.815	-5.338078	-17.08185	-4.626335	1691.815
76.59	8088.188	665214.6	1439.701	1861.922	1507.117	8514.246	36822.53	1432.028	1090.036	1346.263	47527.92	2893.95	-5.338078	-17.08185	6.803404e+07	1.842369e+08	468.3274	3395.729	193.9502	580147.9	282.5623	-4.626335	1891.815	-5.338078	-17.08185	-4.626335	1891.815
76.88	7988.188	1358270	1439.701	4162.922	3807.117	12517.25	68290.52	1332.028	1690.036	2346.263	52136.92	4793.95	-5.338078	-17.08185	7.050714e+07	1.762252e+08	568.3274	3595.729	193.9502	550488.9	282.5623	-4.626335	1291.815	-5.338078	-17.08185	-4.626335	1291.815
77.16	7888.188	1992990	1639.701	3061.922	2807.117	20424.25	98192.52	832.0284	1690.036	1546.263	46525.92	4593.95	-5.338078	-17.08185	5.916232e+07	1.662107e+08	268.3274	3495.729	293.9502	472313.9	382.5623	195.3737	1691.815	-5.338078	-17.08185	195.3737	1691.815
77.45	9289.188	2912067	739.7012	3361.922	3507.117	29735.25	132854.5	1832.028	1390.036	2846.263	34706.92	5594.95	-5.338078	-17.08185	4.808228e+07	1.081307e+08	768.3274	2095.729	193.9502	340091.9	582.5623	295.3737	1091.815	-5.338078	-17.08185	295.3737	1091.815
77.74	7288.188	4483588	4840.701	1461.922	2507.117	37046.25	191840.5	732.0284	290.0356	2046.263	26696.92	6394.95	-5.338078	82.91815	3.482889e+07	9.226177e+07	968.3274	1295.729	-6.049822	234085	582.5623	95.37366	891.8149	-5.338078	82.91815	95.37366	891.8149
78.02	5388.188		3140.701	2061.922	3107.117	45061.25	208070.5	832.0284	390.0356	3046.263	20290.92	3593.95	-5.338078	-17.08185	2.650847e+07	6.877663e+07	268.3274	1795.729	-6.049822	192130	182.5623	95.37366	691.8149	-5.338078	-17.08185	95.37366	691.8149
78.31	3787.189		2940.701	1361.922	1907.117	51876.25	230366.5	832.0284	-109.9644	2846.263	17588.92	2093.95	-5.338078	-17.08185	1.867531e+07	5.43309e+07	368.3274	995.7296	-6.049822	136164	282.5623	95.37366	891.8149	-5.338078	-17.08185	95.37366	891.8149
78.59	3187.189		3240.701	761.9218	1807.117	55084.25	254197.5	832.0284	690.0356	3546.263	14886.92	3193.95	94.66192	-17.08185	1.50909e+07	4.07452e+07	168.3274	695.7296	-6.049822	105818	482.5623	-4.626335	691.8149	94.66192	-17.08185	-4.626335	691.8149
78.88	2287.189		1639.701	1661.922	1507.117	57991.25	285434.5	-167.9716	390.0356	1946.263	13786.92	1693.95	-5.338078	282.9182	1.074632e+07	3.403606e+07	568.3274	695.7296	193.9502	85639.95	182.5623	-4.626335	691.8149	-5.338078	282.9182	-4.626335	691.8149
79.16	1887.189		1539.701	2061.922	1107.117	64408.25	308001.5	-67.97156	90.03564	3446.263	12885.92	1693.95	-5.338078	-17.08185	9176799	2.400315e+07	268.3274	695.7296	-6.049822	67685.95	382.5623	95.37366	1191.815	-5.338078	-17.08185	95.37366	1191.815
79.45	2287.189		4240.701	1961.922	707.1174	66614.24	316304.5	132.0284	-409.9644	3846.263	10984.92	2193.95	-5.338078	-17.08185	7777542	1.981571e+07	168.3274	95.72954	-6.049822	59965.95	782.5623	-4.626335	791.8149	-5.338078	-17.08185	-4.626335	791.8149
79.74	1387.189		3740.701	861.9218	807.1174	73435.24	331906.5	432.0284	390.0356	4046.263	11685.92	1993.95	94.66192	-17.08185	6830882	1.877673e+07	268.3274	495.7295	-6.049822	50143.95	882.5623	95.37366	591.8149	94.66192	-17.08185	95.37366	591.8149
80.02	1787.189		2139.701	2661.922	1607.117	79555.24	371561.5	432.0284	390.0356	3846.263	10384.92	1993.95	-5.338078	82.91815	1.063318e+07	2.751074e+07	168.3274	695.7296	193.9502	39324.95	982.5623	-4.626335	791.8149	-5.338078	82.91815	-4.626335	791.8149
80.31	1887.189		4040.701	3861.922	3807.117	86981.24	385775.5	532.0284	690.0356	5047.263	15187.92	1993.95	-5.338078	182.9182	3.188251e+07	7.812616e+07	268.3274	695.7296	193.9502	29911.95	5283.562	495.3737	891.8149	-5.338078	182.9182	495.3737	891.8149
80.59	2887.189		3340.701	10664.92	7808.118	83368.24	361920.5	832.0284	690.0356	6447.263	22192.92	993.9502	-5.338078	382.9182	4.876841e+07	1.320962e+08	268.3274	995.7296	93.95018	28709.95	5683.562	95.37366	491.8149	-5.338078	382.9182	95.37366	491.8149
80.88	3487.189		339.7012	10564.92	9509.117	64208.25	282399.5	1032.028	1490.036	6347.263	18989.92	1493.95	-5.338078	182.9182	5.164302e+07	1.415533e+08	468.3274	695.7296	393.9502	21502.95	7083.562	95.37366	691.8149	-5.338078	182.9182	95.37366	691.8149
81.16	3487.189		3840.701	14666.92	11009.12	48769.25	223605.5	2232.028	1690.036	7847.263	28298.92	1193.95	-5.338078	682.9182	7.711526e+07	1.942518e+08	468.3274	1295.729	593.9502	20601.95	8183.562	95.37366	1091.815	-5.338078	682.9182	95.37366	1091.815
81.45	3687.189	4574118	3840.701	24074.92	11610.12	39651.25	175419.5	1532.028	2190.036	8748.264	30100.92	993.9502	94.66192	282.9182	9.029606e+07	2.483354e+08	268.3274	1095.729	593.9502	18400.95	9184.562	-4.626335	491.8149	94.66192	282.9182	-4.626335	491.8149
81.74	3887.189	3670364	2639.701	31983.92	7908.118	30636.25	139692.5	2532.028	1690.036	9048.264	31001.92	693.9502	-5.338078	882.9182	1.012472e+08	2.403226e+08	1268.327	995.7296	293.9502	20802.95	9584.562	195.3737	891.8149	-5.338078	882.9182	195.3737	891.8149
82.02	3487.189	3040297	4240.701	47107.92	9109.117	21725.25	120591.5	2532.028	1390.036	12849.26	34005.92	-6.049822	-5.338078	1782.918	1.163382e+08	3.304735e+08	2268.327	895.7296	93.95018	25606.95	10184.56	-4.626335	891.8149	-5.338078	1782.918	-4.626335	891.8149
82.31	2187.189	2426610	2239.701	58933.92	6808.118	20624.25	107933.5	2232.028	3290.036	12449.26	32703.92	493.9502	-5.338078	1682.918	1.162217e+08	3.104385e+08	2568.327	1295.729	93.95018	32714.95	9584.562	-4.626335	3291.815	-5.338078	1682.918	-4.626335	3291.815
82.6	1687.189	2176639	3140.701	72770.92	3707.117	16320.25	95983.52	1732.028	1290.036	17452.26	39613.92	393.9502	-5.338078	2282.918	1.086975e+08	2.944112e+08	3468.327	1595.729	393.9502	37321.95	10784.56	-4.626335	2191.815	-5.338078	2282.918	-4.626335	2191.815
82.88	1687.189	1616855	4540.701	94041.92	5508.118	12717.25	88355.52	2032.028	3190.036	23157.26	42618.92	493.9502	-5.338078	3282.918	1.184514e+08	2.743777e+08	4368.328	1095.729	193.9502	41227.95	10984.56	-4.626335	2891.815	-5.338078	3282.918	-4.626335	2891.815
83.17	987.1886	1398616	3540.701	111012.9	2807.117	10715.25	84441.52	2432.028	2290.036	24558.26	45624.92	293.9502	-5.338078	2982.918	1.236302e+08	3.46502e+08	4068.327	1995.729	693.9502	68487.95	11485.56	-4.626335	4391.815	-5.338078	2982.918	-4.626335	4391.815
83.45	787.1886	1144614	3440.701	137544.9	2707.117	12717.25	83538.52	2832.028	2990.036	29163.26	53539.92	193.9502	-5.338078	2282.918	1.284803e+08	3.304735e+08	4668.328	2495.729	293.9502	76911.95	9784.562	95.37366	5492.815	-5.338078	2282.918	95.37366	5492.815
83.74	687.1886	909591.6	5441.701	151827.9	2007.117	7413.246	85143.52	2432.028	3290.036	33468.26	60656.92	593.9502	-5.338078	2582.918	1.330881e+08	3.104385e+08	4468.328	2195.729	593.9502	80522.95	8984.562	-4.626335	5892.815	-5.338078	2582.918	-4.626335	5892.815
84.02	387.1886	770603.6	3940.701	170649.9	2007.117	6013.246	80126.52	2132.028	3691.036	36573.26	63864.92	1793.95	-5.338078	3082.918	1.377605e+08	4.00602e+08	5269.328	1795.729	293.9502	88650.95	10584.56	-4.626335	4791.815	-5.338078	3082.918	-4.626335	4791.815
84.31	1087.189	667782.6	5941.701	180719.9	1707.117	8914.246	87050.52	2232.028	3491.036	36773.26	71384.92	1593.95	-5.338078	3582.918	1.374674e+08	3.304735e+08	5369.328	2795.729	493.9502	106320	10184.56	95.37366	5092.815	-5.338078	3582.918	95.37366	5092.815
84.6	3287.189	522039.6	6741.701	184447.9	1607.117	6013.246	74810.52	2032.028	2590.036	40879.26	76298.92	1493.95	94.66192	1982.918	1.31771e+08	3.82568e+08	3568.327	2795.729	1093.95	110940	11885.56	-4.626335	5092.815	94.66192	1982.918	-4.626335	5092.815
84.88	2787.189	534399.6	3740.701	191701.9	1807.117	5212.246	72603.52	3332.028	2990.036	38676.26	83923.92	2793.95	-5.338078	2082.918	1.383321e+08	3.745531e+08	4868.328	3295.729	2293.95	113150	10384.56	-4.626335	5792.815	-5.338078	2082.918	-4.626335	5792.815
85.17	2487.189	405986.6	4740.701	188477.9	2807.117	5412.246	64580.53	2632.028	3290.036	35872.26	79809.92	2493.95	-5.338078	1482.918	1.193002e+08	3.404912e+08	4168.328	3795.729	793.9502	95174.95	10984.56	-4.626335	4391.815	-5.338078	1482.918	-4.626335	4391.815
85.46	2587.189	314054.6	6241.701	173871.9	10009.12	2411.246	58264.53	3032.028	3891.036	34570.26	74794.92	2593.95	-5.338078	2382.918	1.312318e+08	3.985982e+08	3468.327	3395.729	1493.95	85539.95	7583.562	-4.626335	4291.815	-5.338078	2382.918	-4.626335	4291.815
85.74	5588.188	214585.6	4540.701	139052.9	17113.12	2911.246	50447.53	2032.028	3691.036	27361.26	66470.92	1793.95	-5.338078	2082.918	1.363244e+08	3.925868e+08	2568.327	2795.729	893.9502	69690.95	7483.562	-4.626335	4291.815	-5.338078	2082.918	-4.626335	4291.815
86.03	8288.188	193811.6	3940.701	108902.9	26821.12	3612.246	39126.53	1832.028	2790.036	19554.26	62460.92	1193.95	-5.338078	1682.918	1.498724e+08	4.246484e+08	1968.327	2095.729	793.9502	56657.95	9984.562	95.37366	1891.815	-5.338078	1682.918	95.37366	1891.815
86.31	12090.19	231944.6	5040.701	83704.92	33429.12	3012.246	37122.53	2532.028	2390.036	18153.26	53439.92	1593.95	-5.338078	1182.918	1.014033e+08	3.485056e+08	2768.327	2795.729	593.9502	47438.95	11885.56	-4.626335	2891.815	-5.338078	1182.918	-4.626335	2891.815
86.6	12890.19	167717.6	4040.701	74575.92	41341.12	1311.246	24206.53	1932.028	3791.036	12349.26	53339.92	1293.95	-5.338078	782.9182	1.391864e+08	3.505092e+08	1668.327	2195.729	893.9502	34917.95	12385.56	-4.626335	1691.815	-5.338078	782.9182	-4.626335	1691.815
86.89	18694.19	160065.6	5040.701	64246.92	56270.12	3412.246	25107.53	2632.028	3290.036	10748.26	58951.92	1493.95	-5.338078	1082.918	1.630508e+08	4.00602e+08	1368.327	2195.729	793.9502	27308.95	10484.56	95.37366	1891.815	-5.338078	1082.918	95.37366	1891.815
87.17	18794.19	99738.64	5841.701	66051.92	61483.12	711.2456	21103.53	2832.028	3090.036	12549.26	56446.92	1193.95	-5.338078	982.9182	1.374088e+08	3.90583e+08	1368.327	2695.729	893.9502	28810.95	9684.562	-4.626335	1891.815	-5.338078	982.9182	-4.626335	1891.815
87.46	21897.19	65817.64	3540.701	75277.92	64290.12	1411.246	21503.53	2832.028	1790.036	10948.26	56045.92	1093.95	-5.338078	1082.918	1.337908e+08	3.62531e+08	1868.327	1395.729	593.9502	34917.95	9284.562	-4.626335	2591.815	-5.338078	1082.918	-4.626335	2591.815
87.74	17793.19	203591.6	3440.701	89926.92	60982.12	1211.246	16999.53	2132.028	3390.036	12449.26	61658.92	793.9502	-5.338078	882.9182	1.397983e+08	3.705457e+08	1668.327	1895.729	493.9502	46937.95	9584.562	-4.626335	2091.815	-5.338078	882.9182	-4.626335	2091.815
88.03	15292.19	59801.64	5541.701	102776.9	53164.12	611.2456	18400.53	2832.028	3390.036	12049.26	63763.92	993.9502	-5.338078	782.9182	1.312318e+08	3.565201e+08	668.3274	1795.729	293.9502	51446.95	10584.56	-4.626335	1391.815	-5.338078	782.9182	-4.626335	1391.815
88.31	11290.19	44765.64	4240.701	124475.9	43645.12	2111.246	19201.53	2632.028	3390.036	11048.26	65969.92	793.9502	-5.338078	1682.918	1.327954e+08	3.665384e+08	1068.327	2695.729	293.9502	57860.95	8083.562	-4.626335	1091.815	-5.338078	1682.918	-4.626335	1091.815
88.6	9189.188	79560.64	4740.701	138147.9	32028.12	811.2456	26208.53	2732.028	4591.036	13350.26	71284.92	993.9502	-5.338078	1182.918	1.193002e+08	3.82568e+08	768.3274	2295.729	293.9502	56657.95	11885.56	-4.626335	1791.815	-5.338078	1182.918	-4.626335	1791.815
88.89	8088.188	33345.64	3340.701	147400.9	28223.12	1111.246	18801.53	2832.028	2690.036	12749.26	83923.92	993.9502	94.66192	1582.918	1.376286e+08	3.725494e+08	1468.327	3395.729	193.9502	59664.95	12685.56	-4.626335	791.8149	94.66192	1582.918	-4.626335	791.8149
89.17	7088.188	39154.64	2639.701	137242.9	23418.12	911.2456	21603.53	3032.028	4691.036	18253.26	82418.92	593.9502	-5.338078	2382.918	1.471382e+08	3.965944e+08	868.3274	2095.729	293.9502	74002.95	9684.562	-4.626335	1491.815	-5.338078	2382.918	-4.626335	1491.815
89.46	5588.188	48774.64	4440.701	134025.9	16513.12	1411.246	25907.53	2732.028	3090.036	24158.26	79508.92	893.9502	-5.338078	1682.918	1.365003e+08	4.126251e+08	1168.327	2595.729	193.9502	91159.95	12485.56	-4.626335	2891.815	-5.338078	1682.918	-4.626335	2891.815
89.75	6588.188	34446.64	5240.701	102073.9	13211.12	-488.7544	30413.53	3332.028	3390.036	27862.26	80110.92	593.9502	-5.338078	3882.918	1.448759e+08	3.745531e+08	2668.327	2895.729	193.9502	139583	10784.56	95.37366	3591.815	-5.338078	3882.918	95.37366	3591.815
90.03	5888.188	39154.64	2639.701	95146.92	10209.12	411.2456	36221.53	2132.028	2890.036	32667.26	72487.92	993.9502	-5.338078	3982.918	1.428499e+08	3.885793e+08	2568.327	2795.729	93.95018	306865.9	12185.56	-4.626335	5492.815	-5.338078	3982.918	-4.626335	5492.815
90.32	4287.188	47271.64	5641.701	86514.92	7808.118	2511.246	42632.53	2332.028	3691.036	36373.26	74192.92	593.9502	-5.338078	4782.918	1.407516e+08	3.945906e+08	2868.327	2095.729	193.9502	489336.9	9584.562	-4.626335	4291.815	-5.338078	4782.918	-4.626335	4291.815
90.6	5588.188	39555.64	4340.701	71566.92	8709.117	1711.246	39025.53	2632.028	4491.036	39377.26	70882.92	493.9502	-5.338078	4282.918	1.332931e+08	4.266523e+08	3368.327	2795.729	-6.049822	715281.9	10384.56	-4.626335	4291.815	-5.338078	4282.918	-4.626335	4291.815
90.89	3687.189	44264.64	3540.701	64848.92	5608.118	2411.246	39927.53	2832.028	3090.036	33368.26	70582.92	1493.95	-5.338078	2982.918	9.543783e+07	4.126251e+08	2968.327	2295.729	93.95018	1286885	7883.562	-4.626335	6092.815	-5.338078	2982.918	-4.626335	6092.815
91.18	6688.188	35448.64	4840.701	63645.92	3707.117	4212.246	45737.53	2632.028	3991.036	29864.26	73891.92	2493.95	-5.338078	2982.918	1.420134e+08	4.206406e+08	2268.327	3695.729	93.95018	1816365	10284.56	-4.626335	4891.815	-5.338078	2982.918	-4.626335	4891.815
91.46	6488.188	34647.64	3440.701	56627.92	3307.117	5513.246	35220.53	2432.028	3290.036	29864.26	72688.92	2393.95	-5.338078	1582.918	1.3672e+08	3.404912e+08	3068.327	3995.729	93.95018	2393321	11585.56	-4.626335	5692.815	-5.338078	1582.918	-4.626335	5692.815
91.75	10789.19	26635.64	3940.701	52017.92	3207.117	6713.246	34218.53	1732.028	3390.036	27761.26	81314.92	3893.95	-5.338078	1882.918	1.403556e+08	3.90583e+08	1668.327	2695.729	193.9502	2871442	11485.56	-4.626335	6792.815	-5.338078	1882.918	-4.626335	6792.815
92.03	16492.19	30340.64	3140.701	43400.92	2207.117	8014.246	31614.53	1032.028	3090.036	22156.26	69679.92	6594.95	-5.338078	1382.918	1.276325e+08	3.144455e+08	2268.327	3995.729	193.9502	2887437	12185.56	95.37366	7692.815	-5.338078	1382.918	95.37366	7692.815
92.32	17993.19	23631.64	2239.701	44903.92	1907.117	9815.246	32816.53	3132.028	3390.036	18153.26	74493.92	7994.95	-5.338078	1182.918	1.279541e+08	3.46502e+08	2268.327	4295.729	193.9502	2217198	13786.56	-4.626335	5892.815	-5.338078	1182.918	-4.626335	5892.815
92.61	27002.19	38754.64	4340.701	47007.92	2007.117	9415.246	28611.53	2832.028	2990.036	19253.26	76599.92	13797.95	-5.338078	1282.918	1.39769e+08	3.645347e+08	1868.327	5896.729	93.95018	2386473	16588.56	-4.626335	8192.815	-5.338078	1282.918	-4.626335	8192.815
92.89	39318.19	29038.64	2539.701	41397.92	2507.117	9615.246	24606.53	3032.028	4591.036	15651.26	87635.92	14397.95	-5.338078	1582.918	1.422482e+08	3.605274e+08	2568.327	3995.729	393.9502	2932452	18289.56	-4.626335	6092.815	-5.338078	1582.918	-4.626335	6092.815
93.18	41622.19	26435.64	3440.701	37691.92	1307.117	5713.246	23505.53	2132.028	3390.036	13250.26	85929.92	18900.95	-5.338078	1182.918	1.437012e+08	2.964146e+08	2468.327	3895.729	193.9502	2650638	16688.56	-4.626335	6292.815	-5.338078	1182.918	-4.626335	6292.815
93.47	43725.19	19126.64	2139.701	31382.92	1607.117	4212.246	19701.53	1832.028	4891.036	13450.26	79709.92	17499.95	-5.338078	782.9182	1.296646e+08	3.444984e+08	3168.327	4095.729	93.95018	2299389	12285.56	-4.626335	7292.815	-5.338078	782.9182	-4.626335	7292.815
93.75	36414.19	9818.641	5040.701	23173.92	507.1174	4112.246	13397.53	1932.028	2190.036	9248.264	89843.92	15598.95	-5.338078	982.9182	1.272964e+08	3.485056e+08	3468.327	2695.729	293.9502	2401887	11985.56	-4.626335	7292.815	-5.338078	982.9182	-4.626335	7292.815
94.04	35913.19	11419.64	3140.701	18769.92	1407.117	2111.246	13297.53	3232.028	2490.036	9248.264	84625.92	9495.95	-5.338078	282.9182	1.358264e+08	3.68542e+08	3768.327	2995.729	93.95018	2332561	13886.56	-4.626335	7292.815	-5.338078	282.9182	-4.626335	7292.815
94.33	29004.19	7917.641	3040.701	15967.92	1707.117	2611.246	11496.53	3132.028	3691.036	7247.263	92352.92	8094.95	-5.338078	782.9182	1.379071e+08	3.705457e+08	3668.327	2995.729	193.9502	2391016	12185.56	-4.626335	10193.82	-5.338078	782.9182	-4.626335	10193.82
94.61	30906.19	5216.641	4940.701	13465.92	1107.117	2511.246	14197.53	2932.028	3491.036	6547.263	86833.92	7694.95	-5.338078	482.9182	1.345668e+08	3.585237e+08	4868.328	2895.729	193.9502	2497842	13586.56	-4.626335	10893.82	-5.338078	482.9182	-4.626335	10893.82
94.9	30305.19	6316.641	4740.701	12565.92	907.1174	2411.246	13897.53	2932.028	3390.036	6347.263	98576.92	7794.95	-5.338078	1082.918	1.341422e+08	3.925868e+08	4968.328	2195.729	593.9502	2404743	10584.56	-4.626335	9493.815	-5.338078	1082.918	-4.626335	9493.815
95.18	30205.19	9018.641	3240.701	12665.92	1607.117	211.2456	12296.53	3432.028	2190.036	3946.263	87936.92	7394.95	-5.338078	982.9182	1.326198e+08	3.945906e+08	4668.328	3195.729	93.95018	2312193	10084.56	-4.626335	9193.815	-5.338078	982.9182	-4.626335	9193.815
95.47	38717.19	4916.641	3540.701	14366.92	2507.117	1911.246	11596.53	2032.028	4191.036	6247.263	95364.92	9195.95	-5.338078	382.9182	1.376139e+08	3.444984e+08	3868.327	2495.729	193.9502	2360401	9484.562	-4.626335	9293.815	-5.338078	382.9182	-4.626335	9293.815
95.76	45428.19	13221.64	4040.701	12865.92	6308.118	2211.246	9094.526	1432.028	4491.036	4046.263	103496.9	12596.95	-5.338078	482.9182	1.41175e+08	3.82568e+08	5169.328	3695.729	193.9502	2482743	10384.56	-4.626335	10393.82	-5.338078	482.9182	-4.626335	10393.82
96.04	55749.19	4015.641	4640.701	11464.92	12810.12	2011.246	8794.526	3032.028	3591.036	3946.263	103295.9	19200.95	-5.338078	682.9182	9.146089e+07	3.364841e+08	4068.327	3595.729	393.9502	2411884	10484.56	95.37366	9993.815	-5.338078	682.9182	95.37366	9993.815
96.33	57754.19	6917.641	4440.701	13065.92	17313.12	2311.246	9795.526	1332.028	2490.036	3146.263	95564.92	33816.95	-5.338078	282.9182	1.28568e+08	3.605274e+08	4268.328	4795.729	793.9502	2406830	11885.56	-4.626335	11994.82	-5.338078	282.9182	-4.626335	11994.82
96.61	89848.19	3815.641	4040.701	12064.92	53765.12	2811.246	9895.526	3232.028	4591.036	3346.263	107312.9	53149.95	-5.338078	282.9182	1.341422e+08	4.146289e+08	4468.328	6696.729	1193.95	2310989	9384.562	-4.626335	13395.82	-5.338078	282.9182	-4.626335	13395.82
96.9	116357.2	7217.641	4640.701	16067.92	79433.12	411.2456	7894.527	2032.028	4291.036	5247.263	112334.9	71194.95	-5.338078	182.9182	1.33498e+08	3.565201e+08	3568.327	4895.729	893.9502	2120354	11585.56	95.37366	15496.82	-5.338078	182.9182	95.37366	15496.82
97.19	143095.2	4115.641	4240.701	16167.92	99806.12	1311.246	8394.526	2232.028	3190.036	4346.263	117658.9	75908.95	-5.338078	-17.08185	1.398716e+08	3.725494e+08	3468.327	4995.729	1193.95	2042886	8984.562	95.37366	13495.82	-5.338078	-17.08185	95.37366	13495.82
97.47	131934.2	5916.641	3840.701	15867.92	83948.12	711.2456	6794.527	1632.028	2790.036	5947.263	99680.92	70994.95	-5.338078	-17.08185	1.277933e+08	2.703711e+08	3568.327	4995.729	1893.95	2092769	11084.56	-4.626335	14395.82	-5.338078	-17.08185	-4.626335	14395.82
97.76	138369.2	21629.64	3040.701	17468.92	79433.12	2511.246	8394.526	2732.028	3591.036	7047.263	117357.9	65378.95	-5.338078	582.9182	1.352258e+08	3.565201e+08	3768.327	5596.729	2293.95	2142857	11084.56	-4.626335	14195.82	-5.338078	582.9182	-4.626335	14195.82
98.05	155268.2	14422.64	3740.701	15767.92	65493.12	1711.246	8394.526	1132.028	3491.036	6547.263	106207.9	58662.95	-5.338078	1082.918	1.38552e+08	3.765569e+08	3268.327	3695.729	2293.95	2064671	10584.56	-4.626335	13395.82	-5.338078	1082.918	-4.626335	13395.82
98.33	165131.2	22430.64	4440.701	20670.92	69604.12	4312.246	14297.53	2832.028	4091.036	7847.263	113037.9	54953.95	-5.338078	1082.918	1.318588e+08	3.384877e+08	4168.328	4495.729	1593.95	1869366	9784.562	95.37366	13895.82	-5.338078	1082.918	95.37366	13895.82
98.62	144001.2	30540.64	2839.701	23673.92	69303.12	3812.246	19601.53	1832.028	2990.036	9048.264	103295.9	38222.95	-5.338078	1682.918	1.337469e+08	3.485056e+08	5569.328	2695.729	993.9502	1726736	10484.56	95.37366	11894.82	-5.338078	1682.918	95.37366	11894.82
98.9	135956.2	34146.64	2139.701	42399.92	75722.12	3512.246	25006.53	3632.028	3591.036	10448.26	90746.92	28009.95	-5.338078	2682.918	1.347572e+08	3.765569e+08	4768.328	2595.729	493.9502	1554039	10884.56	195.3737	13295.82	-5.338078	2682.918	195.3737	13295.82
99.19	116056.2	25734.64	3240.701	54422.92	73916.12	4712.246	27910.53	2332.028	2290.036	8547.264	98174.92	26907.95	-5.338078	1882.918	1.307469e+08	3.104385e+08	5669.328	3195.729	993.9502	1555634	11084.56	-4.626335	13895.82	-5.338078	1882.918	-4.626335	13895.82
99.47	116056.2	30540.64	4040.701	66251.92	70607.12	5713.246	30613.53	2432.028	2090.036	12549.26	95263.92	21402.95	-5.338078	4082.918	1.310395e+08	3.765569e+08	5769.328	1795.729	493.9502	1407955	10184.56	-4.626335	9093.815	-5.338078	4082.918	-4.626335	9093.815
99.76	114147.2	29038.64	4840.701	69159.92	73014.12	5613.246	27910.53	2532.028	2590.036	12449.26	85929.92	20201.95	-5.338078	3082.918	1.308347e+08	3.344805e+08	5869.328	2695.729	293.9502	1159786	8984.562	-4.626335	9993.815	-5.338078	3082.918	-4.626335	9993.815
100.05	117663.2	35949.64	3840.701	68758.92	90370.12	4812.246	32115.53	2732.028	2590.036	13049.26	100182.9	14897.95	-5.338078	3782.918	1.356945e+08	3.585237e+08	4168.328	2395.729	593.9502	861175.9	11185.56	-4.626335	9893.815	-5.338078	3782.918	-4.626335	9893.815
100.33	123491.2	40256.64	2940.701	50815.92	112058.1	2611.246	32816.53	1932.028	2390.036	14850.26	96669.92	13196.95	-5.338078	3282.918	1.332204e+08	4.066135e+08	3968.327	2495.729	893.9502	731233.9	12985.56	-4.626335	9393.815	-5.338078	3282.918	-4.626335	9393.815
100.62	148326.2	39956.64	3640.701	60036.92	167567.1	2311.246	33617.53	2332.028	2390.036	14951.26	101387.9	12596.95	-5.338078	2682.918	1.3672e+08	3.505092e+08	3368.327	2795.729	793.9502	566336.9	10684.56	-4.626335	8192.815	-5.338078	2682.918	-4.626335	8192.815
100.91	135352.2	33645.64	4540.701	45604.92	210188.1	2911.246	28410.53	3032.028	2390.036	15351.26	95163.92	10295.95	-5.338078	2482.918	1.391678e+08	3.645347e+08	3968.327	1695.729	893.9502	464774.9	13386.56	-4.626335	6692.815	-5.338078	2482.918	-4.626335	6692.815
101.19	126908.2	27836.64	3140.701	49412.92	236017.1	1611.246	26508.53	3632.028	4091.036	22856.26	93758.92	8494.95	-5.338078	3182.918	1.332204e+08	3.424948e+08	3268.327	2295.729	1693.95	389199.9	9884.562	95.37366	5692.815	-5.338078	3182.918	95.37366	5692.815
101.48	117462.2	25734.64	5140.701	53921.92	278956.1	1911.246	25107.53	1032.028	3290.036	29363.26	87836.92	6694.95	94.66192	1982.918	1.242434e+08	3.264664e+08	3568.327	2595.729	493.9502	321244.9	8183.562	-4.626335	6392.815	94.66192	1982.918	-4.626335	6392.815
101.76	118367.2	30640.64	3840.701	65550.92	333011.1	511.2456	25907.53	1332.028	2890.036	31966.26	88639.92	6794.95	-5.338078	2882.918	1.350501e+08	3.665384e+08	3268.327	3295.729	493.9502	302006.9	10184.56	-4.626335	5692.815	-5.338078	2882.918	-4.626335	5692.815
102.05	129220.2	27135.64	3240.701	62742.92	458169.1	711.2456	23605.53	2132.028	3190.036	31966.26	87435.92	5294.95	-5.338078	1782.918	1.232653e+08	3.945906e+08	2568.327	3895.729	-6.049822	269336.9	8684.562	95.37366	5592.815	-5.338078	1782.918	95.37366	5592.815
102.34	120979.2	24232.64	2940.701	52117.92	520879.1	1311.246	23305.53	1932.028	3691.036	27761.26	85428.92	6594.95	-5.338078	1782.918	1.208429e+08	2.82391e+08	2168.327	3295.729	593.9502	221471	6683.562	95.37366	6792.815	-5.338078	1782.918	95.37366	6792.815
102.62	122486.2	24031.64	3740.701	50414.92	556024.1	11.24561	18400.53	1932.028	2890.036	22356.26	76399.92	6494.95	-5.338078	1282.918	1.04818e+08	2.924078e+08	2068.327	2695.729	293.9502	182256	5183.562	195.3737	4991.815	-5.338078	1282.918	195.3737	4991.815
102.91	106714.2	23130.64	4640.701	42299.92	507917.1	811.2456	13897.53	1732.028	2690.036	16351.26	76499.92	6094.95	-5.338078	1482.918	9.479705e+07	2.523418e+08	1868.327	2595.729	-6.049822	157388	4582.562	295.3737	5192.815	-5.338078	1482.918	295.3737	5192.815
103.19	90450.19	32243.64	2039.701	34286.92	428042.1	1411.246	9595.526	932.0284	2490.036	12549.26	55744.92	6694.95	94.66192	682.9182	7.656772e+07	2.042668e+08	568.3274	1895.729	93.95018	132444	4082.562	295.3737	2791.815	94.66192	682.9182	295.3737	2791.815
103.48	69885.19	36750.64	1839.701	25275.92	304957.1	1911.246	9295.526	932.0284	2390.036	10348.26	40014.92	4393.95	-5.338078	1082.918	5.666844e+07	1.642079e+08	768.3274	1095.729	193.9502	91360.95	2882.562	195.3737	2391.815	-5.338078	1082.918	195.3737	2391.815
103.77	45328.19	101043.6	1539.701	19569.92	215230.1	1611.246	7394.527	432.0284	390.0356	6747.263	28498.92	2193.95	-5.338078	482.9182	4.681043e+07	1.270322e+08	968.3274	895.7296	93.95018	69690.95	1582.562	95.37366	891.8149	-5.338078	482.9182	95.37366	891.8149
104.05	39719.19	62307.64	1539.701	15667.92	160119.1	-88.75439	5693.527	632.0284	90.03564	5447.263	25495.92	2393.95	-5.338078	-17.08185	3.313478e+07	9.224724e+07	868.3274	695.7296	93.95018	72999.95	1982.562	-4.626335	1691.815	-5.338078	-17.08185	-4.626335	1691.815
104.34	29905.19	43763.64	39.70117	11964.92	148548.1	411.2456	3993.527	632.0284	-9.964355	4646.263	19590.92	1593.95	-5.338078	282.9182	2.690627e+07	7.686754e+07	568.3274	895.7296	-6.049822	48039.95	1482.562	-4.626335	1391.815	-5.338078	282.9182	-4.626335	1391.815
104.62	25600.19	67723.64	239.7012	8263.922	119693.1	2611.246	3193.527	-167.9716	1190.036	3246.263	17188.92	493.9502	-5.338078	182.9182	2.318577e+07	6.248995e+07	68.3274	495.7295	93.95018	44733.95	1682.562	-4.626335	891.8149	-5.338078	182.9182	-4.626335	891.8149
104.91	17393.19	77855.64	-60.29883	7362.922	80136.12	1411.246	3593.527	-67.97156	290.0356	3346.263	25495.92	693.9502	-5.338078	82.91815	1.924235e+07	5.063885e+07	668.3274	-4.270463	-6.049822	33415.95	1682.562	1395.374	2791.815	-5.338078	82.91815	1395.374	2791.815
105.2	14791.19	73039.64	739.7012	6662.922	74919.12	311.2456	3493.527	32.02844	90.03564	2446.263	25095.92	593.9502	-5.338078	82.91815	1.572818e+07	4.140393e+07	268.3274	595.7296	-6.049822	32614.95	882.5623	795.3737	1491.815	-5.338078	82.91815	795.3737	1491.815
105.48	12690.19	72738.64	1639.701	4862.922	62285.12	711.2456	1292.527	232.0284	190.0356	2146.263	61057.92	793.9502	-5.338078	182.9182	1.329299e+07	3.115031e+07	68.3274	195.7295	-6.049822	29811.95	182.5623	795.3737	1691.815	-5.338078	182.9182	795.3737	1691.815
105.77	9489.188	54086.64	1339.701	4162.922	49256.12	-889.7544	1392.527	-367.9716	-409.9644	2146.263	17588.92	993.9502	-5.338078	82.91815	9360581	2.975113e+07	168.3274	695.7296	93.95018	16999.95	282.5623	695.3737	1091.815	-5.338078	82.91815	695.3737	1091.815
106.05	11290.19	50578.64	1439.701	3361.922	37435.12	-1089.754	1092.527	532.0284	-209.9644	1446.263	14486.92	393.9502	-5.338078	382.9182	7509060	2.488685e+07	368.3274	195.7295	-6.049822	15998.95	282.5623	1195.374	391.8149	-5.338078	382.9182	1195.374	391.8149
106.34	5288.188	33244.64	-1761.299	3161.922	29725.12	111.2456	492.5267	432.0284	-209.9644	1546.263	13886.92	93.95018	-5.338078	82.91815	7212340	1.712638e+07	268.3274	95.72954	93.95018	14197.95	382.5623	1395.374	1291.815	-5.338078	82.91815	1395.374	1291.815
106.62	6788.188	50177.64	739.7012	2361.922	27022.12	411.2456	592.5267	232.0284	-309.9644	1146.263	14786.92	693.9502	-5.338078	182.9182	5912724	1.358641e+07	-31.6726	95.72954	-6.049822	15298.95	482.5623	295.3737	191.8149	-5.338078	182.9182	295.3737	191.8149
106.91	5788.188	65917.64	139.7012	1361.922	26321.12	-989.7544	192.5267	32.02844	-509.9644	546.2634	13486.92	193.9502	-5.338078	82.91815	3978314	1.362904e+07	-31.6726	95.72954	93.95018	9395.95	182.5623	495.3737	1391.815	-5.338078	82.91815	495.3737	1391.815
107.19	4187.188	84177.64	739.7012	1461.922	19315.12	511.2456	2692.527	-67.97156	90.03564	1046.263	5283.918	893.9502	-5.338078	-17.08185	5531406	1.591756e+07	168.3274	95.72954	-6.049822	20001.95	782.5623	195.3737	791.8149	-5.338078	-17.08185	195.3737	791.8149
107.48	4087.189	124153.6	1039.701	1161.922	14011.12	2911.246	8094.527	-267.9716	290.0356	446.2633	13286.92	5394.95	-5.338078	-17.08185	1.640807e+07	4.309425e+07	168.3274	795.7296	293.9502	79620.95	2182.562	295.3737	2791.815	-5.338078	-17.08185	295.3737	2791.815
107.77	7588.188	203591.6	539.7012	1361.922	10809.12	6613.246	13497.53	832.0284	490.0356	1146.263	23493.92	5994.95	-5.338078	82.91815	3.499977e+07	9.669516e+07	968.3274	695.7296	1093.95	193440	4782.562	95.37366	2391.815	-5.338078	82.91815	95.37366	2391.815
108.05	8188.188	219630.6	1339.701	2061.922	19214.12	5713.246	13997.53	932.0284	990.0356	1046.263	25695.92	7794.95	194.6619	-17.08185	5.599511e+07	1.40174e+08	768.3274	1295.729	3393.95	395497.9	6483.562	295.3737	3191.815	194.6619	-17.08185	295.3737	3191.815
108.34	11990.19	198751.6	2439.701	2961.922	22918.12	6013.246	12696.53	1332.028	2090.036	846.2634	33404.92	10895.95	94.66192	-17.08185	7.67118e+07	1.962548e+08	1568.327	1595.729	3193.95	714458.9	15387.56	395.3737	4591.815	94.66192	-17.08185	395.3737	4591.815
108.62	15592.19	181214.6	1939.701	2861.922	30225.12	6113.246	17399.53	2332.028	2990.036	1846.263	44021.92	15598.95	-5.338078	-17.08185	8.767913e+07	2.14282e+08	1468.327	2095.729	6394.95	1015925	10484.56	695.3737	4991.815	-5.338078	-17.08185	695.3737	4991.815
108.91	24499.19	160065.6	639.7012	5062.922	32929.12	4012.246	14597.53	1632.028	2890.036	1246.263	54141.92	15598.95	-5.338078	182.9182	9.736122e+07	2.643612e+08	1768.327	2495.729	7594.95	1265220	8183.562	95.37366	6192.815	-5.338078	182.9182	95.37366	6192.815
109.2	32007.19	117017.6	1739.701	3661.922	38337.12	4412.246	14898.53	2032.028	1790.036	1946.263	57047.92	21502.95	-5.338078	82.91815	1.070696e+08	2.703711e+08	1868.327	3195.729	3993.95	1610234	7983.562	-4.626335	5292.815	-5.338078	82.91815	-4.626335	5292.815
109.48	42122.19	96123.64	439.7012	5662.922	42543.12	6113.246	12896.53	1232.028	2690.036	3246.263	63563.92	33616.95	-5.338078	382.9182	1.101807e+08	2.603547e+08	1068.327	2695.729	3593.95	1700528	10784.56	-4.626335	6092.815	-5.338078	382.9182	-4.626335	6092.815
109.77	49336.19	90500.64	2539.701	7462.922	47953.12	3712.246	11596.53	2432.028	2290.036	2646.263	65468.92	45134.95	-5.338078	82.91815	1.199969e+08	2.743777e+08	1368.327	2195.729	1693.95	1938333	12085.56	-4.626335	7892.815	-5.338078	82.91815	-4.626335	7892.815
110.06	50137.19	74042.64	2239.701	9263.922	49556.12	3012.246	14197.53	3132.028	2490.036	1846.263	68977.92	51045.95	-5.338078	-17.08185	1.156244e+08	2.403226e+08	1468.327	2995.729	4893.95	2056323	10084.56	95.37366	8092.815	-5.338078	-17.08185	95.37366	8092.815
110.34	66776.19	70130.64	3440.701	8663.922	53965.12	2511.246	13197.53	2432.028	2690.036	2546.263	76900.92	63173.95	94.66192	82.91815	1.264051e+08	3.244629e+08	2368.327	2895.729	1493.95	2069876	14286.56	95.37366	8392.815	94.66192	82.91815	95.37366	8392.815
110.63	74197.19	61806.64	1539.701	8663.922	59979.12	3512.246	14297.53	1832.028	4191.036	2646.263	84525.92	72598.95	-5.338078	382.9182	1.255578e+08	2.82391e+08	1668.327	4495.729	2793.95	2168754	9284.562	-4.626335	10293.82	-5.338078	382.9182	-4.626335	10293.82
110.91	77908.19	48072.64	3340.701	10864.92	60681.12	3712.246	10095.53	1832.028	3290.036	3146.263	83020.92	72097.95	-5.338078	-17.08185	1.184368e+08	3.204559e+08	1768.327	3195.729	3493.95	2087125	9784.562	-4.626335	9693.815	-5.338078	-17.08185	-4.626335	9693.815
111.2	84429.19	37652.64	4140.701	14266.92	58576.12	6513.246	8994.526	2232.028	1990.036	2046.263	91449.92	75507.95	-5.338078	382.9182	1.265512e+08	3.204559e+08	2068.327	3395.729	4293.95	2141878	11285.56	95.37366	14395.82	-5.338078	382.9182	95.37366	14395.82
111.49	103300.2	39355.64	4640.701	12665.92	63387.12	5212.246	16098.53	2832.028	2990.036	2646.263	90646.92	89754.95	94.66192	182.9182	1.299425e+08	2.944112e+08	2068.327	3495.729	4893.95	2188138	9984.562	95.37366	12294.82	94.66192	182.9182	95.37366	12294.82
111.77	106714.2	60803.64	3240.701	12465.92	61683.12	5412.246	18100.53	832.0284	2790.036	2246.263	91951.92	83733.95	-5.338078	582.9182	1.225063e+08	3.404912e+08	2368.327	4595.729	4293.95	2115900	10484.56	195.3737	13695.82	-5.338078	582.9182	195.3737	13695.82
112.06	113846.2	86084.64	4640.701	10664.92	54968.12	6113.246	21503.53	2332.028	3491.036	3546.263	82518.92	77714.95	94.66192	282.9182	1.293868e+08	3.12442e+08	1868.327	5096.729	5794.95	2249000	10584.56	95.37366	17597.81	94.66192	282.9182	95.37366	17597.81
112.34	116257.2	156743.6	1239.701	12365.92	60982.12	9315.246	20402.53	2032.028	3791.036	3346.263	90746.92	81626.95	94.66192	82.91815	1.323124e+08	3.965944e+08	3268.327	3595.729	4893.95	2257628	11385.56	-4.626335	14895.82	94.66192	82.91815	-4.626335	14895.82
112.63	115955.2	120233.6	2639.701	14766.92	57674.12	9415.246	25607.53	2432.028	3390.036	4246.263	94962.92	78717.95	-5.338078	82.91815	1.260252e+08	2.944112e+08	2768.327	4995.729	5994.95	2346806	10584.56	95.37366	13895.82	-5.338078	82.91815	95.37366	13895.82
112.92	114549.2	133704.6	5340.701	13465.92	52763.12	12817.25	22204.53	1232.028	3791.036	3346.263	90746.92	82328.95	94.66192	482.9182	1.295038e+08	3.585237e+08	2468.327	3695.729	4293.95	2354261	14686.56	195.3737	13995.82	94.66192	482.9182	195.3737	13995.82
113.2	121783.2	82170.64	4840.701	14666.92	57072.12	18221.25	21203.53	2132.028	2990.036	4146.263	99078.92	99792.95	94.66192	282.9182	1.327661e+08	3.525128e+08	2368.327	3295.729	7294.95	2474150	9984.562	-4.626335	14595.82	94.66192	282.9182	-4.626335	14595.82
113.49	121682.2	56291.64	2439.701	15567.92	64591.12	16520.25	23905.53	1832.028	5491.036	3646.263	100182.9	99892.95	-5.338078	582.9182	1.330442e+08	3.545164e+08	2068.327	4495.729	3393.95	2476464	10984.56	95.37366	14495.82	-5.338078	582.9182	95.37366	14495.82
113.78	109727.2	55690.64	3140.701	18769.92	72913.12	20924.25	23205.53	1632.028	4591.036	3546.263	107412.9	91259.95	94.66192	182.9182	1.297816e+08	3.505092e+08	2268.327	3695.729	4693.95	2300593	10484.56	195.3737	10593.82	94.66192	182.9182	195.3737	10593.82
114.06	86637.19	86284.64	3040.701	13365.92	58576.12	13217.25	21303.53	2732.028	3190.036	3546.263	88539.92	74002.95	-5.338078	282.9182	1.224771e+08	3.46502e+08	1668.327	3495.729	2393.95	2172564	8884.562	-4.626335	7392.815	-5.338078	282.9182	-4.626335	7392.815
114.35	77407.19	38854.64	2739.701	15366.92	60480.12	12717.25	24506.53	2832.028	2690.036	3446.263	88840.92	74504.95	-5.338078	382.9182	1.272818e+08	3.46502e+08	2268.327	2795.729	2193.95	2113944	10284.56	-4.626335	8292.815	-5.338078	382.9182	-4.626335	8292.815
114.63	67879.19	28838.64	3440.701	12665.92	52262.12	12316.25	22304.53	1532.028	3891.036	2346.263	74192.92	51045.95	-5.338078	182.9182	1.06256e+08	3.304735e+08	1368.327	1995.729	2293.95	1781592	7183.562	-4.626335	7192.815	-5.338078	182.9182	-4.626335	7192.815
114.92	52743.19	38754.64	2039.701	8263.922	43445.12	8914.246	19401.53	1332.028	2490.036	2146.263	60054.92	43331.95	-5.338078	182.9182	9.70714e+07	2.82391e+08	1368.327	1995.729	2693.95	1525669	8784.562	-4.626335	5492.815	-5.338078	182.9182	-4.626335	5492.815
115.2	44326.19	20427.64	2639.701	7562.922	37535.12	8614.246	19001.53	1532.028	1890.036	1646.263	52537.92	36319.95	94.66192	182.9182	9.161248e+07	2.182882e+08	1368.327	1495.729	2793.95	1261015	5483.562	95.37366	4691.815	94.66192	182.9182	95.37366	4691.815
115.49	37215.19	38754.64	2639.701	7162.922	30926.12	7513.246	14397.53	2332.028	2490.036	1446.263	39113.92	28609.95	-5.338078	182.9182	6.977366e+07	1.942518e+08	468.3274	1495.729	1393.95	981385.9	5883.562	95.37366	4191.815	-5.338078	182.9182	95.37366	4191.815
115.78	29304.19	20628.64	2839.701	4762.922	22217.12	6613.246	12896.53	932.0284	1590.036	1646.263	31902.92	23004.95	-5.338078	82.91815	5.608106e+07	1.041254e+08	468.3274	1095.729	993.9502	695536.9	3682.562	-4.626335	1291.815	-5.338078	82.91815	-4.626335	1291.815
116.06	22297.19	16523.64	3140.701	4862.922	15112.12	7714.246	9995.526	1532.028	1090.036	1046.263	25996.92	18900.95	-5.338078	82.91815	3.803426e+07	1.121603e+08	368.3274	1395.729	893.9502	550795.9	2182.562	95.37366	2091.815	-5.338078	82.91815	95.37366	2091.815
116.35	16993.19	14722.64	1339.701	3361.922	14411.12	18722.25	8494.526	532.0284	890.0356	1146.263	21892.92	13597.95	-5.338078	-17.08185	3.296398e+07	8.716652e+07	368.3274	595.7296	793.9502	452552.9	1382.562	95.37366	1691.815	-5.338078	-17.08185	95.37366	1691.815
116.63	16593.19	13721.64	939.7012	5562.922	12610.12	10916.25	4493.527	332.0284	790.0356	546.2634	14286.92	10395.95	-5.338078	82.91815	2.505973e+07	6.987361e+07	68.3274	895.7296	793.9502	336746.9	2682.562	195.3737	891.8149	-5.338078	82.91815	195.3737	891.8149
116.92	10189.19	19326.64	1439.701	6162.922	8909.117	6513.246	2792.527	232.0284	390.0356	346.2633	13386.92	8094.95	-5.338078	82.91815	2.049015e+07	5.605613e+07	568.3274	495.7295	393.9502	298970.9	1782.562	-4.626335	1091.815	-5.338078	82.91815	-4.626335	1091.815
117.21	9889.188	13621.64	1339.701	1961.922	7108.118	4312.246	2792.527	532.0284	290.0356	146.2633	8083.918	8394.95	-5.338078	-17.08185	1.608227e+07	4.507208e+07	68.3274	295.7295	493.9502	203519	1682.562	-4.626335	1591.815	-5.338078	-17.08185	-4.626335	1591.815
117.49	7688.188	12420.64	1139.701	761.9218	6008.118	2611.246	3293.527	332.0284	-409.9644	-53.73666	8684.918	5794.95	-5.338078	82.91815	1.160916e+07	3.931363e+07	68.3274	195.7295	393.9502	184472	682.5623	-4.626335	391.8149	-5.338078	82.91815	-4.626335	391.8149
117.78	6788.188	6816.641	-260.2988	1661.922	2707.117	2411.246	2392.527	632.0284	-209.9644	346.2633	5583.918	3993.95	-5.338078	-17.08185	1.043519e+07	2.788166e+07	268.3274	495.7295	293.9502	177623	882.5623	-4.626335	291.8149	-5.338078	-17.08185	-4.626335	291.8149
118.06	4687.188	12620.64	39.70117	1161.922	3407.117	1611.246	1992.527	-267.9716	-409.9644	346.2633	6083.918	3893.95	-5.338078	-17.08185	9091980	2.321941e+07	68.3274	95.72954	193.9502	136566	1182.562	95.37366	491.8149	-5.338078	-17.08185	95.37366	491.8149
118.35	2687.189	7617.641	539.7012	1261.922	3207.117	2711.246	992.5267	532.0284	90.03564	446.2633	4182.918	3793.95	-5.338078	-17.08185	7297114	2.272076e+07	-31.6726	-4.270463	393.9502	88048.95	382.5623	-4.626335	491.8149	-5.338078	-17.08185	-4.626335	491.8149
118.63	4087.189	7517.641	-60.29883	861.9218	2407.117	1611.246	-7.473267	-167.9716	190.0356	146.2633	3982.918	2493.95	-5.338078	-17.08185	6138710	1.739664e+07	268.3274	395.7295	93.95018	82027.95	482.5623	95.37366	191.8149	-5.338078	-17.08185	95.37366	191.8149
118.92	2187.189	1114.641	1439.701	761.9218	2607.117	11.24561	1092.527	-167.9716	-9.964355	146.2633	3782.918	1493.95	-5.338078	-17.08185	4486524	1.274814e+07	-31.6726	295.7295	93.95018	73802.95	182.5623	-4.626335	291.8149	-5.338078	-17.08185	-4.626335	291.8149
119.21	2487.189	2815.641	1639.701	1061.922	1407.117	-288.7544	392.5267	32.02844	390.0356	446.2633	2082.918	1593.95	-5.338078	-17.08185	4387698	1.102959e+07	168.3274	295.7295	93.95018	53450.95	682.5623	-4.626335	91.81495	-5.338078	-17.08185	-4.626335	91.81495
119.49	1287.189	2915.641	1239.701	261.9218	1507.117	711.2456	1692.527	32.02844	-1009.964	-53.73666	1682.918	2693.95	94.66192	-17.08185	3653662	9751877	168.3274	95.72954	693.9502	39524.95	582.5623	-4.626335	91.81495	94.66192	-17.08185	-4.626335	91.81495
119.78	1087.189	2415.641	739.7012	461.9218	1607.117	311.2456	-507.4733	-167.9716	190.0356	146.2633	2582.918	793.9502	-5.338078	-17.08185	2581114	7226194	-31.6726	-4.270463	93.95018	38923.95	482.5623	-4.626335	91.81495	-5.338078	-17.08185	-4.626335	91.81495
120.06	2087.189	514.6406	339.7012	-338.0782	1107.117	-588.7544	292.5267	-67.97156	-209.9644	-53.73666	1582.918	1493.95	-5.338078	-17.08185	2835110	5439440	-31.6726	-4.270463	-6.049822	31713.95	382.5623	-4.626335	91.81495	-5.338078	-17.08185	-4.626335	91.81495
120.35	887.1886	1514.641	-1061.299	261.9218	207.1174	-1489.754	-207.4733	-67.97156	-109.9644	246.2633	1082.918	1493.95	-5.338078	-17.08185	1805131	5212614	68.3274	-4.270463	193.9502	21502.95	282.5623	-4.626335	191.8149	-5.338078	-17.08185	-4.626335	191.8149
120.64	887.1886	814.6406	139.7012	261.9218	707.1174	-1489.754	1192.527	332.0284	-309.9644	-53.73666	682.9182	693.9502	-5.338078	-17.08185	1593529	4943278	68.3274	95.72954	-6.049822	20001.95	-17.43772	-4.626335	91.81495	-5.338078	-17.08185	-4.626335	91.81495
120.93	1087.189	414.6406	-160.2988	361.9218	307.1174	-488.7544	-107.4733	32.02844	-209.9644	246.2633	582.9182	1693.95	-5.338078	82.91815	1367834	3936994	-31.6726	195.7295	93.95018	16498.95	82.56228	-4.626335	191.8149	-5.338078	82.91815	-4.626335	191.8149
121.21	787.1886	714.6406	-60.29883	61.92175	807.1174	-689.7544	-707.4733	-267.9716	-209.9644	-53.73666	1082.918	193.9502	-5.338078	-17.08185	1325518	3880310	168.3274	-4.270463	-6.049822	21402.95	-17.43772	-4.626335	191.8149	-5.338078	-17.08185	-4.626335	191.8149
121.51	187.1886	714.6406	439.7012	461.9218	507.1174	-889.7544	-407.4733	-67.97156	-309.9644	-53.73666	582.9182	293.9502	-5.338078	-17.08185	987007.4	2435185	-31.6726	-4.270463	-6.049822	14597.95	-17.43772	-4.626335	-8.185054	-5.338078	-17.08185	-4.626335	-8.185054
121.8	187.1886	1914.641	539.7012	-38.07825	607.1174	-88.75439	492.5267	32.02844	-9.964355	46.26334	482.9182	293.9502	-5.338078	-17.08185	521608.4	2675998	-31.6726	-4.270463	-6.049822	8695.95	82.56228	-4.626335	-8.185054	-5.338078	-17.08185	-4.626335	-8.185054
122.09	487.1886	-85.35938	839.7012	161.9218	507.1174	-1289.754	92.52673	-167.9716	890.0356	46.26334	282.9182	493.9502	-5.338078	-17.08185	894287.4	1925282	-31.6726	-4.270463	-6.049822	13997.95	-17.43772	-4.626335	-8.185054	-5.338078	-17.08185	-4.626335	-8.185054
122.37	387.1886	-585.3594	-360.2988	461.9218	7.117439	111.2456	92.52673	32.02844	-609.9644	-53.73666	182.9182	-6.049822	-5.338078	82.91815	662023.4	1514580	168.3274	-4.270463	-6.049822	7094.95	82.56228	95.37366	91.81495	-5.338078	82.91815	95.37366	91.81495
122.67	287.1886	514.6406	-1161.299	261.9218	307.1174	-1389.754	-307.4733	32.02844	490.0356	46.26334	282.9182	193.9502	-5.338078	-17.08185	324184.4	1401292	-31.6726	-4.270463	-6.049822	5594.95	82.56228	-4.626335	-8.185054	-5.338078	-17.08185	-4.626335	-8.185054
122.96	187.1886	-1886.359	2039.701	-438.0782	7.117439	-1289.754	-7.473267	-367.9716	-9.964355	146.2633	482.9182	193.9502	-5.338078	182.9182	563914.4	891536.8	-31.6726	-4.270463	93.95018	7294.95	-17.43772	-4.626335	-8.185054	-5.338078	182.9182	-4.626335	-8.185054
123.24	187.1886	-985.3594	-861.2988	-38.07825	7.117439	-488.7544	-507.4733	-367.9716	590.0356	46.26334	182.9182	-6.049822	-5.338078	-17.08185	296923.4	1231365	-31.6726	-4.270463	-6.049822	8494.95	-17.43772	-4.626335	-8.185054	-5.338078	-17.08185	-4.626335	-8.185054
123.53	287.1886	214.6406	639.7012	161.9218	307.1174	-1089.754	-1007.473	-267.9716	290.0356	46.26334	382.9182	193.9502	-5.338078	-17.08185	317980.4	1103926	-31.6726	-4.270463	-6.049822	3193.95	182.5623	-4.626335	-8.185054	-5.338078	-17.08185	-4.626335	-8.185054
123.82	87.18861	-785.3594	239.7012	-338.0782	7.117439	-288.7544	-607.4733	-67.97156	-209.9644	-53.73666	582.9182	93.95018	-5.338078	-17.08185	243349.4	423404.8	-31.6726	-4.270463	93.95018	7494.95	-17.43772	-4.626335	-8.185054	-5.338078	-17.08185	-4.626335	-8.185054
124.11	587.1886	614.6406	439.7012	361.9218	207.1174	-188.7544	-1007.473	32.02844	-209.9644	-53.73666	82.91815	93.95018	-5.338078	-17.08185	96054.4	594214.8	-31.6726	-4.270463	-6.049822	7494.95	-17.43772	-4.626335	-8.185054	-5.338078	-17.08185	-4.626335	-8.185054
124.4	-12.81139	-85.35938	-160.2988	61.92175	307.1174	-989.7544	-507.4733	32.02844	-209.9644	146.2633	-17.08185	-6.049822	-5.338078	-17.08185	219025.4	424326.8	68.3274	-4.270463	-6.049822	5994.95	-17.43772	-4.626335	-8.185054	-5.338078	-17.08185	-4.626335	-8.185054
124.69	-12.81139	514.6406	439.7012	-438.0782	7.117439	-1189.754	-607.4733	332.0284	-9.964355	-53.73666	182.9182	93.95018	-5.338078	-17.08185	136642.4	367699.8	-31.6726	-4.270463	-6.049822	2793.95	-17.43772	-4.626335	-8.185054	-5.338078	-17.08185	-4.626335	-8.185054
124.97	387.1886	-485.3594	-460.2988	-138.0782	-92.88256	-889.7544	92.52673	132.0284	-109.9644	-53.73666	82.91815	93.95018	-5.338078	-17.08185	151427.4	311072.8	-31.6726	-4.270463	-6.049822	2493.95	-17.43772	-4.626335	-8.185054	-5.338078	-17.08185	-4.626335	-8.185054
125.26	-12.81139	-685.3594	239.7012	-38.07825	107.1174	-188.7544	-407.4733	-67.97156	-409.9644	-53.73666	82.91815	-6.049822	-5.338078	-17.08185	119555.4	339385.8	-31.6726	-4.270463	-6.049822	893.9502	-17.43772	-4.626335	-8.185054	-5.338078	-17.08185	-4.626335	-8.185054
125.54	187.1886	1014.641	939.7012	861.9218	7.117439	-889.7544	-407.4733	-67.97156	190.0356	-53.73666	82.91815	-6.049822	-5.338078	-17.08185	70469.4	326465.8	68.3274	-4.270463	-6.049822	3393.95	-17.43772	-4.626335	-8.185054	-5.338078	-17.08185	-4.626335	-8.185054
125.84	187.1886	-385.3594	-60.29883	361.9218	107.1174	-689.7544	-807.4733	32.02844	190.0356	-53.73666	82.91815	93.95018	-5.338078	-17.08185	64152.39	282759.8	-31.6726	-4.270463	-6.049822	1393.95	-17.43772	-4.626335	-8.185054	-5.338078	-17.08185	-4.626335	-8.185054
126.12	287.1886	-985.3594	639.7012	-138.0782	107.1174	-989.7544	-607.4733	-67.97156	290.0356	-53.73666	282.9182	-6.049822	94.66192	-17.08185	85114.4	51697.77	-31.6726	-4.270463	-6.049822	2693.95	-17.43772	-4.626335	-8.185054	94.66192	-17.08185	-4.626335	-8.185054
126.41	187.1886	-685.3594	-1261.299	-238.0782	107.1174	-1189.754	-707.4733	232.0284	190.0356	146.2633	-17.08185	-6.049822	-5.338078	-17.08185	86218.4	129479.8	-31.6726	-4.270463	-6.049822	293.9502	-17.43772	-4.626335	-8.185054	-5.338078	-17.08185	-4.626335	-8.185054
126.7	-12.81139	814.6406	-260.2988	-338.0782	207.1174	-488.7544	-7.473267	232.0284	-509.9644	146.2633	82.91815	-6.049822	-5.338078	-17.08185	113326.4	13798.77	-31.6726	-4.270463	-6.049822	1693.95	-17.43772	-4.626335	91.81495	-5.338078	-17.08185	-4.626335	91.81495
126.99	187.1886	1114.641	339.7012	361.9218	107.1174	-689.7544	-607.4733	32.02844	390.0356	46.26334	-17.08185	93.95018	-5.338078	-17.08185	54829.39	13798.77	-31.6726	-4.270463	-6.049822	193.9502	-17.43772	-4.626335	-8.185054	-5.338078	-17.08185	-4.626335	-8.185054
127.28	-12.81139	-1285.359	139.7012	-38.07825	7.117439	-1689.754	-307.4733	-67.97156	-409.9644	46.26334	-17.08185	-6.049822	-5.338078	-17.08185	22679.39	71546.77	-31.6726	-4.270463	-6.049822	193.9502	-17.43772	-4.626335	91.81495	-5.338078	-17.08185	-4.626335	91.81495
127.56	-12.81139	414.6406	139.7012	-338.0782	-92.88256	-388.7544	-107.4733	532.0284	-9.964355	-53.73666	82.91815	-6.049822	-5.338078	-17.08185	13969.39	240291.8	-31.6726	-4.270463	-6.049822	493.9502	82.56228	-4.626335	-8.185054	-5.338078	-17.08185	-4.626335	-8.185054
127.85	87.18861	914.6406	-160.2988	-438.0782	7.117439	-1189.754	292.5267	532.0284	-409.9644	-53.73666	-17.08185	-6.049822	-5.338078	-17.08185	70970.4	119731.8	-31.6726	-4.270463	-6.049822	193.9502	-17.43772	-4.626335	-8.185054	-5.338078	-17.08185	-4.626335	-8.185054
128.14	-12.81139	-1586.359	-1661.299	61.92175	7.117439	-1689.754	-607.4733	-267.9716	-309.9644	146.2633	-17.08185	-6.049822	-5.338078	-17.08185	13969.39	55104.77	-31.6726	-4.270463	-6.049822	393.9502	-17.43772	-4.626335	-8.185054	-5.338078	-17.08185	-4.626335	-8.185054
128.43	287.1886	814.6406	-260.2988	-38.07825	307.1174	-1489.754	-207.4733	-167.9716	190.0356	46.26334	-17.08185	93.95018	-5.338078	82.91815	54328.39	143657.8	-31.6726	-4.270463	-6.049822	-6.049822	-17.43772	-4.626335	-8.185054	-5.338078	82.91815	-4.626335	-8.185054
128.71	-12.81139	2515.641	39.70117	-638.0782	7.117439	-1089.754	-207.4733	-167.9716	-9.964355	-53.73666	-17.08185	-6.049822	-5.338078	-17.08185	51522.39	84085.77	68.3274	-4.270463	-6.049822	193.9502	-17.43772	-4.626335	-8.185054	-5.338078	-17.08185	-4.626335	-8.185054
129	-12.81139	314.6406	839.7012	-438.0782	107.1174	-1489.754	792.5267	-67.97156	390.0356	-53.73666	-17.08185	-6.049822	-5.338078	-17.08185	20277.39	32465.77	68.3274	-4.270463	-6.049822	-6.049822	-17.43772	-4.626335	-8.185054	-5.338078	-17.08185	-4.626335	-8.185054
129.28	-12.81139	-485.3594	639.7012	361.9218	-92.88256	-1389.754	-507.4733	-467.9716	-109.9644	46.26334	-17.08185	-6.049822	-5.338078	-17.08185	80900.4	3843.772	-31.6726	-4.270463	-6.049822	493.9502	-17.43772	-4.626335	-8.185054	-5.338078	-17.08185	-4.626335	-8.185054
129.57	87.18861	-785.3594	-360.2988	-138.0782	7.117439	-588.7544	-407.4733	-67.97156	-209.9644	46.26334	-17.08185	-6.049822	-5.338078	-17.08185	14073.39	10846.77	-31.6726	-4.270463	-6.049822	293.9502	82.56228	-4.626335	-8.185054	-5.338078	-17.08185	-4.626335	-8.185054
129.85	-12.81139	114.6406	-660.2988	-238.0782	7.117439	-488.7544	92.52673	-267.9716	590.0356	-53.73666	82.91815	-6.049822	-5.338078	-17.08185	-30.60498	69240.77	-31.6726	-4.270463	-6.049822	1093.95	-17.43772	-4.626335	-8.185054	-5.338078	-17.08185	-4.626335	-8.185054
130.14	-12.81139	1414.641	-160.2988	-538.0782	7.117439	-689.7544	92.52673	132.0284	-409.9644	46.26334	-17.08185	-6.049822	-5.338078	-17.08185	22279.39	70420.77	-31.6726	-4.270463	-6.049822	-6.049822	-17.43772	-4.626335	-8.185054	-5.338078	-17.08185	-4.626335	-8.185054
130.43	-12.81139	714.6406	-460.2988	-138.0782	107.1174	-1189.754	-7.473267	32.02844	-9.964355	-53.73666	-17.08185	-6.049822	-5.338078	-17.08185	4769.395	84576.77	-31.6726	-4.270463	93.95018	93.95018	-17.43772	-4.626335	-8.185054	-5.338078	-17.08185	-4.626335	-8.185054
130.71	-12.81139	-185.3594	-160.2988	661.9218	-92.88256	-88.75439	-1007.473	-67.97156	-9.964355	-53.73666	-17.08185	-6.049822	-5.338078	-17.08185	49418.39	66933.77	-31.6726	-4.270463	-6.049822	393.9502	-17.43772	-4.626335	91.81495	-5.338078	-17.08185	-4.626335	91.81495
131	87.18861	14.64062	-360.2988	-138.0782	-92.88256	-1889.754	-807.4733	-167.9716	-109.9644	-53.73666	-17.08185	-6.049822	-5.338078	-17.08185	69.39502	243.7722	-31.6726	-4.270463	-6.049822	493.9502	-17.43772	-4.626335	-8.185054	-5.338078	-17.08185	-4.626335	-8.185054
131.29	-12.81139	-885.3594	-60.29883	-238.0782	-92.88256	-789.7544	-307.4733	-167.9716	-309.9644	-53.73666	82.91815	-6.049822	-5.338078	-17.08185	15874.39	-356.2278	-31.6726	-4.270463	-6.049822	693.9502	82.56228	-4.626335	-8.185054	-5.338078	-17.08185	-4.626335	-8.185054
131.57	-12.81139	614.6406	39.70117	-138.0782	7.117439	511.2456	-307.4733	-67.97156	-409.9644	-53.73666	-17.08185	-6.049822	-5.338078	-17.08185	9671.395	243.7722	68.3274	-4.270463	-6.049822	-6.049822	-17.43772	-4.626335	-8.185054	-5.338078	-17.08185	-4.626335	-8.185054
131.86	-12.81139	1214.641	-60.29883	161.9218	-92.88256	-1589.754	-507.4733	232.0284	-309.9644	-53.73666	-17.08185	-6.049822	-5.338078	-17.08185	10971.39	-356.2278	-31.6726	-4.270463	-6.049822	193.9502	-17.43772	-4.626335	-8.185054	-5.338078	-17.08185	-4.626335	-8.185054
132.14	-12.81139	314.6406	139.7012	-238.0782	-92.88256	-1689.754	-907.4733	232.0284	90.03564	-53.73666	-17.08185	-6.049822	94.66192	82.91815	3369.395	15348.77	-31.6726	-4.270463	-6.049822	-6.049822	-17.43772	-4.626335	91.81495	94.66192	82.91815	-4.626335	91.81495
132.43	87.18861	-185.3594	-1161.299	-138.0782	-92.88256	-488.7544	-7.473267	32.02844	290.0356	146.2633	-17.08185	-6.049822	-5.338078	-17.08185	17575.39	61920.77	-31.6726	-4.270463	-6.049822	93.95018	-17.43772	-4.626335	-8.185054	-5.338078	-17.08185	-4.626335	-8.185054
132.71	87.18861	-985.3594	439.7012	61.92175	107.1174	-1589.754	-507.4733	-267.9716	90.03564	-53.73666	82.91815	-6.049822	-5.338078	-17.08185	-30.60498	90207.77	168.3274	-4.270463	-6.049822	-6.049822	-17.43772	-4.626335	-8.185054	-5.338078	-17.08185	-4.626335	-8.185054
133	-12.81139	-385.3594	-761.2988	61.92175	107.1174	-188.7544	-807.4733	132.0284	290.0356	-53.73666	82.91815	-6.049822	-5.338078	-17.08185	16875.39	-356.2278	-31.6726	-4.270463	-6.049822	-6.049822	-17.43772	-4.626335	-8.185054	-5.338078	-17.08185	-4.626335	-8.185054
133.29	-12.81139	-1185.359	239.7012	-138.0782	-92.88256	-689.7544	-207.4733	32.02844	-109.9644	146.2633	-17.08185	-6.049822	-5.338078	-17.08185	-130.605	39174.77	-31.6726	-4.270463	93.95018	-6.049822	-17.43772	-4.626335	-8.185054	-5.338078	-17.08185	-4.626335	-8.185054
133.57	-12.81139	-685.3594	-861.2988	361.9218	-92.88256	711.2456	-407.4733	-467.9716	290.0356	46.26334	-17.08185	-6.049822	-5.338078	-17.08185	11172.39	10545.77	-31.6726	-4.270463	-6.049822	-6.049822	-17.43772	-4.626335	-8.185054	-5.338078	-17.08185	-4.626335	-8.185054
133.86	187.1886	-585.3594	339.7012	-538.0782	7.117439	111.2456	292.5267	632.0284	-9.964355	-53.73666	-17.08185	-6.049822	-5.338078	-17.08185	2569.395	33165.77	-31.6726	95.72954	-6.049822	93.95018	-17.43772	95.37366	-8.185054	-5.338078	-17.08185	95.37366	-8.185054
134.14	-12.81139	-1686.359	-660.2988	-138.0782	-92.88256	-1089.754	-207.4733	232.0284	-9.964355	-53.73666	-17.08185	-6.049822	-5.338078	-17.08185	69.39502	15448.77	68.3274	-4.270463	-6.049822	-6.049822	-17.43772	-4.626335	-8.185054	-5.338078	-17.08185	-4.626335	-8.185054
134.43	-12.81139	114.6406	-60.29883	-138.0782	7.117439	-889.7544	-307.4733	-167.9716	190.0356	-53.73666	-17.08185	-6.049822	-5.338078	-17.08185	28986.39	7944.772	-31.6726	-4.270463	-6.049822	-6.049822	82.56228	-4.626335	-8.185054	-5.338078	-17.08185	-4.626335	-8.185054
134.72	87.18861	214.6406	939.7012	-338.0782	7.117439	-989.7544	-107.4733	32.02844	-209.9644	46.26334	-17.08185	-6.049822	-5.338078	-17.08185	4269.395	143.7722	-31.6726	-4.270463	-6.049822	-6.049822	-17.43772	-4.626335	-8.185054	-5.338078	-17.08185	-4.626335	-8.185054
135	-12.81139	-485.3594	-861.2988	561.9218	7.117439	-1289.754	-707.4733	-67.97156	-509.9644	-53.73666	-17.08185	-6.049822	-5.338078	-17.08185	69.39502	443.7722	-31.6726	-4.270463	-6.049822	-6.049822	-17.43772	-4.626335	-8.185054	-5.338078	-17.08185	-4.626335	-8.185054
