ElapsedTime_s	Ti49_CPS	Al27_CPS	S33_CPS	Sc45_CPS	V51_CPS	Mn55_CPS	Fe57_CPS	Co59_CPS	Ni60_CPS	Ga71_CPS	Zr90_CPS	Nb93_CPS	Mo97_CPS	In113_CPS	Sn119_CPS	Sn118_CPS	Sb121_CPS	Hf177_CPS	Ta181_CPS	W183_CPS	Pb206_CPS	Th232_CPS	U238_CPS	Tc97_CPS	Cd113_CPS	U232_CPS	Pu238_CPS
0	87.18861	1514.641	-961.2988	361.9218	-92.88256	-1489.754	-307.4733	-467.9716	-9.964355	-53.73666	82.91815	-6.049822	-5.338078	-17.08185	1069.395	85089.77	68.3274	-4.270463	-6.049822	-6.049822	-17.43772	-4.626335	-8.185054	-5.338078	-17.08185	-4.626335	-8.185054
																											
11.19	-12.81139	1014.641	-861.2988	-238.0782	-92.88256	-488.7544	-507.4733	-167.9716	-209.9644	-53.73666	-17.08185	-6.049822	-5.338078	-17.08185	169.395	-256.2278	68.3274	-4.270463	-6.049822	-6.049822	-17.43772	-4.626335	-8.185054	-5.338078	-17.08185	-4.626335	-8.185054
11.48	-12.81139	1714.641	-60.29883	-238.0782	7.117439	-2689.754	-507.4733	-167.9716	90.03564	-53.73666	82.91815	-6.049822	-5.338078	-17.08185	-30.60498	243.7722	-31.6726	-4.270463	-6.049822	-6.049822	-17.43772	-4.626335	-8.185054	-5.338078	-17.08185	-4.626335	-8.185054
11.76	-12.81139	-885.3594	439.7012	-138.0782	-92.88256	-1689.754	392.5267	332.0284	-109.9644	-53.73666	-17.08185	-6.049822	-5.338078	-17.08185	-130.605	46186.77	-31.6726	-4.270463	-6.049822	-6.049822	82.56228	-4.626335	-8.185054	-5.338078	-17.08185	-4.626335	-8.185054
12.05	87.18861	2415.641	-2561.299	761.9218	7.117439	111.2456	292.5267	-367.9716	-409.9644	-53.73666	-17.08185	-6.049822	-5.338078	82.91815	-30.60498	59114.77	-31.6726	-4.270463	-6.049822	-6.049822	-17.43772	-4.626335	91.81495	-5.338078	82.91815	-4.626335	91.81495
12.33	87.18861	1114.641	39.70117	461.9218	7.117439	-2189.754	-107.4733	32.02844	390.0356	-53.73666	-17.08185	-6.049822	94.66192	-17.08185	69.39502	43.77225	-31.6726	-4.270463	-6.049822	-6.049822	-17.43772	-4.626335	-8.185054	94.66192	-17.08185	-4.626335	-8.185054
12.62	-12.81139	1514.641	-1661.299	61.92175	-92.88256	-288.7544	392.5267	132.0284	890.0356	-53.73666	-17.08185	-6.049822	-5.338078	-17.08185	169.395	143.7722	-31.6726	-4.270463	-6.049822	-6.049822	-17.43772	95.37366	-8.185054	-5.338078	-17.08185	95.37366	-8.185054
12.9	-12.81139	214.6406	-1361.299	-238.0782	7.117439	-488.7544	-207.4733	-67.97156	690.0356	46.26334	-17.08185	-6.049822	-5.338078	-17.08185	169.395	43.77225	-31.6726	-4.270463	-6.049822	93.95018	-17.43772	-4.626335	-8.185054	-5.338078	-17.08185	-4.626335	-8.185054
13.19	-12.81139	214.6406	-360.2988	-438.0782	-92.88256	-1489.754	-807.4733	-167.9716	-109.9644	46.26334	-17.08185	-6.049822	-5.338078	-17.08185	69.39502	-156.2278	-31.6726	-4.270463	-6.049822	-6.049822	-17.43772	-4.626335	-8.185054	-5.338078	-17.08185	-4.626335	-8.185054
13.47	-12.81139	-885.3594	-1561.299	-638.0782	7.117439	-1489.754	-307.4733	232.0284	90.03564	-53.73666	-17.08185	-6.049822	-5.338078	-17.08185	-130.605	43.77225	-31.6726	-4.270463	-6.049822	-6.049822	-17.43772	-4.626335	91.81495	-5.338078	-17.08185	-4.626335	91.81495
13.76	-12.81139	414.6406	-1261.299	61.92175	-92.88256	-1589.754	-307.4733	32.02844	490.0356	146.2633	-17.08185	-6.049822	-5.338078	-17.08185	169.395	243.7722	-31.6726	-4.270463	-6.049822	-6.049822	-17.43772	-4.626335	-8.185054	-5.338078	-17.08185	-4.626335	-8.185054
14.04	87.18861	-285.3594	39.70117	61.92175	107.1174	-789.7544	92.52673	132.0284	-209.9644	-53.73666	-17.08185	-6.049822	-5.338078	-17.08185	69.39502	343.7722	68.3274	-4.270463	-6.049822	-6.049822	-17.43772	-4.626335	-8.185054	-5.338078	-17.08185	-4.626335	-8.185054
14.33	-12.81139	314.6406	539.7012	-38.07825	-92.88256	611.2456	-7.473267	232.0284	-209.9644	46.26334	-17.08185	-6.049822	-5.338078	-17.08185	169.395	-156.2278	-31.6726	-4.270463	-6.049822	-6.049822	-17.43772	-4.626335	-8.185054	-5.338078	-17.08185	-4.626335	-8.185054
14.62	-12.81139	14.64062	-660.2988	-38.07825	107.1174	-588.7544	-207.4733	-267.9716	-509.9644	-53.73666	-17.08185	-6.049822	-5.338078	-17.08185	-30.60498	-356.2278	-31.6726	-4.270463	-6.049822	-6.049822	-17.43772	-4.626335	-8.185054	-5.338078	-17.08185	-4.626335	-8.185054
14.9	-12.81139	414.6406	-1361.299	-138.0782	7.117439	-1389.754	-707.4733	-67.97156	-309.9644	46.26334	-17.08185	-6.049822	-5.338078	-17.08185	69.39502	-156.2278	-31.6726	-4.270463	-6.049822	-6.049822	-17.43772	-4.626335	-8.185054	-5.338078	-17.08185	-4.626335	-8.185054
15.19	-12.81139	-985.3594	-1261.299	-438.0782	-92.88256	-1389.754	-807.4733	132.0284	90.03564	-53.73666	-17.08185	-6.049822	-5.338078	-17.08185	-130.605	-356.2278	-31.6726	-4.270463	-6.049822	-6.049822	-17.43772	-4.626335	-8.185054	-5.338078	-17.08185	-4.626335	-8.185054
15.47	-12.81139	-385.3594	-961.2988	-238.0782	7.117439	-1889.754	-407.4733	132.0284	190.0356	346.2633	-17.08185	-6.049822	-5.338078	-17.08185	-130.605	43.77225	-31.6726	-4.270463	-6.049822	93.95018	-17.43772	-4.626335	-8.185054	-5.338078	-17.08185	-4.626335	-8.185054
15.76	-12.81139	714.6406	139.7012	261.9218	7.117439	-989.7544	-807.4733	132.0284	190.0356	146.2633	-17.08185	-6.049822	-5.338078	-17.08185	-30.60498	-56.22775	-31.6726	-4.270463	-6.049822	-6.049822	-17.43772	-4.626335	-8.185054	-5.338078	-17.08185	-4.626335	-8.185054
16.04	-12.81139	1014.641	-260.2988	361.9218	-92.88256	311.2456	-707.4733	932.0284	-609.9644	-53.73666	-17.08185	-6.049822	-5.338078	82.91815	169.395	36370.77	68.3274	-4.270463	-6.049822	-6.049822	-17.43772	-4.626335	-8.185054	-5.338078	82.91815	-4.626335	-8.185054
16.33	87.18861	714.6406	-260.2988	-438.0782	7.117439	-789.7544	-407.4733	32.02844	490.0356	146.2633	-17.08185	-6.049822	-5.338078	-17.08185	-30.60498	43.77225	-31.6726	-4.270463	-6.049822	-6.049822	82.56228	-4.626335	-8.185054	-5.338078	-17.08185	-4.626335	-8.185054
16.61	87.18861	714.6406	-60.29883	-138.0782	-92.88256	-1989.754	192.5267	232.0284	-209.9644	-53.73666	-17.08185	-6.049822	-5.338078	-17.08185	-130.605	-156.2278	-31.6726	-4.270463	-6.049822	-6.049822	-17.43772	-4.626335	-8.185054	-5.338078	-17.08185	-4.626335	-8.185054
16.9	-12.81139	314.6406	-160.2988	161.9218	-92.88256	-488.7544	-607.4733	532.0284	-9.964355	146.2633	-17.08185	-6.049822	-5.338078	-17.08185	-130.605	43.77225	-31.6726	-4.270463	-6.049822	-6.049822	-17.43772	-4.626335	-8.185054	-5.338078	-17.08185	-4.626335	-8.185054
17.18	-12.81139	814.6406	-861.2988	-438.0782	207.1174	-1389.754	-307.4733	-467.9716	-409.9644	-53.73666	-17.08185	-6.049822	-5.338078	-17.08185	-30.60498	243.7722	-31.6726	-4.270463	-6.049822	-6.049822	-17.43772	-4.626335	-8.185054	-5.338078	-17.08185	-4.626335	-8.185054
17.47	87.18861	614.6406	-1761.299	161.9218	-92.88256	-1189.754	-307.4733	-67.97156	490.0356	346.2633	-17.08185	-6.049822	-5.338078	-17.08185	169.395	43.77225	-31.6726	-4.270463	-6.049822	-6.049822	-17.43772	-4.626335	-8.185054	-5.338078	-17.08185	-4.626335	-8.185054
17.75	-12.81139	-1285.359	-660.2988	261.9218	107.1174	-1389.754	-807.4733	32.02844	790.0356	-53.73666	-17.08185	-6.049822	-5.338078	-17.08185	-130.605	-56.22775	-31.6726	-4.270463	-6.049822	-6.049822	-17.43772	-4.626335	91.81495	-5.338078	-17.08185	-4.626335	91.81495
18.04	-12.81139	-785.3594	-761.2988	-538.0782	207.1174	-1989.754	-507.4733	632.0284	-109.9644	-53.73666	-17.08185	-6.049822	-5.338078	-17.08185	-130.605	-56.22775	-31.6726	-4.270463	-6.049822	-6.049822	-17.43772	-4.626335	-8.185054	-5.338078	-17.08185	-4.626335	-8.185054
18.32	-12.81139	1114.641	-260.2988	61.92175	7.117439	-1789.754	-7.473267	-267.9716	190.0356	46.26334	-17.08185	-6.049822	-5.338078	-17.08185	69.39502	-356.2278	-31.6726	-4.270463	-6.049822	93.95018	-17.43772	-4.626335	-8.185054	-5.338078	-17.08185	-4.626335	-8.185054
18.61	-12.81139	-185.3594	-260.2988	161.9218	-92.88256	-1089.754	-707.4733	-367.9716	-109.9644	-53.73666	82.91815	-6.049822	-5.338078	-17.08185	-130.605	-56.22775	-31.6726	-4.270463	-6.049822	-6.049822	-17.43772	-4.626335	-8.185054	-5.338078	-17.08185	-4.626335	-8.185054
18.89	-12.81139	-985.3594	739.7012	161.9218	-92.88256	11.24561	192.5267	332.0284	490.0356	-53.73666	-17.08185	-6.049822	-5.338078	-17.08185	69.39502	-356.2278	68.3274	-4.270463	-6.049822	-6.049822	-17.43772	-4.626335	-8.185054	-5.338078	-17.08185	-4.626335	-8.185054
19.18	87.18861	14.64062	-1361.299	61.92175	-92.88256	-1289.754	392.5267	-67.97156	790.0356	-53.73666	82.91815	-6.049822	-5.338078	-17.08185	269.395	-56.22775	-31.6726	-4.270463	-6.049822	-6.049822	82.56228	-4.626335	-8.185054	-5.338078	-17.08185	-4.626335	-8.185054
19.46	87.18861	-785.3594	-160.2988	-138.0782	7.117439	-1089.754	-407.4733	-167.9716	490.0356	-53.73666	82.91815	-6.049822	-5.338078	-17.08185	269.395	-256.2278	-31.6726	-4.270463	-6.049822	-6.049822	82.56228	-4.626335	-8.185054	-5.338078	-17.08185	-4.626335	-8.185054
19.75	-12.81139	414.6406	-660.2988	61.92175	7.117439	-588.7544	-607.4733	232.0284	290.0356	46.26334	-17.08185	-6.049822	-5.338078	-17.08185	-30.60498	443.7722	-31.6726	-4.270463	-6.049822	-6.049822	-17.43772	95.37366	-8.185054	-5.338078	-17.08185	95.37366	-8.185054
20.03	87.18861	1114.641	-660.2988	-138.0782	-92.88256	-1489.754	292.5267	-167.9716	690.0356	-53.73666	-17.08185	-6.049822	-5.338078	-17.08185	1269.395	-156.2278	-31.6726	-4.270463	-6.049822	-6.049822	-17.43772	-4.626335	-8.185054	-5.338078	-17.08185	-4.626335	-8.185054
20.31	-12.81139	-885.3594	-2061.299	-138.0782	-92.88256	-1689.754	1392.527	432.0284	-609.9644	146.2633	-17.08185	-6.049822	-5.338078	-17.08185	-30.60498	-56.22775	-31.6726	-4.270463	-6.049822	-6.049822	-17.43772	-4.626335	-8.185054	-5.338078	-17.08185	-4.626335	-8.185054
20.6	-12.81139	-385.3594	1639.701	661.9218	7.117439	-188.7544	92.52673	-267.9716	490.0356	-53.73666	-17.08185	-6.049822	-5.338078	-17.08185	-130.605	-156.2278	-31.6726	-4.270463	-6.049822	-6.049822	-17.43772	-4.626335	-8.185054	-5.338078	-17.08185	-4.626335	-8.185054
20.88	-12.81139	814.6406	-861.2988	-38.07825	307.1174	-1689.754	292.5267	-67.97156	-309.9644	46.26334	182.9182	-6.049822	-5.338078	-17.08185	69.39502	243.7722	68.3274	-4.270463	-6.049822	-6.049822	-17.43772	-4.626335	-8.185054	-5.338078	-17.08185	-4.626335	-8.185054
21.17	-12.81139	614.6406	-460.2988	-38.07825	7.117439	-488.7544	-107.4733	332.0284	90.03564	-53.73666	-17.08185	-6.049822	-5.338078	-17.08185	-130.605	-56.22775	-31.6726	-4.270463	-6.049822	-6.049822	-17.43772	-4.626335	91.81495	-5.338078	-17.08185	-4.626335	91.81495
21.45	-12.81139	14.64062	339.7012	-338.0782	7.117439	-2289.754	592.5267	432.0284	-9.964355	-53.73666	-17.08185	-6.049822	-5.338078	-17.08185	69.39502	14147.77	-31.6726	-4.270463	-6.049822	-6.049822	-17.43772	-4.626335	-8.185054	-5.338078	-17.08185	-4.626335	-8.185054
21.74	-12.81139	-1686.359	39.70117	361.9218	-92.88256	-989.7544	92.52673	132.0284	690.0356	46.26334	-17.08185	-6.049822	-5.338078	-17.08185	69.39502	-156.2278	-31.6726	-4.270463	-6.049822	-6.049822	-17.43772	-4.626335	-8.185054	-5.338078	-17.08185	-4.626335	-8.185054
22.02	-12.81139	414.6406	339.7012	661.9218	307.1174	-1389.754	-807.4733	32.02844	290.0356	146.2633	-17.08185	-6.049822	-5.338078	-17.08185	-30.60498	-156.2278	-31.6726	-4.270463	-6.049822	-6.049822	-17.43772	-4.626335	-8.185054	-5.338078	-17.08185	-4.626335	-8.185054
22.31	-12.81139	414.6406	-1561.299	-438.0782	-92.88256	-1689.754	-307.4733	-267.9716	190.0356	46.26334	-17.08185	-6.049822	-5.338078	-17.08185	-130.605	-156.2278	-31.6726	-4.270463	-6.049822	-6.049822	-17.43772	-4.626335	-8.185054	-5.338078	-17.08185	-4.626335	-8.185054
22.6	-12.81139	1214.641	-160.2988	461.9218	-92.88256	-188.7544	-507.4733	332.0284	90.03564	46.26334	-17.08185	-6.049822	-5.338078	-17.08185	42205.39	43.77225	-31.6726	-4.270463	-6.049822	93.95018	-17.43772	-4.626335	-8.185054	-5.338078	-17.08185	-4.626335	-8.185054
22.88	87.18861	114.6406	-861.2988	-338.0782	7.117439	-1889.754	392.5267	32.02844	-9.964355	-53.73666	-17.08185	-6.049822	-5.338078	-17.08185	69.39502	43.77225	-31.6726	-4.270463	93.95018	-6.049822	-17.43772	-4.626335	-8.185054	-5.338078	-17.08185	-4.626335	-8.185054
23.17	87.18861	-685.3594	-460.2988	61.92175	-92.88256	111.2456	492.5267	-267.9716	-309.9644	46.26334	-17.08185	-6.049822	94.66192	-17.08185	-30.60498	43.77225	-31.6726	-4.270463	-6.049822	-6.049822	-17.43772	-4.626335	-8.185054	94.66192	-17.08185	-4.626335	-8.185054
23.45	-12.81139	614.6406	139.7012	-38.07825	107.1174	-1189.754	-407.4733	632.0284	90.03564	46.26334	-17.08185	-6.049822	-5.338078	-17.08185	-30.60498	49292.77	-31.6726	-4.270463	-6.049822	-6.049822	-17.43772	-4.626335	-8.185054	-5.338078	-17.08185	-4.626335	-8.185054
23.73	-12.81139	314.6406	-1261.299	161.9218	-92.88256	-1489.754	392.5267	132.0284	390.0356	-53.73666	-17.08185	-6.049822	-5.338078	-17.08185	69.39502	-156.2278	-31.6726	-4.270463	-6.049822	-6.049822	-17.43772	-4.626335	-8.185054	-5.338078	-17.08185	-4.626335	-8.185054
24.02	-12.81139	-385.3594	-761.2988	-338.0782	-92.88256	-689.7544	492.5267	332.0284	-9.964355	46.26334	-17.08185	-6.049822	-5.338078	-17.08185	41604.39	43.77225	-31.6726	-4.270463	-6.049822	-6.049822	-17.43772	-4.626335	-8.185054	-5.338078	-17.08185	-4.626335	-8.185054
24.3	-12.81139	-385.3594	-160.2988	161.9218	-92.88256	411.2456	-807.4733	32.02844	-609.9644	-53.73666	-17.08185	-6.049822	-5.338078	-17.08185	-130.605	-156.2278	-31.6726	-4.270463	-6.049822	-6.049822	-17.43772	-4.626335	-8.185054	-5.338078	-17.08185	-4.626335	-8.185054
24.59	-12.81139	-685.3594	39.70117	-138.0782	7.117439	-388.7544	-7.473267	-367.9716	-509.9644	46.26334	-17.08185	-6.049822	-5.338078	-17.08185	22179.39	-156.2278	-31.6726	-4.270463	-6.049822	-6.049822	82.56228	-4.626335	-8.185054	-5.338078	-17.08185	-4.626335	-8.185054
24.87	-12.81139	914.6406	-1361.299	-138.0782	7.117439	-1789.754	392.5267	132.0284	290.0356	-53.73666	-17.08185	-6.049822	-5.338078	-17.08185	-30.60498	-56.22775	-31.6726	-4.270463	-6.049822	-6.049822	-17.43772	-4.626335	-8.185054	-5.338078	-17.08185	-4.626335	-8.185054
25.16	-12.81139	-385.3594	-961.2988	-138.0782	7.117439	-889.7544	-7.473267	-367.9716	290.0356	-53.73666	-17.08185	-6.049822	-5.338078	-17.08185	-130.605	43.77225	-31.6726	-4.270463	-6.049822	-6.049822	-17.43772	-4.626335	-8.185054	-5.338078	-17.08185	-4.626335	-8.185054
25.44	-12.81139	-585.3594	-1661.299	461.9218	107.1174	11.24561	-707.4733	-267.9716	-9.964355	-53.73666	-17.08185	-6.049822	-5.338078	-17.08185	-30.60498	-56.22775	-31.6726	-4.270463	-6.049822	-6.049822	-17.43772	-4.626335	-8.185054	-5.338078	-17.08185	-4.626335	-8.185054
25.73	-12.81139	514.6406	-1061.299	-638.0782	7.117439	-2389.754	-1007.473	-167.9716	-209.9644	-53.73666	-17.08185	-6.049822	-5.338078	-17.08185	169.395	-256.2278	-31.6726	-4.270463	-6.049822	-6.049822	-17.43772	-4.626335	-8.185054	-5.338078	-17.08185	-4.626335	-8.185054
26.01	-12.81139	814.6406	-1661.299	-138.0782	-92.88256	-2289.754	-407.4733	-367.9716	-409.9644	46.26334	-17.08185	93.95018	-5.338078	-17.08185	169.395	43.77225	-31.6726	-4.270463	-6.049822	-6.049822	-17.43772	-4.626335	-8.185054	-5.338078	-17.08185	-4.626335	-8.185054
26.3	87.18861	-285.3594	439.7012	-138.0782	107.1174	-789.7544	-507.4733	-267.9716	-1109.964	246.2633	-17.08185	-6.049822	-5.338078	-17.08185	-130.605	243.7722	-31.6726	-4.270463	-6.049822	-6.049822	82.56228	-4.626335	-8.185054	-5.338078	-17.08185	-4.626335	-8.185054
26.58	87.18861	-185.3594	-360.2988	-438.0782	107.1174	-1489.754	392.5267	-67.97156	90.03564	46.26334	-17.08185	-6.049822	94.66192	-17.08185	69.39502	-56.22775	-31.6726	-4.270463	-6.049822	-6.049822	-17.43772	-4.626335	-8.185054	94.66192	-17.08185	-4.626335	-8.185054
26.87	87.18861	114.6406	-1861.299	-238.0782	7.117439	-1489.754	-307.4733	-67.97156	-309.9644	-53.73666	-17.08185	-6.049822	-5.338078	-17.08185	269.395	243.7722	-31.6726	-4.270463	-6.049822	-6.049822	-17.43772	-4.626335	-8.185054	-5.338078	-17.08185	-4.626335	-8.185054
27.15	-12.81139	1914.641	39.70117	-338.0782	-92.88256	-1289.754	-107.4733	232.0284	-9.964355	46.26334	82.91815	-6.049822	94.66192	-17.08185	269.395	-256.2278	-31.6726	-4.270463	-6.049822	-6.049822	-17.43772	-4.626335	-8.185054	94.66192	-17.08185	-4.626335	-8.185054
27.44	-12.81139	1814.641	39.70117	-38.07825	-92.88256	-488.7544	-407.4733	-67.97156	190.0356	146.2633	-17.08185	-6.049822	-5.338078	-17.08185	-30.60498	-156.2278	-31.6726	-4.270463	-6.049822	-6.049822	-17.43772	-4.626335	-8.185054	-5.338078	-17.08185	-4.626335	-8.185054
27.72	-12.81139	-185.3594	-260.2988	161.9218	-92.88256	-1989.754	-7.473267	-467.9716	-209.9644	-53.73666	-17.08185	-6.049822	-5.338078	-17.08185	269.395	243.7722	-31.6726	-4.270463	-6.049822	93.95018	-17.43772	95.37366	-8.185054	-5.338078	-17.08185	95.37366	-8.185054
28.01	-12.81139	114.6406	-460.2988	261.9218	7.117439	-1789.754	-107.4733	-367.9716	-709.9644	-53.73666	-17.08185	-6.049822	-5.338078	-17.08185	-130.605	43.77225	-31.6726	-4.270463	-6.049822	-6.049822	-17.43772	-4.626335	-8.185054	-5.338078	-17.08185	-4.626335	-8.185054
28.29	187.1886	-85.35938	-660.2988	-538.0782	7.117439	-1889.754	-507.4733	32.02844	-509.9644	-53.73666	-17.08185	-6.049822	-5.338078	-17.08185	-30.60498	143.7722	68.3274	-4.270463	-6.049822	-6.049822	-17.43772	-4.626335	-8.185054	-5.338078	-17.08185	-4.626335	-8.185054
28.58	-12.81139	214.6406	-961.2988	-338.0782	7.117439	-488.7544	-107.4733	-67.97156	90.03564	46.26334	-17.08185	-6.049822	-5.338078	-17.08185	-30.60498	-156.2278	-31.6726	-4.270463	-6.049822	-6.049822	-17.43772	-4.626335	-8.185054	-5.338078	-17.08185	-4.626335	-8.185054
28.86	-12.81139	414.6406	-1561.299	261.9218	7.117439	-689.7544	-407.4733	132.0284	390.0356	-53.73666	-17.08185	-6.049822	-5.338078	-17.08185	69.39502	-156.2278	68.3274	-4.270463	-6.049822	-6.049822	-17.43772	-4.626335	-8.185054	-5.338078	-17.08185	-4.626335	-8.185054
29.15	-12.81139	114.6406	-660.2988	-238.0782	7.117439	-1989.754	-507.4733	232.0284	190.0356	46.26334	-17.08185	93.95018	-5.338078	-17.08185	69.39502	-56.22775	-31.6726	-4.270463	-6.049822	-6.049822	-17.43772	-4.626335	-8.185054	-5.338078	-17.08185	-4.626335	-8.185054
29.43	87.18861	-185.3594	39.70117	61.92175	-92.88256	-2489.754	192.5267	132.0284	-209.9644	-53.73666	-17.08185	-6.049822	-5.338078	-17.08185	-30.60498	243.7722	-31.6726	-4.270463	-6.049822	-6.049822	-17.43772	-4.626335	-8.185054	-5.338078	-17.08185	-4.626335	-8.185054
29.72	-12.81139	-285.3594	439.7012	-438.0782	-92.88256	-989.7544	-307.4733	-67.97156	290.0356	-53.73666	-17.08185	-6.049822	-5.338078	-17.08185	-130.605	-256.2278	-31.6726	-4.270463	-6.049822	-6.049822	82.56228	-4.626335	-8.185054	-5.338078	-17.08185	-4.626335	-8.185054
30	-12.81139	714.6406	339.7012	-138.0782	7.117439	11.24561	-207.4733	132.0284	-309.9644	146.2633	-17.08185	-6.049822	-5.338078	-17.08185	-30.60498	-56.22775	-31.6726	-4.270463	-6.049822	-6.049822	-17.43772	-4.626335	-8.185054	-5.338078	-17.08185	-4.626335	-8.185054
30.29	-12.81139	314.6406	-761.2988	-138.0782	-92.88256	-1889.754	-7.473267	-267.9716	-609.9644	146.2633	-17.08185	-6.049822	-5.338078	-17.08185	-130.605	143.7722	-31.6726	-4.270463	-6.049822	-6.049822	-17.43772	-4.626335	-8.185054	-5.338078	-17.08185	-4.626335	-8.185054
30.57	-12.81139	914.6406	-260.2988	61.92175	107.1174	-1189.754	-707.4733	-267.9716	1390.036	46.26334	-17.08185	-6.049822	-5.338078	-17.08185	-30.60498	43.77225	-31.6726	-4.270463	-6.049822	93.95018	82.56228	-4.626335	-8.185054	-5.338078	-17.08185	-4.626335	-8.185054
30.86	-12.81139	514.6406	239.7012	-438.0782	107.1174	-288.7544	-407.4733	132.0284	-9.964355	-53.73666	-17.08185	-6.049822	-5.338078	-17.08185	-130.605	-56.22775	-31.6726	-4.270463	-6.049822	93.95018	-17.43772	95.37366	-8.185054	-5.338078	-17.08185	95.37366	-8.185054
31.14	-12.81139	-185.3594	-761.2988	161.9218	-92.88256	-388.7544	-307.4733	-67.97156	-109.9644	46.26334	82.91815	93.95018	-5.338078	-17.08185	-130.605	-156.2278	-31.6726	-4.270463	-6.049822	-6.049822	-17.43772	-4.626335	-8.185054	-5.338078	-17.08185	-4.626335	-8.185054
31.43	-12.81139	-85.35938	239.7012	-438.0782	-92.88256	-789.7544	392.5267	232.0284	-509.9644	146.2633	-17.08185	-6.049822	-5.338078	-17.08185	-30.60498	43.77225	-31.6726	-4.270463	-6.049822	-6.049822	-17.43772	-4.626335	-8.185054	-5.338078	-17.08185	-4.626335	-8.185054
31.71	-12.81139	2214.641	-160.2988	-238.0782	-92.88256	-989.7544	-407.4733	332.0284	-309.9644	46.26334	-17.08185	-6.049822	-5.338078	-17.08185	569.395	343.7722	-31.6726	-4.270463	-6.049822	-6.049822	82.56228	-4.626335	-8.185054	-5.338078	-17.08185	-4.626335	-8.185054
32	-12.81139	73842.64	-1161.299	261.9218	-92.88256	2611.246	18200.53	32.02844	590.0356	146.2633	482.9182	93.95018	-5.338078	-17.08185	466280.4	1245219	-31.6726	-4.270463	393.9502	293.9502	482.5623	-4.626335	-8.185054	-5.338078	-17.08185	-4.626335	-8.185054
32.28	87.18861	2008136	-1661.299	61.92175	307.1174	24428.25	171693.5	-167.9716	90.03564	1446.263	1382.918	193.9502	-5.338078	-17.08185	509511.4	1493586	-31.6726	-4.270463	393.9502	493.9502	282.5623	-4.626335	491.8149	-5.338078	-17.08185	-4.626335	491.8149
32.57	187.1886	4146020	39.70117	661.9218	507.1174	46064.25	297170.5	-267.9716	90.03564	1446.263	2982.918	793.9502	-5.338078	-17.08185	521250.4	1391754	-31.6726	195.7295	293.9502	993.9502	482.5623	-4.626335	291.8149	-5.338078	-17.08185	-4.626335	291.8149
32.85	87.18861		739.7012	61.92175	307.1174	54382.25	388009.5	232.0284	-509.9644	2446.263	3082.918	293.9502	-5.338078	-17.08185	515329.4	1402320	-31.6726	195.7295	193.9502	693.9502	282.5623	-4.626335	691.8149	-5.338078	-17.08185	-4.626335	691.8149
33.14	287.1886		1039.701	561.9218	407.1174	70426.24	516614.5	-67.97156	490.0356	2946.263	4382.918	1093.95	94.66192	82.91815	507368.4	1642034	68.3274	195.7295	493.9502	693.9502	282.5623	-4.626335	191.8149	94.66192	82.91815	-4.626335	191.8149
33.43	187.1886		2039.701	461.9218	107.1174	74739.24	594420.5	-267.9716	290.0356	4046.263	5283.918	493.9502	-5.338078	-17.08185	662631.4	1457549	-31.6726	95.72954	-6.049822	893.9502	382.5623	-4.626335	191.8149	-5.338078	-17.08185	-4.626335	191.8149
33.72	87.18861		1139.701	661.9218	1107.117	81361.24	628235.5	-67.97156	-209.9644	4646.263	2982.918	693.9502	-5.338078	-17.08185	366488.4	1557942	68.3274	95.72954	193.9502	493.9502	682.5623	95.37366	491.8149	-5.338078	-17.08185	95.37366	491.8149
34	187.1886		1239.701	561.9218	707.1174	80759.24	630080.5	-167.9716	790.0356	4046.263	3282.918	893.9502	-5.338078	-17.08185	555884.4	1578578	168.3274	295.7295	393.9502	893.9502	782.5623	195.3737	391.8149	-5.338078	-17.08185	195.3737	391.8149
34.29	287.1886		1239.701	1061.922	707.1174	93808.24	699084.5	232.0284	-309.9644	3946.263	4982.918	493.9502	-5.338078	-17.08185	673216.4	2109406	68.3274	-4.270463	593.9502	293.9502	582.5623	95.37366	691.8149	-5.338078	-17.08185	95.37366	691.8149
34.58	287.1886		1039.701	861.9218	1207.117	94109.24	644236.5	-167.9716	-309.9644	4146.263	4082.918	1093.95	-5.338078	-17.08185	755416.4	2123569	-31.6726	195.7295	293.9502	993.9502	682.5623	95.37366	491.8149	-5.338078	-17.08185	95.37366	491.8149
34.87	487.1886		2039.701	661.9218	607.1174	96920.24	674110.5	32.02844	-9.964355	4046.263	5383.918	793.9502	-5.338078	82.91815	906413.4	2463516	-31.6726	495.7295	893.9502	1693.95	282.5623	-4.626335	391.8149	-5.338078	82.91815	-4.626335	391.8149
35.15	-12.81139		1639.701	561.9218	907.1174	96820.24	714512.5	-167.9716	590.0356	4546.263	4582.918	793.9502	-5.338078	-17.08185	1077714	3441043	68.3274	495.7295	593.9502	393.9502	582.5623	95.37366	291.8149	-5.338078	-17.08185	95.37366	291.8149
35.44	287.1886		1439.701	1861.922	1107.117	97723.24	710191.5	232.0284	-309.9644	5247.263	7183.918	1193.95	-5.338078	-17.08185	5587896	1.438224e+07	168.3274	395.7295	293.9502	3293.95	3882.562	95.37366	891.8149	-5.338078	-17.08185	95.37366	891.8149
35.73	1187.189		1839.701	3561.922	3207.117	105858.2	706694.5	1232.028	490.0356	6047.263	15187.92	1493.95	-5.338078	182.9182	2.29587e+07	6.753572e+07	68.3274	395.7295	593.9502	8594.95	8583.562	95.37366	1291.815	-5.338078	182.9182	95.37366	1291.815
36.01	2187.189		2940.701	6262.922	5408.118	86981.24	617573.5	932.0284	1490.036	6247.263	17288.92	1193.95	94.66192	82.91815	3.878972e+07	1.121603e+08	368.3274	1295.729	393.9502	11896.95	8283.562	-4.626335	691.8149	94.66192	82.91815	-4.626335	691.8149
36.3	2587.189		3440.701	10164.92	8008.118	68420.24	525191.5	1432.028	1690.036	9748.264	23893.92	1093.95	-5.338078	782.9182	7.410481e+07	2.042668e+08	768.3274	1695.729	93.95018	12596.95	8183.562	95.37366	491.8149	-5.338078	782.9182	95.37366	491.8149
36.58	3587.189		2639.701	18369.92	9609.117	50373.25	395628.5	1532.028	2890.036	9248.264	30000.92	1493.95	94.66192	782.9182	9.287149e+07	2.563482e+08	1468.327	1595.729	93.95018	20001.95	9284.562	-4.626335	1091.815	94.66192	782.9182	-4.626335	1091.815
36.87	2987.189	4050122	1839.701	30481.92	9309.117	43859.25	312456.5	2032.028	1790.036	11249.26	31802.92	993.9502	-5.338078	982.9182	9.799894e+07	2.803876e+08	1568.327	1095.729	193.9502	23604.95	8483.562	195.3737	791.8149	-5.338078	982.9182	195.3737	791.8149
37.16	2687.189	3681661	3340.701	38793.92	6108.118	36946.25	246621.5	3132.028	1590.036	13149.26	32503.92	693.9502	-5.338078	2082.918	1.074329e+08	2.723744e+08	2268.327	995.7296	293.9502	30411.95	11285.56	-4.626335	1991.815	-5.338078	2082.918	-4.626335	1991.815
37.44	1087.189	2626744	2139.701	61840.92	4807.118	29435.25	236524.5	1832.028	3491.036	15851.26	32904.92	293.9502	-5.338078	2282.918	1.111408e+08	3.2847e+08	3068.327	595.7296	93.95018	45034.95	9784.562	195.3737	4191.815	-5.338078	2282.918	195.3737	4191.815
37.73	1687.189	2263158	2839.701	76180.92	2607.117	23928.25	190731.5	2332.028	3691.036	21355.26	42218.92	93.95018	94.66192	1882.918	1.251196e+08	3.364841e+08	3068.327	1795.729	393.9502	65880.95	11385.56	-4.626335	4891.815	94.66192	1882.918	-4.626335	4891.815
38.01	487.1886	1784866	3640.701	96250.92	2507.117	18221.25	159310.5	1932.028	2590.036	28863.26	39113.92	193.9502	-5.338078	2282.918	1.185534e+08	3.2847e+08	4068.327	695.7296	393.9502	80121.95	8483.562	-4.626335	4591.815	-5.338078	2282.918	-4.626335	4591.815
38.3	687.1886	1399038	4940.701	107998.9	1307.117	14818.25	145827.5	2632.028	2990.036	26961.26	47728.92	693.9502	-5.338078	2482.918	1.318588e+08	3.224594e+08	7569.328	2395.729	93.95018	106119	13886.56	-4.626335	5392.815	-5.338078	2482.918	-4.626335	5392.815
38.59	887.1886	1849968	2940.701	115532.9	1907.117	11316.25	128531.5	2532.028	3691.036	32067.26	47227.92	993.9502	-5.338078	2382.918	1.2382e+08	3.224594e+08	4168.328	1195.729	93.95018	117067	11485.56	95.37366	6292.815	-5.338078	2382.918	95.37366	6292.815
38.87	1387.189	1086177	3240.701	127591.9	1207.117	9315.246	120189.5	1832.028	3090.036	33368.26	52838.92	493.9502	-5.338078	3182.918	1.295038e+08	4.026059e+08	4268.328	1895.729	-6.049822	135561	12285.56	-4.626335	6492.815	-5.338078	3182.918	-4.626335	6492.815
39.16	387.1886	776482.6	6341.701	145087.9	1907.117	7213.246	105723.5	2632.028	2890.036	34270.26	60756.92	93.95018	-5.338078	3382.918	1.324295e+08	3.364841e+08	5769.328	2295.729	93.95018	157489	11385.56	-4.626335	7492.815	-5.338078	3382.918	-4.626335	7492.815
39.44	787.1886	964818.6	2539.701	163199.9	807.1174	8314.246	99899.52	3032.028	3591.036	43484.26	65067.92	193.9502	-5.338078	2582.918	1.344936e+08	3.90583e+08	5069.328	1995.729	93.95018	164332	11185.56	-4.626335	6692.815	-5.338078	2582.918	-4.626335	6692.815
39.73	1387.189	627755.6	4240.701	161085.9	707.1174	7113.246	91366.52	1732.028	4291.036	45287.26	72688.92	93.95018	-5.338078	2982.918	1.39461e+08	3.585237e+08	6469.328	2895.729	-6.049822	153866	9584.562	-4.626335	7292.815	-5.338078	2982.918	-4.626335	7292.815
40.01	2287.189	437927.6	3240.701	176993.9	1807.117	5312.246	82033.52	3432.028	3791.036	42883.26	80913.92	-6.049822	-5.338078	2282.918	1.359582e+08	3.485056e+08	4468.328	3495.729	193.9502	133650	10984.56	-4.626335	4791.815	-5.338078	2282.918	-4.626335	4791.815
40.3	2587.189	430294.6	3240.701	155147.9	4207.118	5012.246	71901.52	2832.028	4391.036	35071.26	75696.92	193.9502	-5.338078	3082.918	1.335273e+08	3.945906e+08	4068.327	4895.729	93.95018	112245	10284.56	-4.626335	5592.815	-5.338078	3082.918	-4.626335	5592.815
40.59	3187.189	294715.6	3140.701	138550.9	7508.118	2811.246	67187.52	1532.028	2490.036	29063.26	62660.92	-6.049822	-5.338078	1882.918	1.31215e+08	3.585237e+08	2768.327	2795.729	-6.049822	85940.95	11084.56	-4.626335	4091.815	-5.338078	1882.918	-4.626335	4091.815
40.87	3787.189	258307.6	4340.701	100366.9	21016.12	3512.246	47140.53	2532.028	5091.036	22556.26	58851.92	393.9502	-5.338078	1782.918	1.30981e+08	3.645347e+08	2168.327	2495.729	93.95018	67985.95	10284.56	-4.626335	2391.815	-5.338078	1782.918	-4.626335	2391.815
41.16	9089.188	385866.6	4540.701	73071.92	31527.12	2711.246	47641.53	2732.028	4791.036	16451.26	49331.92	-6.049822	-5.338078	1282.918	1.32649e+08	3.645347e+08	2168.327	3195.729	-6.049822	54552.95	11385.56	-4.626335	2891.815	-5.338078	1282.918	-4.626335	2891.815
41.44	13791.19	149699.6	2239.701	62943.92	37836.12	3712.246	47040.53	2232.028	2790.036	14650.26	50032.92	293.9502	-5.338078	982.9182	1.370571e+08	3.444984e+08	2768.327	1595.729	93.95018	40125.95	13286.56	-4.626335	1591.815	-5.338078	982.9182	-4.626335	1591.815
41.73	17193.19	158253.6	3140.701	58632.92	44547.12	4512.246	43734.53	2132.028	3090.036	14350.26	45824.92	493.9502	-5.338078	1282.918	1.347718e+08	3.525128e+08	1768.327	2695.729	193.9502	52448.95	11985.56	-4.626335	2091.815	-5.338078	1282.918	-4.626335	2091.815
42.02	16693.19	123751.6	5441.701	61038.92	44547.12	3912.246	37623.53	2332.028	2490.036	14350.26	45423.92	193.9502	-5.338078	782.9182	1.369545e+08	3.725494e+08	2268.327	995.7296	-6.049822	65779.95	11885.56	-4.626335	2391.815	-5.338078	782.9182	-4.626335	2391.815
42.3	15092.19	111591.6	3240.701	63845.92	40340.12	2911.246	34519.53	1632.028	3991.036	17552.26	47828.92	293.9502	-5.338078	982.9182	1.324441e+08	3.264664e+08	2268.327	1795.729	293.9502	70994.95	10884.56	-4.626335	1891.815	-5.338078	982.9182	-4.626335	1891.815
42.59	12390.19	93412.64	2940.701	76481.92	28023.12	2611.246	39426.53	3332.028	4491.036	20254.26	43320.92	493.9502	-5.338078	1182.918	1.402823e+08	3.384877e+08	2868.327	1895.729	93.95018	78717.95	10584.56	-4.626335	2191.815	-5.338078	1182.918	-4.626335	2191.815
42.88	10189.19	87288.64	1939.701	74475.92	22017.12	611.2456	36822.53	2132.028	4691.036	22957.26	48529.92	93.95018	-5.338078	2082.918	1.40429e+08	3.364841e+08	3768.327	2095.729	-6.049822	87947.95	12785.56	-4.626335	3191.815	-5.338078	2082.918	-4.626335	3191.815
43.16	7788.188	95119.64	1839.701	72268.92	16012.12	1411.246	39927.53	3232.028	2890.036	31165.26	45023.92	93.95018	-5.338078	2382.918	1.303081e+08	3.645347e+08	2368.327	795.7296	193.9502	103508	11685.56	-4.626335	3291.815	-5.338078	2382.918	-4.626335	3291.815
43.45	7488.188	79460.64	2940.701	66953.92	12410.12	2011.246	43734.53	2732.028	3891.036	31266.26	47928.92	193.9502	-5.338078	2382.918	1.372915e+08	3.90583e+08	3068.327	1395.729	293.9502	136767	11385.56	-4.626335	4291.815	-5.338078	2382.918	-4.626335	4291.815
43.73	6188.188	53384.64	4840.701	55926.92	10709.12	1111.246	42632.53	2232.028	3591.036	38576.26	48729.92	93.95018	-5.338078	1982.918	1.361486e+08	3.565201e+08	3968.327	1395.729	-6.049822	155476	13986.56	-4.626335	4791.815	-5.338078	1982.918	-4.626335	4791.815
44.02	3587.189	52081.64	1139.701	57429.92	7608.118	-188.7544	44235.53	2932.028	4091.036	37975.26	51134.92	193.9502	-5.338078	3282.918	1.344057e+08	3.62531e+08	3168.327	2695.729	-6.049822	196060	12985.56	-4.626335	4491.815	-5.338078	3282.918	-4.626335	4491.815
44.31	3887.189	55890.64	3140.701	55425.92	6608.118	711.2456	42932.53	2232.028	3691.036	39978.26	53740.92	93.95018	-5.338078	3782.918	1.393144e+08	3.945906e+08	4468.328	1495.729	-6.049822	214208	12785.56	95.37366	6492.815	-5.338078	3782.918	95.37366	6492.815
44.59	5088.188	55389.64	2239.701	55525.92	5708.118	1511.246	49846.53	2932.028	2790.036	48894.26	49932.92	393.9502	-5.338078	4182.918	1.173116e+08	3.62531e+08	4168.328	2495.729	293.9502	221471	12285.56	-4.626335	7292.815	-5.338078	4182.918	-4.626335	7292.815
44.88	6488.188	49676.64	3840.701	56126.92	5008.118	-889.7544	51048.53	2832.028	3791.036	48293.26	60856.92	293.9502	-5.338078	3982.918	1.480641e+08	4.266523e+08	3868.327	1895.729	393.9502	232167	13286.56	-4.626335	6992.815	-5.338078	3982.918	-4.626335	6992.815
45.16	6988.188	63109.64	3540.701	68157.92	3207.117	511.2456	56661.53	2132.028	3891.036	56610.26	57348.92	193.9502	-5.338078	3182.918	1.350647e+08	3.785605e+08	3868.327	1895.729	-6.049822	194145	11285.56	-4.626335	7092.815	-5.338078	3182.918	-4.626335	7092.815
45.45	10989.19	43062.64	2639.701	73672.92	4207.118	-88.75439	55758.53	1832.028	5391.036	50497.26	58851.92	293.9502	-5.338078	5283.918	1.334394e+08	3.725494e+08	3568.327	2495.729	193.9502	195153	11885.56	-4.626335	6892.815	-5.338078	5283.918	-4.626335	6892.815
45.73	17293.19	68625.64	2940.701	78788.92	4507.118	411.2456	48743.53	1132.028	3090.036	51198.26	55644.92	893.9502	-5.338078	4382.918	1.326783e+08	3.224594e+08	3968.327	2895.729	-6.049822	175911	12385.56	-4.626335	6392.815	-5.338078	4382.918	-4.626335	6392.815
46.02	25300.19	33445.64	2539.701	81698.92	6708.118	11.24561	48342.53	2532.028	3991.036	46489.26	55343.92	1193.95	-5.338078	2782.918	1.226084e+08	3.62531e+08	3068.327	2095.729	-6.049822	154872	12985.56	-4.626335	5992.815	-5.338078	2782.918	-4.626335	5992.815
46.31	32007.19	52582.64	2839.701	78989.92	10309.12	1611.246	46639.53	3332.028	2390.036	46690.26	57849.92	1093.95	-5.338078	4082.918	1.327515e+08	3.845718e+08	2868.327	1995.729	193.9502	148232	12385.56	-4.626335	3691.815	-5.338078	4082.918	-4.626335	3691.815
46.59	31807.19	71735.64	2940.701	60136.92	11210.12	1511.246	47040.53	1332.028	3390.036	37174.26	55043.92	1393.95	-5.338078	4082.918	1.257185e+08	3.024248e+08	3768.327	1795.729	93.95018	120182	11885.56	-4.626335	4391.815	-5.338078	4082.918	-4.626335	4391.815
46.88	27102.19	27937.64	2839.701	57530.92	11110.12	811.2456	39226.53	3732.028	3090.036	32768.26	49230.92	493.9502	-5.338078	5183.918	1.335419e+08	3.885793e+08	3968.327	2295.729	93.95018	126714	11885.56	-4.626335	4391.815	-5.338078	5183.918	-4.626335	4391.815
47.17	28103.19	30040.64	3240.701	55525.92	13211.12	1411.246	40428.53	2532.028	3591.036	35071.26	52136.92	793.9502	-5.338078	3782.918	1.296354e+08	3.885793e+08	4368.328	995.7296	293.9502	126513	11385.56	-4.626335	4191.815	-5.338078	3782.918	-4.626335	4191.815
47.45	27102.19	32443.64	1039.701	50013.92	16312.12	211.2456	40728.53	3232.028	4891.036	31366.26	53038.92	893.9502	-5.338078	3182.918	1.315223e+08	3.845718e+08	3868.327	1595.729	193.9502	117369	9984.562	-4.626335	4691.815	-5.338078	3182.918	-4.626335	4691.815
47.74	31507.19	30240.64	2940.701	57129.92	48855.12	211.2456	43734.53	1932.028	3591.036	29564.26	59954.92	1893.95	-5.338078	2882.918	1.321076e+08	3.585237e+08	4868.328	1495.729	-6.049822	109533	10684.56	-4.626335	3191.815	-5.338078	2882.918	-4.626335	3191.815
48.02	39919.19	31442.64	1639.701	53721.92	70306.12	11.24561	43032.53	3532.028	2690.036	30064.26	59753.92	893.9502	-5.338078	2782.918	1.411917e+08	3.364841e+08	4368.328	2595.729	193.9502	118173	12785.56	-4.626335	3691.815	-5.338078	2782.918	-4.626335	3691.815
48.31	45829.19	23531.64	3040.701	67054.92	122909.1	411.2456	36622.53	3332.028	3791.036	28863.26	58250.92	1493.95	-5.338078	2882.918	1.465064e+08	3.965944e+08	3668.327	2895.729	-6.049822	133047	12285.56	-4.626335	2891.815	-5.338078	2882.918	-4.626335	2891.815
48.59	55849.19	40457.64	3040.701	71967.92	158005.1	-588.7544	37623.53	2632.028	3190.036	25960.26	71384.92	1793.95	-5.338078	2282.918	1.40429e+08	3.605274e+08	3968.327	2195.729	93.95018	108127	11885.56	-4.626335	3291.815	-5.338078	2282.918	-4.626335	3291.815
48.88	64270.19	26435.64	3340.701	64848.92	175018.1	1211.246	31314.53	3032.028	2990.036	23057.26	68877.92	2393.95	-5.338078	1582.918	1.319027e+08	3.965944e+08	2768.327	2395.729	-6.049822	86041.95	12385.56	-4.626335	2391.815	-5.338078	1582.918	-4.626335	2391.815
49.16	76604.19	22029.64	1639.701	64948.92	318626.1	11.24561	32816.53	2532.028	3791.036	22256.26	74994.92	2393.95	-5.338078	1582.918	1.332638e+08	3.68542e+08	3168.327	3195.729	93.95018	70793.95	11385.56	-4.626335	3691.815	-5.338078	1582.918	-4.626335	3691.815
49.45	105911.2	19827.64	4640.701	60938.92	457456.1	211.2456	30713.53	2132.028	3891.036	19153.26	82618.92	3393.95	-5.338078	1882.918	1.397103e+08	3.665384e+08	3068.327	3195.729	193.9502	65779.95	11885.56	-4.626335	4791.815	-5.338078	1882.918	-4.626335	4791.815
49.74	120979.2	23531.64	3140.701	63845.92	639485.1	-1489.754	26608.53	2432.028	4191.036	24358.26	87836.92	3593.95	-5.338078	1582.918	1.356359e+08	3.62531e+08	2468.327	4195.729	293.9502	58662.95	11485.56	-4.626335	5492.815	-5.338078	1582.918	-4.626335	5492.815
50.02	131934.2	26435.64	4540.701	61740.92	656210.1	-588.7544	25207.53	2732.028	3791.036	25659.26	87535.92	3693.95	-5.338078	1082.918	1.318881e+08	3.304735e+08	1468.327	3195.729	93.95018	58161.95	13085.56	-4.626335	4191.815	-5.338078	1082.918	-4.626335	4191.815
50.31	122989.2	22730.64	3340.701	70062.92	664833.1	-889.7544	23505.53	2732.028	3791.036	29564.26	85829.92	4493.95	-5.338078	1682.918	1.369252e+08	3.505092e+08	3168.327	3695.729	493.9502	64877.95	12985.56	-4.626335	6592.815	-5.338078	1682.918	-4.626335	6592.815
50.59	118869.2	18826.64	4040.701	71566.92	579754.1	-388.7544	30213.53	2532.028	3691.036	39878.26	80913.92	2593.95	-5.338078	2282.918	1.46521e+08	3.384877e+08	1368.327	2695.729	393.9502	69088.95	13286.56	-4.626335	4991.815	-5.338078	2282.918	-4.626335	4991.815
50.88	123290.2	25033.64	3340.701	92536.92	569319.1	-1989.754	30713.53	3032.028	2790.036	50998.26	97472.92	3093.95	-5.338078	2582.918	1.492842e+08	3.184524e+08	3368.327	2695.729	93.95018	86342.95	12385.56	-4.626335	5392.815	-5.338078	2582.918	-4.626335	5392.815
51.17	119371.2	26635.64	2940.701	90629.92	509141.1	-588.7544	31214.53	3332.028	3190.036	47591.26	94059.92	4893.95	-5.338078	2782.918	1.449053e+08	3.665384e+08	3468.327	3395.729	293.9502	144913	13286.56	-4.626335	7392.815	-5.338078	2782.918	-4.626335	7392.815
51.45	113946.2	20227.64	3940.701	96852.92	499959.1	-288.7544	27209.53	2832.028	3891.036	40779.26	94360.92	5194.95	-5.338078	2082.918	1.334834e+08	3.68542e+08	2768.327	3795.729	193.9502	170171	11385.56	-4.626335	7992.815	-5.338078	2082.918	-4.626335	7992.815
51.74	116357.2	18125.64	739.7012	88621.92	469272.1	-1189.754	22404.53	2132.028	3991.036	35071.26	108718.9	6794.95	-5.338078	2882.918	1.710059e+08	4.146289e+08	3068.327	3295.729	993.9502	226717	12285.56	-4.626335	12794.82	-5.338078	2882.918	-4.626335	12794.82
52.02	113544.2	16824.64	2139.701	97153.92	492513.1	-188.7544	20302.53	2332.028	3691.036	28763.26	108216.9	7894.95	-5.338078	2382.918	1.38083e+08	3.585237e+08	3568.327	4595.729	493.9502	253170	13286.56	95.37366	13094.82	-5.338078	2382.918	95.37366	13094.82
52.31	121582.2	17324.64	3840.701	96953.92	521594.1	311.2456	20102.53	2732.028	4491.036	23557.26	110024.9	12296.95	-5.338078	1782.918	1.475056e+08	4.026059e+08	1868.327	5396.729	993.9502	386457.9	11285.56	-4.626335	13895.82	-5.338078	1782.918	-4.626335	13895.82
52.6	129220.2	15423.64	3440.701	67154.92	454808.1	-1789.754	15398.53	2032.028	4691.036	22556.26	112635.9	14897.95	-5.338078	1782.918	1.338201e+08	4.046097e+08	2768.327	3495.729	1293.95	630648.9	12685.56	-4.626335	13295.82	-5.338078	1782.918	-4.626335	13295.82
52.88	131633.2	16023.64	2940.701	58833.92	374086.1	-88.75439	16899.53	1732.028	3390.036	21055.26	112233.9	21402.95	-5.338078	1782.918	1.380683e+08	3.765569e+08	3368.327	4495.729	2193.95	1065945	13085.56	-4.626335	14295.82	-5.338078	1782.918	-4.626335	14295.82
53.17	144302.2	25734.64	1539.701	45705.92	301111.1	-88.75439	14998.53	2232.028	3491.036	18353.26	115046.9	34317.95	-5.338078	1182.918	1.364856e+08	3.645347e+08	3468.327	4095.729	2193.95	1498285	12085.56	-4.626335	15796.82	-5.338078	1182.918	-4.626335	15796.82
53.45	150438.2	45968.64	3740.701	42599.92	265207.1	2211.246	19401.53	2432.028	3090.036	14150.26	113037.9	38423.95	-5.338078	582.9182	1.334541e+08	3.865756e+08	2668.327	3595.729	2693.95	1578290	13386.56	-4.626335	14495.82	-5.338078	582.9182	-4.626335	14495.82
53.74	158186.2	61405.64	4840.701	38793.92	216138.1	3512.246	20402.53	2832.028	4091.036	14250.26	112434.9	50143.95	-5.338078	682.9182	1.352091e+08	4.186367e+08	2568.327	4595.729	1693.95	1871088	11485.56	95.37366	14996.82	-5.338078	682.9182	95.37366	14996.82
54.03	151545.2	68926.64	2339.701	40295.92	215432.1	3412.246	20702.53	3232.028	2890.036	15351.26	108919.9	49843.95	-5.338078	582.9182	1.425123e+08	3.444984e+08	1768.327	3395.729	1693.95	1707906	11985.56	-4.626335	11494.82	-5.338078	582.9182	-4.626335	11494.82
54.31	142090.2	64213.64	2839.701	38693.92	196880.1	2811.246	22003.53	2232.028	3591.036	17452.26	110928.9	41728.95	-5.338078	1282.918	1.42028e+08	4.206406e+08	3568.327	5696.729	2393.95	1633364	12685.56	-4.626335	12794.82	-5.338078	1282.918	-4.626335	12794.82
54.6	133744.2	54888.64	1639.701	59434.92	224612.1	2011.246	19101.53	3032.028	3090.036	18453.26	102391.9	35518.95	-5.338078	1982.918	1.30469e+08	3.184524e+08	2168.327	4395.729	1493.95	1262382	12685.56	95.37366	15296.82	-5.338078	1982.918	95.37366	15296.82
54.88	133141.2	57896.64	3240.701	70263.92	245810.1	2511.246	20502.53	2632.028	3491.036	19554.26	93557.92	30411.95	-5.338078	1082.918	1.303227e+08	3.2847e+08	2668.327	3995.729	1093.95	995424.9	10884.56	-4.626335	13395.82	-5.338078	1082.918	-4.626335	13395.82
55.17	119874.2	33545.64	2539.701	86815.92	279562.1	-288.7544	24206.53	2632.028	3591.036	22156.26	109722.9	24205.95	-5.338078	1482.918	1.386986e+08	3.665384e+08	3168.327	5296.729	1693.95	831288.9	12585.56	-4.626335	13395.82	-5.338078	1482.918	-4.626335	13395.82
55.46	118568.2	28938.64	2839.701	120054.9	318423.1	2711.246	15598.53	2632.028	3190.036	22556.26	111229.9	21502.95	-5.338078	2182.918	1.368372e+08	3.224594e+08	2668.327	2995.729	1793.95	679196.9	14086.56	-4.626335	12594.82	-5.338078	2182.918	-4.626335	12594.82
55.74	106011.2	26034.64	2139.701	143477.9	290688.1	-388.7544	15498.53	1432.028	5691.036	24959.26	101889.9	16699.95	-5.338078	2782.918	1.307762e+08	3.184524e+08	2268.327	4095.729	693.9502	506268.9	12985.56	-4.626335	11294.82	-5.338078	2782.918	-4.626335	11294.82
56.03	92759.19	21028.64	2739.701	167829.9	288058.1	-188.7544	14097.53	2832.028	5091.036	24058.26	93858.92	12496.95	-5.338078	3082.918	1.281295e+08	3.885793e+08	1868.327	3795.729	1093.95	425382.9	11685.56	-4.626335	9693.815	-5.338078	3082.918	-4.626335	9693.815
56.31	95469.19	17725.64	1739.701	158670.9	309006.1	-989.7544	17700.53	1932.028	3791.036	28562.26	103596.9	9995.95	-5.338078	3082.918	1.432168e+08	3.82568e+08	2468.327	3895.729	593.9502	350838.9	11285.56	-4.626335	11294.82	-5.338078	3082.918	-4.626335	11294.82
56.6	106313.2	64714.64	1939.701	158166.9	384543.1	-789.7544	17600.53	2032.028	3090.036	28162.26	101688.9	8194.95	-5.338078	2882.918	1.346107e+08	3.845718e+08	1968.327	3595.729	293.9502	282278.9	10784.56	-4.626335	7892.815	-5.338078	2882.918	-4.626335	7892.815
56.88	102296.2	17024.64	2239.701	135231.9	489963.1	-288.7544	18200.53	2332.028	2990.036	26160.26	99078.92	7994.95	-5.338078	1582.918	1.342593e+08	3.32477e+08	1368.327	4295.729	93.95018	233681	10184.56	-4.626335	6892.815	-5.338078	1582.918	-4.626335	6892.815
57.17	116156.2	14221.64	1239.701	126586.9	586714.1	911.2456	15198.53	2132.028	3491.036	24658.26	97672.92	8394.95	-5.338078	1482.918	1.348304e+08	3.725494e+08	2768.327	4295.729	93.95018	191726	10184.56	-4.626335	7492.815	-5.338078	1482.918	-4.626335	7492.815
57.46	125501.2	27236.64	2539.701	104885.9	630152.1	-989.7544	17299.53	2332.028	2790.036	21655.26	99881.92	8394.95	-5.338078	1082.918	1.33176e+08	3.2847e+08	1368.327	4495.729	593.9502	187898	10984.56	95.37366	7692.815	-5.338078	1082.918	95.37366	7692.815
57.74	114348.2	21729.64	2239.701	89826.92	539876.1	-88.75439	17900.53	2332.028	3791.036	17752.26	93557.92	6794.95	-5.338078	1182.918	1.352698e+08	3.725494e+08	1768.327	3095.729	93.95018	149339	11185.56	-4.626335	4091.815	-5.338078	1182.918	-4.626335	4091.815
58.03	109125.2	20928.64	2739.701	87217.92	469680.1	-388.7544	18600.53	2032.028	2590.036	14350.26	93155.92	6494.95	-5.338078	2082.918	1.365149e+08	3.224594e+08	1968.327	2695.729	193.9502	134254	14386.56	-4.626335	3591.815	-5.338078	2082.918	-4.626335	3591.815
58.32	100187.2	19126.64	2839.701	76180.92	386168.1	611.2456	20402.53	3332.028	2790.036	14050.26	82919.92	4493.95	-5.338078	1482.918	1.308932e+08	3.665384e+08	1768.327	3095.729	193.9502	106721	14186.56	95.37366	3191.815	-5.338078	1482.918	95.37366	3191.815
58.6	109024.2	58297.64	2739.701	71366.92	352577.1	11.24561	26108.53	2132.028	4091.036	14050.26	81414.92	4593.95	-5.338078	2182.918	1.310249e+08	3.424948e+08	1768.327	2995.729	393.9502	95274.95	11685.56	-4.626335	2791.815	-5.338078	2182.918	-4.626335	2791.815
58.89	103300.2	37752.64	2940.701	68157.92	309006.1	111.2456	25307.53	1632.028	3290.036	14550.26	87334.92	4293.95	-5.338078	2182.918	1.405903e+08	3.705457e+08	2368.327	1895.729	193.9502	86242.95	10484.56	-4.626335	3491.815	-5.338078	2182.918	-4.626335	3491.815
59.17	100388.2	33345.64	2539.701	77384.92	290081.1	1411.246	28310.53	3932.028	4291.036	16251.26	86732.92	3093.95	-5.338078	982.9182	1.443326e+08	3.845718e+08	1568.327	2195.729	393.9502	75306.95	12185.56	-4.626335	3991.815	-5.338078	982.9182	-4.626335	3991.815
59.46	93060.19	46970.64	2339.701	69059.92	248335.1	-889.7544	27309.53	2832.028	4091.036	14450.26	86833.92	4093.95	-5.338078	2082.918	1.431288e+08	3.945906e+08	2568.327	2195.729	2393.95	76209.95	14686.56	-4.626335	3391.815	-5.338078	2082.918	-4.626335	3391.815
59.75	95067.19	38052.64	2539.701	72569.92	225117.1	111.2456	27309.53	3432.028	3491.036	13850.26	77000.92	2593.95	-5.338078	1882.918	1.243456e+08	2.944112e+08	2268.327	2195.729	93.95018	64075.95	11785.56	-4.626335	3791.815	-5.338078	1882.918	-4.626335	3791.815
60.03	88042.19	44665.64	2639.701	69260.92	218256.1	611.2456	31114.53	3232.028	3991.036	13850.26	81916.92	3293.95	-5.338078	1782.918	1.302642e+08	4.00602e+08	2168.327	1995.729	193.9502	58662.95	12185.56	-4.626335	2691.815	-5.338078	1782.918	-4.626335	2691.815
60.32	82322.19	48373.64	4740.701	64246.92	220274.1	511.2456	30813.53	2632.028	4291.036	14951.26	80511.92	2393.95	-5.338078	2382.918	1.405023e+08	3.82568e+08	3068.327	2595.729	193.9502	48039.95	12685.56	-4.626335	4591.815	-5.338078	2382.918	-4.626335	4591.815
60.61	88042.19	62207.64	3340.701	69159.92	229355.1	5312.246	34919.53	3332.028	3290.036	19554.26	81916.92	1593.95	94.66192	2082.918	1.46521e+08	3.90583e+08	2968.327	2395.729	93.95018	40326.95	12085.56	-4.626335	4391.815	94.66192	2082.918	-4.626335	4391.815
60.89	91454.19	84076.64	3140.701	79290.92	236824.1	1311.246	35820.53	2332.028	4491.036	21956.26	81816.92	2893.95	494.6619	2682.918	1.451402e+08	3.46502e+08	2568.327	1795.729	93.95018	36319.95	7483.562	-4.626335	3691.815	494.6619	2682.918	-4.626335	3691.815
61.18	83627.19	100642.6	3940.701	68157.92	233796.1	-789.7544	32315.53	3232.028	3190.036	16852.26	72587.92	1293.95	94.66192	1682.918	1.369984e+08	3.765569e+08	2468.327	2495.729	93.95018	31813.95	8183.562	-4.626335	3291.815	94.66192	1682.918	-4.626335	3291.815
61.47	78209.19	72738.64	1339.701	71967.92	217550.1	-689.7544	34318.53	2732.028	4791.036	21055.26	73991.92	2793.95	94.66192	2282.918	1.296646e+08	3.304735e+08	2668.327	1195.729	793.9502	87446.95	4682.562	95.37366	2991.815	94.66192	2282.918	95.37366	2991.815
61.75	80115.19	72738.64	2339.701	66452.92	204239.1	1511.246	38024.53	1332.028	2390.036	15651.26	69880.92	3593.95	94.66192	1882.918	1.312297e+08	3.064316e+08	3268.327	3395.729	-6.049822	168661	3282.562	-4.626335	2291.815	94.66192	1882.918	-4.626335	2291.815
62.04	73896.19	102449.6	2139.701	62642.92	203331.1	3212.246	43834.53	1632.028	3691.036	16251.26	70782.92	6394.95	-5.338078	1582.918	1.270334e+08	3.064316e+08	2668.327	2295.729	593.9502	342625.9	3782.562	195.3737	3191.815	-5.338078	1582.918	195.3737	3191.815
62.32	68681.19	166005.6	2839.701	53520.92	168775.1	4112.246	58966.53	2432.028	3891.036	11048.26	64465.92	14197.95	-5.338078	782.9182	1.179703e+08	3.2847e+08	2268.327	2095.729	393.9502	575338.9	2782.562	95.37366	3991.815	-5.338078	782.9182	95.37366	3991.815
62.61	55950.19	343342.6	2239.701	46105.92	138892.1	6613.246	58665.53	2832.028	1490.036	11749.26	62560.92	17499.95	94.66192	1482.918	1.051084e+08	2.663645e+08	1968.327	1895.729	293.9502	644495.9	2582.562	-4.626335	4391.815	94.66192	1482.918	-4.626335	4391.815
62.9	47332.19	717957.6	3040.701	39193.92	113263.1	8514.246	57964.53	1432.028	2290.036	8547.264	51535.92	16198.95	-5.338078	1082.918	9.107718e+07	2.343131e+08	968.3274	1895.729	193.9502	594069.9	2982.562	-4.626335	1991.815	-5.338078	1082.918	-4.626335	1991.815
63.18	40119.19	1706553	2439.701	26276.92	93381.12	9214.246	47541.53	1832.028	1090.036	5647.263	45824.92	14897.95	-5.338078	482.9182	7.275166e+07	1.962548e+08	868.3274	1895.729	393.9502	495760.9	2882.562	-4.626335	2391.815	-5.338078	482.9182	-4.626335	2391.815
63.47	33509.19	2819592	1539.701	22072.92	78932.12	3812.246	41329.53	1132.028	1590.036	6247.263	34406.92	9795.95	-5.338078	182.9182	6.376768e+07	2.303068e+08	768.3274	1795.729	193.9502	469052.9	4382.562	195.3737	1291.815	-5.338078	182.9182	195.3737	1291.815
63.75	32508.19	3402261	2539.701	19069.92	74217.12	6213.246	43433.53	832.0284	2590.036	4846.263	34806.92	9295.95	-5.338078	182.9182	7.009004e+07	1.942518e+08	1468.327	1195.729	-6.049822	642135.9	5483.562	-4.626335	2391.815	-5.338078	182.9182	-4.626335	2391.815
64.04	34511.19	3000369	2439.701	13365.92	66295.12	3812.246	36722.53	1632.028	2390.036	3846.263	41416.92	10895.95	-5.338078	782.9182	8.276852e+07	2.303068e+08	1368.327	2095.729	193.9502	1225198	8183.562	-4.626335	4791.815	-5.338078	782.9182	-4.626335	4791.815
64.33	40720.19	2263376	3040.701	14666.92	57674.12	4312.246	31014.53	1832.028	3190.036	3946.263	61959.92	10795.95	-5.338078	482.9182	1.070406e+08	2.76381e+08	1768.327	2995.729	293.9502	1671036	10584.56	-4.626335	5492.815	-5.338078	482.9182	-4.626335	5492.815
64.61	37916.19	1914694	939.7012	13365.92	50959.12	3412.246	27309.53	1332.028	2690.036	4646.263	61758.92	10895.95	-5.338078	682.9182	1.121011e+08	2.723744e+08	1468.327	2595.729	193.9502	1793929	7483.562	95.37366	5792.815	-5.338078	682.9182	95.37366	5792.815
64.9	33209.19	1568186	2239.701	13065.92	34831.12	5713.246	24306.53	1532.028	2590.036	3346.263	52637.92	9195.95	-5.338078	382.9182	1.004494e+08	2.82391e+08	2068.327	2495.729	593.9502	1571268	6383.562	195.3737	4191.815	-5.338078	382.9182	195.3737	4191.815
65.18	29605.19	1838676	1139.701	8163.922	32528.12	4112.246	29111.53	2132.028	3190.036	3446.263	43320.92	10395.95	-5.338078	382.9182	8.950066e+07	1.541936e+08	1268.327	1895.729	493.9502	1346610	4682.562	-4.626335	3791.815	-5.338078	382.9182	-4.626335	3791.815
65.47	23398.19	2332755	1839.701	10464.92	25820.12	7914.246	24306.53	1932.028	2290.036	3546.263	40014.92	9195.95	-5.338078	82.91815	7.934954e+07	2.022638e+08	1368.327	795.7296	93.95018	1155494	7483.562	95.37366	3191.815	-5.338078	82.91815	95.37366	3191.815
65.76	21696.19	3117850	3040.701	17868.92	18314.12	5112.246	38625.53	1632.028	1290.036	5547.263	37811.92	7994.95	-5.338078	382.9182	7.114006e+07	1.962548e+08	1268.327	1395.729	393.9502	908610.9	6983.562	-4.626335	2191.815	-5.338078	382.9182	-4.626335	2191.815
66.04	19995.19	3814927	1739.701	33685.92	16112.12	10415.25	52251.53	932.0284	1290.036	4446.263	39714.92	8194.95	-5.338078	1282.918	7.099621e+07	2.062698e+08	1168.327	1895.729	293.9502	672621.9	9584.562	-4.626335	3091.815	-5.338078	1282.918	-4.626335	3091.815
66.33	20996.19	3994776	3040.701	43701.92	21416.12	22426.25	116974.5	2032.028	2490.036	6647.263	39613.92	6594.95	-5.338078	682.9182	8.305719e+07	2.182882e+08	868.3274	1295.729	93.95018	556724.9	9284.562	95.37366	2391.815	-5.338078	682.9182	95.37366	2391.815
66.62	21596.19	3682122	1939.701	43601.92	18414.12	31638.25	166256.5	1832.028	2890.036	8948.264	43921.92	6394.95	-5.338078	1882.918	9.132311e+07	2.643612e+08	2368.327	1495.729	393.9502	605744.9	10184.56	-4.626335	2891.815	-5.338078	1882.918	-4.626335	2891.815
66.9	21797.19	3352788	2039.701	37991.92	15712.12	33741.25	148040.5	2832.028	2490.036	9448.264	50433.92	5394.95	-5.338078	3282.918	1.077091e+08	3.104385e+08	1668.327	2095.729	193.9502	855898.9	8984.562	-4.626335	3391.815	-5.338078	3282.918	-4.626335	3391.815
67.19	22497.19	2609353	1839.701	34086.92	13511.12	21825.25	146531.5	2032.028	2390.036	8648.264	59052.92	5194.95	-5.338078	1482.918	1.066918e+08	2.904044e+08	1868.327	1495.729	193.9502	1029358	9884.562	-4.626335	5992.815	-5.338078	1482.918	-4.626335	5992.815
67.47	24199.19	1849645	1439.701	30281.92	14611.12	18622.25	113156.5	1432.028	2890.036	11149.26	54742.92	4393.95	-5.338078	1582.918	1.147796e+08	3.164489e+08	2168.327	1995.729	93.95018	1097152	10584.56	-4.626335	4191.815	-5.338078	1582.918	-4.626335	4191.815
67.76	27502.19	1584470	1739.701	29379.92	18014.12	12717.25	74509.52	1732.028	3791.036	10348.26	59453.92	5994.95	94.66192	2182.918	1.203761e+08	3.104385e+08	1768.327	1395.729	93.95018	1315414	8984.562	-4.626335	5892.815	94.66192	2182.918	-4.626335	5892.815
68.05	24599.19	1282293	2039.701	29279.92	17013.12	7914.246	61773.53	2032.028	2990.036	9148.264	57949.92	5294.95	394.6619	1382.918	1.126832e+08	2.964146e+08	1468.327	895.7296	2593.95	1333958	10984.56	-4.626335	5392.815	394.6619	1382.918	-4.626335	5392.815
68.33	28603.19	1375689	2239.701	27377.92	32428.12	8914.246	47340.53	2332.028	2790.036	10148.26	55644.92	6694.95	-5.338078	1282.918	1.110098e+08	2.76381e+08	1768.327	2195.729	7594.95	1322893	10084.56	95.37366	4791.815	-5.338078	1282.918	95.37366	4791.815
68.62	29404.19	1572016	2940.701	25475.92	50057.12	5412.246	49545.53	1432.028	3090.036	10648.26	55744.92	10095.95	-5.338078	1282.918	1.098026e+08	2.743777e+08	2468.327	1595.729	21202.95	1227088	11885.56	-4.626335	4391.815	-5.338078	1282.918	-4.626335	4391.815
68.9	34110.19	1825132	2039.701	28378.92	54767.12	9214.246	47741.53	2132.028	3190.036	9848.264	53239.92	12596.95	294.6619	1482.918	1.069534e+08	3.364841e+08	1768.327	1995.729	8995.95	1090991	14586.56	-4.626335	5092.815	294.6619	1482.918	-4.626335	5092.815
69.19	33009.19	1405593	3440.701	27677.92	61683.12	7313.246	40628.53	1732.028	1590.036	9448.264	60154.92	10695.95	894.6619	882.9182	1.106607e+08	3.344805e+08	1668.327	1895.729	13897.95	1080448	13986.56	295.3737	5092.815	894.6619	882.9182	295.3737	5092.815
69.48	40320.19	998095.6	1639.701	30180.92	73716.12	5412.246	37924.53	6433.028	4691.036	9148.264	59352.92	9795.95	194.6619	682.9182	1.193845e+08	3.12442e+08	2068.327	2995.729	5894.95	1303724	14886.56	195.3737	4791.815	194.6619	682.9182	195.3737	4791.815
69.76	46130.19	790928.6	939.7012	24975.92	74217.12	6713.246	32416.53	2232.028	3290.036	8748.264	63162.92	12196.95	94.66192	582.9182	1.240536e+08	3.605274e+08	1168.327	2095.729	4893.95	1434820	14186.56	-4.626335	5792.815	94.66192	582.9182	-4.626335	5792.815
70.05	49536.19	621295.6	1739.701	20771.92	88062.12	3012.246	24506.53	2532.028	3190.036	6847.263	70682.92	18900.95	94.66192	682.9182	1.293429e+08	3.46502e+08	1468.327	2995.729	6694.95	1746758	11885.56	-4.626335	7192.815	94.66192	682.9182	-4.626335	7192.815
70.33	63869.19	672199.6	2539.701	22472.92	146234.1	5112.246	24005.53	2732.028	2590.036	7647.263	74693.92	29711.95	294.6619	582.9182	1.280125e+08	3.525128e+08	1768.327	3695.729	2793.95	1832695	7983.562	-4.626335	7192.815	294.6619	582.9182	-4.626335	7192.815
70.62	70085.19	758745.6	2839.701	24774.92	176629.1	4112.246	23205.53	2332.028	3491.036	5547.263	86933.92	44432.95	194.6619	482.9182	1.313174e+08	3.925868e+08	1168.327	3395.729	5494.95	1977423	8984.562	-4.626335	9693.815	194.6619	482.9182	-4.626335	9693.815
70.91	88544.19	383327.6	1239.701	18969.92	180154.1	3512.246	21403.53	2032.028	2690.036	4646.263	84725.92	61569.95	194.6619	182.9182	1.278372e+08	3.224594e+08	1468.327	4095.729	1893.95	2121767	10084.56	95.37366	10193.82	194.6619	182.9182	95.37366	10193.82
71.19	109627.2	318814.6	2239.701	22672.92	193453.1	3212.246	19801.53	2032.028	3991.036	5847.263	90044.92	72699.95	94.66192	482.9182	1.25032e+08	3.785605e+08	1668.327	4295.729	2193.95	2076709	11885.56	-4.626335	11494.82	94.66192	482.9182	-4.626335	11494.82
71.48	102396.2	309395.6	1039.701	20170.92	192143.1	4712.246	18901.53	1932.028	4491.036	6247.263	90546.92	88449.95	94.66192	582.9182	1.256308e+08	3.665384e+08	868.3274	4995.729	1793.95	2078987	10584.56	-4.626335	12894.82	94.66192	582.9182	-4.626335	12894.82
71.76	106011.2	211862.6	2339.701	20170.92	189423.1	3812.246	19401.53	1932.028	3090.036	5947.263	90646.92	111944	-5.338078	482.9182	1.296208e+08	3.424948e+08	1668.327	4495.729	2693.95	2294138	13786.56	-4.626335	13495.82	-5.338078	482.9182	-4.626335	13495.82
72.05	121984.2	191795.6	2940.701	19569.92	174817.1	2911.246	14597.53	2432.028	3991.036	5247.263	96167.92	134354	-5.338078	382.9182	1.334394e+08	3.585237e+08	968.3274	5696.729	2593.95	2439039	13786.56	-4.626335	12394.82	-5.338078	382.9182	-4.626335	12394.82
72.34	125099.2	160669.6	1839.701	18168.92	168876.1	1811.246	12796.53	2832.028	2490.036	5347.263	104400.9	147930	-5.338078	482.9182	1.330881e+08	3.424948e+08	1268.327	5796.729	5694.95	2446740	10484.56	-4.626335	13895.82	-5.338078	482.9182	-4.626335	13895.82
72.62	136056.2	119127.6	1739.701	17068.92	176629.1	2311.246	12296.53	1832.028	4691.036	4346.263	97773.92	167453	-5.338078	-17.08185	1.382882e+08	3.885793e+08	1468.327	7196.729	4393.95	2517251	12785.56	-4.626335	14095.82	-5.338078	-17.08185	-4.626335	14095.82
72.91	136056.2	157146.6	3540.701	15066.92	182673.1	2311.246	14297.53	1532.028	3090.036	3246.263	91750.92	184170	-5.338078	182.9182	1.319612e+08	3.32477e+08	1068.327	6596.729	4593.95	2481531	11985.56	-4.626335	13495.82	-5.338078	182.9182	-4.626335	13495.82
73.2	144805.2	88894.64	2139.701	16267.92	191539.1	2411.246	12496.53	3432.028	2890.036	4046.263	95665.92	202410	-5.338078	282.9182	1.258645e+08	3.184524e+08	1568.327	5796.729	3893.95	2423754	10484.56	-4.626335	15296.82	-5.338078	282.9182	-4.626335	15296.82
73.48	145912.2	87389.64	1839.701	15567.92	188012.1	3312.246	11796.53	1832.028	2390.036	4246.263	99279.92	173293	-5.338078	182.9182	1.321807e+08	3.965944e+08	1268.327	5096.729	4993.95	2508758	12185.56	95.37366	15496.82	-5.338078	182.9182	95.37366	15496.82
73.77	149432.2	75848.64	2940.701	17168.92	216945.1	2511.246	9595.526	1632.028	3290.036	3846.263	105404.9	185681	-5.338078	-17.08185	1.307469e+08	2.884011e+08	1268.327	5896.729	5494.95	2373674	12085.56	195.3737	15596.82	-5.338078	-17.08185	195.3737	15596.82
74.05	151646.2	81869.64	1039.701	18469.92	200912.1	2811.246	10795.53	3132.028	2990.036	2446.263	99178.92	177321	-5.338078	182.9182	1.187867e+08	3.12442e+08	968.3274	5896.729	4993.95	2142966	10184.56	-4.626335	14595.82	-5.338078	182.9182	-4.626335	14595.82
74.34	151646.2	52182.64	3040.701	13265.92	179752.1	2311.246	9695.526	2132.028	3190.036	2846.263	85829.92	147025	-5.338078	182.9182	9.799894e+07	2.563482e+08	1368.327	4795.729	3393.95	1678726	7483.562	-4.626335	13595.82	-5.338078	182.9182	-4.626335	13595.82
74.63	103702.2	32543.64	1839.701	10864.92	133463.1	111.2456	5993.527	1532.028	1190.036	2246.263	52637.92	107023	-5.338078	182.9182	7.269409e+07	1.742223e+08	768.3274	3495.729	1593.95	1230552	4282.562	-4.626335	9293.815	-5.338078	182.9182	-4.626335	9293.815
74.91	76203.19	31442.64	1939.701	7262.922	94586.12	811.2456	3493.527	532.0284	990.0356	1146.263	44221.92	77914.95	-5.338078	-17.08185	5.39902e+07	1.301603e+08	468.3274	3595.729	1893.95	896173.9	4582.562	-4.626335	6292.815	-5.338078	-17.08185	-4.626335	6292.815
75.2	57052.19	51981.64	1639.701	5162.922	69403.12	-1189.754	4093.527	1732.028	890.0356	1746.263	31502.92	59764.95	-5.338078	182.9182	4.28549e+07	1.176277e+08	468.3274	1695.729	1693.95	661634.9	2582.562	-4.626335	4891.815	-5.338078	182.9182	-4.626335	4891.815
75.48	46831.19	28738.64	239.7012	5162.922	52362.12	611.2456	2692.527	532.0284	690.0356	1146.263	25595.92	48941.95	-5.338078	82.91815	3.367566e+07	9.033024e+07	68.3274	1295.729	1293.95	584651.9	2882.562	-4.626335	4391.815	-5.338078	82.91815	-4.626335	4391.815
75.77	35012.19	21529.64	439.7012	3161.922	43745.12	211.2456	2592.527	32.02844	90.03564	846.2634	21992.92	34417.95	-5.338078	-17.08185	2.740358e+07	7.299318e+07	368.3274	1795.729	1393.95	458255.9	3082.562	-4.626335	3391.815	-5.338078	-17.08185	-4.626335	3391.815
76.06	30506.19	21028.64	339.7012	3361.922	31927.12	-388.7544	1492.527	32.02844	590.0356	746.2634	18789.92	26307.95	-5.338078	-17.08185	2.15256e+07	5.881823e+07	-31.6726	1095.729	493.9502	360575.9	1682.562	-4.626335	2491.815	-5.338078	-17.08185	-4.626335	2491.815
76.34	24499.19	16123.64	139.7012	2661.922	24419.12	811.2456	1092.527	132.0284	690.0356	546.2634	12885.92	26007.95	-5.338078	82.91815	1.629474e+07	4.887318e+07	168.3274	995.7296	393.9502	302310.9	982.5623	-4.626335	2091.815	-5.338078	82.91815	-4.626335	2091.815
76.63	18594.19	18125.64	-60.29883	2161.922	21316.12	-889.7544	1492.527	432.0284	590.0356	746.2634	11084.92	18500.95	-5.338078	82.91815	1.295332e+07	4.232062e+07	268.3274	595.7296	393.9502	214510	1782.562	-4.626335	1091.815	-5.338078	82.91815	-4.626335	1091.815
76.91	14791.19	8017.641	-260.2988	961.9218	18314.12	-1489.754	2292.527	132.0284	790.0356	346.2633	10584.92	15498.95	-5.338078	-17.08185	1.138282e+07	3.325011e+07	68.3274	795.7296	293.9502	199588	882.5623	95.37366	1691.815	-5.338078	-17.08185	95.37366	1691.815
77.2	12390.19	7017.641	-260.2988	1261.922	14811.12	-889.7544	3693.527	-67.97156	490.0356	246.2633	5383.918	9995.95	-5.338078	82.91815	8427632	2.534304e+07	168.3274	495.7295	193.9502	143304	482.5623	-4.626335	891.8149	-5.338078	82.91815	-4.626335	891.8149
77.48	7888.188	7017.641	-1661.299	1561.922	13211.12	-1489.754	892.5267	232.0284	490.0356	346.2633	7183.918	9795.95	-5.338078	-17.08185	7593840	2.388914e+07	-31.6726	195.7295	-6.049822	136566	782.5623	-4.626335	1291.815	-5.338078	-17.08185	-4.626335	1291.815
77.77	8889.188	6917.641	-260.2988	1161.922	9309.117	-388.7544	692.5267	-67.97156	-109.9644	146.2633	5283.918	5994.95	-5.338078	-17.08185	6463590	2.000076e+07	168.3274	95.72954	193.9502	116565	882.5623	-4.626335	591.8149	-5.338078	-17.08185	-4.626335	591.8149
78.06	7888.188	1414.641	-360.2988	561.9218	9409.117	-2289.754	-707.4733	332.0284	590.0356	246.2633	5683.918	6994.95	-5.338078	-17.08185	5051286	1.52209e+07	-31.6726	195.7295	93.95018	88550.95	782.5623	-4.626335	491.8149	-5.338078	-17.08185	-4.626335	491.8149
78.34	5488.188	7717.641	-1361.299	661.9218	5208.118	-1289.754	-7.473267	-267.9716	90.03564	346.2633	3482.918	6294.95	-5.338078	-17.08185	4514760	1.249244e+07	-31.6726	195.7295	293.9502	66481.95	282.5623	-4.626335	491.8149	-5.338078	-17.08185	-4.626335	491.8149
78.63	6088.188	2014.641	-1161.299	361.9218	4607.118	-388.7544	92.52673	-567.9716	490.0356	146.2633	3282.918	5394.95	-5.338078	82.91815	2962114	1.036228e+07	68.3274	95.72954	-6.049822	61068.95	282.5623	-4.626335	291.8149	-5.338078	82.91815	-4.626335	291.8149
78.91	3987.189	3215.641	-761.2988	561.9218	6208.118	-2289.754	592.5267	-167.9716	190.0356	246.2633	2782.918	3093.95	-5.338078	-17.08185	2609336	8815178	68.3274	95.72954	193.9502	45134.95	482.5623	-4.626335	91.81495	-5.338078	-17.08185	-4.626335	91.81495
79.2	2887.189	814.6406	-560.2988	61.92175	4607.118	-1289.754	392.5267	232.0284	-709.9644	-53.73666	1582.918	3493.95	-5.338078	-17.08185	2693998	7751048	-31.6726	-4.270463	93.95018	58261.95	282.5623	-4.626335	291.8149	-5.338078	-17.08185	-4.626335	291.8149
79.49	2187.189	90601.64	-460.2988	261.9218	3907.117	-1089.754	292.5267	132.0284	190.0356	246.2633	1782.918	2593.95	-5.338078	-17.08185	2397684	6049104	-31.6726	-4.270463	93.95018	36319.95	182.5623	-4.626335	191.8149	-5.338078	-17.08185	-4.626335	191.8149
79.78	3287.189	2715.641	-961.2988	61.92175	1907.117	-1989.754	-307.4733	332.0284	290.0356	46.26334	1182.918	2093.95	-5.338078	-17.08185	1551210	6616328	-31.6726	-4.270463	-6.049822	28509.95	82.56228	-4.626335	191.8149	-5.338078	-17.08185	-4.626335	191.8149
80.06	1887.189	2815.641	-1461.299	-638.0782	2407.117	-1489.754	292.5267	32.02844	-9.964355	46.26334	1382.918	2293.95	-5.338078	-17.08185	1621742	4475533	-31.6726	95.72954	193.9502	28109.95	82.56228	95.37366	91.81495	-5.338078	-17.08185	95.37366	91.81495
80.35	1987.189	2114.641	-1261.299	161.9218	1607.117	-1689.754	392.5267	-267.9716	-209.9644	46.26334	982.9182	1593.95	-5.338078	-17.08185	1269097	4192081	-31.6726	95.72954	93.95018	18900.95	-17.43772	-4.626335	391.8149	-5.338078	-17.08185	-4.626335	391.8149
80.64	1587.189	2315.641	-560.2988	161.9218	1407.117	-789.7544	192.5267	332.0284	-209.9644	246.2633	782.9182	1593.95	-5.338078	-17.08185	747248.4	2477681	168.3274	295.7295	-6.049822	16999.95	-17.43772	-4.626335	191.8149	-5.338078	-17.08185	-4.626335	191.8149
80.93	787.1886	1214.641	-1161.299	-538.0782	1307.117	-2489.754	-107.4733	-67.97156	-509.9644	46.26334	882.9182	1293.95	-5.338078	82.91815	854946.4	2534342	-31.6726	95.72954	-6.049822	14998.95	182.5623	95.37366	91.81495	-5.338078	82.91815	95.37366	91.81495
81.22	1087.189	1014.641	-761.2988	-38.07825	807.1174	-1489.754	-607.4733	232.0284	-9.964355	-53.73666	482.9182	993.9502	-5.338078	-17.08185	1353729	2208553	68.3274	-4.270463	-6.049822	11996.95	82.56228	-4.626335	91.81495	-5.338078	-17.08185	-4.626335	91.81495
81.5	1887.189	1514.641	-1061.299	161.9218	1907.117	-1389.754	-7.473267	-67.97156	-109.9644	-53.73666	482.9182	693.9502	-5.338078	-17.08185	408793.4	1316328	-31.6726	-4.270463	-6.049822	16799.95	-17.43772	-4.626335	-8.185054	-5.338078	-17.08185	-4.626335	-8.185054
81.79	587.1886	1914.641	1339.701	61.92175	1007.117	311.2456	392.5267	-367.9716	-209.9644	-53.73666	382.9182	793.9502	-5.338078	-17.08185	479302.4	1939445	-31.6726	-4.270463	-6.049822	6294.95	82.56228	-4.626335	91.81495	-5.338078	-17.08185	-4.626335	91.81495
82.07	587.1886	2915.641	-660.2988	-238.0782	1007.117	-1489.754	-307.4733	32.02844	-209.9644	-53.73666	582.9182	393.9502	-5.338078	-17.08185	290751.4	1557065	-31.6726	-4.270463	93.95018	10495.95	182.5623	-4.626335	-8.185054	-5.338078	-17.08185	-4.626335	-8.185054
82.36	787.1886	-185.3594	-1361.299	161.9218	507.1174	-388.7544	-707.4733	-167.9716	-509.9644	-53.73666	382.9182	393.9502	-5.338078	-17.08185	291561.4	1797818	-31.6726	-4.270463	-6.049822	5194.95	-17.43772	-4.626335	91.81495	-5.338078	-17.08185	-4.626335	91.81495
82.65	287.1886	-1285.359	-1361.299	-238.0782	7.117439	-689.7544	492.5267	-167.9716	-509.9644	46.26334	282.9182	293.9502	-5.338078	-17.08185	170650.4	1047288	-31.6726	-4.270463	-6.049822	13897.95	-17.43772	-4.626335	-8.185054	-5.338078	-17.08185	-4.626335	-8.185054
82.95	487.1886	-285.3594	-360.2988	61.92175	507.1174	-588.7544	-107.4733	-267.9716	-209.9644	-53.73666	82.91815	693.9502	-5.338078	82.91815	761351.4	905695.8	-31.6726	-4.270463	-6.049822	4193.95	182.5623	-4.626335	-8.185054	-5.338078	82.91815	-4.626335	-8.185054
83.23	287.1886	1714.641	-660.2988	61.92175	307.1174	-989.7544	-107.4733	32.02844	590.0356	-53.73666	182.9182	93.95018	-5.338078	-17.08185	328110.4	1146405	-31.6726	-4.270463	-6.049822	3593.95	-17.43772	-4.626335	-8.185054	-5.338078	-17.08185	-4.626335	-8.185054
83.52	187.1886	814.6406	-560.2988	-38.07825	607.1174	611.2456	92.52673	-167.9716	190.0356	-53.73666	-17.08185	493.9502	-5.338078	-17.08185	302793.4	735793.8	-31.6726	-4.270463	93.95018	5694.95	82.56228	-4.626335	-8.185054	-5.338078	-17.08185	-4.626335	-8.185054
83.81	-12.81139	814.6406	-660.2988	-138.0782	7.117439	-1989.754	-307.4733	-367.9716	-509.9644	-53.73666	582.9182	293.9502	-5.338078	-17.08185	195028.4	693318.8	-31.6726	-4.270463	-6.049822	6294.95	182.5623	-4.626335	-8.185054	-5.338078	-17.08185	-4.626335	-8.185054
84.1	187.1886	14.64062	-560.2988	261.9218	407.1174	411.2456	-107.4733	-167.9716	790.0356	-53.73666	-17.08185	93.95018	-5.338078	-17.08185	183174.4	211978.8	-31.6726	-4.270463	-6.049822	4993.95	82.56228	-4.626335	-8.185054	-5.338078	-17.08185	-4.626335	-8.185054
84.39	-12.81139	-785.3594	-961.2988	-238.0782	407.1174	-889.7544	-907.4733	-67.97156	-409.9644	146.2633	-17.08185	-6.049822	94.66192	-17.08185	115737.4	103257.8	-31.6726	-4.270463	-6.049822	4793.95	-17.43772	-4.626335	-8.185054	94.66192	-17.08185	-4.626335	-8.185054
84.68	-12.81139	2415.641	-2061.299	361.9218	-92.88256	-1489.754	92.52673	132.0284	490.0356	-53.73666	82.91815	-6.049822	-5.338078	-17.08185	43607.39	608371.8	-31.6726	-4.270463	-6.049822	493.9502	-17.43772	-4.626335	-8.185054	-5.338078	-17.08185	-4.626335	-8.185054
84.97	187.1886	914.6406	-761.2988	-138.0782	7.117439	-1989.754	-7.473267	732.0284	190.0356	-53.73666	-17.08185	293.9502	-5.338078	-17.08185	94448.4	141198.8	-31.6726	-4.270463	-6.049822	793.9502	-17.43772	-4.626335	-8.185054	-5.338078	-17.08185	-4.626335	-8.185054
85.26	387.1886	3815.641	-560.2988	-38.07825	707.1174	-1889.754	492.5267	-67.97156	290.0356	-53.73666	282.9182	293.9502	-5.338078	-17.08185	50921.39	480954.8	-31.6726	-4.270463	-6.049822	2793.95	-17.43772	-4.626335	-8.185054	-5.338078	-17.08185	-4.626335	-8.185054
85.56	87.18861	2114.641	-1361.299	-138.0782	107.1174	-1389.754	92.52673	232.0284	-409.9644	146.2633	-17.08185	-6.049822	-5.338078	-17.08185	239577.4	339385.8	-31.6726	-4.270463	-6.049822	1993.95	-17.43772	-4.626335	-8.185054	-5.338078	-17.08185	-4.626335	-8.185054
85.84	-12.81139	1114.641	-1861.299	161.9218	107.1174	-2189.754	-807.4733	-167.9716	490.0356	-53.73666	82.91815	193.9502	-5.338078	-17.08185	156961.4	23354.77	-31.6726	-4.270463	-6.049822	593.9502	-17.43772	-4.626335	-8.185054	-5.338078	-17.08185	-4.626335	-8.185054
86.13	87.18861	114.6406	-560.2988	-38.07825	307.1174	-1589.754	92.52673	-167.9716	-9.964355	-53.73666	282.9182	93.95018	-5.338078	-17.08185	68864.4	339385.8	-31.6726	-4.270463	-6.049822	393.9502	-17.43772	-4.626335	-8.185054	-5.338078	-17.08185	-4.626335	-8.185054
86.42	-12.81139	1014.641	-660.2988	161.9218	7.117439	-689.7544	92.52673	-267.9716	90.03564	46.26334	182.9182	-6.049822	-5.338078	-17.08185	52725.39	197822.8	-31.6726	-4.270463	-6.049822	793.9502	-17.43772	-4.626335	-8.185054	-5.338078	-17.08185	-4.626335	-8.185054
86.7	-12.81139	1014.641	-1261.299	361.9218	407.1174	-989.7544	-707.4733	132.0284	90.03564	-53.73666	82.91815	-6.049822	-5.338078	-17.08185	5170.395	78367.77	-31.6726	-4.270463	-6.049822	993.9502	-17.43772	-4.626335	-8.185054	-5.338078	-17.08185	-4.626335	-8.185054
86.99	87.18861	-385.3594	839.7012	-138.0782	107.1174	11.24561	-307.4733	32.02844	190.0356	-53.73666	-17.08185	-6.049822	-5.338078	-17.08185	87121.4	325229.8	-31.6726	-4.270463	-6.049822	4593.95	-17.43772	-4.626335	-8.185054	-5.338078	-17.08185	-4.626335	-8.185054
87.28	87.18861	414.6406	139.7012	-238.0782	207.1174	-1189.754	-1107.473	-467.9716	-309.9644	-53.73666	-17.08185	93.95018	-5.338078	-17.08185	58939.39	149088.8	-31.6726	-4.270463	-6.049822	93.95018	82.56228	-4.626335	91.81495	-5.338078	-17.08185	-4.626335	91.81495
87.56	-12.81139	-485.3594	339.7012	-238.0782	407.1174	-1989.754	-507.4733	-467.9716	-109.9644	46.26334	-17.08185	-6.049822	94.66192	-17.08185	68764.4	85289.77	68.3274	-4.270463	-6.049822	1093.95	-17.43772	-4.626335	-8.185054	94.66192	-17.08185	-4.626335	-8.185054
87.85	-12.81139	-485.3594	-1561.299	-238.0782	-92.88256	-989.7544	-707.4733	-267.9716	590.0356	46.26334	-17.08185	93.95018	-5.338078	-17.08185	28069.39	151302.8	-31.6726	-4.270463	-6.049822	1693.95	-17.43772	-4.626335	-8.185054	-5.338078	-17.08185	-4.626335	-8.185054
88.14	87.18861	-285.3594	-460.2988	-338.0782	207.1174	-188.7544	-207.4733	32.02844	690.0356	246.2633	-17.08185	193.9502	-5.338078	-17.08185	43808.39	296916.8	-31.6726	-4.270463	-6.049822	1693.95	-17.43772	-4.626335	-8.185054	-5.338078	-17.08185	-4.626335	-8.185054
88.42	-12.81139	414.6406	-460.2988	161.9218	-92.88256	-889.7544	-507.4733	132.0284	-209.9644	46.26334	82.91815	-6.049822	-5.338078	-17.08185	22880.39	85892.77	-31.6726	-4.270463	-6.049822	793.9502	-17.43772	-4.626335	-8.185054	-5.338078	-17.08185	-4.626335	-8.185054
88.71	-12.81139	414.6406	-2561.299	-38.07825	7.117439	-2089.754	-607.4733	-367.9716	990.0356	246.2633	-17.08185	-6.049822	-5.338078	-17.08185	18776.39	104864.8	-31.6726	-4.270463	-6.049822	93.95018	-17.43772	-4.626335	-8.185054	-5.338078	-17.08185	-4.626335	-8.185054
88.99	-12.81139	214.6406	-60.29883	161.9218	107.1174	-1589.754	-607.4733	332.0284	490.0356	46.26334	82.91815	-6.049822	-5.338078	-17.08185	23680.39	116214.8	-31.6726	-4.270463	-6.049822	-6.049822	-17.43772	-4.626335	-8.185054	-5.338078	-17.08185	-4.626335	-8.185054
89.28	87.18861	114.6406	-1161.299	61.92175	-92.88256	-989.7544	-207.4733	132.0284	-409.9644	-53.73666	-17.08185	-6.049822	-5.338078	-17.08185	134330.4	27954.77	-31.6726	-4.270463	-6.049822	-6.049822	-17.43772	-4.626335	-8.185054	-5.338078	-17.08185	-4.626335	-8.185054
89.57	187.1886	14.64062	-160.2988	261.9218	7.117439	-789.7544	292.5267	-167.9716	-309.9644	-53.73666	-17.08185	-6.049822	-5.338078	-17.08185	6770.395	23554.77	-31.6726	-4.270463	-6.049822	-6.049822	-17.43772	-4.626335	-8.185054	-5.338078	-17.08185	-4.626335	-8.185054
89.86	-12.81139	14.64062	-160.2988	-138.0782	7.117439	-1389.754	-607.4733	-567.9716	-9.964355	-53.73666	-17.08185	-6.049822	-5.338078	-17.08185	28069.39	169510.8	-31.6726	-4.270463	-6.049822	193.9502	-17.43772	-4.626335	-8.185054	-5.338078	-17.08185	-4.626335	-8.185054
90.15	87.18861	214.6406	139.7012	361.9218	-92.88256	-1189.754	-107.4733	332.0284	790.0356	-53.73666	-17.08185	93.95018	-5.338078	-17.08185	469.395	101249.8	68.3274	-4.270463	-6.049822	93.95018	-17.43772	-4.626335	-8.185054	-5.338078	-17.08185	-4.626335	-8.185054
90.43	-12.81139	1114.641	539.7012	-38.07825	-92.88256	-1689.754	-1107.473	532.0284	90.03564	46.26334	82.91815	-6.049822	-5.338078	-17.08185	10871.39	19051.77	-31.6726	-4.270463	-6.049822	-6.049822	-17.43772	-4.626335	-8.185054	-5.338078	-17.08185	-4.626335	-8.185054
90.72	-12.81139	414.6406	-1261.299	161.9218	-92.88256	-1089.754	192.5267	-267.9716	90.03564	-53.73666	-17.08185	-6.049822	-5.338078	-17.08185	10571.39	243.7722	68.3274	-4.270463	-6.049822	193.9502	-17.43772	-4.626335	-8.185054	-5.338078	-17.08185	-4.626335	-8.185054
91	-12.81139	214.6406	-260.2988	-338.0782	207.1174	-889.7544	-407.4733	-67.97156	390.0356	146.2633	-17.08185	-6.049822	-5.338078	-17.08185	5470.395	1843.772	-31.6726	-4.270463	-6.049822	-6.049822	-17.43772	-4.626335	-8.185054	-5.338078	-17.08185	-4.626335	-8.185054
