ElapsedTime_s	Ti49_CPS	Al27_CPS	S33_CPS	Sc45_CPS	V51_CPS	Mn55_CPS	Fe57_CPS	Co59_CPS	Ni60_CPS	Ga71_CPS	Zr90_CPS	Nb93_CPS	Mo97_CPS	In113_CPS	Sn119_CPS	Sn118_CPS	Sb121_CPS	Hf177_CPS	Ta181_CPS	W183_CPS	Pb206_CPS	Th232_CPS	U238_CPS	Tc97_CPS	Cd113_CPS	U232_CPS	Pu238_CPS
0	-12.81139	1014.641	-460.2988	161.9218	-92.88256	-588.7544	-507.4733	32.02844	-109.9644	46.26334	-17.08185	-6.049822	-5.338078	-17.08185	74982.4	42880.77	-31.6726	-4.270463	-6.049822	-6.049822	-17.43772	-4.626335	-8.185054	-5.338078	-17.08185	-4.626335	-8.185054
																											
9.17	-12.81139	314.6406	-1361.299	-38.07825	-92.88256	-1689.754	-7.473267	432.0284	-709.9644	-53.73666	-17.08185	-6.049822	-5.338078	82.91815	-30.60498	33266.77	-31.6726	-4.270463	-6.049822	93.95018	-17.43772	-4.626335	-8.185054	-5.338078	82.91815	-4.626335	-8.185054
9.46	-12.81139	-185.3594	39.70117	61.92175	7.117439	-1789.754	-607.4733	-167.9716	690.0356	-53.73666	-17.08185	-6.049822	-5.338078	-17.08185	-130.605	24555.77	-31.6726	-4.270463	-6.049822	93.95018	-17.43772	-4.626335	-8.185054	-5.338078	-17.08185	-4.626335	-8.185054
9.74	-12.81139	914.6406	-60.29883	-238.0782	-92.88256	-689.7544	292.5267	-267.9716	-109.9644	146.2633	-17.08185	93.95018	-5.338078	-17.08185	27584.39	-256.2278	-31.6726	-4.270463	-6.049822	-6.049822	82.56228	-4.626335	-8.185054	-5.338078	-17.08185	-4.626335	-8.185054
10.03	-12.81139	-1185.359	-1161.299	-238.0782	7.117439	-188.7544	-1007.473	132.0284	690.0356	-53.73666	82.91815	-6.049822	-5.338078	-17.08185	-30.60498	57209.77	-31.6726	-4.270463	-6.049822	-6.049822	-17.43772	-4.626335	-8.185054	-5.338078	-17.08185	-4.626335	-8.185054
10.31	-12.81139	114.6406	-761.2988	-138.0782	107.1174	-989.7544	-407.4733	-267.9716	-209.9644	146.2633	82.91815	-6.049822	-5.338078	-17.08185	7770.395	243.7722	-31.6726	-4.270463	-6.049822	-6.049822	-17.43772	-4.626335	-8.185054	-5.338078	-17.08185	-4.626335	-8.185054
10.6	-12.81139	814.6406	-1761.299	561.9218	7.117439	-1789.754	92.52673	-367.9716	190.0356	-53.73666	82.91815	-6.049822	-5.338078	-17.08185	8671.395	-56.22775	-31.6726	-4.270463	-6.049822	-6.049822	-17.43772	-4.626335	-8.185054	-5.338078	-17.08185	-4.626335	-8.185054
10.88	-12.81139	-485.3594	-1461.299	361.9218	-92.88256	-1389.754	92.52673	-167.9716	490.0356	-53.73666	-17.08185	-6.049822	-5.338078	-17.08185	-30.60498	143.7722	68.3274	-4.270463	-6.049822	-6.049822	-17.43772	-4.626335	-8.185054	-5.338078	-17.08185	-4.626335	-8.185054
11.17	-12.81139	-1085.359	-1761.299	361.9218	7.117439	-989.7544	-607.4733	-67.97156	790.0356	46.26334	-17.08185	-6.049822	-5.338078	-17.08185	69.39502	-56.22775	-31.6726	-4.270463	-6.049822	93.95018	-17.43772	-4.626335	-8.185054	-5.338078	-17.08185	-4.626335	-8.185054
11.45	-12.81139	1414.641	239.7012	-538.0782	107.1174	-1289.754	-807.4733	-167.9716	-9.964355	-53.73666	-17.08185	-6.049822	-5.338078	-17.08185	7770.395	343.7722	-31.6726	-4.270463	-6.049822	-6.049822	-17.43772	-4.626335	-8.185054	-5.338078	-17.08185	-4.626335	-8.185054
11.74	87.18861	814.6406	-360.2988	-538.0782	-92.88256	-1989.754	-207.4733	332.0284	90.03564	46.26334	82.91815	-6.049822	-5.338078	-17.08185	3869.395	143.7722	-31.6726	-4.270463	-6.049822	-6.049822	-17.43772	-4.626335	-8.185054	-5.338078	-17.08185	-4.626335	-8.185054
12.02	-12.81139	1014.641	-260.2988	-38.07825	-92.88256	-3089.754	92.52673	132.0284	90.03564	46.26334	-17.08185	-6.049822	-5.338078	-17.08185	269.395	43.77225	-31.6726	-4.270463	-6.049822	-6.049822	-17.43772	-4.626335	-8.185054	-5.338078	-17.08185	-4.626335	-8.185054
12.31	-12.81139	514.6406	-560.2988	-238.0782	207.1174	-1389.754	-507.4733	132.0284	-209.9644	-53.73666	-17.08185	-6.049822	-5.338078	-17.08185	-130.605	-56.22775	-31.6726	-4.270463	-6.049822	93.95018	-17.43772	-4.626335	91.81495	-5.338078	-17.08185	-4.626335	91.81495
12.59	-12.81139	114.6406	-1661.299	61.92175	7.117439	-1589.754	92.52673	-67.97156	490.0356	46.26334	-17.08185	-6.049822	-5.338078	-17.08185	5570.395	-56.22775	68.3274	-4.270463	-6.049822	-6.049822	-17.43772	-4.626335	-8.185054	-5.338078	-17.08185	-4.626335	-8.185054
12.88	87.18861	314.6406	239.7012	-238.0782	-92.88256	-1589.754	592.5267	32.02844	-9.964355	-53.73666	-17.08185	-6.049822	-5.338078	-17.08185	-130.605	99643.77	-31.6726	-4.270463	-6.049822	-6.049822	82.56228	-4.626335	-8.185054	-5.338078	-17.08185	-4.626335	-8.185054
13.16	-12.81139	-885.3594	-460.2988	-138.0782	-92.88256	-1589.754	-307.4733	-67.97156	-809.9644	46.26334	82.91815	-6.049822	-5.338078	-17.08185	-130.605	143.7722	-31.6726	-4.270463	-6.049822	-6.049822	-17.43772	-4.626335	-8.185054	-5.338078	-17.08185	-4.626335	-8.185054
13.45	87.18861	1114.641	-761.2988	61.92175	-92.88256	-889.7544	-707.4733	32.02844	390.0356	-53.73666	-17.08185	-6.049822	-5.338078	-17.08185	-30.60498	46787.77	-31.6726	-4.270463	93.95018	-6.049822	-17.43772	-4.626335	-8.185054	-5.338078	-17.08185	-4.626335	-8.185054
13.73	-12.81139	-1085.359	-60.29883	-138.0782	207.1174	-1489.754	-207.4733	432.0284	-209.9644	146.2633	-17.08185	-6.049822	-5.338078	-17.08185	3069.395	-256.2278	-31.6726	95.72954	-6.049822	-6.049822	-17.43772	-4.626335	-8.185054	-5.338078	-17.08185	-4.626335	-8.185054
14.02	-12.81139	1014.641	-1861.299	-238.0782	7.117439	-488.7544	-7.473267	-367.9716	90.03564	-53.73666	82.91815	-6.049822	-5.338078	-17.08185	69.39502	16249.77	-31.6726	95.72954	-6.049822	-6.049822	-17.43772	-4.626335	-8.185054	-5.338078	-17.08185	-4.626335	-8.185054
14.3	-12.81139	814.6406	139.7012	261.9218	107.1174	-1589.754	-307.4733	132.0284	190.0356	-53.73666	-17.08185	-6.049822	-5.338078	-17.08185	-130.605	243.7722	-31.6726	-4.270463	-6.049822	-6.049822	-17.43772	-4.626335	-8.185054	-5.338078	-17.08185	-4.626335	-8.185054
14.59	-12.81139	1414.641	-1361.299	-38.07825	7.117439	-2989.754	-107.4733	-67.97156	-409.9644	-53.73666	-17.08185	-6.049822	-5.338078	-17.08185	-30.60498	-256.2278	-31.6726	-4.270463	-6.049822	-6.049822	-17.43772	-4.626335	-8.185054	-5.338078	-17.08185	-4.626335	-8.185054
14.87	-12.81139	914.6406	-1961.299	261.9218	-92.88256	-1689.754	-907.4733	32.02844	-609.9644	46.26334	-17.08185	-6.049822	-5.338078	-17.08185	-30.60498	-56.22775	-31.6726	-4.270463	-6.049822	-6.049822	-17.43772	-4.626335	-8.185054	-5.338078	-17.08185	-4.626335	-8.185054
15.16	87.18861	514.6406	-761.2988	261.9218	7.117439	-1389.754	-507.4733	132.0284	-209.9644	146.2633	-17.08185	-6.049822	-5.338078	-17.08185	269.395	243.7722	-31.6726	-4.270463	-6.049822	-6.049822	-17.43772	-4.626335	-8.185054	-5.338078	-17.08185	-4.626335	-8.185054
15.44	-12.81139	14.64062	-260.2988	-238.0782	-92.88256	-1589.754	-307.4733	-267.9716	-209.9644	246.2633	-17.08185	-6.049822	-5.338078	-17.08185	-30.60498	143.7722	-31.6726	-4.270463	-6.049822	-6.049822	-17.43772	-4.626335	-8.185054	-5.338078	-17.08185	-4.626335	-8.185054
15.73	-12.81139	514.6406	-961.2988	461.9218	-92.88256	-1489.754	192.5267	32.02844	-309.9644	-53.73666	-17.08185	-6.049822	-5.338078	-17.08185	-30.60498	-256.2278	68.3274	-4.270463	-6.049822	-6.049822	-17.43772	-4.626335	-8.185054	-5.338078	-17.08185	-4.626335	-8.185054
16.01	-12.81139	1114.641	139.7012	-338.0782	7.117439	-2089.754	392.5267	132.0284	-509.9644	-53.73666	-17.08185	-6.049822	-5.338078	-17.08185	8871.395	18450.77	-31.6726	-4.270463	-6.049822	-6.049822	-17.43772	95.37366	-8.185054	-5.338078	-17.08185	95.37366	-8.185054
16.3	-12.81139	3215.641	-961.2988	261.9218	7.117439	211.2456	-407.4733	-167.9716	-609.9644	-53.73666	-17.08185	-6.049822	-5.338078	-17.08185	-130.605	-56.22775	-31.6726	-4.270463	-6.049822	-6.049822	-17.43772	-4.626335	-8.185054	-5.338078	-17.08185	-4.626335	-8.185054
16.58	-12.81139	614.6406	-961.2988	-838.0782	-92.88256	-1989.754	-7.473267	232.0284	90.03564	146.2633	-17.08185	-6.049822	-5.338078	-17.08185	-30.60498	-156.2278	-31.6726	-4.270463	-6.049822	-6.049822	-17.43772	-4.626335	-8.185054	-5.338078	-17.08185	-4.626335	-8.185054
16.87	-12.81139	714.6406	-460.2988	961.9218	-92.88256	-588.7544	-107.4733	132.0284	-509.9644	46.26334	82.91815	-6.049822	-5.338078	-17.08185	36496.39	43.77225	68.3274	-4.270463	-6.049822	-6.049822	-17.43772	-4.626335	-8.185054	-5.338078	-17.08185	-4.626335	-8.185054
17.15	-12.81139	14.64062	439.7012	-138.0782	-92.88256	-1589.754	-407.4733	-367.9716	490.0356	46.26334	-17.08185	-6.049822	-5.338078	-17.08185	-130.605	20552.77	-31.6726	-4.270463	-6.049822	-6.049822	-17.43772	-4.626335	-8.185054	-5.338078	-17.08185	-4.626335	-8.185054
17.44	-12.81139	1514.641	-160.2988	-138.0782	-92.88256	-1889.754	-407.4733	132.0284	-9.964355	-53.73666	82.91815	-6.049822	-5.338078	-17.08185	-130.605	143.7722	-31.6726	-4.270463	-6.049822	-6.049822	-17.43772	-4.626335	-8.185054	-5.338078	-17.08185	-4.626335	-8.185054
17.72	-12.81139	-285.3594	-1761.299	561.9218	7.117439	-1389.754	-407.4733	232.0284	990.0356	46.26334	-17.08185	-6.049822	-5.338078	-17.08185	169.395	943.7722	68.3274	-4.270463	-6.049822	-6.049822	-17.43772	-4.626335	-8.185054	-5.338078	-17.08185	-4.626335	-8.185054
18.01	87.18861	-885.3594	239.7012	-38.07825	7.117439	-288.7544	392.5267	32.02844	-9.964355	46.26334	-17.08185	-6.049822	-5.338078	-17.08185	-130.605	-156.2278	-31.6726	-4.270463	-6.049822	-6.049822	-17.43772	-4.626335	-8.185054	-5.338078	-17.08185	-4.626335	-8.185054
18.29	-12.81139	-385.3594	-861.2988	-338.0782	7.117439	-3089.754	-7.473267	232.0284	90.03564	46.26334	-17.08185	-6.049822	-5.338078	-17.08185	-30.60498	-256.2278	-31.6726	-4.270463	-6.049822	-6.049822	-17.43772	-4.626335	-8.185054	-5.338078	-17.08185	-4.626335	-8.185054
18.58	87.18861	914.6406	-1561.299	-138.0782	207.1174	-989.7544	392.5267	-367.9716	-209.9644	46.26334	-17.08185	-6.049822	-5.338078	-17.08185	7670.395	44684.77	68.3274	-4.270463	-6.049822	-6.049822	-17.43772	-4.626335	-8.185054	-5.338078	-17.08185	-4.626335	-8.185054
18.86	187.1886	414.6406	-961.2988	261.9218	-92.88256	-1889.754	-7.473267	32.02844	190.0356	-53.73666	-17.08185	-6.049822	-5.338078	-17.08185	69.39502	43.77225	-31.6726	-4.270463	-6.049822	193.9502	-17.43772	-4.626335	-8.185054	-5.338078	-17.08185	-4.626335	-8.185054
19.15	-12.81139	-285.3594	39.70117	261.9218	-92.88256	-889.7544	-407.4733	-567.9716	390.0356	-53.73666	-17.08185	-6.049822	-5.338078	-17.08185	-130.605	-156.2278	-31.6726	-4.270463	-6.049822	-6.049822	-17.43772	-4.626335	-8.185054	-5.338078	-17.08185	-4.626335	-8.185054
19.43	-12.81139	-685.3594	-861.2988	-138.0782	-92.88256	-588.7544	92.52673	-467.9716	90.03564	46.26334	82.91815	-6.049822	-5.338078	-17.08185	169.395	-156.2278	-31.6726	-4.270463	-6.049822	-6.049822	-17.43772	-4.626335	91.81495	-5.338078	-17.08185	-4.626335	91.81495
19.72	-12.81139	1414.641	-1161.299	-138.0782	-92.88256	-889.7544	92.52673	-67.97156	-409.9644	-53.73666	82.91815	-6.049822	-5.338078	-17.08185	-30.60498	-256.2278	-31.6726	-4.270463	-6.049822	-6.049822	-17.43772	-4.626335	-8.185054	-5.338078	-17.08185	-4.626335	-8.185054
20	-12.81139	-85.35938	-761.2988	-538.0782	207.1174	-1289.754	-707.4733	-67.97156	90.03564	-53.73666	-17.08185	-6.049822	-5.338078	-17.08185	-30.60498	-56.22775	-31.6726	-4.270463	-6.049822	-6.049822	-17.43772	-4.626335	-8.185054	-5.338078	-17.08185	-4.626335	-8.185054
20.29	-12.81139	1014.641	-1161.299	-738.0782	7.117439	-2089.754	292.5267	332.0284	-409.9644	-53.73666	-17.08185	-6.049822	-5.338078	-17.08185	-130.605	-256.2278	-31.6726	-4.270463	-6.049822	-6.049822	-17.43772	-4.626335	-8.185054	-5.338078	-17.08185	-4.626335	-8.185054
20.57	-12.81139	1614.641	-460.2988	261.9218	107.1174	-1389.754	292.5267	-567.9716	490.0356	46.26334	-17.08185	-6.049822	-5.338078	-17.08185	69.39502	-156.2278	-31.6726	-4.270463	-6.049822	-6.049822	-17.43772	-4.626335	91.81495	-5.338078	-17.08185	-4.626335	91.81495
20.86	-12.81139	714.6406	-1561.299	-238.0782	-92.88256	-2289.754	-207.4733	132.0284	1190.036	-53.73666	-17.08185	-6.049822	-5.338078	-17.08185	169.395	243.7722	-31.6726	-4.270463	-6.049822	-6.049822	-17.43772	-4.626335	-8.185054	-5.338078	-17.08185	-4.626335	-8.185054
21.14	-12.81139	-885.3594	239.7012	-438.0782	7.117439	-1689.754	192.5267	-167.9716	690.0356	46.26334	-17.08185	-6.049822	-5.338078	-17.08185	-30.60498	543.7722	-31.6726	-4.270463	-6.049822	-6.049822	-17.43772	-4.626335	-8.185054	-5.338078	-17.08185	-4.626335	-8.185054
21.43	-12.81139	1214.641	-560.2988	561.9218	7.117439	-1289.754	-307.4733	-167.9716	-709.9644	-53.73666	-17.08185	-6.049822	-5.338078	-17.08185	-30.60498	-156.2278	-31.6726	-4.270463	-6.049822	-6.049822	-17.43772	-4.626335	-8.185054	-5.338078	-17.08185	-4.626335	-8.185054
21.71	-12.81139	1814.641	-1161.299	61.92175	107.1174	-1189.754	-507.4733	-167.9716	-409.9644	-53.73666	82.91815	-6.049822	-5.338078	-17.08185	69.39502	-156.2278	-31.6726	-4.270463	-6.049822	-6.049822	-17.43772	-4.626335	-8.185054	-5.338078	-17.08185	-4.626335	-8.185054
22	-12.81139	114.6406	-360.2988	-138.0782	207.1174	-2389.754	-607.4733	-167.9716	290.0356	46.26334	-17.08185	-6.049822	-5.338078	-17.08185	-130.605	-256.2278	-31.6726	-4.270463	-6.049822	93.95018	-17.43772	-4.626335	-8.185054	-5.338078	-17.08185	-4.626335	-8.185054
22.29	-12.81139	-785.3594	-60.29883	261.9218	-92.88256	-1789.754	392.5267	32.02844	-109.9644	-53.73666	-17.08185	-6.049822	-5.338078	-17.08185	27484.39	-356.2278	-31.6726	-4.270463	-6.049822	93.95018	-17.43772	-4.626335	-8.185054	-5.338078	-17.08185	-4.626335	-8.185054
22.57	-12.81139	2415.641	-1961.299	261.9218	7.117439	-1589.754	-407.4733	132.0284	-809.9644	46.26334	-17.08185	-6.049822	94.66192	-17.08185	-130.605	127268.8	68.3274	-4.270463	-6.049822	-6.049822	-17.43772	-4.626335	-8.185054	94.66192	-17.08185	-4.626335	-8.185054
22.86	-12.81139	1214.641	-761.2988	561.9218	-92.88256	-1089.754	-1007.473	32.02844	-209.9644	-53.73666	-17.08185	-6.049822	-5.338078	-17.08185	-30.60498	-56.22775	-31.6726	-4.270463	-6.049822	-6.049822	-17.43772	95.37366	-8.185054	-5.338078	-17.08185	95.37366	-8.185054
23.14	187.1886	614.6406	-560.2988	161.9218	-92.88256	-1689.754	-307.4733	132.0284	-109.9644	-53.73666	-17.08185	-6.049822	-5.338078	-17.08185	-30.60498	-256.2278	68.3274	-4.270463	-6.049822	-6.049822	-17.43772	-4.626335	-8.185054	-5.338078	-17.08185	-4.626335	-8.185054
23.43	-12.81139	1114.641	-1561.299	61.92175	7.117439	-388.7544	192.5267	232.0284	-9.964355	46.26334	-17.08185	-6.049822	94.66192	-17.08185	18876.39	143.7722	-31.6726	-4.270463	-6.049822	-6.049822	-17.43772	-4.626335	91.81495	94.66192	-17.08185	-4.626335	91.81495
23.71	-12.81139	1214.641	-2161.299	-38.07825	-92.88256	-1289.754	-607.4733	-467.9716	190.0356	-53.73666	-17.08185	-6.049822	-5.338078	-17.08185	-130.605	143.7722	-31.6726	-4.270463	-6.049822	-6.049822	-17.43772	-4.626335	-8.185054	-5.338078	-17.08185	-4.626335	-8.185054
24	87.18861	1214.641	-1161.299	361.9218	107.1174	211.2456	292.5267	-567.9716	690.0356	246.2633	282.9182	-6.049822	-5.338078	-17.08185	69.39502	-56.22775	-31.6726	-4.270463	-6.049822	-6.049822	-17.43772	-4.626335	-8.185054	-5.338078	-17.08185	-4.626335	-8.185054
24.28	-12.81139	1114.641	1639.701	-338.0782	7.117439	-1389.754	-607.4733	-167.9716	-9.964355	46.26334	-17.08185	-6.049822	-5.338078	-17.08185	69.39502	-156.2278	68.3274	-4.270463	-6.049822	-6.049822	-17.43772	-4.626335	-8.185054	-5.338078	-17.08185	-4.626335	-8.185054
24.57	-12.81139	14.64062	139.7012	-38.07825	-92.88256	-1789.754	-707.4733	-267.9716	-409.9644	-53.73666	-17.08185	-6.049822	-5.338078	-17.08185	69.39502	243.7722	68.3274	95.72954	-6.049822	-6.049822	82.56228	-4.626335	-8.185054	-5.338078	-17.08185	-4.626335	-8.185054
24.85	-12.81139	14.64062	-1361.299	261.9218	7.117439	-1589.754	892.5267	32.02844	190.0356	-53.73666	82.91815	-6.049822	-5.338078	-17.08185	169.395	-256.2278	-31.6726	-4.270463	-6.049822	-6.049822	-17.43772	-4.626335	-8.185054	-5.338078	-17.08185	-4.626335	-8.185054
25.14	-12.81139	14.64062	-360.2988	261.9218	7.117439	-1089.754	392.5267	-267.9716	90.03564	46.26334	-17.08185	-6.049822	-5.338078	-17.08185	-30.60498	-156.2278	-31.6726	-4.270463	-6.049822	-6.049822	-17.43772	-4.626335	-8.185054	-5.338078	-17.08185	-4.626335	-8.185054
25.42	-12.81139	114.6406	-961.2988	-38.07825	7.117439	-588.7544	-607.4733	-267.9716	90.03564	46.26334	82.91815	-6.049822	194.6619	-17.08185	-130.605	43.77225	-31.6726	-4.270463	-6.049822	-6.049822	-17.43772	-4.626335	-8.185054	194.6619	-17.08185	-4.626335	-8.185054
25.71	-12.81139	214.6406	-1261.299	61.92175	107.1174	-1889.754	-1107.473	32.02844	-9.964355	-53.73666	-17.08185	-6.049822	-5.338078	-17.08185	-130.605	243.7722	-31.6726	-4.270463	-6.049822	-6.049822	-17.43772	-4.626335	-8.185054	-5.338078	-17.08185	-4.626335	-8.185054
25.99	-12.81139	-185.3594	-1661.299	-238.0782	7.117439	-989.7544	-307.4733	-167.9716	190.0356	-53.73666	-17.08185	-6.049822	-5.338078	-17.08185	69.39502	-256.2278	-31.6726	-4.270463	-6.049822	-6.049822	-17.43772	-4.626335	-8.185054	-5.338078	-17.08185	-4.626335	-8.185054
26.28	-12.81139	1014.641	-1761.299	361.9218	107.1174	-1789.754	-507.4733	32.02844	-109.9644	46.26334	-17.08185	-6.049822	-5.338078	-17.08185	269.395	443.7722	-31.6726	-4.270463	-6.049822	-6.049822	-17.43772	-4.626335	-8.185054	-5.338078	-17.08185	-4.626335	-8.185054
26.56	-12.81139	714.6406	139.7012	61.92175	-92.88256	-588.7544	-507.4733	-267.9716	-809.9644	46.26334	82.91815	-6.049822	-5.338078	-17.08185	169.395	-356.2278	-31.6726	-4.270463	-6.049822	-6.049822	-17.43772	-4.626335	-8.185054	-5.338078	-17.08185	-4.626335	-8.185054
26.84	-12.81139	1214.641	-260.2988	161.9218	-92.88256	-1989.754	-7.473267	132.0284	90.03564	46.26334	-17.08185	-6.049822	-5.338078	-17.08185	169.395	-156.2278	-31.6726	-4.270463	-6.049822	-6.049822	182.5623	-4.626335	-8.185054	-5.338078	-17.08185	-4.626335	-8.185054
27.13	-12.81139	-485.3594	939.7012	461.9218	7.117439	-1489.754	292.5267	132.0284	-9.964355	-53.73666	-17.08185	-6.049822	-5.338078	-17.08185	169.395	43.77225	68.3274	-4.270463	-6.049822	-6.049822	-17.43772	-4.626335	-8.185054	-5.338078	-17.08185	-4.626335	-8.185054
27.42	-12.81139	-885.3594	-1061.299	61.92175	7.117439	-1589.754	592.5267	-67.97156	-109.9644	-53.73666	82.91815	-6.049822	-5.338078	-17.08185	-30.60498	-156.2278	-31.6726	-4.270463	-6.049822	-6.049822	-17.43772	-4.626335	-8.185054	-5.338078	-17.08185	-4.626335	-8.185054
27.7	-12.81139	1114.641	-460.2988	61.92175	107.1174	-1389.754	-7.473267	-167.9716	190.0356	-53.73666	-17.08185	-6.049822	-5.338078	-17.08185	69.39502	243.7722	-31.6726	-4.270463	-6.049822	-6.049822	-17.43772	-4.626335	-8.185054	-5.338078	-17.08185	-4.626335	-8.185054
27.99	-12.81139	-985.3594	-961.2988	61.92175	7.117439	-588.7544	-407.4733	32.02844	190.0356	-53.73666	82.91815	-6.049822	-5.338078	-17.08185	69.39502	43.77225	-31.6726	-4.270463	-6.049822	-6.049822	-17.43772	-4.626335	-8.185054	-5.338078	-17.08185	-4.626335	-8.185054
28.27	-12.81139	414.6406	-160.2988	-338.0782	-92.88256	-1889.754	-107.4733	-67.97156	190.0356	46.26334	-17.08185	-6.049822	-5.338078	-17.08185	169.395	-56.22775	-31.6726	-4.270463	-6.049822	-6.049822	-17.43772	-4.626335	-8.185054	-5.338078	-17.08185	-4.626335	-8.185054
28.56	-12.81139	1014.641	-1161.299	-38.07825	-92.88256	-1989.754	-7.473267	332.0284	90.03564	-53.73666	-17.08185	-6.049822	-5.338078	-17.08185	-130.605	43.77225	-31.6726	-4.270463	-6.049822	-6.049822	-17.43772	-4.626335	-8.185054	-5.338078	-17.08185	-4.626335	-8.185054
28.84	87.18861	1614.641	-660.2988	161.9218	-92.88256	-288.7544	-207.4733	232.0284	-709.9644	-53.73666	-17.08185	-6.049822	-5.338078	-17.08185	-30.60498	-56.22775	68.3274	-4.270463	-6.049822	-6.049822	-17.43772	-4.626335	-8.185054	-5.338078	-17.08185	-4.626335	-8.185054
29.12	-12.81139	14.64062	-1061.299	361.9218	107.1174	-1289.754	-607.4733	32.02844	590.0356	46.26334	-17.08185	-6.049822	-5.338078	-17.08185	-130.605	43.77225	-31.6726	-4.270463	-6.049822	-6.049822	82.56228	-4.626335	-8.185054	-5.338078	-17.08185	-4.626335	-8.185054
29.41	-12.81139	1214.641	-1061.299	-38.07825	-92.88256	-1689.754	-107.4733	132.0284	-509.9644	146.2633	-17.08185	-6.049822	-5.338078	-17.08185	169.395	143.7722	-31.6726	-4.270463	-6.049822	-6.049822	-17.43772	95.37366	-8.185054	-5.338078	-17.08185	95.37366	-8.185054
29.69	-12.81139	314.6406	-1361.299	261.9218	-92.88256	-989.7544	92.52673	232.0284	490.0356	-53.73666	-17.08185	-6.049822	-5.338078	-17.08185	6270.395	343.7722	-31.6726	-4.270463	-6.049822	-6.049822	-17.43772	-4.626335	-8.185054	-5.338078	-17.08185	-4.626335	-8.185054
29.98	-12.81139	1514.641	-1061.299	-238.0782	7.117439	-1889.754	92.52673	-267.9716	-509.9644	-53.73666	-17.08185	-6.049822	-5.338078	-17.08185	-130.605	-156.2278	-31.6726	-4.270463	-6.049822	-6.049822	182.5623	-4.626335	-8.185054	-5.338078	-17.08185	-4.626335	-8.185054
30.27	87.18861	44364.64	339.7012	361.9218	7.117439	3412.246	30413.53	332.0284	590.0356	346.2633	282.9182	-6.049822	-5.338078	-17.08185	230831.4	594214.8	68.3274	-4.270463	393.9502	793.9502	882.5623	95.37366	-8.185054	-5.338078	-17.08185	95.37366	-8.185054
30.55	187.1886	2128757	-660.2988	261.9218	507.1174	29234.25	210188.5	832.0284	190.0356	3546.263	2182.918	593.9502	194.6619	82.91815	332365.4	1372970	-31.6726	195.7295	793.9502	1293.95	382.5623	295.3737	91.81495	194.6619	82.91815	295.3737	91.81495
30.84	87.18861	4966698	739.7012	861.9218	507.1174	42657.25	388415.5	-167.9716	390.0356	3946.263	3082.918	893.9502	-5.338078	-17.08185	299656.4	767971.8	168.3274	95.72954	193.9502	1093.95	1082.562	-4.626335	191.8149	-5.338078	-17.08185	-4.626335	191.8149
31.13	287.1886		639.7012	661.9218	207.1174	48168.25	534281.5	-167.9716	-9.964355	4246.263	5283.918	893.9502	-5.338078	82.91815	322234.4	707476.8	-31.6726	195.7295	893.9502	693.9502	782.5623	-4.626335	591.8149	-5.338078	82.91815	-4.626335	591.8149
31.41	287.1886		-60.29883	861.9218	607.1174	71429.24	558504.5	132.0284	-109.9644	8447.264	5783.918	693.9502	94.66192	-17.08185	310385.4	495112.8	-31.6726	295.7295	693.9502	1293.95	1082.562	195.3737	391.8149	94.66192	-17.08185	195.3737	391.8149
31.7	187.1886		1439.701	761.9218	407.1174	68420.24	661581.5	132.0284	90.03564	4546.263	5283.918	493.9502	94.66192	-17.08185	324184.4	578160.8	-31.6726	195.7295	393.9502	1193.95	1582.562	95.37366	691.8149	94.66192	-17.08185	95.37366	691.8149
31.99	687.1886		2039.701	61.92175	607.1174	85074.24	657680.5	132.0284	-109.9644	5347.263	5883.918	693.9502	94.66192	82.91815	242945.4	608371.8	68.3274	-4.270463	993.9502	893.9502	1382.562	95.37366	391.8149	94.66192	82.91815	95.37366	391.8149
32.28	187.1886		739.7012	461.9218	607.1174	91800.24	717496.5	-167.9716	290.0356	5147.263	5283.918	793.9502	94.66192	-17.08185	295981.4	483174.8	68.3274	295.7295	893.9502	793.9502	1282.562	295.3737	391.8149	94.66192	-17.08185	295.3737	391.8149
32.57	587.1886		1439.701	1361.922	607.1174	95314.24	727685.5	-267.9716	1190.036	5647.263	5483.918	493.9502	94.66192	82.91815	177901.4	556885.8	-31.6726	395.7295	793.9502	793.9502	1282.562	-4.626335	591.8149	94.66192	82.91815	-4.626335	591.8149
32.85	287.1886		439.7012	561.9218	1107.117	109374.2	755597.5	232.0284	190.0356	6647.263	6083.918	593.9502	94.66192	82.91815	182030.4	526946.8	68.3274	195.7295	593.9502	793.9502	1182.562	195.3737	391.8149	94.66192	82.91815	195.3737	391.8149
33.14	487.1886		2839.701	961.9218	707.1174	101941.2	762812.5	132.0284	-509.9644	4646.263	5683.918	293.9502	-5.338078	-17.08185	182836.4	489699.8	-31.6726	95.72954	393.9502	593.9502	1282.562	95.37366	291.8149	-5.338078	-17.08185	95.37366	291.8149
33.42	387.1886		1239.701	461.9218	307.1174	97121.24	763327.5	-167.9716	-909.9644	4746.263	6683.918	993.9502	194.6619	182.9182	210049.4	548707.8	-31.6726	295.7295	593.9502	793.9502	1082.562	-4.626335	291.8149	194.6619	182.9182	-4.626335	291.8149
33.71	187.1886		1139.701	761.9218	607.1174	100937.2	763327.5	-167.9716	-309.9644	7247.263	6683.918	1093.95	94.66192	-17.08185	98570.4	562100.8	168.3274	195.7295	693.9502	1493.95	1082.562	195.3737	391.8149	94.66192	-17.08185	195.3737	391.8149
34	587.1886		1439.701	1261.922	107.1174	98426.24	815025.5	32.02844	1790.036	4146.263	6583.918	793.9502	-5.338078	-17.08185	221749.4	617484.8	-31.6726	95.72954	393.9502	1293.95	1282.562	295.3737	991.8149	-5.338078	-17.08185	295.3737	991.8149
34.29	687.1886		2339.701	861.9218	307.1174	109876.2	778898.5	-267.9716	290.0356	7347.263	6283.918	893.9502	94.66192	-17.08185	258197.4	1415452	-31.6726	295.7295	793.9502	493.9502	2082.562	195.3737	491.8149	94.66192	-17.08185	195.3737	491.8149
34.57	187.1886		939.7012	1761.922	307.1174	93707.24	507627.5	-367.9716	990.0356	7347.263	7683.918	893.9502	-5.338078	-17.08185	281749.4	622529.8	168.3274	195.7295	293.9502	693.9502	1282.562	395.3737	791.8149	-5.338078	-17.08185	395.3737	791.8149
34.86	87.18861		2439.701	1261.922	507.1174	100234.2	762399.5	332.0284	90.03564	7047.263	6383.918	793.9502	-5.338078	-17.08185	225476.4	764260.8	-31.6726	195.7295	393.9502	693.9502	782.5623	95.37366	391.8149	-5.338078	-17.08185	95.37366	391.8149
35.14	287.1886		2139.701	561.9218	207.1174	85777.24	733862.5	132.0284	-409.9644	6247.263	6183.918	693.9502	94.66192	-17.08185	349700.4	856686.8	168.3274	295.7295	893.9502	1493.95	1382.562	-4.626335	491.8149	94.66192	-17.08185	-4.626335	491.8149
35.43	387.1886		1439.701	561.9218	507.1174	88186.24	734377.5	-267.9716	-9.964355	4546.263	5483.918	993.9502	-5.338078	-17.08185	452734.4	1314537	-31.6726	-4.270463	493.9502	193.9502	1782.562	95.37366	491.8149	-5.338078	-17.08185	95.37366	491.8149
35.73	487.1886		1139.701	861.9218	607.1174	91398.24	765904.5	132.0284	-9.964355	5447.263	8283.918	593.9502	-5.338078	-17.08185	648529.4	1670358	68.3274	495.7295	293.9502	293.9502	1682.562	195.3737	691.8149	-5.338078	-17.08185	195.3737	691.8149
36.01	187.1886		2139.701	861.9218	707.1174	91298.24	732318.5	132.0284	-9.964355	5047.263	6083.918	493.9502	94.66192	82.91815	1812374	3710265	-31.6726	195.7295	593.9502	1193.95	2082.562	295.3737	791.8149	94.66192	82.91815	295.3737	791.8149
36.3	1387.189		3540.701	3361.922	2207.117	91499.24	737054.5	532.0284	-9.964355	9448.264	8183.918	1093.95	-5.338078	82.91815	1.400072e+07	3.689556e+07	168.3274	195.7295	493.9502	3693.95	5883.562	-4.626335	591.8149	-5.338078	82.91815	-4.626335	591.8149
36.58	2087.189		1739.701	7462.922	4307.118	87784.24	658193.5	432.0284	190.0356	5047.263	14987.92	1193.95	-5.338078	482.9182	2.630959e+07	7.075432e+07	168.3274	995.7296	393.9502	6894.95	6183.562	-4.626335	1391.815	-5.338078	482.9182	-4.626335	1391.815
36.87	3487.189		2239.701	14966.92	4707.118	80257.24	595035.5	1432.028	990.0356	9348.264	26396.92	393.9502	-5.338078	782.9182	5.104216e+07	1.366378e+08	768.3274	1595.729	193.9502	7494.95	6883.562	95.37366	691.8149	-5.338078	782.9182	95.37366	691.8149
37.16	5188.188		1739.701	23273.92	9809.117	59595.25	425820.5	832.0284	1090.036	9548.264	32603.92	793.9502	-5.338078	482.9182	7.242065e+07	1.982578e+08	668.3274	1495.729	593.9502	8094.95	11185.56	95.37366	691.8149	-5.338078	482.9182	95.37366	691.8149
37.44	5588.188	4839584	3240.701	26276.92	13511.12	49571.25	354210.5	2132.028	2090.036	11649.26	41617.92	493.9502	94.66192	1082.918	9.418886e+07	2.723744e+08	468.3274	2495.729	-6.049822	6494.95	9184.562	-4.626335	491.8149	94.66192	1082.918	-4.626335	491.8149
37.73	6688.188	4094809	2239.701	27878.92	13711.12	36245.25	310431.5	2132.028	2190.036	13350.26	36509.92	593.9502	-5.338078	982.9182	9.976774e+07	2.182882e+08	668.3274	2095.729	193.9502	6594.95	12185.56	-4.626335	891.8149	-5.338078	982.9182	-4.626335	891.8149
38.02	4387.188	3321600	1939.701	32784.92	12610.12	32539.25	258643.5	1832.028	2690.036	14650.26	43620.92	293.9502	-5.338078	682.9182	1.123776e+08	2.884011e+08	1168.327	1895.729	293.9502	5894.95	10284.56	-4.626335	1291.815	-5.338078	682.9182	-4.626335	1291.815
38.3	4587.188	2710094	3140.701	51015.92	11310.12	23327.25	206053.5	2332.028	3691.036	16351.26	40014.92	293.9502	-5.338078	2082.918	1.188012e+08	3.485056e+08	2768.327	995.7296	393.9502	7494.95	12785.56	-4.626335	1191.815	-5.338078	2082.918	-4.626335	1191.815
38.59	4387.188	2230611	5240.701	64146.92	8008.118	24028.25	167967.5	3032.028	2790.036	17752.26	44421.92	193.9502	94.66192	2282.918	1.225209e+08	3.745531e+08	2068.327	1595.729	93.95018	11796.95	12085.56	-4.626335	2091.815	94.66192	2282.918	-4.626335	2091.815
38.87	2887.189	2008353	4540.701	87718.92	6308.118	18322.25	147839.5	1932.028	1990.036	22156.26	46125.92	193.9502	-5.338078	1982.918	1.201865e+08	3.2847e+08	1468.327	1795.729	193.9502	12296.95	11485.56	-4.626335	2391.815	-5.338078	1982.918	-4.626335	2391.815
39.16	1687.189	1490102	2039.701	102374.9	4207.118	15719.25	154480.5	2932.028	2890.036	23457.26	48729.92	93.95018	-5.338078	2982.918	1.18845e+08	3.044282e+08	3668.327	2095.729	193.9502	15498.95	9684.562	-4.626335	4191.815	-5.338078	2982.918	-4.626335	4191.815
39.45	1487.189	1419658	3540.701	122566.9	4107.118	10115.25	123405.5	1732.028	4091.036	30064.26	49731.92	93.95018	-5.338078	4182.918	1.289189e+08	3.545164e+08	3568.327	1095.729	93.95018	20501.95	10884.56	-4.626335	5592.815	-5.338078	4182.918	-4.626335	5592.815
39.73	1487.189	1077095	3240.701	151726.9	3607.117	10515.25	103012.5	3132.028	4991.036	35772.26	59352.92	393.9502	-5.338078	4282.918	1.384054e+08	4.106212e+08	3668.327	2495.729	93.95018	23204.95	15187.56	-4.626335	7192.815	-5.338078	4282.918	-4.626335	7192.815
40.02	887.1886	989668.6	4940.701	170246.9	2407.117	6613.246	131246.5	2032.028	3691.036	38776.26	60154.92	193.9502	-5.338078	4282.918	1.322393e+08	3.344805e+08	4268.328	2595.729	93.95018	22703.95	12485.56	-4.626335	5192.815	-5.338078	4282.918	-4.626335	5192.815
40.3	787.1886	785045.6	4640.701	171353.9	2107.117	7413.246	96686.52	2632.028	2190.036	35571.26	60856.92	-6.049822	194.6619	4382.918	1.291967e+08	3.585237e+08	5369.328	2395.729	-6.049822	27308.95	12685.56	-4.626335	5492.815	194.6619	4382.918	-4.626335	5492.815
40.59	587.1886	728971.6	3740.701	228106.9	1607.117	3912.246	81230.52	3632.028	2390.036	34069.26	75797.92	93.95018	-5.338078	3582.918	1.347865e+08	3.485056e+08	4368.328	3195.729	393.9502	33515.95	12585.56	-4.626335	4491.815	-5.338078	3582.918	-4.626335	4491.815
40.88	87.18861	459718.6	2839.701	286606.9	1407.117	2611.246	69494.52	3432.028	2690.036	31766.26	86331.92	93.95018	-5.338078	2682.918	1.343764e+08	3.2847e+08	3868.327	3795.729	93.95018	36520.95	14386.56	95.37366	4391.815	-5.338078	2682.918	95.37366	4391.815
41.16	587.1886	538895.6	4040.701	313528.9	807.1174	2711.246	53854.53	2332.028	3991.036	25259.26	95163.92	93.95018	-5.338078	3182.918	1.275448e+08	3.965944e+08	2468.327	3195.729	-6.049822	42028.95	10884.56	-4.626335	3491.815	-5.338078	3182.918	-4.626335	3491.815
41.45	1387.189	349630.6	2239.701	346054.9	1007.117	3212.246	73606.52	1032.028	2890.036	23057.26	95966.92	293.9502	94.66192	2682.918	1.304836e+08	3.90583e+08	2568.327	7496.729	193.9502	44332.95	13486.56	-4.626335	3691.815	94.66192	2682.918	-4.626335	3691.815
41.73	687.1886	355209.6	5340.701	415909.9	807.1174	1911.246	52952.53	1732.028	3190.036	19654.26	105103.9	93.95018	94.66192	4482.918	1.4194e+08	4.286562e+08	3468.327	5396.729	93.95018	51646.95	12285.56	-4.626335	4991.815	94.66192	4482.918	-4.626335	4991.815
42.02	1087.189	317700.6	2639.701	422112.9	907.1174	1311.246	34218.53	2432.028	2890.036	20254.26	114644.9	-6.049822	-5.338078	3782.918	1.343911e+08	3.745531e+08	2568.327	5496.729	293.9502	52248.95	12985.56	-4.626335	4091.815	-5.338078	3782.918	-4.626335	4091.815
42.31	1387.189	211055.6	4440.701	425265.9	707.1174	2111.246	32916.53	3232.028	3691.036	15951.26	131427.9	393.9502	-5.338078	2882.918	1.353284e+08	3.90583e+08	2968.327	7796.729	193.9502	51947.95	15187.56	-4.626335	3791.815	-5.338078	2882.918	-4.626335	3791.815
42.59	2987.189	138129.6	5240.701	445616.9	807.1174	411.2456	32115.53	2132.028	3190.036	17852.26	142286.9	93.95018	-5.338078	3082.918	1.416025e+08	3.505092e+08	2668.327	9197.729	93.95018	57058.95	11785.56	-4.626335	3391.815	-5.338078	3082.918	-4.626335	3391.815
42.88	5988.188	148994.6	3940.701	432691.9	307.1174	-188.7544	31614.53	1632.028	3691.036	17852.26	148019.9	393.9502	-5.338078	3482.918	1.383028e+08	3.68542e+08	3168.327	11998.73	-6.049822	58662.95	11985.56	-4.626335	2891.815	-5.338078	3482.918	-4.626335	2891.815
43.16	5288.188	114706.6	3340.701	381668.9	907.1174	-488.7544	25307.53	2832.028	3390.036	17352.26	131728.9	993.9502	-5.338078	2982.918	1.291528e+08	3.785605e+08	2668.327	7996.729	193.9502	55454.95	12385.56	-4.626335	3791.815	-5.338078	2982.918	-4.626335	3791.815
43.45	6188.188	95822.64	3040.701	382683.9	1207.117	-588.7544	29311.53	3232.028	2190.036	20655.26	147918.9	693.9502	-5.338078	3682.918	1.378338e+08	3.705457e+08	2768.327	10397.73	-6.049822	58261.95	13386.56	-4.626335	2691.815	-5.338078	3682.918	-4.626335	2691.815
43.74	4687.188	80163.64	3340.701	333991.9	2607.117	-288.7544	31214.53	2432.028	4591.036	23257.26	131125.9	393.9502	-5.338078	2182.918	1.362512e+08	3.885793e+08	3568.327	10297.73	93.95018	52047.95	13786.56	95.37366	3791.815	-5.338078	2182.918	95.37366	3791.815
44.02	3987.189	118122.6	3040.701	299153.9	1907.117	411.2456	34218.53	3532.028	1990.036	26160.26	117055.9	193.9502	-5.338078	2382.918	1.326051e+08	3.565201e+08	2668.327	7796.729	193.9502	53751.95	12085.56	-4.626335	1891.815	-5.338078	2382.918	-4.626335	1891.815
44.31	3487.189	77152.64	3440.701	285494.9	2507.117	-588.7544	31815.53	1732.028	3691.036	28863.26	115950.9	93.95018	-5.338078	3682.918	1.375553e+08	3.705457e+08	4168.328	6896.729	193.9502	55354.95	13986.56	-4.626335	4591.815	-5.338078	3682.918	-4.626335	4591.815
44.59	2787.189	65717.64	2239.701	261533.9	2207.117	-488.7544	38425.53	2432.028	3591.036	32167.26	115448.9	-6.049822	-5.338078	3282.918	1.405316e+08	3.485056e+08	2168.327	5796.729	93.95018	55655.95	13085.56	-4.626335	3191.815	-5.338078	3282.918	-4.626335	3191.815
44.88	2887.189	68926.64	2940.701	230831.9	1807.117	-288.7544	49545.53	2232.028	2790.036	32968.26	108517.9	93.95018	-5.338078	2882.918	1.350794e+08	3.404912e+08	3368.327	6496.729	193.9502	67885.95	12085.56	-4.626335	6192.815	-5.338078	2882.918	-4.626335	6192.815
45.17	3287.189	80163.64	2940.701	226694.9	2207.117	-689.7544	41930.53	2932.028	3090.036	39778.26	102391.9	193.9502	-5.338078	3182.918	1.406196e+08	3.304735e+08	2968.327	6496.729	93.95018	74805.95	13286.56	-4.626335	4591.815	-5.338078	3182.918	-4.626335	4591.815
45.45	4087.189	35448.64	2940.701	227097.9	1507.117	111.2456	42131.53	2832.028	4091.036	37074.26	100383.9	193.9502	-5.338078	2882.918	1.339811e+08	3.585237e+08	3768.327	4795.729	-6.049822	80021.95	13486.56	-4.626335	5292.815	-5.338078	2882.918	-4.626335	5292.815
45.74	3287.189	40657.64	3140.701	213175.9	1507.117	-2789.754	41029.53	1832.028	3390.036	37574.26	92152.92	293.9502	-5.338078	1382.918	1.317125e+08	3.82568e+08	4168.328	5496.729	-6.049822	89854.95	12885.56	-4.626335	6792.815	-5.338078	1382.918	-4.626335	6792.815
46.02	1987.189	45066.64	3240.701	209847.9	907.1174	-689.7544	42732.53	1332.028	4891.036	40679.26	93958.92	93.95018	-5.338078	2082.918	1.255286e+08	3.82568e+08	4068.327	3495.729	293.9502	94270.95	15287.56	-4.626335	5992.815	-5.338078	2082.918	-4.626335	5992.815
46.31	1387.189	34046.64	2940.701	214385.9	907.1174	-588.7544	46839.53	2832.028	3791.036	36673.26	85026.92	93.95018	-5.338078	3282.918	1.362805e+08	4.266523e+08	6069.328	4295.729	-6.049822	107324	11485.56	-4.626335	7292.815	-5.338078	3282.918	-4.626335	7292.815
46.6	1587.189	40357.64	3240.701	206922.9	1007.117	-88.75439	48242.53	2932.028	3090.036	41080.26	79508.92	93.95018	-5.338078	3282.918	1.279395e+08	4.026059e+08	4068.327	5196.729	193.9502	113350	13386.56	95.37366	7092.815	-5.338078	3282.918	95.37366	7092.815
46.88	1187.189	31241.64	4540.701	180619.9	1407.117	-188.7544	43533.53	3232.028	4691.036	37474.26	87535.92	193.9502	-5.338078	3682.918	1.374234e+08	3.404912e+08	3868.327	4395.729	193.9502	123699	12985.56	-4.626335	6892.815	-5.338078	3682.918	-4.626335	6892.815
47.17	1287.189	42060.64	1939.701	186159.9	1007.117	-1089.754	44936.53	2732.028	3691.036	36873.26	77402.92	93.95018	-5.338078	3582.918	1.356213e+08	3.505092e+08	5669.328	3695.729	393.9502	133751	13886.56	-4.626335	7692.815	-5.338078	3582.918	-4.626335	7692.815
47.45	587.1886	31442.64	3940.701	180014.9	707.1174	-889.7544	45938.53	2032.028	2990.036	40879.26	75396.92	293.9502	-5.338078	1582.918	1.34069e+08	3.645347e+08	5969.328	4295.729	193.9502	137873	13286.56	-4.626335	8192.815	-5.338078	1582.918	-4.626335	8192.815
47.74	687.1886	41960.64	3440.701	175079.9	807.1174	-188.7544	47541.53	1932.028	3491.036	42783.26	81013.92	93.95018	-5.338078	3482.918	1.630508e+08	3.765569e+08	4268.328	3595.729	93.95018	150244	14386.56	-4.626335	6692.815	-5.338078	3482.918	-4.626335	6692.815
48.03	987.1886	41559.64	4140.701	179611.9	607.1174	-388.7544	44134.53	2532.028	2990.036	40679.26	86431.92	93.95018	-5.338078	2982.918	1.440096e+08	3.785605e+08	6469.328	2695.729	-6.049822	151753	14086.56	-4.626335	7892.815	-5.338078	2982.918	-4.626335	7892.815
48.31	687.1886	50177.64	4440.701	167024.9	107.1174	-2189.754	47942.53	2532.028	2590.036	42081.26	72086.92	-6.049822	-5.338078	2382.918	1.367933e+08	3.705457e+08	4968.328	3895.729	-6.049822	142801	15687.56	-4.626335	6792.815	-5.338078	2382.918	-4.626335	6792.815
48.6	1187.189	37451.64	1839.701	175683.9	407.1174	-1289.754	46439.53	1932.028	4091.036	37074.26	71284.92	-6.049822	-5.338078	2482.918	1.403263e+08	3.505092e+08	5869.328	3095.729	193.9502	143706	14286.56	-4.626335	8492.815	-5.338078	2482.918	-4.626335	8492.815
48.88	287.1886	33946.64	3340.701	171756.9	507.1174	-689.7544	47240.53	1832.028	3691.036	40078.26	71083.92	93.95018	-5.338078	2482.918	1.355188e+08	3.965944e+08	6169.328	1995.729	-6.049822	127317	12685.56	-4.626335	8192.815	-5.338078	2482.918	-4.626335	8192.815
49.17	487.1886	26435.64	4740.701	154141.9	407.1174	-1589.754	50246.53	2532.028	3791.036	34370.26	65267.92	-6.049822	-5.338078	2682.918	1.267703e+08	3.68542e+08	5269.328	1995.729	93.95018	126513	11084.56	-4.626335	6592.815	-5.338078	2682.918	-4.626335	6592.815
49.45	887.1886	28437.64	2639.701	160884.9	307.1174	-588.7544	48843.53	1832.028	3290.036	37074.26	64064.92	193.9502	-5.338078	3582.918	1.421014e+08	3.244629e+08	6469.328	2595.729	-6.049822	124604	12885.56	95.37366	6492.815	-5.338078	3582.918	95.37366	6492.815
49.74	687.1886	31642.64	4040.701	156757.9	407.1174	-488.7544	46739.53	2632.028	2390.036	41380.26	68676.92	193.9502	-5.338078	1982.918	1.412504e+08	3.665384e+08	5669.328	1095.729	293.9502	120886	14286.56	-4.626335	6092.815	-5.338078	1982.918	-4.626335	6092.815
50.03	487.1886	32744.64	3640.701	160179.9	1607.117	-2189.754	51349.53	2632.028	3691.036	35371.26	67272.92	93.95018	-5.338078	3182.918	1.360314e+08	3.525128e+08	4368.328	1595.729	-6.049822	99892.95	12885.56	-4.626335	6292.815	-5.338078	3182.918	-4.626335	6292.815
50.31	887.1886	29038.64	3640.701	154041.9	1307.117	-1389.754	50146.53	2832.028	4891.036	35672.26	64164.92	93.95018	-5.338078	3982.918	1.378045e+08	3.865756e+08	5169.328	1795.729	93.95018	90456.95	12785.56	-4.626335	6792.815	-5.338078	3982.918	-4.626335	6792.815
50.6	487.1886	25734.64	3140.701	155147.9	407.1174	-989.7544	47741.53	2232.028	2590.036	34770.26	65067.92	-6.049822	-5.338078	4082.918	1.409277e+08	3.424948e+08	6269.328	1895.729	-6.049822	81526.95	11785.56	-4.626335	4991.815	-5.338078	4082.918	-4.626335	4991.815
50.88	287.1886	20828.64	2839.701	140863.9	607.1174	-1089.754	41730.53	2532.028	3791.036	31366.26	59152.92	293.9502	-5.338078	2882.918	1.376286e+08	3.62531e+08	4668.328	1495.729	-6.049822	70693.95	14386.56	-4.626335	4891.815	-5.338078	2882.918	-4.626335	4891.815
51.17	387.1886	18926.64	3840.701	124676.9	507.1174	-889.7544	44235.53	1632.028	2890.036	35471.26	59052.92	93.95018	-5.338078	2382.918	1.34274e+08	3.344805e+08	5769.328	1695.729	93.95018	56256.95	14886.56	-4.626335	4591.815	-5.338078	2382.918	-4.626335	4591.815
51.46	387.1886	24732.64	1939.701	135131.9	807.1174	-989.7544	41530.53	3932.028	4691.036	27261.26	55443.92	-6.049822	-5.338078	2882.918	1.314491e+08	3.064316e+08	5069.328	1595.729	193.9502	51245.95	12985.56	-4.626335	4391.815	-5.338078	2882.918	-4.626335	4391.815
51.74	887.1886	26735.64	4240.701	121862.9	2607.117	-1189.754	35620.53	2632.028	2190.036	27661.26	49832.92	-6.049822	-5.338078	2782.918	1.384348e+08	3.82568e+08	4668.328	1395.729	93.95018	43130.95	13886.56	-4.626335	3191.815	-5.338078	2782.918	-4.626335	3191.815
52.03	687.1886	185648.6	3040.701	111614.9	3607.117	-1389.754	35921.53	2232.028	3390.036	24758.26	50934.92	-6.049822	-5.338078	2882.918	1.473145e+08	3.525128e+08	4468.328	1995.729	193.9502	37020.95	14786.56	-4.626335	4091.815	-5.338078	2882.918	-4.626335	4091.815
52.32	1287.189	22430.64	3240.701	108099.9	5308.118	-2289.754	35119.53	2432.028	2790.036	23657.26	47627.92	193.9502	-5.338078	2282.918	1.379217e+08	3.32477e+08	4268.328	2395.729	193.9502	29010.95	14386.56	-4.626335	2991.815	-5.338078	2282.918	-4.626335	2991.815
52.6	1987.189	18826.64	4640.701	88722.92	6108.118	-288.7544	30613.53	2432.028	2390.036	20855.26	46826.92	93.95018	-5.338078	2782.918	1.392118e+08	3.725494e+08	3468.327	1695.729	93.95018	28509.95	13486.56	-4.626335	1491.815	-5.338078	2782.918	-4.626335	1491.815
52.89	2187.189	22630.64	2539.701	76381.92	8408.117	11.24561	25407.53	2932.028	3991.036	17252.26	45624.92	93.95018	-5.338078	1682.918	1.291821e+08	3.665384e+08	3468.327	795.7296	93.95018	19701.95	13586.56	95.37366	2091.815	-5.338078	1682.918	95.37366	2091.815
53.17	2087.189	23130.64	1939.701	70864.92	8709.117	-1789.754	27209.53	1832.028	2790.036	18353.26	42418.92	93.95018	-5.338078	2582.918	1.397543e+08	3.585237e+08	2368.327	1095.729	-6.049822	20802.95	15887.56	95.37366	1791.815	-5.338078	2582.918	95.37366	1791.815
53.46	3487.189	37652.64	3440.701	69661.92	10309.12	711.2456	32516.53	2532.028	5091.036	19554.26	45924.92	93.95018	-5.338078	1682.918	1.444647e+08	3.865756e+08	2868.327	1895.729	193.9502	14998.95	14086.56	-4.626335	2591.815	-5.338078	1682.918	-4.626335	2591.815
53.74	2887.189	68525.64	1839.701	62040.92	7408.118	511.2456	38925.53	3032.028	2790.036	17452.26	44522.92	193.9502	-5.338078	2582.918	1.310541e+08	3.404912e+08	2768.327	1895.729	493.9502	11496.95	15487.56	-4.626335	1991.815	-5.338078	2582.918	-4.626335	1991.815
54.03	2787.189	221043.6	2239.701	63745.92	10809.12	5312.246	64981.53	2532.028	2490.036	18253.26	47026.92	193.9502	-5.338078	1582.918	1.349768e+08	3.745531e+08	2268.327	2195.729	293.9502	15998.95	14486.56	-4.626335	1591.815	-5.338078	1582.918	-4.626335	1591.815
54.32	2387.189	462978.6	3440.701	62742.92	11009.12	7914.246	94979.52	2232.028	2790.036	15851.26	41817.92	-6.049822	94.66192	1882.918	1.383615e+08	3.705457e+08	1868.327	2095.729	93.95018	11696.95	11084.56	95.37366	1591.815	94.66192	1882.918	95.37366	1591.815
54.6	3587.189	912391.6	2539.701	54523.92	8909.117	11916.25	143011.5	1732.028	3290.036	14650.26	46425.92	93.95018	-5.338078	1182.918	1.35138e+08	3.545164e+08	1268.327	1795.729	293.9502	9695.95	12685.56	195.3737	1591.815	-5.338078	1182.918	195.3737	1591.815
54.89	4087.189	1232677	2839.701	53721.92	10209.12	16720.25	173304.5	2432.028	3290.036	12249.26	41116.92	293.9502	-5.338078	1582.918	1.237178e+08	3.545164e+08	1468.327	2195.729	293.9502	12596.95	9184.562	195.3737	1791.815	-5.338078	1582.918	195.3737	1791.815
55.18	3487.189	1789588	2940.701	40996.92	9509.117	27432.25	239855.5	2832.028	1590.036	12949.26	39413.92	293.9502	-5.338078	1282.918	1.163236e+08	3.404912e+08	1268.327	1695.729	693.9502	9295.95	12185.56	-4.626335	1091.815	-5.338078	1282.918	-4.626335	1091.815
55.46	3287.189	2140610	3440.701	39093.92	9009.117	29034.25	259754.5	2032.028	3190.036	11048.26	40014.92	593.9502	-5.338078	582.9182	1.113881e+08	3.144455e+08	768.3274	1595.729	393.9502	10695.95	7783.562	95.37366	1091.815	-5.338078	582.9182	95.37366	1091.815
55.75	4387.188	2530295	2439.701	33084.92	8008.118	30236.25	294944.5	1432.028	2990.036	8748.264	31201.92	393.9502	-5.338078	882.9182	9.643386e+07	2.363163e+08	1268.327	2095.729	293.9502	6994.95	6983.562	295.3737	1391.815	-5.338078	882.9182	295.3737	1391.815
56.04	4087.189	3050204	2339.701	26776.92	8208.117	38449.25	298284.5	1632.028	2190.036	10348.26	31802.92	193.9502	-5.338078	782.9182	8.71155e+07	2.263006e+08	868.3274	795.7296	593.9502	7294.95	5883.562	95.37366	1391.815	-5.338078	782.9182	95.37366	1391.815
56.32	2987.189	3532193	1439.701	29680.92	10609.12	40352.25	362326.5	1232.028	1490.036	6947.263	29299.92	493.9502	94.66192	882.9182	8.067634e+07	2.242975e+08	968.3274	1395.729	393.9502	5694.95	4282.562	395.3737	891.8149	94.66192	882.9182	395.3737	891.8149
56.61	4287.188	3968893	1939.701	21271.92	9409.117	50172.25	417074.5	1332.028	1090.036	7847.263	25195.92	693.9502	94.66192	982.9182	6.97449e+07	2.002608e+08	968.3274	795.7296	293.9502	6394.95	4582.562	95.37366	991.8149	94.66192	982.9182	95.37366	991.8149
56.89	5488.188	4646546	2539.701	17068.92	11410.12	66915.24	450957.5	1032.028	1790.036	6947.263	20891.92	893.9502	-5.338078	382.9182	5.920533e+07	1.581993e+08	368.3274	1595.729	393.9502	4193.95	3482.562	195.3737	1191.815	-5.338078	382.9182	195.3737	1191.815
57.18	3987.189		439.7012	14366.92	9709.117	59996.25	485701.5	232.0284	1390.036	8748.264	20691.92	593.9502	-5.338078	482.9182	4.866834e+07	1.261548e+08	668.3274	495.7295	-6.049822	3593.95	3582.562	-4.626335	991.8149	-5.338078	482.9182	-4.626335	991.8149
57.47	3187.189		1539.701	11564.92	7308.118	61400.25	511204.5	532.0284	790.0356	6647.263	15287.92	893.9502	-5.338078	482.9182	3.802001e+07	1.054472e+08	168.3274	895.7296	393.9502	2693.95	3182.562	95.37366	691.8149	-5.338078	482.9182	95.37366	691.8149
57.75	1487.189		839.7012	8763.922	5608.118	60096.25	542761.5	1232.028	790.0356	5047.263	13185.92	1093.95	-5.338078	382.9182	2.821363e+07	7.679521e+07	568.3274	395.7295	593.9502	3093.95	2182.562	95.37366	991.8149	-5.338078	382.9182	95.37366	991.8149
58.04	1787.189		1439.701	7663.922	4207.118	63907.25	502632.5	832.0284	590.0356	6247.263	11185.92	293.9502	-5.338078	182.9182	2.206471e+07	6.195696e+07	168.3274	195.7295	93.95018	1793.95	1082.562	-4.626335	691.8149	-5.338078	182.9182	-4.626335	691.8149
58.32	1687.189		839.7012	8063.922	3207.117	58693.25	515389.5	432.0284	1390.036	5947.263	10284.92	1493.95	-5.338078	82.91815	1.817923e+07	4.806959e+07	168.3274	195.7295	93.95018	1593.95	1482.562	195.3737	391.8149	-5.338078	82.91815	195.3737	391.8149
58.61	887.1886		3640.701	4662.922	3507.117	62603.25	538878.5	232.0284	90.03564	4746.263	10384.92	993.9502	-5.338078	282.9182	1.544493e+07	4.282202e+07	168.3274	295.7295	293.9502	1393.95	1982.562	-4.626335	791.8149	-5.338078	282.9182	-4.626335	791.8149
58.89	687.1886		2339.701	5762.922	2107.117	67517.24	517022.5	532.0284	890.0356	4546.263	8684.918	993.9502	-5.338078	-17.08185	1.190624e+07	3.801138e+07	268.3274	195.7295	693.9502	2193.95	1582.562	-4.626335	591.8149	-5.338078	-17.08185	-4.626335	591.8149
59.18	1087.189		2039.701	4462.922	3307.117	67216.24	568015.5	132.0284	90.03564	5747.263	8183.918	993.9502	-5.338078	-17.08185	1.003924e+07	2.845239e+07	168.3274	495.7295	493.9502	1693.95	1982.562	-4.626335	391.8149	-5.338078	-17.08185	-4.626335	391.8149
59.47	887.1886		1939.701	1961.922	907.1174	81161.24	536120.5	132.0284	1090.036	4646.263	8383.918	593.9502	94.66192	82.91815	8102572	2.227915e+07	268.3274	95.72954	293.9502	1393.95	1782.562	195.3737	791.8149	94.66192	82.91815	195.3737	791.8149
59.75	387.1886		739.7012	2961.922	1907.117	80257.24	568936.5	232.0284	890.0356	4546.263	6183.918	893.9502	-5.338078	-17.08185	7212340	1.936022e+07	68.3274	395.7295	593.9502	1393.95	1882.562	195.3737	291.8149	-5.338078	-17.08185	195.3737	291.8149
60.04	187.1886		1839.701	2561.922	1407.117	82164.24	529889.5	32.02844	190.0356	4046.263	7383.918	693.9502	-5.338078	-17.08185	5164250	1.768115e+07	168.3274	-4.270463	293.9502	1493.95	1282.562	-4.626335	391.8149	-5.338078	-17.08185	-4.626335	391.8149
60.32	487.1886		439.7012	2261.922	1607.117	83870.24	527335.5	432.0284	290.0356	6047.263	5683.918	1093.95	94.66192	182.9182	5545528	1.271973e+07	-31.6726	395.7295	193.9502	1293.95	882.5623	-4.626335	391.8149	94.66192	182.9182	-4.626335	391.8149
60.61	587.1886		2339.701	1061.922	1507.117	72532.24	535813.5	-267.9716	-9.964355	3746.263	6383.918	493.9502	94.66192	82.91815	4783012	1.129939e+07	68.3274	495.7295	293.9502	1693.95	882.5623	-4.626335	91.81495	94.66192	82.91815	-4.626335	91.81495
60.9	787.1886		739.7012	3261.922	907.1174	73134.24	538470.5	-267.9716	-309.9644	3846.263	5883.918	793.9502	-5.338078	182.9182	4444170	1.017773e+07	68.3274	95.72954	293.9502	2893.95	682.5623	295.3737	791.8149	-5.338078	182.9182	295.3737	791.8149
61.18	387.1886		2239.701	1661.922	607.1174	90896.24	598517.5	432.0284	-409.9644	3346.263	6083.918	393.9502	-5.338078	-17.08185	3964198	1.064623e+07	68.3274	295.7295	93.95018	7894.95	1382.562	195.3737	291.8149	-5.338078	-17.08185	195.3737	291.8149
61.47	1287.189		939.7012	2961.922	2707.117	92201.24	697542.5	232.0284	-309.9644	4646.263	6483.918	1093.95	-5.338078	-17.08185	5799738	1.782342e+07	168.3274	895.7296	593.9502	31313.95	1682.562	195.3737	291.8149	-5.338078	-17.08185	195.3737	291.8149
61.75	1687.189		2739.701	3761.922	4607.118	95615.24	698981.5	-67.97156	190.0356	3946.263	11185.92	1293.95	-5.338078	282.9182	1.056247e+07	2.870924e+07	268.3274	495.7295	693.9502	43731.95	1882.562	195.3737	591.8149	-5.338078	282.9182	195.3737	591.8149
62.04	2287.189		239.7012	9963.922	5308.118	90194.24	705666.5	32.02844	290.0356	4746.263	15587.92	1393.95	94.66192	282.9182	1.602562e+07	4.730922e+07	-31.6726	895.7296	693.9502	62671.95	1682.562	295.3737	1091.815	94.66192	282.9182	295.3737	1091.815
62.33	3987.189		1039.701	16467.92	7008.118	90997.24	653882.5	132.0284	1890.036	4846.263	16988.92	1493.95	-5.338078	382.9182	2.288773e+07	5.880384e+07	268.3274	1495.729	593.9502	72999.95	1882.562	95.37366	1191.815	-5.338078	382.9182	95.37366	1191.815
62.61	2787.189		3340.701	15867.92	7508.118	77448.24	573539.5	132.0284	1090.036	3646.263	19590.92	1393.95	-5.338078	782.9182	2.5642e+07	7.02201e+07	368.3274	2095.729	493.9502	64777.95	2782.562	295.3737	1291.815	-5.338078	782.9182	295.3737	1291.815
62.89	2187.189		4040.701	17568.92	5608.118	75140.24	562696.5	532.0284	990.0356	4146.263	16788.92	793.9502	-5.338078	282.9182	2.365417e+07	6.530029e+07	268.3274	695.7296	893.9502	49742.95	1682.562	495.3737	1391.815	-5.338078	282.9182	495.3737	1391.815
63.18	2687.189		3740.701	12565.92	4207.118	79154.24	602511.5	332.0284	590.0356	4246.263	14586.92	1393.95	-5.338078	282.9182	1.73573e+07	4.871532e+07	68.3274	1295.729	1093.95	38923.95	1882.562	195.3737	891.8149	-5.338078	282.9182	195.3737	891.8149
63.46	1787.189		2639.701	11964.92	4807.118	85777.24	634285.5	32.02844	490.0356	4246.263	13586.92	1593.95	-5.338078	82.91815	1.778241e+07	4.986357e+07	268.3274	395.7295	1193.95	27508.95	2882.562	95.37366	791.8149	-5.338078	82.91815	95.37366	791.8149
63.75	2487.189		2139.701	8363.922	6408.118	84272.24	642389.5	332.0284	1390.036	5347.263	16588.92	1893.95	194.6619	182.9182	3.257974e+07	9.349675e+07	768.3274	1395.729	793.9502	33015.95	7183.562	95.37366	1091.815	194.6619	182.9182	95.37366	1091.815
64.04	2187.189		2439.701	16767.92	5608.118	78853.24	618906.5	1632.028	790.0356	8247.264	24494.92	1293.95	-5.338078	582.9182	5.315992e+07	1.414061e+08	868.3274	1495.729	393.9502	36019.95	7983.562	195.3737	2091.815	-5.338078	582.9182	195.3737	2091.815
64.32	2587.189		3140.701	31783.92	6908.118	71629.24	581112.5	532.0284	1990.036	13250.26	29399.92	693.9502	-5.338078	2082.918	7.969561e+07	2.263006e+08	1468.327	1295.729	693.9502	55154.95	10584.56	95.37366	3191.815	-5.338078	2082.918	95.37366	3191.815
64.61	2087.189		2339.701	60236.92	7208.118	58593.25	445357.5	932.0284	2290.036	19954.26	40114.92	693.9502	-5.338078	1382.918	9.10193e+07	2.383194e+08	2868.327	1495.729	693.9502	70091.95	12485.56	295.3737	3591.815	-5.338078	1382.918	295.3737	3591.815
64.89	2387.189	3820142	2339.701	83303.92	4207.118	45362.25	348734.5	2532.028	3290.036	22756.26	49431.92	993.9502	-5.338078	2582.918	1.027999e+08	2.423258e+08	3168.327	1495.729	793.9502	100696	10584.56	395.3737	4891.815	-5.338078	2582.918	395.3737	4891.815
65.18	1887.189	3139760	2639.701	109706.9	4307.118	30336.25	323091.5	2932.028	1990.036	28362.26	48229.92	893.9502	-5.338078	2482.918	1.122903e+08	2.924078e+08	3768.327	1095.729	193.9502	114656	11685.56	195.3737	5192.815	-5.338078	2482.918	195.3737	5192.815
65.47	1487.189	2598503	439.7012	115130.9	2007.117	23327.25	224614.5	1632.028	2690.036	27161.26	54842.92	193.9502	-5.338078	1782.918	1.149253e+08	2.924078e+08	4568.328	3195.729	593.9502	119881	12485.56	-4.626335	6092.815	-5.338078	1782.918	-4.626335	6092.815
65.75	887.1886	1983690	1539.701	120054.9	2407.117	16820.25	192445.5	1732.028	1890.036	31266.26	58150.92	593.9502	-5.338078	2982.918	1.162654e+08	3.485056e+08	4068.327	2795.729	-6.049822	153061	12185.56	-4.626335	5292.815	-5.338078	2982.918	-4.626335	5292.815
66.04	987.1886	1982285	2339.701	137745.9	1507.117	16920.25	179850.5	2732.028	3791.036	34370.26	61758.92	393.9502	-5.338078	2482.918	1.247107e+08	3.605274e+08	4968.328	3095.729	293.9502	173192	12085.56	-4.626335	7892.815	-5.338078	2482.918	-4.626335	7892.815
66.32	1387.189	1515254	3140.701	153437.9	2307.117	11816.25	155888.5	2532.028	2490.036	42682.26	77101.92	593.9502	-5.338078	3182.918	1.286996e+08	3.585237e+08	5869.328	3595.729	-6.049822	166446	10684.56	195.3737	7092.815	-5.338078	3182.918	195.3737	7092.815
66.61	1787.189	1151103	1939.701	143980.9	1207.117	10415.25	129034.5	1732.028	2590.036	38476.26	73189.92	393.9502	-5.338078	2582.918	1.194574e+08	3.104385e+08	3968.327	3495.729	193.9502	166950	10284.56	95.37366	5592.815	-5.338078	2582.918	95.37366	5592.815
66.9	4087.189	921001.6	2940.701	145791.9	5208.118	9214.246	94277.52	1832.028	3791.036	35071.26	70983.92	193.9502	-5.338078	2582.918	1.249151e+08	3.525128e+08	4168.328	3895.729	193.9502	150445	11985.56	-4.626335	6092.815	-5.338078	2582.918	-4.626335	6092.815
67.18	4987.188	833488.6	2839.701	136136.9	9109.117	6813.246	91767.52	3532.028	3691.036	32868.26	70080.92	393.9502	-5.338078	1882.918	1.219955e+08	3.545164e+08	3768.327	3295.729	-6.049822	126212	12585.56	-4.626335	3291.815	-5.338078	1882.918	-4.626335	3291.815
67.47	5188.188	716104.6	2940.701	108300.9	16513.12	5713.246	79023.52	3232.028	3491.036	28562.26	64766.92	293.9502	-5.338078	1482.918	1.256746e+08	3.745531e+08	2468.327	2995.729	93.95018	95676.95	8784.562	-4.626335	3391.815	-5.338078	1482.918	-4.626335	3391.815
67.75	9689.188	742051.6	3540.701	95547.92	18914.12	3512.246	60770.53	1732.028	3390.036	24358.26	56546.92	293.9502	-5.338078	882.9182	1.263905e+08	2.884011e+08	2968.327	3695.729	293.9502	72398.95	11685.56	-4.626335	2291.815	-5.338078	882.9182	-4.626335	2291.815
68.04	12990.19	478979.6	2239.701	74675.92	33329.12	1611.246	62074.53	2532.028	2790.036	19153.26	56145.92	793.9502	-5.338078	1082.918	1.302057e+08	3.90583e+08	2368.327	3295.729	-6.049822	54352.95	11985.56	-4.626335	1791.815	-5.338078	1082.918	-4.626335	1791.815
68.33	20996.19	351760.6	2239.701	58532.92	44447.12	2111.246	40628.53	2632.028	3190.036	13450.26	50533.92	493.9502	94.66192	782.9182	1.354309e+08	3.725494e+08	1868.327	2695.729	93.95018	44833.95	13686.56	-4.626335	1891.815	94.66192	782.9182	-4.626335	1891.815
68.61	26001.19	337461.6	2339.701	44903.92	66395.12	3112.246	37423.53	1732.028	3991.036	12149.26	45123.92	493.9502	-5.338078	682.9182	1.27691e+08	3.885793e+08	1368.327	2195.729	-6.049822	37121.95	12885.56	-4.626335	1291.815	-5.338078	682.9182	-4.626335	1291.815
68.9	30005.19	293299.6	2439.701	45404.92	63087.12	-388.7544	26408.53	1932.028	1990.036	11749.26	44922.92	193.9502	-5.338078	682.9182	1.329857e+08	3.605274e+08	1168.327	2395.729	93.95018	37521.95	9184.562	-4.626335	1791.815	-5.338078	682.9182	-4.626335	1791.815
69.18	29304.19	179502.6	1339.701	41096.92	64190.12	-488.7544	32916.53	2832.028	2690.036	13350.26	40915.92	593.9502	-5.338078	882.9182	1.275887e+08	3.384877e+08	1168.327	2395.729	93.95018	39124.95	14786.56	-4.626335	791.8149	-5.338078	882.9182	-4.626335	791.8149
69.47	28103.19	176278.6	5340.701	50614.92	60581.12	611.2456	22003.53	1632.028	2590.036	14450.26	43620.92	93.95018	-5.338078	1182.918	1.362512e+08	3.745531e+08	968.3274	1895.729	-6.049822	48340.95	12985.56	-4.626335	1191.815	-5.338078	1182.918	-4.626335	1191.815
69.76	21797.19	162280.6	4040.701	51516.92	53865.12	511.2456	26608.53	2732.028	2690.036	16852.26	42819.92	393.9502	-5.338078	1082.918	1.344643e+08	3.845718e+08	1368.327	1195.729	-6.049822	46636.95	13386.56	-4.626335	2791.815	-5.338078	1082.918	-4.626335	2791.815
70.04	15692.19	127470.6	1539.701	55625.92	39038.12	511.2456	31614.53	2132.028	2290.036	23057.26	39613.92	93.95018	-5.338078	1182.918	1.337322e+08	3.2847e+08	1368.327	1495.729	93.95018	61669.95	13486.56	-4.626335	1791.815	-5.338078	1182.918	-4.626335	1791.815
70.33	13190.19	81367.64	2139.701	56227.92	30426.12	-88.75439	33417.53	3432.028	3591.036	24458.26	44722.92	193.9502	-5.338078	2482.918	1.334102e+08	3.204559e+08	2068.327	895.7296	193.9502	87947.95	10884.56	95.37366	2991.815	-5.338078	2482.918	95.37366	2991.815
70.62	11290.19	123650.6	4240.701	59334.92	23018.12	-88.75439	29912.53	3232.028	3591.036	27661.26	48429.92	1293.95	-5.338078	1682.918	1.383175e+08	3.424948e+08	2968.327	995.7296	93.95018	136868	10484.56	-4.626335	3491.815	-5.338078	1682.918	-4.626335	3491.815
70.9	6588.188	128375.6	3740.701	54022.92	19114.12	1811.246	39626.53	2132.028	2790.036	32367.26	53038.92	1493.95	-5.338078	2282.918	1.381562e+08	3.404912e+08	2068.327	995.7296	-6.049822	197168	11285.56	-4.626335	4691.815	-5.338078	2282.918	-4.626335	4691.815
71.19	7788.188	96826.64	2639.701	52919.92	13311.12	311.2456	45036.53	2732.028	3491.036	34069.26	49331.92	1993.95	-5.338078	2782.918	1.350354e+08	3.304735e+08	4568.328	2795.729	-6.049822	197370	10884.56	-4.626335	4591.815	-5.338078	2782.918	-4.626335	4591.815
71.47	6688.188	68926.64	4240.701	49712.92	12310.12	911.2456	46839.53	2432.028	3390.036	39077.26	53439.92	2393.95	-5.338078	2582.918	1.313467e+08	3.12442e+08	3868.327	1795.729	93.95018	217637	9984.562	-4.626335	5592.815	-5.338078	2582.918	-4.626335	5592.815
71.76	7488.188	64614.64	2539.701	48510.92	7908.118	-188.7544	50146.53	2032.028	2990.036	39477.26	58951.92	1193.95	-5.338078	3682.918	1.360314e+08	3.384877e+08	3468.327	2295.729	193.9502	195354	9784.562	-4.626335	5192.815	-5.338078	3682.918	-4.626335	5192.815
72.05	7288.188	57394.64	4840.701	57028.92	6508.118	1011.246	48342.53	2432.028	3190.036	45988.26	58651.92	1193.95	-5.338078	3182.918	1.370571e+08	3.745531e+08	3568.327	2295.729	-6.049822	161413	9584.562	-4.626335	4591.815	-5.338078	3182.918	-4.626335	4591.815
72.33	9389.188	58998.64	2639.701	62642.92	4907.118	-1589.754	46639.53	1932.028	2790.036	47591.26	56145.92	493.9502	-5.338078	5683.918	1.324295e+08	3.2847e+08	3168.327	2395.729	-6.049822	162420	10484.56	-4.626335	5392.815	-5.338078	5683.918	-4.626335	5392.815
72.62	13190.19	46168.64	2339.701	72168.92	5508.118	711.2456	40127.53	1732.028	4291.036	40980.26	49631.92	1293.95	-5.338078	3382.918	1.004059e+08	2.44329e+08	2268.327	1995.729	93.95018	118374	5183.562	-4.626335	3391.815	-5.338078	3382.918	-4.626335	3391.815
72.9	7888.188	44765.64	1639.701	47408.92	4107.118	11.24561	29111.53	1832.028	1990.036	24458.26	31602.92	193.9502	-5.338078	2482.918	6.955795e+07	1.722194e+08	2168.327	1195.729	93.95018	77714.95	4282.562	-4.626335	2491.815	-5.338078	2482.918	-4.626335	2491.815
73.19	4887.188	33745.64	439.7012	37090.92	4107.118	711.2456	23405.53	1132.028	1090.036	18753.26	25695.92	293.9502	194.6619	1382.918	5.363229e+07	1.361685e+08	968.3274	495.7295	193.9502	58762.95	3382.562	95.37366	2291.815	194.6619	1382.918	95.37366	2291.815
73.48	3387.189	52182.64	439.7012	22172.92	2807.117	-488.7544	16799.53	832.0284	1490.036	15651.26	20891.92	193.9502	-5.338078	982.9182	4.172759e+07	1.241521e+08	768.3274	795.7296	193.9502	44733.95	2882.562	-4.626335	1591.815	-5.338078	982.9182	-4.626335	1591.815
73.76	3287.189	30941.64	-60.29883	17168.92	2307.117	311.2456	10895.53	532.0284	790.0356	9648.264	14486.92	93.95018	94.66192	982.9182	3.270782e+07	8.56727e+07	368.3274	695.7296	-6.049822	39825.95	2482.562	95.37366	1291.815	94.66192	982.9182	95.37366	1291.815
74.05	2687.189	48172.64	839.7012	15166.92	1707.117	-288.7544	9595.526	532.0284	390.0356	10748.26	11084.92	193.9502	-5.338078	782.9182	2.723306e+07	7.059549e+07	768.3274	495.7295	-6.049822	26507.95	2082.562	-4.626335	991.8149	-5.338078	782.9182	-4.626335	991.8149
74.33	1587.189	12020.64	239.7012	14166.92	1507.117	-1089.754	6293.527	132.0284	-809.9644	7047.263	8483.918	-6.049822	-5.338078	282.9182	2.134118e+07	5.853041e+07	468.3274	295.7295	-6.049822	20101.95	1182.562	-4.626335	691.8149	-5.338078	282.9182	-4.626335	691.8149
74.62	1487.189	13121.64	839.7012	8963.922	1107.117	-488.7544	9194.526	-67.97156	890.0356	6347.263	7483.918	393.9502	-5.338078	682.9182	1.830678e+07	5.655948e+07	468.3274	95.72954	-6.049822	19501.95	982.5623	95.37366	891.8149	-5.338078	682.9182	95.37366	891.8149
74.9	1487.189	11319.64	539.7012	7062.922	907.1174	-689.7544	3693.527	432.0284	-309.9644	5347.263	5383.918	293.9502	-5.338078	582.9182	1.356191e+07	4.034431e+07	368.3274	495.7295	93.95018	15998.95	682.5623	-4.626335	591.8149	-5.338078	582.9182	-4.626335	591.8149
75.19	987.1886	21428.64	-1461.299	5162.922	1807.117	-1089.754	5193.527	332.0284	-209.9644	5247.263	4582.918	-6.049822	-5.338078	282.9182	1.16516e+07	2.99367e+07	268.3274	95.72954	-6.049822	12196.95	1082.562	-4.626335	591.8149	-5.338078	282.9182	-4.626335	591.8149
75.47	887.1886	9618.641	-360.2988	5562.922	807.1174	-188.7544	3893.527	-267.9716	590.0356	2446.263	3182.918	-6.049822	-5.338078	182.9182	9402994	2.524325e+07	-31.6726	195.7295	-6.049822	7994.95	282.5623	-4.626335	391.8149	-5.338078	182.9182	-4.626335	391.8149
75.76	587.1886	17524.64	-360.2988	4762.922	307.1174	-2089.754	2992.527	-67.97156	90.03564	2946.263	2782.918	-6.049822	94.66192	282.9182	7537320	1.992958e+07	168.3274	95.72954	-6.049822	7794.95	582.5623	-4.626335	191.8149	94.66192	282.9182	-4.626335	191.8149
76.05	387.1886	6516.641	539.7012	3661.922	507.1174	-1589.754	3893.527	232.0284	290.0356	1346.263	2382.918	93.95018	-5.338078	82.91815	5898600	1.728284e+07	268.3274	95.72954	-6.049822	8294.95	782.5623	-4.626335	91.81495	-5.338078	82.91815	-4.626335	91.81495
76.33	587.1886	2615.641	-761.2988	2661.922	607.1174	-2289.754	1792.527	632.0284	190.0356	1346.263	2982.918	-6.049822	-5.338078	82.91815	4415934	1.387061e+07	68.3274	195.7295	193.9502	4293.95	482.5623	-4.626335	91.81495	-5.338078	82.91815	-4.626335	91.81495
76.62	387.1886	3515.641	-1161.299	3961.922	107.1174	-1389.754	3193.527	132.0284	-9.964355	1546.263	2382.918	193.9502	-5.338078	382.9182	4811252	1.149820e+07	168.3274	-4.270463	-6.049822	3193.95	-17.43772	-4.626335	191.8149	-5.338078	382.9182	-4.626335	191.8149
76.91	587.1886	5816.641	-1461.299	1961.922	107.1174	-488.7544	1592.527	-367.9716	590.0356	646.2634	982.9182	-6.049822	-5.338078	-17.08185	3554862	9496389	-31.6726	295.7295	-6.049822	5094.95	82.56228	-4.626335	191.8149	-5.338078	-17.08185	-4.626335	191.8149
77.19	87.18861	614.6406	539.7012	961.9218	107.1174	-1989.754	1492.527	432.0284	-109.9644	546.2634	982.9182	-6.049822	-5.338078	-17.08185	2962114	7240378	-31.6726	95.72954	-6.049822	2893.95	282.5623	-4.626335	91.81495	-5.338078	-17.08185	-4.626335	91.81495
77.48	87.18861	314.6406	-861.2988	961.9218	707.1174	-2089.754	-7.473267	32.02844	-709.9644	1346.263	982.9182	-6.049822	-5.338078	-17.08185	2270700	7736862	-31.6726	-4.270463	-6.049822	2393.95	-17.43772	-4.626335	191.8149	-5.338078	-17.08185	-4.626335	191.8149
77.76	387.1886	4715.641	-1361.299	961.9218	107.1174	-689.7544	792.5267	32.02844	90.03564	646.2634	882.9182	-6.049822	-5.338078	-17.08185	2538784	6857426	68.3274	95.72954	-6.049822	3293.95	282.5623	-4.626335	-8.185054	-5.338078	-17.08185	-4.626335	-8.185054
78.05	-12.81139	1214.641	439.7012	961.9218	7.117439	-1689.754	1292.527	-467.9716	-9.964355	146.2633	782.9182	-6.049822	-5.338078	82.91815	2552894	4744834	68.3274	95.72954	-6.049822	1193.95	82.56228	-4.626335	-8.185054	-5.338078	82.91815	-4.626335	-8.185054
78.34	-12.81139	1614.641	-1561.299	261.9218	7.117439	-1289.754	-207.4733	-267.9716	-209.9644	446.2633	982.9182	-6.049822	-5.338078	182.9182	874177.4	3228514	-31.6726	-4.270463	-6.049822	1793.95	282.5623	-4.626335	-8.185054	-5.338078	182.9182	-4.626335	-8.185054
78.63	287.1886	5516.641	-1161.299	2061.922	7.117439	-989.7544	92.52673	232.0284	290.0356	246.2633	382.9182	-6.049822	-5.338078	-17.08185	1537104	3894481	68.3274	-4.270463	-6.049822	993.9502	82.56228	-4.626335	91.81495	-5.338078	-17.08185	-4.626335	91.81495
78.92	87.18861	19326.64	-1461.299	-38.07825	207.1174	-1389.754	692.5267	-267.9716	90.03564	46.26334	482.9182	-6.049822	-5.338078	-17.08185	955595.4	2548507	68.3274	-4.270463	-6.049822	393.9502	-17.43772	-4.626335	-8.185054	-5.338078	-17.08185	-4.626335	-8.185054
79.2	-12.81139	114.6406	239.7012	761.9218	-92.88256	-88.75439	-807.4733	32.02844	-309.9644	446.2633	382.9182	-6.049822	-5.338078	-17.08185	673627.4	2576838	68.3274	95.72954	-6.049822	593.9502	-17.43772	-4.626335	91.81495	-5.338078	-17.08185	-4.626335	91.81495
79.49	-12.81139	914.6406	-660.2988	61.92175	7.117439	-989.7544	292.5267	132.0284	190.0356	246.2633	282.9182	-6.049822	-5.338078	-17.08185	926116.4	1967771	-31.6726	-4.270463	-6.049822	1093.95	182.5623	-4.626335	91.81495	-5.338078	-17.08185	-4.626335	91.81495
79.78	-12.81139	-385.3594	-1261.299	661.9218	-92.88256	-1889.754	592.5267	432.0284	-309.9644	446.2633	482.9182	-6.049822	-5.338078	-17.08185	507506.4	2534342	68.3274	-4.270463	-6.049822	293.9502	282.5623	-4.626335	-8.185054	-5.338078	-17.08185	-4.626335	-8.185054
80.07	-12.81139	414.6406	-1661.299	461.9218	-92.88256	-2389.754	292.5267	132.0284	-109.9644	246.2633	82.91815	-6.049822	-5.338078	-17.08185	465200.4	849060.8	-31.6726	-4.270463	-6.049822	293.9502	82.56228	95.37366	-8.185054	-5.338078	-17.08185	95.37366	-8.185054
80.35	-12.81139	1314.641	-660.2988	-38.07825	-92.88256	-2189.754	-607.4733	-367.9716	-9.964355	46.26334	382.9182	-6.049822	-5.338078	-17.08185	606221.4	1769493	-31.6726	-4.270463	-6.049822	493.9502	82.56228	-4.626335	191.8149	-5.338078	-17.08185	-4.626335	191.8149
80.64	-12.81139	2114.641	-1761.299	-138.0782	7.117439	-1289.754	-407.4733	-167.9716	-209.9644	246.2633	-17.08185	-6.049822	-5.338078	-17.08185	397913.4	891536.8	-31.6726	-4.270463	-6.049822	-6.049822	-17.43772	-4.626335	-8.185054	-5.338078	-17.08185	-4.626335	-8.185054
80.93	-12.81139	3515.641	1139.701	-138.0782	7.117439	-1589.754	592.5267	-267.9716	190.0356	346.2633	282.9182	-6.049822	-5.338078	-17.08185	381053.4	1472097	-31.6726	-4.270463	-6.049822	493.9502	-17.43772	-4.626335	-8.185054	-5.338078	-17.08185	-4.626335	-8.185054
81.21	87.18861	3015.641	-60.29883	161.9218	-92.88256	-1889.754	492.5267	432.0284	-109.9644	46.26334	382.9182	-6.049822	-5.338078	-17.08185	279524.4	990649.8	68.3274	-4.270463	-6.049822	293.9502	82.56228	-4.626335	-8.185054	-5.338078	-17.08185	-4.626335	-8.185054
81.5	87.18861	3315.641	-60.29883	-438.0782	7.117439	-2189.754	492.5267	-267.9716	-109.9644	146.2633	282.9182	-6.049822	-5.338078	-17.08185	243854.4	707476.8	-31.6726	-4.270463	-6.049822	193.9502	-17.43772	-4.626335	91.81495	-5.338078	-17.08185	-4.626335	91.81495
81.79	87.18861	214.6406	-961.2988	-38.07825	7.117439	-789.7544	-407.4733	-267.9716	690.0356	246.2633	82.91815	-6.049822	-5.338078	-17.08185	151025.4	622529.8	-31.6726	-4.270463	-6.049822	293.9502	82.56228	-4.626335	-8.185054	-5.338078	-17.08185	-4.626335	-8.185054
82.08	-12.81139	-1185.359	-1061.299	61.92175	7.117439	-1189.754	-107.4733	-67.97156	-209.9644	-53.73666	82.91815	-6.049822	-5.338078	82.91815	197275.4	228284.8	-31.6726	-4.270463	-6.049822	393.9502	-17.43772	-4.626335	-8.185054	-5.338078	82.91815	-4.626335	-8.185054
82.37	-12.81139	1714.641	-60.29883	-38.07825	-92.88256	-1689.754	-7.473267	-267.9716	90.03564	-53.73666	-17.08185	-6.049822	-5.338078	-17.08185	184347.4	778268.8	-31.6726	-4.270463	-6.049822	693.9502	-17.43772	-4.626335	-8.185054	-5.338078	-17.08185	-4.626335	-8.185054
82.66	-12.81139	914.6406	639.7012	461.9218	-92.88256	-1989.754	-407.4733	332.0284	-509.9644	-53.73666	82.91815	-6.049822	-5.338078	-17.08185	28069.39	537583.8	-31.6726	-4.270463	-6.049822	493.9502	-17.43772	-4.626335	-8.185054	-5.338078	-17.08185	-4.626335	-8.185054
82.95	-12.81139	1514.641	-1061.299	61.92175	207.1174	-1489.754	-307.4733	332.0284	-9.964355	46.26334	82.91815	-6.049822	-5.338078	-17.08185	81903.4	509269.8	-31.6726	-4.270463	-6.049822	-6.049822	-17.43772	-4.626335	-8.185054	-5.338078	-17.08185	-4.626335	-8.185054
83.24	-12.81139	-485.3594	39.70117	61.92175	-92.88256	-1789.754	-7.473267	-267.9716	-9.964355	46.26334	82.91815	-6.049822	-5.338078	-17.08185	67360.4	296916.8	-31.6726	-4.270463	-6.049822	393.9502	-17.43772	-4.626335	-8.185054	-5.338078	-17.08185	-4.626335	-8.185054
83.52	-12.81139	514.6406	-761.2988	61.92175	7.117439	-2789.754	192.5267	32.02844	-109.9644	-53.73666	182.9182	93.95018	-5.338078	-17.08185	62648.39	183315.8	-31.6726	-4.270463	-6.049822	93.95018	-17.43772	-4.626335	-8.185054	-5.338078	-17.08185	-4.626335	-8.185054
83.81	-12.81139	2214.641	-761.2988	-438.0782	-92.88256	-889.7544	592.5267	232.0284	1390.036	-53.73666	-17.08185	-6.049822	-5.338078	-17.08185	47615.39	169510.8	-31.6726	-4.270463	-6.049822	93.95018	-17.43772	-4.626335	-8.185054	-5.338078	-17.08185	-4.626335	-8.185054
84.11	-12.81139	614.6406	-1161.299	161.9218	7.117439	-1689.754	392.5267	32.02844	-509.9644	46.26334	82.91815	-6.049822	-5.338078	-17.08185	70970.4	424326.8	-31.6726	-4.270463	-6.049822	193.9502	-17.43772	-4.626335	91.81495	-5.338078	-17.08185	-4.626335	91.81495
84.39	-12.81139	214.6406	-1261.299	-238.0782	7.117439	-3289.754	-307.4733	-167.9716	-109.9644	46.26334	82.91815	-6.049822	-5.338078	-17.08185	73377.4	127043.8	-31.6726	-4.270463	-6.049822	193.9502	-17.43772	-4.626335	-8.185054	-5.338078	-17.08185	-4.626335	-8.185054
84.69	-12.81139	-185.3594	-560.2988	-138.0782	7.117439	-1389.754	492.5267	-67.97156	-209.9644	-53.73666	-17.08185	93.95018	-5.338078	-17.08185	57235.39	84576.77	-31.6726	-4.270463	-6.049822	-6.049822	-17.43772	-4.626335	-8.185054	-5.338078	-17.08185	-4.626335	-8.185054
84.97	-12.81139	-485.3594	-761.2988	161.9218	7.117439	311.2456	692.5267	-367.9716	-409.9644	-53.73666	-17.08185	-6.049822	-5.338078	-17.08185	67861.4	92314.77	-31.6726	-4.270463	-6.049822	-6.049822	82.56228	-4.626335	-8.185054	-5.338078	-17.08185	-4.626335	-8.185054
85.26	-12.81139	514.6406	-961.2988	-238.0782	7.117439	-1289.754	-107.4733	-67.97156	890.0356	-53.73666	82.91815	-6.049822	-5.338078	-17.08185	47314.39	193492.8	-31.6726	-4.270463	-6.049822	-6.049822	-17.43772	-4.626335	-8.185054	-5.338078	-17.08185	-4.626335	-8.185054
85.55	-12.81139	2515.641	-1161.299	561.9218	-92.88256	-1089.754	92.52673	232.0284	-209.9644	46.26334	-17.08185	-6.049822	-5.338078	-17.08185	93243.4	31363.77	-31.6726	-4.270463	-6.049822	-6.049822	-17.43772	-4.626335	-8.185054	-5.338078	-17.08185	-4.626335	-8.185054
85.83	-12.81139	1514.641	-1761.299	-238.0782	-92.88256	-1189.754	992.5267	132.0284	490.0356	46.26334	-17.08185	-6.049822	-5.338078	-17.08185	44509.39	49192.77	-31.6726	-4.270463	-6.049822	-6.049822	-17.43772	-4.626335	-8.185054	-5.338078	-17.08185	-4.626335	-8.185054
86.13	87.18861	614.6406	-961.2988	-338.0782	-92.88256	-1689.754	-7.473267	-467.9716	-209.9644	-53.73666	-17.08185	-6.049822	94.66192	-17.08185	27985.39	112887.8	-31.6726	-4.270463	-6.049822	293.9502	-17.43772	-4.626335	-8.185054	94.66192	-17.08185	-4.626335	-8.185054
86.41	-12.81139	914.6406	-761.2988	-38.07825	-92.88256	-1589.754	-207.4733	332.0284	-109.9644	146.2633	-17.08185	-6.049822	-5.338078	-17.08185	59139.39	55706.77	-31.6726	-4.270463	-6.049822	-6.049822	-17.43772	-4.626335	-8.185054	-5.338078	-17.08185	-4.626335	-8.185054
86.7	-12.81139	-285.3594	-560.2988	161.9218	-92.88256	-1889.754	-807.4733	-67.97156	390.0356	146.2633	82.91815	-6.049822	-5.338078	-17.08185	5470.395	119228.8	68.3274	-4.270463	-6.049822	-6.049822	-17.43772	-4.626335	-8.185054	-5.338078	-17.08185	-4.626335	-8.185054
86.98	-12.81139	14.64062	139.7012	-138.0782	7.117439	-989.7544	-607.4733	-167.9716	290.0356	46.26334	-17.08185	-6.049822	-5.338078	-17.08185	6370.395	257769.8	68.3274	-4.270463	-6.049822	293.9502	-17.43772	-4.626335	-8.185054	-5.338078	-17.08185	-4.626335	-8.185054
87.27	-12.81139	1214.641	-1261.299	61.92175	-92.88256	-388.7544	-7.473267	-167.9716	-409.9644	146.2633	-17.08185	-6.049822	-5.338078	-17.08185	53927.39	9445.772	68.3274	-4.270463	-6.049822	-6.049822	-17.43772	-4.626335	-8.185054	-5.338078	-17.08185	-4.626335	-8.185054
87.55	-12.81139	-585.3594	-1661.299	161.9218	107.1174	-1889.754	492.5267	-67.97156	-209.9644	46.26334	182.9182	-6.049822	-5.338078	-17.08185	71271.4	127043.8	-31.6726	-4.270463	-6.049822	-6.049822	-17.43772	-4.626335	91.81495	-5.338078	-17.08185	-4.626335	91.81495
87.84	-12.81139	114.6406	-1061.299	161.9218	-92.88256	211.2456	-1007.473	-267.9716	-809.9644	-53.73666	82.91815	-6.049822	-5.338078	-17.08185	31489.39	443.7722	-31.6726	-4.270463	-6.049822	93.95018	-17.43772	-4.626335	-8.185054	-5.338078	-17.08185	-4.626335	-8.185054
88.13	-12.81139	-285.3594	-2061.299	-438.0782	7.117439	-1689.754	-1107.473	232.0284	-9.964355	-53.73666	-17.08185	-6.049822	-5.338078	-17.08185	-130.605	113602.8	68.3274	95.72954	-6.049822	-6.049822	-17.43772	-4.626335	-8.185054	-5.338078	-17.08185	-4.626335	-8.185054
88.41	-12.81139	-385.3594	-1361.299	261.9218	107.1174	-188.7544	-1007.473	232.0284	390.0356	146.2633	82.91815	-6.049822	-5.338078	-17.08185	36095.39	-356.2278	-31.6726	-4.270463	-6.049822	93.95018	-17.43772	-4.626335	-8.185054	-5.338078	-17.08185	-4.626335	-8.185054
88.7	-12.81139	814.6406	-1061.299	61.92175	307.1174	-1289.754	-107.4733	-67.97156	590.0356	246.2633	-17.08185	-6.049822	-5.338078	-17.08185	69.39502	84286.77	-31.6726	-4.270463	-6.049822	93.95018	-17.43772	-4.626335	-8.185054	-5.338078	-17.08185	-4.626335	-8.185054
89	-12.81139	214.6406	-1061.299	-138.0782	-92.88256	-689.7544	92.52673	532.0284	690.0356	46.26334	182.9182	-6.049822	-5.338078	82.91815	-130.605	183666.8	-31.6726	-4.270463	-6.049822	-6.049822	-17.43772	-4.626335	-8.185054	-5.338078	82.91815	-4.626335	-8.185054
