ElapsedTime_s	Ti49_CPS	Al27_CPS	S33_CPS	Sc45_CPS	V51_CPS	Mn55_CPS	Fe57_CPS	Co59_CPS	Ni60_CPS	Ga71_CPS	Zr90_CPS	Nb93_CPS	Mo97_CPS	In113_CPS	Sn119_CPS	Sn118_CPS	Sb121_CPS	Hf177_CPS	Ta181_CPS	W183_CPS	Pb206_CPS	Th232_CPS	U238_CPS	Tc97_CPS	Cd113_CPS	U232_CPS	Pu238_CPS
0	-12.81139	214.6406	239.7012	-238.0782	-92.88256	-1089.754	-507.4733	532.0284	90.03564	46.26334	182.9182	-6.049822	-5.338078	-17.08185	32791.39	197822.8	-31.6726	-4.270463	-6.049822	-6.049822	82.56228	-4.626335	-8.185054	-5.338078	-17.08185	-4.626335	-8.185054
																											
9.19	87.18861	-885.3594	539.7012	-38.07825	-92.88256	-1489.754	-907.4733	32.02844	-209.9644	46.26334	-17.08185	-6.049822	-5.338078	-17.08185	369.395	-156.2278	268.3274	-4.270463	-6.049822	-6.049822	-17.43772	-4.626335	-8.185054	-5.338078	-17.08185	-4.626335	-8.185054
9.48	-12.81139	1114.641	-961.2988	-638.0782	7.117439	-1889.754	-7.473267	132.0284	490.0356	-53.73666	82.91815	-6.049822	-5.338078	-17.08185	1569.395	-256.2278	-31.6726	-4.270463	-6.049822	-6.049822	-17.43772	-4.626335	-8.185054	-5.338078	-17.08185	-4.626335	-8.185054
9.76	-12.81139	914.6406	-761.2988	261.9218	7.117439	-2089.754	-407.4733	432.0284	-409.9644	46.26334	-17.08185	-6.049822	-5.338078	82.91815	7270.395	-156.2278	68.3274	-4.270463	-6.049822	-6.049822	-17.43772	-4.626335	-8.185054	-5.338078	82.91815	-4.626335	-8.185054
10.05	-12.81139	414.6406	-560.2988	-338.0782	207.1174	-1489.754	-307.4733	-67.97156	-309.9644	46.26334	-17.08185	-6.049822	-5.338078	-17.08185	169.395	-256.2278	-31.6726	-4.270463	-6.049822	-6.049822	82.56228	-4.626335	-8.185054	-5.338078	-17.08185	-4.626335	-8.185054
10.33	-12.81139	114.6406	-560.2988	-38.07825	107.1174	-188.7544	-307.4733	-67.97156	-9.964355	146.2633	-17.08185	-6.049822	-5.338078	-17.08185	21578.39	143.7722	-31.6726	-4.270463	-6.049822	-6.049822	-17.43772	-4.626335	-8.185054	-5.338078	-17.08185	-4.626335	-8.185054
10.62	-12.81139	114.6406	-1061.299	-238.0782	-92.88256	-1689.754	-707.4733	-167.9716	790.0356	46.26334	-17.08185	-6.049822	-5.338078	-17.08185	2569.395	-156.2278	-31.6726	-4.270463	-6.049822	-6.049822	-17.43772	-4.626335	-8.185054	-5.338078	-17.08185	-4.626335	-8.185054
10.9	87.18861	-485.3594	-2161.299	161.9218	7.117439	-889.7544	-807.4733	-567.9716	-409.9644	146.2633	-17.08185	93.95018	-5.338078	-17.08185	-30.60498	53200.77	-31.6726	-4.270463	-6.049822	-6.049822	82.56228	-4.626335	-8.185054	-5.338078	-17.08185	-4.626335	-8.185054
11.19	-12.81139	-185.3594	-560.2988	661.9218	7.117439	-1689.754	-107.4733	332.0284	290.0356	-53.73666	-17.08185	-6.049822	-5.338078	-17.08185	-130.605	143.7722	-31.6726	-4.270463	-6.049822	-6.049822	-17.43772	-4.626335	-8.185054	-5.338078	-17.08185	-4.626335	-8.185054
11.47	-12.81139	1914.641	-1861.299	-438.0782	7.117439	-789.7544	92.52673	-267.9716	790.0356	-53.73666	-17.08185	-6.049822	-5.338078	-17.08185	-30.60498	-56.22775	-31.6726	-4.270463	93.95018	-6.049822	-17.43772	-4.626335	-8.185054	-5.338078	-17.08185	-4.626335	-8.185054
11.76	187.1886	514.6406	839.7012	-138.0782	207.1174	-88.75439	-307.4733	-67.97156	-609.9644	-53.73666	-17.08185	-6.049822	-5.338078	-17.08185	-30.60498	23655.77	-31.6726	-4.270463	-6.049822	-6.049822	-17.43772	-4.626335	-8.185054	-5.338078	-17.08185	-4.626335	-8.185054
12.04	-12.81139	814.6406	239.7012	261.9218	-92.88256	-288.7544	-207.4733	-167.9716	-209.9644	146.2633	-17.08185	-6.049822	94.66192	-17.08185	-130.605	-56.22775	-31.6726	-4.270463	-6.049822	-6.049822	-17.43772	-4.626335	-8.185054	94.66192	-17.08185	-4.626335	-8.185054
12.33	-12.81139	-1185.359	-260.2988	-38.07825	-92.88256	-1589.754	-807.4733	32.02844	-209.9644	46.26334	-17.08185	-6.049822	-5.338078	82.91815	1969.395	-56.22775	-31.6726	-4.270463	-6.049822	-6.049822	-17.43772	-4.626335	-8.185054	-5.338078	82.91815	-4.626335	-8.185054
12.61	-12.81139	1314.641	-1061.299	661.9218	7.117439	-789.7544	-707.4733	532.0284	-109.9644	-53.73666	-17.08185	-6.049822	-5.338078	-17.08185	-130.605	143.7722	-31.6726	-4.270463	-6.049822	-6.049822	-17.43772	-4.626335	-8.185054	-5.338078	-17.08185	-4.626335	-8.185054
12.9	-12.81139	14.64062	-1261.299	-438.0782	7.117439	-2089.754	192.5267	-167.9716	-209.9644	-53.73666	82.91815	-6.049822	-5.338078	-17.08185	-30.60498	-356.2278	68.3274	-4.270463	-6.049822	-6.049822	-17.43772	-4.626335	91.81495	-5.338078	-17.08185	-4.626335	91.81495
13.18	-12.81139	614.6406	-761.2988	-38.07825	-92.88256	-789.7544	-107.4733	-267.9716	-409.9644	-53.73666	-17.08185	-6.049822	-5.338078	-17.08185	-30.60498	22153.77	-31.6726	-4.270463	-6.049822	493.9502	-17.43772	-4.626335	-8.185054	-5.338078	-17.08185	-4.626335	-8.185054
13.47	87.18861	-485.3594	-1061.299	61.92175	7.117439	-388.7544	-7.473267	-167.9716	790.0356	46.26334	-17.08185	-6.049822	-5.338078	-17.08185	-30.60498	243.7722	-31.6726	95.72954	-6.049822	-6.049822	-17.43772	-4.626335	-8.185054	-5.338078	-17.08185	-4.626335	-8.185054
13.75	-12.81139	-185.3594	-1161.299	-338.0782	307.1174	-1589.754	292.5267	-67.97156	390.0356	-53.73666	-17.08185	-6.049822	-5.338078	-17.08185	-30.60498	343.7722	-31.6726	-4.270463	-6.049822	-6.049822	-17.43772	-4.626335	-8.185054	-5.338078	-17.08185	-4.626335	-8.185054
14.04	87.18861	1414.641	39.70117	-438.0782	-92.88256	-1989.754	192.5267	532.0284	190.0356	-53.73666	-17.08185	-6.049822	-5.338078	82.91815	69.39502	19551.77	-31.6726	-4.270463	-6.049822	-6.049822	-17.43772	-4.626335	-8.185054	-5.338078	82.91815	-4.626335	-8.185054
14.32	-12.81139	-485.3594	339.7012	461.9218	7.117439	-2189.754	-207.4733	232.0284	190.0356	46.26334	-17.08185	-6.049822	-5.338078	-17.08185	69.39502	-56.22775	-31.6726	-4.270463	-6.049822	93.95018	-17.43772	-4.626335	-8.185054	-5.338078	-17.08185	-4.626335	-8.185054
14.61	-12.81139	-285.3594	-460.2988	-338.0782	7.117439	-1589.754	-7.473267	32.02844	690.0356	146.2633	-17.08185	-6.049822	-5.338078	-17.08185	-30.60498	109785.8	-31.6726	-4.270463	-6.049822	-6.049822	82.56228	-4.626335	-8.185054	-5.338078	-17.08185	-4.626335	-8.185054
14.9	-12.81139	1214.641	-1861.299	-38.07825	-92.88256	211.2456	-307.4733	-367.9716	890.0356	46.26334	-17.08185	-6.049822	94.66192	-17.08185	52324.39	143.7722	-31.6726	-4.270463	-6.049822	-6.049822	-17.43772	-4.626335	-8.185054	94.66192	-17.08185	-4.626335	-8.185054
15.18	-12.81139	414.6406	-761.2988	161.9218	-92.88256	-1689.754	-507.4733	-267.9716	690.0356	146.2633	-17.08185	-6.049822	-5.338078	-17.08185	-130.605	143.7722	-31.6726	-4.270463	-6.049822	-6.049822	-17.43772	-4.626335	-8.185054	-5.338078	-17.08185	-4.626335	-8.185054
15.46	-12.81139	214.6406	-1561.299	361.9218	7.117439	-1489.754	-707.4733	732.0284	490.0356	-53.73666	-17.08185	-6.049822	-5.338078	-17.08185	-30.60498	33967.77	-31.6726	95.72954	-6.049822	-6.049822	-17.43772	-4.626335	-8.185054	-5.338078	-17.08185	-4.626335	-8.185054
15.75	87.18861	-1486.359	-1661.299	261.9218	-92.88256	-1289.754	592.5267	-367.9716	-209.9644	-53.73666	-17.08185	-6.049822	-5.338078	-17.08185	-30.60498	43.77225	-31.6726	-4.270463	-6.049822	-6.049822	-17.43772	-4.626335	91.81495	-5.338078	-17.08185	-4.626335	91.81495
16.04	-12.81139	314.6406	-1561.299	-538.0782	7.117439	-1089.754	-607.4733	232.0284	-9.964355	-53.73666	-17.08185	-6.049822	-5.338078	-17.08185	69.39502	-56.22775	-31.6726	-4.270463	-6.049822	-6.049822	-17.43772	-4.626335	-8.185054	-5.338078	-17.08185	-4.626335	-8.185054
16.32	-12.81139	1214.641	-2361.299	-138.0782	-92.88256	-1289.754	192.5267	332.0284	90.03564	46.26334	-17.08185	-6.049822	-5.338078	-17.08185	-130.605	-156.2278	68.3274	-4.270463	-6.049822	-6.049822	-17.43772	-4.626335	-8.185054	-5.338078	-17.08185	-4.626335	-8.185054
16.61	-12.81139	-585.3594	-460.2988	-438.0782	7.117439	-1989.754	92.52673	432.0284	-209.9644	46.26334	-17.08185	-6.049822	94.66192	-17.08185	69.39502	-56.22775	-31.6726	-4.270463	-6.049822	-6.049822	-17.43772	-4.626335	-8.185054	94.66192	-17.08185	-4.626335	-8.185054
16.89	-12.81139	1214.641	-1561.299	61.92175	7.117439	-2189.754	692.5267	-67.97156	-209.9644	46.26334	-17.08185	-6.049822	-5.338078	-17.08185	-130.605	-356.2278	-31.6726	-4.270463	-6.049822	-6.049822	82.56228	195.3737	-8.185054	-5.338078	-17.08185	195.3737	-8.185054
17.18	-12.81139	1114.641	-2561.299	161.9218	-92.88256	-2089.754	492.5267	-67.97156	390.0356	46.26334	-17.08185	-6.049822	-5.338078	-17.08185	-30.60498	43.77225	-31.6726	-4.270463	-6.049822	-6.049822	82.56228	-4.626335	-8.185054	-5.338078	-17.08185	-4.626335	-8.185054
17.46	-12.81139	-85.35938	-1761.299	361.9218	7.117439	-1389.754	92.52673	532.0284	-809.9644	-53.73666	-17.08185	-6.049822	94.66192	82.91815	-130.605	43.77225	68.3274	-4.270463	-6.049822	-6.049822	-17.43772	-4.626335	-8.185054	94.66192	82.91815	-4.626335	-8.185054
17.75	-12.81139	-1486.359	-1361.299	-238.0782	7.117439	-789.7544	-607.4733	-567.9716	290.0356	-53.73666	-17.08185	-6.049822	-5.338078	-17.08185	-30.60498	43.77225	-31.6726	-4.270463	-6.049822	-6.049822	-17.43772	-4.626335	-8.185054	-5.338078	-17.08185	-4.626335	-8.185054
18.03	-12.81139	314.6406	-260.2988	-138.0782	107.1174	-1489.754	-607.4733	332.0284	290.0356	-53.73666	82.91815	-6.049822	-5.338078	-17.08185	-30.60498	143.7722	-31.6726	-4.270463	-6.049822	-6.049822	-17.43772	195.3737	-8.185054	-5.338078	-17.08185	195.3737	-8.185054
18.32	-12.81139	614.6406	-761.2988	261.9218	-92.88256	-2789.754	392.5267	-267.9716	-209.9644	46.26334	-17.08185	-6.049822	-5.338078	-17.08185	-130.605	343.7722	-31.6726	-4.270463	-6.049822	-6.049822	-17.43772	-4.626335	-8.185054	-5.338078	-17.08185	-4.626335	-8.185054
18.6	87.18861	214.6406	-460.2988	161.9218	7.117439	-1689.754	-407.4733	-567.9716	-709.9644	46.26334	-17.08185	-6.049822	-5.338078	-17.08185	69.39502	3843.772	-31.6726	-4.270463	-6.049822	-6.049822	-17.43772	-4.626335	-8.185054	-5.338078	-17.08185	-4.626335	-8.185054
18.89	-12.81139	614.6406	-1361.299	-138.0782	7.117439	-1089.754	-307.4733	-167.9716	590.0356	-53.73666	-17.08185	-6.049822	-5.338078	82.91815	-130.605	15848.77	-31.6726	95.72954	-6.049822	-6.049822	-17.43772	95.37366	-8.185054	-5.338078	82.91815	95.37366	-8.185054
19.17	-12.81139	-485.3594	-1661.299	-138.0782	-92.88256	-388.7544	-407.4733	332.0284	290.0356	-53.73666	-17.08185	-6.049822	-5.338078	-17.08185	-30.60498	22553.77	-31.6726	-4.270463	-6.049822	-6.049822	-17.43772	-4.626335	-8.185054	-5.338078	-17.08185	-4.626335	-8.185054
19.46	-12.81139	14.64062	-1461.299	-238.0782	7.117439	-1189.754	-207.4733	32.02844	-309.9644	46.26334	-17.08185	-6.049822	-5.338078	-17.08185	69.39502	-156.2278	-31.6726	-4.270463	-6.049822	-6.049822	-17.43772	95.37366	-8.185054	-5.338078	-17.08185	95.37366	-8.185054
19.74	-12.81139	614.6406	-1561.299	561.9218	107.1174	-1689.754	-807.4733	-367.9716	190.0356	-53.73666	82.91815	-6.049822	-5.338078	-17.08185	-130.605	43.77225	-31.6726	-4.270463	-6.049822	-6.049822	-17.43772	-4.626335	-8.185054	-5.338078	-17.08185	-4.626335	-8.185054
20.03	87.18861	14.64062	-761.2988	461.9218	-92.88256	-789.7544	-7.473267	232.0284	-609.9644	46.26334	-17.08185	-6.049822	94.66192	-17.08185	-130.605	-56.22775	-31.6726	-4.270463	-6.049822	-6.049822	-17.43772	-4.626335	-8.185054	94.66192	-17.08185	-4.626335	-8.185054
20.31	-12.81139	-1185.359	-2061.299	761.9218	7.117439	-2189.754	-407.4733	-67.97156	490.0356	-53.73666	-17.08185	-6.049822	-5.338078	-17.08185	-130.605	-56.22775	-31.6726	-4.270463	-6.049822	-6.049822	82.56228	-4.626335	-8.185054	-5.338078	-17.08185	-4.626335	-8.185054
20.6	-12.81139	314.6406	739.7012	61.92175	-92.88256	-1489.754	-307.4733	-167.9716	690.0356	-53.73666	-17.08185	-6.049822	-5.338078	-17.08185	-30.60498	-156.2278	-31.6726	-4.270463	-6.049822	-6.049822	-17.43772	-4.626335	-8.185054	-5.338078	-17.08185	-4.626335	-8.185054
20.88	-12.81139	414.6406	-260.2988	461.9218	-92.88256	-989.7544	-307.4733	532.0284	690.0356	146.2633	-17.08185	-6.049822	-5.338078	-17.08185	-130.605	-56.22775	68.3274	-4.270463	93.95018	-6.049822	-17.43772	-4.626335	-8.185054	-5.338078	-17.08185	-4.626335	-8.185054
21.17	87.18861	214.6406	-60.29883	-138.0782	107.1174	-1489.754	-507.4733	-167.9716	190.0356	146.2633	-17.08185	-6.049822	-5.338078	-17.08185	-130.605	-156.2278	-31.6726	-4.270463	-6.049822	-6.049822	-17.43772	-4.626335	191.8149	-5.338078	-17.08185	-4.626335	191.8149
21.45	-12.81139	114.6406	-1561.299	-438.0782	-92.88256	-488.7544	292.5267	-167.9716	-409.9644	-53.73666	-17.08185	-6.049822	-5.338078	-17.08185	169.395	-56.22775	-31.6726	-4.270463	-6.049822	-6.049822	-17.43772	-4.626335	-8.185054	-5.338078	-17.08185	-4.626335	-8.185054
21.75	-12.81139	814.6406	539.7012	661.9218	7.117439	-2289.754	-507.4733	-367.9716	-409.9644	46.26334	-17.08185	-6.049822	-5.338078	-17.08185	-130.605	-56.22775	68.3274	-4.270463	-6.049822	-6.049822	-17.43772	-4.626335	-8.185054	-5.338078	-17.08185	-4.626335	-8.185054
22.03	-12.81139	914.6406	-660.2988	461.9218	7.117439	-1889.754	-907.4733	132.0284	-9.964355	-53.73666	82.91815	-6.049822	-5.338078	-17.08185	-30.60498	-156.2278	-31.6726	-4.270463	-6.049822	-6.049822	-17.43772	95.37366	-8.185054	-5.338078	-17.08185	95.37366	-8.185054
22.32	-12.81139	514.6406	-761.2988	861.9218	107.1174	-2189.754	292.5267	-67.97156	1290.036	-53.73666	-17.08185	-6.049822	-5.338078	-17.08185	-30.60498	43.77225	68.3274	-4.270463	-6.049822	-6.049822	-17.43772	-4.626335	-8.185054	-5.338078	-17.08185	-4.626335	-8.185054
22.6	-12.81139	414.6406	-1461.299	-38.07825	7.117439	-1389.754	292.5267	132.0284	390.0356	46.26334	-17.08185	-6.049822	-5.338078	-17.08185	-30.60498	143.7722	-31.6726	-4.270463	-6.049822	-6.049822	-17.43772	-4.626335	-8.185054	-5.338078	-17.08185	-4.626335	-8.185054
22.89	-12.81139	-85.35938	-1661.299	-38.07825	107.1174	-1189.754	-307.4733	-67.97156	-409.9644	-53.73666	-17.08185	-6.049822	-5.338078	-17.08185	-30.60498	43.77225	-31.6726	-4.270463	-6.049822	-6.049822	-17.43772	95.37366	-8.185054	-5.338078	-17.08185	95.37366	-8.185054
23.18	-12.81139	3115.641	-360.2988	-238.0782	107.1174	-2089.754	-907.4733	32.02844	390.0356	146.2633	-17.08185	-6.049822	-5.338078	-17.08185	-130.605	43.77225	-31.6726	-4.270463	-6.049822	-6.049822	-17.43772	-4.626335	-8.185054	-5.338078	-17.08185	-4.626335	-8.185054
23.47	-12.81139	-385.3594	-2161.299	-238.0782	7.117439	-1389.754	-207.4733	32.02844	-309.9644	146.2633	-17.08185	-6.049822	-5.338078	-17.08185	9571.395	-156.2278	-31.6726	-4.270463	-6.049822	-6.049822	-17.43772	-4.626335	-8.185054	-5.338078	-17.08185	-4.626335	-8.185054
23.75	87.18861	514.6406	539.7012	261.9218	-92.88256	-1689.754	-607.4733	332.0284	90.03564	46.26334	-17.08185	-6.049822	-5.338078	-17.08185	5370.395	-156.2278	-31.6726	-4.270463	93.95018	-6.049822	-17.43772	-4.626335	-8.185054	-5.338078	-17.08185	-4.626335	-8.185054
24.03	-12.81139	714.6406	-1261.299	-438.0782	7.117439	-588.7544	-7.473267	-267.9716	90.03564	146.2633	82.91815	-6.049822	-5.338078	-17.08185	-30.60498	-256.2278	-31.6726	-4.270463	-6.049822	-6.049822	-17.43772	-4.626335	-8.185054	-5.338078	-17.08185	-4.626335	-8.185054
24.32	-12.81139	214.6406	-360.2988	-438.0782	7.117439	-1289.754	-507.4733	132.0284	290.0356	-53.73666	-17.08185	-6.049822	-5.338078	-17.08185	-30.60498	343.7722	-31.6726	-4.270463	-6.049822	-6.049822	-17.43772	-4.626335	-8.185054	-5.338078	-17.08185	-4.626335	-8.185054
24.6	87.18861	814.6406	239.7012	1061.922	-92.88256	-1889.754	-607.4733	-167.9716	290.0356	46.26334	-17.08185	-6.049822	-5.338078	-17.08185	-30.60498	-56.22775	-31.6726	-4.270463	-6.049822	-6.049822	-17.43772	-4.626335	-8.185054	-5.338078	-17.08185	-4.626335	-8.185054
24.89	-12.81139	214.6406	-761.2988	-338.0782	-92.88256	-789.7544	-307.4733	-267.9716	90.03564	-53.73666	-17.08185	-6.049822	-5.338078	-17.08185	-30.60498	143.7722	-31.6726	-4.270463	-6.049822	-6.049822	-17.43772	195.3737	-8.185054	-5.338078	-17.08185	195.3737	-8.185054
25.17	-12.81139	2114.641	-460.2988	-438.0782	-92.88256	-989.7544	192.5267	132.0284	90.03564	-53.73666	82.91815	-6.049822	-5.338078	-17.08185	-130.605	143.7722	-31.6726	-4.270463	-6.049822	-6.049822	182.5623	-4.626335	91.81495	-5.338078	-17.08185	-4.626335	91.81495
25.46	87.18861	-585.3594	-460.2988	561.9218	107.1174	-1289.754	92.52673	32.02844	590.0356	46.26334	-17.08185	-6.049822	94.66192	-17.08185	-130.605	143.7722	68.3274	-4.270463	-6.049822	-6.049822	-17.43772	-4.626335	-8.185054	94.66192	-17.08185	-4.626335	-8.185054
25.74	-12.81139	414.6406	39.70117	-338.0782	-92.88256	-588.7544	-407.4733	332.0284	-409.9644	46.26334	82.91815	-6.049822	-5.338078	-17.08185	-130.605	-356.2278	-31.6726	-4.270463	-6.049822	-6.049822	-17.43772	-4.626335	-8.185054	-5.338078	-17.08185	-4.626335	-8.185054
26.03	-12.81139	-85.35938	-260.2988	61.92175	7.117439	-2089.754	-307.4733	-67.97156	590.0356	46.26334	-17.08185	-6.049822	-5.338078	-17.08185	9771.395	-56.22775	-31.6726	-4.270463	-6.049822	-6.049822	-17.43772	-4.626335	-8.185054	-5.338078	-17.08185	-4.626335	-8.185054
26.31	-12.81139	14.64062	39.70117	-238.0782	7.117439	-989.7544	-307.4733	232.0284	-9.964355	-53.73666	-17.08185	-6.049822	-5.338078	-17.08185	16675.39	-56.22775	-31.6726	-4.270463	-6.049822	-6.049822	-17.43772	-4.626335	-8.185054	-5.338078	-17.08185	-4.626335	-8.185054
26.6	87.18861	414.6406	439.7012	61.92175	7.117439	-1389.754	-307.4733	-267.9716	-309.9644	146.2633	-17.08185	-6.049822	-5.338078	-17.08185	-30.60498	143.7722	-31.6726	-4.270463	-6.049822	-6.049822	-17.43772	-4.626335	-8.185054	-5.338078	-17.08185	-4.626335	-8.185054
26.88	87.18861	-485.3594	-260.2988	-238.0782	7.117439	-1589.754	-407.4733	32.02844	90.03564	146.2633	-17.08185	-6.049822	-5.338078	-17.08185	-30.60498	-56.22775	-31.6726	-4.270463	-6.049822	-6.049822	-17.43772	-4.626335	-8.185054	-5.338078	-17.08185	-4.626335	-8.185054
27.17	-12.81139	-785.3594	-560.2988	61.92175	7.117439	-2189.754	-107.4733	-67.97156	-109.9644	46.26334	-17.08185	-6.049822	-5.338078	-17.08185	-30.60498	343.7722	68.3274	-4.270463	-6.049822	-6.049822	-17.43772	-4.626335	-8.185054	-5.338078	-17.08185	-4.626335	-8.185054
27.45	-12.81139	-985.3594	1139.701	-38.07825	-92.88256	-2089.754	792.5267	-267.9716	290.0356	-53.73666	-17.08185	-6.049822	-5.338078	-17.08185	-130.605	-56.22775	-31.6726	-4.270463	-6.049822	-6.049822	-17.43772	-4.626335	-8.185054	-5.338078	-17.08185	-4.626335	-8.185054
27.74	-12.81139	914.6406	-360.2988	561.9218	107.1174	-889.7544	92.52673	232.0284	290.0356	-53.73666	82.91815	-6.049822	-5.338078	-17.08185	-30.60498	-156.2278	-31.6726	-4.270463	-6.049822	93.95018	-17.43772	-4.626335	-8.185054	-5.338078	-17.08185	-4.626335	-8.185054
28.02	-12.81139	814.6406	-861.2988	-38.07825	7.117439	-689.7544	92.52673	-167.9716	-209.9644	-53.73666	82.91815	-6.049822	-5.338078	-17.08185	169.395	53000.77	-31.6726	-4.270463	-6.049822	-6.049822	-17.43772	-4.626335	91.81495	-5.338078	-17.08185	-4.626335	91.81495
28.31	-12.81139	-1185.359	-160.2988	-538.0782	-92.88256	-889.7544	392.5267	32.02844	-509.9644	46.26334	82.91815	-6.049822	-5.338078	-17.08185	-130.605	143.7722	-31.6726	-4.270463	93.95018	-6.049822	-17.43772	-4.626335	-8.185054	-5.338078	-17.08185	-4.626335	-8.185054
28.59	187.1886	914.6406	-460.2988	461.9218	7.117439	-2289.754	292.5267	-267.9716	-9.964355	246.2633	-17.08185	-6.049822	-5.338078	-17.08185	69.39502	-256.2278	-31.6726	-4.270463	-6.049822	-6.049822	-17.43772	-4.626335	-8.185054	-5.338078	-17.08185	-4.626335	-8.185054
28.88	-12.81139	-1085.359	39.70117	-138.0782	-92.88256	-1489.754	-507.4733	-67.97156	-409.9644	46.26334	-17.08185	-6.049822	-5.338078	-17.08185	-130.605	-56.22775	-31.6726	-4.270463	-6.049822	-6.049822	-17.43772	95.37366	-8.185054	-5.338078	-17.08185	95.37366	-8.185054
29.16	87.18861	1214.641	-1561.299	-238.0782	7.117439	-2289.754	-7.473267	32.02844	-109.9644	-53.73666	-17.08185	-6.049822	-5.338078	-17.08185	-130.605	143.7722	-31.6726	-4.270463	-6.049822	-6.049822	-17.43772	-4.626335	-8.185054	-5.338078	-17.08185	-4.626335	-8.185054
29.45	-12.81139	2114.641	-761.2988	161.9218	107.1174	-1989.754	1092.527	-67.97156	790.0356	-53.73666	82.91815	-6.049822	-5.338078	-17.08185	69.39502	543.7722	-31.6726	95.72954	-6.049822	-6.049822	-17.43772	-4.626335	-8.185054	-5.338078	-17.08185	-4.626335	-8.185054
29.73	-12.81139	914.6406	-360.2988	-438.0782	7.117439	-989.7544	-107.4733	32.02844	-109.9644	-53.73666	-17.08185	-6.049822	-5.338078	-17.08185	-30.60498	-56.22775	-31.6726	-4.270463	-6.049822	-6.049822	-17.43772	-4.626335	-8.185054	-5.338078	-17.08185	-4.626335	-8.185054
30.02	-12.81139	714.6406	39.70117	-38.07825	7.117439	-1989.754	-1007.473	-167.9716	-209.9644	-53.73666	82.91815	-6.049822	-5.338078	-17.08185	169.395	443.7722	-31.6726	-4.270463	-6.049822	93.95018	82.56228	-4.626335	-8.185054	-5.338078	-17.08185	-4.626335	-8.185054
30.3	-12.81139	1114.641	-1661.299	61.92175	-92.88256	-1089.754	192.5267	-167.9716	190.0356	46.26334	-17.08185	-6.049822	-5.338078	-17.08185	-130.605	-56.22775	-31.6726	95.72954	-6.049822	-6.049822	-17.43772	-4.626335	-8.185054	-5.338078	-17.08185	-4.626335	-8.185054
30.59	-12.81139	1314.641	-1561.299	261.9218	107.1174	11.24561	6794.527	32.02844	-109.9644	46.26334	82.91815	-6.049822	-5.338078	-17.08185	215394.4	505612.8	-31.6726	95.72954	93.95018	793.9502	482.5623	-4.626335	-8.185054	-5.338078	-17.08185	-4.626335	-8.185054
30.87	687.1886	1761701	-1561.299	1261.922	407.1174	20824.25	162833.5	132.0284	90.03564	1946.263	1282.918	-6.049822	94.66192	-17.08185	436855.4	1270126	-31.6726	95.72954	593.9502	993.9502	1082.562	-4.626335	91.81495	94.66192	-17.08185	-4.626335	91.81495
31.16	287.1886	4593192	-360.2988	1061.922	507.1174	37547.25	362732.5	-167.9716	490.0356	2946.263	3782.918	893.9502	-5.338078	82.91815	336825.4	790043.8	-31.6726	95.72954	-6.049822	1093.95	382.5623	195.3737	191.8149	-5.338078	82.91815	195.3737	191.8149
31.44	387.1886		1239.701	361.9218	607.1174	49972.25	418091.5	-167.9716	790.0356	4346.263	4682.918	593.9502	94.66192	-17.08185	275682.4	624147.8	68.3274	195.7295	193.9502	1093.95	1282.562	195.3737	91.81495	94.66192	-17.08185	195.3737	91.81495
31.73	287.1886		1439.701	461.9218	107.1174	53580.25	484580.5	-167.9716	-109.9644	3946.263	4282.918	493.9502	94.66192	82.91815	201882.4	606930.8	-31.6726	195.7295	493.9502	193.9502	982.5623	95.37366	391.8149	94.66192	82.91815	95.37366	391.8149
32.01	287.1886		1639.701	1661.922	207.1174	59194.25	627722.5	232.0284	-609.9644	5647.263	4082.918	793.9502	-5.338078	82.91815	200571.4	606009.8	168.3274	95.72954	193.9502	493.9502	782.5623	95.37366	791.8149	-5.338078	82.91815	95.37366	791.8149
32.3	87.18861		639.7012	861.9218	307.1174	64508.25	643620.5	232.0284	-309.9644	5847.263	5983.918	1093.95	-5.338078	-17.08185	221850.4	535934.8	68.3274	95.72954	393.9502	293.9502	982.5623	95.37366	591.8149	-5.338078	-17.08185	95.37366	591.8149
32.59	187.1886		2439.701	661.9218	407.1174	72432.24	664251.5	-167.9716	-809.9644	4646.263	6183.918	1093.95	-5.338078	-17.08185	227904.4	2789328	-31.6726	195.7295	393.9502	793.9502	1782.562	695.3737	691.8149	-5.338078	-17.08185	695.3737	691.8149
32.88	187.1886		639.7012	461.9218	407.1174	81963.24	647211.5	132.0284	390.0356	3946.263	7983.918	1293.95	194.6619	-17.08185	184851.4	594214.8	-31.6726	95.72954	893.9502	293.9502	2082.562	95.37366	291.8149	194.6619	-17.08185	95.37366	291.8149
33.17	287.1886		1639.701	1061.922	707.1174	79455.24	756502.5	432.0284	-609.9644	5847.263	6183.918	693.9502	-5.338078	-17.08185	194121.4	464424.8	-31.6726	295.7295	1293.95	793.9502	782.5623	-4.626335	791.8149	-5.338078	-17.08185	-4.626335	791.8149
33.46	487.1886		839.7012	861.9218	1007.117	78752.24	781992.5	-67.97156	-309.9644	5647.263	6583.918	1193.95	-5.338078	82.91815	181325.4	507244.8	-31.6726	395.7295	593.9502	793.9502	2182.562	295.3737	1091.815	-5.338078	82.91815	295.3737	1091.815
33.74	487.1886		3940.701	61.92175	1007.117	85777.24	767554.5	-167.9716	890.0356	5447.263	6283.918	1093.95	-5.338078	-17.08185	184347.4	495112.8	-31.6726	195.7295	893.9502	393.9502	782.5623	95.37366	291.8149	-5.338078	-17.08185	95.37366	291.8149
34.03	387.1886		2639.701	861.9218	707.1174	90695.24	848308.5	232.0284	790.0356	6347.263	5383.918	793.9502	94.66192	-17.08185	227198.4	570896.8	68.3274	-4.270463	193.9502	593.9502	1282.562	295.3737	491.8149	94.66192	-17.08185	295.3737	491.8149
34.31	87.18861		2439.701	2761.922	607.1174	87082.24	756628.5	532.0284	490.0356	4046.263	5983.918	893.9502	-5.338078	-17.08185	251731.4	724192.8	68.3274	-4.270463	493.9502	293.9502	1982.562	95.37366	491.8149	-5.338078	-17.08185	95.37366	491.8149
34.6	-12.81139		1239.701	761.9218	607.1174	103247.2	776216.5	-67.97156	490.0356	5347.263	6483.918	793.9502	-5.338078	-17.08185	253678.4	803564.8	68.3274	295.7295	393.9502	493.9502	1482.562	95.37366	691.8149	-5.338078	-17.08185	95.37366	691.8149
34.9	387.1886		1639.701	961.9218	407.1174	99933.24	808622.5	-67.97156	190.0356	5447.263	7283.918	993.9502	-5.338078	-17.08185	281880.4	1005687	68.3274	95.72954	293.9502	493.9502	1582.562	95.37366	691.8149	-5.338078	-17.08185	95.37366	691.8149
35.18	187.1886		2239.701	1161.922	807.1174	101941.2	786635.5	732.0284	190.0356	8347.264	6683.918	693.9502	94.66192	-17.08185	559360.4	1346999	-31.6726	195.7295	493.9502	193.9502	5783.562	-4.626335	591.8149	94.66192	-17.08185	-4.626335	591.8149
35.47	187.1886		4440.701	561.9218	307.1174	101037.2	761987.5	32.02844	290.0356	5647.263	6183.918	1593.95	94.66192	82.91815	1142498	2647667	68.3274	495.7295	793.9502	1093.95	1382.562	95.37366	791.8149	94.66192	82.91815	95.37366	791.8149
35.75	587.1886		2239.701	2061.922	507.1174	103548.2	803355.5	232.0284	-409.9644	6947.263	9984.918	693.9502	-5.338078	382.9182	1.040691e+07	2.541433e+07	68.3274	195.7295	393.9502	3293.95	3782.562	195.3737	1091.815	-5.338078	382.9182	195.3737	1091.815
36.04	1687.189		1939.701	6162.922	2107.117	87584.24	802426.5	632.0284	790.0356	7147.263	15687.92	1293.95	-5.338078	382.9182	2.551417e+07	6.857459e+07	368.3274	595.7296	493.9502	4993.95	6983.562	295.3737	1291.815	-5.338078	382.9182	295.3737	1291.815
36.33	2487.189		1639.701	14566.92	4607.118	80157.24	593908.5	1332.028	-9.964355	10748.26	25395.92	493.9502	94.66192	682.9182	4.681043e+07	1.288221e+08	668.3274	1495.729	293.9502	4893.95	7783.562	195.3737	1091.815	94.66192	682.9182	195.3737	1091.815
36.61	3387.189		3440.701	17068.92	7708.118	66113.24	514879.5	732.0284	1990.036	9548.264	31902.92	893.9502	-5.338078	282.9182	8.102255e+07	1.922488e+08	468.3274	1395.729	693.9502	5394.95	8383.562	95.37366	1091.815	-5.338078	282.9182	95.37366	1091.815
36.9	4887.188		939.7012	26676.92	10509.12	56988.25	435383.5	1332.028	2890.036	12849.26	34506.92	1093.95	-5.338078	1582.918	9.449294e+07	2.603547e+08	568.3274	2195.729	193.9502	5394.95	11185.56	195.3737	791.8149	-5.338078	1582.918	195.3737	791.8149
37.18	5288.188	4407802	2139.701	35388.92	10409.12	43057.25	321065.5	2932.028	3491.036	13750.26	41617.92	393.9502	-5.338078	1982.918	1.048034e+08	2.62358e+08	1368.327	2195.729	193.9502	7394.95	13185.56	95.37366	1191.815	-5.338078	1982.918	95.37366	1191.815
37.47	4287.188	3744340	2839.701	42699.92	9009.117	34542.25	248237.5	2832.028	1590.036	14850.26	35407.92	693.9502	-5.338078	1782.918	1.089156e+08	2.76381e+08	1968.327	1495.729	193.9502	6094.95	9584.562	-4.626335	1791.815	-5.338078	1782.918	-4.626335	1791.815
37.75	3087.189	2937058	4640.701	69861.92	7508.118	27532.25	217753.5	2132.028	3090.036	16652.26	38011.92	293.9502	-5.338078	1582.918	1.123194e+08	2.98418e+08	2268.327	1595.729	193.9502	9595.95	9184.562	95.37366	2191.815	-5.338078	1582.918	95.37366	2191.815
38.04	2087.189	2443770	3640.701	87718.92	4207.118	22326.25	191538.5	2032.028	3591.036	23057.26	39012.92	193.9502	194.6619	2782.918	1.190783e+08	3.485056e+08	2968.327	895.7296	593.9502	13497.95	11885.56	-4.626335	4191.815	194.6619	2782.918	-4.626335	4191.815
38.33	1587.189	2100830	3240.701	111715.9	3207.117	15019.25	165853.5	1532.028	3591.036	25259.26	43720.92	193.9502	-5.338078	2482.918	1.185826e+08	2.783843e+08	3568.327	1095.729	493.9502	15198.95	10284.56	95.37366	4291.815	-5.338078	2482.918	95.37366	4291.815
38.61	1587.189	1569888	3040.701	117642.9	2307.117	12417.25	144821.5	2332.028	3190.036	31165.26	48329.92	-6.049822	-5.338078	4082.918	1.330149e+08	3.46502e+08	4668.328	2095.729	193.9502	22303.95	12485.56	-4.626335	6792.815	-5.338078	4082.918	-4.626335	6792.815
38.9	787.1886	1156862	2940.701	150821.9	1907.117	9715.246	158002.5	2632.028	2490.036	32567.26	45824.92	-6.049822	-5.338078	3882.918	1.227106e+08	3.46502e+08	4468.328	1095.729	93.95018	22303.95	11385.56	-4.626335	5492.815	-5.338078	3882.918	-4.626335	5492.815
39.18	1487.189	1158642	1939.701	165715.9	1307.117	9315.246	129738.5	2732.028	3090.036	37374.26	56345.92	393.9502	-5.338078	4182.918	1.410304e+08	3.705457e+08	5469.328	2495.729	193.9502	26507.95	15587.56	-4.626335	5692.815	-5.338078	4182.918	-4.626335	5692.815
39.47	487.1886	1099651	2139.701	173267.9	4707.118	8514.246	117476.5	2532.028	3090.036	40279.26	61858.92	-6.049822	-5.338078	3382.918	1.320198e+08	3.384877e+08	3768.327	1595.729	-6.049822	26207.95	11485.56	-4.626335	6692.815	-5.338078	3382.918	-4.626335	6692.815
39.76	1087.189	802181.6	3440.701	186562.9	1007.117	6313.246	132754.5	1732.028	2590.036	38876.26	64164.92	193.9502	94.66192	3982.918	1.284657e+08	3.144455e+08	3368.327	2595.729	93.95018	26607.95	12385.56	95.37366	5892.815	94.66192	3982.918	95.37366	5892.815
40.04	987.1886	559649.6	2039.701	187066.9	1607.117	4012.246	88756.52	2832.028	5591.036	43985.26	73690.92	93.95018	-5.338078	3482.918	1.257039e+08	3.444984e+08	4468.328	2595.729	-6.049822	27608.95	11885.56	-4.626335	5992.815	-5.338078	3482.918	-4.626335	5992.815
40.33	1487.189	808067.6	4340.701	209040.9	407.1174	1811.246	80628.52	2132.028	4791.036	40579.26	79408.92	-6.049822	-5.338078	3582.918	1.272526e+08	3.32477e+08	4568.328	3595.729	93.95018	26707.95	10684.56	-4.626335	6092.815	-5.338078	3582.918	-4.626335	6092.815
40.61	2587.189	379366.6	2539.701	216201.9	2107.117	1611.246	91968.52	3532.028	2590.036	45487.26	80211.92	-6.049822	-5.338078	2382.918	1.307908e+08	3.485056e+08	4668.328	2995.729	193.9502	22003.95	11785.56	-4.626335	3691.815	-5.338078	2382.918	-4.626335	3691.815
40.9	3587.189	385663.6	3740.701	196539.9	3207.117	3512.246	74609.52	2632.028	3791.036	40379.26	82819.92	-6.049822	-5.338078	2782.918	1.38508e+08	3.985982e+08	3468.327	4095.729	93.95018	21202.95	10284.56	-4.626335	4391.815	-5.338078	2782.918	-4.626335	4391.815
41.19	3287.189	358253.6	1539.701	153236.9	7908.118	1811.246	53754.53	1432.028	3090.036	28763.26	71685.92	93.95018	-5.338078	2782.918	1.306299e+08	3.725494e+08	1168.327	3095.729	193.9502	13997.95	13286.56	-4.626335	3291.815	-5.338078	2782.918	-4.626335	3291.815
41.47	6288.188	301396.6	1839.701	130205.9	20816.12	111.2456	44836.53	1732.028	4191.036	27761.26	67373.92	93.95018	-5.338078	2482.918	1.43804e+08	3.925868e+08	2168.327	2295.729	293.9502	12596.95	11785.56	-4.626335	2291.815	-5.338078	2482.918	-4.626335	2291.815
41.76	10089.19	238204.6	1139.701	112016.9	26521.12	2711.246	39426.53	1232.028	2990.036	22656.26	58350.92	93.95018	-5.338078	1482.918	1.291528e+08	3.424948e+08	1168.327	1895.729	-6.049822	9095.95	11585.56	95.37366	1691.815	-5.338078	1482.918	95.37366	1691.815
42.04	11890.19	328238.6	3240.701	85109.92	38737.12	811.2456	30613.53	2932.028	5391.036	18453.26	60154.92	93.95018	-5.338078	2282.918	1.336883e+08	3.32477e+08	1468.327	1695.729	93.95018	7194.95	18489.56	-4.626335	1591.815	-5.338078	2282.918	-4.626335	1591.815
42.33	20996.19	246890.6	3640.701	75779.92	44146.12	1811.246	27009.53	2232.028	6491.036	16952.26	58250.92	293.9502	-5.338078	1182.918	1.290651e+08	3.224594e+08	1668.327	2095.729	-6.049822	6594.95	19390.56	-4.626335	1591.815	-5.338078	1182.918	-4.626335	1591.815
42.61	21496.19	125661.6	5140.701	63845.92	50358.12	1711.246	25507.53	2032.028	3691.036	12349.26	53840.92	93.95018	-5.338078	1382.918	1.299132e+08	3.164489e+08	868.3274	2395.729	93.95018	6694.95	19890.56	-4.626335	1391.815	-5.338078	1382.918	-4.626335	1391.815
42.9	20796.19	145372.6	3240.701	66953.92	48053.12	-588.7544	21603.53	3432.028	4591.036	17052.26	54040.92	-6.049822	-5.338078	1782.918	1.282318e+08	3.665384e+08	1568.327	2595.729	93.95018	8394.95	15087.56	-4.626335	1091.815	-5.338078	1782.918	-4.626335	1091.815
43.19	19695.19	94014.64	4040.701	73171.92	43445.12	1611.246	24506.53	2532.028	4691.036	19554.26	54742.92	193.9502	-5.338078	1882.918	1.3281e+08	2.964146e+08	1368.327	1495.729	193.9502	7994.95	16487.56	-4.626335	1391.815	-5.338078	1882.918	-4.626335	1391.815
43.47	17093.19	111993.6	3540.701	76080.92	33930.12	1511.246	27009.53	3132.028	2690.036	24458.26	53539.92	-6.049822	94.66192	1882.918	1.357238e+08	3.82568e+08	1168.327	1495.729	-6.049822	10395.95	16187.56	-4.626335	991.8149	94.66192	1882.918	-4.626335	991.8149
43.76	12890.19	75547.64	3740.701	80694.92	23518.12	-1089.754	32816.53	1632.028	3991.036	28863.26	49331.92	193.9502	-5.338078	3182.918	1.360461e+08	3.585237e+08	2268.327	1695.729	-6.049822	13597.95	14086.56	-4.626335	2291.815	-5.338078	3182.918	-4.626335	2291.815
44.04	8989.188	82772.64	1839.701	87618.92	20916.12	-188.7544	36922.53	2832.028	3390.036	35672.26	61457.92	193.9502	194.6619	3082.918	1.384787e+08	3.82568e+08	2568.327	2095.729	93.95018	19000.95	14486.56	-4.626335	3491.815	194.6619	3082.918	-4.626335	3491.815
44.33	8288.188	51881.64	3540.701	75177.92	15412.12	-989.7544	35320.53	2232.028	3791.036	37474.26	56546.92	-6.049822	-5.338078	4382.918	1.341129e+08	3.745531e+08	2568.327	1895.729	193.9502	21903.95	13886.56	-4.626335	3391.815	-5.338078	4382.918	-4.626335	3391.815
44.61	7488.188	69729.64	3240.701	75578.92	11610.12	-88.75439	40628.53	2232.028	4291.036	41581.26	60555.92	93.95018	-5.338078	2982.918	1.329125e+08	3.46502e+08	2868.327	1895.729	-6.049822	31713.95	14586.56	-4.626335	4791.815	-5.338078	2982.918	-4.626335	4791.815
44.9	7888.188	56993.64	3540.701	72369.92	9209.117	-288.7544	45637.53	2332.028	3290.036	40579.26	64465.92	293.9502	-5.338078	4382.918	1.377458e+08	3.585237e+08	4068.327	2895.729	93.95018	49442.95	14186.56	-4.626335	5792.815	-5.338078	4382.918	-4.626335	5792.815
45.19	5588.188	56793.64	3440.701	76481.92	7308.118	-889.7544	40227.53	1932.028	4391.036	41380.26	60355.92	193.9502	-5.338078	3382.918	1.282757e+08	3.545164e+08	2868.327	2295.729	-6.049822	52648.95	11785.56	95.37366	5492.815	-5.338078	3382.918	95.37366	5492.815
45.47	6288.188	42661.64	3940.701	75779.92	6808.118	-1189.754	50246.53	3732.028	2490.036	43985.26	65267.92	193.9502	-5.338078	3682.918	1.388306e+08	4.166328e+08	2368.327	1395.729	93.95018	58161.95	12085.56	-4.626335	5092.815	-5.338078	3682.918	-4.626335	5092.815
45.76	7688.188	35548.64	4040.701	83102.92	5408.118	11.24561	48142.53	3132.028	3090.036	50196.26	67573.92	93.95018	-5.338078	6083.918	1.344204e+08	3.364841e+08	3768.327	2795.729	193.9502	68788.95	14086.56	95.37366	5092.815	-5.338078	6083.918	95.37366	5092.815
46.04	6688.188	44865.64	4740.701	83403.92	3807.117	-388.7544	50948.53	2332.028	4091.036	52100.26	69779.92	393.9502	-5.338078	4482.918	1.415879e+08	3.82568e+08	3868.327	3495.729	93.95018	60466.95	14686.56	95.37366	6492.815	-5.338078	4482.918	95.37366	6492.815
46.33	9389.188	45968.64	4340.701	82701.92	3907.117	-188.7544	42431.53	2732.028	4591.036	50798.26	68676.92	93.95018	-5.338078	4782.918	1.34274e+08	3.264664e+08	3068.327	2595.729	93.95018	63273.95	11084.56	-4.626335	5692.815	-5.338078	4782.918	-4.626335	5692.815
46.62	7288.188	89998.64	3240.701	70263.92	3507.117	-889.7544	45036.53	3032.028	3691.036	49996.26	62761.92	393.9502	-5.338078	4882.918	1.376139e+08	3.364841e+08	3168.327	2395.729	293.9502	65579.95	14186.56	-4.626335	5192.815	-5.338078	4882.918	-4.626335	5192.815
46.9	6788.188	40156.64	2539.701	81296.92	2807.117	-1389.754	52351.53	2832.028	4891.036	56410.26	69077.92	93.95018	-5.338078	6583.918	1.373062e+08	3.945906e+08	2868.327	2295.729	193.9502	68788.95	11485.56	-4.626335	5392.815	-5.338078	6583.918	-4.626335	5392.815
47.19	7588.188	41659.64	2139.701	69360.92	1707.117	-689.7544	51248.53	1932.028	2590.036	50697.26	61057.92	393.9502	-5.338078	5383.918	1.254701e+08	3.62531e+08	3068.327	2895.729	193.9502	66481.95	13786.56	-4.626335	5692.815	-5.338078	5383.918	-4.626335	5692.815
47.47	6588.188	43262.64	3340.701	70363.92	2507.117	-1489.754	56260.53	3432.028	2690.036	53203.26	69478.92	393.9502	-5.338078	5083.918	1.315662e+08	3.545164e+08	3968.327	1795.729	93.95018	65078.95	11485.56	-4.626335	5792.815	-5.338078	5083.918	-4.626335	5792.815
47.76	4687.188	51279.64	1939.701	65048.92	507.1174	-1289.754	52551.53	1832.028	2690.036	57913.26	63663.92	493.9502	-5.338078	4082.918	1.367054e+08	3.46502e+08	3768.327	2795.729	-6.049822	70292.95	11285.56	-4.626335	5992.815	-5.338078	4082.918	-4.626335	5992.815
48.05	6188.188	44765.64	1839.701	57028.92	1207.117	-1189.754	51750.53	1532.028	2490.036	54205.26	65568.92	-6.049822	-5.338078	4582.918	1.360022e+08	3.545164e+08	2068.327	1995.729	-6.049822	81526.95	9284.562	-4.626335	6392.815	-5.338078	4582.918	-4.626335	6392.815
48.33	4687.188	38854.64	2539.701	59534.92	1307.117	-989.7544	48142.53	2432.028	3390.036	55508.26	64766.92	93.95018	-5.338078	4182.918	1.324149e+08	3.645347e+08	3168.327	2395.729	93.95018	87947.95	11285.56	-4.626335	5492.815	-5.338078	4182.918	-4.626335	5492.815
48.62	5088.188	37151.64	3840.701	57930.92	807.1174	-1789.754	46238.53	2032.028	2390.036	47692.26	61858.92	93.95018	-5.338078	5283.918	1.332491e+08	3.004214e+08	2968.327	3095.729	-6.049822	95776.95	13686.56	-4.626335	6192.815	-5.338078	5283.918	-4.626335	6192.815
48.91	3487.189	43563.64	4140.701	53420.92	807.1174	-2089.754	51750.53	2732.028	2590.036	47892.26	64666.92	-6.049822	-5.338078	3782.918	1.422335e+08	3.485056e+08	2568.327	1995.729	-6.049822	117771	13786.56	95.37366	6292.815	-5.338078	3782.918	95.37366	6292.815
49.19	4887.188	37752.64	539.7012	50915.92	807.1174	-2189.754	56661.53	1832.028	3891.036	53904.26	70882.92	-6.049822	-5.338078	4182.918	1.749835e+08	3.925868e+08	4068.327	2095.729	-6.049822	133449	12985.56	-4.626335	5792.815	-5.338078	4182.918	-4.626335	5792.815
49.48	3587.189	37451.64	2339.701	55024.92	507.1174	-1389.754	53153.53	2732.028	3691.036	51399.26	62660.92	193.9502	-5.338078	4182.918	1.590733e+08	3.90583e+08	3068.327	2295.729	93.95018	127719	11785.56	-4.626335	7592.815	-5.338078	4182.918	-4.626335	7592.815
49.76	3787.189	31842.64	2639.701	53921.92	1007.117	-689.7544	43433.53	3432.028	3891.036	50096.26	61357.92	293.9502	-5.338078	4482.918	1.353723e+08	3.424948e+08	3768.327	2395.729	93.95018	113752	14286.56	95.37366	4391.815	-5.338078	4482.918	95.37366	4391.815
50.05	2987.189	124153.6	2940.701	55725.92	907.1174	-1789.754	46940.53	2732.028	2890.036	46489.26	72086.92	93.95018	-5.338078	3682.918	1.442592e+08	4.086173e+08	2868.327	2295.729	93.95018	112045	13386.56	-4.626335	8192.815	-5.338078	3682.918	-4.626335	8192.815
50.34	2887.189	27736.64	2739.701	55224.92	807.1174	511.2456	39626.53	2632.028	3691.036	49796.26	62560.92	93.95018	-5.338078	4582.918	1.415292e+08	4.046097e+08	2368.327	1995.729	-6.049822	94371.95	12085.56	-4.626335	4891.815	-5.338078	4582.918	-4.626335	4891.815
50.62	4387.188	29339.64	3540.701	53019.92	607.1174	-1889.754	45637.53	1532.028	4891.036	43885.26	59954.92	593.9502	-5.338078	3682.918	1.373208e+08	4.326641e+08	2868.327	1895.729	393.9502	74604.95	13886.56	-4.626335	3191.815	-5.338078	3682.918	-4.626335	3191.815
50.91	2887.189	24332.64	1839.701	64848.92	1207.117	-689.7544	42732.53	2532.028	4791.036	37274.26	58150.92	-6.049822	-5.338078	3382.918	1.313613e+08	3.725494e+08	2068.327	1995.729	93.95018	65579.95	12785.56	-4.626335	3191.815	-5.338078	3382.918	-4.626335	3191.815
51.19	2387.189	24132.64	5140.701	60236.92	1307.117	-1389.754	37022.53	2832.028	3891.036	40379.26	54040.92	393.9502	-5.338078	2982.918	1.289774e+08	3.164489e+08	2268.327	1495.729	193.9502	54653.95	12485.56	-4.626335	3291.815	-5.338078	2982.918	-4.626335	3291.815
51.48	3287.189	25233.64	3540.701	67154.92	2007.117	-889.7544	37122.53	3232.028	3691.036	36673.26	52237.92	293.9502	-5.338078	2982.918	1.398423e+08	3.2847e+08	2868.327	1395.729	93.95018	48640.95	13085.56	-4.626335	4191.815	-5.338078	2982.918	-4.626335	4191.815
51.77	2987.189	23231.64	3640.701	73271.92	1807.117	511.2456	34418.53	1632.028	3791.036	33969.26	52637.92	193.9502	-5.338078	4082.918	1.288897e+08	3.344805e+08	2268.327	1495.729	93.95018	35618.95	11885.56	-4.626335	3991.815	-5.338078	4082.918	-4.626335	3991.815
52.05	3787.189	25033.64	1139.701	83704.92	4207.118	-588.7544	34719.53	1832.028	4591.036	37775.26	55143.92	93.95018	-5.338078	2282.918	1.462566e+08	3.665384e+08	2568.327	1395.729	193.9502	30411.95	12485.56	-4.626335	3991.815	-5.338078	2282.918	-4.626335	3991.815
52.34	5188.188	66218.64	1739.701	87718.92	5708.118	-1089.754	32115.53	2732.028	5291.036	35071.26	48529.92	-6.049822	-5.338078	2082.918	1.386546e+08	3.545164e+08	2868.327	1795.729	293.9502	30512.95	11785.56	-4.626335	3591.815	-5.338078	2082.918	-4.626335	3591.815
52.63	5388.188	17925.64	4140.701	87417.92	13911.12	-188.7544	35420.53	2332.028	2790.036	36773.26	56746.92	193.9502	94.66192	2882.918	1.377312e+08	4.226444e+08	1768.327	1295.729	93.95018	25106.95	11185.56	-4.626335	2891.815	94.66192	2882.918	-4.626335	2891.815
52.91	5288.188	18525.64	3840.701	91934.92	9409.117	-1489.754	31114.53	1432.028	4591.036	37174.26	57348.92	93.95018	-5.338078	3282.918	1.341275e+08	4.146289e+08	1668.327	1095.729	193.9502	23704.95	13085.56	-4.626335	2091.815	-5.338078	3282.918	-4.626335	2091.815
53.2	7488.188	22830.64	3940.701	89525.92	11810.12	-1189.754	33517.53	3632.028	2890.036	32768.26	51635.92	-6.049822	94.66192	1882.918	1.319905e+08	3.865756e+08	2368.327	1895.729	93.95018	23204.95	14486.56	-4.626335	2591.815	94.66192	1882.918	-4.626335	2591.815
53.48	9489.188	15823.64	5741.701	100868.9	12310.12	11.24561	33217.53	2032.028	2790.036	33569.26	49731.92	193.9502	-5.338078	2382.918	1.369691e+08	3.344805e+08	2268.327	1195.729	293.9502	17699.95	11485.56	-4.626335	1491.815	-5.338078	2382.918	-4.626335	1491.815
53.77	7988.188	14622.64	4640.701	94142.92	17813.12	-588.7544	34018.53	2832.028	3390.036	33569.26	56546.92	393.9502	-5.338078	3182.918	1.472704e+08	4.026059e+08	1968.327	1195.729	-6.049822	23304.95	13586.56	-4.626335	2391.815	-5.338078	3182.918	-4.626335	2391.815
54.05	10889.19	13821.64	4640.701	90829.92	21917.12	-789.7544	30914.53	2632.028	1990.036	30665.26	53840.92	293.9502	-5.338078	1382.918	1.455809e+08	3.565201e+08	1568.327	1095.729	-6.049822	16098.95	10684.56	-4.626335	2091.815	-5.338078	1382.918	-4.626335	2091.815
54.34	12290.19	19827.64	3040.701	84708.92	27522.12	-588.7544	27509.53	2132.028	4891.036	29363.26	47928.92	93.95018	-5.338078	1482.918	1.36134e+08	3.585237e+08	2268.327	1395.729	93.95018	20201.95	9984.562	-4.626335	1691.815	-5.338078	1482.918	-4.626335	1691.815
54.62	12990.19	13221.64	3540.701	77083.92	27522.12	-488.7544	34018.53	3032.028	4391.036	24959.26	44522.92	193.9502	-5.338078	2982.918	1.397103e+08	3.765569e+08	1168.327	1095.729	193.9502	27508.95	11885.56	-4.626335	991.8149	-5.338078	2982.918	-4.626335	991.8149
54.91	14992.19	13021.64	4340.701	81698.92	33129.12	-2089.754	23305.53	2832.028	4991.036	23257.26	49030.92	193.9502	-5.338078	2582.918	1.365296e+08	3.845718e+08	1868.327	1395.729	193.9502	30512.95	11585.56	-4.626335	1891.815	-5.338078	2582.918	-4.626335	1891.815
55.2	17493.19	15122.64	2739.701	79791.92	43445.12	111.2456	23905.53	2232.028	2690.036	21756.26	44121.92	-6.049822	-5.338078	1382.918	1.262298e+08	3.705457e+08	1768.327	695.7296	493.9502	27208.95	11084.56	-4.626335	1691.815	-5.338078	1382.918	-4.626335	1691.815
55.48	18794.19	15122.64	1939.701	69761.92	39639.12	-88.75439	21203.53	2732.028	3390.036	18853.26	40815.92	-6.049822	-5.338078	1882.918	1.30703e+08	3.46502e+08	1268.327	795.7296	93.95018	28109.95	10184.56	-4.626335	2291.815	-5.338078	1882.918	-4.626335	2291.815
55.77	17893.19	13221.64	3540.701	69561.92	46651.12	-188.7544	18300.53	2932.028	3390.036	21555.26	44522.92	193.9502	94.66192	1182.918	1.380243e+08	3.645347e+08	1368.327	1195.729	93.95018	31112.95	11585.56	-4.626335	2291.815	94.66192	1182.918	-4.626335	2291.815
56.05	20696.19	14422.64	2739.701	69360.92	46651.12	411.2456	17800.53	2232.028	3491.036	19754.26	39714.92	193.9502	-5.338078	1282.918	1.316393e+08	3.725494e+08	1368.327	1495.729	-6.049822	31913.95	14486.56	-4.626335	1591.815	-5.338078	1282.918	-4.626335	1591.815
56.34	21396.19	22530.64	4540.701	60236.92	51260.12	311.2456	17700.53	2232.028	3891.036	17752.26	42618.92	493.9502	-5.338078	1882.918	1.31932e+08	4.026059e+08	1068.327	895.7296	93.95018	27608.95	13986.56	-4.626335	1091.815	-5.338078	1882.918	-4.626335	1091.815
56.63	23698.19	13021.64	2739.701	57530.92	49957.12	311.2456	18000.53	2932.028	4091.036	16251.26	41016.92	93.95018	-5.338078	1282.918	1.387133e+08	3.444984e+08	668.3274	1295.729	293.9502	33015.95	11084.56	95.37366	1091.815	-5.338078	1282.918	95.37366	1091.815
56.91	23498.19	11519.64	2439.701	50013.92	59277.12	-588.7544	16399.53	3332.028	4091.036	14650.26	38412.92	593.9502	-5.338078	482.9182	1.374967e+08	3.525128e+08	1268.327	1795.729	93.95018	25306.95	11084.56	-4.626335	1091.815	-5.338078	482.9182	-4.626335	1091.815
57.2	24699.19	22530.64	2439.701	45404.92	69303.12	-88.75439	17600.53	2832.028	2990.036	13750.26	42819.92	393.9502	-5.338078	682.9182	1.389918e+08	3.525128e+08	1668.327	1995.729	-6.049822	27408.95	14987.56	-4.626335	1091.815	-5.338078	682.9182	-4.626335	1091.815
57.49	28203.19	11419.64	5140.701	43200.92	71209.12	-388.7544	13697.53	3132.028	3491.036	11449.26	40615.92	293.9502	-5.338078	682.9182	1.360608e+08	3.665384e+08	1268.327	1495.729	93.95018	23104.95	11685.56	-4.626335	1091.815	-5.338078	682.9182	-4.626335	1091.815
57.77	25800.19	9418.641	4840.701	38292.92	71610.12	311.2456	12396.53	3132.028	3991.036	9748.264	44421.92	293.9502	-5.338078	482.9182	1.423802e+08	3.925868e+08	1068.327	1995.729	93.95018	28209.95	12085.56	-4.626335	191.8149	-5.338078	482.9182	-4.626335	191.8149
58.06	32007.19	10719.64	2439.701	40495.92	68300.12	-1889.754	13597.53	3232.028	4091.036	10748.26	41516.92	393.9502	-5.338078	682.9182	1.344497e+08	3.865756e+08	768.3274	2095.729	193.9502	23004.95	11285.56	-4.626335	991.8149	-5.338078	682.9182	-4.626335	991.8149
58.34	26901.19	12720.64	2940.701	43701.92	75120.12	-889.7544	12596.53	3532.028	3891.036	13049.26	48429.92	593.9502	-5.338078	1282.918	1.382149e+08	3.404912e+08	1768.327	2695.729	193.9502	28810.95	12685.56	-4.626335	991.8149	-5.338078	1282.918	-4.626335	991.8149
58.63	24699.19	14221.64	3440.701	47708.92	70807.12	-989.7544	15998.53	2832.028	4291.036	11749.26	51234.92	693.9502	-5.338078	682.9182	1.371889e+08	3.725494e+08	1068.327	2295.729	-6.049822	34717.95	12385.56	-4.626335	1991.815	-5.338078	682.9182	-4.626335	1991.815
58.92	19995.19	17024.64	3240.701	56126.92	62485.12	-88.75439	15198.53	2132.028	3090.036	12549.26	56847.92	193.9502	-5.338078	882.9182	1.336444e+08	4.246484e+08	1168.327	1895.729	293.9502	105315	13085.56	-4.626335	2291.815	-5.338078	882.9182	-4.626335	2291.815
59.2	20395.19	32143.64	4440.701	68959.92	55068.12	1411.246	26909.53	1932.028	3891.036	18153.26	64666.92	993.9502	-5.338078	1182.918	1.399743e+08	3.485056e+08	1768.327	3795.729	293.9502	312636.9	14086.56	95.37366	2591.815	-5.338078	1182.918	95.37366	2591.815
59.49	19495.19	179804.6	1639.701	81196.92	44847.12	4512.246	48042.53	2532.028	2790.036	18953.26	67874.92	1493.95	-5.338078	1882.918	1.416319e+08	3.765569e+08	1268.327	2495.729	93.95018	380872.9	13286.56	-4.626335	2091.815	-5.338078	1882.918	-4.626335	2091.815
59.77	14491.19	196735.6	2940.701	82601.92	34831.12	5513.246	49445.53	1432.028	2390.036	16652.26	62360.92	1893.95	-5.338078	1882.918	1.264927e+08	3.204559e+08	1668.327	3295.729	93.95018	380771.9	11585.56	-4.626335	3491.815	-5.338078	1882.918	-4.626335	3491.815
60.06	9689.188	183431.6	2839.701	95246.92	28323.12	6313.246	66786.52	2232.028	3290.036	18553.26	71083.92	1393.95	-5.338078	1782.918	1.308639e+08	3.82568e+08	3568.327	3095.729	293.9502	342625.9	11885.56	-4.626335	3491.815	-5.338078	1782.918	-4.626335	3491.815
60.34	7988.188	217511.6	2439.701	104785.9	22317.12	4412.246	57763.53	3132.028	3591.036	24558.26	67272.92	1393.95	-5.338078	2582.918	1.391238e+08	3.62531e+08	2968.327	1595.729	93.95018	266405.9	11885.56	95.37366	3891.815	-5.338078	2582.918	95.37366	3891.815
60.63	5888.188	132498.6	439.7012	131411.9	16613.12	3212.246	52952.53	1932.028	4291.036	27061.26	68576.92	693.9502	-5.338078	2582.918	1.288312e+08	3.605274e+08	4368.328	3295.729	93.95018	207250	11485.56	-4.626335	3891.815	-5.338078	2582.918	-4.626335	3891.815
60.92	4987.188	96725.64	3240.701	127792.9	14311.12	1511.246	43633.53	2132.028	2790.036	26760.26	72788.92	593.9502	-5.338078	2482.918	1.296792e+08	4.066135e+08	2968.327	2595.729	193.9502	165742	10984.56	-4.626335	3691.815	-5.338078	2482.918	-4.626335	3691.815
61.2	5388.188	69327.64	2239.701	128797.9	14111.12	111.2456	49545.53	2532.028	4591.036	32367.26	75496.92	993.9502	-5.338078	2682.918	1.278079e+08	3.725494e+08	1568.327	3095.729	193.9502	135963	10184.56	-4.626335	3091.815	-5.338078	2682.918	-4.626335	3091.815
61.49	7188.188	61204.64	2139.701	137846.9	19515.12	1611.246	43633.53	2532.028	2990.036	28262.26	79207.92	293.9502	-5.338078	1982.918	1.358703e+08	4.066135e+08	2868.327	2395.729	193.9502	113049	11885.56	-4.626335	4591.815	-5.338078	1982.918	-4.626335	4591.815
61.77	6588.188	62608.64	1939.701	126787.9	22317.12	11.24561	30813.53	2732.028	2490.036	21756.26	73490.92	293.9502	-5.338078	1682.918	1.37995e+08	3.765569e+08	3468.327	3295.729	-6.049822	99691.95	11285.56	95.37366	2291.815	-5.338078	1682.918	95.37366	2291.815
62.06	7688.188	39655.64	3440.701	127993.9	26621.12	411.2456	23705.53	2132.028	4591.036	17852.26	78806.92	193.9502	-5.338078	1482.918	1.39549e+08	4.206406e+08	1968.327	3495.729	93.95018	75707.95	10484.56	-4.626335	2491.815	-5.338078	1482.918	-4.626335	2491.815
62.35	6888.188	47571.64	2139.701	133623.9	27122.12	111.2456	18700.53	2632.028	4391.036	14850.26	73690.92	593.9502	-5.338078	2082.918	1.407663e+08	4.186367e+08	1268.327	2395.729	93.95018	56056.95	12585.56	-4.626335	1691.815	-5.338078	2082.918	-4.626335	1691.815
62.63	6588.188	37351.64	2940.701	142069.9	25120.12	-3189.754	17399.53	2232.028	3791.036	12249.26	70782.92	-6.049822	-5.338078	3182.918	1.368372e+08	3.785605e+08	968.3274	3495.729	-6.049822	57659.95	12185.56	-4.626335	1491.815	-5.338078	3182.918	-4.626335	1491.815
62.92	5288.188	28337.64	739.7012	148004.9	26621.12	-1489.754	16098.53	1932.028	3290.036	11649.26	71284.92	193.9502	-5.338078	2882.918	1.41175e+08	3.765569e+08	1068.327	3095.729	-6.049822	48340.95	11585.56	95.37366	2291.815	-5.338078	2882.918	95.37366	2291.815
63.2	4187.188	22630.64	3840.701	161387.9	21216.12	-1089.754	11596.53	2332.028	2790.036	11849.26	73390.92	193.9502	-5.338078	2482.918	1.316393e+08	3.585237e+08	1068.327	1595.729	-6.049822	36720.95	11185.56	95.37366	1591.815	-5.338078	2482.918	95.37366	1591.815
63.49	4387.188	40357.64	2039.701	174072.9	17113.12	-789.7544	14397.53	1732.028	3791.036	10648.26	69579.92	-6.049822	-5.338078	3582.918	1.31493e+08	3.485056e+08	1568.327	1995.729	-6.049822	36720.95	11185.56	-4.626335	1391.815	-5.338078	3582.918	-4.626335	1391.815
63.77	4387.188	29439.64	3240.701	159777.9	14011.12	-488.7544	16699.53	3232.028	2690.036	14951.26	74192.92	293.9502	-5.338078	2682.918	1.345082e+08	3.184524e+08	2168.327	2295.729	-6.049822	34016.95	11585.56	-4.626335	1891.815	-5.338078	2682.918	-4.626335	1891.815
64.06	3987.189	20527.64	839.7012	147199.9	12310.12	-188.7544	17399.53	2332.028	3691.036	18353.26	63864.92	193.9502	-5.338078	2882.918	1.304983e+08	4.406799e+08	1368.327	2195.729	-6.049822	47438.95	13886.56	-4.626335	1891.815	-5.338078	2882.918	-4.626335	1891.815
64.35	4287.188	20227.64	2739.701	135432.9	12510.12	-1589.754	21603.53	2032.028	4691.036	19854.26	66871.92	193.9502	-5.338078	3182.918	1.291382e+08	3.805643e+08	1868.327	1695.729	-6.049822	90757.95	12785.56	95.37366	1891.815	-5.338078	3182.918	95.37366	1891.815
64.63	5188.188	32543.64	2639.701	124174.9	11310.12	-188.7544	24606.53	2432.028	2990.036	21655.26	56746.92	593.9502	-5.338078	2482.918	1.29533e+08	4.046097e+08	968.3274	2595.729	93.95018	129629	9884.562	-4.626335	2791.815	-5.338078	2482.918	-4.626335	2791.815
64.92	6488.188	35648.64	3640.701	104684.9	13711.12	11.24561	23905.53	2432.028	4191.036	20054.26	59352.92	893.9502	-5.338078	2282.918	1.335712e+08	3.645347e+08	1368.327	1895.729	193.9502	137471	10884.56	-4.626335	1891.815	-5.338078	2282.918	-4.626335	1891.815
65.2	7388.188	31842.64	2439.701	102274.9	16613.12	111.2456	25807.53	1532.028	3190.036	22456.26	58049.92	593.9502	94.66192	2282.918	1.326783e+08	3.705457e+08	2068.327	1895.729	93.95018	123398	14186.56	-4.626335	3391.815	94.66192	2282.918	-4.626335	3391.815
65.49	8288.188	36249.64	3140.701	93941.92	15912.12	1011.246	24506.53	2432.028	4791.036	23257.26	47227.92	493.9502	-5.338078	2182.918	1.363391e+08	3.004214e+08	2168.327	1995.729	193.9502	124905	12285.56	-4.626335	2891.815	-5.338078	2182.918	-4.626335	2891.815
65.78	5888.188	33545.64	3840.701	99061.92	13911.12	-1389.754	28310.53	2332.028	2890.036	25459.26	52537.92	593.9502	-5.338078	1682.918	1.305568e+08	3.62531e+08	2668.327	1095.729	293.9502	118173	11084.56	-4.626335	3391.815	-5.338078	1682.918	-4.626335	3391.815
66.06	4787.188	21629.64	3040.701	86213.92	11610.12	-1289.754	24506.53	1832.028	2990.036	29163.26	45824.92	693.9502	-5.338078	1282.918	1.278518e+08	3.424948e+08	2668.327	1895.729	193.9502	115862	10984.56	-4.626335	2791.815	-5.338078	1282.918	-4.626335	2791.815
66.35	4187.188	25934.64	639.7012	80092.92	6008.118	-789.7544	26808.53	2832.028	4391.036	28262.26	44121.92	93.95018	-5.338078	2482.918	1.313028e+08	3.384877e+08	2668.327	795.7296	293.9502	120484	11485.56	-4.626335	3291.815	-5.338078	2482.918	-4.626335	3291.815
66.63	3587.189	25033.64	3340.701	69761.92	5708.118	-989.7544	31114.53	2932.028	3390.036	29864.26	54341.92	393.9502	-5.338078	2882.918	1.340397e+08	4.066135e+08	2368.327	1295.729	193.9502	125709	10884.56	-4.626335	3791.815	-5.338078	2882.918	-4.626335	3791.815
66.92	3687.189	41860.64	1939.701	60737.92	4107.118	11.24561	35220.53	2232.028	3891.036	37474.26	52036.92	93.95018	-5.338078	2482.918	1.327808e+08	3.485056e+08	2768.327	1195.729	-6.049822	145516	11285.56	-4.626335	3891.815	-5.338078	2482.918	-4.626335	3891.815
67.21	2587.189	26935.64	3140.701	56126.92	4607.118	-88.75439	32215.53	2732.028	2290.036	34169.26	49331.92	193.9502	-5.338078	2182.918	1.377019e+08	3.785605e+08	3068.327	1995.729	-6.049822	187092	11084.56	-4.626335	5392.815	-5.338078	2182.918	-4.626335	5392.815
67.49	3387.189	29339.64	4240.701	56126.92	3207.117	611.2456	40328.53	2432.028	3991.036	44285.26	51034.92	93.95018	-5.338078	3082.918	1.344936e+08	3.865756e+08	3268.327	1895.729	93.95018	235498	11185.56	-4.626335	5592.815	-5.338078	3082.918	-4.626335	5592.815
67.78	3587.189	30240.64	2940.701	49111.92	2407.117	811.2456	39025.53	1532.028	3591.036	42282.26	56045.92	293.9502	-5.338078	2282.918	1.390065e+08	3.12442e+08	3368.327	1395.729	-6.049822	281772.9	11685.56	-4.626335	5992.815	-5.338078	2282.918	-4.626335	5992.815
68.06	2987.189	31542.64	2139.701	51015.92	8609.117	-1389.754	41830.53	1832.028	4591.036	39778.26	57348.92	193.9502	-5.338078	4182.918	1.364563e+08	4.086173e+08	4268.328	2595.729	-6.049822	324789.9	10784.56	-4.626335	4591.815	-5.338078	4182.918	-4.626335	4591.815
68.35	4387.188	28237.64	3440.701	48009.92	1807.117	411.2456	46940.53	2332.028	3691.036	44586.26	56245.92	393.9502	94.66192	3182.918	1.293283e+08	3.805643e+08	3968.327	2595.729	193.9502	325093.9	10684.56	-4.626335	4191.815	94.66192	3182.918	-4.626335	4191.815
68.64	5688.188	79159.64	2039.701	54022.92	1307.117	-588.7544	41830.53	2232.028	3891.036	46189.26	52537.92	393.9502	-5.338078	3782.918	1.309663e+08	3.565201e+08	3468.327	1995.729	-6.049822	377116.9	11585.56	-4.626335	6392.815	-5.338078	3782.918	-4.626335	6392.815
68.92	9889.188	28638.64	2039.701	57429.92	1307.117	-288.7544	42231.53	2032.028	3691.036	46489.26	58350.92	393.9502	-5.338078	3382.918	1.371596e+08	3.745531e+08	3168.327	1895.729	293.9502	377116.9	10284.56	-4.626335	5992.815	-5.338078	3382.918	-4.626335	5992.815
69.21	13991.19	30841.64	2739.701	60737.92	3007.117	511.2456	43734.53	2232.028	3090.036	49796.26	56847.92	1093.95	-5.338078	4482.918	1.48358e+08	4.00602e+08	4468.328	2895.729	493.9502	433825.9	10484.56	-4.626335	7992.815	-5.338078	4482.918	-4.626335	7992.815
69.49	20595.19	28838.64	2439.701	75277.92	5208.118	-1789.754	43633.53	2032.028	4591.036	52702.26	63563.92	1393.95	-5.338078	2982.918	1.414265e+08	3.765569e+08	4468.328	2595.729	93.95018	416738.9	11485.56	-4.626335	7192.815	-5.338078	2982.918	-4.626335	7192.815
69.78	25300.19	44865.64	1939.701	67254.92	8108.118	411.2456	38725.53	3532.028	3390.036	47191.26	61558.92	2393.95	-5.338078	3382.918	1.382588e+08	3.925868e+08	2868.327	2995.729	293.9502	413078.9	9984.562	-4.626335	4791.815	-5.338078	3382.918	-4.626335	4791.815
70.06	28703.19	80765.64	2339.701	61539.92	8809.117	511.2456	39426.53	2232.028	3390.036	42482.26	54441.92	2093.95	-5.338078	2882.918	1.350647e+08	3.2847e+08	2368.327	2995.729	693.9502	370925.9	10784.56	-4.626335	5192.815	-5.338078	2882.918	-4.626335	5192.815
70.35	28203.19	45467.64	3440.701	49111.92	7308.118	911.2456	35620.53	2232.028	3591.036	36373.26	51134.92	2893.95	94.66192	2882.918	1.294453e+08	3.424948e+08	2668.327	2995.729	793.9502	318712.9	9684.562	95.37366	4291.815	94.66192	2882.918	95.37366	4291.815
70.64	26101.19	46569.64	4540.701	50213.92	8408.117	-188.7544	34418.53	2332.028	2890.036	30364.26	53740.92	1793.95	-5.338078	2882.918	1.308347e+08	3.46502e+08	3868.327	2195.729	693.9502	285413.9	12185.56	-4.626335	4091.815	-5.338078	2882.918	-4.626335	4091.815
70.92	24599.19	299371.6	4040.701	38893.92	7408.118	-1289.754	33617.53	2432.028	2990.036	33769.26	46325.92	1593.95	-5.338078	3682.918	1.2965e+08	3.384877e+08	2668.327	695.7296	293.9502	229846	10784.56	-4.626335	5292.815	-5.338078	3682.918	-4.626335	5292.815
71.21	23798.19	26935.64	3540.701	39894.92	8508.117	-188.7544	38825.53	2232.028	3090.036	29363.26	47126.92	1593.95	-5.338078	2982.918	1.334834e+08	3.68542e+08	3268.327	995.7296	393.9502	191122	11385.56	-4.626335	4091.815	-5.338078	2982.918	-4.626335	4091.815
71.5	25000.19	29339.64	4040.701	35888.92	8008.118	-689.7544	35520.53	1732.028	2990.036	27461.26	42618.92	993.9502	-5.338078	2382.918	1.293137e+08	3.384877e+08	3968.327	1195.729	93.95018	177824	11585.56	-4.626335	3991.815	-5.338078	2382.918	-4.626335	3991.815
71.78	24099.19	23831.64	2739.701	35187.92	10509.12	-889.7544	39626.53	1732.028	5091.036	27862.26	48629.92	393.9502	-5.338078	2582.918	1.373208e+08	3.645347e+08	3568.327	1195.729	493.9502	155375	10884.56	95.37366	4291.815	-5.338078	2582.918	95.37366	4291.815
72.07	22998.19	20628.64	3540.701	35488.92	21817.12	211.2456	34318.53	2532.028	2890.036	27161.26	47728.92	893.9502	-5.338078	1882.918	1.2566e+08	3.444984e+08	4068.327	895.7296	393.9502	142398	11885.56	-4.626335	3991.815	-5.338078	1882.918	-4.626335	3991.815
72.35	26901.19	27336.64	2039.701	38092.92	40840.12	-488.7544	31915.53	2232.028	4091.036	26860.26	48429.92	393.9502	-5.338078	2582.918	1.352551e+08	3.805643e+08	3768.327	1895.729	-6.049822	134756	11685.56	-4.626335	5192.815	-5.338078	2582.918	-4.626335	5192.815
72.64	31807.19	22129.64	3440.701	39794.92	60180.12	-388.7544	37323.53	2632.028	3791.036	26060.26	50433.92	393.9502	-5.338078	2382.918	1.239514e+08	3.204559e+08	3268.327	1295.729	193.9502	124101	9284.562	-4.626335	3491.815	-5.338078	2382.918	-4.626335	3491.815
72.93	36914.19	18826.64	3140.701	46807.92	74318.12	-1189.754	30213.53	3232.028	3190.036	23257.26	47427.92	893.9502	-5.338078	1882.918	1.105007e+08	2.54345e+08	4268.328	1295.729	193.9502	100596	8383.562	-4.626335	3991.815	-5.338078	1882.918	-4.626335	3991.815
73.21	30105.19	15222.64	1939.701	29480.92	52462.12	-188.7544	24005.53	1632.028	2490.036	15551.26	35708.92	93.95018	94.66192	982.9182	7.81097e+07	2.383194e+08	1968.327	995.7296	293.9502	71495.95	5183.562	-4.626335	1691.815	94.66192	982.9182	-4.626335	1691.815
73.5	16693.19	12420.64	539.7012	24474.92	33029.12	-88.75439	16299.53	2132.028	1590.036	10948.26	27797.92	93.95018	-5.338078	1482.918	5.651084e+07	1.62205e+08	1768.327	895.7296	-6.049822	57960.95	4882.562	-4.626335	1091.815	-5.338078	1482.918	-4.626335	1091.815
73.79	13791.19	8117.641	1639.701	16767.92	28323.12	-188.7544	11996.53	1132.028	1990.036	8848.264	20791.92	193.9502	-5.338078	1082.918	4.48107e+07	1.307745e+08	768.3274	595.7296	193.9502	40025.95	3982.562	-4.626335	591.8149	-5.338078	1082.918	-4.626335	591.8149
74.07	12790.19	5816.641	-60.29883	14066.92	21216.12	-1189.754	9595.526	-67.97156	1390.036	6347.263	16187.92	193.9502	-5.338078	182.9182	3.445868e+07	9.618613e+07	868.3274	395.7295	-6.049822	40225.95	2782.562	-4.626335	491.8149	-5.338078	182.9182	-4.626335	491.8149
74.36	9689.188	4715.641	1939.701	10964.92	17213.12	-1489.754	8094.527	532.0284	390.0356	5847.263	13386.92	93.95018	-5.338078	182.9182	2.872534e+07	8.02538e+07	568.3274	295.7295	93.95018	28609.95	1882.562	-4.626335	1091.815	-5.338078	182.9182	-4.626335	1091.815
74.64	6788.188	6016.641	-260.2988	8063.922	12610.12	-2089.754	5193.527	832.0284	790.0356	4346.263	9284.918	-6.049822	-5.338078	682.9182	2.365417e+07	6.573284e+07	468.3274	495.7295	-6.049822	24605.95	1882.562	-4.626335	291.8149	-5.338078	682.9182	-4.626335	291.8149
74.93	5488.188	3815.641	-360.2988	6262.922	9209.117	-1589.754	5793.527	132.0284	690.0356	3946.263	8083.918	93.95018	-5.338078	182.9182	1.877454e+07	5.315248e+07	268.3274	495.7295	-6.049822	15898.95	1282.562	-4.626335	291.8149	-5.338078	182.9182	-4.626335	291.8149
75.21	3787.189	3615.641	-660.2988	5862.922	7208.118	-1489.754	5193.527	332.0284	690.0356	2946.263	7183.918	193.9502	-5.338078	382.9182	1.543077e+07	4.254982e+07	268.3274	295.7295	-6.049822	13397.95	882.5623	-4.626335	391.8149	-5.338078	382.9182	-4.626335	391.8149
75.5	3887.189	2014.641	639.7012	3961.922	7208.118	-1389.754	3092.527	32.02844	290.0356	3146.263	4782.918	-6.049822	-5.338078	-17.08185	1.153842e+07	3.373595e+07	268.3274	295.7295	-6.049822	12496.95	882.5623	-4.626335	291.8149	-5.338078	-17.08185	-4.626335	291.8149
75.79	2787.189	2515.641	-660.2988	4762.922	4907.118	-1189.754	1892.527	-367.9716	890.0356	1446.263	5083.918	-6.049822	-5.338078	182.9182	1.032206e+07	2.908029e+07	268.3274	95.72954	-6.049822	9595.95	982.5623	-4.626335	91.81495	-5.338078	182.9182	-4.626335	91.81495
76.07	2087.189	1814.641	-260.2988	2761.922	3907.117	-1189.754	2492.527	32.02844	-209.9644	1446.263	4582.918	-6.049822	-5.338078	-17.08185	8894076	2.411717e+07	-31.6726	95.72954	-6.049822	8494.95	582.5623	-4.626335	91.81495	-5.338078	-17.08185	-4.626335	91.81495
76.36	1687.189	114.6406	-60.29883	2661.922	3107.117	-1589.754	892.5267	332.0284	-9.964355	1646.263	2982.918	93.95018	-5.338078	82.91815	7099312	1.748199e+07	68.3274	-4.270463	-6.049822	6294.95	182.5623	-4.626335	91.81495	-5.338078	82.91815	-4.626335	91.81495
76.64	1487.189	714.6406	-460.2988	1461.922	2207.117	-2189.754	892.5267	-267.9716	190.0356	746.2634	1382.918	-6.049822	94.66192	-17.08185	5997468	1.742509e+07	-31.6726	95.72954	-6.049822	7394.95	382.5623	-4.626335	91.81495	94.66192	-17.08185	-4.626335	91.81495
76.93	1187.189	414.6406	139.7012	1461.922	2407.117	-1589.754	2292.527	-167.9716	590.0356	646.2634	1982.918	93.95018	-5.338078	82.91815	4288878	2.376089e+07	168.3274	-4.270463	-6.049822	4493.95	82.56228	-4.626335	191.8149	-5.338078	82.91815	-4.626335	191.8149
77.21	1087.189	2014.641	-260.2988	1361.922	2007.117	-2589.754	392.5267	-167.9716	-109.9644	1046.263	2282.918	93.95018	-5.338078	-17.08185	4331230	1.108639e+07	68.3274	-4.270463	-6.049822	4193.95	282.5623	-4.626335	-8.185054	-5.338078	-17.08185	-4.626335	-8.185054
77.5	387.1886	-185.3594	339.7012	261.9218	1607.117	-1089.754	392.5267	32.02844	-109.9644	446.2633	1182.918	-6.049822	-5.338078	-17.08185	2933890	1.068882e+07	-31.6726	-4.270463	93.95018	2993.95	282.5623	-4.626335	91.81495	-5.338078	-17.08185	-4.626335	91.81495
77.79	1087.189	-85.35938	-861.2988	861.9218	1807.117	-288.7544	292.5267	32.02844	-309.9644	746.2634	282.9182	-6.049822	-5.338078	82.91815	2948002	6460332	68.3274	-4.270463	-6.049822	2293.95	-17.43772	-4.626335	-8.185054	-5.338078	82.91815	-4.626335	-8.185054
78.07	687.1886	414.6406	-2261.299	661.9218	2007.117	-689.7544	92.52673	-367.9716	-309.9644	546.2634	782.9182	-6.049822	-5.338078	-17.08185	2214264	6034924	68.3274	-4.270463	-6.049822	2893.95	82.56228	-4.626335	91.81495	-5.338078	-17.08185	-4.626335	91.81495
78.36	287.1886	614.6406	-160.2988	1261.922	707.1174	-1589.754	192.5267	232.0284	190.0356	646.2634	482.9182	-6.049822	-5.338078	-17.08185	2440014	5354378	-31.6726	-4.270463	-6.049822	2393.95	-17.43772	-4.626335	-8.185054	-5.338078	-17.08185	-4.626335	-8.185054
78.64	387.1886	-685.3594	-260.2988	661.9218	307.1174	-588.7544	692.5267	-467.9716	-9.964355	546.2634	82.91815	-6.049822	-5.338078	-17.08185	1424257	5467793	68.3274	95.72954	-6.049822	1193.95	82.56228	-4.626335	-8.185054	-5.338078	-17.08185	-4.626335	-8.185054
78.93	-12.81139	314.6406	-1661.299	1261.922	507.1174	-1789.754	1092.527	332.0284	-9.964355	346.2633	682.9182	-6.049822	-5.338078	-17.08185	1085736	3696095	-31.6726	-4.270463	-6.049822	1393.95	-17.43772	-4.626335	-8.185054	-5.338078	-17.08185	-4.626335	-8.185054
79.22	387.1886	-385.3594	-1561.299	561.9218	307.1174	-689.7544	392.5267	-367.9716	-409.9644	46.26334	82.91815	-6.049822	-5.338078	-17.08185	958799.4	2704330	68.3274	-4.270463	-6.049822	1193.95	-17.43772	-4.626335	-8.185054	-5.338078	-17.08185	-4.626335	-8.185054
79.51	287.1886	414.6406	-160.2988	161.9218	507.1174	-889.7544	92.52673	-367.9716	590.0356	46.26334	682.9182	-6.049822	-5.338078	82.91815	1099841	2477681	-31.6726	-4.270463	-6.049822	1293.95	82.56228	-4.626335	-8.185054	-5.338078	82.91815	-4.626335	-8.185054
79.8	287.1886	914.6406	-360.2988	861.9218	807.1174	-288.7544	-107.4733	32.02844	-509.9644	-53.73666	682.9182	93.95018	-5.338078	-17.08185	662631.4	1939445	68.3274	-4.270463	-6.049822	893.9502	82.56228	-4.626335	-8.185054	-5.338078	-17.08185	-4.626335	-8.185054
80.09	87.18861	514.6406	-160.2988	261.9218	507.1174	-1489.754	92.52673	-67.97156	-309.9644	546.2634	182.9182	-6.049822	-5.338078	-17.08185	803661.4	1882794	-31.6726	-4.270463	-6.049822	1493.95	182.5623	-4.626335	-8.185054	-5.338078	-17.08185	-4.626335	-8.185054
80.38	187.1886	1014.641	-961.2988	361.9218	107.1174	-1989.754	1092.527	-167.9716	-109.9644	-53.73666	82.91815	-6.049822	-5.338078	-17.08185	674757.4	1542903	-31.6726	-4.270463	-6.049822	393.9502	182.5623	-4.626335	91.81495	-5.338078	-17.08185	-4.626335	91.81495
80.67	-12.81139	214.6406	-1061.299	-38.07825	107.1174	-1689.754	392.5267	-67.97156	490.0356	246.2633	182.9182	-6.049822	-5.338078	-17.08185	504511.4	735793.8	-31.6726	-4.270463	-6.049822	1093.95	-17.43772	-4.626335	-8.185054	-5.338078	-17.08185	-4.626335	-8.185054
80.96	87.18861	614.6406	-260.2988	61.92175	-92.88256	-2489.754	-607.4733	-467.9716	190.0356	246.2633	82.91815	-6.049822	-5.338078	-17.08185	465200.4	622529.8	68.3274	-4.270463	-6.049822	993.9502	-17.43772	-4.626335	-8.185054	-5.338078	-17.08185	-4.626335	-8.185054
81.25	87.18861	1114.641	-1361.299	161.9218	207.1174	-1989.754	-7.473267	132.0284	-509.9644	146.2633	282.9182	-6.049822	-5.338078	-17.08185	465200.4	525618.8	68.3274	-4.270463	-6.049822	193.9502	-17.43772	-4.626335	91.81495	-5.338078	-17.08185	-4.626335	91.81495
81.54	-12.81139	1114.641	-460.2988	461.9218	107.1174	-1589.754	-307.4733	-267.9716	190.0356	146.2633	182.9182	-6.049822	-5.338078	-17.08185	340068.4	622529.8	-31.6726	-4.270463	-6.049822	293.9502	-17.43772	-4.626335	-8.185054	-5.338078	-17.08185	-4.626335	-8.185054
81.83	-12.81139	914.6406	-2061.299	-138.0782	7.117439	-989.7544	-207.4733	232.0284	690.0356	-53.73666	82.91815	93.95018	-5.338078	-17.08185	336115.4	679160.8	-31.6726	-4.270463	-6.049822	993.9502	82.56228	-4.626335	-8.185054	-5.338078	-17.08185	-4.626335	-8.185054
82.12	187.1886	-885.3594	139.7012	-338.0782	207.1174	-1189.754	-7.473267	-267.9716	-9.964355	46.26334	182.9182	-6.049822	-5.338078	-17.08185	339561.4	905695.8	-31.6726	-4.270463	-6.049822	293.9502	-17.43772	-4.626335	-8.185054	-5.338078	-17.08185	-4.626335	-8.185054
82.41	87.18861	414.6406	1239.701	-138.0782	-92.88256	-789.7544	992.5267	-67.97156	490.0356	-53.73666	182.9182	-6.049822	-5.338078	-17.08185	252034.4	325229.8	-31.6726	-4.270463	-6.049822	393.9502	-17.43772	-4.626335	-8.185054	-5.338078	-17.08185	-4.626335	-8.185054
82.69	-12.81139	514.6406	739.7012	-338.0782	107.1174	-1589.754	-307.4733	-367.9716	-309.9644	-53.73666	82.91815	-6.049822	-5.338078	-17.08185	252337.4	551741.8	-31.6726	-4.270463	-6.049822	293.9502	-17.43772	-4.626335	-8.185054	-5.338078	-17.08185	-4.626335	-8.185054
82.99	87.18861	14.64062	-60.29883	-138.0782	7.117439	-388.7544	-207.4733	132.0284	-209.9644	-53.73666	182.9182	-6.049822	-5.338078	-17.08185	59741.39	523426.8	-31.6726	-4.270463	-6.049822	393.9502	-17.43772	-4.626335	-8.185054	-5.338078	-17.08185	-4.626335	-8.185054
83.27	-12.81139	914.6406	-1861.299	-38.07825	-92.88256	-889.7544	-7.473267	232.0284	-109.9644	-53.73666	182.9182	-6.049822	-5.338078	182.9182	84470.4	159452.8	-31.6726	-4.270463	-6.049822	93.95018	82.56228	-4.626335	-8.185054	-5.338078	182.9182	-4.626335	-8.185054
83.56	-12.81139	-1185.359	-1261.299	-138.0782	7.117439	-2889.754	-407.4733	332.0284	490.0356	-53.73666	-17.08185	-6.049822	-5.338078	-17.08185	57535.39	551741.8	68.3274	-4.270463	-6.049822	-6.049822	-17.43772	-4.626335	-8.185054	-5.338078	-17.08185	-4.626335	-8.185054
83.85	-12.81139	814.6406	-861.2988	361.9218	7.117439	-889.7544	-707.4733	-67.97156	-409.9644	-53.73666	-17.08185	-6.049822	-5.338078	-17.08185	198051.4	255849.8	-31.6726	-4.270463	-6.049822	93.95018	-17.43772	-4.626335	-8.185054	-5.338078	-17.08185	-4.626335	-8.185054
84.13	187.1886	1514.641	-560.2988	361.9218	-92.88256	-488.7544	-207.4733	-67.97156	-9.964355	46.26334	-17.08185	-6.049822	-5.338078	-17.08185	91436.4	296916.8	-31.6726	-4.270463	-6.049822	93.95018	-17.43772	-4.626335	-8.185054	-5.338078	-17.08185	-4.626335	-8.185054
84.42	-12.81139	614.6406	-60.29883	-38.07825	7.117439	-1289.754	-107.4733	-67.97156	190.0356	46.26334	-17.08185	-6.049822	-5.338078	-17.08185	124579.4	155354.8	-31.6726	-4.270463	-6.049822	193.9502	-17.43772	-4.626335	-8.185054	-5.338078	-17.08185	-4.626335	-8.185054
84.7	87.18861	-885.3594	-1361.299	-38.07825	7.117439	-2289.754	92.52673	-67.97156	-309.9644	46.26334	82.91815	-6.049822	-5.338078	-17.08185	82305.4	105266.8	-31.6726	-4.270463	-6.049822	293.9502	-17.43772	-4.626335	-8.185054	-5.338078	-17.08185	-4.626335	-8.185054
85	87.18861	-685.3594	-861.2988	261.9218	207.1174	-1189.754	-107.4733	-267.9716	890.0356	46.26334	182.9182	-6.049822	-5.338078	-17.08185	155552.4	339385.8	68.3274	-4.270463	-6.049822	493.9502	-17.43772	-4.626335	-8.185054	-5.338078	-17.08185	-4.626335	-8.185054
85.29	87.18861	214.6406	-961.2988	561.9218	7.117439	-1989.754	-407.4733	-67.97156	-709.9644	46.26334	-17.08185	-6.049822	-5.338078	-17.08185	104086.4	268603.8	68.3274	-4.270463	-6.049822	-6.049822	-17.43772	-4.626335	-8.185054	-5.338078	-17.08185	-4.626335	-8.185054
85.57	-12.81139	1314.641	339.7012	261.9218	-92.88256	-1589.754	-607.4733	232.0284	390.0356	-53.73666	-17.08185	-6.049822	-5.338078	-17.08185	102981.4	64828.77	-31.6726	-4.270463	-6.049822	493.9502	-17.43772	-4.626335	-8.185054	-5.338078	-17.08185	-4.626335	-8.185054
85.86	-12.81139	914.6406	-1361.299	-438.0782	7.117439	11.24561	-7.473267	332.0284	-209.9644	246.2633	-17.08185	-6.049822	-5.338078	-17.08185	82606.4	60116.77	-31.6726	-4.270463	-6.049822	93.95018	-17.43772	-4.626335	-8.185054	-5.338078	-17.08185	-4.626335	-8.185054
86.14	-12.81139	1214.641	-1661.299	-538.0782	-92.88256	-1189.754	-607.4733	-167.9716	-309.9644	46.26334	-17.08185	-6.049822	-5.338078	82.91815	62547.39	27954.77	68.3274	-4.270463	-6.049822	-6.049822	-17.43772	-4.626335	-8.185054	-5.338078	82.91815	-4.626335	-8.185054
86.43	-12.81139	114.6406	-60.29883	-138.0782	-92.88256	-1489.754	92.52673	432.0284	1090.036	46.26334	-17.08185	-6.049822	-5.338078	-17.08185	33692.39	537583.8	-31.6726	-4.270463	-6.049822	-6.049822	282.5623	-4.626335	-8.185054	-5.338078	-17.08185	-4.626335	-8.185054
86.72	187.1886	1214.641	-1561.299	-538.0782	-92.88256	-1489.754	92.52673	-267.9716	-509.9644	-53.73666	82.91815	-6.049822	-5.338078	-17.08185	108203.4	282759.8	-31.6726	-4.270463	-6.049822	-6.049822	82.56228	-4.626335	-8.185054	-5.338078	-17.08185	-4.626335	-8.185054
87.01	-12.81139	1014.641	-1261.299	-38.07825	-92.88256	-789.7544	-207.4733	32.02844	490.0356	46.26334	-17.08185	-6.049822	-5.338078	-17.08185	70168.4	48390.77	-31.6726	-4.270463	93.95018	393.9502	-17.43772	-4.626335	-8.185054	-5.338078	-17.08185	-4.626335	-8.185054
87.29	-12.81139	-685.3594	-1261.299	-638.0782	-92.88256	-989.7544	-707.4733	232.0284	590.0356	-53.73666	-17.08185	-6.049822	-5.338078	-17.08185	27084.39	82279.77	-31.6726	-4.270463	-6.049822	-6.049822	-17.43772	-4.626335	-8.185054	-5.338078	-17.08185	-4.626335	-8.185054
87.58	187.1886	614.6406	-560.2988	-138.0782	7.117439	-789.7544	-307.4733	-167.9716	-9.964355	-53.73666	-17.08185	-6.049822	-5.338078	-17.08185	23680.39	62321.77	-31.6726	-4.270463	-6.049822	93.95018	-17.43772	-4.626335	-8.185054	-5.338078	-17.08185	-4.626335	-8.185054
87.86	-12.81139	714.6406	439.7012	-538.0782	-92.88256	-1689.754	-707.4733	-67.97156	-309.9644	-53.73666	-17.08185	-6.049822	-5.338078	-17.08185	55330.39	45084.77	168.3274	-4.270463	-6.049822	-6.049822	-17.43772	95.37366	-8.185054	-5.338078	-17.08185	95.37366	-8.185054
88.15	-12.81139	-185.3594	-1661.299	261.9218	7.117439	-1189.754	-307.4733	-167.9716	790.0356	-53.73666	82.91815	-6.049822	-5.338078	-17.08185	55330.39	32865.77	-31.6726	-4.270463	-6.049822	193.9502	82.56228	-4.626335	91.81495	-5.338078	-17.08185	-4.626335	91.81495
88.43	-12.81139	314.6406	-560.2988	-38.07825	-92.88256	-488.7544	292.5267	-67.97156	190.0356	-53.73666	-17.08185	93.95018	-5.338078	-17.08185	53226.39	51196.77	-31.6726	-4.270463	93.95018	-6.049822	-17.43772	-4.626335	-8.185054	-5.338078	-17.08185	-4.626335	-8.185054
88.72	-12.81139	14.64062	-660.2988	-338.0782	7.117439	-2089.754	492.5267	332.0284	490.0356	46.26334	-17.08185	-6.049822	-5.338078	-17.08185	27785.39	21653.77	-31.6726	-4.270463	93.95018	-6.049822	-17.43772	-4.626335	-8.185054	-5.338078	-17.08185	-4.626335	-8.185054
89	-12.81139	914.6406	-360.2988	-238.0782	-92.88256	-1289.754	-207.4733	-167.9716	1090.036	46.26334	-17.08185	-6.049822	-5.338078	-17.08185	41504.39	142550.8	-31.6726	-4.270463	-6.049822	-6.049822	-17.43772	-4.626335	-8.185054	-5.338078	-17.08185	-4.626335	-8.185054
