ElapsedTime_s	Ti49_CPS	Al27_CPS	S33_CPS	Sc45_CPS	V51_CPS	Mn55_CPS	Fe57_CPS	Co59_CPS	Ni60_CPS	Ga71_CPS	Zr90_CPS	Nb93_CPS	Mo97_CPS	In113_CPS	Sn119_CPS	Sn118_CPS	Sb121_CPS	Hf177_CPS	Ta181_CPS	W183_CPS	Pb206_CPS	Th232_CPS	U238_CPS	Tc97_CPS	Cd113_CPS	U232_CPS	Pu238_CPS
0	1187.189	1504532	5741.701	17368.92	17113.12	18121.25	-407.4733	10935.03	1590.036	9948.264	22892.92	35218.95	2294.662	3482.918	5570.395	13547.77	14272.33	16100.73	66682.95	7594.95	17688.56	75308.38	73298.81	2294.662	3482.918	75308.38	73298.81
0.29	787.1886	1435531	7842.701	16667.92	15512.12	20724.25	1092.527	11335.03	3190.036	10748.26	21691.92	33115.95	3294.662	4982.918	4469.395	13347.77	14172.33	16000.73	71896.95	7594.95	14186.56	75208.38	82126.81	3294.662	4982.918	75208.38	82126.81
0.5799999	1587.189	1559356	6741.701	17668.92	16513.12	17821.25	1592.527	11735.03	3491.036	8047.263	20290.92	35719.95	3694.662	5983.918	5470.395	14848.77	15473.33	19703.73	72498.95	8995.95	15187.56	75108.38	84233.81	3694.662	5983.918	75108.38	84233.81
0.8600001	1587.189	1508247	10743.7	17668.92	15212.12	17321.25	792.5267	10334.03	3491.036	9248.264	22092.92	32114.95	2194.662	5283.918	3369.395	11146.77	11070.33	16400.73	71094.95	7594.95	12485.56	77515.38	70490.81	2194.662	5283.918	77515.38	70490.81
1.15	1587.189	1460524	7241.701	18669.92	16513.12	21024.25	592.5267	10535.03	2590.036	8347.264	22993.92	39124.95	2194.662	5183.918	4269.395	11946.77	15473.33	17001.73	73902.95	8094.95	16387.56	86645.38	85437.81	2194.662	5183.918	86645.38	85437.81
1.43	1087.189	1594160	7141.701	20771.92	16713.12	21725.25	892.5267	12335.03	2290.036	10348.26	26296.92	36620.95	2994.662	5283.918	6070.395	13347.77	16674.33	17501.73	76610.95	6594.95	16487.56	81427.38	88146.81	2994.662	5283.918	81427.38	88146.81
1.72	1587.189	1588196	6241.701	20570.92	14611.12	21525.25	1092.527	13436.03	2790.036	10248.26	24494.92	36219.95	3594.662	6583.918	4970.395	13947.77	15473.33	17801.73	82128.95	8394.95	17988.56	89254.38	83530.81	3594.662	6583.918	89254.38	83530.81
2	1287.189	1576486	7642.701	21071.92	16212.12	21325.25	292.5267	10635.03	2190.036	9048.264	27898.92	34417.95	3494.662	5583.918	5270.395	13747.77	14872.33	16000.73	74704.95	8795.95	17088.56	86043.38	82728.81	3494.662	5583.918	86043.38	82728.81
2.29	1187.189	1556910	6541.701	18869.92	16012.12	15719.25	1292.527	12535.03	2590.036	8347.264	22592.92	32013.95	2994.662	5183.918	4669.395	13147.77	15673.33	14899.73	73300.95	7694.95	14987.56	79020.38	83229.81	2994.662	5183.918	79020.38	83229.81
2.57	1287.189	1421457	5240.701	20570.92	15412.12	19523.25	92.52673	10835.03	2590.036	10548.26	23493.92	32815.95	3194.662	4682.918	5370.395	15348.77	13572.33	15200.73	70693.95	8294.95	16588.56	81528.38	80119.81	3194.662	4682.918	81528.38	80119.81
2.86	987.1886	1495406	6441.701	18969.92	17613.12	19022.25	692.5267	10134.03	1990.036	7347.263	24094.92	35618.95	3194.662	4682.918	4970.395	16148.77	13972.33	15800.73	74103.95	9095.95	15187.56	77314.38	81223.81	3194.662	4682.918	77314.38	81223.81
3.14	887.1886	1601723	6941.701	19670.92	17213.12	20624.25	1092.527	11235.03	1290.036	8047.263	23994.92	36420.95	2894.662	4382.918	5070.395	13047.77	17574.33	15600.73	76811.95	7494.95	17588.56	83033.38	84935.81	2894.662	4382.918	83033.38	84935.81
3.42	1787.189	1621653	4940.701	22973.92	19315.12	21224.25	192.5267	10535.03	2990.036	10848.26	24394.92	36920.95	3294.662	3482.918	5670.395	15348.77	13272.33	14599.73	78015.95	8294.95	14286.56	78317.38	83229.81	3294.662	3482.918	78317.38	83229.81
3.71	1487.189	1534692	8242.701	19169.92	17013.12	18722.25	492.5267	12435.03	1690.036	8447.264	22792.92	31813.95	2994.662	5183.918	6170.395	14347.77	17774.33	16701.73	75206.95	6694.95	17588.56	81327.38	87343.81	2994.662	5183.918	81327.38	87343.81
4	987.1886	1557974	7842.701	19369.92	18114.12	19222.25	1292.527	11335.03	2790.036	10748.26	21892.92	36520.95	2694.662	5583.918	4970.395	14047.77	15373.33	15600.73	78115.95	7394.95	16988.56	83434.38	85136.81	2694.662	5583.918	83434.38	85136.81
4.28	887.1886	1643839	6741.701	20971.92	18914.12	22326.25	592.5267	12535.03	2790.036	9048.264	29199.92	36620.95	3494.662	5383.918	5270.395	14347.77	20977.33	17501.73	74704.95	7794.95	16788.56	90860.38	84032.81	3494.662	5383.918	90860.38	84032.81
4.57	1087.189	1552337	7341.701	21571.92	19114.12	23327.25	192.5267	10635.03	3090.036	8948.264	26596.92	37421.95	3494.662	4482.918	5170.395	15548.77	14172.33	13899.73	77513.95	8094.95	18589.56	83534.38	80220.81	3494.662	4482.918	83534.38	80220.81
4.85	1387.189	1508566	4440.701	16067.92	17113.12	18922.25	292.5267	11035.03	2190.036	10348.26	22892.92	37121.95	3094.662	3982.918	6870.395	13347.77	16674.33	19703.73	73100.95	7494.95	16487.56	78017.38	85537.81	3094.662	3982.918	78017.38	85537.81
5.14	1887.189	1550530	5741.701	21171.92	19114.12	16820.25	-107.4733	11735.03	2290.036	8447.264	26696.92	35618.95	3594.662	4482.918	5070.395	14247.77	18075.33	16000.73	75707.95	8394.95	18489.56	82531.38	82226.81	3594.662	4482.918	82531.38	82226.81
5.42	787.1886	1594479	7842.701	19069.92	15212.12	18422.25	492.5267	10735.03	2690.036	9748.264	24694.92	34216.95	3394.662	3582.918	6470.395	13747.77	15973.33	17501.73	75607.95	7294.95	16588.56	85240.38	84835.81	3394.662	3582.918	85240.38	84835.81
5.71	1287.189	1603214	7041.701	21671.92	19114.12	22125.25	-7.473267	11035.03	2690.036	10448.26	24194.92	35719.95	4094.662	3982.918	4269.395	14347.77	13472.33	18001.73	76309.95	9295.95	14886.56	85742.38	82326.81	4094.662	3982.918	85742.38	82326.81
5.99	787.1886	1534798	7341.701	19369.92	13911.12	19323.25	792.5267	9234.028	3390.036	8547.264	22292.92	31713.95	3894.662	4882.918	3969.395	12947.77	18775.33	13699.73	69489.95	8194.95	16788.56	81227.38	80721.81	3894.662	4882.918	81227.38	80721.81
6.28	2187.189	1503046	4940.701	18068.92	19415.12	18221.25	792.5267	11435.03	1090.036	11549.26	21691.92	34617.95	2694.662	5883.918	5870.395	13447.77	14973.33	18802.73	71595.95	7694.95	16387.56	86143.38	87845.81	2694.662	5883.918	86143.38	87845.81
6.56	1087.189	1557867	6741.701	18369.92	14311.12	18422.25	292.5267	10434.03	2390.036	8447.264	24594.92	35719.95	3194.662	5083.918	5570.395	15148.77	15173.33	18502.73	74805.95	8194.95	15087.56	83334.38	76408.81	3194.662	5083.918	83334.38	76408.81
6.85	1187.189	1533736	4840.701	20670.92	16012.12	17921.25	192.5267	10935.03	1890.036	8047.263	20290.92	34717.95	2894.662	4382.918	4269.395	13047.77	13672.33	17001.73	71696.95	7494.95	16788.56	77916.38	79718.81	2894.662	4382.918	77916.38	79718.81
7.13	1687.189	1580318	5340.701	20170.92	16813.12	18322.25	1292.527	9734.028	3190.036	8648.264	28899.92	34016.95	3294.662	6483.918	6170.395	11946.77	15273.33	16000.73	79519.95	8594.95	15787.56	85340.38	86641.81	3294.662	6483.918	85340.38	86641.81
7.42	887.1886	1548616	5641.701	20070.92	14311.12	18522.25	292.5267	11535.03	3290.036	9148.264	22792.92	33816.95	3594.662	5183.918	5370.395	14047.77	14672.33	17201.73	81325.95	10495.95	14486.56	85240.38	80922.81	3594.662	5183.918	85240.38	80922.81
7.7	987.1886	1609501	6841.701	19870.92	18014.12	19523.25	292.5267	12335.03	2390.036	9548.264	23793.92	39023.95	3394.662	4682.918	6070.395	15348.77	17474.33	18102.73	82228.95	7494.95	17788.56	87749.38	91759.81	3394.662	4682.918	87749.38	91759.81
7.99	1387.189	1676940	6141.701	19670.92	19715.12	18021.25	392.5267	13636.03	2190.036	9348.264	25795.92	34116.95	3894.662	5083.918	5770.395	13347.77	16373.33	19803.73	82027.95	8294.95	19890.56	92867.38	96678.81	3894.662	5083.918	92867.38	96678.81
8.27	1187.189	1734380	6741.701	21871.92	20616.12	21925.25	392.5267	10735.03	2290.036	9248.264	25295.92	36820.95	3194.662	5083.918	6570.395	16649.77	15773.33	20303.73	74704.95	8494.95	18489.56	83334.38	83631.81	3194.662	5083.918	83334.38	83631.81
8.56	1487.189	1575847	5040.701	18869.92	17013.12	17521.25	792.5267	12936.03	2590.036	8948.264	23893.92	33115.95	3794.662	4082.918	5270.395	14547.77	13772.33	15800.73	78315.95	8795.95	18289.56	86244.38	85738.81	3794.662	4082.918	86244.38	85738.81
8.84	787.1886	1529911	7341.701	18969.92	15512.12	20123.25	692.5267	10535.03	2890.036	9448.264	26396.92	34617.95	2894.662	4282.918	5470.395	14748.77	15173.33	16801.73	76109.95	10095.95	18689.56	86645.38	88447.81	2894.662	4282.918	86645.38	88447.81
9.13	1487.189	1645439	4240.701	21471.92	17413.12	20324.25	-107.4733	13536.03	3491.036	14350.26	25895.92	33816.95	3594.662	4182.918	5170.395	16048.77	13372.33	18802.73	75206.95	7294.95	15787.56	79220.38	80922.81	3594.662	4182.918	79220.38	80922.81
9.41	887.1886	1531398	5040.701	18969.92	16913.12	16019.25	-7.473267	11135.03	3591.036	7647.263	23893.92	34417.95	3194.662	4182.918	4769.395	11546.77	16073.33	15500.73	68988.95	5994.95	15687.56	82732.38	78013.81	3194.662	4182.918	82732.38	78013.81
9.7	787.1886	1490844	4640.701	20771.92	17113.12	19423.25	-7.473267	12435.03	2090.036	7447.263	22892.92	31713.95	1894.662	5783.918	5370.395	13047.77	13972.33	16801.73	74203.95	7294.95	16487.56	89555.38	82728.81	1894.662	5783.918	89555.38	82728.81
9.98	1287.189	1551487	6141.701	18369.92	16813.12	19723.25	392.5267	11335.03	3390.036	8748.264	21892.92	35719.95	4594.662	3482.918	5770.395	14347.77	18875.33	14499.73	72799.95	7394.95	15087.56	83635.38	81524.81	4594.662	3482.918	83635.38	81524.81
10.27	1387.189	1552444	6841.701	23073.92	17913.12	22426.25	792.5267	11735.03	2790.036	9048.264	22492.92	38923.95	3594.662	3882.918	4869.395	12846.77	15373.33	18902.73	79720.95	8394.95	15787.56	89455.38	89551.81	3594.662	3882.918	89455.38	89551.81
10.55	1387.189	1597036	5741.701	18569.92	19515.12	20524.25	492.5267	15137.03	3691.036	9348.264	25795.92	38322.95	3794.662	4882.918	5970.395	15148.77	16273.33	18702.73	81024.95	8294.95	17488.56	87548.38	88347.81	3794.662	4882.918	87548.38	88347.81
10.84	1387.189	1593414	7842.701	19269.92	16613.12	20223.25	292.5267	11135.03	1990.036	9448.264	22092.92	34317.95	2994.662	4382.918	5170.395	14047.77	13071.33	15800.73	74905.95	8695.95	15587.56	82932.38	88849.81	2994.662	4382.918	82932.38	88849.81
11.12	1087.189	1500075	7341.701	17968.92	17313.12	18121.25	1092.527	11035.03	2290.036	9348.264	21792.92	33716.95	2994.662	4782.918	4869.395	13347.77	17774.33	15400.73	74404.95	8795.95	15987.56	86745.38	84935.81	2994.662	4782.918	86745.38	84935.81
11.41	1787.189	1559675	5340.701	17868.92	17713.12	19022.25	192.5267	12435.03	4091.036	9748.264	23193.92	36420.95	4294.662	4582.918	4869.395	14547.77	12071.33	16901.73	72999.95	7594.95	15787.56	88552.38	84634.81	4294.662	4582.918	88552.38	84634.81
11.69	1187.189	1581808	3840.701	20971.92	18114.12	19022.25	692.5267	13636.03	2590.036	8147.263	27097.92	41327.95	3794.662	3282.918	5470.395	13547.77	15973.33	18402.73	80422.95	7694.95	14987.56	89254.38	90856.81	3794.662	3282.918	89254.38	90856.81
11.98	887.1886	1654939	4840.701	20871.92	16813.12	16620.25	292.5267	13536.03	3390.036	9448.264	26997.92	33916.95	3894.662	3882.918	5970.395	13547.77	16674.33	17201.73	74504.95	6494.95	16087.56	85240.38	92361.81	3894.662	3882.918	85240.38	92361.81
12.26	1687.189	1577018	9243.701	20070.92	16312.12	21325.25	292.5267	13536.03	2890.036	8848.264	22092.92	34317.95	3494.662	4982.918	5070.395	11446.77	14172.33	19102.73	74504.95	7594.95	12985.56	79421.38	84634.81	3494.662	4982.918	79421.38	84634.81
12.55	1287.189	1540325	4640.701	17368.92	18614.12	18322.25	292.5267	13236.03	2690.036	9748.264	25695.92	35218.95	1894.662	4582.918	5670.395	13647.77	15773.33	18202.73	78115.95	7694.95	15487.56	88251.38	84835.81	1894.662	4582.918	88251.38	84835.81
12.83	1187.189	1557867	5841.701	18669.92	15512.12	18221.25	292.5267	10935.03	1890.036	9548.264	24894.92	32915.95	2594.662	3582.918	5470.395	14347.77	16674.33	18102.73	81927.95	6794.95	17588.56	83033.38	86139.81	2594.662	3582.918	83033.38	86139.81
13.12	1787.189	1634237	6241.701	19069.92	17213.12	20924.25	392.5267	11935.03	2890.036	7747.263	23693.92	34417.95	2894.662	5383.918	4869.395	16148.77	17274.33	17201.73	77312.95	7094.95	14086.56	85742.38	83229.81	2894.662	5383.918	85742.38	83229.81
13.4	1087.189	1496255	6841.701	19770.92	15712.12	17921.25	-107.4733	10134.03	1890.036	10048.26	22892.92	34116.95	3794.662	4882.918	5870.395	11846.77	14372.33	17301.73	74704.95	8094.95	17288.56	84337.38	82928.81	3794.662	4882.918	84337.38	82928.81
13.69	587.1886	1502728	6741.701	18969.92	17313.12	17921.25	-607.4733	11035.03	2290.036	6847.263	24694.92	35318.95	3194.662	3582.918	3469.395	10145.77	11471.33	16801.73	76309.95	9795.95	15987.56	80424.38	80922.81	3194.662	3582.918	80424.38	80922.81
13.97	1087.189	1480133	5040.701	20871.92	17413.12	17421.25	-7.473267	10635.03	1990.036	9148.264	23994.92	35618.95	3594.662	3882.918	4469.395	13947.77	15673.33	18702.73	74805.95	7894.95	17688.56	83033.38	88849.81	3594.662	3882.918	83033.38	88849.81
14.26	1187.189	1602575	4540.701	20670.92	17213.12	20424.25	1592.527	10434.03	2390.036	8347.264	19089.92	33315.95	4394.662	4282.918	4169.395	12446.77	14872.33	18102.73	81626.95	8394.95	19189.56	91362.38	92261.81	4394.662	4282.918	91362.38	92261.81
14.54	1187.189	1631463	6841.701	20670.92	19615.12	18021.25	1192.527	10935.03	2390.036	9748.264	25795.92	38022.95	2894.662	3882.918	4269.395	15448.77	15073.33	19703.73	76610.95	8294.95	14686.56	82832.38	83831.81	2894.662	3882.918	82832.38	83831.81
14.83	1287.189	1520776	5040.701	20170.92	16412.12	16820.25	1092.527	11035.03	2890.036	8447.264	21892.92	30812.95	1994.662	4782.918	5870.395	13247.77	13272.33	17001.73	76109.95	6994.95	18189.56	86344.38	80821.81	1994.662	4782.918	86344.38	80821.81
15.11	1587.189	1497847	5741.701	20871.92	18814.12	18322.25	-307.4733	13336.03	2490.036	10948.26	24894.92	35719.95	3994.662	3582.918	4469.395	12746.77	15773.33	14599.73	70492.95	6894.95	15087.56	86043.38	89953.81	3994.662	3582.918	86043.38	89953.81
15.4	1287.189	1548510	5941.701	20670.92	17913.12	19122.25	592.5267	13336.03	1790.036	8648.264	21291.92	39224.95	3294.662	4182.918	5370.395	14748.77	17074.33	16100.73	76008.95	6894.95	14586.56	84337.38	84835.81	3294.662	4182.918	84337.38	84835.81
15.68	1287.189	1516316	4740.701	18369.92	16212.12	20223.25	1292.527	13236.03	3991.036	8547.264	24494.92	38322.95	2394.662	4482.918	6670.395	15748.77	16373.33	16000.73	76510.95	8995.95	14386.56	81628.38	86741.81	2394.662	4482.918	81628.38	86741.81
15.97	987.1886	1549892	7341.701	16067.92	14211.12	18722.25	792.5267	11535.03	3090.036	10648.26	25595.92	33816.95	4694.662	5483.918	5370.395	15148.77	17774.33	15500.73	79820.95	8294.95	15487.56	86645.38	86139.81	4694.662	5483.918	86645.38	86139.81
16.25	1587.189	1586067	6041.701	23573.92	14511.12	21525.25	-7.473267	12335.03	1690.036	9948.264	25295.92	35218.95	3294.662	4782.918	5970.395	15348.77	14472.33	16400.73	81124.95	9895.95	15287.56	88150.38	88046.81	3294.662	4782.918	88150.38	88046.81
16.54	887.1886	1598633	8442.701	19169.92	16112.12	17921.25	692.5267	11635.03	1090.036	9548.264	20490.92	37121.95	2594.662	5683.918	5670.395	13447.77	14973.33	15400.73	72498.95	8795.95	15687.56	85039.38	84534.81	2594.662	5683.918	85039.38	84534.81
16.82	887.1886	1465928	5340.701	19369.92	15612.12	16920.25	192.5267	11935.03	1790.036	8147.263	22292.92	33015.95	3994.662	4482.918	5470.395	13247.77	11771.33	17801.73	79720.95	7894.95	16688.56	83835.38	79016.81	3994.662	4482.918	83835.38	79016.81
17.11	1287.189	1491693	3640.701	16167.92	13311.12	19423.25	-207.4733	11835.03	1590.036	7847.263	22792.92	37621.95	3694.662	4482.918	5470.395	12546.77	15973.33	17601.73	77914.95	7394.95	15487.56	92265.38	86240.81	3694.662	4482.918	92265.38	86240.81
17.39	487.1886	1525024	4040.701	18068.92	14711.12	17921.25	592.5267	11135.03	1590.036	9648.264	23593.92	34417.95	3194.662	4382.918	4569.395	13147.77	14272.33	15500.73	69088.95	7294.95	16287.56	82431.38	79216.81	3194.662	4382.918	82431.38	79216.81
17.68	1387.189	1511007	6941.701	19169.92	15012.12	17120.25	92.52673	12035.03	2090.036	9348.264	24094.92	35518.95	3994.662	3982.918	5270.395	13747.77	15273.33	16300.73	72598.95	7094.95	15487.56	89756.38	82427.81	3994.662	3982.918	89756.38	82427.81
17.96	1087.189	1545958	5641.701	16367.92	15712.12	19923.25	392.5267	12235.03	3090.036	9848.264	21191.92	31813.95	2494.662	4482.918	6270.395	11246.77	12071.33	15600.73	71395.95	8194.95	16888.56	75509.38	75705.81	2494.662	4482.918	75509.38	75705.81
18.25	987.1886	1462643	4440.701	18969.92	17113.12	20123.25	392.5267	11735.03	1690.036	9348.264	20590.92	34617.95	3194.662	4682.918	3669.395	13347.77	18075.33	20103.73	71595.95	9095.95	15487.56	83033.38	80019.81	3194.662	4682.918	83033.38	80019.81
18.53	987.1886	1553507	6441.701	18268.92	18814.12	19022.25	492.5267	9834.028	3691.036	8247.264	24794.92	31513.95	2894.662	5183.918	5470.395	13547.77	16473.33	19903.73	75908.95	8795.95	14886.56	86344.38	82627.81	2894.662	5183.918	86344.38	82627.81
18.82	587.1886	1539368	8442.701	21371.92	15312.12	20123.25	-107.4733	11835.03	1690.036	8147.263	22592.92	35318.95	3994.662	3682.918	5370.395	12846.77	14973.33	18502.73	79319.95	8895.95	18689.56	87147.38	78414.81	3994.662	3682.918	87147.38	78414.81
19.1	1187.189	1588942	4240.701	18469.92	15812.12	19122.25	692.5267	10935.03	1790.036	8748.264	21291.92	35719.95	3494.662	5683.918	5270.395	10645.77	15073.33	16200.73	81425.95	8594.95	17888.56	81628.38	82928.81	3494.662	5683.918	81628.38	82928.81
19.39	1687.189	1577657	3840.701	19770.92	16112.12	21224.25	292.5267	12736.03	2990.036	9048.264	27397.92	34717.95	3294.662	4482.918	6170.395	15148.77	13071.33	18402.73	73701.95	7194.95	15687.56	84237.38	83731.81	3294.662	4482.918	84237.38	83731.81
19.67	1187.189	1488087	5441.701	18669.92	16112.12	17421.25	592.5267	11335.03	1390.036	10248.26	21391.92	35819.95	3794.662	3882.918	5670.395	12446.77	16674.33	17201.73	71295.95	6094.95	15287.56	81829.38	80821.81	3794.662	3882.918	81829.38	80821.81
19.96	987.1886	1588942	7441.701	19269.92	17513.12	22025.25	92.52673	10835.03	2990.036	8147.263	24794.92	39624.95	2394.662	4782.918	6070.395	17149.77	14472.33	19202.73	87847.95	7694.95	18089.56	92466.38	96878.81	2394.662	4782.918	92466.38	96878.81
20.24	1087.189	1678008	6441.701	22672.92	16513.12	20524.25	992.5267	10034.03	2690.036	9348.264	26496.92	37822.95	2394.662	5583.918	5070.395	14447.77	14572.33	15000.73	76309.95	7594.95	16588.56	91061.38	89852.81	2394.662	5583.918	91061.38	89852.81
20.53	1487.189	1614723	4740.701	21671.92	19615.12	22826.25	692.5267	12235.03	2990.036	9448.264	24394.92	36119.95	4794.662	3182.918	4369.395	14347.77	15873.33	16000.73	74905.95	8294.95	15187.56	81126.38	80721.81	4794.662	3182.918	81126.38	80721.81
