ElapsedTime_s	Ti49_CPS	Al27_CPS	S33_CPS	Sc45_CPS	V51_CPS	Mn55_CPS	Fe57_CPS	Co59_CPS	Ni60_CPS	Ga71_CPS	Zr90_CPS	Nb93_CPS	Mo97_CPS	In113_CPS	Sn119_CPS	Sn118_CPS	Sb121_CPS	Hf177_CPS	Ta181_CPS	W183_CPS	Pb206_CPS	Th232_CPS	U238_CPS	Tc97_CPS	Cd113_CPS	U232_CPS	Pu238_CPS
0	14691.19	1546596	10944.7	241128.9	206860.1	230723.2	4593.527	143044	28708.04	109084.3	273571.9	444510.9	37823.66	49331.92	58638.39	163679.8	179108.3	200093.7	927485.9	97985.95	180532.6	1037381	1041129	37823.66	49331.92	1037381	1041129
0.2900004	13090.19	1553613	6541.701	232749.9	200609.1	223254.2	3893.527	133189	26005.04	106874.3	263564.9	421822.9	40226.66	39714.92	62447.39	152006.8	171555.3	203117.7	888506.9	91861.95	178014.6	1028943	1034461	40226.66	39714.92	1028943	1034461
0.5700002	14291.19	1588303	8742.701	239412.9	203634.1	235669.2	5093.527	140228	33114.04	107678.3	280446.9	428433.9	38724.66	46525.92	65254.39	155226.8	165313.3	199387.7	909854.9	100295	176201.6	1036547	1045610	38724.66	46525.92	1036547	1045610
0.8600001	14791.19	1511644	8442.701	227299.9	201113.1	221235.2	5893.527	126856	26806.04	104263.3	269932.9	416026.9	37923.66	41717.92	59540.39	158144.8	179813.3	200294.7	905604.9	93869.95	175999.6	1015822	1086500	37923.66	41717.92	1015822	1086500
1.14	10889.19	1583618	6041.701	244864.9	202626.1	214374.2	6393.527	142642	32213.04	106975.3	273166.9	447360.9	39325.66	48429.92	60543.39	152811.8	176791.3	194146.7	905293.9	95977.95	177913.6	1027485	1042171	39325.66	48429.92	1027485	1042171
1.43	12090.19	1517802	8142.701	232547.9	207364.1	220731.2	3293.527	139423	28308.04	110088.3	269426.9	432604.9	38624.66	45023.92	59340.39	155226.8	184547.3	197371.7	916490.9	98487.95	171972.6	1060001	1027898	38624.66	45023.92	1060001	1027898
1.71	11490.19	1871382	7542.701	233153.9	200609.1	224465.2	4493.527	141234	29309.04	110490.3	266697.9	440235.9	40927.66	55043.92	61745.39	154018.8	183036.3	207654.7	931738.9	100094	174187.6	1071683	1074602	40927.66	55043.92	1071683	1074602
2	14091.19	1605026	6741.701	234869.9	205348.1	230016.2	3693.527	137412	29209.04	108180.3	287425.9	428331.9	39425.66	48329.92	62146.39	162270.8	175281.3	197472.7	883121.9	90256.95	172777.6	995530.4	1040295	39425.66	48329.92	995530.4	1040295
2.28	13190.19	1491375	8542.701	224776.9	194663.1	212256.2	3993.527	134697	27607.04	103359.3	277008.9	411858.9	36521.66	45724.92	60543.39	150094.8	179007.3	195658.7	905500.9	92865.95	180532.6	1039569	1057182	36521.66	45724.92	1039569	1057182
2.57	13691.19	1582128	7842.701	235676.9	203634.1	237386.2	3993.527	145055	29009.04	115412.3	289650.9	451636.9	39726.66	47026.92	60242.39	162874.8	185353.3	203520.7	923957.9	95776.95	182848.6	1036860	1054158	39726.66	47026.92	1036860	1054158
2.85	15792.19	1547340	7742.701	232850.9	208574.1	234155.2	4093.527	139625	30310.04	116115.3	275896.9	449702.9	36821.66	46325.92	64252.39	159754.8	190390.3	209166.7	949176.9	96680.95	181035.6	1060418	1067820	36821.66	46325.92	1060418	1067820
3.14	13691.19	1544682	5541.701	235878.9	195267.1	224868.2	4293.527	133893	28608.04	114207.3	272257.9	442067.9	41629.66	48229.92	59640.39	168310.8	190894.3	200597.7	923335.9	97182.95	180532.6	1069284	1046132	41629.66	48229.92	1069284	1046132
3.42	14391.19	1573932	8342.701	237393.9	196174.1	232742.2	5093.527	139323	27607.04	103560.3	278323.9	423246.9	40827.66	44922.92	61545.39	155829.8	181626.3	204528.7	897209.9	95274.95	173985.6	1063338	1059581	40827.66	44922.92	1063338	1059581
3.71	14191.19	1563186	9042.701	236888.9	201315.1	222648.2	4493.527	126354	31111.04	108280.3	269628.9	431688.9	39325.66	48229.92	62146.39	158546.8	179611.3	202411.7	948346.9	93869.95	182244.6	1101331	1107700	39325.66	48229.92	1101331	1107700
3.99	13891.19	1618134	6341.701	246581.9	213617.1	233145.2	4193.527	141837	26806.04	111595.3	275896.9	437081.9	40627.66	48028.92	60944.39	156131.8	183741.3	209771.7	913898.9	94471.95	182345.6	1013532	1051031	40627.66	48028.92	1013532	1051031
4.28	13391.19	1481299	6041.701	232345.9	200710.1	220933.2	4993.527	131078	29509.04	110490.3	260634.9	427823.9	38223.66	49130.92	58438.39	150698.8	180719.3	203218.7	918253.9	89051.95	176302.6	1024673	1019775	38223.66	49130.92	1024673	1019775
4.56	14191.19	1539474	7241.701	233456.9	198694.1	223052.2	4093.527	135502	28608.04	109485.3	274784.9	446139.9	41829.66	53239.92	64653.39	158144.8	189987.3	203016.7	953018.9	98788.95	181438.6	1066571	1054784	41829.66	53239.92	1066571	1054784
4.85	15592.19	1608862	5340.701	245672.9	205045.1	228906.2	6193.527	139826	29109.04	111093.3	274177.9	454080.9	41328.66	47427.92	65856.4	158245.8	178604.3	208662.7	958938.9	96278.95	182244.6	1079092	1096001	41328.66	47427.92	1079092	1096001
5.13	16292.19	1580105	5641.701	242643.9	207566.1	236174.2	5593.527	136608	30410.04	108782.3	275391.9	430162.9	37422.66	46625.92	62046.39	159553.8	182431.3	205234.7	904982.9	92865.95	175899.6	1039048	1053637	37422.66	46625.92	1039048	1053637
5.42	11390.19	1500712	7742.701	232244.9	197585.1	220731.2	4093.527	137111	27207.04	107175.3	272863.9	429450.9	35619.66	47227.92	60543.39	154924.8	175885.3	202613.7	919497.9	92263.95	183151.6	1011762	1049676	35619.66	47227.92	1011762	1049676
5.7	11290.19	1556059	3840.701	240926.9	202323.1	225171.2	5193.527	137613	29509.04	115512.3	268011.9	433214.9	38924.66	47627.92	61745.39	155930.8	180215.3	202008.7	915038.9	91259.95	176100.6	1053849	1079820	38924.66	47627.92	1053849	1079820
5.99	13291.19	1508990	7141.701	230125.9	194763.1	222749.2	4393.527	136105	25705.04	110088.3	270437.9	421822.9	37222.66	45323.92	61044.39	153414.8	174374.3	189511.7	898971.9	93267.95	178215.6	1024673	1055722	37222.66	45323.92	1024673	1055722
6.27	12790.19	1509733	5641.701	235979.9	192143.1	233044.2	3893.527	133793	29509.04	111193.3	278626.9	406776.9	40126.66	45624.92	57335.39	156433.8	175985.3	199488.7	907470.9	98487.95	182043.6	1047802	1059685	40126.66	45624.92	1047802	1059685
6.56	15192.19	1542025	8142.701	230529.9	193252.1	231126.2	3693.527	143346	31612.04	106472.3	275087.9	416941.9	37522.66	44922.92	59039.39	155125.8	187368.3	203923.7	905604.9	93568.95	177913.6	1027797	1047070	37522.66	44922.92	1027797	1047070
6.84	12890.19	1515148	7041.701	227602.9	195469.1	220428.2	5493.527	131179	28208.04	107075.3	274986.9	439014.9	38424.66	50132.92	61244.39	150899.8	183137.3	214713.7	907470.9	89653.95	178114.6	1006663	1046132	38424.66	50132.92	1006663	1046132
7.12	10989.19	1534692	5340.701	235979.9	201416.1	211752.2	3493.527	136608	26306.04	107778.3	265686.9	434842.9	36320.66	47427.92	63049.39	149793.8	188275.3	206646.7	947930.9	101399	186576.6	1111361	1097359	36320.66	47427.92	1111361	1097359
7.41	14091.19	1689765	6441.701	262947.9	218761.1	242536.2	4693.527	149582	30410.04	112800.3	290966.9	444510.9	41128.66	48329.92	61846.39	159251.8	190189.3	216831.7	958835.9	98286.95	182244.6	1103629	1074915	41128.66	48329.92	1103629	1074915
7.7	12690.19	1586918	6441.701	247490.9	213818.1	240617.2	5393.527	145357	29209.04	115111.3	295114.9	463348.9	44233.66	48128.92	61445.39	171935.8	196034.3	218445.7	929663.9	94973.95	179424.6	1082014	1097777	44233.66	48128.92	1082014	1097777
7.98	13190.19	1588835	7542.701	231639.9	205448.1	221841.2	3893.527	132285	26606.04	104665.3	275188.9	424466.9	41328.66	47828.92	62046.39	148585.8	170850.3	197573.7	891407.9	92263.95	169152.6	1019987	1038316	41328.66	47828.92	1019987	1038316
8.27	15592.19	1506974	6041.701	225382.9	193554.1	222648.2	4293.527	132486	26706.04	105167.3	272863.9	406877.9	43832.66	48028.92	62146.39	148082.8	176690.3	211284.7	911409.9	93267.95	181841.6	1048011	1077106	43832.66	48028.92	1048011	1077106
8.55	13491.19	1563505	5641.701	241027.9	205247.1	237689.2	5293.527	144754	26706.04	115814.3	285503.9	452756.9	38023.66	50433.92	68062.4	179689.8	205207.3	219353.7	997920.9	94672.95	185367.6	1125680	1133625	38023.66	50433.92	1125680	1133625
8.84	13090.19	1647894	7642.701	247692.9	213818.1	222143.2	4793.527	139725	27307.04	115914.3	284795.9	463449.9	39325.66	48830.92	61545.39	160761.8	190894.3	214713.7	970471.9	103910	191815.6	1094751	1147120	39325.66	48830.92	1094751	1147120
9.12	13791.19	1602042	6341.701	252440.9	205448.1	235871.2	3593.527	140127	32413.04	111193.3	274076.9	427518.9	37322.66	45924.92	60643.39	152106.8	177698.3	200697.7	907781.9	91962.95	179222.6	1039465	1045923	37322.66	45924.92	1039465	1045923
9.41	12990.19	1519077	9243.701	224978.9	204239.1	224969.2	4193.527	137010	28909.04	104062.3	285301.9	446241.9	42330.66	44622.92	59741.39	153113.8	190390.3	202008.7	921364.9	95174.95	185468.6	1073770	1133416	42330.66	44622.92	1073770	1133416
9.69	15492.19	1620586	7141.701	252238.9	212507.1	250011.2	5693.527	150085	33114.04	112599.3	299769.9	457338.9	40827.66	49130.92	64252.39	172539.8	192305.3	216125.7	945439.9	99792.95	191815.6	1098615	1101537	40827.66	49130.92	1098615	1101537
9.97	13491.19	1582447	6441.701	226895.9	205146.1	228502.2	4793.527	142139	28408.04	111293.3	285301.9	469562.9	39525.66	49832.92	66758.4	169720.8	200469.3	219151.7	1017799	107726	194133.6	1145553	1186705	39525.66	49832.92	1145553	1186705
10.26	12090.19	1672880	8742.701	250621.9	218458.1	242738.2	5493.527	154210	30811.04	110189.3	286919.9	457542.9	39525.66	49531.92	61846.39	157741.8	194220.3	204226.7	961120.9	100094	197560.6	1133628	1153294	39525.66	49531.92	1133628	1153294
10.54	15192.19	1664762	8442.701	249106.9	220677.1	240011.2	5693.527	147671	28408.04	119029.3	286818.9	465487.9	44834.66	50733.92	60442.39	171129.8	192406.3	206242.7	928003.9	94371.95	173180.6	1054057	1057391	44834.66	50733.92	1054057	1057391
10.83	14591.19	1552444	7542.701	237393.9	201013.1	225070.2	5293.527	133592	28708.04	106573.3	263463.9	437081.9	35119.66	45924.92	62146.39	156634.8	181726.3	209771.7	903220.9	98185.95	174086.6	1047698	1054158	35119.66	45924.92	1047698	1054158
11.11	13190.19	1532673	5441.701	231235.9	196477.1	218814.2	4693.527	132687	29409.04	109988.3	274279.9	444307.9	42230.66	50633.92	65154.39	165894.8	182431.3	209872.7	958419.9	98888.95	188389.6	1084206	1143248	42230.66	50633.92	1084206	1143248
11.4	15292.19	1593734	8342.701	245975.9	216441.1	241021.2	3893.527	146162	30410.04	118828.3	309081.9	472517.9	43031.66	52838.92	71873.4	167203.8	196034.3	219454.7	1016758	108830	199273.6	1144088	1171408	43031.66	52838.92	1144088	1171408
11.69	15392.19	1645546	7041.701	248500.9	208473.1	235064.2	4993.527	142139	27207.04	114407.3	280143.9	447258.9	43432.66	46125.92	60743.39	156534.8	181122.3	206242.7	938380.9	100897	186878.6	1084624	1060206	43432.66	46125.92	1084624	1060206
11.97	11890.19	1572868	8742.701	246076.9	198493.1	223354.2	4993.527	135803	25905.04	105970.3	288538.9	466505.9	40427.66	45924.92	65756.4	180193.8	205610.3	231058.7	1044987	103608	200886.6	1185555	1191107	40427.66	45924.92	1185555	1191107
12.25	18194.19	1663908	7341.701	255268.9	210289.1	248395.2	5293.527	146262	30811.04	113102.3	292686.9	455607.9	44233.66	53138.92	65956.4	170223.8	199662.3	220564.7	980865.9	103508	188692.6	1129549	1164077	44233.66	53138.92	1129549	1164077
12.54	12590.19	1705912	5140.701	244965.9	223502.1	234357.2	3793.527	145760	31111.04	113805.3	294406.9	452145.9	45535.66	49531.92	65856.4	167102.8	184748.3	223691.7	953538.9	101198	186777.6	1096422	1136972	45535.66	49531.92	1096422	1136972
12.82	14291.19	1584363	6841.701	240320.9	215331.1	214576.2	4393.527	146665	31512.04	112499.3	295215.9	436572.9	39125.66	48830.92	69265.4	161465.8	184648.3	214915.7	995216.9	100998	194637.6	1112405	1148376	39125.66	48830.92	1112405	1148376
13.11	14691.19	1627517	7141.701	242239.9	206961.1	232742.2	4593.527	137312	28108.04	103761.3	271953.9	437895.9	38223.66	48028.92	62547.39	161566.8	180518.3	204932.7	915349.9	92664.95	171468.6	1042278	1036961	38223.66	48028.92	1042278	1036961
13.39	13491.19	1556272	6541.701	231942.9	200912.1	227190.2	4593.527	144754	27106.04	115211.3	287830.9	453367.9	42630.66	49832.92	63349.39	161566.8	192507.3	205436.7	995424.9	97985.95	198064.6	1131222	1095584	42630.66	49832.92	1131222	1095584
13.68	13190.19	1629117	6241.701	241835.9	203936.1	238699.2	4693.527	139021	30110.04	111796.3	291977.9	426399.9	36320.66	45323.92	61745.39	160157.8	182633.3	214511.7	926551.9	96077.95	179625.6	1057915	1071576	36320.66	45323.92	1057915	1071576
13.96	11890.19	1545427	4940.701	236282.9	205045.1	221134.2	5793.527	132888	25405.04	105669.3	264171.9	413179.9	41128.66	47327.92	56734.39	146674.8	178705.3	201101.7	882499.9	91761.95	174388.6	995738.4	1040295	41128.66	47327.92	995738.4	1040295
14.25	12390.19	1479921	5641.701	212065.9	189020.1	200658.2	3793.527	128565	24103.04	98339.27	264272.9	397529.9	34518.66	43320.92	55731.39	149692.8	173569.3	195859.7	879082.9	86141.95	173079.6	1005310	1010094	34518.66	43320.92	1005310	1010094
14.53	11890.19	1472711	5641.701	214284.9	195570.1	210945.2	5193.527	129168	26406.04	99343.27	259522.9	413789.9	36320.66	45323.92	64452.39	158848.8	176590.3	199891.7	920120.9	95676.95	181841.6	1054683	1075124	36320.66	45323.92	1054683	1075124
14.82	15492.19	1568505	8142.701	243148.9	214726.1	224465.2	5493.527	149783	27807.04	117220.3	280042.9	451229.9	40927.66	49431.92	61144.39	165189.8	180820.3	203117.7	911098.9	91560.95	174489.6	1004373	999895.8	40927.66	49431.92	1004373	999895.8
15.1	11390.19	1438812	8142.701	220337.9	195670.1	208927.2	4093.527	126957	22502.04	100648.3	250531.9	399256.9	32715.66	43620.92	57936.39	145266.8	164004.3	191828.7	839558.9	88550.95	160999.6	973175.4	979408.8	32715.66	43620.92	973175.4	979408.8
15.39	10589.19	1406438	3840.701	209948.9	182471.1	204692.2	4193.527	125751	25805.04	103159.3	256289.9	401491.9	38123.66	43520.92	56533.39	153414.8	171353.3	193239.7	882810.9	93066.95	172374.6	989705.4	1036753	38123.66	43520.92	989705.4	1036753
15.67	13391.19	1451625	5741.701	232345.9	192546.1	218914.2	5093.527	130877	27307.04	100046.3	268921.9	428535.9	36721.66	45924.92	65355.39	148082.8	180417.3	192534.7	869868.9	88650.95	170864.6	984298.4	1033002	36721.66	45924.92	984298.4	1033002
15.96	12090.19	1447495	7341.701	227299.9	198694.1	220125.2	2092.527	127761	26906.04	104464.3	269123.9	430874.9	35019.66	46726.92	55832.39	150597.8	184849.3	190619.7	895655.9	93367.95	179424.6	1019466	1037795	35019.66	46726.92	1019466	1037795
16.24	13090.19	1507823	6641.701	229923.9	207364.1	208423.2	5793.527	131782	27407.04	103560.3	259017.9	423347.9	32916.66	44021.92	58538.39	153314.8	172662.3	200899.7	905604.9	90356.95	191311.6	1053744	1050510	32916.66	44021.92	1053744	1050510
16.53	11890.19	1498059	5841.701	237897.9	194562.1	227291.2	5293.527	146061	29109.04	115312.3	275593.9	447666.9	39525.66	49731.92	66558.4	170525.8	189987.3	213503.7	955615.9	99390.95	182244.6	1116586	1118987	39525.66	49731.92	1116586	1118987
16.81	13591.19	1584470	5541.701	245672.9	205650.1	232035.2	5493.527	142340	29109.04	106874.3	283683.9	435555.9	41428.66	42418.92	58438.39	167907.8	177496.3	203823.7	944504.9	96278.95	185367.6	1089113	1093391	41428.66	42418.92	1089113	1093391
17.1	14591.19	1578615	7241.701	239917.9	210894.1	222951.2	4293.527	147973	30410.04	106372.3	271448.9	428433.9	37823.66	43119.92	60843.39	155427.8	178906.3	199992.7	900111.9	89754.95	180935.6	1032693	1087126	37823.66	43119.92	1032693	1087126
17.38	13691.19	1530655	7542.701	235979.9	199501.1	225171.2	4193.527	134195	30110.04	112298.3	284289.9	451331.9	40527.66	51134.92	61144.39	159251.8	180618.3	209469.7	976083.9	98788.95	190304.6	1096631	1108432	40527.66	51134.92	1096631	1108432
